2014   2 28  5 39 28 369933  -22.89979  -46.98861     2643   4.7  0  0  5  9 0 0 1 1 0 0 0 0 0 1 1 1 0 0
2014   2 28  5 39 30 234436  -20.35927  -49.75806     2906   2.2  0  0  4  6 0 0 1 1 0 0 0 0 0 1 1 0 0 0
2014   2 28  5 39 31 497999  -16.01414  -51.30006     2831  19.3  0  0  5 10 0 0 1 1 0 0 0 0 0 1 1 1 0 0
2014   2 28  5 39 32 873899  -15.52709  -51.30620     5853  11.8  0  0  4  6 0 0 1 1 0 0 0 0 0 1 1 0 0 0
2014   2 28  5 39 36 396018  -20.39892  -49.40475     3009  13.0  0  0  5  8 0 0 1 1 0 0 0 0 0 1 1 1 0 0
2014   2 28  5 39 44 286946  -12.18922  -73.05011     2594  15.2  0  0  7 21 0 0 1 1 1 0 0 1 0 1 0 1 0 1
2014   2 28  5 39 44 350476  -12.22302  -73.18295     3293   2.4  0  0  5  9 0 0 0 1 1 0 0 1 0 0 1 1 0 0
2014   2 28  5 39 45 182602  -33.73762  -38.71122     2925   9.6  0  0  6 15 0 0 1 1 1 0 0 1 0 0 1 0 0 1
2014   2 28  5 39 45 285429  -29.55055 -136.83849     7244  19.4  0  0  7 21 0 0 1 1 1 0 0 1 0 0 1 1 0 1
2014   2 28  5 39 45 307392  -21.98549 -140.98825     5641  13.6  0  0  7 21 0 0 1 1 1 0 0 1 0 0 1 1 0 1
2014   2 28  5 39 45 323590  -29.52805 -134.60469     7193  11.6  0  0  6 15 0 0 1 1 1 0 0 0 0 0 1 1 0 1
2014   2 28  5 39 45 453688  -29.54897 -134.65692     6291  19.0  0  0  7 21 0 0 1 1 0 0 0 1 0 1 1 1 0 1
2014   2 28  5 39 45 552109  -12.25750  -73.35288     3139  12.2  0  0  6 15 0 0 0 1 1 0 0 1 0 0 1 1 0 1
2014   2 28  5 39 45 558535  -29.53400 -134.87749     6020  14.9  0  0  7 21 0 0 1 1 1 0 0 1 0 0 1 1 0 1
2014   2 28  5 39 45 604102  -28.79727  -42.61536    11459  15.8  0  0  5  8 0 0 0 1 1 0 0 1 0 0 0 1 0 1
2014   2 28  5 39 45 622288  -28.65833  -42.61583     2665   7.6  0  0  6 15 0 0 1 1 1 0 0 1 0 0 1 0 0 1
2014   2 28  5 39 45 651858  -28.65417  -42.63690     2534  10.8  0  0  7 21 0 0 1 1 1 0 0 1 0 1 1 0 0 1
2014   2 28  5 39 46 831059  -12.30335  -73.09449     4395  19.6  0  0  5 10 0 0 0 0 1 0 0 1 0 0 1 1 0 1
2014   2 28  5 39 47 640309  -16.10190  -51.13935     2868  24.3  0  0  6 15 0 0 1 1 1 0 0 1 0 0 1 0 0 1
2014   2 28  5 39 47 923224    2.87162  -67.90842     6054  29.3  0  0  5  9 0 0 0 1 1 0 0 0 0 0 1 1 0 1
2014   2 28  5 39 47 985030  -33.24866  -39.64920     4927  12.7  0  0  5 10 0 0 0 1 1 0 0 1 0 0 1 0 0 1
2014   2 28  5 39 48  26432   -6.12011  -74.28064     3906  38.2  0  0  6 15 0 0 1 0 1 0 0 1 0 1 0 1 0 1
2014   2 28  5 39 48 131978  -23.50125  -46.46055     3106   7.1  0  0  4  6 0 0 1 0 0 0 0 1 0 0 1 0 0 1
2014   2 28  5 39 48 268291  -23.72335  -45.78241     4242  43.1  1  0  5 10 0 0 0 1 1 0 0 1 0 0 1 0 0 1
2014   2 28  5 39 48 523931    7.48968  -74.29270     6093  31.2  1  0  5  8 0 0 0 1 0 0 0 1 0 0 1 1 0 1
2014   2 28  5 39 49   4805    7.52892  -74.27757     6194  35.8  1  0  5 10 0 0 0 1 1 0 0 1 0 0 1 1 0 0
2014   2 28  5 39 49  53706  -10.09274    7.49304    14071  24.1  0  0  5  7 0 0 1 1 0 0 0 0 0 0 1 1 0 1
2014   2 28  5 39 49 352966    7.49879  -74.28017     5284  43.5  0  0  7 21 0 0 0 1 1 0 0 1 0 1 1 1 0 1
2014   2 28  5 39 51 305357  -21.98064 -142.12398     9806  41.4  0  0  7 20 0 0 1 0 1 0 0 1 0 1 1 1 0 1
2014   2 28  5 39 51 741172  -21.60265 -143.61406    27049  50.7  2  0  5 10 0 0 0 1 0 0 0 1 0 0 1 1 0 1
2014   2 28  5 39 51 803682   -6.07741  -74.29362     4159  57.6  1  0  7 21 0 0 1 0 1 0 0 1 0 1 1 1 0 1
2014   2 28  5 39 52 295101  -23.48648  -46.58146     5146  46.8  1  0  5 10 0 0 1 1 1 0 0 1 0 0 1 0 0 0
2014   2 28  5 39 52 690848  -16.03808  -51.40021     2986   7.4  0  0  4  6 0 0 1 1 0 0 0 1 0 0 1 0 0 0
2014   2 28  5 39 52 937412  -32.54741  -40.41804     6581  41.8  1  0  6 15 0 0 0 1 1 0 0 1 0 0 1 1 0 1
2014   2 28  5 39 52 947363  -32.76854  -40.20238     4987  15.3  0  0  5 10 0 0 0 1 1 0 0 1 0 0 1 0 0 1
2014   2 28  5 39 52 999147  -16.05957  -51.46459     3751  66.0  2  0  6 14 0 0 0 1 1 0 0 1 0 1 1 1 0 0
2014   2 28  5 39 53  11521  -33.54103  -39.53354     6061  56.1  1  0  6 14 0 0 1 1 1 0 0 1 0 0 1 0 0 1
2014   2 28  5 39 53  25952  -33.62992  -39.15525     7415  44.7  1  0  5 10 0 0 1 0 1 0 0 1 0 0 1 0 0 1
2014   2 28  5 39 53  33473  -32.75799  -40.24368     5050  16.1  0  0  5 10 0 0 0 1 1 0 0 1 0 0 1 0 0 1
2014   2 28  5 39 53 336474  -28.17484  -43.08364     3712  17.2  0  0  5 10 0 0 0 1 1 0 0 1 0 0 1 0 0 1
2014   2 28  5 39 53 473825  -28.43321  -42.86552     5407  51.8  2  0  5 10 0 0 1 1 1 0 0 0 0 0 1 0 0 1
2014   2 28  5 39 55 267594    6.85955  -77.03192     7572  93.2  2  0  7 19 0 0 1 1 1 0 0 1 0 0 1 1 0 1
2014   2 28  5 39 56 350709  -20.45000  -46.86372     4031  61.2  2  0  6 14 0 0 1 0 1 0 0 0 0 1 1 1 0 1
2014   2 28  5 39 56 404173  -20.68542  -47.19907     4361  86.4  2  0  6 15 0 0 1 1 1 0 0 1 0 1 1 0 0 0
2014   2 28  5 39 56 439018  -20.49808  -47.38239     3093  53.0  1  0  7 20 0 0 1 1 1 0 0 1 0 1 1 1 0 0
2014   2 28  5 39 56 479072  -20.77478  -47.11755     4575  92.6  2  0  6 13 0 0 0 1 1 0 0 1 0 1 1 0 0 1
2014   2 28  5 39 56 532324  -20.79643  -46.92296     4339  79.7  2  0  6 15 0 0 1 1 1 0 0 1 0 0 1 0 0 1
2014   2 28  5 39 57 535344   -1.18692  -71.71049     6740  36.6  1  0  5  8 0 0 1 0 1 0 0 0 0 0 1 1 0 1
2014   2 28  5 39 57 962507    4.37812  -83.34681     9554 136.2  2  0  7 21 0 0 1 1 1 0 0 1 0 1 1 1 0 0
2014   2 28  5 40  0  52881    2.10364    4.70469     8130  29.0  0  0  7 19 0 0 1 1 1 0 0 1 0 0 1 1 0 1
2014   2 28  5 40  1 524359    7.44327  -74.13486     4198   3.5  0  0  5  8 0 0 0 1 0 0 0 1 0 0 1 1 0 1
2014   2 28  5 40  1 667465    7.19639  -73.63643    13704  19.4  0  0  5  9 0 0 0 1 1 0 0 1 0 0 1 0 0 1
2014   2 28  5 40  2 105520  -21.70176  -46.40623     2587  19.2  0  0  6 15 0 0 1 1 1 0 0 1 0 0 1 0 0 1
2014   2 28  5 40  3  36469  -15.98425  -51.15626     2610  26.9  0  0  7 21 0 0 1 1 1 0 0 1 0 1 1 0 0 1
2014   2 28  5 40  3  97471  -15.97486  -51.14613     2632  28.1  0  0  7 21 0 0 1 1 1 0 0 1 0 1 1 0 0 1
2014   2 28  5 40  3 156781   -4.59576  -71.35902     3502  30.2  0  0  7 21 0 0 0 1 1 0 0 1 0 1 1 1 0 1
2014   2 28  5 40  3 341303   -4.55737  -71.17517     3452  30.4  0  0  6 15 0 0 1 0 0 0 0 1 0 1 1 1 0 1
2014   2 28  5 40  3 381052   -4.57501  -71.35218     3775  29.5  0  0  6 15 0 0 0 1 1 0 0 1 0 0 1 1 0 1
2014   2 28  5 40  3 431889   -4.54793  -71.23578     3477  35.1  0  0  6 15 0 0 1 1 1 0 0 1 0 0 1 1 0 0
2014   2 28  5 40  3 468198  -13.24718  -71.17849     9113  34.0  1  0  5  9 0 0 0 1 1 0 0 1 0 0 1 0 0 1
2014   2 28  5 40  3 812475  -14.07820  -43.42638     5460  22.1  0  0  5 10 0 0 1 0 1 0 0 1 0 0 1 0 0 1
2014   2 28  5 40  4 471013  -22.98930  -47.78341     3442   9.3  0  0  4  6 0 0 1 0 0 0 0 1 0 1 1 0 0 0
2014   2 28  5 40  4 492153  -23.12348  -47.45566     3163  32.8  0  0  6 12 0 0 1 1 1 0 0 1 0 0 1 0 0 1
2014   2 28  5 40  4 702423  -13.26634  157.28047    10065  19.8  0  0  4  6 0 0 1 1 0 0 0 1 0 0 0 1 0 0
2014   2 28  5 40  5 145023   35.61442 -103.07069    98529  59.6  2  0  5  8 0 0 0 1 1 0 0 0 0 0 1 1 0 1
2014   2 28  5 40  5 238896  -22.14216 -141.77643    29204  18.8  0  0  4  6 0 0 1 1 0 0 0 1 0 0 1 0 0 0
2014   2 28  5 40  6 199543  -16.51224  -50.95647     3121  51.2  1  0  7 21 0 0 1 0 1 0 0 1 0 1 1 1 0 1
2014   2 28  5 40  6 500848  -28.45241  -42.74835     3969  36.3  0  0  6 15 0 0 1 1 1 0 0 1 0 0 1 0 0 1
2014   2 28  5 40  7 293374  -22.51059  -47.55843     3353  70.2  2  0  7 21 0 0 1 1 0 0 0 1 0 1 1 1 0 1
2014   2 28  5 40  7 304503  -22.83443  -47.23208     2858   9.9  0  0  5  9 0 0 1 1 1 0 0 0 0 0 1 0 0 1
2014   2 28  5 40  8  90450  -24.20021  -45.93927     3419  55.8  1  0  7 21 0 0 0 1 1 0 0 1 0 1 1 1 0 1
2014   2 28  5 40  8 124262  -24.24429  -45.88096     4956  61.2  2  0  5 10 0 0 0 1 1 0 0 1 0 0 1 0 0 1
2014   2 28  5 40  9 445218   -6.10662  -74.86560     6494  77.9  2  0  7 21 0 0 0 1 1 0 0 1 0 1 1 1 0 1
2014   2 28  5 40  9 827200   -6.53011  -76.58894     6871  20.0  0  0  5 10 0 0 0 1 1 0 0 0 0 1 0 1 0 1
2014   2 28  5 40  9 865147  -20.69619  -47.06540     6072 105.9  2  0  6 13 0 0 1 1 1 0 0 0 0 0 1 1 0 1
2014   2 28  5 40 11 262244    1.76225  153.54846     6461   2.9  0  0  4  6 0 0 1 0 0 0 0 1 0 0 1 1 0 0
2014   2 28  5 40 11 867773  -16.67774  -50.89940     3718  41.0  1  0  5  9 0 0 1 1 1 0 0 0 0 0 1 1 0 0
2014   2 28  5 40 11 935656  -16.06679  -51.44704     4035  97.5  2  0  7 21 0 0 1 1 1 0 0 1 0 1 1 1 0 0
2014   2 28  5 40 11 978119  -15.94829  -51.11919     3911  60.6  2  0  6 15 0 0 1 0 1 0 0 0 0 1 1 1 0 1
2014   2 28  5 40 12 100316  -16.03824  -51.22813     3645  85.2  2  0  7 21 0 0 0 1 1 0 0 1 0 1 1 1 0 1
2014   2 28  5 40 12 389077  -16.16691  -51.28131     3960  90.9  2  0  7 21 0 0 1 1 1 0 0 1 0 1 1 0 0 1
2014   2 28  5 40 13 248636   -8.99150  -76.37231     6483 127.4  2  0  7 20 0 0 1 1 1 0 0 1 0 1 0 1 0 1
2014   2 28  5 40 14 982831  -15.81309  -51.06242     4349 106.1  2  0  7 21 0 0 1 0 1 0 0 1 0 1 1 1 0 1
2014   2 28  5 40 15  29601  -15.93094  -50.65850     5229  43.3  1  0  5  8 0 0 1 0 1 0 0 1 0 0 1 0 0 1
2014   2 28  5 40 17 133870  -20.87268  -50.92219     3936  38.4  0  0  6 12 0 0 1 1 1 0 0 1 0 0 1 0 0 1
2014   2 28  5 40 17 402384   -5.76550    8.20727    22295  24.5  0  0  6 11 0 0 1 1 1 0 0 1 0 0 1 0 0 1
2014   2 28  5 40 17 429487   -7.46426    5.47195    16796  20.5  0  0  5  7 0 0 1 1 1 0 0 1 0 0 1 0 0 0
2014   2 28  5 40 17 956594  -24.63005 -115.19614     6079  24.4  0  0  6 15 0 0 1 1 1 0 0 1 0 0 0 1 0 1
2014   2 28  5 40 19 230885    2.05317  -66.41277     4610  25.0  0  0  5  8 0 0 0 1 0 0 0 1 0 0 1 1 0 1
2014   2 28  5 40 19 252309  -12.41751  -73.21553     4525  36.1  0  0  6 15 0 0 0 1 1 0 0 1 0 0 1 1 0 1
2014   2 28  5 40 19 370881   -6.10965  -74.46387     5629  32.4  1  0  5 10 0 0 0 0 1 0 0 1 0 0 1 1 0 1
2014   2 28  5 40 19 574682    4.49020  -72.52281     4110  34.3  0  0  7 21 0 0 0 1 1 0 0 1 0 1 1 1 0 1
2014   2 28  5 40 19 861272   -6.10134  -74.56964     4686  37.8  0  0  6 15 0 0 0 1 1 0 0 1 0 0 1 1 0 1
2014   2 28  5 40 20 264352  -20.74260  -46.93317     3025  34.3  0  0  6 15 0 0 1 1 1 0 0 1 0 0 1 0 0 1
2014   2 28  5 40 20 442946  -20.71380  -46.97765     4632  37.4  1  0  5  9 0 0 1 1 1 0 0 1 0 0 1 0 0 0
2014   2 28  5 40 20 480501  -20.74144  -47.01569     4051  32.3  1  0  5  8 0 0 1 1 1 0 0 1 0 0 0 0 0 1
2014   2 28  5 40 20 995451  -20.70785  -47.08400     3091  57.9  1  0  7 20 0 0 0 1 1 0 0 1 0 1 1 1 0 1
2014   2 28  5 40 21  52547  -20.74968  -47.02702     4210  43.6  1  0  5  7 0 0 0 1 1 0 0 1 0 1 1 0 0 0
2014   2 28  5 40 21 358407    7.52082  -74.65034    10502  51.5  2  0  5  8 0 0 0 1 1 0 0 1 0 0 1 1 0 0
2014   2 28  5 40 21 365828    7.51245  -74.63552    10087  48.9  1  0  5  8 0 0 0 1 1 0 0 1 0 0 1 1 0 0
2014   2 28  5 40 21 366981   39.56015 -136.32945    19049  70.5  2  0  7 21 0 0 1 1 1 0 0 1 0 0 1 1 0 1
2014   2 28  5 40 21 399823   -5.54385  149.00119     7051  13.5  0  0  4  6 0 0 1 0 0 0 0 1 0 0 1 1 0 0
2014   2 28  5 40 21 607987   -9.00096  -76.25908     4057  54.7  1  0  7 21 0 0 1 0 1 0 0 0 0 1 1 1 1 1
2014   2 28  5 40 21 668037   -8.95436  -76.25113     4659  37.3  0  0  6 12 0 0 1 0 1 0 0 1 0 0 1 1 0 1
2014   2 28  5 40 21 875618  -15.95694  -51.14142     4294  48.7  1  0  5 10 0 0 1 1 1 0 0 1 0 0 1 0 0 0
2014   2 28  5 40 22 112003  -33.47374  -39.47007     4842  60.1  1  0  7 21 0 0 1 1 1 0 0 0 0 1 1 1 0 1
2014   2 28  5 40 22 144887  -33.52321  -39.46762     4164  45.2  0  0  7 21 0 0 1 1 1 0 0 1 0 1 1 0 0 1
2014   2 28  5 40 22 184844  -33.43853  -39.83213     3601  10.8  0  0  5 10 0 0 1 1 1 0 0 1 0 0 0 0 0 1
2014   2 28  5 40 22 202119  -33.47276  -39.73061     2954  14.0  0  0  7 20 0 0 1 1 1 0 0 1 0 1 0 1 0 1
2014   2 28  5 40 22 287481  -33.49368  -39.49976     4188  45.9  0  0  7 21 0 0 1 1 1 0 0 1 0 1 1 0 0 1
2014   2 28  5 40 22 341901  -13.68571  159.54527     8385   6.8  0  0  4  6 0 0 1 1 0 0 0 1 0 0 0 1 0 0
2014   2 28  5 40 22 382556  -44.98250 -127.66721    42595  70.6  2  0  5 10 0 0 0 0 1 0 0 1 0 0 1 1 0 1
2014   2 28  5 40 22 448589  -14.81441  162.08583    83785  55.8  2  0  5 10 0 0 1 1 1 0 0 0 0 0 1 1 0 0
2014   2 28  5 40 22 461973  -13.61558  159.17664    13702  51.1  2  0  5 10 0 0 0 1 1 0 0 1 0 0 1 1 0 0
2014   2 28  5 40 22 536932   26.01972  -81.76346    18232  44.4  1  0  5  9 0 0 1 0 1 0 0 0 0 0 1 1 0 1
2014   2 28  5 40 23 191165   -4.16968  -70.97749     3926  62.3  1  0  7 21 0 0 1 1 1 0 0 1 0 0 1 1 0 1
2014   2 28  5 40 23 622868  -16.13914  -51.29742     3615  58.4  1  0  6 15 0 0 1 1 1 0 0 1 0 1 0 0 0 1
2014   2 28  5 40 23 696790  -15.96026  -51.37568     3481  73.8  2  0  7 21 0 0 1 1 1 0 0 0 0 1 1 1 0 1
2014   2 28  5 40 23 748881  -16.09389  -51.20131     3958  61.0  2  0  6 15 0 0 1 1 1 0 0 1 0 0 1 0 0 1
2014   2 28  5 40 24 844156   -4.84105  -71.97784     4610  13.2  0  0  4  6 0 0 0 0 0 0 0 1 0 1 0 1 0 1
2014   2 28  5 40 25 281973  -15.05994  162.87567    96676  75.3  2  0  5 10 0 0 1 1 1 0 0 0 0 0 1 1 0 0
2014   2 28  5 40 25 414620  -27.93738 -135.57797    18911  79.8  2  0  7 20 0 0 1 1 1 0 0 1 0 0 1 1 0 1
2014   2 28  5 40 25 456230  -28.56988 -133.39975    41344  80.7  2  0  6 15 0 0 1 1 1 0 0 1 0 0 1 0 0 1
2014   2 28  5 40 25 521574  -21.70756  -46.47665     3612  82.3  2  0  7 20 0 0 1 1 1 0 0 1 0 1 1 0 0 1
2014   2 28  5 40 25 608366  -21.26871  -46.27440     3950  15.3  0  0  4  6 0 0 1 0 0 0 0 0 0 1 1 0 0 1
2014   2 28  5 40 25 936033  -21.71290  -46.47895     3641  84.0  2  0  7 20 0 0 1 1 1 0 0 1 0 1 1 0 0 1
2014   2 28  5 40 25 969252    3.45470  -82.13860    13654  51.9  2  0  5  9 0 0 1 0 1 0 0 1 0 0 1 0 0 1
2014   2 28  5 40 27 636779    6.29293  -77.70182    11664  98.1  2  0  6 15 0 0 0 1 1 0 0 1 0 0 1 1 0 1
2014   2 28  5 40 27 795990    6.18967  -77.79468    11826  99.8  2  0  6 15 0 0 0 1 1 0 0 1 0 0 1 1 0 1
2014   2 28  5 40 28 618950  -22.03485  -46.55157     4151  66.9  2  0  6 12 0 0 1 1 1 0 0 1 0 1 0 1 0 0
2014   2 28  5 40 28 694095  -22.33822  -45.81542     4543  94.7  2  0  6 15 0 0 1 1 1 0 0 1 0 0 1 0 0 1
2014   2 28  5 40 28 819712    6.29691  -77.71577    12623 107.9  2  0  6 15 0 0 0 1 1 0 0 1 0 0 1 1 0 1
2014   2 28  5 40 28 906024    7.41090  -75.25484    13153 112.7  2  0  6 13 0 0 0 1 1 0 0 1 0 0 1 1 0 1
2014   2 28  5 40 28 949989    6.48936  -81.10970     7673  12.4  0  0  5  9 0 0 0 1 1 0 0 0 0 1 0 1 0 1
2014   2 28  5 40 29 650325   -4.22717  -71.89489     5561 113.8  2  0  7 21 0 0 1 1 1 0 0 1 0 0 1 1 0 1
2014   2 28  5 40 29 658350   -4.29908  -71.56337     5710 108.0  2  0  7 21 0 0 1 0 1 0 0 1 0 1 1 1 0 1
2014   2 28  5 40 30 230353    3.82879   32.37567    18896  31.1  1  0  5  7 0 0 1 0 1 0 0 0 0 0 1 1 0 1
2014   2 28  5 40 30 344527  -13.55712  158.78751    19633  65.6  2  0  5  9 0 0 0 0 1 0 0 1 0 1 0 1 0 1
2014   2 28  5 40 30 610174  -33.53077  -40.93792     8892 105.0  2  0  6 15 0 0 1 1 1 0 0 1 0 0 1 0 0 1
2014   2 28  5 40 30 733101  -20.46547  -47.46852     6479  50.7  2  0  5  7 0 0 1 1 0 0 0 1 0 0 1 1 0 0
2014   2 28  5 40 30 791321  -20.80314  -47.17826     4663 111.4  2  0  6 15 0 0 1 1 1 0 0 1 0 1 0 0 0 1
2014   2 28  5 40 30 884670  -20.51356  -47.05370     4916 119.1  2  0  7 19 0 0 1 0 1 0 0 1 0 1 1 1 0 1
2014   2 28  5 40 31 415905  -20.75697  -46.67975     4302  53.6  2  0  5 10 0 0 1 0 1 0 0 1 0 0 1 0 0 1
2014   2 28  5 40 31 530892  -14.96945  -56.91806     6139 145.1  2  0  7 21 0 0 0 1 1 0 0 1 0 1 1 1 0 1
2014   2 28  5 40 31 620773   -6.89985  -78.58523    10129  21.3  1  0  4  6 0 0 0 1 1 0 0 0 0 1 0 1 0 0
2014   2 28  5 40 32 432017  -25.44805  -44.83734     3597  10.2  0  0  5  7 0 0 1 1 1 0 0 1 0 0 1 0 0 0
2014   2 28  5 40 32 465833  -25.42183  -44.86689     2637   9.3  0  0  6 14 0 0 1 1 1 0 0 1 0 0 1 0 0 1
2014   2 28  5 40 32 770182    7.47883  -74.00161     3298   7.6  0  0  6 15 0 0 0 1 1 0 0 1 0 0 1 1 0 1
2014   2 28  5 40 32 802569   -1.47649   10.04612    10139   6.9  0  0  5 10 0 0 1 1 1 0 0 1 0 0 1 0 0 0
2014   2 28  5 40 33 882437  -22.33664  -47.57895     2960   7.8  0  0  4  6 0 0 1 0 0 0 0 1 0 0 1 0 0 1
2014   2 28  5 40 33 922175  -22.34338  -47.57727     2512  13.8  0  0  6 14 0 0 1 1 1 0 0 1 0 0 1 0 0 1
2014   2 28  5 40 34   9982  -23.74579  -45.77892     3336  22.0  0  0  5 10 0 0 0 1 1 0 0 1 0 0 1 0 0 1
2014   2 28  5 40 34 419521   -5.92111  -74.29205     2943  14.1  0  0  6 15 0 0 1 0 1 0 0 0 0 1 1 1 0 1
2014   2 28  5 40 34 659594  -24.37581  -45.68624     4997  25.1  1  0  4  6 0 0 0 1 0 0 0 1 0 0 1 0 0 1
2014   2 28  5 40 34 794727  -28.55597  -42.56799     2801  10.5  0  0  6 15 0 0 1 1 1 0 0 1 0 0 1 0 0 1
2014   2 28  5 40 35 412153   -6.16982  -74.61282     5721  28.5  0  0  5  8 0 0 0 1 1 0 0 1 0 0 1 1 0 0
2014   2 28  5 40 35 437413  -26.38070 -134.57765    25643  60.3  2  0  5  9 0 0 1 0 1 0 0 1 0 0 1 1 0 0
2014   2 28  5 40 35 696146    4.83283  -72.41178     4306  26.8  0  0  6 14 0 0 0 1 1 0 0 1 0 0 1 1 0 1
2014   2 28  5 40 36  84889    8.11774  -82.74804     6168  29.4  0  0  6 15 0 0 0 1 1 0 0 1 0 0 1 1 0 1
2014   2 28  5 40 36 176313    8.11636  -82.79405     6278  30.2  0  0  6 15 0 0 0 1 1 0 0 1 0 0 1 1 0 1
2014   2 28  5 40 37 105666    3.27026  -84.35829     4660  41.5  0  0  7 20 0 0 1 0 1 0 0 1 0 1 1 1 0 1
2014   2 28  5 40 38 212263  -28.52218  -42.89872     4078  51.7  1  0  7 16 0 0 1 1 0 0 0 0 0 1 1 1 1 1
2014   2 28  5 40 38 231551  -28.30684  -43.06978     3596  29.6  0  0  7 19 0 0 0 1 1 0 0 1 0 1 1 1 0 1
2014   2 28  5 40 38 276062  -28.62956  -42.74077     4255  26.6  0  0  5 10 0 0 1 1 0 0 0 1 0 0 1 0 0 1
2014   2 28  5 40 38 326897  -28.57386  -42.94559     3058   1.1  0  0  4  6 0 0 1 1 1 0 0 0 0 1 0 0 0 0
2014   2 28  5 40 38 361483  -28.67242  -42.69223     4776  20.9  1  0  4  6 0 0 1 1 0 0 0 1 0 0 1 0 0 0
2014   2 28  5 40 38 368491  -28.55090  -42.83655     3619  29.5  0  0  6 15 0 0 1 1 1 0 0 1 0 0 1 0 0 1
2014   2 28  5 40 38 542385  -28.57395  -43.03003     3988   4.7  0  0  4  6 0 0 1 0 1 0 0 1 0 1 0 0 0 0
2014   2 28  5 40 38 879080  -28.44062  -43.01181     2600   8.0  0  0  6 15 0 0 1 1 1 0 0 1 0 1 0 0 0 1
2014   2 28  5 40 39 882470  -21.72958 -140.90741    20023  73.9  2  0  6 15 0 0 1 1 1 0 0 0 0 1 1 1 0 0
2014   2 28  5 40 39 953353  -21.82972 -142.27734    15427  41.9  1  0  6 13 0 0 1 0 1 0 0 1 0 1 0 1 0 1
2014   2 28  5 40 40  33134  -21.85328 -140.65970    12182  54.5  1  0  7 21 0 0 1 0 1 0 0 1 0 1 1 1 0 1
2014   2 28  5 40 40 136262  -21.83694 -140.63855    12190  54.5  1  0  7 21 0 0 1 0 1 0 0 1 0 1 1 1 0 1
2014   2 28  5 40 40 257002  -15.87682  -51.41761     3719  46.7  1  0  5 10 0 0 1 1 0 0 0 1 0 1 0 1 0 0
2014   2 28  5 40 40 697542  -16.11451  -51.30993     4071  67.7  2  0  6 15 0 0 1 1 1 0 0 1 0 1 1 0 0 0
2014   2 28  5 40 40 755148  -16.03655  -51.22758     3548  69.9  1  0  7 21 0 0 1 0 1 0 0 1 0 1 1 1 0 1
2014   2 28  5 40 41 564919  -12.14203  -73.43365     7986 102.2  2  0  6 11 0 0 1 1 1 0 0 1 0 0 1 1 0 0
2014   2 28  5 40 41 591488  -12.09581  -73.01206    11125  43.3  1  0  5  7 0 0 0 0 1 0 0 1 0 0 1 1 0 1
2014   2 28  5 40 41 601364  -12.13351  -73.03802     4118  64.4  1  0  7 21 0 0 1 0 1 0 0 1 0 1 1 1 0 1
2014   2 28  5 40 42  88164  -12.18449  -73.60838     7690  84.7  2  0  6 15 0 0 0 1 1 0 0 1 0 0 1 1 0 1
2014   2 28  5 40 42 977473    4.72566    3.91856    28128  91.2  2  0  6 14 0 0 1 1 1 0 0 0 0 0 1 1 0 1
2014   2 28  5 40 43  86729  -17.60649  -61.17368     4474  33.3  1  0  5 10 0 0 0 0 1 0 0 0 0 1 1 1 0 1
2014   2 28  5 40 43  99199   -5.93309  -74.51914     6866  97.8  2  0  6 15 0 0 1 1 1 0 0 0 0 0 1 1 0 1
2014   2 28  5 40 43 128671   -6.02932  -74.96015     8061  88.1  2  0  6 15 0 0 0 1 1 0 0 1 0 0 1 1 0 1
2014   2 28  5 40 43 141576   -6.02601  -75.27110     7662  90.1  2  0  6 15 0 0 0 1 0 0 0 1 0 0 1 1 1 1
2014   2 28  5 40 43 150215   -5.99648  -74.30224     4816  75.4  2  0  7 21 0 0 1 0 1 0 0 1 0 1 1 1 0 1
2014   2 28  5 40 43 298081   -6.02727  -74.29839     4819  75.8  2  0  7 21 0 0 1 0 1 0 0 1 0 1 1 1 0 1
2014   2 28  5 40 43 723507    7.67246  -74.71129    10304  91.6  2  0  6 15 0 0 0 1 1 0 0 1 0 0 1 1 0 1
2014   2 28  5 40 43 809432    7.46989  -73.87378     7339  79.1  2  0  7 19 0 0 1 0 1 0 0 1 0 1 1 1 0 1
2014   2 28  5 40 45 128500    7.76343  -74.28561     9512 126.3  2  0  7 20 0 0 1 1 1 0 0 0 0 1 1 1 0 1
2014   2 28  5 40 45 323390    7.82627  -74.91972    12867 109.3  2  0  6 13 0 0 0 1 1 0 0 1 0 0 1 1 0 1
2014   2 28  5 40 45 647571  -23.53881  -45.82703     5424  84.0  2  0  6 12 0 0 1 0 1 0 0 1 0 0 1 1 0 1
2014   2 28  5 40 45 707269  -23.54199  -46.29371     5753  44.8  1  0  5  7 0 0 1 1 1 0 0 1 0 0 0 1 0 0
2014   2 28  5 40 45 920589  -20.61073  -47.23992     4899 103.0  2  0  6 13 0 0 1 1 1 0 0 1 0 1 0 1 0 0
2014   2 28  5 40 46 488257  -11.31501  -57.06141     4900 110.0  2  0  7 21 0 0 1 0 1 0 0 1 0 1 1 1 0 1
2014   2 28  5 40 46 496203  -11.31437  -57.06238     4888 109.8  2  0  7 21 0 0 1 0 1 0 0 1 0 1 1 1 0 1
2014   2 28  5 40 47 766278  -33.09766  -40.81256     5388  13.9  0  0  4  6 0 0 1 1 0 0 0 1 0 0 0 0 0 1
2014   2 28  5 40 48 706071   -1.05763    5.32255    10138   2.9  0  0  5  9 0 0 1 1 0 0 0 1 0 0 1 0 0 1
2014   2 28  5 40 48 770637  -20.60201  -49.12970     2837   5.2  0  0  5  8 0 0 1 1 1 0 0 1 0 0 1 0 0 0
2014   2 28  5 40 49 180276  -24.36172  -45.68633     2887  13.8  0  0  5 10 0 0 1 1 1 0 0 0 0 0 1 0 0 1
2014   2 28  5 40 49 254721  -24.38854  -45.70596     3142   9.2  0  0  4  6 0 0 1 1 1 0 0 1 0 0 0 0 0 0
2014   2 28  5 40 49 283270  -33.60831  -39.20309     3061  11.0  0  0  6 12 0 0 1 1 1 0 0 0 0 1 0 1 0 1
2014   2 28  5 40 49 311751  -33.60643  -39.25163     2866   8.1  0  0  6 15 0 0 1 1 1 0 0 1 0 1 0 0 0 1
2014   2 28  5 40 49 329848  -33.60632  -39.22421     3479   1.4  0  0  4  6 0 0 1 1 1 0 0 0 0 1 0 0 0 0
2014   2 28  5 40 49 411311  -33.62355  -39.16164     3012  11.0  0  0  6 15 0 0 1 1 1 0 0 1 0 0 1 0 0 1
2014   2 28  5 40 49 604604  -33.61941  -39.14528     3592  14.6  0  0  5 10 0 0 1 1 1 0 0 0 0 0 1 0 0 1
2014   2 28  5 40 49 630601   -7.66262  176.37399     7212  18.7  0  0  6 15 0 0 1 1 0 0 0 1 0 0 1 1 0 1
2014   2 28  5 40 49 816014  -20.70562  -46.93884     2806  15.6  0  0  5 10 0 0 0 1 1 0 0 1 0 0 1 0 0 1
2014   2 28  5 40 50 244748    7.47250  -74.34117     6775  10.9  0  0  4  6 0 0 0 1 0 0 0 1 0 0 0 1 0 1
2014   2 28  5 40 50 452593    7.45883  -74.09451     3988  22.9  0  0  7 19 0 0 0 1 1 0 0 1 0 1 1 1 0 1
2014   2 28  5 40 51 132663  -29.45897 -136.91656     6399  18.0  0  0  7 20 0 0 1 1 1 0 0 1 0 1 0 1 0 1
2014   2 28  5 40 51 180675  -29.84372 -133.62700    25390  28.4  0  0  5  9 0 0 1 1 1 0 0 1 0 0 0 0 0 1
2014   2 28  5 40 51 230705  -29.90275 -133.01459    19438  19.0  0  0  5  9 0 0 1 0 1 0 0 1 0 0 1 0 0 1
2014   2 28  5 40 51 283521   -7.57085    7.53125    32033  46.9  1  0  6 11 0 0 1 1 0 0 0 1 0 0 1 1 0 1
2014   2 28  5 40 51 443412  -24.27246  -45.73560     3099  30.8  0  0  6 15 0 0 1 1 1 0 0 1 0 0 1 0 0 1
2014   2 28  5 40 51 544841  -29.41214 -134.82126     9727  29.9  0  0  6 15 0 0 1 1 1 0 0 0 0 1 0 1 0 1
2014   2 28  5 40 51 597377  -29.41224 -134.70395    11021  30.3  0  0  6 15 0 0 1 1 1 0 0 0 0 0 1 1 0 1
2014   2 28  5 40 51 698689    7.14556  -74.62515     5810  28.8  0  0  5  8 0 0 0 1 1 0 0 1 0 0 1 1 0 0
2014   2 28  5 40 51 919282  -29.35830 -136.17751    14457  30.4  0  0  6 15 0 0 0 1 1 0 0 1 0 0 1 1 0 1
2014   2 28  5 40 52 667047    7.31168  -74.45625     4135  35.7  0  0  7 18 0 0 1 1 0 0 0 1 0 1 1 1 0 1
2014   2 28  5 40 53  48371  -22.58168  -47.41938     2734  37.5  0  0  7 20 0 0 1 1 1 0 0 1 0 1 1 0 0 1
2014   2 28  5 40 53  94078  -22.46747  -47.65326     4423  21.9  0  0  5  7 0 0 1 1 0 0 0 1 0 0 1 1 0 0
2014   2 28  5 40 53 163433  -22.57946  -47.45503     3049  38.3  0  0  6 15 0 0 1 1 1 0 0 1 0 1 1 0 0 0
2014   2 28  5 40 53 212027  -22.60279  -47.36249     3014  34.1  0  0  6 14 0 0 1 1 1 0 0 1 0 0 1 0 0 1
2014   2 28  5 40 53 616845  -16.10984  -51.19786     2939  41.5  0  0  7 21 0 0 1 1 1 0 0 1 0 1 1 0 0 1
2014   2 28  5 40 53 690547  -20.75985  -46.89370     3093  44.3  0  0  7 17 0 0 1 0 1 0 0 1 0 1 1 1 0 1
2014   2 28  5 40 53 714975  -16.10381  -51.19932     2987  40.8  0  0  7 19 0 0 1 1 1 0 0 1 0 1 1 0 0 1
2014   2 28  5 40 53 746436   -6.20424  -75.04758     8503  36.3  1  0  5  9 0 0 0 1 1 0 0 1 0 0 0 1 0 1
2014   2 28  5 40 53 794376   -6.04264  -74.63619     5903  45.5  1  0  5 10 0 0 0 1 1 0 0 1 0 0 1 1 0 0
2014   2 28  5 40 54 863735  -21.23668  -49.16177     4119  53.5  1  0  6 12 0 0 1 1 1 0 0 1 0 0 1 0 0 1
2014   2 28  5 40 55 629587  -12.58479  -74.49590    18680  46.9  1  0  5  7 0 0 0 1 1 0 0 1 0 0 0 1 0 1
2014   2 28  5 40 55 770753   -8.59054    6.25870    23496  48.5  1  0  5  9 0 0 1 1 1 0 0 1 0 0 0 0 0 1
2014   2 28  5 40 56  23335    7.53541  -74.22398     8356  65.6  2  0  6 14 0 0 0 1 1 0 0 1 0 0 1 1 0 1
2014   2 28  5 40 58 343194   -9.88520    1.38207    63119  63.7  2  0  5 10 0 0 1 1 1 0 0 0 0 0 1 0 0 1
2014   2 28  5 40 58 700872   31.67483 -139.24329    29182  95.9  2  0  6 15 0 0 1 1 0 0 0 1 0 0 1 1 0 1
2014   2 28  5 40 59 518264    6.98738  151.27998    11591  74.6  2  0  6 15 0 0 1 1 0 0 0 1 0 0 1 1 0 1
2014   2 28  5 40 59 589265   -9.47699    9.35649    25068  77.7  2  0  6 14 0 0 1 1 1 0 0 1 0 0 1 0 0 1
2014   2 28  5 40 59 617598   35.58077 -166.80005    18054 101.4  2  0  7 21 0 0 1 0 1 0 0 1 0 1 1 1 0 1
2014   2 28  5 41  0 232954    3.94692    4.98394    30821 108.6  2  0  6 14 0 0 1 1 1 0 0 0 0 0 1 1 0 1
2014   2 28  5 41  0 383407  -23.27492  -46.94866     3950  61.5  2  0  6 14 0 0 1 1 0 0 0 1 0 1 1 1 0 0
2014   2 28  5 41  0 661336   -6.18099  -43.65781     5900  88.4  2  0  6 15 0 0 1 1 1 0 0 1 0 0 1 0 0 1
2014   2 28  5 41  1  27723  -20.61087  -48.80482     3480  21.7  0  0  5  7 0 0 1 0 1 0 0 1 0 0 1 0 0 1
2014   2 28  5 41  1  53807  -20.53521  -49.27612     3102  36.1  0  0  6 14 0 0 1 1 1 0 0 1 0 0 1 0 0 1
2014   2 28  5 41  1 107014  -16.12326  -51.34948     4166 101.3  2  0  7 21 0 0 1 1 1 0 0 1 0 1 1 0 0 1
2014   2 28  5 41  1 189937  -16.11283  -51.24671     5189 100.5  2  0  6 15 0 0 1 1 1 0 0 1 0 0 1 0 0 1
2014   2 28  5 41  2 279013  -20.29642  -47.54800     4638 117.4  2  0  7 16 0 0 1 1 1 0 0 1 0 1 0 1 0 1
2014   2 28  5 41  2 323778  -20.40172  -47.38674     5092 126.9  2  0  7 18 0 0 1 1 1 0 0 1 0 0 1 1 0 1
2014   2 28  5 41  2 754573   -6.76279  -77.93386     6452   3.1  0  0  4  6 0 0 0 1 1 0 0 0 0 1 0 1 0 0
2014   2 28  5 41  2 966444  -16.35631  -51.59347     5016 135.8  2  0  7 20 0 0 1 1 1 0 0 1 0 0 1 1 0 1
2014   2 28  5 41  4 261592  -20.72508  -47.01217     2403   6.9  0  0  6 15 0 0 1 1 1 0 0 1 0 0 1 0 0 1
2014   2 28  5 41  4 534739  -20.72812  -47.00265     2641   4.6  0  0  5 10 0 0 1 1 1 0 0 1 0 0 1 0 0 0
2014   2 28  5 41  5 585147    4.13099  152.33371    13688  17.3  0  0  5 10 0 0 1 1 0 0 0 1 0 0 1 0 0 1
2014   2 28  5 41  6 317045    7.42156  -73.72608     5110  17.3  0  0  5  8 0 0 1 0 0 0 0 1 0 1 0 1 0 1
2014   2 28  5 41  6 354990    7.44863  -73.83907     3603  11.1  0  0  6 14 0 0 0 1 1 0 0 1 0 0 1 1 0 1
2014   2 28  5 41  6 385960  -22.25573  -47.65696     2933  20.3  0  0  5  9 0 0 0 1 0 0 0 1 0 1 1 0 0 1
2014   2 28  5 41  6 448565  -33.85526  -38.63682     2798  12.4  0  0  7 21 0 0 1 1 1 0 0 1 0 1 1 0 0 1
2014   2 28  5 41  6 633114  -33.89769  -38.56292     4150  12.5  0  0  5 10 0 0 1 0 1 0 0 1 0 0 1 0 0 1
2014   2 28  5 41  6 662138  -33.90704  -38.57120     4058  11.3  0  0  5 10 0 0 1 0 1 0 0 1 0 0 1 0 0 1
2014   2 28  5 41  6 741507  -33.86377  -38.65114     3305  13.6  0  0  6 14 0 0 1 1 1 0 0 1 0 0 1 0 0 1
2014   2 28  5 41  6 884411    4.12044  -83.51073     7808  11.0  0  0  4  6 0 0 0 1 1 0 0 1 0 0 0 1 0 0
2014   2 28  5 41  6 892527    4.08442  -83.04424     4194  20.9  0  0  7 16 0 0 1 1 1 0 0 1 0 0 1 1 0 1
2014   2 28  5 41  7 147387  -21.28722   22.27899    15413  12.3  0  0  5 10 0 0 1 1 1 0 0 0 0 0 1 0 0 1
2014   2 28  5 41  7 190220   -7.15319   16.20710    11011  13.3  0  0  5 10 0 0 1 1 1 0 0 1 0 0 1 0 0 0
2014   2 28  5 41  7 641356    0.29483    6.91962    29334  31.4  0  0  6 11 0 0 1 1 1 0 0 1 0 0 1 0 0 1
2014   2 28  5 41  7 798053  -16.12822  -51.23176     2539  24.2  0  0  7 21 0 0 1 1 1 0 0 1 0 1 1 1 0 0
2014   2 28  5 41  8 590794    7.86092  -74.25599    12066  37.4  1  0  5  7 0 0 0 1 1 0 0 0 0 0 1 1 0 1
2014   2 28  5 41  8 662574   -2.85204    8.94847    45434  15.9  0  0  4  6 0 0 1 1 0 0 0 0 0 0 1 0 0 1
2014   2 28  5 41  8 713763  -15.89362  -51.08783     2794  26.4  0  0  6 15 0 0 1 1 1 0 0 1 0 1 0 0 0 1
2014   2 28  5 41  8 793925  -13.16807  157.30428     8955   9.0  0  0  4  6 0 0 1 0 0 0 0 1 0 0 1 1 0 0
2014   2 28  5 41  8 981277  -15.92563  -51.25196     2709  35.4  0  0  7 21 0 0 0 1 1 0 0 1 0 1 1 1 0 1
2014   2 28  5 41  9  42333  -15.90158  -51.24781     2728  34.5  0  0  7 21 0 0 1 1 0 0 0 1 0 1 1 1 0 1
2014   2 28  5 41  9  52525  -20.52803  -49.12038     2803  37.8  0  0  7 19 0 0 1 0 1 0 0 1 0 1 1 1 0 1
2014   2 28  5 41  9 388297  -21.21838  -49.30022     3181  36.9  0  0  6 13 0 0 1 1 1 0 0 1 0 1 1 0 0 0
2014   2 28  5 41  9 529218  -21.97752  -45.92439     3368  34.4  1  0  5 10 0 0 0 1 1 0 0 1 0 0 1 0 0 1
2014   2 28  5 41  9 548890    7.60649  -73.88586     3913  34.5  0  0  7 20 0 0 1 0 1 0 0 1 0 1 1 1 0 1
2014   2 28  5 41  9 584536  -21.87451  -45.94500     2843  41.2  0  0  7 21 0 0 1 0 1 0 0 1 0 1 1 1 0 1
2014   2 28  5 41  9 949814  -32.30446   16.01189    20951  29.5  0  0  5 10 0 0 1 1 1 0 0 0 0 0 1 0 0 1
2014   2 28  5 41 10 299209   -8.22083    7.23800    15703  32.8  0  0  6 12 0 0 1 1 1 0 0 1 0 0 1 0 0 1
2014   2 28  5 41 10 662779   -6.07383  -74.30043     3900  17.4  0  0  5  9 0 0 1 0 1 0 0 0 0 0 1 1 0 1
2014   2 28  5 41 10 672604   -6.11978  -74.37510     3904  44.5  0  0  7 20 0 0 1 0 1 0 0 1 0 1 1 1 0 1
2014   2 28  5 41 11 526318  -33.52235  -39.47450     4160  44.3  0  0  7 21 0 0 1 1 1 0 0 1 0 1 1 0 0 1
2014   2 28  5 41 11 569047   -6.08288  -74.81171    10220  60.7  2  0  5 10 0 0 0 1 1 0 0 0 0 0 1 1 0 1
2014   2 28  5 41 13  34560  -12.91596  170.47847    42193  62.4  2  0  5 10 0 0 1 1 1 0 0 0 0 0 1 1 0 0
2014   2 28  5 41 13 191578   -5.98277  -75.47682    13206  58.3  2  0  5  9 0 0 0 1 1 0 0 1 0 0 0 1 0 1
2014   2 28  5 41 13 467189  -28.19641  -43.06188     3457  12.2  0  0  5 10 0 0 0 1 1 0 0 1 0 0 1 0 0 1
2014   2 28  5 41 13 621856   -4.66356  -72.09955     6787  54.1  1  0  6 15 0 0 0 1 1 0 0 1 0 1 0 1 0 1
2014   2 28  5 41 13 713250   22.67664  -78.76451    37072  68.4  1  0  7 21 0 0 0 1 1 0 0 1 0 1 1 0 1 1
2014   2 28  5 41 13 839341  -28.48497  -42.83395     5595  55.0  2  0  5 10 0 0 1 1 1 0 0 0 0 0 1 0 0 1
2014   2 28  5 41 14 291548  -12.09634  -73.42490     4999  71.0  2  0  6 15 0 0 1 1 0 0 0 1 0 0 1 1 0 1
2014   2 28  5 41 14 491479  -12.00733  -73.01886     4591  23.9  1  0  4  6 0 0 1 0 0 0 0 0 0 0 1 1 0 1
2014   2 28  5 41 14 838079  -23.60434  -45.85350     5306  63.0  2  0  5 10 0 0 0 0 1 0 0 1 0 1 1 0 0 1
2014   2 28  5 41 14 964548  -23.65756  -45.77227     4866  52.9  2  0  5 10 0 0 1 0 1 0 0 1 0 0 1 0 0 1
2014   2 28  5 41 16 547166  -21.78236  -46.52377     4898 102.5  2  0  6 15 0 0 1 1 1 0 0 0 0 1 1 0 0 1
2014   2 28  5 41 16 629709  -21.38546  -46.31747     5459  59.8  2  0  5 10 0 0 1 0 1 0 0 0 0 1 1 0 0 1
2014   2 28  5 41 16 650067  -21.81853  -46.38176     4230  79.0  2  0  6 15 0 0 1 1 1 0 0 1 0 0 1 0 0 1
2014   2 28  5 41 16 807451   -3.23046    8.36978    28877  53.7  2  0  5  9 0 0 1 0 1 0 0 1 0 0 1 0 0 1
2014   2 28  5 41 17 815765    2.69615  -71.36205     9446   7.8  0  0  4  6 0 0 1 1 1 0 0 0 0 1 0 0 0 0
2014   2 28  5 41 18 346117  -10.96712  -57.39258     4809  99.1  2  0  6 14 0 0 1 1 0 0 0 1 0 0 0 1 1 1
2014   2 28  5 41 18 518569  -28.94778 -137.13545    20775 104.8  2  0  7 21 0 0 1 1 1 0 0 1 0 0 1 1 0 1
2014   2 28  5 41 18 840703  -19.28252 -143.23486    20351 107.4  2  0  7 21 0 0 1 1 1 0 0 1 0 0 1 1 0 1
2014   2 28  5 41 18 945179  -28.92430 -137.17200    21385 108.3  2  0  7 21 0 0 1 1 1 0 0 1 0 0 1 1 0 1
2014   2 28  5 41 18 990261   -0.91802  153.50302    16087  99.3  2  0  6 15 0 0 1 1 0 0 0 1 0 1 1 1 0 0
2014   2 28  5 41 19 271259   -0.41198  151.34155    71896 114.7  2  0  6 14 0 0 1 1 1 0 0 0 0 0 1 1 0 1
2014   2 28  5 41 20 509057    4.83520  -71.97256     4245   9.2  0  0  5  9 0 0 0 1 1 0 0 0 0 0 1 1 0 1
2014   2 28  5 41 20 530809   -6.45392  -73.83139    10797   5.1  0  0  5 10 0 0 0 1 1 0 0 0 0 1 1 0 0 1
2014   2 28  5 41 20 688305   -6.09540  -74.17261     4259   5.2  0  0  5 10 0 0 0 0 1 0 0 0 0 1 1 1 0 1
2014   2 28  5 41 20 743234   -6.11518  -74.38952     4248  12.7  0  0  5  8 0 0 0 1 1 0 0 1 0 0 1 1 0 0
2014   2 28  5 41 21 276667    7.34964  -73.90953     3228  13.7  0  0  7 18 0 0 1 0 1 0 0 1 0 1 1 1 0 1
2014   2 28  5 41 21 359632    7.03987  -74.48602     3952  15.4  0  0  6 14 0 0 0 1 1 0 0 1 0 0 1 1 0 1
2014   2 28  5 41 21 417794  -15.97050  -51.11840     2526  12.7  0  0  6 15 0 0 1 1 1 0 0 1 0 1 1 0 0 0
2014   2 28  5 41 21 494866  -20.69435  -46.94392     3053  12.8  0  0  4  6 0 0 0 1 0 0 0 1 0 0 1 0 0 1
2014   2 28  5 41 21 792719  -20.70995  -46.94124     2827  16.7  0  0  5 10 0 0 0 1 1 0 0 1 0 0 1 0 0 1
2014   2 28  5 41 21 954416  -32.13561 -138.07492     8310  17.8  0  0  6 15 0 0 1 0 1 0 0 1 0 0 1 1 0 1
2014   2 28  5 41 21 973531  -32.15148 -138.03517    10839  16.9  0  0  5 10 0 0 1 0 1 0 0 1 0 0 0 1 0 1
2014   2 28  5 41 22 476279   -9.02117  -76.24324     3765   9.6  0  0  4  6 0 0 1 0 0 0 0 0 0 0 1 1 0 1
2014   2 28  5 41 23 507143  -13.07625  -71.73023     3064  34.7  0  0  7 21 0 0 1 1 1 0 0 1 0 0 1 1 0 1
2014   2 28  5 41 23 552158  -13.06042  -71.76654     3816  29.9  0  0  5 10 0 0 1 1 0 0 0 0 0 0 1 1 0 1
2014   2 28  5 41 23 612909  -13.11391  -71.92099     4346  35.2  0  0  6 15 0 0 0 1 1 0 0 1 0 0 1 1 0 1
2014   2 28  5 41 24 194972   14.12058  -91.08640    12896  45.5  1  0  5  8 0 0 1 1 1 0 0 0 0 0 1 1 0 0
2014   2 28  5 41 24 240527    4.13043  -83.06241     4072  37.3  0  0  7 21 0 0 1 1 1 0 0 1 0 0 1 1 0 1
2014   2 28  5 41 24 391520    0.72340  -69.48926     3864  30.4  0  0  6 14 0 0 1 0 0 0 0 1 0 1 1 1 0 1
2014   2 28  5 41 24 405622    0.69892  -69.70422     5889  40.9  1  0  6 15 0 0 0 1 1 0 0 0 0 1 1 1 0 1
2014   2 28  5 41 24 415513    0.69976  -69.68530     3783  37.7  0  0  7 21 0 0 0 1 1 0 0 1 0 1 1 1 0 1
2014   2 28  5 41 24 466996    0.70261  -69.68527     3800  38.0  0  0  7 21 0 0 0 1 1 0 0 1 0 1 1 1 0 1
2014   2 28  5 41 24 480578    0.71443  -69.65507     4238  38.1  0  0  6 15 0 0 0 1 1 0 0 1 0 0 1 1 0 1
2014   2 28  5 41 24 627050    3.63942  -82.45534     6581  27.8  0  0  6 14 0 0 1 0 1 0 0 1 0 1 1 0 0 1
2014   2 28  5 41 25 439767  -20.58168  -49.19650     4557  39.5  1  0  5  7 0 0 1 1 1 0 0 1 0 0 1 0 0 0
2014   2 28  5 41 25 574792  -20.51544  -46.99352     3453  21.8  0  0  5  8 0 0 1 0 0 0 0 1 0 0 1 0 1 1
2014   2 28  5 41 26 633153    6.78062  -77.42271    10231  52.9  2  0  5  8 0 0 0 1 0 0 0 1 0 1 1 1 0 0
2014   2 28  5 41 26 702435    6.65055  -76.61542     5260  47.5  0  0  7 19 0 0 1 0 1 0 0 1 0 1 1 1 0 1
2014   2 28  5 41 26 727143    6.74097  -77.29659    12484  61.6  2  0  6 14 0 0 0 1 1 0 0 0 0 1 1 1 0 1
2014   2 28  5 41 26 859057    6.79413  -73.40744    25663  60.5  2  0  6 15 0 0 0 1 1 0 0 1 0 1 1 0 0 1
2014   2 28  5 41 26 974413   -0.44320    5.42487    35127  62.4  2  0  5  9 0 0 1 1 1 0 0 1 0 0 0 0 0 1
2014   2 28  5 41 27  10237  -33.61803  -39.31576     6563  47.9  1  0  5 10 0 0 1 1 0 0 0 1 0 0 1 0 0 1
2014   2 28  5 41 27  21141  -33.49291  -39.45581     6938  71.7  2  0  6 15 0 0 1 1 0 0 0 1 0 0 1 1 0 1
2014   2 28  5 41 27  42808  -15.98693  -51.12024     3725  53.6  1  0  6 15 0 0 1 1 1 0 0 1 0 0 1 0 0 1
2014   2 28  5 41 27  83578  -33.37809  -39.99419     6539  35.4  1  0  5  8 0 0 1 1 0 0 0 1 0 0 0 1 0 1
2014   2 28  5 41 27 167081   -4.28960  -71.51211     5477  40.9  1  0  6 15 0 0 0 1 1 0 0 1 0 1 0 1 0 1
2014   2 28  5 41 27 180064   -4.13757  -71.14374     6243  59.3  2  0  5 10 0 0 0 1 1 0 0 1 0 0 1 1 0 0
2014   2 28  5 41 27 192780  -33.49213  -39.71225     3592   2.0  0  0  4  6 0 0 1 1 0 0 0 1 0 1 0 0 0 0
2014   2 28  5 41 27 330685  -33.53867  -39.13458     5719  56.2  1  0  7 21 0 0 1 0 1 0 0 1 0 1 1 1 0 1
2014   2 28  5 41 27 398787  -33.40562  -39.91211     3502   9.1  0  0  5 10 0 0 1 1 1 0 0 1 0 0 0 0 0 1
2014   2 28  5 41 27 576906   -4.40520  -70.78196    16054  69.3  2  0  6 15 0 0 0 1 1 0 0 1 0 1 1 0 0 1
2014   2 28  5 41 27 669782  -33.44907  -39.79167     4704  18.7  0  0  4  6 0 0 1 1 0 0 0 0 0 1 0 0 0 1
2014   2 28  5 41 28 526083    7.71585  -73.46879     7173 104.4  2  0  7 20 0 0 1 1 1 0 0 1 0 0 1 1 0 1
2014   2 28  5 41 28 898042    4.65463  -72.34679     7641  88.0  2  0  6 13 0 0 1 1 1 0 0 1 0 0 1 1 0 0
2014   2 28  5 41 29   4945    4.59984  -72.56815     6558  87.0  2  0  7 17 0 0 1 1 1 0 0 1 0 1 1 1 0 0
2014   2 28  5 41 29  79962  -14.06467  -43.08645     5948  13.2  0  0  4  6 0 0 1 0 0 0 0 1 0 0 1 0 0 1
2014   2 28  5 41 29 215817    4.52617  -72.45308     6677  88.7  2  0  7 19 0 0 1 1 1 0 0 0 0 1 1 1 0 1
2014   2 28  5 41 29 276313  -28.53931  -42.48220     6975  46.3  1  0  5 10 0 0 1 0 1 0 0 1 0 0 1 0 0 1
2014   2 28  5 41 29 310254  -28.53801  -42.48853     6977  46.2  1  0  5 10 0 0 1 0 1 0 0 1 0 0 1 0 0 1
2014   2 28  5 41 29 350416    4.53903  -72.32006     7020  65.8  2  0  6 13 0 0 1 0 0 0 0 1 0 1 1 1 0 1
2014   2 28  5 41 29 449592   -6.01968  -74.34620     4833  59.6  1  0  6 15 0 0 1 0 1 0 0 1 0 0 1 1 0 1
2014   2 28  5 41 29 493123   -6.01452  -74.37997    15114  61.8  2  0  5  8 0 0 0 0 1 0 0 1 0 0 1 1 0 1
2014   2 28  5 41 29 533941   -6.04083  -74.53909     4734  81.3  2  0  7 21 0 0 1 1 1 0 0 1 0 0 1 1 0 1
2014   2 28  5 41 29 628604   -7.46327  -73.22341    20940  74.0  2  0  5 10 0 0 1 1 0 0 0 0 0 1 1 0 0 1
2014   2 28  5 41 30  24949  -24.65096 -136.44684    20079  85.2  2  0  6 15 0 0 1 1 1 0 0 1 0 0 0 1 0 1
2014   2 28  5 41 30  53104  -24.56277 -136.81026    18131  75.7  2  0  6 15 0 0 1 1 1 0 0 1 0 0 1 1 0 0
2014   2 28  5 41 30  65143  -24.62564 -136.46979    15251  79.7  2  0  7 21 0 0 1 1 1 0 0 1 0 0 1 1 0 1
2014   2 28  5 41 31 338410  -22.51377  -47.43403     4766  75.5  2  0  5 10 0 0 1 0 0 0 0 1 0 1 1 0 0 1
2014   2 28  5 41 31 369579  -22.70103  -47.31117     4108  74.8  2  0  6 14 0 0 1 1 1 0 0 1 0 0 1 0 0 1
2014   2 28  5 41 31 376766  -22.69741  -47.41935     5372  86.1  2  0  6 11 0 0 1 1 1 0 0 1 0 0 1 0 0 1
2014   2 28  5 41 31 843496  -20.78602  -46.88129     4410  83.1  2  0  6 15 0 0 1 1 1 0 0 1 0 0 1 0 0 1
2014   2 28  5 41 31 910863  -21.07970  -46.66968     3837  26.4  0  0  5  9 0 0 1 1 1 0 0 0 0 0 1 0 0 1
2014   2 28  5 41 31 984150   34.99793 -169.07013    34798 127.0  2  0  6 15 0 0 1 1 1 0 0 1 0 0 1 1 0 0
2014   2 28  5 41 32 155627  -15.97960  -51.78954     5380  39.4  1  0  5 10 0 0 1 0 0 0 0 1 0 1 1 1 0 0
2014   2 28  5 41 32 213877  -20.73547  -47.04931     3897  95.5  2  0  7 20 0 0 1 1 1 0 0 1 0 1 1 0 0 1
2014   2 28  5 41 32 248942  -16.04555  -51.53711     4583 101.9  2  0  6 15 0 0 0 1 1 0 0 1 0 1 1 1 0 0
2014   2 28  5 41 32 264663  -16.78702  -50.79296     4708  36.6  1  0  5 10 0 0 1 1 1 0 0 0 0 0 1 0 0 1
2014   2 28  5 41 33 327565   28.40864 -125.91972    24114  95.7  2  0  7 21 0 0 1 1 1 0 0 1 0 0 1 0 1 1
2014   2 28  5 41 33 480623    6.36095    7.72234    35375 121.5  2  0  7 16 0 0 1 1 1 0 0 1 0 0 1 1 0 1
2014   2 28  5 41 33 747822  -33.31944  -41.56326     7366  36.4  1  0  5  9 0 0 1 0 1 0 0 1 0 1 0 0 0 1
2014   2 28  5 41 36 128046    4.83527  -73.08862     3154   7.7  0  0  6 14 0 0 0 1 1 0 0 1 0 0 1 1 0 1
2014   2 28  5 41 36 139008    4.83176  -73.08343     3145   7.5  0  0  6 14 0 0 0 1 1 0 0 1 0 0 1 1 0 1
2014   2 28  5 41 36 362976   -5.38854  -74.63590     2896   6.2  0  0  6 15 0 0 0 1 1 0 0 1 0 0 1 1 0 1
2014   2 28  5 41 36 494052  -15.81847  -51.02188     2932  10.4  0  0  5  9 0 0 0 1 1 0 0 1 0 0 1 0 0 1
2014   2 28  5 41 36 641354  -20.48562  -49.37049     4173  53.3  1  0  6 11 0 0 1 1 1 0 0 1 0 0 1 0 0 1
2014   2 28  5 41 36 830337  -20.64179  -47.01855     2379   7.3  0  0  6 15 0 0 1 1 1 0 0 0 0 1 1 0 0 1
2014   2 28  5 41 36 848750  -20.64668  -47.00422     2612   5.5  0  0  5 10 0 0 1 0 1 0 0 1 0 0 1 0 0 1
2014   2 28  5 41 36 859683  -20.65413  -47.00767     2540   6.2  0  0  5 10 0 0 0 1 1 0 0 1 0 0 1 0 0 1
2014   2 28  5 41 37 244336  -20.65002  -46.96088     2435   6.1  0  0  6 13 0 0 1 1 1 0 0 1 0 0 1 0 0 1
2014   2 28  5 41 37 660693  -25.01945 -134.57852     5137  11.0  0  0  7 21 0 0 1 1 1 0 0 1 0 0 1 1 0 1
2014   2 28  5 41 37 772797   -5.89523  -74.49589     4344   9.6  0  0  5  8 0 0 0 0 1 0 0 1 0 0 1 1 0 1
2014   2 28  5 41 38 306998    4.08955  -83.17649     4289   7.4  0  0  5 10 0 0 0 1 0 0 0 1 0 0 1 1 0 1
2014   2 28  5 41 40  67228  -20.50656  -49.35476     3137   1.9  0  0  4  6 0 0 1 0 0 0 0 1 0 1 1 0 0 0
2014   2 28  5 41 40 624842    7.49469  -74.69962     7330  30.0  0  0  5  9 0 0 0 1 1 0 0 1 0 1 0 1 0 0
2014   2 28  5 41 41  99658   -3.07707   -4.78165    42117  23.6  0  0  5 10 0 0 1 1 1 0 0 0 0 0 1 0 0 1
2014   2 28  5 41 41 410297   -1.15684  -71.91700     3340  38.6  0  0  7 21 0 0 1 1 1 0 0 1 0 0 1 1 0 1
2014   2 28  5 41 41 599329   -1.30397  -72.20361     3838  41.9  0  0  7 19 0 0 1 1 1 0 0 1 0 0 1 1 0 1
2014   2 28  5 41 41 727696   -1.34125  -72.43117     4787  53.4  1  0  7 21 0 0 0 1 1 0 0 1 0 1 1 1 0 1
2014   2 28  5 41 41 947577  -23.66125  -45.85983     3498  48.9  1  0  6 15 0 0 1 1 1 0 0 1 0 1 0 0 0 1
2014   2 28  5 41 42  84015  -25.90593  -44.59304     3320  22.3  0  0  6 12 0 0 0 1 1 0 0 1 0 1 1 0 0 1
2014   2 28  5 41 42 372356  -23.63230  -45.88015     3178  49.5  0  0  7 21 0 0 1 1 1 0 0 1 0 1 1 0 0 1
2014   2 28  5 41 42 440847   -5.24055  -62.97902     6703  50.0  1  0  5  9 0 0 0 1 1 0 0 0 0 0 1 1 0 1
2014   2 28  5 41 42 999322   -6.04017  -74.52233     6422  84.1  2  0  6 14 0 0 1 1 0 0 0 1 0 1 1 1 0 0
2014   2 28  5 41 43 410787  -22.19812   20.15450    34773  41.9  1  0  5 10 0 0 1 1 1 0 0 0 0 0 1 0 0 1
2014   2 28  5 41 44 143049  -33.54600  -39.62597     4703  56.0  1  0  7 21 0 0 1 1 1 0 0 1 0 1 1 0 0 1
2014   2 28  5 41 44 233152  -28.03666 -135.41611    33572  86.4  2  0  6 15 0 0 0 1 0 0 0 1 0 1 1 1 0 1
2014   2 28  5 41 44 300077    4.21225  152.10760    12062  61.1  2  0  5 10 0 0 1 1 1 0 0 1 0 0 0 1 0 0
2014   2 28  5 41 44 413006  -33.66803  -39.83572     7154   4.4  0  0  5  9 0 0 0 1 1 0 0 1 0 1 0 0 0 1
2014   2 28  5 41 44 781093  -33.40851  -40.06421     3360   5.2  0  0  5 10 0 0 1 1 1 0 0 1 0 0 0 0 0 1
2014   2 28  5 41 45 299332  -16.12400  -51.20485     4558  55.3  2  0  5 10 0 0 1 1 0 0 0 1 0 0 1 0 0 1
2014   2 28  5 41 45 503129  -16.15887  -51.19345     3448  66.0  1  0  7 21 0 0 1 1 1 0 0 1 0 0 1 1 0 1
2014   2 28  5 41 45 733010  -16.10474  -51.36778     4713  84.4  2  0  6 15 0 0 0 1 1 0 0 1 0 0 1 1 0 1
2014   2 28  5 41 45 919391  -16.17461  -51.28089     3657  79.3  2  0  7 21 0 0 1 1 1 0 0 1 0 1 1 0 0 1
2014   2 28  5 41 46 198175  -33.60815  -39.10487     6293  60.9  2  0  6 15 0 0 1 1 1 0 0 1 0 0 1 0 0 1
2014   2 28  5 41 46 267008  -23.18046  -47.12973     3422  50.1  1  0  6 15 0 0 1 1 0 0 0 1 0 1 1 1 0 0
2014   2 28  5 41 47 848057  -20.45331  -49.44403     4993  71.1  2  0  6 11 0 0 1 1 0 0 0 1 0 1 1 0 0 1
2014   2 28  5 41 48 395730  -28.50147  -42.56000     7435  50.5  2  0  5 10 0 0 1 0 1 0 0 1 0 0 1 0 0 1
2014   2 28  5 41 48 521350  -28.35079  -43.25956     3302  15.5  0  0  5 10 0 0 1 1 1 0 0 1 0 0 0 0 0 1
2014   2 28  5 41 48 842234  -11.91475  -73.09309     4770  66.7  2  0  6 15 0 0 1 0 1 0 0 0 0 1 1 1 0 1
2014   2 28  5 41 48 934083  -14.15076  160.63274    25600 114.7  2  0  6 15 0 0 0 1 0 0 0 1 0 1 1 1 0 1
2014   2 28  5 41 49  29831  -12.19515  -74.11403     9344 128.7  2  0  7 21 0 0 0 1 1 0 0 1 0 1 1 1 0 1
2014   2 28  5 41 50 464134   -5.46818  154.85387    12226  83.7  2  0  6 15 0 0 1 1 0 0 0 1 0 0 1 1 0 1
2014   2 28  5 41 50 822788    2.60099 -110.82126    36902  49.8  1  0  5  9 0 0 0 0 1 0 0 1 0 1 0 1 0 1
2014   2 28  5 41 50 936298   -6.98053  -78.42846    10819  22.4  1  0  4  6 0 0 0 1 0 0 0 0 0 1 0 1 0 1
2014   2 28  5 41 51  28240   -6.01028  -74.64852     6995 149.8  2  0  7 21 0 0 1 1 0 0 0 1 0 1 1 1 0 1
2014   2 28  5 41 51 440359  -16.88183  -50.50495     4652  35.4  1  0  5 10 0 0 1 1 1 0 0 0 0 0 1 0 0 1
2014   2 28  5 41 52 623175  -21.97692 -140.52744     5978   8.1  0  0  7 16 0 0 1 1 1 0 0 0 0 1 1 1 0 1
2014   2 28  5 41 52 732883    6.40383  -76.80508     4073  15.0  0  0  6 15 0 0 0 1 1 0 0 1 0 0 1 1 0 1
2014   2 28  5 41 52 918380  -16.17007  -51.09143     2651   2.3  0  0  5  9 0 0 0 1 1 0 0 1 0 0 1 0 0 1
2014   2 28  5 41 53 213312  -13.10403  156.78369    10296  35.1  1  0  5 10 0 0 1 1 0 0 0 1 0 0 1 1 0 0
2014   2 28  5 41 53 528193  -20.70004  -46.86640     2523   4.5  0  0  5 10 0 0 0 1 1 0 0 1 0 0 1 0 0 1
2014   2 28  5 41 54 394435  -20.69160  -49.35077     3034  51.2  1  0  7 18 0 0 1 1 1 0 0 1 0 1 1 0 0 1
2014   2 28  5 41 54 401505  -20.75998  -49.21211     3093   9.8  0  0  5  7 0 0 1 1 1 0 0 1 0 0 1 0 0 0
2014   2 28  5 41 54 961850   -7.12748  -72.63359    13763  15.3  0  0  5 10 0 0 0 1 1 0 0 0 0 1 1 0 0 1
2014   2 28  5 41 55 399732    5.38606  144.34280    10188  35.2  1  0  5  9 0 0 1 1 0 0 0 1 0 1 1 0 0 0
2014   2 28  5 41 56  68510    7.49411  -74.17574     8331  31.7  1  0  5  8 0 0 0 1 0 0 0 1 0 0 1 1 0 1
2014   2 28  5 41 56  90578    6.68119  -73.19354    41221  31.6  1  0  5  7 0 0 0 1 1 0 0 1 0 0 1 0 0 1
2014   2 28  5 41 56 222989  -16.13872  -51.25522     3239  31.3  1  0  5 10 0 0 1 1 0 0 0 1 0 1 0 0 0 1
2014   2 28  5 41 56 436336  -12.19858  -73.16738     3580  47.1  0  0  7 21 0 0 1 0 1 0 0 1 0 1 1 1 0 1
2014   2 28  5 41 57 261258    7.45486  -74.29807    11325  46.6  1  0  5  9 0 0 0 1 1 0 0 0 0 0 1 1 0 1
2014   2 28  5 41 57 490711  -15.88206  -51.23881     3259  47.3  1  0  6 15 0 0 1 1 0 0 0 0 0 1 1 1 0 1
2014   2 28  5 41 57 773508  -15.93634  -51.24594     3195  50.1  1  0  7 18 0 0 1 1 0 0 0 1 0 1 1 1 0 1
2014   2 28  5 41 57 989189  -15.97418  -51.20301     3501  52.2  1  0  6 15 0 0 1 0 1 0 0 1 0 1 0 1 0 1
2014   2 28  5 41 58 578094  -29.27949 -139.31688    77141  52.2  2  0  5 10 0 0 0 1 1 0 0 0 0 0 1 1 0 1
2014   2 28  5 41 59 283502  -22.51806  -47.42830     3232  70.3  2  0  7 21 0 0 1 0 1 0 0 1 0 1 1 1 0 1
2014   2 28  5 41 59 388547  -33.52779  -39.40395     5281  66.9  1  0  7 19 0 0 1 1 1 0 0 1 0 0 1 1 0 1
2014   2 28  5 41 59 400039  -33.53944  -39.40042     5335  50.1  1  0  6 15 0 0 1 1 1 0 0 1 0 0 1 0 0 1
2014   2 28  5 41 59 428647   -9.98671  -69.16485     3802  18.6  0  0  4  6 0 0 1 1 0 0 0 0 0 0 1 1 0 0
2014   2 28  5 41 59 469038  -32.76781  -40.13203     5312  28.2  0  0  6 15 0 0 0 1 1 0 0 1 0 1 1 0 0 1
2014   2 28  5 41 59 481601  -22.67817  -47.33045     3199  41.2  1  0  6 14 0 0 1 1 1 0 0 1 0 0 1 0 0 1
2014   2 28  5 41 59 488853  -22.62285  -47.46206     3341  74.2  2  0  7 21 0 0 1 1 1 0 0 1 0 1 1 0 0 1
2014   2 28  5 41 59 580303  -33.54093  -39.41974     5417  51.2  1  0  6 15 0 0 1 1 1 0 0 1 0 0 1 0 0 1
2014   2 28  5 41 59 714365  -32.85336  -40.04524     6102  24.8  0  0  5 10 0 0 0 1 1 0 0 1 0 0 1 0 0 1
2014   2 28  5 41 59 773086  -20.60463  -49.20369     4769  42.7  1  0  5  7 0 0 1 1 1 0 0 1 0 0 1 0 0 0
2014   2 28  5 41 59 970100    7.67328  -74.58717     8544  65.1  2  0  6 13 0 0 0 1 1 0 0 1 0 0 1 1 0 1
2014   2 28  5 42  0  20558  -20.69767  -48.95719     4522  67.1  2  0  6 12 0 0 1 1 1 0 0 1 0 0 1 0 0 1
2014   2 28  5 42  0 377090    7.28179  -74.58459     5705  72.7  2  0  7 18 0 0 1 1 1 0 0 1 0 0 1 1 0 1
2014   2 28  5 42  0 704477  -23.68000  -46.02083     3330  25.6  0  0  5 10 0 0 1 1 1 0 0 1 0 0 1 0 0 0
2014   2 28  5 42  1  64842  -20.79832  -46.91463     3632  55.1  1  0  6 15 0 0 1 1 1 0 0 1 0 0 1 0 0 1
2014   2 28  5 42  1  72693  -20.80063  -46.91203     3628  55.0  1  0  6 15 0 0 1 1 1 0 0 1 0 0 1 0 0 1
2014   2 28  5 42  1 105655  -20.71095  -47.04721     4197  93.6  2  0  7 19 0 0 1 1 1 0 0 1 0 0 1 1 0 1
2014   2 28  5 42  1 772601  -16.18298  -51.27542     3563  74.2  2  0  7 21 0 0 1 1 1 0 0 1 0 1 1 0 0 1
2014   2 28  5 42  2 297007  -21.80808  -46.32848     3770  62.8  2  0  6 15 0 0 1 1 1 0 0 1 0 0 1 0 0 1
2014   2 28  5 42  2 343853  -21.81002  -46.33388     3770  62.5  2  0  6 15 0 0 1 1 1 0 0 1 0 0 1 0 0 1
2014   2 28  5 42  2 440085   -9.63748    1.73988    63766  63.3  2  0  5 10 0 0 1 1 1 0 0 0 0 0 1 0 0 1
2014   2 28  5 42  2 449867    7.70710  -75.67483     8877  49.7  1  0  6 15 0 0 0 1 1 0 0 1 0 1 0 1 0 1
2014   2 28  5 42  2 623748  -21.78497  -46.33914     4582  65.5  2  0  5 10 0 0 1 1 0 0 0 1 0 0 1 0 0 1
2014   2 28  5 42  2 814179   -6.10414  -75.03160     7825  99.8  2  0  7 21 0 0 0 1 1 0 0 1 0 1 1 1 0 1
2014   2 28  5 42  3 755099  -14.68712  -56.61749     4418 107.4  2  0  7 21 0 0 1 1 1 0 0 1 0 0 1 1 0 1
2014   2 28  5 42  4  15156  -25.27314  -45.22246     4628  71.8  2  0  6 15 0 0 1 1 1 0 0 1 0 0 1 0 0 1
2014   2 28  5 42  4 276452  -25.31053  -45.43278     5406  85.5  2  0  6 13 0 0 1 1 1 0 0 1 0 0 0 1 0 1
2014   2 28  5 42  4 312690    5.21980  -72.99493     8420 103.7  2  0  7 21 0 0 0 1 1 0 0 1 0 1 1 1 0 1
2014   2 28  5 42  4 929427  -20.64246  -49.33739     4868 105.6  2  0  6 12 0 0 0 1 1 0 0 1 0 1 1 0 0 1
2014   2 28  5 42  5  17469  -20.68021  -49.23059     5121 122.0  2  0  6 14 0 0 0 1 1 0 0 1 0 1 1 0 0 1
2014   2 28  5 42  7 688931  -22.25470  -45.85051     4751 101.4  2  0  6 15 0 0 1 1 1 0 0 1 0 0 1 0 0 1
2014   2 28  5 42  7 692691    7.19204  -73.89023     8187  97.4  2  0  7 17 0 0 1 0 1 0 0 0 0 1 1 1 1 1
2014   2 28  5 42  8  68100  -28.65826  -42.34593     4043  13.0  0  0  5  9 0 0 0 1 1 0 0 1 0 0 1 0 0 1
2014   2 28  5 42  8 180066  -14.09876  159.76971     8048  18.1  0  0  5 10 0 0 1 0 1 0 0 1 0 0 1 1 0 0
2014   2 28  5 42  8 216521   -6.47610    9.81236    28847   2.5  0  0  5  7 0 0 1 1 1 0 0 0 0 0 1 0 0 1
2014   2 28  5 42  8 291415  -28.67473  -42.35405     3723  13.6  0  0  5  7 0 0 1 1 1 0 0 1 0 0 0 0 0 1
2014   2 28  5 42  8 295546  -14.09112  159.82556     9222   7.7  0  0  4  6 0 0 1 0 0 0 0 1 0 0 1 1 0 0
2014   2 28  5 42  8 332972    7.48353  -74.18643     5810   4.0  0  0  5  7 0 0 0 0 1 0 0 1 0 1 0 1 0 1
2014   2 28  5 42  9  59409    7.48085  -73.92011     6249  16.2  0  0  5  7 0 0 0 1 0 0 0 1 0 0 1 1 0 1
2014   2 28  5 42  9 679556    7.44501  -74.08415     4051  15.4  0  0  6 14 0 0 0 1 1 0 0 1 0 0 1 1 0 1
2014   2 28  5 42  9 911162  -20.49628  -49.81559     3205  43.7  1  0  6 14 0 0 1 1 0 0 0 1 0 1 0 1 0 1
2014   2 28  5 42 10 492486  -14.30643  157.99393     9757  29.6  0  0  5 10 0 0 1 1 0 0 0 1 0 0 1 1 0 0
2014   2 28  5 42 10 564513    7.39212  -73.99175     4718  19.1  0  0  5  7 0 0 1 1 0 0 0 1 0 0 0 1 0 1
2014   2 28  5 42 10 961673  -15.98512  -51.21991     2572  25.3  0  0  7 21 0 0 1 1 1 0 0 1 0 0 1 1 0 1
2014   2 28  5 42 11  34702  -20.62066  -47.03724     2740  34.2  0  0  7 21 0 0 1 1 1 0 0 1 0 0 1 1 0 1
2014   2 28  5 42 11  45221  -20.60050  -47.05617     2611  28.2  0  0  7 20 0 0 1 1 1 0 0 0 0 1 1 1 0 1
2014   2 28  5 42 11  51734  -16.10272  -51.10384     3321  10.9  0  0  5 10 0 0 1 1 1 0 0 0 0 0 1 0 0 1
2014   2 28  5 42 11 136864  -23.51380  -46.42904     3484  41.2  1  0  6 15 0 0 1 1 1 0 0 1 0 0 1 0 0 1
2014   2 28  5 42 11 225850  -16.02474  -51.19882     2478  19.9  0  0  7 21 0 0 1 1 1 0 0 1 0 1 1 0 0 1
2014   2 28  5 42 11 539810  -12.92315  -71.44256     3476  37.2  0  0  6 15 0 0 1 1 1 0 0 1 0 1 0 1 0 0
2014   2 28  5 42 11 579577   -6.05169  -74.39802     5987  28.5  0  0  5 10 0 0 0 1 1 0 0 0 0 0 1 1 0 1
2014   2 28  5 42 11 865978    7.57701  -73.88211     5543  29.3  0  0  5  9 0 0 0 1 1 0 0 1 0 0 1 1 0 0
2014   2 28  5 42 11 916637  -16.04462  -51.21815     2632  19.8  0  0  6 15 0 0 1 1 1 0 0 1 0 1 0 0 0 1
2014   2 28  5 42 11 927609  -16.06460  -51.23133     3240  27.2  0  0  6 12 0 0 0 1 1 0 0 1 0 1 1 0 0 1
2014   2 28  5 42 12 446483   -5.24790  -74.90518     5679  41.3  1  0  6 13 0 0 0 1 1 0 0 1 0 1 1 1 0 0
2014   2 28  5 42 13 253244  -10.60521  -57.25451     3933  33.6  1  0  5 10 0 0 1 0 1 0 0 0 0 1 1 1 0 0
2014   2 28  5 42 13 667681    7.44069  -73.93341     6068  40.8  1  0  6 14 0 0 0 1 1 0 0 1 0 0 1 1 0 1
2014   2 28  5 42 13 912493    7.46658  -74.43800     6712  23.3  0  0  5 10 0 0 0 1 1 0 0 1 0 0 0 1 0 1
2014   2 28  5 42 14 465602  -20.59052  -49.20023     3781  58.0  1  0  6 13 0 0 1 1 1 0 0 1 0 0 1 0 0 1
2014   2 28  5 42 14 885396    7.18662  -75.39458     8016  30.1  1  0  5 10 0 0 0 1 1 0 0 1 0 0 0 1 0 1
2014   2 28  5 42 15  52514    7.19394  -75.40607     8117  30.8  1  0  5 10 0 0 0 1 1 0 0 1 0 0 0 1 0 1
2014   2 28  5 42 15 382928    7.47486  -73.98363     5475  66.2  1  0  7 20 0 0 1 1 1 0 0 1 0 1 0 1 0 1
2014   2 28  5 42 16  85297   -4.91942  -70.86362     6150  65.4  1  0  7 20 0 0 1 1 1 0 0 1 0 1 1 0 0 1
2014   2 28  5 42 16 169372    3.56566  -76.07352    11707  11.8  0  0  4  6 0 0 1 1 1 0 0 0 0 1 0 0 0 0
2014   2 28  5 42 16 256804    6.72773  -78.31456     6622  54.4  1  0  6 13 0 0 1 1 0 0 0 1 0 0 1 1 0 1
2014   2 28  5 42 16 376441  -20.83563  -49.21756     4076  67.3  2  0  6 13 0 0 1 1 1 0 0 1 0 0 1 0 0 1
2014   2 28  5 42 16 538435  -16.18695  160.56155   214837  57.0  2  0  5 10 0 0 1 1 1 0 0 1 0 0 1 0 0 0
2014   2 28  5 42 16 647401  -13.08575  157.37256     6861   1.5  0  0  4  6 0 0 0 1 0 0 0 1 0 0 1 1 0 0
2014   2 28  5 42 16 717787  -14.09311  159.51982    26903  58.7  2  0  5 10 0 0 1 0 1 0 0 0 0 1 1 1 0 0
2014   2 28  5 42 16 862013   -6.22322  -43.61374     5790  53.4  2  0  5 10 0 0 1 1 1 0 0 1 0 0 0 0 0 1
2014   2 28  5 42 16 961175  -32.08844 -138.21054    30765  56.0  2  0  5 10 0 0 0 1 0 0 0 1 0 0 1 1 0 1
2014   2 28  5 42 18 773656   -7.54412  154.48738    12520  21.9  0  0  5  9 0 0 0 1 0 0 0 0 0 1 1 1 0 1
2014   2 28  5 42 18 788277    1.29964    1.57443    15471  66.7  2  0  6 15 0 0 1 1 0 0 0 1 0 0 1 1 0 1
2014   2 28  5 42 18 986673    5.32322  -73.58459     9083  83.3  2  0  6 14 0 0 0 1 1 0 0 1 0 0 1 1 0 1
2014   2 28  5 42 19  45454  -20.83981  -46.92077     3947  66.8  2  0  6 15 0 0 1 1 1 0 0 1 0 0 1 0 0 1
2014   2 28  5 42 19 334841  -16.03139  -51.21798     3779  81.4  2  0  7 21 0 0 1 0 1 0 0 1 0 1 1 1 0 1
2014   2 28  5 42 19 385094    5.00317  -72.42773     5510  88.1  2  0  7 20 0 0 1 1 0 0 0 1 0 1 1 1 0 1
2014   2 28  5 42 19 988206  -16.03471  -51.49578     4384  94.5  2  0  6 15 0 0 0 1 1 0 0 1 0 1 1 1 0 0
2014   2 28  5 42 20 129919  -22.44314  -45.67440     4133  53.0  2  0  5  9 0 0 1 1 1 0 0 0 0 0 1 0 0 1
2014   2 28  5 42 20 191302  -33.46920  -39.58191     7418  80.1  2  0  6 15 0 0 1 1 1 0 0 1 0 0 1 0 0 1
2014   2 28  5 42 20 231810  -33.46053  -39.59600     7411  79.9  2  0  6 15 0 0 1 1 1 0 0 1 0 0 1 0 0 1
2014   2 28  5 42 20 388543  -33.49979  -39.61493     7522  81.9  2  0  6 15 0 0 1 1 1 0 0 1 0 0 1 0 0 1
2014   2 28  5 42 20 416751  -32.31630  -40.53795     5926  23.3  0  0  5  8 0 0 0 1 1 0 0 1 0 0 1 0 0 1
2014   2 28  5 42 20 553911  -32.42057  -40.54869     5915  24.8  0  0  5 10 0 0 0 1 1 0 0 1 0 0 1 0 0 1
2014   2 28  5 42 21 100536  -19.02063 -143.30191    18287  96.3  2  0  7 21 0 0 1 1 1 0 0 1 0 0 1 1 0 1
2014   2 28  5 42 21 436644  -19.48080  -16.68618    25722  66.2  2  0  5 10 0 0 0 1 1 0 0 0 0 0 1 1 0 1
2014   2 28  5 42 23 234310   10.03760 -103.97505    17356  21.6  1  0  4  6 0 0 1 1 1 0 0 1 0 0 0 0 0 0
2014   2 28  5 42 23 449353    4.60496  151.35526    14896  47.7  1  0  5  9 0 0 1 1 0 0 0 1 0 0 1 1 0 0
2014   2 28  5 42 23 485261    5.08799  149.77756    62686 118.6  2  0  6 15 0 0 1 1 1 0 0 1 0 0 1 0 0 1
2014   2 28  5 42 23 957632  -16.06403  -66.16217    11801  26.4  0  0  5 10 0 0 0 1 1 0 0 0 0 1 1 0 0 1
2014   2 28  5 42 23 964019  -12.00628  -73.39075     6034 129.8  2  0  7 21 0 0 1 1 1 0 0 1 0 0 1 1 0 1
2014   2 28  5 42 24 123085  -12.30263  -72.76466     5078   3.4  0  0  5  9 0 0 0 1 1 0 0 1 0 0 1 0 0 1
2014   2 28  5 42 24 129420    3.99298  -83.00814     3997  14.8  0  0  7 21 0 0 0 1 1 0 0 1 0 1 1 1 0 1
2014   2 28  5 42 24 206448    3.97635  -83.03724     4992  17.5  0  0  6 14 0 0 0 1 1 0 0 1 0 0 1 1 0 1
2014   2 28  5 42 24 254841    3.70543  -82.59315     3863   8.3  0  0  7 20 0 0 1 1 1 0 0 1 0 1 1 0 0 1
2014   2 28  5 42 24 423979  -12.19876  -72.92545     4164   7.2  0  0  5  9 0 0 0 1 1 0 0 0 0 0 1 1 0 1
2014   2 28  5 42 24 482322    4.00200  -83.04334     4630  16.4  0  0  6 15 0 0 0 1 1 0 0 1 0 1 1 1 0 0
2014   2 28  5 42 24 704360  -12.24109  -72.93465     2723  19.5  0  0  7 21 0 0 1 1 1 0 0 1 0 0 1 1 0 1
2014   2 28  5 42 24 875553    1.02036    2.59268     9044   7.7  0  0  5  8 0 0 1 1 0 0 0 0 0 0 1 1 0 1
2014   2 28  5 42 25  66506  -12.19206  -73.45779     4194  32.8  0  0  7 21 0 0 0 1 1 0 0 1 0 1 1 1 0 1
2014   2 28  5 42 25  76686  -12.33291  -73.06145     3465  17.1  0  0  6 15 0 0 0 1 1 0 0 1 0 0 1 1 0 1
2014   2 28  5 42 25 311262  -23.79986 -136.95763    11034  14.5  0  0  6 15 0 0 1 0 1 0 0 1 0 1 1 0 0 1
2014   2 28  5 42 25 371727  -22.03860 -140.74503     6953  16.7  0  0  6 15 0 0 1 1 0 0 0 1 0 1 1 1 0 0
2014   2 28  5 42 25 596735  -15.95566  -51.10611     2414  18.4  0  0  7 21 0 0 0 1 1 0 0 1 0 1 1 1 0 1
2014   2 28  5 42 25 613112  -22.49318 -139.60930     6793  12.0  0  0  6 14 0 0 1 0 1 0 0 1 0 0 1 1 0 1
2014   2 28  5 42 25 616711  -20.62381  -49.07631     2626  22.7  0  0  6 15 0 0 1 1 1 0 0 1 0 1 0 0 0 1
2014   2 28  5 42 26 599173   -6.49267  -73.92720     6596  33.6  1  0  5  9 0 0 1 1 1 0 0 1 0 1 0 0 0 0
2014   2 28  5 42 26 633497   -6.09406  -74.37518     3717  12.1  0  0  4  6 0 0 1 1 0 0 0 0 0 0 1 1 0 0
2014   2 28  5 42 26 640316   -6.36854  -74.04942     9206  21.2  0  0  5  9 0 0 0 1 1 0 0 1 0 0 1 0 0 1
2014   2 28  5 42 26 651505   -6.14216  -74.27171     5416  48.0  1  0  5 10 0 0 1 0 0 0 0 1 0 1 1 1 0 0
2014   2 28  5 42 26 744358   -6.10355  -74.30595     3901  27.6  0  0  5 10 0 0 1 1 1 0 0 0 0 0 0 1 0 1
2014   2 28  5 42 26 840815   -6.11356  -74.25294     4014  42.0  1  0  6 15 0 0 1 1 0 0 0 0 0 1 1 1 0 1
2014   2 28  5 42 26 910931   -6.13024  -74.42086     5887  27.6  0  0  5 10 0 0 0 1 1 0 0 0 0 0 1 1 0 1
2014   2 28  5 42 27   2943   -6.43424  -73.97046     4344  34.5  0  0  7 20 0 0 1 1 1 0 0 1 0 1 1 0 0 1
2014   2 28  5 42 27 118248   -6.14138  -74.31727     4904  53.0  1  0  6 14 0 0 1 1 1 0 0 1 0 1 0 1 0 0
2014   2 28  5 42 27 220803   -6.15468  -74.54063     4885  29.9  0  0  6 14 0 0 0 1 1 0 0 1 0 0 1 1 0 1
2014   2 28  5 42 27 343755   -6.09003  -74.30654     3595  30.6  0  0  6 15 0 0 1 1 1 0 0 0 0 0 1 1 0 1
2014   2 28  5 42 27 361681  -20.91328  -46.89949     2829   9.3  0  0  5 10 0 0 1 1 1 0 0 0 0 0 1 0 0 1
2014   2 28  5 42 27 448118   -6.41456  -73.97618     4442  37.6  0  0  7 21 0 0 1 1 1 0 0 1 0 1 1 0 0 1
2014   2 28  5 42 27 705935   -7.35881    5.25747    32418  24.5  0  0  5 10 0 0 1 1 1 0 0 0 0 0 1 0 0 1
2014   2 28  5 42 27 962610  -20.94956  -50.84878     3770  51.3  1  0  6 11 0 0 0 1 1 0 0 1 0 1 1 0 0 1
2014   2 28  5 42 28  22493   -6.11844  -74.28551     3815  48.6  0  0  7 21 0 0 1 1 1 0 0 0 0 1 1 1 0 1
2014   2 28  5 42 28  63558   -6.11705  -74.51868     7651  31.8  1  0  4  6 0 0 0 1 0 0 0 0 0 0 1 1 0 1
2014   2 28  5 42 28 838377   -6.15001  -74.66335     4991  42.0  1  0  6 15 0 0 0 1 1 0 0 1 0 0 1 1 0 1
2014   2 28  5 42 29 257568  -33.61023  -39.14857     7609  49.4  1  0  5 10 0 0 1 0 0 0 0 1 0 0 1 1 0 1
2014   2 28  5 42 29 313862  -28.34223  -43.01044     4402  21.1  0  0  5  9 0 0 0 1 0 0 0 0 0 1 1 0 1 1
2014   2 28  5 42 29 334595  -28.57442  -42.86810     3283  38.2  0  0  7 21 0 0 1 1 1 0 0 1 0 1 1 0 0 1
2014   2 28  5 42 29 372739  -28.56535  -42.86459     3567  46.0  0  0  7 20 0 0 1 1 0 0 0 1 0 1 1 1 0 1
2014   2 28  5 42 29 392604  -28.56805  -42.83801     4535  46.0  0  0  7 19 0 0 1 0 1 0 0 1 0 1 1 1 0 1
2014   2 28  5 42 29 405347  -28.61639  -42.77940     3586  31.7  0  0  6 15 0 0 1 1 1 0 0 1 0 0 1 0 0 1
2014   2 28  5 42 29 473918    3.81037  149.88391     7622  54.3  1  0  7 21 0 0 1 1 1 0 0 1 0 0 1 1 0 1
2014   2 28  5 42 29 638219  -33.54114  -39.40061     4732  41.4  1  0  6 15 0 0 1 1 1 0 0 1 0 0 1 0 0 1
2014   2 28  5 42 30  41073    7.39399  -73.73589     6367  91.8  2  0  7 21 0 0 1 1 1 0 0 1 0 1 0 1 0 1
2014   2 28  5 42 30 484643  -14.03582  159.84711     9346  54.6  1  0  7 21 0 0 1 1 1 0 0 1 0 0 1 1 0 1
2014   2 28  5 42 30 777574    7.45064  -74.30058     8017  52.9  1  0  6 12 0 0 0 1 1 0 0 1 0 0 1 1 0 1
2014   2 28  5 42 31 544803  -24.64769  -45.14949     3398  55.5  1  0  7 21 0 0 1 1 1 0 0 1 0 1 1 0 0 1
2014   2 28  5 42 31 991659  -20.75856  -46.92559     3952  45.9  1  0  5 10 0 0 1 1 0 0 0 1 0 0 1 0 0 1
2014   2 28  5 42 32  44753  -20.78787  -46.91311     3479  50.2  1  0  6 15 0 0 1 1 1 0 0 1 0 0 1 0 0 1
2014   2 28  5 42 33  15112   -5.61713    5.78227    28746  51.1  2  0  5  9 0 0 1 1 0 0 0 1 0 0 1 0 0 1
2014   2 28  5 42 33 758843  -21.17312  -49.35475     4523  91.9  2  0  7 16 0 0 0 1 1 0 0 1 0 0 1 1 1 1
2014   2 28  5 42 33 843933  -21.10208  -49.33521     3744  90.0  2  0  7 20 0 0 1 0 1 0 0 1 0 1 1 1 0 1
2014   2 28  5 42 33 965628  -21.11648  -49.39477     3899  95.4  2  0  7 20 0 0 1 1 1 0 0 1 0 1 1 1 0 0
2014   2 28  5 42 34  15796  -21.08477  -49.31929     4840  80.6  2  0  6 13 0 0 1 0 1 0 0 1 0 1 1 1 0 0
2014   2 28  5 42 34  76502  -21.10327  -49.48494     3125  55.2  1  0  7 19 0 0 0 1 1 0 0 1 0 1 1 1 0 1
2014   2 28  5 42 34 202549  -21.10790  -49.36695     3696  85.0  2  0  7 19 0 0 1 0 1 0 0 1 0 1 1 1 0 1
2014   2 28  5 42 34 497020  -15.95440  -50.76030     3367  24.3  0  0  5 10 0 0 1 0 1 0 0 1 0 0 1 0 0 1
2014   2 28  5 42 36 159939  -28.39481  -42.95993     5315  67.2  2  0  6 15 0 0 1 1 1 0 0 1 0 0 1 0 0 1
2014   2 28  5 42 36 538184   12.05898  -89.25804    19479 106.1  2  0  7 20 0 0 1 1 1 0 0 1 0 1 1 0 0 1
2014   2 28  5 42 37 362332   -6.12132  -43.58536     6260  76.5  2  0  5 10 0 0 1 1 0 0 0 1 0 0 1 0 0 1
2014   2 28  5 42 37 745969  -20.65353  -49.19963     4180 122.4  2  0  7 21 0 0 1 1 1 0 0 1 0 1 1 0 0 1
2014   2 28  5 42 37 828130  -20.55181  -49.21243     5005 140.1  2  0  7 19 0 0 1 1 1 0 0 1 0 0 1 1 0 1
2014   2 28  5 42 37 968584  -21.86970  -46.32846     4482  90.1  2  0  6 15 0 0 1 1 1 0 0 1 0 0 1 0 0 1
2014   2 28  5 42 38  15289  -21.86627  -46.32740     4504  90.9  2  0  6 15 0 0 1 1 1 0 0 1 0 0 1 0 0 1
2014   2 28  5 42 38 572891  -21.50805  -46.93637     5209  49.5  1  0  5  9 0 0 1 1 0 0 0 1 0 1 1 0 0 0
2014   2 28  5 42 38 925037    7.69089  -74.95738    14003 120.6  2  0  6 14 0 0 0 1 1 0 0 1 0 0 1 1 0 1
2014   2 28  5 42 39 302021  -20.75320  -47.19589     4381 129.0  2  0  7 21 0 0 1 1 1 0 0 1 0 1 1 0 0 1
2014   2 28  5 42 39 483083  -16.43412  -52.09389     3548  23.4  0  0  5  9 0 0 0 1 1 0 0 1 0 0 0 1 0 1
2014   2 28  5 42 39 512660  -16.02646  -51.48093     2897   1.0  0  0  4  6 0 0 1 1 0 0 0 1 0 0 1 0 0 0
2014   2 28  5 42 39 877660  -15.98289  -51.53495     2898   0.8  0  0  4  6 0 0 1 1 0 0 0 1 0 0 1 0 0 0
2014   2 28  5 42 40 745463   30.66152 -130.22786     7053  18.4  0  0  7 20 0 0 1 1 1 0 0 1 0 0 1 1 0 1
2014   2 28  5 42 40 818144   30.34633 -127.57350    25306  38.0  0  0  6 15 0 0 0 1 1 0 0 1 0 0 1 1 0 1
2014   2 28  5 42 40 998445   29.73705 -128.53204    22401  37.3  0  0  6 12 0 0 1 1 1 0 0 1 0 0 0 0 1 1
2014   2 28  5 42 41  11319    7.48761  -73.55959     6829  50.2  1  0  6 15 0 0 0 1 1 0 0 1 0 0 1 1 0 1
2014   2 28  5 42 41 225641   -6.12444  -74.29470     2717  10.0  0  0  6 15 0 0 1 1 1 0 0 0 0 0 1 1 0 1
2014   2 28  5 42 41 317541   -6.15539  -74.42028     3521  17.0  0  0  6 15 0 0 0 1 1 0 0 1 0 0 1 1 0 1
2014   2 28  5 42 41 823063    4.96790  -71.79626     2961  16.6  0  0  7 20 0 0 1 1 1 0 0 0 0 1 1 1 0 1
2014   2 28  5 42 42 273822    4.17420  -83.12324     5178  22.4  0  0  6 15 0 0 0 1 1 0 0 1 0 0 1 1 0 1
2014   2 28  5 42 42 414841  -33.73501  -39.09970     3968  19.4  0  0  5 10 0 0 1 1 1 0 0 0 0 0 1 0 0 1
2014   2 28  5 42 42 422529  -33.74891  -39.11255     3551  22.8  0  0  6 15 0 0 1 1 1 0 0 1 0 0 1 0 0 1
2014   2 28  5 42 42 918932   -4.21944  -70.98031     3664  26.0  0  0  6 15 0 0 0 1 0 0 0 1 0 1 1 1 0 1
2014   2 28  5 42 43 136326   -4.24255  -70.96802     5789  29.0  0  0  5  9 0 0 0 1 0 0 0 0 0 1 1 1 0 1
2014   2 28  5 42 44 263572    1.98446  -66.49959     5462  33.7  1  0  5  8 0 0 0 1 1 0 0 1 0 0 1 1 0 0
2014   2 28  5 42 45 368175   -3.93474  -70.93281     4308  30.6  1  0  5 10 0 0 0 1 0 0 0 1 0 0 1 1 0 1
2014   2 28  5 42 45 398269   -4.05803  -71.21928     4829  22.8  0  0  5 10 0 0 0 1 1 0 0 1 0 0 0 1 0 1
2014   2 28  5 42 45 466907   -3.94672  -70.96577     5024  41.6  1  0  5 10 0 0 0 1 1 0 0 1 0 0 1 1 0 0
2014   2 28  5 42 45 745391    3.54253  146.23422    22093  58.9  2  0  5 10 0 0 1 1 1 0 0 0 0 0 1 1 0 0
2014   2 28  5 42 45 883788  -22.65069   48.57601    19092  31.5  1  0  5 10 0 0 1 1 0 0 0 1 0 0 1 0 0 1
2014   2 28  5 42 47 707655  -19.86048 -141.12825    41288  57.3  2  0  5 10 0 0 1 1 1 0 0 1 0 0 1 0 0 0
2014   2 28  5 42 47 973867  -20.27316 -140.08040    41368  61.5  2  0  5 10 0 0 1 1 1 0 0 1 0 0 0 0 0 1
2014   2 28  5 42 48 375126    1.65111    0.96215    36418  70.5  2  0  6 12 0 0 1 1 1 0 0 1 0 0 1 0 0 1
2014   2 28  5 42 48 649876    7.41107  -75.09921     7473  72.2  2  0  7 21 0 0 0 1 1 0 0 1 0 1 1 1 0 1
2014   2 28  5 42 48 761764  -29.73466  -42.94850     7881  28.1  1  0  4  6 0 0 0 1 0 0 0 1 0 0 1 0 0 1
2014   2 28  5 42 48 779803  -30.06456  -42.73243     5765  64.0  2  0  5 10 0 0 1 1 1 0 0 0 0 1 1 0 0 0
2014   2 28  5 42 48 800233  -30.16526  -42.35840     6872  48.7  1  0  5 10 0 0 1 0 1 0 0 1 0 0 1 0 0 1
2014   2 28  5 42 48 844783  -30.04267  -42.96081     6322  26.6  1  0  4  6 0 0 1 1 0 0 0 1 0 0 0 0 0 1
2014   2 28  5 42 48 857741  -30.03503  -42.94666     3168  36.9  0  0  7 17 0 0 1 1 1 0 0 1 0 1 0 1 0 1
2014   2 28  5 42 48 959116  -30.12310  -42.67193     6123  56.1  2  0  5 10 0 0 1 1 1 0 0 1 0 0 1 0 0 0
2014   2 28  5 42 48 965594  -29.99010  -42.93785     4492  34.9  1  0  5  8 0 0 1 1 0 0 0 0 0 1 0 1 0 1
2014   2 28  5 42 48 998774  -30.12596  -42.64987     6168  57.6  2  0  5 10 0 0 1 1 1 0 0 1 0 0 1 0 0 0
2014   2 28  5 42 49  88212   -6.07258  -75.32800     4522  18.0  0  0  5 10 0 0 0 0 1 0 0 1 0 1 0 1 0 1
2014   2 28  5 42 49 254735  -13.50704  159.33292     7642   6.5  0  0  4  6 0 0 0 1 0 0 0 1 0 0 1 1 0 0
2014   2 28  5 42 49 752297   -6.00901  -74.53595     4714  80.2  2  0  7 21 0 0 1 1 1 0 0 1 0 0 1 1 0 1
2014   2 28  5 42 49 784099   -6.11539  -74.88651     7141  88.4  2  0  7 21 0 0 0 1 1 0 0 1 0 1 1 1 0 1
2014   2 28  5 42 49 944646  -20.58428  -49.22230     4148  82.7  2  0  6 15 0 0 1 1 1 0 0 1 0 1 1 0 0 0
2014   2 28  5 42 50 731040   -5.86820  -75.76450    10374  58.3  2  0  5 10 0 0 0 1 1 0 0 1 0 0 0 1 0 1
2014   2 28  5 42 50 983849    5.25534  -72.57955     8915  85.7  2  0  6 14 0 0 0 1 1 0 0 1 0 0 1 1 0 1
2014   2 28  5 42 51 199358  -15.95602  -51.25605     4004  90.8  2  0  7 21 0 0 1 0 1 0 0 1 0 1 1 1 0 1
2014   2 28  5 42 51 240682  -16.08229  -51.29484     3850  87.9  2  0  7 21 0 0 1 1 1 0 0 1 0 1 1 0 0 1
2014   2 28  5 42 51 344681  -29.24141 -135.46158    19806 104.1  2  0  7 21 0 0 1 1 1 0 0 1 0 1 0 1 0 1
2014   2 28  5 42 51 390605  -29.21711 -135.83025    28434  72.1  2  0  6 13 0 0 1 0 1 0 0 1 0 0 1 1 0 1
2014   2 28  5 42 51 400794  -16.01007  -51.46200     3919  96.5  2  0  7 20 0 0 0 1 1 0 0 1 0 1 1 1 0 1
2014   2 28  5 42 51 922945  -20.76811  -46.98121     4453  77.6  2  0  6 14 0 0 1 1 1 0 0 1 0 0 1 0 0 1
2014   2 28  5 42 52 627378   -2.24227  -72.70352     4369  65.8  1  0  7 19 0 0 1 1 0 0 0 1 1 0 1 1 1 0
2014   2 28  5 42 52 712621   -6.55070  172.51711    18461  30.6  1  0  4  6 0 0 0 1 0 0 0 1 0 0 1 1 0 0
2014   2 28  5 42 53 477677  -33.29663  -39.88248     8916 123.7  2  0  6 15 0 0 1 1 1 0 0 0 0 1 1 1 0 0
2014   2 28  5 42 53 551521  -33.27551  -40.37027     3853  57.2  1  0  7 19 0 0 1 1 1 0 0 1 0 1 0 1 0 1
2014   2 28  5 42 53 606060   -6.64510  172.55655    16644  80.7  2  0  6 15 0 0 1 1 0 0 0 1 0 0 1 1 0 1
2014   2 28  5 42 53 611043   -6.02315  -75.06525     9499 108.7  2  0  6 15 0 0 0 1 1 0 0 1 0 0 1 1 0 1
2014   2 28  5 42 53 640045  -31.47364 -140.62012    25689  97.1  2  0  6 15 0 0 1 1 1 0 0 1 0 0 1 1 0 0
2014   2 28  5 42 53 692095  -23.49327  -46.51289     5769 116.0  2  0  6 15 0 0 1 1 1 0 0 1 0 0 1 0 0 1
2014   2 28  5 42 53 702389  -23.60000  -46.10791     3182   4.2  0  0  4  6 0 0 1 0 0 0 0 1 0 0 1 0 0 1
2014   2 28  5 42 53 901282   -6.72701  -77.72033     6320   9.2  0  0  5  7 0 0 0 1 1 0 0 0 0 1 0 1 0 1
2014   2 28  5 42 54 216135  -20.61125  -47.28086     3666  21.3  1  0  4  6 0 0 1 1 0 0 0 1 0 0 1 0 0 0
2014   2 28  5 42 55  43869   -6.65903  174.44049     9017   5.8  0  0  4  6 0 0 1 0 0 0 0 1 0 0 1 1 0 0
2014   2 28  5 42 55 482809    6.72913  -80.66506    11521  77.1  2  0  6 15 0 0 0 1 1 0 0 1 0 1 0 1 1 0
2014   2 28  5 42 55 639738    7.79499  -75.10487    12222 133.1  2  0  7 20 0 0 0 1 1 0 0 1 0 1 1 1 0 1
2014   2 28  5 42 56 199313   -9.25739  -75.88915     4579   6.9  0  0  6 11 0 0 1 1 1 0 0 1 0 0 1 0 0 1
2014   2 28  5 42 58 153214   -6.13637  -74.47482     3706  20.9  0  0  6 15 0 0 0 1 0 0 0 1 0 1 1 1 0 1
2014   2 28  5 42 58 236850   -6.09456  -74.25155     3202  21.2  0  0  6 15 0 0 1 1 0 0 0 0 0 1 1 1 0 1
2014   2 28  5 42 58 326667   -6.11174  -74.31306     3108  28.9  0  0  7 21 0 0 1 1 0 0 0 1 0 1 1 1 0 1
2014   2 28  5 42 58 490533   -6.08575  -74.25701     3150  19.8  0  0  6 15 0 0 1 1 1 0 0 0 0 0 1 1 0 1
2014   2 28  5 42 58 647434   -6.11297  -74.25497     4078  33.2  0  0  6 14 0 0 1 0 1 0 0 1 0 1 0 1 0 1
2014   2 28  5 42 58 796564   -6.10670  -74.32989     3623  34.7  0  0  6 15 0 0 1 1 1 0 0 1 0 1 0 1 0 0
2014   2 28  5 42 58 822078   -6.13574  -74.48669     6446  25.1  0  0  5  9 0 0 0 0 1 0 0 1 0 0 1 1 0 1
2014   2 28  5 43  0 627832   -2.84983  -72.58424     4374  17.8  0  0  5 10 0 0 0 1 0 0 0 1 0 1 0 1 0 1
2014   2 28  5 43  0 817503   -6.10392  -74.32344     3717  43.1  0  0  7 21 0 0 1 0 1 0 0 1 0 1 1 1 0 1
2014   2 28  5 43  1  60324   -6.12110  -74.69621     5757  43.6  1  0  5 10 0 0 0 1 0 0 0 1 0 1 1 1 0 0
2014   2 28  5 43  1 351244  -28.53814  -42.60567     3359  27.0  0  0  6 15 0 0 1 1 1 0 0 1 0 0 1 0 0 1
2014   2 28  5 43  2 151912    6.72913  -77.21866     6513  44.2  1  0  6 15 0 0 0 1 1 0 0 1 0 0 1 1 0 1
2014   2 28  5 43  3  39280  -21.64523 -141.91162    13111  47.8  1  0  6 15 0 0 1 1 1 0 0 1 0 0 1 1 0 0
2014   2 28  5 43  3  53758  -21.84960 -140.69522    11992  52.5  1  0  7 21 0 0 1 0 1 0 0 1 0 1 1 1 0 1
2014   2 28  5 43  3 707496    7.69409  -74.42359    18932  57.4  2  0  5  7 0 0 0 1 0 0 0 1 0 0 1 1 0 1
2014   2 28  5 43  4 673094    4.24444  -83.19518     5721  65.9  1  0  7 21 0 0 1 1 0 0 0 1 0 1 1 1 0 1
2014   2 28  5 43  4 888877  -15.90330  -51.09598     3522  68.4  1  0  7 21 0 0 1 0 1 0 0 1 0 1 1 1 0 1
2014   2 28  5 43  4 916040   -2.92525  -51.99820     5381  24.4  1  0  4  6 0 0 1 0 0 0 0 0 0 1 0 1 0 1
2014   2 28  5 43  5 220713  -25.87624 -135.35258    14208  70.6  2  0  7 21 0 0 1 1 1 0 0 1 0 0 1 1 0 1
2014   2 28  5 43  5 878604  -16.06076  -50.99837     4137  66.2  2  0  6 15 0 0 1 1 1 0 0 1 0 0 1 0 0 1
2014   2 28  5 43  6  51781  -23.62411  -45.94231     3786  15.2  0  0  4  6 0 0 1 1 0 0 0 1 0 0 1 0 0 0
2014   2 28  5 43  6  88456  -23.62188  -45.76900     5459  63.3  2  0  5 10 0 0 1 0 1 0 0 1 0 0 1 0 0 1
2014   2 28  5 43  6 229368  -16.04265  -51.14001     3509  69.3  1  0  7 21 0 0 1 1 1 0 0 1 0 1 1 0 0 1
2014   2 28  5 43  6 532684  -16.02953  -51.16941     4477  75.1  2  0  6 15 0 0 0 1 1 0 0 1 0 0 1 1 0 1
2014   2 28  5 43  7 362261   -6.01657  -74.53680     5633 107.0  2  0  7 21 0 0 1 1 0 0 0 1 0 1 1 1 0 1
2014   2 28  5 43  7 390432   -6.00428  -74.36938     6100 108.0  2  0  7 21 0 0 1 1 1 0 0 0 0 1 1 1 0 1
2014   2 28  5 43  7 736021  -28.32602  -43.21200     8155  29.8  0  0  5 10 0 0 0 1 1 0 0 1 0 1 0 0 0 1
2014   2 28  5 43  7 894862  -27.97331  -43.35349     3846  32.4  0  0  6 15 0 0 0 1 1 0 0 1 0 1 1 0 0 1
2014   2 28  5 43  8  21165  -28.33868  -43.23922     3942  30.3  1  0  5 10 0 0 1 1 1 0 0 1 0 0 0 0 0 1
2014   2 28  5 43  8  49019   -6.11545  -75.08448     9533 108.6  2  0  6 15 0 0 0 1 1 0 0 1 0 1 1 1 0 0
2014   2 28  5 43  8  79262  -28.34759  -43.00657     4958  60.5  2  0  6 15 0 0 1 1 1 0 0 1 0 0 1 0 0 1
2014   2 28  5 43  8  98754   -6.29948  -75.77939    11547  67.3  2  0  5 10 0 0 0 1 1 0 0 1 0 0 0 1 0 1
2014   2 28  5 43  8 129487  -28.33156  -43.00962     6298  67.0  2  0  5 10 0 0 1 1 1 0 0 0 0 0 1 0 0 1
2014   2 28  5 43  8 162727   -6.45477  -76.37244     8423  82.4  2  0  7 21 0 0 0 1 1 0 0 1 0 1 0 1 1 1
2014   2 28  5 43  9 653531    5.90233  -72.77904    16689 103.8  2  0  6 15 0 0 1 1 1 0 0 1 0 1 0 0 0 1
2014   2 28  5 43 10 116972  -12.13059  -73.07803     5306 102.8  2  0  7 21 0 0 1 0 1 0 0 1 0 1 1 1 0 1
2014   2 28  5 43 10 865984  -24.23750  -45.93536     5427 103.0  2  0  6 15 0 0 1 1 1 0 0 1 0 0 1 0 0 1
2014   2 28  5 43 10 968642  -24.01254  -46.19577     4684  67.3  2  0  6 11 0 0 1 1 1 0 0 1 0 0 1 1 0 0
2014   2 28  5 43 11 411039   -6.58010  -73.69839     9670 126.8  2  0  7 21 0 0 1 1 1 0 0 1 0 1 1 0 0 1
2014   2 28  5 43 12 122402   -7.29581  -59.29339     3896   7.2  0  0  6 15 0 0 1 1 1 0 0 0 0 1 1 0 0 1
2014   2 28  5 43 12 473848  -33.70106  -39.03658     2790  14.0  0  0  7 21 0 0 1 1 1 0 0 1 0 1 1 0 0 1
2014   2 28  5 43 12 603403  -33.73308  -38.93603     5450  15.3  0  0  5 10 0 0 0 1 1 0 0 1 0 0 1 0 0 1
2014   2 28  5 43 12 764478   -7.29638   13.08022     7745   5.3  0  0  6 13 0 0 1 1 1 0 0 1 0 0 1 0 0 1
2014   2 28  5 43 12 826288  -33.65384  -39.07249     4252  13.4  0  0  6 14 0 0 0 1 1 0 0 0 0 1 1 1 0 1
2014   2 28  5 43 12 882517  -33.70122  -39.09341     2773  13.7  0  0  7 21 0 0 1 1 1 0 0 1 0 1 1 0 0 1
2014   2 28  5 43 13  35068   -0.12299   -1.68612    11230   5.7  0  0  5  8 0 0 1 1 1 0 0 1 0 0 0 0 0 1
2014   2 28  5 43 13 225514  -22.57136  -47.43773     2802  26.2  0  0  6 14 0 0 0 1 0 0 0 1 0 1 1 1 0 1
2014   2 28  5 43 13 724812   -6.12563  -74.47792     3411  14.8  0  0  6 15 0 0 0 1 1 0 0 1 0 0 1 1 0 1
2014   2 28  5 43 13 797422   -6.12548  -74.47980     3410  14.9  0  0  6 15 0 0 0 1 1 0 0 1 0 0 1 1 0 1
2014   2 28  5 43 14 676615  -34.14901 -122.81396    14107  12.5  0  0  5 10 0 0 1 0 1 0 0 1 0 0 1 0 0 1
2014   2 28  5 43 14 979437  -29.34897 -134.51183    10015  15.9  0  0  5 10 0 0 1 1 0 0 0 0 0 0 1 1 0 1
2014   2 28  5 43 15 544456    7.94483  -73.65294     4472  31.6  0  0  6 14 0 0 1 1 1 0 0 0 0 1 1 1 0 0
2014   2 28  5 43 15 593816    6.89593  -73.48387    12240  17.5  0  0  5 10 0 0 0 1 1 0 0 1 0 0 1 0 0 1
2014   2 28  5 43 16 528924    7.53018  -74.24906     7956  28.0  0  0  5  7 0 0 0 1 0 0 0 1 0 0 1 1 0 1
2014   2 28  5 43 16 737378  -28.43155  -42.81846     4646  34.3  0  0  6 13 0 0 0 1 1 0 0 1 0 0 1 1 0 1
2014   2 28  5 43 16 800435  -28.61053  -42.69270     2909  25.5  0  0  7 21 0 0 1 1 1 0 0 1 0 1 1 0 0 1
2014   2 28  5 43 16 843997  -28.50742  -42.79634     3400  19.5  0  0  6 15 0 0 0 1 1 0 0 1 0 1 1 0 0 1
2014   2 28  5 43 16 897048  -28.45850  -42.81209     4350  32.9  0  0  6 12 0 0 0 1 1 0 0 1 0 0 1 1 0 1
2014   2 28  5 43 16 977700    5.24993  -73.07870     4146  45.2  0  0  7 19 0 0 1 1 1 0 0 1 0 1 1 1 0 0
2014   2 28  5 43 17  23909    5.26740  -72.84843     5415  56.2  1  0  7 18 0 0 1 1 1 0 0 1 0 0 1 1 0 1
2014   2 28  5 43 17  56947    5.29801  -72.76897     5113  59.5  1  0  6 15 0 0 1 1 1 0 0 1 0 0 0 1 0 1
2014   2 28  5 43 17 126680    5.26222  -73.65449     4823  16.9  0  0  5 10 0 0 0 1 0 0 0 1 0 1 0 1 0 1
2014   2 28  5 43 17 173117  -16.00654  -51.31893     2951  47.2  0  0  7 21 0 0 1 1 1 0 0 1 0 1 1 1 0 0
2014   2 28  5 43 17 258284  -16.27854  -51.02595     3225   9.2  0  0  5 10 0 0 1 1 1 0 0 0 0 0 1 0 0 1
2014   2 28  5 43 17 356760   -1.49715  -72.16060     6406  42.9  1  0  6 15 0 0 0 1 1 0 0 0 0 1 1 1 0 1
2014   2 28  5 43 17 590554  -23.58507  -46.29616     3947  35.3  1  0  5 10 0 0 1 1 0 0 0 1 0 0 1 0 0 1
2014   2 28  5 43 18  61708  -25.98510  -44.48307     3188  45.7  0  0  7 19 0 0 1 1 1 0 0 1 0 1 1 1 0 0
2014   2 28  5 43 18  85103  -26.04201  -44.42549     3306  25.9  0  0  6 13 0 0 1 1 1 0 0 1 0 0 1 0 0 1
2014   2 28  5 43 18 164546  -26.13796  -44.40876     4371  69.2  2  0  6 11 0 0 1 1 0 0 0 1 0 1 0 1 0 1
2014   2 28  5 43 18 264181   -1.48673  -71.97816     5083  58.2  1  0  6 15 0 0 1 1 1 0 0 0 0 1 1 1 0 0
2014   2 28  5 43 18 350183  -28.53080  -42.65598     3697  30.1  0  0  6 14 0 0 1 1 1 0 0 1 0 0 1 0 0 1
2014   2 28  5 43 18 458521  -28.52928  -42.76674     3249  15.5  0  0  5 10 0 0 1 1 1 0 0 1 0 0 0 0 0 1
2014   2 28  5 43 18 612268  -28.52186  -42.66275     3626  31.3  0  0  6 15 0 0 1 1 1 0 0 1 0 0 1 0 0 1
2014   2 28  5 43 18 708239  -25.99267  -44.49173     3212  31.7  0  0  6 13 0 0 1 1 1 0 0 1 0 1 1 0 0 0
2014   2 28  5 43 18 758386  -20.49916  -49.83530     2646  14.0  0  0  6 13 0 0 1 1 1 0 0 1 0 0 1 0 0 1
2014   2 28  5 43 18 768406  -20.52405  -49.81233     3139  33.7  0  0  6 11 0 0 1 1 1 0 0 1 0 0 1 0 0 1
2014   2 28  5 43 18 832324  -25.88235  -44.55397     3300  23.9  0  0  6 12 0 0 0 1 1 0 0 1 0 1 1 0 0 1
2014   2 28  5 43 19 310596  -20.56763  -49.20832     3729  55.2  1  0  7 16 0 0 1 1 1 0 0 1 0 1 1 0 0 1
2014   2 28  5 43 19 537005  -20.58778  -49.21006     4619  40.0  1  0  5  7 0 0 1 1 1 0 0 1 0 0 1 0 0 0
2014   2 28  5 43 19 835367  -32.82150  -41.13918     5580  44.1  0  0  7 21 0 0 0 1 1 0 0 1 0 1 1 1 0 1
2014   2 28  5 43 20 183657  -10.51426  -43.14777     4512  62.9  2  0  6 13 0 0 1 1 1 0 0 0 0 0 1 1 0 1
2014   2 28  5 43 20 232390   -9.39207    4.88104    49139  45.7  1  0  5 10 0 0 1 1 1 0 0 0 0 0 1 0 0 1
2014   2 28  5 43 20 374333  -13.27067  -71.19151     5573  57.9  1  0  6 15 0 0 1 1 1 0 0 1 0 0 1 0 0 1
2014   2 28  5 43 20 390584  -12.99697  -71.49843     4696  66.6  2  0  6 15 0 0 1 1 0 0 0 0 0 1 1 1 0 1
2014   2 28  5 43 20 421743  -13.04650  -71.71210     9804  67.8  2  0  5 10 0 0 0 1 0 0 0 0 0 1 1 1 0 1
2014   2 28  5 43 20 428618  -13.11952  -71.84180     6238  65.9  2  0  6 15 0 0 0 1 1 0 0 1 0 0 1 1 0 1
2014   2 28  5 43 21  86259   40.02148 -106.11416    34513   8.4  0  0  4  6 0 0 1 1 0 0 0 1 0 0 0 1 0 0
2014   2 28  5 43 21 182429   -5.96523  -74.10038     3383  26.8  0  0  6 15 0 0 1 0 1 0 0 0 0 1 1 1 0 1
2014   2 28  5 43 21 359163   -5.99647  -74.33560     4271  59.1  1  0  7 21 0 0 1 0 1 0 0 1 0 1 1 1 0 1
2014   2 28  5 43 21 416703   -5.94084  -74.58884     5094  69.4  2  0  6 15 0 0 1 1 1 0 0 1 0 0 1 1 0 0
2014   2 28  5 43 21 484658   -5.96532  -74.40058     4930  75.8  2  0  7 21 0 0 1 1 1 0 0 0 0 1 1 1 0 1
2014   2 28  5 43 21 647252    6.86373  -79.81084    12341  44.0  1  0  5 10 0 0 0 1 1 0 0 1 0 0 0 1 0 1
2014   2 28  5 43 21 790637   -5.96367  -74.53453     5089  77.1  2  0  7 20 0 0 1 1 1 0 0 1 0 0 1 1 0 1
2014   2 28  5 43 21 861022   -6.05296  -74.95557     8441  74.6  2  0  6 14 0 0 0 1 1 0 0 1 0 0 1 1 0 1
2014   2 28  5 43 22 178428  -23.65122  -45.97160     3790  81.3  2  0  7 21 0 0 1 1 1 0 0 1 0 1 0 1 0 1
2014   2 28  5 43 22 284654   -4.62136  -71.49878     4996  94.9  2  0  7 21 0 0 1 1 1 0 0 1 0 1 1 1 0 0
2014   2 28  5 43 22 347664  -20.69530  -46.78230     3778  30.6  1  0  5  9 0 0 1 0 1 0 0 1 0 0 1 0 0 1
2014   2 28  5 43 22 368092  -20.75272  -46.94073     3801  61.5  2  0  6 15 0 0 1 1 1 0 0 1 0 0 1 0 0 1
2014   2 28  5 43 22 410569  -20.74951  -46.93283     3856  63.3  2  0  6 15 0 0 1 1 1 0 0 1 0 0 1 0 0 1
2014   2 28  5 43 22 513454  -20.71044  -47.08488     3521  81.5  2  0  7 21 0 0 1 1 1 0 0 1 0 1 1 0 0 1
2014   2 28  5 43 22 655954  -23.70879  -45.87249     4559  77.0  2  0  6 15 0 0 1 1 1 0 0 1 0 0 1 0 0 1
2014   2 28  5 43 22 671862   -4.48493  -71.78922     6321  84.3  2  0  6 15 0 0 0 1 0 0 0 1 0 1 1 1 1 0
2014   2 28  5 43 23 350318  -20.79276  -46.93076     4013  69.0  2  0  6 15 0 0 1 1 1 0 0 1 0 0 1 0 0 1
2014   2 28  5 43 25 506120    9.42730  -74.11929    63681  52.1  2  0  5  8 0 0 1 0 1 0 0 0 0 1 1 0 0 1
2014   2 28  5 43 26 997938  -20.91126  -47.08956     3937 105.0  2  0  7 21 0 0 1 1 1 0 0 1 0 1 1 0 0 1
2014   2 28  5 43 28   9964   -6.19974  -74.42362     3752  10.6  0  0  5 10 0 0 0 1 1 0 0 0 0 0 1 1 0 1
2014   2 28  5 43 28  38669   -6.18729  -74.33593     2708   8.1  0  0  6 15 0 0 1 1 1 0 0 0 0 1 1 1 0 0
2014   2 28  5 43 28  72113   -6.18205  -74.34568     2680   9.2  0  0  6 15 0 0 1 1 1 0 0 1 0 1 0 1 0 0
2014   2 28  5 43 28 701062    6.99469  -74.39424     5735   2.5  0  0  4  6 0 0 0 1 0 0 0 1 0 0 0 1 0 1
2014   2 28  5 43 29 143798  -20.72987  -47.00280     2664  12.2  0  0  5 10 0 0 0 1 1 0 0 1 0 0 1 0 0 1
2014   2 28  5 43 29 528069  -21.16392   70.95669    15619   2.7  0  0  4  6 0 0 1 1 0 0 0 0 0 0 1 0 0 1
2014   2 28  5 43 29 714786    4.78522  -71.86403     4225  43.8  0  0  7 21 0 0 1 0 1 0 0 1 0 1 1 1 0 1
2014   2 28  5 43 30 120428    4.79580  -72.44961     4818  16.1  0  0  5 10 0 0 0 1 1 0 0 1 0 0 0 1 0 1
2014   2 28  5 43 30 995935  -13.93793  -53.49229     3138  16.5  0  0  5 10 0 0 1 0 1 0 0 1 0 0 1 0 0 1
2014   2 28  5 43 31  72382  -13.90073  -53.59056     2850  26.8  0  0  6 15 0 0 1 1 1 0 0 0 0 0 1 1 0 1
2014   2 28  5 43 31 538934  -24.98710 -134.86679    14693  33.7  1  0  5 10 0 0 1 1 1 0 0 0 0 0 1 1 0 0
2014   2 28  5 43 31 575364  -15.98691  -51.20924     2689  24.8  0  0  7 19 0 0 1 0 1 0 0 1 0 1 1 1 0 1
2014   2 28  5 43 31 604489  -15.97843  -51.28606     2660  22.6  0  0  6 15 0 0 0 1 0 0 0 1 0 1 1 1 0 1
2014   2 28  5 43 31 708985  -16.16666  -51.17592     4053  16.0  0  0  5  8 0 0 1 1 1 0 0 0 0 1 0 0 0 1
2014   2 28  5 43 31 717251    4.16419  -83.00947     9860  44.7  1  0  5  7 0 0 1 1 1 0 0 0 0 0 1 1 0 0
2014   2 28  5 43 31 922199    4.19825  -83.46574     5274  31.6  0  0  7 21 0 0 0 1 1 0 0 1 0 1 1 1 0 1
2014   2 28  5 43 32  98898    3.79464  -82.73754     7745  33.5  0  0  6 14 0 0 1 1 1 0 0 1 0 0 1 0 0 1
2014   2 28  5 43 32 421961  -15.98095  -51.30549     2875  29.9  0  0  6 15 0 0 1 1 0 0 0 1 0 0 1 1 0 1
2014   2 28  5 43 32 629404  -20.68830  -47.00757     2852  45.3  0  0  7 20 0 0 0 1 1 0 0 1 0 1 1 1 0 1
2014   2 28  5 43 32 638596  -20.65008  -46.93133     2789  38.4  0  0  7 21 0 0 1 0 1 0 0 1 0 1 1 1 0 1
2014   2 28  5 43 32 651233  -20.72746  -46.92826     2904  30.2  0  0  6 15 0 0 1 1 1 0 0 1 0 0 1 0 0 1
2014   2 28  5 43 32 658508  -20.73208  -46.92598     2910  30.4  0  0  6 15 0 0 1 1 1 0 0 1 0 0 1 0 0 1
2014   2 28  5 43 33  56385  -20.80549  -46.89194     3413  18.0  0  0  5  9 0 0 1 1 1 0 0 0 0 0 1 0 0 1
2014   2 28  5 43 33 378725  -28.60231  -42.59905     4110  24.1  0  0  5 10 0 0 1 1 0 0 0 1 0 0 1 0 0 1
2014   2 28  5 43 33 508379  -28.55946  -42.82186     3087   8.7  0  0  5 10 0 0 1 1 1 0 0 1 0 0 0 0 0 1
2014   2 28  5 43 33 949802  -28.32859  -42.89732     3719  14.1  0  0  5 10 0 0 0 1 1 0 0 1 0 0 1 0 0 1
2014   2 28  5 43 34 322896    4.08285  -82.91725     4701  45.7  0  0  7 21 0 0 1 0 1 0 0 1 0 1 1 1 0 1
2014   2 28  5 43 34 394248  -30.13724  -42.66986     3478  39.1  0  0  7 21 0 0 1 1 1 0 0 1 0 1 1 0 0 1
2014   2 28  5 43 34 419969  -30.15321  -42.64832     4367  41.2  1  0  6 15 0 0 1 1 1 0 0 1 0 0 1 0 0 1
2014   2 28  5 43 34 620683    7.13556  -73.86009    30735  57.7  2  0  5 10 0 0 0 1 1 0 0 1 0 0 1 0 0 1
2014   2 28  5 43 35 674829   -5.61610   10.62324    28141  81.5  2  0  6 14 0 0 1 1 1 0 0 0 0 0 1 0 1 1
2014   2 28  5 43 36 249798  -20.75172  -47.02362     4465  59.7  2  0  5 10 0 0 0 1 1 0 0 1 0 0 1 0 0 1
2014   2 28  5 43 36 384913  -20.92688  -46.87488     3314  21.1  0  0  5 10 0 0 1 1 1 0 0 0 0 0 1 0 0 1
2014   2 28  5 43 36 501338  -20.68310  -47.07313     4696  46.6  1  0  5  7 0 0 1 1 0 0 0 1 0 0 1 0 0 1
2014   2 28  5 43 37 192683   -6.01783  -74.71185     5679  67.9  2  0  6 14 0 0 1 1 0 0 0 1 0 1 1 1 0 0
2014   2 28  5 43 37 423836  -21.09010  -49.44294     2990  12.1  0  0  5  8 0 0 1 1 0 0 0 1 0 0 1 0 0 1
2014   2 28  5 43 37 502467   -6.04377  -74.60730     4903  83.2  2  0  7 21 0 0 1 1 1 0 0 1 0 1 1 1 0 0
2014   2 28  5 43 38 248774  -23.53132  -46.54144     7569  52.4  2  0  5  7 0 0 1 1 0 0 0 1 0 0 1 0 0 1
2014   2 28  5 43 39 139484  -29.04882 -137.46194    73926  98.7  2  0  6 15 0 0 0 1 1 0 0 0 0 1 1 1 0 1
2014   2 28  5 43 39 531951    7.76466  -74.78716     8552  88.0  2  0  7 21 0 0 0 1 1 0 0 1 0 1 1 1 0 1
2014   2 28  5 43 42  15754  -13.26834  158.97665    20756  85.4  2  0  6 14 0 0 1 1 0 0 0 1 0 0 1 1 0 1
2014   2 28  5 43 42 118794  -15.02301  -56.40454     4258 101.3  2  0  7 21 0 0 1 1 1 0 0 1 0 0 1 1 0 1
2014   2 28  5 43 43 646225  -19.66723 -141.35112    18017  91.8  2  0  7 21 0 0 1 0 1 0 0 1 0 1 1 1 0 1
2014   2 28  5 43 43 706930  -19.08371 -144.08191    23993  99.5  2  0  6 15 0 0 1 1 0 0 0 1 0 0 1 1 0 1
2014   2 28  5 43 43 791544  -20.78424 -139.28165    45257 132.6  2  0  7 21 0 0 1 1 1 0 0 1 0 1 1 0 0 1
2014   2 28  5 43 43 863503    5.70497  149.33182    15718  56.0  2  0  5  9 0 0 1 1 0 0 0 1 0 0 1 1 0 0
2014   2 28  5 43 43 958825  -28.45907  -42.94341     8464  82.0  2  0  6 11 0 0 1 0 1 0 0 1 0 1 1 0 1 0
2014   2 28  5 43 44 352914  -28.69441  -42.47438     3021   6.7  0  0  5 10 0 0 1 1 1 0 0 1 0 0 0 0 0 1
2014   2 28  5 43 44 781924   -6.30979    6.88593    19906   8.5  0  0  5 10 0 0 1 1 1 0 0 0 0 0 1 0 0 1
2014   2 28  5 43 44 913178  -31.71384   17.98287     6478   8.5  0  0  6 15 0 0 1 1 1 0 0 1 0 0 1 0 0 1
2014   2 28  5 43 45 402659  -12.36857  -73.03633     7282  17.1  0  0  5  9 0 0 0 1 1 0 0 1 0 0 1 0 0 1
2014   2 28  5 43 45 777315  -12.34277  -73.46397     5179  10.4  0  0  4  6 0 0 0 1 0 0 0 1 0 0 0 1 0 1
2014   2 28  5 43 45 978917  -20.71096  -46.95140     2850  17.2  0  0  5 10 0 0 0 1 1 0 0 1 0 0 1 0 0 1
2014   2 28  5 43 46  73705   14.18644  -90.88787     5883  17.2  0  0  5 10 0 0 1 1 0 0 0 1 0 0 1 1 0 0
2014   2 28  5 43 46 364476  -20.72348  -46.97153     2819  14.3  0  0  5 10 0 0 1 1 1 0 0 1 0 0 0 0 0 1
2014   2 28  5 43 47 338119  -22.63329  -46.81070     3124  27.4  0  0  5 10 0 0 0 1 1 0 0 1 0 0 1 0 0 1
2014   2 28  5 43 47 554128  -20.61103  -49.14385     4134  29.1  0  0  5  8 0 0 1 1 1 0 0 1 0 0 1 0 0 0
2014   2 28  5 43 47 572741  -20.59711  -49.19298     3797  25.5  0  0  5  7 0 0 1 1 1 0 0 1 0 0 1 0 0 0
2014   2 28  5 43 48 243186  -33.63538  -39.20632     3752  39.8  0  0  7 21 0 0 1 0 0 0 0 1 0 1 1 1 1 1
2014   2 28  5 43 48 259230  -33.58442  -39.52440     3531   9.0  0  0  5 10 0 0 1 1 1 0 0 1 0 0 0 0 0 1
2014   2 28  5 43 48 267963  -33.68019  -39.20461     5196  33.8  1  0  5 10 0 0 1 1 1 0 0 1 0 0 1 0 0 0
2014   2 28  5 43 48 297949  -33.72560  -39.23714     4473  34.7  0  0  6 15 0 0 1 1 1 0 0 1 0 0 1 0 0 1
2014   2 28  5 43 48 381450  -33.73069  -39.26240     4433  34.1  0  0  6 15 0 0 1 1 1 0 0 1 0 0 1 0 0 1
2014   2 28  5 43 48 410151  -33.12842  -39.70491     4982  13.3  0  0  5 10 0 0 0 1 1 0 0 1 0 0 1 0 0 1
2014   2 28  5 43 48 508215  -33.58426  -39.52426     2977  10.9  0  0  6 15 0 0 1 1 1 0 0 1 0 1 0 0 0 1
2014   2 28  5 43 48 526256   -6.11681  -74.59247     8206  45.7  1  0  5 10 0 0 0 1 1 0 0 0 0 0 1 1 0 1
2014   2 28  5 43 48 561922   -6.07988  -74.43027     3743  43.0  0  0  7 20 0 0 1 1 1 0 0 1 0 0 1 1 0 1
2014   2 28  5 43 48 607513   -6.10557  -74.26401     3964  47.6  0  0  7 20 0 0 1 0 1 0 0 1 0 1 1 1 0 1
2014   2 28  5 43 48 761336  -33.82746  -38.76609     5614  38.9  1  0  5 10 0 0 1 1 1 0 0 0 0 0 1 0 0 1
2014   2 28  5 43 48 765905   -6.25642  -74.99442     4114  33.3  0  0  7 21 0 0 0 1 1 0 0 1 0 1 0 1 1 1
2014   2 28  5 43 48 884325   -6.11975  -74.26501     5028  51.2  1  0  6 14 0 0 1 0 1 0 0 1 0 1 0 1 0 1
2014   2 28  5 43 48 900333   -6.09183  -74.62879     7476  44.2  1  0  5  8 0 0 0 1 1 0 0 1 0 0 1 1 0 0
2014   2 28  5 43 49  31070   -6.15439  -74.77021     9150  67.2  2  0  5  9 0 0 0 1 0 0 0 1 0 1 1 1 0 0
2014   2 28  5 43 49 110715  -24.39215  -45.78412     3294  24.8  0  0  5 10 0 0 1 1 1 0 0 1 0 0 1 0 0 0
2014   2 28  5 43 49 178139   -6.07050  -74.44810     3608  46.4  0  0  7 21 0 0 1 1 1 0 0 1 0 0 1 1 0 1
2014   2 28  5 43 49 245861   -6.01933  -74.57835     4755  20.1  0  0  5  7 0 0 1 1 0 0 0 1 0 0 1 1 0 0
2014   2 28  5 43 49 497650  -22.79670  -47.27133     3035  16.1  0  0  5 10 0 0 1 1 1 0 0 0 0 0 1 0 0 1
2014   2 28  5 43 49 710171   -6.11709  -74.70803     5464  49.9  1  0  6 15 0 0 0 1 1 0 0 1 0 0 1 1 0 1
2014   2 28  5 43 49 795494   -6.10999  -74.35966     4788  60.0  1  0  6 15 0 0 1 0 0 0 0 1 0 1 1 1 0 1
2014   2 28  5 43 49 809795   -6.40017  -74.18035    16538  68.3  2  0  6 15 0 0 0 1 1 0 0 1 0 1 1 0 0 1
2014   2 28  5 43 49 821166   -6.11353  -74.50414     5168  74.3  2  0  6 15 0 0 1 1 0 0 0 1 0 1 0 1 0 1
2014   2 28  5 43 49 831407   -6.02516  -74.67798     3651  20.1  0  0  5  9 0 0 1 1 0 0 0 1 0 0 1 1 0 0
2014   2 28  5 43 49 950588   -6.44462  -74.08305     6247  65.1  1  0  7 20 0 0 1 1 1 0 0 1 0 1 1 0 0 1
2014   2 28  5 43 50  33276   -6.45265  -73.93430     5814  46.3  1  0  6 15 0 0 1 0 1 0 0 1 0 1 1 0 0 1
2014   2 28  5 43 50 296370  -21.77118  -46.33802     3256  39.5  0  0  6 13 0 0 1 1 1 0 0 1 0 0 1 0 0 1
2014   2 28  5 43 50 800555  -20.68822  -47.10889     3242  65.9  1  0  7 21 0 0 1 1 1 0 0 1 0 1 1 0 0 1
2014   2 28  5 43 51 723237  -16.04593  -51.37248     3369  63.9  1  0  7 20 0 0 1 1 0 0 0 1 0 0 1 1 1 1
2014   2 28  5 43 51 779632  -16.07079  -51.31327     3547  72.7  2  0  7 21 0 0 1 1 1 0 0 1 0 0 1 1 0 1
2014   2 28  5 43 51 799687  -16.07548  -51.31126     3583  70.8  2  0  7 20 0 0 1 1 1 0 0 1 0 0 1 1 0 1
2014   2 28  5 43 51 848910  -16.05571  -51.31519     4267  74.7  2  0  6 14 0 0 1 1 1 0 0 0 0 0 1 1 0 1
2014   2 28  5 43 52  52480  -25.23252  -45.18642     3215  38.6  0  0  6 15 0 0 1 1 1 0 0 1 0 1 0 0 0 1
2014   2 28  5 43 52 342320  -16.16141  -51.31115     3538  73.3  2  0  7 21 0 0 1 1 1 0 0 1 0 1 1 0 0 1
2014   2 28  5 43 52 639131  -23.68865  -45.87676     4357  71.5  2  0  6 15 0 0 1 1 1 0 0 1 0 0 1 0 0 1
2014   2 28  5 43 52 889316  -23.61067  -45.87803     3793  65.4  1  0  7 17 0 0 1 0 1 0 0 1 0 1 1 1 0 1
2014   2 28  5 43 52 898680  -23.65916  -45.88238     4499  75.4  2  0  6 15 0 0 1 1 1 0 0 1 0 0 1 0 0 1
2014   2 28  5 43 52 958127    4.12789  -82.41660     7245  88.9  2  0  7 21 0 0 1 0 1 0 0 1 0 1 1 1 0 1
2014   2 28  5 43 53 145364  -23.64632  -45.89371     4558  77.3  2  0  6 15 0 0 1 1 1 0 0 1 0 0 1 0 0 1
2014   2 28  5 43 53 651369   -6.14347  -74.98056     7747 100.2  2  0  7 21 0 0 0 1 1 0 0 1 0 1 1 1 0 1
2014   2 28  5 43 54   2164  -21.96138  -46.08191     5634  64.2  2  0  5 10 0 0 1 1 1 0 0 1 0 0 1 0 0 0
2014   2 28  5 43 54  27223  -22.05738  -45.91498     4784  75.0  2  0  5 10 0 0 0 1 1 0 0 1 0 0 1 0 0 1
2014   2 28  5 43 54 911532  -21.08004  -46.76329     3298  21.4  0  0  5 10 0 0 1 1 1 0 0 0 0 0 1 0 0 1
2014   2 28  5 43 57 658501    3.77835  -91.26380    12103  20.0  0  0  5 10 0 0 0 1 1 0 0 0 0 1 0 1 0 1
2014   2 28  5 43 57 668144    3.55561  -85.03069    10227 119.1  2  0  7 19 0 0 1 1 1 0 0 1 0 0 1 1 0 1
2014   2 28  5 43 57 930393  -28.40069  -43.02782     6075  80.4  2  0  6 15 0 0 1 1 1 0 0 1 0 0 1 0 0 1
2014   2 28  5 43 57 946507  -28.37127  -43.42333     3761  16.7  0  0  4  6 0 0 1 1 0 0 0 1 0 1 0 0 0 0
2014   2 28  5 43 58  63474    7.34709  -75.21613    13603 117.7  2  0  6 14 0 0 0 1 1 0 0 1 0 0 1 1 0 1
2014   2 28  5 44  0 511643  -21.16092  -49.13913     2618   2.9  0  0  5  7 0 0 1 1 0 0 0 1 0 1 0 0 0 1
2014   2 28  5 44  0 565598  -21.03241  -49.28508     3715  57.1  1  0  6 12 0 0 1 1 1 0 0 1 0 1 0 0 0 1
2014   2 28  5 44  0 608853   -6.20393  -74.31127     3215   6.6  0  0  6 15 0 0 1 1 1 0 0 1 0 1 0 0 0 1
2014   2 28  5 44  2 316154  -20.73184  -49.24278     2845  12.9  0  0  5  9 0 0 1 1 1 0 0 1 0 0 0 0 0 1
2014   2 28  5 44  3 281428  -20.60931  -49.16914     3492  55.4  1  0  6 11 0 0 1 1 1 0 0 1 0 1 0 0 0 1
2014   2 28  5 44  3 520509  -14.18203  172.57492    22358  25.1  0  0  6 14 0 0 1 1 1 0 0 1 0 1 0 0 0 1
2014   2 28  5 44  3 537596  -13.05047  -71.32970     5163  31.0  1  0  5  9 0 0 1 1 1 0 0 1 0 0 0 0 0 1
2014   2 28  5 44  3 757567   -6.31669  -74.23346     6811  34.9  1  0  5  9 0 0 1 1 0 0 0 1 0 1 0 0 0 1
2014   2 28  5 44  3 890106   -6.29912  -74.10234     4972  15.8  0  0  5  8 0 0 1 0 1 0 0 1 0 1 0 0 0 1
2014   2 28  5 44  3 911901   -5.83133  -76.23463     9324   2.5  0  0  5 10 0 0 0 1 1 0 0 1 0 1 0 0 0 1
2014   2 28  5 44  4 680829  -20.68853  -47.07324     3737  26.6  0  0  5  8 0 0 1 1 1 0 0 1 0 0 0 0 0 1
2014   2 28  5 44  5 265432  -28.06096  -42.74229     2599   4.0  0  0  6 14 0 0 1 1 1 0 0 1 0 1 0 0 0 1
2014   2 28  5 44  5 281251  -28.06553  -42.71805     3127   1.4  0  0  4  6 0 0 1 1 0 0 0 1 0 1 0 0 0 0
2014   2 28  5 44  5 329820  -28.05663  -42.74556     4531   4.1  0  0  5 10 0 0 0 1 1 0 0 1 0 1 0 0 0 1
2014   2 28  5 44  6 427990  -11.87022  -56.46253     4570  46.8  1  0  5  8 0 0 1 1 1 0 0 1 0 0 0 0 0 1
2014   2 28  5 44  6 443985  -12.39014  -56.22148     4908   5.9  0  0  4  6 0 0 1 1 1 0 0 0 0 1 0 0 0 0
2014   2 28  5 44  7 301557  -15.98647  -51.00141     4386  51.7  2  0  5 10 0 0 1 1 1 0 0 1 0 0 0 0 0 1
2014   2 28  5 44  7 803329  -16.07063  -51.19766     3080  31.2  0  0  6 14 0 0 1 0 1 0 0 1 0 1 0 0 1 1
2014   2 28  5 44  7 889020  -16.08839  -51.27229     3422  50.0  1  0  6 15 0 0 1 1 1 0 0 1 0 1 0 0 0 1
2014   2 28  5 44 10 384921   -6.59116  -74.03401    10186  92.7  2  0  6 14 0 0 1 1 1 0 0 1 0 1 0 0 0 1
2014   2 28  5 44 13  19545    2.90337  -81.96542    17186 109.2  2  0  6 15 0 0 1 1 1 0 0 1 0 1 0 0 0 1
2014   2 28  5 44 13 599367  -20.78707  -47.20891     4154  90.1  2  0  6 15 0 0 1 1 1 0 0 1 0 1 0 0 0 1
2014   2 28  5 44 14 671401  -20.69947  -49.24653     5054 114.0  2  0  6 14 0 0 1 1 1 0 0 1 0 1 0 0 0 1
2014   2 28  5 44 15 792505  -15.31879  -70.33582     9978  37.8  1  0  5 10 0 0 1 1 1 0 0 0 0 1 0 0 0 1
2014   2 28  5 44 16 330802   -1.36585  -71.41370     8966   8.2  0  0  5 10 0 0 0 1 1 0 0 1 0 1 0 0 1 0
2014   2 28  5 44 16 380165  -12.26323  -73.11823    11004  14.1  0  0  5  9 0 0 0 1 1 0 0 1 0 1 0 0 0 1
2014   2 28  5 44 19  84372   -6.10304  -74.69437    21620  37.0  1  0  5 10 0 0 0 1 1 0 0 1 0 1 0 0 0 1
2014   2 28  5 44 21 122220  -32.53039  -39.87650    14650  18.6  0  0  4  6 0 0 0 1 1 0 0 1 0 1 0 0 0 0
2014   2 28  5 44 25 471879   -5.26952  -78.68971    26564  26.7  1  0  4  6 0 0 0 1 1 0 0 1 0 1 0 0 0 0
2014   2 28  5 44 25 930144    6.90995  -76.34128    95949  66.6  2  0  5  7 0 0 0 1 1 0 0 1 0 1 0 0 0 1
2014   2 28  5 44 27 313900   -4.94794  -79.87596    27260  35.9  1  0  5  9 0 0 0 1 1 0 0 1 0 1 0 0 0 1
2014   2 28  5 44 29 881711   -4.70872  -81.68968    20074  30.3  0  0  6 15 0 0 0 1 1 0 0 1 0 1 0 0 1 1
2014   2 28  5 44 30  24662   -4.69545  -81.84174    28073  34.2  1  0  5 10 0 0 0 1 1 0 0 1 0 1 0 0 0 1
