2014   2 28  4 44 32 319122  -13.64926  158.60487    18753  36.2  1  0  5 10 0 0 1 1 0 0 0 0 0 1 1 1 0 0
2014   2 28  4 44 32 385686    3.62125  -13.88383     9553   8.5  0  0  5  9 0 0 1 1 0 0 0 0 0 0 1 1 0 1
2014   2 28  4 44 32 670470  -22.39903  -47.72948     2759   7.8  0  0  5  8 0 0 1 1 0 0 0 0 0 1 1 0 0 1
2014   2 28  4 44 34 101017  -15.18197  -52.89157     2445  10.2  0  0  6 15 0 0 1 1 0 0 0 0 0 1 1 1 0 1
2014   2 28  4 44 34 501346  -15.23634  -52.82190     2695  14.5  0  0  6 12 0 0 1 1 0 0 0 0 0 1 1 1 0 1
2014   2 28  4 44 34 627180  -15.10324  -52.75810     2678  15.4  0  0  6 12 0 0 1 1 0 0 0 0 0 1 1 1 0 1
2014   2 28  4 44 34 892862  -14.73370  -53.03937     5737  52.8  2  0  5 10 0 0 1 1 0 0 0 0 0 0 1 0 1 1
2014   2 28  4 44 34 982049  -27.71468  -43.15901     3216  17.6  0  0  5 10 0 0 1 1 0 0 0 0 0 1 1 0 0 1
2014   2 28  4 44 35  63507  -27.72491  -43.15040     4011  20.7  1  0  4  6 0 0 1 1 0 0 0 0 0 1 1 0 0 0
2014   2 28  4 44 35 110826  -15.03708  -52.89014     2715  12.5  0  0  5  9 0 0 1 1 0 0 0 0 0 1 1 1 0 0
2014   2 28  4 44 35 146645  -15.03810  -52.87204     2840   5.2  0  0  4  6 0 0 1 1 0 0 0 0 0 0 1 1 0 0
2014   2 28  4 44 35 191097  -15.14835  -52.79396     4187  18.2  0  0  5 10 0 0 1 1 0 0 0 0 0 1 1 0 0 1
2014   2 28  4 44 35 934649  -23.16231  -46.47154     3265  40.4  1  0  6 14 0 0 1 1 0 0 0 0 0 1 1 1 0 1
2014   2 28  4 44 37 182092  -15.37858  -51.34587     7493   0.7  0  0  4  6 0 0 1 0 0 0 0 0 0 1 1 0 0 1
2014   2 28  4 44 37 195874  -16.21486  -51.31295     4935  33.6  1  0  5 10 0 0 1 1 0 0 0 0 0 1 1 0 0 1
2014   2 28  4 44 37 203477  -15.89813  -51.56016     5003   4.6  0  0  4  6 0 0 1 1 0 0 0 0 0 1 1 0 0 0
2014   2 28  4 44 38  58636  -19.35522 -142.14156    14679  49.8  1  0  6 14 0 0 1 1 0 0 0 0 0 1 1 1 0 1
2014   2 28  4 44 38 136625  -19.43929 -142.43597   136449  56.0  2  0  5  9 0 0 1 1 0 0 0 0 0 1 1 0 0 1
2014   2 28  4 44 39 908459    5.79492  -72.67305    21110  50.3  2  0  5 10 0 0 1 1 0 0 0 0 0 1 1 0 0 1
2014   2 28  4 44 40  47434    7.89032  -73.54090     8900  45.1  1  0  5  7 0 0 1 0 0 0 0 0 0 1 1 1 0 1
2014   2 28  4 44 40 560045  -23.10435  -46.68803     3993  29.3  1  0  4  6 0 0 1 1 0 0 0 0 0 1 1 0 0 0
2014   2 28  4 44 41  39431  -16.18019  -51.20552     3279  34.4  1  0  5 10 0 0 1 1 0 0 0 0 0 1 1 1 0 0
2014   2 28  4 44 41 915240   -4.14725   -3.59097     9916  13.1  0  0  4  6 0 0 1 1 0 0 0 0 0 0 0 1 0 1
2014   2 28  4 44 42 386105  -11.59891  -57.70106     4252  72.7  2  0  6 14 0 0 1 1 0 0 0 0 0 0 1 1 1 1
2014   2 28  4 44 46 755464    6.26004  -81.93620    12321  21.0  1  0  4  6 0 0 0 1 0 0 0 0 0 1 0 1 0 1
2014   2 28  4 44 48 452900  -20.30173 -134.54071     5775  12.1  0  0  6 15 0 0 1 1 1 0 0 1 0 0 1 1 0 0
2014   2 28  4 44 48 501577  -20.65267 -133.90129     8029  13.1  0  0  5 10 0 0 1 0 1 0 0 0 0 0 1 1 0 1
2014   2 28  4 44 48 590600  -16.08983 -138.05316     8410  15.3  0  0  7 21 0 0 0 1 1 0 0 1 0 1 1 1 0 1
2014   2 28  4 44 48 717878  -16.28074  -50.99321     2321  11.5  0  0  7 21 0 0 0 1 1 0 0 1 0 1 1 1 0 1
2014   2 28  4 44 48 987943    7.45089  -73.67595     4227  10.7  0  0  5  8 0 0 0 1 0 0 0 1 0 1 1 1 0 0
2014   2 28  4 44 49  65278  -23.22052  -46.33410     2931  11.2  0  0  5  9 0 0 1 0 1 0 0 1 0 0 1 0 0 1
2014   2 28  4 44 49 400035    3.27808  -84.56689     4127  15.8  0  0  7 21 0 0 0 1 1 0 0 1 0 1 1 1 0 1
2014   2 28  4 44 49 937956  -16.13599  -51.31264     2431  19.2  0  0  7 21 0 0 0 1 1 0 0 1 0 1 1 1 0 1
2014   2 28  4 44 49 946882  -16.16569  -51.23214     2867  13.1  0  0  5 10 0 0 0 1 1 0 0 1 0 0 1 0 0 1
2014   2 28  4 44 49 979357  -16.19494  -51.16821     4152  56.8  1  0  6 13 0 0 1 1 1 0 0 1 0 0 1 0 0 1
2014   2 28  4 44 50  16717  -27.66739  -43.08744     3127  20.3  0  0  7 21 0 0 1 0 1 0 0 1 0 1 1 1 0 1
2014   2 28  4 44 50  41018  -27.73518  -43.08366     3655   7.1  0  0  4  6 0 0 1 1 0 0 0 1 0 0 1 0 0 0
2014   2 28  4 44 50 182007  -22.38374  -48.37543     2624  17.6  0  0  6 15 0 0 0 1 0 0 0 1 0 1 1 1 1 0
2014   2 28  4 44 50 197884  -22.38967  -48.29849     3629  58.1  1  0  6 15 0 0 1 1 0 0 0 1 0 1 1 0 1 0
2014   2 28  4 44 50 206125  -22.43769  -48.40683     3519  65.3  1  0  7 20 0 0 1 1 1 0 0 1 0 0 1 0 1 1
2014   2 28  4 44 51 349199  -27.61389  -42.98874     2980  21.6  0  0  6 15 0 0 1 1 1 0 0 0 0 1 1 0 0 1
2014   2 28  4 44 51 364758  -27.53059  -43.04217     3596  10.7  0  0  5  8 0 0 0 1 1 0 0 1 0 0 1 0 0 1
2014   2 28  4 44 51 371243  -27.63167  -43.03214     2807  28.6  0  0  6 12 0 0 1 1 1 0 0 0 0 1 0 1 0 1
2014   2 28  4 44 51 397053  -27.51846  -43.05839     3709  12.6  0  0  5  8 0 0 0 1 1 0 0 1 0 0 1 0 0 1
2014   2 28  4 44 51 410128  -27.63765  -42.95864     3441  24.2  0  0  6 13 0 0 1 1 1 0 0 1 0 0 1 0 0 1
2014   2 28  4 44 51 463548  -27.54020  -43.02090     3935  19.1  0  0  5  8 0 0 1 1 1 0 0 1 0 0 1 0 0 0
2014   2 28  4 44 51 873958  -27.49622  -43.09099     3042  15.1  0  0  6 15 0 0 0 1 1 0 0 1 0 1 1 0 0 1
2014   2 28  4 44 52 199034  -16.25951  -50.98960     2682  22.5  0  0  6 15 0 0 1 1 1 0 0 1 0 1 0 0 0 1
2014   2 28  4 44 52 248246  -16.23188  -50.96847     3279  26.3  0  0  5 10 0 0 1 1 1 0 0 1 0 0 1 0 0 0
2014   2 28  4 44 52 382185  -33.10399  -40.90875     5195  28.9  0  0  5 10 0 0 1 0 1 0 0 1 0 0 1 0 0 1
2014   2 28  4 44 53 220180    7.65088  -73.88926     6670  37.7  1  0  5  8 0 0 0 1 1 0 0 1 0 0 1 1 0 0
2014   2 28  4 44 53 334628  -33.55041  -39.29809     6205  34.1  1  0  5 10 0 0 1 0 1 0 0 1 0 0 1 0 0 1
2014   2 28  4 44 53 406298    7.11465  -73.36068    32600  46.0  1  0  5  9 0 0 0 1 1 0 0 1 0 1 1 0 0 0
2014   2 28  4 44 53 613995    7.18567  -74.72079     6697  48.0  1  0  6 13 0 0 0 1 1 0 0 1 0 1 1 1 0 0
2014   2 28  4 44 54 499979  -22.64786  -47.87665     4162  52.1  2  0  5  9 0 0 1 0 0 0 0 1 0 1 1 0 0 1
2014   2 28  4 44 54 521430  -22.72421  -47.79626     3244  39.9  0  0  6 13 0 0 1 1 1 0 0 1 0 0 1 0 0 1
2014   2 28  4 44 55 361609  -20.40117  -47.07119     5878  42.0  1  0  5  7 0 0 1 1 1 0 0 1 0 0 1 0 0 0
2014   2 28  4 44 56 336717    7.79191  -73.59268     4740  45.9  1  0  6 13 0 0 1 1 0 0 0 1 0 1 1 1 0 0
2014   2 28  4 44 56 583156    7.57435  -74.27621     7467  69.7  1  0  7 20 0 0 0 1 1 0 0 1 0 1 1 1 0 1
2014   2 28  4 44 56 800208  -23.15880  -46.50569     4454  80.8  2  0  6 14 0 0 0 1 1 0 0 1 0 1 1 0 0 1
2014   2 28  4 44 56 823833  -23.04496  -46.40808     4215  54.2  2  0  5  9 0 0 1 0 1 0 0 0 0 1 1 0 0 1
2014   2 28  4 44 56 924395  -23.10351  -46.73945     3605  35.7  0  0  6 11 0 0 1 1 0 0 0 1 0 1 1 1 0 0
2014   2 28  4 44 57 167480  -16.17027  -51.18055     3436  71.2  2  0  7 21 0 0 1 1 0 0 0 1 0 1 1 1 0 1
2014   2 28  4 44 57 256241  -16.25487  -51.12086     3940  64.8  2  0  6 15 0 0 1 1 1 0 0 1 0 1 1 0 0 0
2014   2 28  4 44 57 453067   35.06671 -166.96721    29970  97.3  2  0  6 14 0 0 1 1 1 0 0 1 0 0 1 0 0 1
2014   2 28  4 44 57 607708  -33.00110  -41.20492     7986  73.9  2  0  5 10 0 0 1 1 1 0 0 0 0 0 1 0 0 1
2014   2 28  4 44 57 663347  -33.03899  -41.20561     7225  63.3  2  0  5 10 0 0 1 1 1 0 0 1 0 0 1 0 0 0
2014   2 28  4 44 57 673245  -33.03861  -41.25738     7258  64.0  2  0  5 10 0 0 1 1 1 0 0 1 0 0 1 0 0 0
2014   2 28  4 44 57 740436  -33.02606  -41.23185     6372  69.3  2  0  6 15 0 0 1 1 1 0 0 1 0 0 1 0 0 1
2014   2 28  4 44 57 785778  -32.99042  -41.25505     6341  68.6  2  0  6 15 0 0 1 1 1 0 0 1 0 0 1 0 0 1
2014   2 28  4 44 58 106497  -23.19421  -46.46626     3982  90.0  2  0  7 21 0 0 1 1 1 0 0 1 0 1 1 0 0 1
2014   2 28  4 44 58 128503  -23.24371  -46.49145     4417  87.5  2  0  6 15 0 0 1 1 1 0 0 1 0 1 0 0 0 1
2014   2 28  4 44 58 767844  -21.99728  -48.74665     4008  23.4  1  0  4  6 0 0 1 0 0 0 0 1 0 1 1 0 0 0
2014   2 28  4 44 59 145660  -16.32449  -51.03392     3734  83.5  2  0  7 21 0 0 1 1 1 0 0 1 0 1 1 0 0 1
2014   2 28  4 45  0 158949  -27.98985  -43.38683     5303  67.8  2  0  6 15 0 0 1 1 1 0 0 1 0 0 1 0 0 1
2014   2 28  4 45  0 230934   10.44145  -59.23822    30099  48.6  1  0  5  8 0 0 1 1 1 0 0 0 0 0 1 0 0 1
2014   2 28  4 45  1 923152    7.77074  -73.57948    10870 146.9  2  0  7 19 0 0 1 1 1 0 0 0 0 1 1 1 0 1
2014   2 28  4 45  2  83913  -24.39169  -45.40472     4751  81.8  2  0  6 15 0 0 1 1 1 0 0 1 0 0 1 0 0 1
2014   2 28  4 45  2  95596  -24.38904  -45.39952     4815  84.2  2  0  6 15 0 0 1 1 1 0 0 1 0 0 1 0 0 1
2014   2 28  4 45  2 103705  -24.39257  -45.39817     4844  84.9  2  0  6 15 0 0 1 1 1 0 0 1 0 0 1 0 0 1
2014   2 28  4 45  2 791773  -23.24665  -46.14766     3189  12.2  0  0  4  6 0 0 1 0 0 0 0 1 0 0 1 0 0 1
2014   2 28  4 45  3  28044  -23.25062  -46.57103     5424 127.8  2  0  6 15 0 0 1 1 1 0 0 1 0 1 0 0 0 1
2014   2 28  4 45  4  96099  -23.25036  -46.38844     2542   9.7  0  0  6 15 0 0 1 1 1 0 0 1 0 0 1 0 0 1
2014   2 28  4 45  4 718300    8.80818  -72.94809     4173   6.5  0  0  5  9 0 0 0 1 0 0 0 1 0 1 0 1 0 1
2014   2 28  4 45  4 779342    8.80361  -72.97183     3964  12.4  0  0  6 14 0 0 0 1 1 0 0 1 0 0 1 1 0 1
2014   2 28  4 45  4 891492    3.62118    8.05659    20530  86.2  2  0  6 14 0 0 1 1 0 0 0 1 0 0 1 1 0 1
2014   2 28  4 45  5 107736    7.12206  -73.25781    10535   8.5  0  0  5  9 0 0 0 1 1 0 0 1 0 1 1 0 0 0
2014   2 28  4 45  5 337685  -23.25083  -46.36357     2613  13.5  0  0  6 15 0 0 1 1 1 0 0 1 0 0 1 0 0 1
2014   2 28  4 45  5 424821  -23.27076  -46.37220     2954  11.4  0  0  5  8 0 0 0 1 1 0 0 1 0 0 1 0 0 1
2014   2 28  4 45  5 508082  -19.63212   16.00730    15167  13.5  0  0  5 10 0 0 1 1 1 0 0 0 0 0 1 0 0 1
2014   2 28  4 45  6 196224  -33.13749  -40.97145     3580   4.2  0  0  4  6 0 0 1 1 0 0 0 1 0 0 1 0 0 0
2014   2 28  4 45  6 268244  -13.00976  -71.19435     2736  21.7  0  0  7 21 0 0 1 1 1 0 0 0 0 1 1 1 0 1
2014   2 28  4 45  6 362330  -13.06821  -71.36634     3338  22.9  0  0  7 21 0 0 0 1 1 0 0 1 0 1 1 1 0 1
2014   2 28  4 45  6 433029  -13.00901  -71.25117     3078  29.8  0  0  7 20 0 0 1 1 1 0 0 1 0 1 1 1 0 0
2014   2 28  4 45  6 832212  -13.01329  -71.25774     3004  32.5  0  0  7 21 0 0 1 1 1 0 0 1 0 1 0 1 0 1
2014   2 28  4 45  7  56540    7.69211  -73.95889     5684  39.4  0  0  7 16 0 0 1 1 1 0 0 1 0 0 1 1 0 1
2014   2 28  4 45  7 556401  -32.60476   17.33610     7676  23.9  0  0  7 21 0 0 1 1 1 0 0 1 0 1 1 0 0 1
2014   2 28  4 45  7 664477  -16.30381  -51.02333     3319  25.6  0  0  5 10 0 0 0 1 1 0 0 1 0 0 1 0 0 1
2014   2 28  4 45  7 913089   -5.50735 -167.67851    12083  40.3  1  0  6 13 0 0 1 0 1 0 0 1 0 0 1 1 0 1
2014   2 28  4 45  7 940080  -28.58700 -132.50883    13640  31.8  0  0  6 11 0 0 1 1 1 0 0 1 0 0 1 1 0 0
2014   2 28  4 45  8  97827    7.55306  -73.78777     9730  51.7  1  0  6 12 0 0 0 1 1 0 0 1 0 0 1 1 0 1
2014   2 28  4 45  8 321098  -12.46244  172.80540     8556  35.3  0  0  7 21 0 0 1 1 1 0 0 1 0 1 1 1 0 0
2014   2 28  4 45  8 331455  -12.30352  172.48193     7479   8.4  0  0  5 10 0 0 1 1 0 0 0 1 0 0 1 1 0 0
2014   2 28  4 45  8 393240  -48.09883 -120.09659    29437  20.8  1  0  4  6 0 0 1 1 0 0 0 0 0 0 1 1 0 0
2014   2 28  4 45  8 926497  -27.55804  -43.01893     3866  10.3  0  0  4  6 0 0 1 1 0 0 0 1 0 0 1 0 0 0
2014   2 28  4 45  9 258618  -22.38174  -47.97338     2667  28.6  0  0  7 17 0 0 1 1 1 0 0 1 0 1 1 1 0 0
2014   2 28  4 45  9 301986  -22.45454  -47.65927     2910  32.3  0  0  6 15 0 0 1 1 1 0 0 1 0 0 1 0 0 1
2014   2 28  4 45  9 395511  -27.45804  -43.18093     3298  24.8  0  0  6 15 0 0 1 1 1 0 0 1 0 0 1 0 0 1
2014   2 28  4 45  9 654099  -27.06112  -43.71936     4243   8.9  0  0  5  8 0 0 0 0 1 0 0 1 0 1 1 0 0 1
2014   2 28  4 45  9 726019  -27.21803  -43.52115     3631  31.2  0  0  6 13 0 0 0 1 1 0 0 1 0 1 1 1 0 0
2014   2 28  4 45  9 734780  -27.39895  -43.62312     3143  13.7  0  0  5 10 0 0 1 1 1 0 0 1 0 0 0 0 0 1
2014   2 28  4 45  9 824283  -27.07711  -43.58826     4214  13.8  0  0  5  7 0 0 0 1 1 0 0 1 0 0 1 0 0 1
2014   2 28  4 45  9 918345  -27.09702  -43.65268     3752  26.8  0  0  5 10 0 0 1 1 1 0 0 0 0 0 1 0 0 1
2014   2 28  4 45 10 661596  -27.60863  -43.38686     3324  32.0  0  0  6 15 0 0 1 1 1 0 0 1 0 1 1 0 0 0
2014   2 28  4 45 10 718850  -27.59638  -43.38823     4195  33.7  1  0  5 10 0 0 1 1 1 0 0 0 0 0 1 0 0 1
2014   2 28  4 45 11 243474    6.09025  153.78058     9600  10.4  0  0  4  6 0 0 1 1 0 0 0 0 0 0 1 1 0 0
2014   2 28  4 45 11 912040   -5.73379  -74.82507     7644  50.9  2  0  5  9 0 0 0 1 0 0 0 1 0 0 1 1 0 1
2014   2 28  4 45 12   4030  -27.53950  -43.22832     3770  36.3  0  0  6 15 0 0 1 1 1 0 0 1 0 0 1 0 0 1
2014   2 28  4 45 12 134736   -5.80320  -74.77026    10372  75.5  2  0  6 15 0 0 0 1 1 0 0 0 0 1 1 1 0 1
2014   2 28  4 45 12 160864  -27.62469  -43.07352     4960  26.9  0  0  5  7 0 0 1 1 0 0 0 1 0 0 1 0 0 1
2014   2 28  4 45 12 200040   -8.89365  -70.35596    14229  20.4  0  0  5 10 0 0 0 1 1 0 0 0 0 1 1 0 0 1
2014   2 28  4 45 12 284949  -27.52851  -43.24639     3920  39.1  0  0  6 15 0 0 1 1 1 0 0 1 0 0 1 0 0 1
2014   2 28  4 45 12 303790  -27.69092  -42.95594     4605  31.8  1  0  5  8 0 0 1 1 1 0 0 1 0 0 1 0 0 0
2014   2 28  4 45 13  98985  -28.98588 -137.06786    20080  88.3  2  0  7 20 0 0 1 1 1 0 0 1 0 0 1 1 0 1
2014   2 28  4 45 13 252470  -28.04119  -43.30349     4550  47.5  1  0  6 14 0 0 1 1 1 0 0 1 0 0 1 0 0 1
2014   2 28  4 45 13 416864  -21.24043   21.77509    22056  67.9  2  0  6 15 0 0 1 1 1 0 0 1 0 0 1 0 0 1
2014   2 28  4 45 13 784738  -32.96210  -41.32298     6048  63.8  2  0  6 15 0 0 1 1 1 0 0 1 0 0 1 0 0 1
2014   2 28  4 45 13 805822  -33.12816  -40.81835     6900  35.7  1  0  4  6 0 0 1 0 0 0 0 1 0 0 1 0 0 1
2014   2 28  4 45 14    116  -32.80503  -41.89400     4072  19.6  0  0  5 10 0 0 1 1 1 0 0 1 0 0 0 0 0 1
2014   2 28  4 45 14   9726  -32.95752  -41.34285     6198  66.3  2  0  6 15 0 0 1 1 1 0 0 1 0 0 1 0 0 1
2014   2 28  4 45 14 102456  -32.81380  -41.90845     4163  21.4  0  0  5 10 0 0 1 1 1 0 0 1 0 0 0 0 0 1
2014   2 28  4 45 14 196285    2.55164  -98.32333    13916  28.1  1  0  4  6 0 0 0 1 0 0 0 1 0 0 1 1 0 0
2014   2 28  4 45 14 226632  -32.94057  -41.43115     7572  69.1  2  0  5 10 0 0 1 1 1 0 0 1 0 0 1 0 0 0
2014   2 28  4 45 14 247990  -32.89802  -41.45396     8067  75.1  2  0  5 10 0 0 1 1 1 0 0 0 0 0 1 0 0 1
2014   2 28  4 45 14 258239  -32.93885  -41.43121     7543  68.7  2  0  5 10 0 0 1 1 1 0 0 1 0 0 1 0 0 0
2014   2 28  4 45 14 308897  -32.95074  -41.42139     7595  69.1  2  0  5 10 0 0 1 1 1 0 0 1 0 0 1 0 0 0
2014   2 28  4 45 14 430059  -32.04538  -42.13838     6154  27.4  0  0  5 10 0 0 0 1 0 0 0 1 0 1 1 0 0 1
2014   2 28  4 45 14 506600  -10.58357  -51.23339     6841  99.8  2  0  6 15 0 0 1 0 1 0 0 1 0 1 1 0 0 1
2014   2 28  4 45 14 574006  -16.25036  -51.19969     3630  85.9  2  0  7 21 0 0 0 1 1 0 0 1 0 1 1 1 0 1
2014   2 28  4 45 14 604361  -16.27428  -50.73395     3541  28.3  0  0  5 10 0 0 1 0 1 0 0 1 0 0 1 0 0 1
2014   2 28  4 45 14 703178  -16.31963  -50.97779     4326  74.0  2  0  6 15 0 0 1 1 1 0 0 1 0 0 1 0 0 1
2014   2 28  4 45 14 782944  -16.20185  -51.00636     3833  81.1  2  0  7 20 0 0 1 0 1 0 0 1 0 1 1 1 0 1
2014   2 28  4 45 14 801631  -32.90585  -41.46904     6505  71.7  2  0  6 15 0 0 1 1 1 0 0 1 0 0 1 0 0 1
2014   2 28  4 45 14 832691  -32.91045  -41.46205     6555  72.5  2  0  6 15 0 0 1 1 1 0 0 1 0 0 1 0 0 1
2014   2 28  4 45 14 927600  -16.21710  -51.25116     4227  88.4  2  0  6 15 0 0 0 1 1 0 0 1 0 1 1 1 0 0
2014   2 28  4 45 15 126561    1.91411  -67.28207    12522  89.8  2  0  7 18 0 0 1 1 1 0 0 1 0 1 1 0 0 1
2014   2 28  4 45 15 655317   -6.07492  -74.31001    27726 104.5  2  0  6 14 0 0 0 1 1 0 0 1 0 1 1 0 0 1
2014   2 28  4 45 15 826405    2.82751  -68.12919     6941  90.9  2  0  6 15 0 0 0 1 1 0 0 1 0 0 1 1 0 1
2014   2 28  4 45 16  56486   -5.55853  -74.57535     6763 113.1  2  0  7 19 0 0 1 1 0 0 0 1 0 1 1 1 0 1
2014   2 28  4 45 16 361040  -23.29627  -46.18512     3008   3.7  0  0  4  6 0 0 1 0 0 0 0 1 0 0 1 0 0 1
2014   2 28  4 45 16 961751   -9.14108  -76.03550     5703  94.0  2  0  7 19 0 0 1 0 1 0 0 1 0 1 1 1 0 1
2014   2 28  4 45 18 225648  -23.24827  -46.56606     5237 120.9  2  0  6 15 0 0 1 1 1 0 0 1 0 1 0 0 0 1
2014   2 28  4 45 18 715433  -16.06248  -51.63630     2919   2.7  0  0  4  6 0 0 1 1 0 0 0 1 0 0 1 0 0 0
2014   2 28  4 45 18 810343    2.83386  -84.75027    10650 135.4  2  0  7 20 0 0 1 1 0 0 0 1 0 1 1 1 0 1
2014   2 28  4 45 18 852473  -16.27132  -51.30178     5403 108.1  2  0  6 15 0 0 1 1 1 0 0 1 0 0 1 0 0 1
2014   2 28  4 45 19 125889  -21.97438  -48.58742     3538  16.3  0  0  4  6 0 0 1 1 0 0 0 1 0 0 1 0 0 0
2014   2 28  4 45 19 242814  -20.59428  -49.70247     3964  77.7  2  0  7 17 0 0 1 1 0 0 0 1 0 1 1 1 0 1
2014   2 28  4 45 19 533576  -13.17734  159.93660    12301  43.7  1  0  5 10 0 0 1 1 0 0 0 1 0 0 1 1 0 0
2014   2 28  4 45 19 828748   10.62648  -87.29375    71028  58.0  2  0  5 10 0 0 0 1 1 0 0 1 0 1 0 0 1 0
2014   2 28  4 45 19 877674    6.31988  -77.18370     8749 140.3  2  0  7 21 0 0 1 1 1 0 0 1 0 0 1 1 0 1
2014   2 28  4 45 19 920768    4.28394  -75.44498    14232  44.6  1  0  5  7 0 0 1 0 1 0 0 1 0 1 0 0 0 1
2014   2 28  4 45 19 948634    6.64796  -81.97711    11084  26.5  0  0  5 10 0 0 0 1 1 0 0 0 0 1 0 1 0 1
2014   2 28  4 45 20 138794    7.44902  -73.72042     5637  13.8  0  0  5  7 0 0 0 1 0 0 0 1 0 0 1 1 0 1
2014   2 28  4 45 20 292694   -4.65844  -70.83612     2687   8.5  0  0  7 21 0 0 0 1 1 0 0 1 0 1 1 1 0 1
2014   2 28  4 45 20 633862    7.04643  -74.64746     4541   5.9  0  0  5  9 0 0 0 1 1 0 0 1 0 0 0 1 0 1
2014   2 28  4 45 20 690709   -4.74241  -70.66390    13954   1.0  0  0  4  6 0 0 0 1 0 0 0 0 0 1 1 0 0 1
2014   2 28  4 45 20 709565    7.06350  -74.16953     4480  34.3  0  0  6 13 0 0 1 1 1 0 0 1 0 0 1 1 0 0
2014   2 28  4 45 20 816654    7.06450  -74.50945     5350  12.6  0  0  5  8 0 0 0 1 1 0 0 1 0 0 1 1 0 0
2014   2 28  4 45 21 122799  -15.64976  -51.99396     2782   6.6  0  0  6 15 0 0 1 1 1 0 0 0 0 1 1 0 0 1
2014   2 28  4 45 21 221675    7.07590  -74.47726     3836  12.9  0  0  6 14 0 0 0 1 1 0 0 1 0 0 1 1 0 1
2014   2 28  4 45 21 595696  -16.25348  -50.92850     2331  10.6  0  0  7 21 0 0 1 1 1 0 0 1 0 1 1 0 0 1
2014   2 28  4 45 21 894356  -16.25508  -50.90758     2471   9.2  0  0  6 15 0 0 1 1 1 0 0 1 0 0 1 0 0 1
2014   2 28  4 45 22 416071  -23.27638  -46.35178     3424  24.8  0  0  5  9 0 0 0 1 1 0 0 1 0 0 1 0 0 1
2014   2 28  4 45 22 587765  -20.93986  -49.21791     2546  23.3  0  0  7 18 0 0 1 1 1 0 0 1 0 1 1 0 0 1
2014   2 28  4 45 22 656230  -20.88522  -49.23821     3015  17.6  0  0  5  8 0 0 1 0 0 0 0 1 0 1 1 0 0 1
2014   2 28  4 45 22 806906    7.52296  -74.06335     6223  10.0  0  0  4  6 0 0 0 1 1 0 0 1 0 0 0 1 0 0
2014   2 28  4 45 23  68537    8.86103  -72.95686     4510   4.6  0  0  4  6 0 0 0 1 0 0 0 1 0 0 1 1 0 0
2014   2 28  4 45 23  73313  -14.13987  172.55891    32709   3.4  0  0  4  6 0 0 1 1 0 0 0 1 0 0 1 0 0 0
2014   2 28  4 45 23 247880   -4.76988  -44.39580     3931  22.8  0  0  5 10 0 0 0 1 1 0 0 1 0 0 1 0 0 1
2014   2 28  4 45 23 301629  -20.40678  -46.99354     3381  21.5  0  0  5  7 0 0 0 1 1 0 0 1 0 0 1 0 0 1
2014   2 28  4 45 23 447788  -23.29141  -46.35401     3186  33.3  0  0  6 15 0 0 1 1 1 0 0 1 0 0 1 0 0 1
2014   2 28  4 45 23 460416  -23.23175  -46.43040     2958  44.9  0  0  7 21 0 0 0 1 1 0 0 1 0 1 1 1 0 1
2014   2 28  4 45 23 472805  -23.32605  -46.34814     7187  40.4  1  0  5  7 0 0 0 1 1 0 0 1 0 0 1 0 0 1
2014   2 28  4 45 23 541703  -23.22994  -46.37469     6555  42.9  1  0  5 10 0 0 1 1 1 0 0 0 0 0 1 0 0 1
2014   2 28  4 45 23 753278  -23.18099  -46.49875     3044   9.0  0  0  4  6 0 0 1 1 0 0 0 0 0 1 1 0 0 0
2014   2 28  4 45 23 869862   23.64267   22.62814    15528  22.8  0  0  5  8 0 0 1 1 0 0 0 0 0 1 0 1 0 1
2014   2 28  4 45 24  58804   -5.91089    9.41523    23538  42.6  1  0  5 10 0 0 1 1 1 0 0 1 0 0 1 0 0 0
2014   2 28  4 45 24  94955  -27.51488  -43.15909     3586  22.5  0  0  5 10 0 0 1 1 1 0 0 0 0 0 1 0 0 1
2014   2 28  4 45 24 119504   -7.86963    6.01786     9865  23.8  0  0  6 15 0 0 1 1 1 0 0 1 0 0 1 0 0 1
2014   2 28  4 45 24 381148    5.95780  -77.92388     6246  32.8  1  0  5 10 0 0 0 1 1 0 0 1 0 0 1 1 0 0
2014   2 28  4 45 24 422008    8.92592  -73.30323     6203  28.3  0  0  5  8 0 0 0 1 0 0 0 1 0 1 1 1 0 0
2014   2 28  4 45 26 513310  -16.28887  -51.01147     3365  50.8  1  0  6 15 0 0 0 1 1 0 0 1 0 1 1 0 0 1
2014   2 28  4 45 26 854856  -27.58637  -43.21001     6017  37.6  1  0  5 10 0 0 1 0 1 0 0 1 0 0 1 0 0 1
2014   2 28  4 45 26 893084  -27.55545  -43.40022     3211  38.0  0  0  7 21 0 0 1 1 1 0 0 1 0 1 1 0 0 1
2014   2 28  4 45 27 134871  -27.52511  -43.49634     3478  42.8  0  0  7 17 0 0 1 1 1 0 0 1 0 1 1 0 0 1
2014   2 28  4 45 27 196955  -16.26048  -50.76101     3150  19.6  0  0  5 10 0 0 1 0 1 0 0 1 0 0 1 0 0 1
2014   2 28  4 45 27 318713    4.19860  -70.98106     7688  57.8  1  0  7 21 0 0 1 1 1 0 0 1 0 1 1 0 0 1
2014   2 28  4 45 27 373618  -22.38351  -48.22310     3340  50.0  1  0  6 15 0 0 1 1 1 0 0 1 0 0 1 0 0 1
2014   2 28  4 45 27 483522   -2.42340  -72.37157     5990  63.9  2  0  6 15 0 0 0 1 0 0 0 1 0 1 1 1 0 1
2014   2 28  4 45 27 562778    7.71030  -74.47820     9865  63.4  2  0  6 13 0 0 0 1 1 0 0 1 0 0 1 1 0 1
2014   2 28  4 45 27 685263    7.71314  -74.31221     8390  64.6  2  0  6 14 0 0 0 1 1 0 0 1 0 0 1 1 0 1
2014   2 28  4 45 27 827146   -7.63556    2.68167    60464  53.1  2  0  5 10 0 0 1 1 1 0 0 0 0 0 1 0 0 1
2014   2 28  4 45 29 220648  -32.97607  -41.26450     6293  68.2  2  0  6 15 0 0 1 1 1 0 0 1 0 0 1 0 0 1
2014   2 28  4 45 29 393705    0.78487  -69.39227     4475  68.7  1  0  7 21 0 0 1 0 1 0 0 1 0 1 1 1 0 1
2014   2 28  4 45 29 684124  -33.00075  -41.25922     7723  70.0  2  0  5 10 0 0 1 1 1 0 0 1 0 0 1 0 0 0
2014   2 28  4 45 29 730779  -32.04289  -42.00502     5951  28.0  0  0  5 10 0 0 0 1 1 0 0 1 0 0 1 0 0 1
2014   2 28  4 45 30 190135    4.99311  -73.64972     8335  26.3  0  0  5  9 0 0 0 1 1 0 0 0 0 1 0 1 0 1
2014   2 28  4 45 31 494071  -16.18106  -51.12969     4259 107.1  2  0  7 21 0 0 1 1 1 0 0 1 0 0 1 1 0 1
2014   2 28  4 45 31 852076  -16.30734  -50.96684     4828  90.4  2  0  6 15 0 0 1 1 1 0 0 1 0 0 1 0 0 1
2014   2 28  4 45 32 156732  -25.55867  -44.90054     4677  71.2  2  0  6 15 0 0 1 1 1 0 0 1 0 0 1 0 0 1
2014   2 28  4 45 32 737609  -16.03498  -51.39346     3030   8.9  0  0  4  6 0 0 1 1 0 0 0 1 0 0 1 0 0 0
2014   2 28  4 45 32 795290  -16.21358  -51.09069     5092  98.9  2  0  6 15 0 0 1 1 1 0 0 1 0 0 1 0 0 1
2014   2 28  4 45 33 518386  -16.12857  -51.24171     3047  10.0  0  0  4  6 0 0 1 1 0 0 0 1 0 0 1 0 0 0
2014   2 28  4 45 33 526927  -16.32154  -50.93008     5243 103.7  2  0  6 15 0 0 1 1 1 0 0 1 0 0 1 0 0 1
2014   2 28  4 45 34  20936  -23.20913  -46.50671     4739 129.1  2  0  7 21 0 0 1 1 1 0 0 1 0 1 1 0 0 1
2014   2 28  4 45 34 840553  -32.89484  -41.44964     8874 109.6  2  0  6 15 0 0 1 1 1 0 0 1 0 0 1 0 0 1
2014   2 28  4 45 35  64979  -32.87814  -41.43586     8892 109.9  2  0  6 15 0 0 1 1 1 0 0 1 0 0 1 0 0 1
2014   2 28  4 45 35  79589  -31.52492  -42.49080     6732  37.8  1  0  5 10 0 0 0 1 1 0 0 1 0 0 1 0 0 1
2014   2 28  4 45 36 530730   -4.22106  -70.69003     2946  10.2  0  0  6 15 0 0 0 1 1 0 0 1 0 1 1 1 0 0
2014   2 28  4 45 37 853508  -23.17278  -46.39521     3358  19.9  0  0  4  6 0 0 1 0 0 0 0 1 0 1 0 0 0 1
2014   2 28  4 45 37 878391  -16.24469  -50.95937     2712   9.8  0  0  5 10 0 0 0 1 1 0 0 1 0 0 1 0 0 1
2014   2 28  4 45 38  21070  -16.22669  -51.01082     2745  12.1  0  0  5 10 0 0 1 1 0 0 0 1 0 1 1 0 0 0
2014   2 28  4 45 38 124116  -27.39879  -43.22418     4106   4.4  0  0  5  8 0 0 0 0 1 0 0 1 0 1 1 0 0 1
2014   2 28  4 45 38 188034  -20.58129  -49.46248     2883  13.5  0  0  6 11 0 0 1 1 1 0 0 1 0 0 1 0 0 1
2014   2 28  4 45 38 553252  -20.54949  -49.54032     3943  24.9  0  0  5  7 0 0 1 1 1 0 0 1 0 1 0 0 0 0
2014   2 28  4 45 39 161664    7.53088  -73.87702     6746  24.3  0  0  5  8 0 0 0 1 1 0 0 1 0 0 1 1 0 0
2014   2 28  4 45 39 868607  -16.09243  -51.26453     3165  34.5  0  0  6 15 0 0 1 0 1 0 0 1 0 0 1 1 0 1
2014   2 28  4 45 39 893680  -27.66477  -43.21631     3929  19.5  0  0  5  8 0 0 1 1 1 0 0 0 0 0 1 0 0 1
2014   2 28  4 45 39 933342  -27.66117  -43.20766     3441  19.5  0  0  6 12 0 0 1 1 1 0 0 1 0 0 1 0 0 1
2014   2 28  4 45 39 943305  -23.45654  -46.13044    10010  82.8  2  0  6 11 0 0 1 1 1 0 0 1 0 0 1 0 0 1
2014   2 28  4 45 40 102116  -14.05223  159.58325     9914  43.2  1  0  6 15 0 0 1 0 1 0 0 1 0 1 0 1 0 1
2014   2 28  4 45 40 161262  -16.18066  -51.34785     2687  12.7  0  0  5 10 0 0 0 1 1 0 0 1 0 1 0 0 0 1
2014   2 28  4 45 40 168369  -16.28374  -51.01240     2756  15.4  0  0  5 10 0 0 0 1 1 0 0 1 0 1 0 0 0 1
2014   2 28  4 45 40 190771  -16.41975  -50.80897     3278  10.1  0  0  5 10 0 0 1 1 1 0 0 0 0 0 1 0 0 1
2014   2 28  4 45 40 553350  -13.94863  159.51389     8840  38.1  0  0  6 15 0 0 1 1 0 0 0 1 0 0 1 1 0 1
2014   2 28  4 45 40 820622  -21.49302  -51.35707     2764  38.3  0  0  7 20 0 0 1 0 1 0 0 1 0 1 1 1 0 1
2014   2 28  4 45 40 901334  -19.01745  165.50716   162706  40.2  1  0  5 10 0 0 1 1 1 0 0 1 0 0 1 0 0 0
2014   2 28  4 45 40 960172  -13.90933  159.50302     8459  11.1  0  0  4  6 0 0 0 1 0 0 0 1 0 0 1 1 0 0
2014   2 28  4 45 41  48902  -15.86714 -138.00578     8710  40.3  0  0  7 21 0 0 1 1 1 0 0 0 0 1 1 1 0 1
2014   2 28  4 45 41  68602  -13.91115  159.50563     8423  10.6  0  0  4  6 0 0 0 1 0 0 0 1 0 0 1 1 0 0
2014   2 28  4 45 41 807176  -23.26556  -46.36777     3621  47.5  1  0  6 15 0 0 1 1 1 0 0 1 0 0 1 0 0 1
2014   2 28  4 45 41 816235  -23.28824  -46.39075     4500  47.1  1  0  5  9 0 0 0 1 1 0 0 1 0 0 1 0 0 1
2014   2 28  4 45 41 824664  -23.19213  -46.43370     5278  72.4  2  0  6 11 0 0 1 1 1 0 0 1 0 0 1 0 0 1
2014   2 28  4 45 42 168893    2.83198  -83.99619    40887  60.6  2  0  5  9 0 0 0 1 1 0 0 1 0 1 1 0 0 0
2014   2 28  4 45 42 299479    1.81771    8.66425    21907  45.9  1  0  6 14 0 0 1 1 1 0 0 1 0 0 1 0 0 1
2014   2 28  4 45 42 764052    7.76502  -74.12983     8361  59.6  1  0  6 12 0 0 0 1 1 0 0 1 0 1 1 1 0 0
2014   2 28  4 45 43  76056  -20.34045  -49.42283     4934  84.2  2  0  6 12 0 0 1 1 1 0 0 1 0 0 1 0 0 1
2014   2 28  4 45 43 965268  -23.31321  -46.37228     4237  65.9  2  0  6 15 0 0 1 1 1 0 0 1 0 0 1 0 0 1
2014   2 28  4 45 44  59964  -15.74819  -50.13796     4122  47.3  1  0  5 10 0 0 1 1 0 0 0 1 0 0 1 0 0 1
2014   2 28  4 45 44 819885  -23.30264  -46.37638     5326  72.9  2  0  5 10 0 0 1 1 1 0 0 1 0 0 0 0 0 1
2014   2 28  4 45 45   5524  -27.44304  -43.10015     6352  40.7  1  0  5 10 0 0 1 0 1 0 0 1 0 0 1 0 0 1
2014   2 28  4 45 45 691999  -32.13683  -41.91672     5715  24.9  0  0  5 10 0 0 0 1 1 0 0 1 0 0 1 0 0 1
2014   2 28  4 45 45 745326  -33.34475  -39.87613     5913  67.1  2  0  6 15 0 0 1 1 1 0 0 0 0 1 1 0 0 1
2014   2 28  4 45 45 769708  -33.25544  -40.33076     5908  17.5  0  0  4  6 0 0 1 1 0 0 0 1 0 0 0 0 0 1
2014   2 28  4 45 45 814849  -15.99506  -47.34053     3642  29.5  0  0  5  7 0 0 1 1 1 0 0 1 0 0 1 0 0 0
2014   2 28  4 45 46 434138    2.38437  -67.71546    25062  88.9  2  0  6 15 0 0 0 1 1 0 0 1 0 1 1 0 0 1
2014   2 28  4 45 47  73450   -5.28583  -54.57158     4717  70.9  2  0  5 10 0 0 0 1 0 0 0 1 0 0 1 1 0 1
2014   2 28  4 45 48 273002  -21.66733  -45.82844     5998  68.1  2  0  5 10 0 0 1 0 1 0 0 0 0 1 1 0 0 1
2014   2 28  4 45 48 282197  -22.11638  -45.90088     4225  82.1  2  0  6 15 0 0 1 1 1 0 0 1 0 0 1 0 0 1
2014   2 28  4 45 49 407567  -25.07327  -45.45557     4831  30.7  1  0  4  6 0 0 0 1 0 0 0 1 0 1 1 0 0 0
2014   2 28  4 45 49 558630  -25.04113  -45.37798     4003  57.6  1  0  6 15 0 0 0 1 1 0 0 1 0 1 1 0 0 1
2014   2 28  4 45 49 617070  -25.20692  -45.27053     4610  70.9  2  0  6 15 0 0 1 1 1 0 0 1 0 0 1 0 0 1
2014   2 28  4 45 50  58088  -16.27831  -51.16123     5151 105.4  2  0  6 15 0 0 1 1 1 0 0 1 0 1 1 0 0 0
2014   2 28  4 45 50 149086  -31.35676  -49.94108     4997  33.8  1  0  5  7 0 0 1 1 1 0 0 1 0 0 0 0 1 0
2014   2 28  4 45 50 872532  -25.31021 -140.60678    49703 128.1  2  0  6 15 0 0 0 1 1 0 0 1 0 1 0 1 0 1
2014   2 28  4 45 50 939208  -25.31689 -137.10332    26934 114.2  2  0  6 15 0 0 1 1 1 0 0 1 0 0 1 1 0 0
2014   2 28  4 45 51 312642  -23.16733  -47.09233     4621  93.9  2  0  6 14 0 0 1 1 1 0 0 1 0 0 1 0 0 1
2014   2 28  4 45 51 427975  -20.08722  -50.10854     3199  25.4  0  0  5 10 0 0 1 1 0 0 0 1 0 1 1 0 0 0
2014   2 28  4 45 51 525790  -16.36148  -51.02346     5448 110.2  2  0  6 15 0 0 1 1 1 0 0 1 0 0 1 0 0 1
2014   2 28  4 45 51 585805  -16.31533  -50.66152     3846  35.6  1  0  5 10 0 0 1 0 1 0 0 1 0 0 1 0 0 1
2014   2 28  4 45 51 602867  -20.19135  -49.69498     5511 100.6  2  0  6 11 0 0 1 0 1 0 0 1 0 1 1 0 0 1
2014   2 28  4 45 51 916289  -23.29233  -46.44236     6424 129.2  2  0  6 15 0 0 1 1 1 0 0 1 0 0 1 0 0 1
2014   2 28  4 45 51 987734  -23.36714  -46.26718     5917 107.8  2  0  6 14 0 0 1 1 1 0 0 1 0 0 1 0 0 1
2014   2 28  4 45 52 156756    1.30646    1.26608    30331   7.5  0  0  5 10 0 0 1 1 1 0 0 0 0 0 1 0 0 1
2014   2 28  4 45 52 209337  -19.48569 -141.11491     5530  12.8  0  0  7 20 0 0 1 1 1 0 0 0 0 1 1 1 0 1
2014   2 28  4 45 52 245954  -19.70808 -141.86493    19390  35.1  1  0  5  8 0 0 1 0 1 0 0 1 0 0 1 1 0 0
2014   2 28  4 45 52 967028    2.42263  -67.55088     3115   9.8  0  0  6 15 0 0 0 1 1 0 0 0 0 1 1 1 0 1
2014   2 28  4 45 53  41947  -27.69504  -42.86021     2684   7.7  0  0  6 15 0 0 1 1 1 0 0 1 0 0 1 0 0 1
2014   2 28  4 45 53  92808    7.50335  -73.56479     5479  12.7  0  0  5  7 0 0 0 1 1 0 0 1 0 0 1 1 0 0
2014   2 28  4 45 53 505880  -20.36909  -46.99471     2445  10.1  0  0  6 15 0 0 1 1 1 0 0 1 0 0 1 0 0 1
2014   2 28  4 45 53 519047  -20.35820  -47.03102     2548  15.9  0  0  6 15 0 0 1 1 1 0 0 1 0 1 1 0 0 0
2014   2 28  4 45 53 571862  -20.37567  -46.99173     2673  12.0  0  0  5 10 0 0 0 1 1 0 0 1 0 0 1 0 0 1
2014   2 28  4 45 53 924739  -16.22786  -50.77013     2365  15.3  0  0  7 21 0 0 0 1 1 0 0 1 0 1 1 1 0 1
2014   2 28  4 45 53 962393  -20.37778  -46.98911     2752  14.6  0  0  5 10 0 0 0 1 1 0 0 1 0 0 1 0 0 1
2014   2 28  4 45 54 256133   -4.01199  -70.58014     3399   3.4  0  0  4  6 0 0 0 1 0 0 0 1 0 0 1 1 0 0
2014   2 28  4 45 54 621799  -16.15488  -50.99410     4347  18.5  0  0  4  6 0 0 0 1 0 0 0 0 0 1 1 0 0 1
2014   2 28  4 45 54 689209  -23.23117  -46.41252     2808  26.5  0  0  6 15 0 0 1 1 1 0 0 1 0 1 0 0 0 1
2014   2 28  4 45 55  52613  -23.01263  -47.31035     2522  15.3  0  0  6 15 0 0 1 1 1 0 0 1 0 0 1 0 0 1
2014   2 28  4 45 55 229475  -22.96251  -47.37496     3286   6.1  0  0  4  6 0 0 1 1 0 0 0 1 0 0 1 0 0 0
2014   2 28  4 45 55 838061  -33.07001  -41.04559     3621  23.9  0  0  6 15 0 0 1 1 1 0 0 1 0 0 1 0 0 1
2014   2 28  4 45 55 895282  -33.09736  -41.01851     3796   8.5  0  0  4  6 0 0 1 1 0 0 0 1 0 0 1 0 0 0
2014   2 28  4 45 55 942794  -33.09127  -40.99488     3710  16.5  0  0  5  9 0 0 1 1 0 0 0 1 0 0 1 0 0 1
2014   2 28  4 45 56  51442  -32.66504  -41.38897     3919  20.4  0  0  7 21 0 0 0 1 1 0 0 1 0 1 1 1 0 1
2014   2 28  4 45 56  89924  -28.13895  -43.03750     3129  19.3  0  0  6 15 0 0 1 1 1 0 0 1 0 0 1 0 0 1
2014   2 28  4 45 56 370556  -28.14389  -43.15283     2617   8.0  0  0  6 15 0 0 1 1 1 0 0 1 0 1 0 0 0 1
2014   2 28  4 45 56 531855  -16.17782  -50.91682     3306  35.6  0  0  6 13 0 0 1 0 0 0 0 1 0 1 1 1 0 1
2014   2 28  4 45 56 855335    7.65811  -74.05584     8073  40.2  1  0  6 14 0 0 0 1 1 0 0 0 0 1 1 1 0 1
2014   2 28  4 45 56 917490  -27.65335  -43.16316     4187  20.9  0  0  5  7 0 0 1 1 1 0 0 0 0 0 1 0 0 1
2014   2 28  4 45 56 943429  -27.64195  -43.31725     2950   9.9  0  0  5  8 0 0 1 1 1 0 0 1 0 1 0 0 0 0
2014   2 28  4 45 57  19960  -27.61606  -43.29437     3222  32.3  0  0  7 19 0 0 1 1 1 0 0 1 0 0 1 1 0 1
2014   2 28  4 45 57  53525    5.99145  154.18657     5737  10.1  0  0  5 10 0 0 1 1 0 0 0 1 0 0 1 1 0 0
2014   2 28  4 45 57  71054  -27.51693  -43.32765     3470  10.5  0  0  5  9 0 0 0 1 1 0 0 1 0 0 1 0 0 1
2014   2 28  4 45 57 153089  -27.61199  -43.27686     3244  32.9  0  0  7 19 0 0 1 1 1 0 0 1 0 0 1 1 0 1
2014   2 28  4 45 57 218859  -27.51958  -43.34083     3339  10.9  0  0  5 10 0 0 0 1 1 0 0 1 0 0 1 0 0 1
2014   2 28  4 45 57 230886   -5.80251  -74.29972     3805  47.8  0  0  7 21 0 0 1 1 1 0 0 0 0 1 1 1 0 1
2014   2 28  4 45 57 250444  -27.47744  -43.18415     2868  25.3  0  0  7 21 0 0 1 1 1 0 0 1 0 1 1 0 0 1
2014   2 28  4 45 57 283162  -27.66980  -43.18282     4101  23.5  0  0  5  9 0 0 1 1 0 0 0 1 0 0 1 0 0 1
2014   2 28  4 45 57 405312  -27.63751  -43.24465     3316  25.0  0  0  6 15 0 0 1 1 1 0 0 1 0 0 1 0 0 1
2014   2 28  4 45 57 794538  -27.48647  -43.19263     3403  27.1  0  0  6 15 0 0 1 1 1 0 0 1 0 0 1 0 0 1
2014   2 28  4 45 58 270712    2.70586  -67.95269     7881  49.4  1  0  5  7 0 0 0 1 1 0 0 1 0 0 1 1 0 0
2014   2 28  4 45 58 520936    7.68717  -74.30841     9990  48.8  1  0  5  8 0 0 0 1 1 0 0 1 0 0 1 1 0 0
2014   2 28  4 45 58 753119  -16.25848  -51.04628     3031  48.9  0  0  7 21 0 0 1 1 1 0 0 1 0 1 1 0 0 1
2014   2 28  4 45 58 788867  -16.28730  -50.99839     4418  47.8  1  0  5 10 0 0 0 1 1 0 0 1 0 0 1 0 0 1
2014   2 28  4 45 58 946179  -16.17383  -51.07243     3102  55.8  1  0  7 21 0 0 1 1 1 0 0 0 0 1 1 1 0 1
2014   2 28  4 45 59 326504  -23.54565  -45.98519     9254  26.6  1  0  4  6 0 0 1 1 0 0 0 0 0 0 1 0 0 1
2014   2 28  4 45 59 826062    7.25600  -74.75346     8369  57.2  2  0  5 10 0 0 0 1 1 0 0 1 0 0 1 1 0 0
2014   2 28  4 46  1 220089   -7.12388    5.69247    22312  58.6  1  0  6 14 0 0 1 1 1 0 0 1 0 0 1 0 0 1
2014   2 28  4 46  1 487834  -12.93486  -71.40297     4969  75.5  2  0  6 15 0 0 1 1 1 0 0 1 0 0 1 1 0 0
2014   2 28  4 46  1 553297  -13.06768  -71.61160     7913  94.2  2  0  6 15 0 0 0 1 1 0 0 1 0 1 1 1 0 0
2014   2 28  4 46  2  84240  -24.30194 -143.20413   115159  38.9  1  0  5  9 0 0 1 0 1 0 0 0 0 1 1 0 0 1
2014   2 28  4 46  2  98711  -30.38267 -132.39674    54415  71.1  2  0  5 10 0 0 1 1 1 0 0 1 0 0 1 0 0 0
2014   2 28  4 46  2 106077  -29.24395 -136.18967    17689  82.2  2  0  7 21 0 0 1 1 1 0 0 1 0 0 1 1 0 1
2014   2 28  4 46  2 114721  -29.04320 -134.78516    14212  65.8  1  0  7 21 0 0 1 0 1 0 0 1 0 1 1 1 0 1
2014   2 28  4 46  2 136577  -30.62960 -131.44998    36830  70.5  2  0  6 15 0 0 1 1 1 0 0 1 0 0 1 0 0 1
2014   2 28  4 46  2 170481  -28.87377 -135.86577    23225  77.0  2  0  6 15 0 0 1 1 1 0 0 0 0 0 1 1 0 1
2014   2 28  4 46  2 711837  -29.13900 -136.32907    18177  85.7  2  0  7 21 0 0 1 1 1 0 0 1 0 0 1 1 0 1
2014   2 28  4 46  3 252867   -5.86521  -74.02268     4730  39.5  1  0  5 10 0 0 1 0 1 0 0 0 0 0 1 1 0 1
2014   2 28  4 46  3 374251  -14.97330   29.03185    71621  73.4  2  0  5 10 0 0 1 1 1 0 0 0 0 0 1 0 0 1
2014   2 28  4 46  3 494475  -25.58056  -44.94420     3754  48.7  1  0  6 14 0 0 1 1 1 0 0 0 0 1 1 0 0 1
2014   2 28  4 46  3 496285  -13.89119  159.81284    42397  11.0  0  0  4  6 0 0 1 1 0 0 0 0 0 0 1 1 0 0
2014   2 28  4 46  3 555258  -13.56630  159.07178     8627  10.2  0  0  4  6 0 0 1 1 0 0 0 1 0 0 0 1 0 0
2014   2 28  4 46  3 565480  -13.22568  158.00644    11853  81.1  2  0  7 21 0 0 1 1 1 0 0 1 0 0 1 1 0 1
2014   2 28  4 46  4  76803  -20.77945  -49.55019     3211  10.2  0  0  4  6 0 0 1 1 0 0 0 1 0 0 1 0 0 0
2014   2 28  4 46  4 103020  -20.92365  -49.34082     5291 111.8  2  0  6 15 0 0 1 1 1 0 0 0 0 1 1 0 0 1
2014   2 28  4 46  4 656583  -22.35660 -142.92366    21768 106.9  2  0  7 21 0 0 1 1 1 0 0 1 0 0 1 1 0 1
2014   2 28  4 46  4 799260  -22.24532  -46.80949     4259  82.2  2  0  6 15 0 0 1 1 1 0 0 1 0 0 1 0 0 1
2014   2 28  4 46  5  75510  -22.15797  -47.08200     3593  90.5  2  0  7 21 0 0 1 1 1 0 0 1 0 1 1 0 0 1
2014   2 28  4 46  5 163064  -22.79524  -47.81246     4233  80.0  2  0  6 14 0 0 1 1 1 0 0 1 0 0 1 0 0 1
2014   2 28  4 46  5 429821  -27.40049  -43.14693     7804  55.0  2  0  5 10 0 0 1 0 1 0 0 1 0 0 1 0 0 1
2014   2 28  4 46  5 804095  -22.34495  -47.89281     4562 131.9  2  0  7 21 0 0 1 1 1 0 0 1 0 1 1 1 0 0
2014   2 28  4 46  5 813473  -22.55465  -47.54762     4328  88.6  2  0  6 15 0 0 1 1 1 0 0 1 0 0 1 0 0 1
2014   2 28  4 46  6 357062   -6.02946  -58.39019     6337  67.8  2  0  5 10 0 0 1 0 1 0 0 0 0 1 0 1 0 1
2014   2 28  4 46  7  29203  -23.03334  -46.93489     4322  76.3  2  0  6 11 0 0 1 1 0 0 0 1 0 1 1 0 1 0
2014   2 28  4 46  7 389053  -16.12898  -51.32467     2902   2.4  0  0  4  6 0 0 1 1 0 0 0 1 0 0 1 0 0 0
2014   2 28  4 46  8  69008    7.45831  -73.53661     4551  12.6  0  0  5 10 0 0 0 1 0 0 0 1 0 1 0 1 0 1
2014   2 28  4 46  8 131768    7.39745  -73.59008     5051  13.6  0  0  5  7 0 0 0 1 1 0 0 1 0 0 1 1 0 0
2014   2 28  4 46  8 612816  -23.20283  -46.34142     3291   8.7  0  0  5  7 0 0 1 1 1 0 0 1 0 0 0 0 0 1
2014   2 28  4 46  8 679394  -23.23599  -46.33907     2534   9.2  0  0  6 15 0 0 1 1 1 0 0 1 0 0 1 0 0 1
2014   2 28  4 46  8 837557  -23.23741  -46.33465     2739   9.6  0  0  5 10 0 0 1 1 1 0 0 1 0 0 0 0 0 1
2014   2 28  4 46  9  20581    0.21590  -71.66393     3205   6.5  0  0  7 21 0 0 1 1 1 0 0 1 0 1 1 0 0 1
2014   2 28  4 46  9 209445  -33.10030  -40.94670     2967   4.5  0  0  5 10 0 0 1 1 1 0 0 0 0 0 1 0 0 1
2014   2 28  4 46  9 665274  -33.10413  -40.97274     2744   8.5  0  0  6 15 0 0 1 1 1 0 0 1 0 1 1 0 0 0
2014   2 28  4 46  9 681610  -33.10072  -40.94722     3551   5.1  0  0  4  6 0 0 1 1 0 0 0 0 0 0 1 0 0 1
2014   2 28  4 46 10 125998  -16.23895  -50.92952     2594   4.7  0  0  5 10 0 0 0 1 1 0 0 1 0 0 1 0 0 1
2014   2 28  4 46 10 175261  -16.23659  -50.91582     2467   8.5  0  0  6 15 0 0 1 1 1 0 0 1 0 0 1 0 0 1
2014   2 28  4 46 10 609196    4.60351  -72.20691     4214  10.3  0  0  5  8 0 0 0 1 1 0 0 1 0 0 1 1 0 0
2014   2 28  4 46 11 318192    2.37120   -1.14096     4219   4.1  0  0  7 21 0 0 1 0 1 0 0 1 0 1 1 1 0 1
2014   2 28  4 46 11 888160    0.74794  -69.48277     3880  20.4  0  0  5  9 0 0 0 1 1 0 0 1 0 0 1 1 0 0
2014   2 28  4 46 12  92747  -23.42876  -46.18702     7812  26.9  1  0  4  6 0 0 1 1 0 0 0 0 0 0 1 0 0 1
2014   2 28  4 46 12 529150  -15.01550  -56.54197     3214  17.9  0  0  5  9 0 0 0 1 0 0 0 1 0 1 0 1 0 1
2014   2 28  4 46 12 719775  -14.96147  -56.46974     2816  31.4  0  0  7 21 0 0 0 1 0 0 0 1 0 1 1 1 1 1
2014   2 28  4 46 12 791592  -27.59237  -43.30673     2830  17.3  0  0  6 15 0 0 1 1 1 0 0 0 0 1 1 0 0 1
2014   2 28  4 46 12 855389  -27.58685  -43.30712     2789  16.0  0  0  6 15 0 0 1 1 1 0 0 0 0 1 1 0 0 1
2014   2 28  4 46 12 910319  -27.59581  -43.31976     2665  18.7  0  0  7 21 0 0 1 1 1 0 0 1 0 1 1 0 0 1
2014   2 28  4 46 13 300011  -22.80531  -47.85405     4036  46.0  1  0  5  9 0 0 1 1 0 0 0 0 0 1 1 0 0 1
2014   2 28  4 46 13 761631    6.03147  153.97655     8789  16.7  0  0  4  6 0 0 1 0 0 0 0 1 0 0 1 1 0 0
2014   2 28  4 46 14 439639  -23.35560  -45.96524     4927  57.4  2  0  5 10 0 0 0 1 1 0 0 1 0 0 1 0 0 1
2014   2 28  4 46 15 299724  -16.13550  -50.94546     3263  38.6  0  0  6 15 0 0 1 0 1 0 0 0 0 1 1 1 0 1
2014   2 28  4 46 15 308339  -16.26882  -50.93397     3429  45.2  1  0  6 15 0 0 1 0 1 0 0 1 0 1 1 0 0 1
2014   2 28  4 46 15 316317  -16.28432  -51.01065     3098  51.3  1  0  7 21 0 0 1 1 1 0 0 1 0 1 1 0 0 1
2014   2 28  4 46 15 350182  -16.25488  -51.13634     3034  53.6  1  0  7 21 0 0 0 1 1 0 0 1 0 1 1 1 0 1
2014   2 28  4 46 15 386526  -16.27819  -50.93643     3529  46.2  1  0  6 15 0 0 1 1 1 0 0 1 0 0 1 0 0 1
2014   2 28  4 46 15 404636  -16.17447  -51.12482     3474  55.4  1  0  6 15 0 0 1 1 0 0 0 0 0 1 1 1 0 1
2014   2 28  4 46 15 797197    7.88892  -74.68890    14955  69.3  2  0  6 12 0 0 0 1 1 0 0 0 0 1 1 1 0 1
2014   2 28  4 46 15 842151    6.39101  -76.85447     9550  63.5  2  0  5  8 0 0 1 1 0 0 0 1 0 0 0 1 0 1
2014   2 28  4 46 15 952655    7.32246  -75.01087    11920  55.4  2  0  5  7 0 0 0 1 0 0 0 1 0 0 1 1 0 1
2014   2 28  4 46 16 186180  -23.34097  -46.35647     5203  66.8  2  0  5 10 0 0 0 1 1 0 0 1 0 0 1 0 0 1
2014   2 28  4 46 16 214551  -23.31059  -46.36214     4247  64.4  2  0  6 15 0 0 1 1 1 0 0 1 0 0 1 0 0 1
2014   2 28  4 46 16 227463  -23.26391  -46.46474     4130  72.7  2  0  6 15 0 0 0 1 1 0 0 1 0 1 1 0 0 1
2014   2 28  4 46 16 271780  -23.30249  -46.31378     4889  59.3  2  0  5 10 0 0 1 1 0 0 0 1 0 0 1 0 0 1
2014   2 28  4 46 16 345545  -27.41758  -43.39756     3331  19.3  0  0  5 10 0 0 1 1 1 0 0 1 0 0 0 0 0 1
2014   2 28  4 46 16 509580  -23.27174  -46.35746     4253  64.8  2  0  6 15 0 0 1 1 1 0 0 1 0 0 1 0 0 1
2014   2 28  4 46 17   3477  -23.35367  -46.37654     4486  71.4  2  0  6 15 0 0 1 1 1 0 0 1 0 0 1 0 0 1
2014   2 28  4 46 17  43326  -23.32516  -46.50199     5415  50.8  2  0  5 10 0 0 1 1 1 0 0 1 0 0 1 0 0 0
2014   2 28  4 46 18 389047    0.11966  -88.99574     9566   1.6  0  0  4  6 0 0 0 1 1 0 0 0 0 1 0 1 0 0
2014   2 28  4 46 18 531931  -16.28443  -50.93341     4259  70.3  2  0  6 15 0 0 1 1 1 0 0 1 0 0 1 0 0 1
2014   2 28  4 46 18 557126  -16.25422  -50.99189     5246  69.7  2  0  5 10 0 0 1 1 1 0 0 1 0 0 1 0 0 0
2014   2 28  4 46 18 753723  -16.12796  -51.36926     3558  81.0  2  0  7 21 0 0 0 1 1 0 0 1 0 1 1 1 0 1
2014   2 28  4 46 18 765215  -16.13855  -51.36685     3602  83.3  2  0  7 21 0 0 0 1 1 0 0 1 0 1 1 1 0 1
2014   2 28  4 46 18 784844  -16.19764  -51.31290     3345  69.6  1  0  7 21 0 0 0 1 1 0 0 1 0 1 1 1 0 1
2014   2 28  4 46 19 215254  -16.00826  -51.53343     3031  48.8  0  0  7 21 0 0 1 1 0 0 0 1 0 1 1 1 1 0
2014   2 28  4 46 19 315161  -16.17765  -51.30449     4440  80.6  2  0  6 15 0 0 1 1 1 0 0 1 0 1 1 0 0 0
2014   2 28  4 46 20 367053    7.77828  -74.94928    11913  94.7  2  0  6 13 0 0 0 1 1 0 0 1 0 1 1 1 0 0
2014   2 28  4 46 20 413991  -24.27945  -45.48103     4835  58.2  2  0  5 10 0 0 0 1 1 0 0 0 0 1 1 0 0 1
2014   2 28  4 46 21  30082   -5.77280  -43.50281     6230  74.9  2  0  5 10 0 0 1 1 1 0 0 1 0 0 1 0 0 0
2014   2 28  4 46 21 729676    5.21904  -72.62305    10491  99.5  2  0  6 11 0 0 0 1 1 0 0 1 0 0 1 1 1 0
2014   2 28  4 46 21 772383  -20.61697  -49.75407     3478  53.3  1  0  6 14 0 0 1 1 0 0 0 1 0 1 1 1 0 0
2014   2 28  4 46 21 802194  -20.75498  -49.37777     4535  95.1  2  0  6 13 0 0 1 0 1 0 0 1 0 1 1 0 0 1
2014   2 28  4 46 21 878220  -20.76682  -49.42416     4408  84.9  2  0  6 12 0 0 1 0 1 0 0 1 0 1 1 0 0 1
2014   2 28  4 46 21 917611  -20.90179  -49.46422     4360  98.6  2  0  6 15 0 0 1 1 1 0 0 1 0 1 0 0 0 1
2014   2 28  4 46 22 121313  -20.81252  -46.67801     3224  19.6  0  0  5 10 0 0 1 1 1 0 0 0 0 0 1 0 0 1
2014   2 28  4 46 22 221044    2.45362  -67.65572     5931 122.9  2  0  7 20 0 0 1 1 1 0 0 1 0 0 1 1 0 1
2014   2 28  4 46 23 837596    6.29479  -77.40648     8284 124.5  2  0  7 20 0 0 1 1 1 0 0 1 0 0 1 1 0 1
2014   2 28  4 46 23 861069    6.17096  -76.85612    10757 102.4  2  0  6 12 0 0 1 0 1 0 0 1 0 0 1 1 0 1
2014   2 28  4 46 23 919533   -9.12880  -64.31819     5239  19.6  0  0  5  7 0 0 0 0 1 0 0 0 0 1 1 1 0 1
2014   2 28  4 46 24  36652    5.87903  -76.76686     6123  21.6  0  0  7 16 0 0 1 1 1 0 0 0 0 1 1 1 0 1
2014   2 28  4 46 24 177449    5.92042  -77.07725     4597  14.5  0  0  5  9 0 0 0 1 1 0 0 1 0 0 1 1 0 0
2014   2 28  4 46 24 293720  -22.37310  -47.70182     2809  10.9  0  0  5  7 0 0 0 1 1 0 0 1 0 0 1 0 0 1
2014   2 28  4 46 24 383294  -22.39232  -47.70649     2368  16.0  0  0  7 20 0 0 1 1 1 0 0 1 0 1 1 1 0 0
2014   2 28  4 46 24 460909    8.76860  -72.82391     3117   9.7  0  0  7 21 0 0 0 1 1 0 0 1 0 1 1 1 0 1
2014   2 28  4 46 24 488403  -22.40961  -47.68325     2442   8.3  0  0  6 13 0 0 1 1 1 0 0 1 0 0 1 0 0 1
2014   2 28  4 46 24 653159  -23.35963  -46.23819     3915  30.0  0  0  6 12 0 0 1 1 1 0 0 1 0 0 1 0 0 1
2014   2 28  4 46 24 663148  -23.20817  -46.36219     2492   6.7  0  0  6 15 0 0 1 1 1 0 0 1 0 0 1 0 0 1
2014   2 28  4 46 24 756179  -23.24325  -46.42414     4274  80.1  2  0  6 15 0 0 1 1 1 0 0 1 0 0 1 0 0 1
2014   2 28  4 46 24 767932  -32.33809  -49.37479     4045   1.5  0  0  4  6 0 0 1 1 0 0 0 1 0 0 0 0 0 1
2014   2 28  4 46 24 815881  -23.21287  -46.36016     2483   6.0  0  0  6 15 0 0 1 1 1 0 0 1 0 0 1 0 0 1
2014   2 28  4 46 25 123365   -5.84011  -74.47488     3905   7.7  0  0  5  8 0 0 0 1 1 0 0 1 0 0 1 1 0 0
2014   2 28  4 46 25 195651   -5.83040  -74.48221     3443   0.7  0  0  5 10 0 0 0 1 1 0 0 0 0 0 1 1 0 1
2014   2 28  4 46 25 384588  -27.71340  -43.06686     2815   5.5  0  0  5 10 0 0 1 1 1 0 0 0 0 0 1 0 0 1
2014   2 28  4 46 26 573513    2.74028  -67.80228     2677  10.3  0  0  7 21 0 0 0 1 1 0 0 1 0 1 1 1 0 1
2014   2 28  4 46 27 352788  -27.48561  -43.08259     3960   7.2  0  0  4  6 0 0 1 0 0 0 0 0 0 1 1 0 0 1
2014   2 28  4 46 27 479525    8.79300  -73.49722     5278  14.5  0  0  5  8 0 0 0 1 1 0 0 1 0 0 1 1 0 0
2014   2 28  4 46 27 502538  -27.43759  -43.20206     3991   7.8  0  0  5 10 0 0 0 0 1 0 0 1 0 1 1 0 0 1
2014   2 28  4 46 27 763911  -27.49861  -43.05948     3043   5.0  0  0  5  9 0 0 1 1 0 0 0 1 0 0 1 0 0 1
2014   2 28  4 46 27 817238    4.49192  -83.99841     4150  36.2  0  0  7 21 0 0 1 1 1 0 0 1 0 1 0 1 0 1
2014   2 28  4 46 28 522632    7.52927  -73.41694     4629  53.4  1  0  7 21 0 0 1 1 1 0 0 1 0 0 1 1 0 1
2014   2 28  4 46 28 866704    7.56009  -73.74273     4749  23.0  0  0  6 13 0 0 0 0 1 0 0 1 0 1 1 1 0 1
2014   2 28  4 46 29    387  -33.47947  -39.57224     3337  17.5  0  0  6 15 0 0 1 1 1 0 0 1 0 0 1 0 0 1
2014   2 28  4 46 29 325056   -5.77953  -74.78026     6719  43.6  1  0  5  9 0 0 0 1 0 0 0 1 0 1 1 1 0 0
2014   2 28  4 46 29 424218  -30.35043 -131.10239    16555  25.7  0  0  6 15 0 0 1 1 1 0 0 1 0 0 1 0 0 1
2014   2 28  4 46 29 768362  -23.28047  -46.36658     3879  37.8  1  0  5 10 0 0 0 1 1 0 0 1 0 0 1 0 0 1
2014   2 28  4 46 29 965354  -23.22631  -46.39141     4181  41.5  1  0  6 13 0 0 1 1 1 0 0 1 0 0 1 0 0 1
2014   2 28  4 46 31 115733  -23.94404  -45.78791     3516  45.9  1  0  6 15 0 0 1 1 1 0 0 1 0 0 1 0 0 1
2014   2 28  4 46 31 414889  -16.26022  -51.00314     3013  47.4  0  0  7 21 0 0 1 1 1 0 0 1 0 1 1 0 0 1
2014   2 28  4 46 31 423596  -16.26066  -51.00780     3020  47.6  0  0  7 21 0 0 1 1 1 0 0 1 0 1 1 0 0 1
2014   2 28  4 46 32 925483    7.85319  -73.90427    12878  91.6  2  0  6 11 0 0 1 1 1 0 0 0 0 1 1 1 0 0
2014   2 28  4 46 32 961371    7.73166  -73.76499     6009  82.2  2  0  7 20 0 0 1 1 1 0 0 1 0 0 1 1 0 1
2014   2 28  4 46 33 949061   -3.57877   -6.33813    57669  36.1  1  0  5 10 0 0 1 1 1 0 0 0 0 0 1 0 0 1
2014   2 28  4 46 35 517428  -23.28489  -46.38192     4874  82.7  2  0  6 15 0 0 1 1 1 0 0 1 0 0 1 0 0 1
2014   2 28  4 46 35 928677  -16.30377  -51.06477     3717  81.6  2  0  7 21 0 0 1 1 1 0 0 1 0 1 1 0 0 1
2014   2 28  4 46 36  63646  -16.29850  -51.17650     4786  72.0  2  0  5 10 0 0 0 1 1 0 0 1 0 1 1 0 0 0
2014   2 28  4 46 36 132389  -16.32527  -51.04599     5890  78.0  2  0  5 10 0 0 0 1 1 0 0 1 0 0 1 0 0 1
2014   2 28  4 46 36 282547    6.16425  -77.15930     8657  98.5  2  0  6 14 0 0 1 1 0 0 0 1 0 0 1 1 0 1
2014   2 28  4 46 36 439015    6.21907  -78.19374    11511  94.0  2  0  6 15 0 0 0 1 0 0 0 1 0 1 1 1 0 1
2014   2 28  4 46 39 182097  -22.40260  -48.22807     3163   3.7  0  0  4  6 0 0 1 1 0 0 0 1 0 0 1 0 0 0
2014   2 28  4 46 39 468415  -22.98421  -46.98323     4143  28.2  1  0  4  6 0 0 0 1 0 0 0 1 0 1 1 0 0 0
2014   2 28  4 46 40 498302    7.44068  -73.67728     3107  11.7  0  0  7 20 0 0 0 1 1 0 0 1 0 1 1 1 0 1
2014   2 28  4 46 40 514877    7.44063  -73.68562     3892  13.4  0  0  6 13 0 0 0 1 1 0 0 1 0 0 1 1 0 1
2014   2 28  4 46 40 796157  -27.69705  -42.94466     3175  10.8  0  0  5  9 0 0 1 1 1 0 0 1 0 0 0 0 0 1
2014   2 28  4 46 41 273473  -20.05956 -140.73604     5008  11.5  0  0  7 21 0 0 1 1 0 0 0 1 0 1 1 1 0 1
2014   2 28  4 46 41 574052    7.44870  -73.80580     4663  17.2  0  0  5  8 0 0 0 1 0 0 0 1 0 1 1 1 0 0
2014   2 28  4 46 41 888548   -7.17054   14.74580    31169  18.7  0  0  5  9 0 0 0 1 1 0 0 1 0 0 1 0 0 1
2014   2 28  4 46 42 403265  -23.21358  -46.48458     4335  26.1  1  0  4  6 0 0 1 1 1 0 0 1 0 0 0 0 0 0
2014   2 28  4 46 42 512965  -12.32314   58.52189    21525  21.0  0  0  5 10 0 0 1 1 1 0 0 0 0 0 1 0 0 1
2014   2 28  4 46 43  96458  -16.24607  -50.96749     3389  27.3  0  0  5 10 0 0 0 1 1 0 0 1 0 0 1 0 0 1
2014   2 28  4 46 43 161325  -16.24608  -51.02438     2740  25.8  0  0  6 15 0 0 0 1 1 0 0 1 0 1 1 0 0 1
2014   2 28  4 46 43 419418   29.86065 -130.43756    10257  42.7  0  0  7 21 0 0 1 1 1 0 0 1 0 1 0 1 0 1
2014   2 28  4 46 43 449500   29.90450 -130.51259    24244  58.3  1  0  6 15 0 0 1 1 1 0 0 1 0 0 1 0 0 1
2014   2 28  4 46 44 243433    7.61703  -73.79182     6367  48.1  0  0  7 16 0 0 1 1 1 0 0 1 0 0 1 1 0 1
2014   2 28  4 46 44 298054    7.62082  -74.11758     8568  41.3  1  0  5  8 0 0 0 1 1 0 0 1 0 0 1 1 0 0
2014   2 28  4 46 44 421644    7.60227  -74.14133     5838  41.2  0  0  7 16 0 0 0 1 1 0 0 1 0 1 1 1 0 1
2014   2 28  4 46 44 543794   -6.58623  -21.75871    11617  27.8  0  0  6 13 0 0 1 1 1 0 0 1 0 0 1 0 0 1
2014   2 28  4 46 44 801380    7.64223  -73.98499     6063  41.8  1  0  6 14 0 0 0 1 1 0 0 1 0 0 1 1 0 1
2014   2 28  4 46 45 971168  -16.25402  -50.94734     3511  47.2  1  0  6 15 0 0 1 1 1 0 0 1 0 0 1 0 0 1
2014   2 28  4 46 46  39073  -16.26614  -51.03996     3259  46.8  1  0  6 15 0 0 0 1 1 0 0 1 0 1 1 0 0 1
2014   2 28  4 46 46 125967  -16.56477  -50.74054     3811  18.2  0  0  5 10 0 0 1 1 1 0 0 0 0 0 1 0 0 1
2014   2 28  4 46 46 143749  -16.26357  -50.98968     4469  49.6  1  0  5 10 0 0 0 1 1 0 0 1 0 0 1 0 0 1
2014   2 28  4 46 46 385353  -16.24215  -51.00274     4620  52.5  2  0  5 10 0 0 0 1 1 0 0 1 0 0 1 0 0 1
2014   2 28  4 46 47 118207  -20.13450  -49.87442     2763  13.6  0  0  5 10 0 0 1 1 0 0 0 1 0 1 1 0 0 0
2014   2 28  4 46 47 357553  -20.15802  -49.82674     3089   3.9  0  0  4  6 0 0 1 1 0 0 0 1 0 0 1 0 0 0
2014   2 28  4 46 48 444926  -11.85813  169.70337    12992  22.4  1  0  4  6 0 0 1 0 0 0 0 1 0 0 1 1 0 0
2014   2 28  4 46 48 657482  -28.03489  -43.32553     4820  46.8  1  0  5 10 0 0 1 1 0 0 0 1 0 1 1 0 0 0
2014   2 28  4 46 49  28100  -28.05199  -43.35658     4302  44.3  1  0  6 15 0 0 1 1 1 0 0 1 0 0 1 0 0 1
2014   2 28  4 46 49 163954  -32.90337  -41.45099     5484  65.3  2  0  6 15 0 0 1 1 1 0 0 1 0 1 1 0 0 0
2014   2 28  4 46 49 384380  -23.18571  -46.62790     4073  62.3  1  0  7 16 0 0 1 0 1 0 0 1 0 1 1 1 1 0
2014   2 28  4 46 49 727938  -23.29510  -46.40563     4840  83.6  2  0  6 15 0 0 1 1 1 0 0 1 0 0 1 0 0 1
2014   2 28  4 46 49 834254  -32.96336  -41.43013     6296  66.6  2  0  6 15 0 0 1 1 1 0 0 1 0 0 1 0 0 1
2014   2 28  4 46 50 122740  -16.28886  -50.95634     4496  79.4  2  0  6 15 0 0 1 1 1 0 0 1 0 0 1 0 0 1
2014   2 28  4 46 50 152409  -16.23480  -51.02667     4936  64.5  2  0  5 10 0 0 1 1 0 0 0 1 0 0 1 0 0 1
2014   2 28  4 46 51 461807    5.30804  -71.82510     7089  81.6  2  0  7 18 0 0 1 0 1 0 0 1 0 1 1 1 0 1
2014   2 28  4 46 51 720924  -27.35947  -43.67416     2738   5.5  0  0  5 10 0 0 1 1 1 0 0 1 0 1 0 0 0 0
2014   2 28  4 46 51 728789  -27.33480  -43.50684     4956  57.8  1  0  6 13 0 0 1 1 1 0 0 1 0 0 1 0 0 1
2014   2 28  4 46 51 991974  -22.64673  -47.68973     3285  45.7  1  0  6 15 0 0 1 1 0 0 0 1 0 1 1 1 0 0
2014   2 28  4 46 52  93871  -16.16645  -51.26594     4022  95.7  2  0  7 21 0 0 1 1 1 0 0 1 0 1 1 0 0 1
2014   2 28  4 46 53 135749  -27.38975  -43.55246     3874  59.6  1  0  7 21 0 0 1 1 1 0 0 1 0 1 1 0 0 1
2014   2 28  4 46 53 619034    6.16853  -77.73609    12810 110.2  2  0  6 15 0 0 0 1 1 0 0 1 0 0 1 1 0 1
2014   2 28  4 46 53 720738  -27.09163  -44.03577     4147  23.2  0  0  5  9 0 0 0 1 0 0 0 1 0 1 1 0 0 1
2014   2 28  4 46 53 759199  -27.11065  -44.02565     3688  22.2  0  0  5 10 0 0 0 1 1 0 0 1 0 1 1 0 0 0
2014   2 28  4 46 53 777933  -27.44557  -43.72660     5198  66.4  2  0  6 15 0 0 1 1 1 0 0 1 0 0 1 0 0 1
2014   2 28  4 46 53 789032  -27.12021  -43.96465     3859  15.5  0  0  5  8 0 0 0 1 1 0 0 1 0 0 1 0 0 1
2014   2 28  4 46 54 346243  -23.18833  -47.08089     4691 104.0  2  0  6 15 0 0 1 1 1 0 0 1 0 0 1 0 0 1
2014   2 28  4 46 54 788673    6.24969  -78.04140    13817 118.4  2  0  6 15 0 0 0 1 1 0 0 1 0 0 1 1 0 1
2014   2 28  4 46 55 445082  -15.99020  -51.49180     3113  15.5  0  0  4  6 0 0 1 1 0 0 0 0 0 0 1 1 0 0
2014   2 28  4 46 55 550597  -23.23735  -46.19469     2959   0.6  0  0  4  6 0 0 1 0 0 0 0 1 0 0 1 0 0 1
2014   2 28  4 46 56 324540    7.06817  -74.43235     4666   8.7  0  0  5  9 0 0 0 1 1 0 0 0 0 0 1 1 0 1
2014   2 28  4 46 56 356653    7.07729  -74.51875     3008   5.9  0  0  7 21 0 0 0 1 1 0 0 1 0 1 0 1 1 1
2014   2 28  4 46 56 556733  -28.48238 -132.80516    17687  13.0  0  0  5  9 0 0 1 1 1 0 0 1 0 0 1 0 0 0
2014   2 28  4 46 56 685089  -27.43259 -135.32042     8510  10.3  0  0  6 15 0 0 0 1 1 0 0 1 0 0 1 1 0 1
2014   2 28  4 46 56 793371  -27.71723 -135.24350    12656  35.5  0  0  6 14 0 0 1 1 1 0 0 1 0 0 1 1 0 0
2014   2 28  4 46 57 960731    1.88586    3.27232    45684  23.4  0  0  5  9 0 0 0 1 1 0 0 1 0 0 1 0 0 1
2014   2 28  4 46 58 271112    7.19852  -74.52415     5364  24.3  0  0  5  8 0 0 0 1 1 0 0 1 0 0 1 1 0 0
2014   2 28  4 46 58 610513  -23.29156  -46.38027     3750  34.1  1  0  5  9 0 0 0 1 1 0 0 1 0 0 1 0 0 1
2014   2 28  4 46 58 737963  -20.33800  -47.13811     2728  12.9  0  0  5 10 0 0 1 1 0 0 0 1 0 1 1 0 0 0
2014   2 28  4 46 59  86930  -20.39371  -47.01037     3550  28.7  0  0  5  8 0 0 0 1 1 0 0 1 0 0 1 0 0 1
2014   2 28  4 46 59 671654  -16.22281  -50.96736     4041  28.0  1  0  4  6 0 0 0 1 0 0 0 1 0 0 1 0 0 1
2014   2 28  4 46 59 776354  -16.25031  -50.97840     3726  33.4  1  0  5 10 0 0 0 1 1 0 0 1 0 0 1 0 0 1
2014   2 28  4 46 59 841370  -22.11995  -48.11455     4223  72.5  2  0  6 13 0 0 1 1 1 0 0 0 0 1 1 0 0 1
2014   2 28  4 46 59 859452    8.73604  -72.79800    11548  30.9  1  0  5  9 0 0 1 1 0 0 0 1 0 0 1 0 0 1
2014   2 28  4 47  0 260901  -23.44986  -46.19328     5354  83.3  2  0  6 14 0 0 0 1 1 0 0 1 0 0 1 1 0 1
2014   2 28  4 47  0 511215  -23.20916  -46.42905     3068  48.0  0  0  7 21 0 0 1 1 1 0 0 1 0 1 1 0 0 1
2014   2 28  4 47  0 578306  -23.10438  -46.40259     5148 134.5  2  0  7 21 0 0 1 1 1 0 0 1 0 0 1 0 1 1
2014   2 28  4 47  0 615702  -27.45631  -43.41151     2950   4.7  0  0  5 10 0 0 0 1 1 0 0 0 0 1 1 0 0 1
2014   2 28  4 47  0 651824  -23.26873  -46.35492     4376  50.5  2  0  5 10 0 0 0 1 1 0 0 1 0 0 1 0 0 1
2014   2 28  4 47  0 823887  -23.22896  -46.43509     3330  46.5  1  0  6 15 0 0 1 1 1 0 0 1 0 1 0 0 0 1
2014   2 28  4 47  1 546269   -1.95837   10.02039    19834  31.9  1  0  5 10 0 0 1 1 0 0 0 1 0 0 1 0 0 1
2014   2 28  4 47  1 719841  -16.36493  -50.95420     4223  45.8  1  0  6 15 0 0 1 1 1 0 0 0 0 1 1 0 0 1
2014   2 28  4 47  4 514700  -23.27753  -46.33129     3552  11.2  0  0  4  6 0 0 1 1 1 0 0 1 0 0 0 0 0 0
2014   2 28  4 47  4 603113  -28.03126  -43.34175     3644  49.6  0  0  7 21 0 0 1 1 1 0 0 1 0 1 1 0 0 1
2014   2 28  4 47  4 841531  -23.29364  -46.08828     4512  84.7  2  0  6 15 0 0 1 1 0 0 0 1 0 1 1 0 0 1
2014   2 28  4 47  4 903292  -23.34969  -46.03736     4812  81.9  2  0  6 15 0 0 1 1 1 0 0 1 0 0 1 0 0 1
2014   2 28  4 47  4 934061    6.78383  -73.32098    10804  76.9  2  0  7 21 0 0 1 1 1 0 0 1 0 1 1 0 0 1
2014   2 28  4 47  5 107902  -23.27663  -46.34986     3650  13.0  0  0  4  6 0 0 1 1 1 0 0 1 0 0 0 0 0 0
2014   2 28  4 47  5 874614  -30.66558  -42.71051     7311  75.5  2  0  6 11 0 0 1 1 1 0 0 1 0 0 1 0 0 1
2014   2 28  4 47  5 887149  -29.89735  -43.32494     4167  40.9  0  0  7 21 0 0 0 1 1 0 0 1 0 1 1 1 0 1
2014   2 28  4 47  5 948354  -30.69588  -42.43902     7836  63.5  2  0  5 10 0 0 1 0 0 0 0 1 0 1 1 0 0 1
2014   2 28  4 47  6 318870    7.91801  -73.88085     5215  34.3  1  0  5 10 0 0 1 1 0 0 0 1 0 0 1 1 0 0
2014   2 28  4 47  7  21677  -28.71866 -128.61749    34880  32.7  1  0  5 10 0 0 0 0 1 0 0 0 0 1 1 1 0 1
2014   2 28  4 47  7 165397  -23.30561  -46.56722     4741 100.5  2  0  6 15 0 0 1 1 1 0 0 1 0 1 0 0 0 1
2014   2 28  4 47  7 203024  -31.75067  -42.36658     6524  48.2  1  0  6 14 0 0 0 1 1 0 0 1 0 0 1 1 0 1
2014   2 28  4 47  7 292403  -32.97069  -41.44300     7289  83.0  2  0  6 15 0 0 1 1 1 0 0 1 0 0 1 0 0 1
2014   2 28  4 47  7 327095  -32.90923  -41.58461     5588  81.9  2  0  7 21 0 0 1 1 1 0 0 1 0 1 1 0 0 1
2014   2 28  4 47  7 370979  -32.73035  -42.16569     4122  21.5  0  0  5 10 0 0 1 1 1 0 0 1 0 0 0 0 0 1
2014   2 28  4 47  8  13430  -32.96300  -42.12392     4261  22.9  0  0  5 10 0 0 1 1 1 0 0 1 0 0 0 0 0 1
2014   2 28  4 47  8 328378  -33.17370  -41.45680     7802  90.7  2  0  6 15 0 0 1 1 1 0 0 1 0 0 1 0 0 1
2014   2 28  4 47  8 574605  -22.83758  -47.56802     4383 123.4  2  0  7 21 0 0 1 1 0 0 0 1 0 1 1 1 0 1
2014   2 28  4 47  8 619236  -33.17416  -41.41390     7968  93.1  2  0  6 15 0 0 1 1 1 0 0 1 0 0 1 0 0 1
2014   2 28  4 47  8 649120  -33.01826  -42.03514     4687  21.6  1  0  4  6 0 0 1 1 1 0 0 0 0 1 0 0 0 0
2014   2 28  4 47  8 666817  -33.17693  -41.40870     7963  92.9  2  0  6 15 0 0 1 1 1 0 0 1 0 0 1 0 0 1
2014   2 28  4 47  9 521245  -23.32306  -46.40091     5914 114.4  2  0  6 15 0 0 1 1 1 0 0 1 0 0 1 0 0 1
2014   2 28  4 47  9 621076  -23.31955  -46.39344     5961 115.3  2  0  6 15 0 0 1 1 1 0 0 1 0 0 1 0 0 1
2014   2 28  4 47 10 153019  -16.11603  -51.42366     4500  57.5  2  0  5 10 0 0 1 1 0 0 0 1 0 1 1 0 0 0
2014   2 28  4 47 10 190685  -16.31500  -50.98005     5409 109.0  2  0  6 15 0 0 1 1 1 0 0 1 0 0 1 0 0 1
2014   2 28  4 47 10 268818  -16.32389  -50.98375     5417 109.1  2  0  6 15 0 0 1 1 1 0 0 1 0 0 1 0 0 1
2014   2 28  4 47 10 497117  -16.31883  -51.11096     4369 114.0  2  0  7 21 0 0 1 1 1 0 0 1 0 1 1 0 0 1
2014   2 28  4 47 10 645808   -9.49047  -74.05123    24513  33.7  1  0  5 10 0 0 0 1 1 0 0 0 0 1 1 0 0 1
2014   2 28  4 47 10 692195  -16.31032  -50.97384     5489 111.3  2  0  6 15 0 0 1 1 1 0 0 1 0 0 1 0 0 1
2014   2 28  4 47 10 839886  -26.26328 -136.43767    35113 126.7  2  0  6 15 0 0 1 1 1 0 0 0 0 0 1 1 0 1
2014   2 28  4 47 11 208203   -1.86642  -67.05727    30375  50.2  2  0  5 10 0 0 0 1 1 0 0 0 0 1 1 0 0 1
2014   2 28  4 47 11 260284    7.47504  -75.63202    12298 132.4  2  0  7 21 0 0 0 1 1 0 0 1 0 1 1 1 0 1
2014   2 28  4 47 11 558260  -20.52342  -47.04524     5474 108.3  2  0  6 14 0 0 1 1 1 0 0 1 0 0 1 0 0 1
2014   2 28  4 47 12  62555  -22.38589  -47.72181     2519  13.3  0  0  6 15 0 0 1 1 0 0 0 1 0 1 1 1 0 0
2014   2 28  4 47 12  81204  -22.40981  -47.69434     2259   8.8  0  0  7 21 0 0 1 1 1 0 0 1 0 1 1 0 0 1
2014   2 28  4 47 12  92908  -22.42240  -47.69755     2518  20.9  0  0  7 19 0 0 0 1 1 0 0 1 0 1 1 1 0 1
2014   2 28  4 47 12 802938   -5.84771  -43.14882    10427  11.5  0  0  5 10 0 0 1 1 1 0 0 0 0 0 1 0 0 1
2014   2 28  4 47 13 201416    7.52542  -73.58131     4338   3.8  0  0  4  6 0 0 0 1 0 0 0 1 0 0 1 1 0 0
2014   2 28  4 47 13 465603    5.99907  -77.18885     4314  13.5  0  0  5 10 0 0 0 1 1 0 0 1 0 0 1 1 0 0
2014   2 28  4 47 13 902663  -23.21820  -46.38892     3060  19.2  0  0  5 10 0 0 1 1 0 0 0 1 0 0 1 0 0 1
2014   2 28  4 47 14 100620    7.57987  -73.99229     4913  20.1  0  0  5  9 0 0 0 1 1 0 0 1 0 0 1 1 0 0
2014   2 28  4 47 14 330204  -26.58865  -43.98613     2712  20.4  0  0  7 19 0 0 1 1 1 0 0 1 0 1 1 0 0 1
2014   2 28  4 47 14 686125  -13.94201  159.00766     8740  26.8  0  0  5 10 0 0 0 1 1 0 0 1 0 0 1 1 0 0
2014   2 28  4 47 14 757417  -13.97736  159.25720     8533  22.8  0  0  5 10 0 0 1 1 0 0 0 1 0 0 1 1 0 0
2014   2 28  4 47 14 835598  -13.99213  159.43668     8736   2.9  0  0  4  6 0 0 1 0 0 0 0 1 0 0 1 1 0 0
2014   2 28  4 47 15  49410  -27.66066  -43.15683     4495  24.5  0  0  5  9 0 0 1 0 0 0 0 1 0 1 1 0 0 1
2014   2 28  4 47 15 121169  -27.64187  -43.19823     3183  20.6  0  0  6 15 0 0 1 1 1 0 0 1 0 0 1 0 0 1
2014   2 28  4 47 15 154033  -27.66392  -43.19597     3792  23.4  0  0  5  9 0 0 1 1 1 0 0 1 0 0 1 0 0 0
2014   2 28  4 47 15 163088  -27.64104  -43.27841     2965   1.6  0  0  5  8 0 0 1 1 1 0 0 1 0 0 0 0 0 1
2014   2 28  4 47 15 193909  -27.63805  -43.22009     3212  23.9  0  0  6 14 0 0 1 1 0 0 0 1 0 1 1 0 0 1
2014   2 28  4 47 15 223474  -14.13242  160.80139     9629  29.2  0  0  5 10 0 0 0 1 1 0 0 1 0 0 1 1 0 0
2014   2 28  4 47 15 356312  -27.63700  -43.18894     3620  22.5  0  0  6 15 0 0 1 0 1 0 0 1 0 1 1 0 0 1
2014   2 28  4 47 15 416873  -32.40953   18.34614    16585  30.9  1  0  5 10 0 0 1 1 1 0 0 1 0 0 1 0 0 0
2014   2 28  4 47 15 422303  -27.62333  -43.24785     2802  22.4  0  0  7 21 0 0 1 1 1 0 0 1 0 1 1 0 0 1
2014   2 28  4 47 15 515543   -5.41866  -76.25976     9505   3.3  0  0  5 10 0 0 0 1 1 0 0 1 0 1 0 0 0 1
2014   2 28  4 47 15 581962  -27.62759  -43.21705     3449  24.9  0  0  6 13 0 0 1 1 1 0 0 1 0 0 1 0 0 1
2014   2 28  4 47 15 591901  -27.61663  -43.25488     2826  23.1  0  0  7 21 0 0 1 1 1 0 0 1 0 1 1 0 0 1
2014   2 28  4 47 16 271705  -16.43139  -50.82323     3647  18.0  0  0  5 10 0 0 1 1 1 0 0 0 0 0 1 0 0 1
2014   2 28  4 47 16 489761   -2.52324  -72.13508     3509  35.1  0  0  6 15 0 0 1 1 1 0 0 1 0 0 1 1 0 0
2014   2 28  4 47 16 838171  -16.25849  -50.95975     3990  39.4  1  0  5 10 0 0 0 1 1 0 0 1 0 0 1 0 0 1
2014   2 28  4 47 16 851479  -33.52543  -39.52275     4564  35.9  0  0  6 15 0 0 1 1 1 0 0 1 0 0 1 0 0 1
2014   2 28  4 47 16 884385  -33.52182  -39.51691     5595  40.1  1  0  5 10 0 0 1 1 1 0 0 0 0 0 1 0 0 1
2014   2 28  4 47 16 911310  -33.57589  -39.26979     5651  28.8  0  0  5 10 0 0 1 0 1 0 0 1 0 0 1 0 0 1
2014   2 28  4 47 17 491844  -23.23352  -46.34908     4377  54.1  1  0  6 11 0 0 1 1 1 0 0 1 0 0 1 0 0 1
2014   2 28  4 47 17 703108  -16.07248  -51.21025     3172  40.5  1  0  6 15 0 0 1 0 1 0 0 1 0 1 0 1 0 1
2014   2 28  4 47 18 184162  -16.02988  -51.27859     3371  49.1  1  0  6 15 0 0 1 1 0 0 0 1 0 0 1 1 0 1
2014   2 28  4 47 18 359484  -16.15106  -51.23896     6337  51.1  2  0  5 10 0 0 1 1 0 0 0 0 0 1 1 0 0 1
2014   2 28  4 47 18 380813   -5.51040  -74.38113     9871  56.1  2  0  5 10 0 0 1 1 1 0 0 1 0 0 1 0 0 0
2014   2 28  4 47 18 574675  -20.78307  -49.36617     3356  54.8  1  0  7 18 0 0 1 0 0 0 0 1 0 1 1 1 1 1
2014   2 28  4 47 18 587358  -20.91517  -49.27110     5219  74.6  2  0  6 11 0 0 1 1 1 0 0 1 0 0 1 0 0 1
2014   2 28  4 47 18 616818  -20.72419  -49.49034     2656  26.1  0  0  7 17 0 0 1 1 0 0 0 1 0 1 1 1 0 1
2014   2 28  4 47 18 643950  -20.75115  -49.45030     3668  65.6  1  0  7 16 0 0 1 1 1 0 0 1 0 0 1 1 0 1
2014   2 28  4 47 18 672282  -20.69489  -49.40603     3205  55.2  1  0  7 17 0 0 1 1 1 0 0 0 0 1 1 1 0 1
2014   2 28  4 47 18 726357  -20.82884  -49.38161     5246  47.5  1  0  5  7 0 0 1 1 1 0 0 1 0 0 1 0 0 0
2014   2 28  4 47 18 739361  -20.71693  -49.48599     2561  27.7  0  0  7 19 0 0 0 1 1 0 0 1 0 1 1 1 0 1
2014   2 28  4 47 18 893420  -20.83011  -49.17604     3107  15.4  0  0  4  6 0 0 1 0 0 0 0 1 0 0 1 0 0 1
2014   2 28  4 47 18 924486  -20.81644  -49.40451     3853  67.0  2  0  6 13 0 0 1 1 1 0 0 1 0 1 0 1 0 0
2014   2 28  4 47 18 968726  -20.77215  -49.38609     4493  47.6  1  0  5  8 0 0 1 1 0 0 0 0 0 1 1 0 0 1
2014   2 28  4 47 18 979970  -11.50907  -57.04633     3349  59.3  1  0  7 21 0 0 1 1 1 0 0 1 0 0 1 1 0 1
2014   2 28  4 47 19  35786  -20.83040  -49.33061     3390  61.9  1  0  7 17 0 0 1 1 1 0 0 1 0 1 1 0 0 1
2014   2 28  4 47 19 174015  -22.23180  -48.50814     3859  69.1  1  0  7 17 0 0 1 1 0 0 0 1 0 1 1 1 0 1
2014   2 28  4 47 20 310734  -16.18765  -51.11193     3337  70.7  2  0  7 21 0 0 0 1 1 0 0 1 0 1 1 1 0 1
2014   2 28  4 47 21 136302    6.43919  -76.38430     9136 107.6  2  0  6 14 0 0 1 1 1 0 0 1 0 0 1 1 0 0
2014   2 28  4 47 21 732769   -1.32146  -72.02892     6996  68.5  2  0  6 15 0 0 0 0 1 0 0 1 0 1 1 1 0 1
2014   2 28  4 47 21 906978  -11.78660  169.33278     8236  16.4  0  0  5 10 0 0 1 1 0 0 0 1 0 0 1 1 0 0
2014   2 28  4 47 22 788654  -16.27806  -51.06783     3753  84.5  2  0  7 21 0 0 1 1 1 0 0 1 0 1 1 0 0 1
2014   2 28  4 47 23 182988  -27.34599  -43.48875     4479  63.5  2  0  6 15 0 0 1 1 1 0 0 0 0 1 1 0 0 1
2014   2 28  4 47 23 195798  -27.36713  -43.42196     5375  66.3  2  0  6 13 0 0 1 1 1 0 0 1 0 0 1 0 0 1
2014   2 28  4 47 23 207880  -27.45305  -43.04923     7289  49.2  1  0  5 10 0 0 1 0 1 0 0 1 0 0 1 0 0 1
2014   2 28  4 47 23 586702  -27.37052  -43.43592     4920  61.5  2  0  6 15 0 0 1 1 1 0 0 1 0 0 1 0 0 1
2014   2 28  4 47 23 740687  -27.44459  -43.04544     7885  51.8  2  0  5  9 0 0 1 0 1 0 0 1 0 0 1 0 0 1
2014   2 28  4 47 23 920605  -33.07785  -42.12187     6741  58.8  2  0  5 10 0 0 1 1 0 0 0 1 0 0 1 1 0 0
2014   2 28  4 47 24 385527    6.53363  -86.03481    15426 112.3  2  0  7 21 0 0 0 1 1 0 0 1 0 1 1 1 0 1
2014   2 28  4 47 24 499067  -27.99027  -43.43141     5509  70.6  2  0  6 15 0 0 1 1 1 0 0 1 0 0 1 0 0 1
2014   2 28  4 47 24 698122  -20.82758  -49.54677     5138  98.7  2  0  6 13 0 0 1 1 1 0 0 1 0 1 1 0 0 0
2014   2 28  4 47 24 907966  -20.78643  -49.52026     4439 126.1  2  0  7 20 0 0 1 1 1 0 0 1 0 1 1 1 0 0
2014   2 28  4 47 25 106071  -25.54172  -45.03233     4349  68.8  2  0  6 15 0 0 1 1 1 0 0 0 0 1 1 0 0 1
2014   2 28  4 47 25 119951  -20.90289  -49.43971     4023 109.8  2  0  7 20 0 0 1 1 1 0 0 1 0 1 1 0 0 1
2014   2 28  4 47 25 392609  -23.32612  -46.58493     3221  14.1  0  0  4  6 0 0 1 0 0 0 0 1 0 0 1 0 0 1
2014   2 28  4 47 26 312561   -5.66422  -54.67835     4302  98.9  2  0  7 21 0 0 1 0 1 0 0 1 0 1 1 1 0 1
2014   2 28  4 47 26 878069  -16.26561  -51.29845     4228 116.3  2  0  7 21 0 0 1 1 1 0 0 1 0 1 0 1 0 1
2014   2 28  4 47 26 941280  -16.21335  -51.31843     5307 130.4  2  0  6 15 0 0 0 1 1 0 0 0 0 1 1 1 0 1
2014   2 28  4 47 27  17995  -16.33227  -51.15663     4426 116.8  2  0  7 21 0 0 1 1 1 0 0 1 0 1 1 0 0 1
2014   2 28  4 47 27  40302  -17.06915  -50.54589     5048  42.8  1  0  5 10 0 0 1 1 1 0 0 0 0 0 1 0 0 1
2014   2 28  4 47 28 171097    7.04238  -74.44418     4671   1.9  0  0  5  7 0 0 0 1 0 0 0 0 0 1 1 1 0 1
2014   2 28  4 47 28 266284  -23.28443  -46.32069     3322   6.3  0  0  4  6 0 0 1 1 1 0 0 1 0 0 0 0 0 0
2014   2 28  4 47 28 731994  -23.32190  -46.33600     2768   8.3  0  0  5 10 0 0 0 1 1 0 0 1 0 0 1 0 0 1
2014   2 28  4 47 28 769847  -23.26304  -46.36882     2551  18.8  0  0  7 21 0 0 1 1 1 0 0 1 0 1 1 0 0 1
2014   2 28  4 47 28 880899  -23.32454  -46.34136     2845  12.9  0  0  5 10 0 0 1 1 1 0 0 1 0 0 0 0 0 1
2014   2 28  4 47 29  12220  -16.24166  -51.05076     2749  15.4  0  0  6 14 0 0 1 0 1 0 0 1 0 1 1 1 0 0
2014   2 28  4 47 29 342228  -20.84884   22.55223     6250   5.2  0  0  6 15 0 0 1 1 1 0 0 1 0 0 1 0 0 1
2014   2 28  4 47 29 381811   31.72435 -131.97411     7451  16.7  0  0  6 15 0 0 1 1 1 0 0 0 0 1 1 1 0 0
2014   2 28  4 47 30 241904  -16.00077  -50.97504     3160   6.1  0  0  6 11 0 0 1 1 1 0 0 0 0 1 1 0 0 1
2014   2 28  4 47 30 659477  -27.73725  -43.16606     3277  12.3  0  0  5  9 0 0 1 1 1 0 0 1 0 0 1 0 0 0
2014   2 28  4 47 30 666007  -27.71418  -43.18730     3069  14.5  0  0  5 10 0 0 1 1 0 0 0 0 0 1 1 0 0 1
2014   2 28  4 47 30 893711   29.73683 -134.15985    14496   6.1  0  0  4  6 0 0 1 1 0 0 0 1 0 0 1 0 0 0
2014   2 28  4 47 30 958497   29.05553 -132.62016    25464  39.0  1  0  5 10 0 0 1 1 1 0 0 1 0 0 1 0 0 0
2014   2 28  4 47 31  90879   -9.72658  -28.50688     9886  42.9  1  0  6 15 0 0 1 1 1 0 0 0 0 0 1 1 0 1
2014   2 28  4 47 31 106034  -27.70895  -43.21257     2920  17.8  0  0  6 15 0 0 1 1 1 0 0 1 0 0 1 0 0 1
2014   2 28  4 47 31 430440  -22.62500  -48.00480     4119  29.3  0  0  5  8 0 0 1 1 0 0 0 1 0 0 1 1 0 0
2014   2 28  4 47 31 523551  -22.67948  -47.88847     3278  32.9  0  0  6 11 0 0 1 0 1 0 0 1 0 1 1 0 0 1
2014   2 28  4 47 31 610502  -16.25947  -50.97436     2778  24.8  0  0  6 15 0 0 1 1 0 0 0 1 0 1 1 0 0 1
2014   2 28  4 47 31 689901  -33.03469  -41.15557     4336  27.0  0  0  5 10 0 0 1 1 1 0 0 0 0 0 1 0 0 1
2014   2 28  4 47 31 727816  -33.02796  -41.21634     3200  28.4  0  0  7 21 0 0 1 1 1 0 0 1 0 1 1 0 0 1
2014   2 28  4 47 31 741329  -33.03088  -41.21526     3220  28.8  0  0  7 21 0 0 1 1 1 0 0 1 0 1 1 0 0 1
2014   2 28  4 47 32  24956  -33.02705  -41.17599     4153  25.6  0  0  5 10 0 0 1 1 1 0 0 1 0 0 1 0 0 0
2014   2 28  4 47 32 542479    2.68195  -67.95090     5222  31.0  1  0  5  8 0 0 0 0 0 0 0 1 0 1 1 1 0 1
2014   2 28  4 47 32 671150    2.67626  -68.09882     5992  24.2  1  0  4  6 0 0 0 1 1 0 0 1 0 0 0 1 0 0
2014   2 28  4 47 33 218494  -23.31812  -46.33512     4255  45.7  1  0  5 10 0 0 0 1 1 0 0 1 0 0 1 0 0 1
2014   2 28  4 47 33 242124  -23.31932  -46.33467     4217  45.2  1  0  5 10 0 0 0 1 1 0 0 1 0 0 1 0 0 1
2014   2 28  4 47 33 282250  -23.29766  -46.34396     3538  43.0  1  0  6 15 0 0 1 1 1 0 0 1 0 0 1 0 0 1
2014   2 28  4 47 34 225213  -27.61406  -43.14509     3503  32.4  0  0  6 15 0 0 1 1 1 0 0 1 0 0 1 0 0 1
2014   2 28  4 47 34 956586  -16.31089  -51.03828     3271  46.9  1  0  6 15 0 0 0 1 1 0 0 1 0 1 1 0 0 1
2014   2 28  4 47 35  24384  -16.31569  -50.97091     4505  49.6  1  0  5 10 0 0 0 1 1 0 0 1 0 0 1 0 0 1
2014   2 28  4 47 35 105490  -16.30806  -51.00706     3098  52.0  1  0  7 21 0 0 1 1 1 0 0 1 0 1 1 0 0 1
2014   2 28  4 47 35 410328  -30.50974  -42.83784     5391  29.5  0  0  5 10 0 0 0 1 1 0 0 1 0 0 1 0 0 1
2014   2 28  4 47 35 452779  -23.33782  -45.97925     4373  66.9  2  0  6 15 0 0 1 1 1 0 0 1 0 0 1 0 0 1
2014   2 28  4 47 35 627837  -40.43841  -52.94939     5134   3.7  0  0  4  6 0 0 1 1 1 0 0 1 0 0 0 0 0 0
2014   2 28  4 47 35 732763  -23.26339  -46.23899     3900  17.4  0  0  4  6 0 0 1 1 1 0 0 1 0 0 0 0 0 0
2014   2 28  4 47 35 924421    7.03151  -73.65102    40103  71.8  2  0  5 10 0 0 0 1 0 0 0 1 0 1 1 0 0 1
2014   2 28  4 47 36 173567    7.57277  -74.30043     9029  77.7  2  0  7 16 0 0 0 1 1 0 0 1 0 1 1 1 0 1
2014   2 28  4 47 36 221536  -16.22391  -51.25637     3296  60.8  1  0  7 21 0 0 1 1 1 0 0 1 0 1 1 0 0 1
2014   2 28  4 47 36 235540    6.14124  -77.91202     7665  67.8  1  0  7 21 0 0 0 1 1 0 0 1 0 1 1 1 0 1
2014   2 28  4 47 36 289341    6.14820  -77.91130     9005  70.5  2  0  6 15 0 0 0 1 0 0 0 1 0 1 1 1 0 1
2014   2 28  4 47 36 567699    0.62758  -72.20715    21859  24.5  0  0  5 10 0 0 0 1 1 0 0 0 0 1 1 0 0 1
2014   2 28  4 47 37 428747  -24.59562  -45.21495     6646  65.3  2  0  5 10 0 0 1 1 0 0 0 1 0 0 1 0 0 1
2014   2 28  4 47 37 764534  -24.55995  -45.29957     3306  56.1  1  0  7 21 0 0 1 1 1 0 0 1 0 1 1 0 0 1
2014   2 28  4 47 38 796558  -21.77179  -47.77391     4026 107.4  2  0  7 21 0 0 1 1 0 0 0 1 0 1 1 1 0 1
2014   2 28  4 47 39 184228  -23.32591  -46.33363     5096  89.8  2  0  6 15 0 0 1 1 1 0 0 1 0 0 1 0 0 1
2014   2 28  4 47 39 490614  -33.60489  -40.97461     7017  78.5  2  0  6 15 0 0 1 1 1 0 0 1 0 0 1 0 0 1
2014   2 28  4 47 39 545548    9.11165  -73.86243     9217  93.9  2  0  7 21 0 0 0 1 1 0 0 1 0 1 1 1 0 1
2014   2 28  4 47 39 575614  -16.28695  -51.21289     3838  88.7  2  0  7 19 0 0 0 1 1 0 0 1 0 1 1 1 0 1
2014   2 28  4 47 40  18374  -19.76668  -49.60580     3935  29.0  0  0  5  8 0 0 1 0 1 0 0 0 0 1 1 0 0 1
2014   2 28  4 47 40 166473  -12.11264  -72.54652     4573  26.5  1  0  4  6 0 0 1 0 1 0 0 0 0 1 0 1 0 0
2014   2 28  4 47 40 222690  -12.15216  -73.14015     5342 106.8  2  0  7 21 0 0 1 1 1 0 0 1 0 0 1 1 0 1
2014   2 28  4 47 40 568811  -12.44726  -79.42565    27518  38.7  1  0  5 10 0 0 0 1 1 0 0 1 0 1 0 0 0 1
2014   2 28  4 47 40 775082    3.68342  -85.35853     9217  64.2  2  0  5 10 0 0 1 0 0 0 0 0 0 1 1 1 0 1
2014   2 28  4 47 42 180532  -16.15602  -50.89441     5225 101.8  2  0  6 15 0 0 1 0 1 0 0 1 0 0 1 1 0 1
2014   2 28  4 47 42 207635    0.30800  150.65401    91246  75.6  2  0  5 10 0 0 0 1 1 0 0 1 0 0 1 0 0 1
2014   2 28  4 47 42 224618  -16.34675  -50.99138     5210 102.0  2  0  6 15 0 0 1 1 1 0 0 1 0 0 1 0 0 1
2014   2 28  4 47 42 244042  -16.34181  -51.32804     4774 101.8  2  0  6 15 0 0 1 1 1 0 0 1 0 1 1 0 0 0
2014   2 28  4 47 42 505539  -26.86272  -44.21145     5573  40.9  1  0  5  8 0 0 0 1 0 0 0 1 0 1 1 0 0 1
2014   2 28  4 47 42 591320  -23.32840  -46.36361     5983 116.0  2  0  6 15 0 0 1 1 1 0 0 1 0 0 1 0 0 1
2014   2 28  4 47 42 731652    7.91909  -75.32121    12776 119.9  2  0  7 18 0 0 0 1 1 0 0 1 0 1 1 1 0 1
2014   2 28  4 47 42 757496  -22.38980  -48.45973     3994  22.1  1  0  4  6 0 0 1 0 0 0 0 1 0 1 1 0 0 0
2014   2 28  4 47 42 866118  -22.27068  -47.70790     3581  54.3  1  0  6 13 0 0 1 0 1 0 0 0 0 1 1 1 0 1
2014   2 28  4 48  0 452254  -16.25625  -50.98034     2491  13.5  0  0  6 15 0 0 0 1 1 0 0 1 0 1 1 0 0 1
2014   2 28  4 48  0 979965  -16.28860  -50.90068     2633   6.7  0  0  5 10 0 0 0 1 1 0 0 1 0 0 1 0 0 1
2014   2 28  4 48  1 233479   -7.59569    7.67024    23025  14.4  0  0  5 10 0 0 1 1 1 0 0 0 0 0 1 0 0 1
2014   2 28  4 48  1 286721  -23.28417  -46.33606     3061  19.4  0  0  5 10 0 0 0 1 1 0 0 1 0 0 1 0 0 1
2014   2 28  4 48  1 436753  -33.05557  -41.03488     3737  17.9  0  0  5 10 0 0 1 1 1 0 0 0 0 0 1 0 0 1
2014   2 28  4 48  1 445269  -33.06274  -41.04647     3705  17.6  0  0  5 10 0 0 1 1 1 0 0 0 0 0 1 0 0 1
2014   2 28  4 48  1 538020  -32.88037  -41.12578     6245  13.7  0  0  5  7 0 0 0 1 1 0 0 1 0 0 1 0 0 1
2014   2 28  4 48  1 741160  -20.91971  -49.20129     3042  10.4  0  0  5  8 0 0 1 1 1 0 0 1 0 0 0 0 0 1
2014   2 28  4 48  1 858834  -33.05587  -41.04082     3949  21.3  0  0  5 10 0 0 1 1 1 0 0 0 0 0 1 0 0 1
2014   2 28  4 48  2 400294  -23.25366  -46.01787     5276  36.5  1  0  5 10 0 0 1 1 1 0 0 0 0 0 1 0 0 1
2014   2 28  4 48  2 409810  -23.26075  -46.01254     5259  36.9  1  0  5 10 0 0 1 1 1 0 0 0 0 0 1 0 0 1
2014   2 28  4 48  2 715118  -23.17962  -46.01933     2872  16.3  0  0  5 10 0 0 1 0 1 0 0 0 0 1 1 0 0 1
2014   2 28  4 48  3 426781  -25.28160  -45.01104     2884  30.4  0  0  7 21 0 0 0 1 1 0 0 1 0 1 1 1 0 1
2014   2 28  4 48  4 184342   -5.93550  -74.02870    14813  40.3  1  0  5  9 0 0 0 1 1 0 0 1 0 0 1 0 0 1
2014   2 28  4 48  4 445340  -16.26467  -50.92742     4132  31.1  1  0  4  6 0 0 1 1 0 0 0 1 0 0 0 0 0 1
2014   2 28  4 48  4 558115  -27.82918  -42.79083     7284 125.2  2  0  6 15 0 0 1 1 1 0 0 1 0 1 1 0 0 0
2014   2 28  4 48  4 578071  -27.39474  -43.25303     3139  13.5  0  0  6 13 0 0 0 1 1 0 0 0 0 1 1 1 0 1
2014   2 28  4 48  4 585166  -27.57862  -43.08789     4031  30.5  1  0  5 10 0 0 1 1 1 0 0 0 0 0 1 0 0 1
2014   2 28  4 48  4 607065  -27.57470  -43.13993     3057  33.4  0  0  7 21 0 0 1 1 1 0 0 1 0 1 1 0 0 1
2014   2 28  4 48  4 629749  -27.56598  -43.11976     3339  38.6  0  0  7 19 0 0 1 1 1 0 0 1 0 0 1 1 0 1
2014   2 28  4 48  4 706810  -27.60357  -43.33102     3300  34.5  0  0  7 17 0 0 1 1 1 0 0 0 0 1 1 1 0 1
2014   2 28  4 48  4 756940  -23.31555  -46.30797     4370  50.0  2  0  5 10 0 0 0 1 1 0 0 1 0 0 1 0 0 1
2014   2 28  4 48  4 764116  -27.66982  -43.30842     4436  39.3  1  0  5 10 0 0 1 1 0 0 0 1 0 1 1 0 0 0
2014   2 28  4 48  5 269145    1.22675    2.15904    10012  48.6  0  0  7 20 0 0 1 1 1 0 0 1 0 0 1 1 0 1
2014   2 28  4 48  5 597914  -27.59245  -43.06034     4635  33.3  1  0  5  9 0 0 1 1 1 0 0 1 0 0 1 0 0 0
2014   2 28  4 48  5 886792    0.61925   -1.14425     8447  37.1  0  0  7 18 0 0 1 0 1 0 0 1 0 1 1 1 0 1
2014   2 28  4 48  5 925786  -23.29503  -46.81002     4161  54.7  2  0  5 10 0 0 1 0 0 0 0 1 0 0 1 1 0 1
2014   2 28  4 48  6  39543    5.85917  -77.12206    10441  74.8  2  0  6 12 0 0 1 1 0 0 0 1 0 1 1 1 0 0
2014   2 28  4 48  6  90292    5.92401  -78.10545     8220  31.8  1  0  5 10 0 0 0 1 0 0 0 1 0 1 0 1 0 1
2014   2 28  4 48  6 149475    5.88837  -77.00798     5468  57.5  1  0  7 19 0 0 1 1 1 0 0 1 0 0 1 1 0 1
2014   2 28  4 48  6 264606  -12.38985   13.91258    46697  46.2  1  0  5 10 0 0 1 1 1 0 0 0 0 0 1 0 0 1
2014   2 28  4 48  6 884378  -28.87874 -136.84006    16481  19.2  0  0  4  6 0 0 1 1 0 0 0 0 0 0 1 1 0 0
2014   2 28  4 48  7  29266  -11.68586  -57.48380     4169  68.1  1  0  7 21 0 0 1 1 1 0 0 1 0 1 1 0 0 1
2014   2 28  4 48  7 550504  -16.28633  -50.88229     3781  56.2  1  0  6 15 0 0 1 1 1 0 0 1 0 0 1 0 0 1
2014   2 28  4 48  7 605332  -16.28328  -50.96178     4663  64.1  2  0  5 10 0 0 0 0 1 0 0 1 0 1 1 0 0 1
2014   2 28  4 48  7 631221  -16.31264  -51.02528     3640  61.3  2  0  6 15 0 0 1 1 1 0 0 1 0 1 0 0 0 1
2014   2 28  4 48  7 832517  -27.73250  -43.57295     3553  38.3  0  0  7 21 0 0 0 1 1 0 0 1 0 1 1 1 0 1
2014   2 28  4 48  7 872904  -16.22014  -51.02787     4037  71.9  2  0  6 15 0 0 0 0 1 0 0 1 0 1 1 1 0 1
2014   2 28  4 48  9 857329  -21.24570   21.02714    23351  52.3  2  0  5 10 0 0 1 0 1 0 0 1 0 0 1 0 0 1
2014   2 28  4 48 10 402164  -23.27648  -46.30480     5115  72.7  2  0  6 11 0 0 1 1 1 0 0 1 0 0 1 0 0 1
2014   2 28  4 48 10 454970  -16.27678  -50.73404     3698  19.6  0  0  4  6 0 0 1 0 0 0 0 1 0 0 1 0 0 1
2014   2 28  4 48 10 665103  -16.43035  -50.85628     5120  95.1  2  0  6 14 0 0 1 1 1 0 0 1 0 0 0 1 0 1
2014   2 28  4 48 10 790697  -16.29118  -51.21011     7742 105.1  2  0  6 11 0 0 0 1 1 0 0 0 0 1 1 1 0 1
2014   2 28  4 48 10 908952  -13.50656  158.67358    18773  94.4  2  0  6 14 0 0 1 1 1 0 0 1 0 0 0 1 0 1
2014   2 28  4 48 10 944023  -13.61556  159.40869     9287  13.7  0  0  4  6 0 0 1 1 0 0 0 1 0 0 0 1 0 0
2014   2 28  4 48 11 236257  -32.95776  -41.15658     5977  88.1  2  0  7 20 0 0 1 1 1 0 0 1 0 0 1 0 1 1
2014   2 28  4 48 11 406628  -32.92487  -41.36856     7191  84.0  2  0  6 15 0 0 1 1 1 0 0 1 0 0 1 0 0 1
2014   2 28  4 48 11 509025   14.88745  -75.86193     8812  40.4  1  0  5  9 0 0 1 0 1 0 0 0 0 0 1 1 0 1
2014   2 28  4 48 11 573321  -32.91869  -41.37713     7267  85.3  2  0  6 15 0 0 1 1 1 0 0 1 0 0 1 0 0 1
2014   2 28  4 48 11 763548  -32.76214  -42.12473     6644  30.0  1  0  4  6 0 0 1 1 1 0 0 1 0 0 0 0 0 0
2014   2 28  4 48 12 787042  -23.09450  -46.73585     4195  24.4  1  0  4  6 0 0 1 1 0 0 0 1 0 0 1 0 0 0
2014   2 28  4 48 13 447076   -0.87043  -66.99940    36539  59.5  2  0  5 10 0 0 0 1 1 0 0 0 0 1 1 0 0 1
2014   2 28  4 48 13 841762   -5.69537  -54.82766     5317 109.4  2  0  6 15 0 0 0 1 1 0 0 1 0 0 1 1 0 1
2014   2 28  4 48 14  22830  -32.90368  -42.29615     8358 105.6  2  0  6 15 0 0 1 1 1 0 0 1 0 0 1 0 0 1
2014   2 28  4 48 14 102707  -15.58919  -52.20864     4753 128.7  2  0  7 21 0 0 1 1 1 0 0 1 0 0 1 1 0 1
2014   2 28  4 48 14 466474   25.71737  138.13660     4092   6.4  0  0  4  6 0 0 0 1 0 0 0 1 1 0 1 0 0 0
2014   2 28  4 48 14 586206   -4.37312  -71.38320     4744  96.1  2  0  7 21 0 0 1 1 0 0 0 1 0 0 1 1 1 1
2014   2 28  4 48 14 671876   -4.58879  -71.73304     8720 136.6  2  0  7 21 0 0 0 1 1 0 0 1 0 1 1 1 0 1
2014   2 28  4 48 14 919708  -16.36810  -51.11289     4563 124.4  2  0  7 21 0 0 1 1 1 0 0 1 0 1 1 0 0 1
2014   2 28  4 48 14 937991  -16.36420  -51.09345     4569 125.1  2  0  7 21 0 0 1 1 1 0 0 1 0 1 1 0 0 1
2014   2 28  4 48 14 996084  -16.37788  -50.94387     5528 112.9  2  0  6 15 0 0 1 1 1 0 0 1 0 0 1 0 0 1
2014   2 28  4 48 15  39300  -16.35985  -51.21899     4559 114.2  2  0  7 17 0 0 1 1 1 0 0 1 0 1 0 1 0 1
2014   2 28  4 48 15 114968  -13.34637  159.86343    17102 110.1  2  0  7 20 0 0 1 1 1 0 0 1 0 0 1 1 0 1
2014   2 28  4 48 15 153572  -13.96813  161.29819    24066 137.8  2  0  7 21 0 0 1 1 1 0 0 1 0 1 1 1 0 0
2014   2 28  4 48 15 217876  -16.37771  -50.94562     5585 114.8  2  0  6 15 0 0 1 1 1 0 0 1 0 0 1 0 0 1
2014   2 28  4 48 15 624326  -23.20471  -46.55354     6657  70.7  2  0  5 10 0 0 1 1 1 0 0 1 0 0 1 0 0 0
2014   2 28  4 48 16 227695  -27.55053  -42.95179     2728  17.0  0  0  7 19 0 0 1 1 1 0 0 1 0 0 1 1 0 1
2014   2 28  4 48 16 240283  -27.55211  -42.95040     2947  17.0  0  0  6 15 0 0 1 1 1 0 0 1 0 0 1 0 0 1
2014   2 28  4 48 16 251869  -27.53317  -43.04905     3105  13.0  0  0  6 15 0 0 1 0 1 0 0 1 0 1 1 0 0 1
2014   2 28  4 48 16 532144  -23.26317  -46.34361     2839  13.3  0  0  5 10 0 0 0 1 1 0 0 1 0 0 1 0 0 1
2014   2 28  4 48 17 151018  -11.47576  -57.58136     3715  16.1  0  0  5  8 0 0 1 1 0 0 0 1 0 1 1 0 0 0
2014   2 28  4 48 17 538156  -12.40977  170.62057    10411  22.4  0  0  5 10 0 0 0 1 1 0 0 1 0 0 1 1 0 0
2014   2 28  4 48 17 551470    0.84826    0.45312     7129  20.9  0  0  6 15 0 0 1 1 1 0 0 1 0 0 1 1 0 0
2014   2 28  4 48 17 639948   -0.11455   -0.59093     9017  13.0  0  0  6 14 0 0 1 1 1 0 0 1 0 0 1 0 0 1
2014   2 28  4 48 17 701797  -12.11673  169.77547    20468  46.0  1  0  5  9 0 0 1 1 0 0 0 1 0 0 1 1 0 0
2014   2 28  4 48 17 805923    2.60323  -71.94497    10783  18.7  0  0  5 10 0 0 0 1 1 0 0 1 0 1 1 0 0 0
2014   2 28  4 48 17 866467  -12.49868  170.97862     8014  28.4  0  0  7 21 0 0 1 1 1 0 0 1 0 0 1 1 0 1
2014   2 28  4 48 18 595491  -22.31616  -48.31103     2653  34.1  0  0  7 21 0 0 1 1 1 0 0 1 0 1 1 0 0 1
2014   2 28  4 48 20 185687  -16.29485  -51.00840     3996  40.0  0  0  6 15 0 0 1 1 1 0 0 0 0 1 1 0 0 1
2014   2 28  4 48 20 434387  -16.25975  -50.98190     3015  37.3  0  0  6 15 0 0 0 1 1 0 0 1 0 1 1 0 0 1
2014   2 28  4 48 20 575996  -16.25420  -50.90109     3050  32.0  0  0  6 15 0 0 1 1 1 0 0 1 0 0 1 0 0 1
2014   2 28  4 48 20 596808  -16.24235  -51.00460     3406  36.7  1  0  5 10 0 0 0 1 0 0 0 1 0 1 1 0 0 1
2014   2 28  4 48 20 986673   -5.50912  -54.43647     3121  42.3  0  0  7 19 0 0 1 1 1 0 0 1 0 1 0 1 0 1
2014   2 28  4 48 21 309384  -23.11575  -46.72957     4344  23.2  1  0  4  6 0 0 1 0 0 0 0 1 0 1 1 0 0 0
2014   2 28  4 48 21 322780  -23.22361  -46.38570     8798  66.7  2  0  5  9 0 0 1 1 1 0 0 0 0 0 1 0 0 1
2014   2 28  4 48 21 919427  -16.00497  -51.23282     3358  57.4  1  0  7 17 0 0 1 1 0 0 0 1 0 1 1 1 0 1
2014   2 28  4 48 21 945035  -16.03068  -51.24298     3101  55.4  1  0  7 21 0 0 1 1 1 0 0 0 0 1 1 1 0 1
2014   2 28  4 48 21 956635  -16.03126  -51.24031     3102  55.4  1  0  7 21 0 0 1 1 1 0 0 0 0 1 1 1 0 1
2014   2 28  4 48 22 304782  -22.10838  -46.92987     3139  61.2  1  0  7 21 0 0 1 1 1 0 0 1 0 1 1 0 0 1
2014   2 28  4 48 23  63487  -22.43291  -47.74111     3296  68.6  1  0  7 20 0 0 1 1 1 0 0 1 0 1 1 0 0 1
2014   2 28  4 48 23 263047  -23.33444  -45.99205     5578  71.6  2  0  5 10 0 0 0 1 1 0 0 1 0 0 1 0 0 1
2014   2 28  4 48 23 271770  -23.29876  -46.00262     4329  66.6  2  0  6 15 0 0 1 1 1 0 0 1 0 0 1 0 0 1
2014   2 28  4 48 23 306410  -23.27310  -46.17366     3021   5.5  0  0  4  6 0 0 1 0 0 0 0 1 0 0 1 0 0 1
2014   2 28  4 48 23 722746  -22.50406  -47.58137     3304  48.5  1  0  6 15 0 0 1 1 1 0 0 1 0 0 1 0 0 1
2014   2 28  4 48 24 619124  -20.35213  -49.76070     3526  72.8  2  0  7 18 0 0 1 1 1 0 0 1 0 1 1 0 0 1
2014   2 28  4 48 25   3831  -20.34592  -49.76720     3143   8.7  0  0  4  6 0 0 1 1 0 0 0 1 0 0 1 0 0 0
2014   2 28  4 48 25  50064  -23.07666  -46.76628     3924  28.2  1  0  4  6 0 0 1 1 0 0 0 0 0 1 1 0 0 0
2014   2 28  4 48 25 129508  -27.53093  -43.30075     4305  53.6  1  0  6 15 0 0 1 1 0 0 0 1 0 1 1 0 0 1
2014   2 28  4 48 25 381922  -27.55708  -43.42341     3105  17.1  0  0  5 10 0 0 1 1 1 0 0 1 0 1 0 0 0 0
2014   2 28  4 48 25 426656  -23.18312  -46.50465     4353 101.1  2  0  7 21 0 0 1 1 1 0 0 1 0 0 1 1 0 1
2014   2 28  4 48 26 921019  -14.18582  142.47330    14127  22.0  1  0  4  6 0 0 1 0 0 0 0 1 0 0 1 1 0 0
2014   2 28  4 48 27 518201  -31.81872  -42.32386     5452  36.6  0  0  6 15 0 0 0 1 1 0 0 1 0 1 1 0 0 1
2014   2 28  4 48 27 550178  -32.91138  -41.43993     7000  80.7  2  0  6 15 0 0 1 1 1 0 0 1 0 0 1 0 0 1
2014   2 28  4 48 27 560902  -32.85690  -41.59706     5599  83.9  2  0  7 21 0 0 1 1 1 0 0 1 0 1 1 0 0 1
2014   2 28  4 48 27 599205  -32.85264  -41.60858     5615  84.3  2  0  7 21 0 0 1 1 1 0 0 1 0 1 1 0 0 1
2014   2 28  4 48 28 153201  -27.08674 -137.33780    26032  95.5  2  0  6 14 0 0 1 1 0 0 0 1 0 0 1 1 0 1
2014   2 28  4 48 28 892047   -4.09300  -71.25726     7985 104.3  2  0  6 15 0 0 0 1 1 0 0 1 0 0 1 1 0 1
2014   2 28  4 48 29 431612  -23.29867  -46.35317     5662 108.6  2  0  6 15 0 0 1 1 1 0 0 1 0 0 1 0 0 1
2014   2 28  4 48 29 705073  -27.94736  -43.49074     6387  77.2  2  0  6 12 0 0 1 1 1 0 0 1 0 0 1 0 0 1
2014   2 28  4 48 29 749439  -27.22589  -44.07344    11244 100.4  2  0  6 11 0 0 1 1 1 0 0 1 0 0 1 0 0 1
2014   2 28  4 48 30    192  -16.95249  -50.48948     4750  37.3  1  0  5 10 0 0 1 1 1 0 0 0 0 0 1 0 0 1
2014   2 28  4 48 30 446410  -23.38379  -47.06810     4482  88.8  2  0  6 14 0 0 1 1 1 0 0 1 0 0 1 0 0 1
2014   2 28  4 48 31 127814    8.64555  150.01193     8062  26.2  0  0  5 10 0 0 1 1 0 0 0 1 0 0 1 1 0 0
2014   2 28  4 48 32  42211  -16.23808  -50.99340     2566  16.3  0  0  6 15 0 0 0 1 1 0 0 1 0 1 1 0 0 1
2014   2 28  4 48 32 724142  -27.59580  -42.92360     4295  15.0  0  0  4  6 0 0 1 1 0 0 0 1 0 0 1 0 0 0
2014   2 28  4 48 32 731887  -27.54748  -42.98282     3108   6.9  0  0  5  7 0 0 1 1 1 0 0 0 0 0 1 0 0 1
2014   2 28  4 48 33 189522  -22.91139  -47.55667     3312  12.6  0  0  5  9 0 0 1 0 0 0 0 1 0 1 1 1 0 0
2014   2 28  4 48 33 219334  -22.97564  -47.34530     2712   6.5  0  0  5  8 0 0 1 1 0 0 0 1 0 0 1 0 0 1
2014   2 28  4 48 34 305000  -16.22521  -51.01513     2669  21.6  0  0  6 14 0 0 0 1 0 0 0 1 0 1 1 1 0 1
2014   2 28  4 48 34 332268  -16.29588  -50.89724     3287   8.6  0  0  5 10 0 0 1 1 1 0 0 0 0 0 1 0 0 1
2014   2 28  4 48 34 341936  -16.25377  -50.97483     2471  19.3  0  0  7 21 0 0 1 1 1 0 0 1 0 1 1 0 0 1
2014   2 28  4 48 34 484509  -16.24567  -50.94773     2500  11.0  0  0  6 15 0 0 1 1 1 0 0 1 0 0 1 0 0 1
2014   2 28  4 48 34 640853  -23.25183  -46.34806     2771  19.9  0  0  6 15 0 0 1 1 1 0 0 1 0 0 1 0 0 1
2014   2 28  4 48 34 658591    0.35776  -72.07847     3187  20.0  0  0  7 21 0 0 0 1 1 0 0 1 0 1 1 1 0 1
2014   2 28  4 48 34 786176    0.37207  -72.06255     4217  16.0  0  0  5  9 0 0 0 1 1 0 0 1 0 0 1 1 0 0
2014   2 28  4 48 35  68739  -16.25221  -50.93713     2564  13.7  0  0  6 15 0 0 1 1 1 0 0 1 0 0 1 0 0 1
2014   2 28  4 48 36 367465  -16.24887  -50.94087     3205  22.3  0  0  5 10 0 0 0 1 1 0 0 1 0 0 1 0 0 1
2014   2 28  4 48 36 394823  -16.23988  -50.98792     3239  32.4  1  0  5 10 0 0 1 1 0 0 0 1 0 1 0 0 0 1
2014   2 28  4 48 36 724705  -12.42893  172.58232    11127  36.7  0  0  7 20 0 0 1 1 1 0 0 1 0 0 1 1 0 1
2014   2 28  4 48 36 789995    2.80010  -67.86714     3539  33.7  0  0  7 21 0 0 0 1 1 0 0 1 0 1 1 1 0 1
2014   2 28  4 48 37 325568    4.62071  -72.41817     4874  34.7  0  0  6 14 0 0 0 1 1 0 0 1 0 0 1 1 0 1
2014   2 28  4 48 38 212994  -13.50975  172.00235    30581  44.4  1  0  5 10 0 0 1 1 1 0 0 0 0 0 1 1 0 0
2014   2 28  4 48 38 416036  -13.12578  170.12019    11851  27.3  0  0  5 10 0 0 1 1 0 0 0 1 0 0 1 1 0 0
2014   2 28  4 48 38 507630    7.62709  -74.15135     8017  35.4  1  0  5  8 0 0 0 1 0 0 0 1 0 0 1 1 0 1
2014   2 28  4 48 38 648180  -16.15447  -50.99834     3331  41.3  1  0  6 15 0 0 1 0 1 0 0 0 0 1 1 1 0 1
2014   2 28  4 48 38 703648  -16.29092  -51.09481     3117  55.3  1  0  7 21 0 0 1 0 1 0 0 1 0 1 0 1 1 1
2014   2 28  4 48 38 756890  -16.32509  -51.09058     3142  42.2  1  0  6 15 0 0 0 1 1 0 0 1 0 1 1 0 0 1
2014   2 28  4 48 38 878691  -16.30055  -51.04410     3045  49.8  0  0  7 21 0 0 1 1 1 0 0 1 0 1 1 0 0 1
2014   2 28  4 48 39 269911  -14.03507  173.84656    14304  31.0  1  0  5 10 0 0 1 0 1 0 0 0 0 1 1 1 0 0
2014   2 28  4 48 39 349937  -23.30110  -46.34169     4648  56.0  2  0  5 10 0 0 0 1 1 0 0 1 0 0 1 0 0 1
2014   2 28  4 48 40 227622  -27.55441  -43.48730     3649  51.8  1  0  7 19 0 0 1 1 0 0 0 1 0 1 1 1 0 1
2014   2 28  4 48 40 269611  -27.54075  -43.49811     4461  50.0  1  0  6 13 0 0 1 1 1 0 0 0 0 0 1 1 0 1
2014   2 28  4 48 40 322813  -32.79424   40.08324    46073  37.2  1  0  4  6 0 0 1 1 0 0 0 0 0 0 1 0 0 1
2014   2 28  4 48 40 353948  -27.60229  -43.51179     4369  39.5  1  0  5  7 0 0 1 1 1 0 0 1 0 0 0 1 0 0
2014   2 28  4 48 40 387356  -27.59368  -43.37793     3940  35.5  0  0  6 13 0 0 1 1 1 0 0 1 0 0 1 0 0 1
2014   2 28  4 48 40 453349   -5.79250  -43.48563     5557  47.7  1  0  5 10 0 0 0 1 1 0 0 1 0 0 1 0 0 1
2014   2 28  4 48 40 664327  -23.84555  -46.74786     4431  23.2  1  0  4  6 0 0 1 0 0 0 0 1 0 1 1 0 0 0
2014   2 28  4 48 40 817974  -22.16892  -48.21321     3671  82.6  2  0  7 20 0 0 1 1 1 0 0 1 0 1 1 0 0 1
2014   2 28  4 48 41 762286  -16.29617  -50.95006     4072  67.2  2  0  6 15 0 0 1 0 1 0 0 1 0 1 1 0 0 1
2014   2 28  4 48 42 820317  -25.67639  -44.84325     5483  33.5  1  0  5  7 0 0 1 1 1 0 0 1 0 0 1 0 0 0
2014   2 28  4 48 43 766665  -27.45836  -43.44600     3610  52.0  1  0  7 21 0 0 1 1 1 0 0 1 0 1 1 0 0 1
2014   2 28  4 48 44 111380  -27.49323  -43.36493     4439  51.8  1  0  6 15 0 0 1 1 1 0 0 1 0 0 1 0 0 1
2014   2 28  4 48 45 110052  -23.25225  -46.19117     2984   3.2  0  0  4  6 0 0 1 0 0 0 0 1 0 0 1 0 0 1
2014   2 28  4 48 45 209382   -3.51929  -45.64275     3508  24.9  0  0  5  7 0 0 1 0 0 0 0 1 0 0 1 0 1 1
2014   2 28  4 48 46  88418  -20.81808  -46.77519     3552  26.3  0  0  5 10 0 0 1 1 1 0 0 0 0 0 1 0 0 1
2014   2 28  4 48 46 819078   -4.81840  -80.39295     6895  62.6  2  0  5 10 0 0 1 0 1 0 0 1 0 0 0 1 0 1
2014   2 28  4 48 46 905392  -23.27395  -46.17296     3011   4.2  0  0  4  6 0 0 1 0 0 0 0 1 0 0 1 0 0 1
2014   2 28  4 48 47  47075  -23.31799  -46.41284     5923 115.3  2  0  6 15 0 0 1 1 1 0 0 1 0 0 1 0 0 1
2014   2 28  4 48 47 509726  -20.82113  -49.59363     3061   4.5  0  0  4  6 0 0 1 1 0 0 0 1 0 0 1 0 0 0
2014   2 28  4 48 49 104825  -23.31358  -45.96030     3033  15.3  0  0  5 10 0 0 0 1 1 0 0 1 0 0 1 0 0 1
2014   2 28  4 48 49 417624   -5.88855  -74.57216     3267  18.5  0  0  7 21 0 0 0 1 1 0 0 1 0 1 1 1 0 1
2014   2 28  4 48 49 521392   -5.86749  -74.51360     4288  11.8  0  0  5  8 0 0 0 1 1 0 0 1 0 0 1 1 0 0
2014   2 28  4 48 49 624603  -33.43814  -39.49574     5068  22.4  0  0  6 15 0 0 0 1 1 0 0 1 0 0 1 1 0 1
2014   2 28  4 48 49 814447  -33.47107  -39.43203     5934  20.7  0  0  5 10 0 0 0 1 1 0 0 1 0 0 1 0 0 1
2014   2 28  4 48 50 149905    7.49109  -73.88065     4498  14.3  0  0  5  9 0 0 0 1 1 0 0 1 0 0 1 1 0 0
2014   2 28  4 48 50 173419  -16.26032  -50.95401     3186  15.6  0  0  5  7 0 0 0 1 0 0 0 1 0 0 1 1 0 1
2014   2 28  4 48 50 398489    0.70504  -69.52555     3085  20.4  0  0  7 21 0 0 0 1 1 0 0 1 0 1 1 1 0 1
2014   2 28  4 48 50 480351    0.71687  -69.54021     4230   9.4  0  0  5  7 0 0 0 1 1 0 0 1 0 0 1 1 0 0
2014   2 28  4 48 50 711935  -28.16034  -42.99181     2894  16.1  0  0  6 15 0 0 1 1 1 0 0 1 0 0 1 0 0 1
2014   2 28  4 48 50 719686  -28.06405  -43.09721     3174  22.6  0  0  7 19 0 0 0 1 1 0 0 1 0 1 1 1 0 1
2014   2 28  4 48 50 781044  -28.15208  -43.05609     2755  16.8  0  0  7 17 0 0 1 1 1 0 0 0 0 1 1 1 0 1
2014   2 28  4 48 50 814120  -23.27071  -46.32185     2923  24.8  0  0  6 15 0 0 1 1 1 0 0 1 0 0 1 0 0 1
2014   2 28  4 48 50 871932  -23.28663  -46.30923     3338  24.0  0  0  5  9 0 0 0 1 1 0 0 1 0 0 1 0 0 1
2014   2 28  4 48 50 911233  -27.43740  -43.12992     3130  23.2  0  0  7 19 0 0 0 1 1 0 0 1 0 1 1 1 0 1
2014   2 28  4 48 51   6717  -27.53123  -43.07472     2677  19.2  0  0  7 21 0 0 1 1 1 0 0 1 0 1 1 0 0 1
2014   2 28  4 48 51  68820  -28.06631  -43.12521     4085  21.6  0  0  5 10 0 0 0 1 0 0 0 1 0 1 1 0 0 1
2014   2 28  4 48 51 107922  -28.13944  -43.02763     3095  11.8  0  0  5 10 0 0 1 1 1 0 0 0 0 0 1 0 0 1
2014   2 28  4 48 51 273010  -16.21343  -50.91086     2613  27.3  0  0  7 21 0 0 1 1 1 0 0 1 0 1 1 0 0 1
2014   2 28  4 48 52   1802    5.84843  -70.59641    40471  23.1  1  0  4  6 0 0 0 1 0 0 0 0 0 1 1 0 0 1
2014   2 28  4 48 52  38620    8.90771  -73.10733     5183  25.9  0  0  5 10 0 0 0 1 0 0 0 1 0 0 1 1 0 1
2014   2 28  4 48 52 234045    8.92509  -73.17069     6552  28.0  0  0  5  9 0 0 0 1 1 0 0 1 0 0 1 1 0 0
2014   2 28  4 48 52 338237   -6.23852  -74.61440     4071  13.6  0  0  5 10 0 0 0 0 1 0 0 1 0 1 0 1 0 1
2014   2 28  4 48 52 604145  -22.37833  -47.68082     2851  47.1  0  0  7 21 0 0 1 0 1 0 0 1 0 1 1 1 0 1
2014   2 28  4 48 53 593615  -12.69839  -71.97533    16258  50.7  2  0  5 10 0 0 0 1 0 0 0 0 0 1 1 0 1 1
2014   2 28  4 48 53 606921  -12.19256  -72.96174     4014  47.5  1  0  6 15 0 0 1 1 1 0 0 1 0 0 1 1 0 0
2014   2 28  4 48 53 649722  -12.18341  -72.79800     3831  57.0  1  0  7 21 0 0 1 1 1 0 0 0 0 1 1 1 0 1
2014   2 28  4 48 53 684757  -12.20660  -72.75830     3668  50.7  1  0  7 21 0 0 1 0 1 0 0 1 0 1 1 1 0 1
2014   2 28  4 48 53 721449  -12.22286  -72.84905     3987  64.0  1  0  7 21 0 0 1 1 1 0 0 1 0 1 0 1 0 1
2014   2 28  4 48 53 728373  -12.20746  -72.77195     4414  55.1  1  0  6 15 0 0 1 0 1 0 0 1 0 1 1 1 0 0
2014   2 28  4 48 53 764780    5.98346  -77.14214     7103  45.6  1  0  5  9 0 0 1 1 1 0 0 0 0 0 1 1 0 0
2014   2 28  4 48 54 267363  -12.20327  -72.75281     3791  54.9  1  0  7 21 0 0 1 0 1 0 0 1 0 1 1 1 0 1
2014   2 28  4 48 54 347649    6.00537  154.46150     7193  19.9  0  0  5 10 0 0 1 1 0 0 0 1 0 0 1 1 0 0
2014   2 28  4 48 54 696518  -23.30937  -46.34809     4707  57.7  2  0  5 10 0 0 0 1 1 0 0 1 0 0 1 0 0 1
2014   2 28  4 48 54 741180  -23.27678  -46.34480     3830  52.9  1  0  6 15 0 0 1 1 1 0 0 1 0 0 1 0 0 1
2014   2 28  4 48 54 789432  -23.27057  -46.30286     4292  46.8  1  0  5 10 0 0 1 1 0 0 0 1 0 0 1 0 0 1
2014   2 28  4 48 55  82338   -7.01815    3.01693    46420  37.9  1  0  5 10 0 0 1 1 1 0 0 0 0 0 1 0 0 1
2014   2 28  4 48 55 693861  -13.85060  160.65654    16428  52.1  2  0  5  9 0 0 1 1 0 0 0 1 0 0 1 1 0 0
2014   2 28  4 48 55 881602  -16.19090  -50.86799     3952  60.4  2  0  6 15 0 0 1 0 1 0 0 1 0 0 1 1 0 1
2014   2 28  4 48 56 571216  -22.63815  -48.42228     3413  10.3  0  0  4  6 0 0 1 0 0 0 0 1 0 1 1 0 0 0
2014   2 28  4 48 56 783457  -22.66198  -47.97616     3278  70.7  2  0  7 20 0 0 1 0 1 0 0 1 0 1 1 1 0 1
2014   2 28  4 48 57 768878  -22.25190  -48.06437     3568  59.2  1  0  6 15 0 0 1 1 1 0 0 1 0 0 1 0 0 1
2014   2 28  4 48 58 872623   -4.15602  -71.16128     6117  85.7  2  0  7 21 0 0 0 1 1 0 0 1 0 1 1 1 0 1
2014   2 28  4 48 59 308622  -29.87749  -43.31598     4449  49.5  0  0  7 20 0 0 0 1 1 0 0 1 0 1 1 1 0 1
2014   2 28  4 48 59 359240  -20.52321  -46.90589     4656  72.2  2  0  6 14 0 0 1 1 1 0 0 1 0 0 1 0 0 1
2014   2 28  4 48 59 468289  -20.44279  -47.05883     3741  85.8  2  0  7 20 0 0 1 1 1 0 0 1 0 1 1 0 0 1
2014   2 28  4 48 59 499930  -16.58721  -51.00416     6197  73.4  2  0  5 10 0 0 1 1 1 0 0 0 0 1 0 0 0 1
2014   2 28  4 48 59 500696  -18.19862  163.82404   257654  89.7  2  0  6 15 0 0 1 1 1 0 0 1 0 0 1 0 0 1
2014   2 28  4 48 59 511685  -20.40316  -47.13227     3867 104.7  2  0  7 21 0 0 0 1 1 0 0 1 0 1 1 1 0 1
2014   2 28  4 48 59 554957  -20.30261  -47.04257     5469  95.8  2  0  6 15 0 0 1 0 1 0 0 1 0 1 1 1 0 0
2014   2 28  4 49  0  22783  -16.30032  -51.43167     3889  88.9  2  0  7 21 0 0 1 1 1 0 0 1 0 1 1 0 0 1
2014   2 28  4 49  0 126818  -25.65841  -44.93515     5695  54.7  2  0  5  7 0 0 1 1 1 0 0 0 0 0 1 0 0 1
2014   2 28  4 49  0 259525  -16.21433  -51.12817     4377 106.4  2  0  7 20 0 0 1 1 1 0 0 1 0 0 1 1 0 1
2014   2 28  4 49  0 311819  -16.22932  -51.21333     3938  98.3  2  0  7 20 0 0 0 1 1 0 0 1 0 1 1 1 0 1
2014   2 28  4 49  0 699098  -17.10710  -50.31902     5379  31.8  1  0  5  8 0 0 1 1 1 0 0 0 0 0 1 0 0 1
2014   2 28  4 49  0 720259  -16.27994  -51.15824     4808  94.6  2  0  6 15 0 0 1 1 1 0 0 1 0 1 1 0 0 0
2014   2 28  4 49  0 740990  -22.59250  -48.00179     4424 126.9  2  0  7 21 0 0 1 1 1 0 0 1 0 1 1 1 0 0
2014   2 28  4 49  1 505414  -15.52406 -140.17795    21243 119.4  2  0  7 20 0 0 1 1 0 0 0 1 0 1 1 1 0 1
2014   2 28  4 49  1 957100   26.43177 -105.30598    28825  46.1  0  0  7 21 0 0 0 1 1 0 0 1 0 1 0 1 1 1
2014   2 28  4 49  2 343020    8.00445  -75.28794    15698 109.5  2  0  6 13 0 0 0 1 1 0 0 1 0 0 1 1 0 1
2014   2 28  4 49  3  30215  -27.00638  -44.13319     4268  64.4  1  0  7 21 0 0 0 1 1 0 0 1 0 1 1 1 0 1
2014   2 28  4 49  3  55191  -27.52609  -43.66892     6285  66.8  2  0  5 10 0 0 1 1 1 0 0 1 0 0 1 0 0 0
2014   2 28  4 49  3  97935  -27.47809  -43.70603     5430  73.9  2  0  6 15 0 0 1 1 1 0 0 1 0 0 1 0 0 1
2014   2 28  4 49  3 223141  -21.76651  -46.74680     4757  30.0  1  0  4  6 0 0 1 0 0 0 0 1 0 1 1 0 0 0
2014   2 28  4 49  3 715831  -16.32722  -51.08525     4545 123.2  2  0  7 21 0 0 1 1 1 0 0 1 0 1 1 0 0 1
2014   2 28  4 49  4 320727  -23.30855  -46.38152     2899  10.1  0  0  5  8 0 0 0 1 1 0 0 1 0 1 0 0 0 1
2014   2 28  4 49  4 620474  -23.28527  -46.35084     2761   6.6  0  0  5  9 0 0 1 1 1 0 0 1 0 0 0 0 0 1
2014   2 28  4 49  4 868256  -23.24477  -46.35225     3834  28.5  0  0  5  7 0 0 1 1 1 0 0 1 0 0 0 0 0 1
2014   2 28  4 49  5  97149   -5.96125  -74.08653     8573   4.1  0  0  5 10 0 0 0 1 1 0 0 1 0 1 0 0 0 1
2014   2 28  4 49  5 692456  -27.68276  -42.91044     2666   9.8  0  0  6 14 0 0 1 1 1 0 0 1 0 1 0 0 0 1
2014   2 28  4 49  5 703223  -27.68488  -42.91578     2786  12.2  0  0  6 12 0 0 1 1 1 0 0 1 0 1 0 0 0 1
2014   2 28  4 49  6 235059  -16.21182  -50.95413     2463  12.6  0  0  6 15 0 0 1 1 1 0 0 1 0 1 0 0 0 1
2014   2 28  4 49  6 277009  -16.20271  -50.92791     2884   5.5  0  0  5  8 0 0 1 1 1 0 0 1 0 0 0 0 0 1
2014   2 28  4 49  7  97373  -16.12901  -51.15013     2837  19.3  0  0  5 10 0 0 1 1 0 0 0 1 0 1 0 0 0 1
2014   2 28  4 49  7 108277  -16.12720  -51.11166     2807  12.4  0  0  5 10 0 0 1 1 1 0 0 1 0 0 0 0 0 1
2014   2 28  4 49  7 133003  -16.12686  -51.14540     2579  17.8  0  0  6 15 0 0 1 1 1 0 0 1 0 1 0 0 0 1
2014   2 28  4 49  7 254796  -27.51676  -43.07671     3021   2.3  0  0  4  6 0 0 1 1 1 0 0 0 0 1 0 0 0 0
2014   2 28  4 49  7 496561  -16.14596  -51.18921     2777   4.6  0  0  4  6 0 0 0 1 1 0 0 1 0 1 0 0 0 0
2014   2 28  4 49  7 559787  -16.13026  -51.11383     2968  17.1  0  0  5 10 0 0 1 1 1 0 0 1 0 0 0 0 0 1
2014   2 28  4 49  7 736475   34.61282  179.20840     6519  22.5  1  0  4  6 0 0 1 1 0 0 0 1 1 0 0 0 0 0
2014   2 28  4 49  7 885373  -33.01230  -42.08651     3021   5.9  0  0  5 10 0 0 1 1 1 0 0 0 0 1 0 0 0 1
2014   2 28  4 49  7 932529  -23.29076  -46.43642     3780  55.3  1  0  6 14 0 0 1 1 1 0 0 1 0 1 0 0 0 1
2014   2 28  4 49  7 969471  -33.04731  -42.07719     4985  15.9  0  0  4  6 0 0 1 1 1 0 0 1 0 0 0 0 0 0
2014   2 28  4 49  8 556476  -33.05220  -42.17785     3974  17.7  0  0  5 10 0 0 1 1 1 0 0 1 0 0 0 0 0 1
2014   2 28  4 49 10 798467  -28.10452  -43.25644     2752  15.8  0  0  6 15 0 0 1 1 1 0 0 1 0 1 0 0 0 1
2014   2 28  4 49 11 187457  -33.38596   17.05824    19154  40.8  1  0  5 10 0 0 1 1 1 0 0 1 0 0 0 0 0 1
2014   2 28  4 49 11 376049   -0.82584  -17.00274    12042   4.4  0  0  4  6 0 0 1 0 0 0 0 1 0 1 0 0 0 1
2014   2 28  4 49 11 963235  -32.84243  -41.83067     6468  38.4  0  0  6 11 0 0 1 1 1 0 0 1 1 0 0 0 0 1
2014   2 28  4 49 11 978285  -32.90430  -41.57944     3160  20.3  0  0  6 15 0 0 1 1 1 0 0 1 0 1 0 0 0 1
2014   2 28  4 49 12  26287  -32.94983  -41.62928     6748  69.9  2  0  5 10 0 0 1 1 1 0 0 1 0 1 0 0 0 0
2014   2 28  4 49 12  70375  -32.88142  -41.63496     4117  21.2  0  0  5 10 0 0 1 1 1 0 0 1 0 0 0 0 0 1
2014   2 28  4 49 12 205402  -32.87494  -41.68865     4269  23.2  0  0  5 10 0 0 1 1 1 0 0 1 0 0 0 0 0 1
2014   2 28  4 49 12 951950  -16.31006  -50.93944     4712  59.6  2  0  5 10 0 0 1 1 1 0 0 1 0 0 0 0 0 1
2014   2 28  4 49 13 103204  -23.24612  -46.48237     4232  79.2  2  0  6 15 0 0 1 1 1 0 0 1 0 1 0 0 0 1
2014   2 28  4 49 13 218295  -23.22691  -46.48781     4457  80.4  2  0  6 13 0 0 1 1 1 0 0 1 0 1 0 0 0 1
2014   2 28  4 49 13 269621    4.12362  -71.07432    10486  66.1  2  0  6 15 0 0 1 1 1 0 0 1 0 1 0 0 0 1
2014   2 28  4 49 14 652555  -16.27549  -50.88186     4339  56.6  2  0  5 10 0 0 1 0 1 0 0 1 0 1 0 0 0 1
2014   2 28  4 49 14 686235   -6.47382  -73.74817     8378  80.2  2  0  6 15 0 0 1 1 1 0 0 1 0 1 0 0 0 1
2014   2 28  4 49 14 738947   -8.33221  -72.37961     7005   1.0  0  0  4  6 0 0 1 1 0 0 0 0 0 1 0 0 0 1
2014   2 28  4 49 14 985230  -16.30764  -50.94918     5477  77.2  2  0  5 10 0 0 1 1 1 0 0 1 0 0 0 0 0 1
