2014   2 28  6 54 24 848409  -12.13702  -73.01978     3337   3.7  0  0  4  6 0 0 1 0 0 0 0 0 0 1 1 1 0 0
2014   2 28  6 54 24 872934  -12.13739  -73.02684     3387   4.5  0  0  4  6 0 0 1 0 0 0 0 0 0 1 1 1 0 0
2014   2 28  6 54 28  36471  -29.58454  -41.64952     5140  11.2  0  0  4  6 0 0 1 0 0 0 0 0 0 1 1 1 0 0
2014   2 28  6 54 40  51171  -28.49310 -134.27238     5103   9.9  0  0  7 21 0 0 1 1 1 0 0 1 0 1 1 1 0 0
2014   2 28  6 54 40 358255  -13.06766  -71.51688     2764  15.0  0  0  6 15 0 0 1 0 0 0 0 1 0 1 1 1 0 1
2014   2 28  6 54 40 609753  -13.06752  -71.53840     2643  12.6  0  0  6 15 0 0 1 1 1 0 0 1 0 0 0 1 0 1
2014   2 28  6 54 40 659235  -25.37102 -133.89293    11661   4.6  0  0  5 10 0 0 1 0 1 0 0 1 0 0 1 0 0 1
2014   2 28  6 54 40 669720  -25.10062 -134.73891    10685  11.0  0  0  4  6 0 0 1 0 1 0 0 1 0 0 0 1 0 0
2014   2 28  6 54 40 734800  -13.05615  -71.54135     2788  15.3  0  0  6 15 0 0 1 0 1 0 0 1 0 0 1 1 0 1
2014   2 28  6 54 40 795793  -20.59704  -47.15486     2633   6.3  0  0  5 10 0 0 1 0 1 0 0 1 0 0 1 0 0 1
2014   2 28  6 54 41  26940  -20.59807  -47.13961     2507   3.6  0  0  5 10 0 0 0 1 1 0 0 1 0 0 1 0 0 1
2014   2 28  6 54 41 470039  -27.90410  -43.28423     4913  18.7  0  0  4  6 0 0 0 1 0 0 0 1 0 1 1 0 0 0
2014   2 28  6 54 41 486637  -27.93526  -43.23002     2864  14.7  0  0  6 15 0 0 1 1 1 0 0 1 0 0 1 0 0 1
2014   2 28  6 54 41 526217  -27.94024  -43.16690     3806  10.4  0  0  5  8 0 0 1 0 1 0 0 0 0 1 1 0 0 1
2014   2 28  6 54 41 618938  -27.95412  -43.21905     2868  14.6  0  0  6 15 0 0 1 1 1 0 0 1 0 0 1 0 0 1
2014   2 28  6 54 41 685353  -21.13386  -46.83794     2561  13.7  0  0  6 15 0 0 1 0 1 0 0 1 0 0 1 1 0 1
2014   2 28  6 54 41 771587  -27.94780  -43.26727     3121  12.4  0  0  5 10 0 0 1 1 1 0 0 1 0 0 0 0 0 1
2014   2 28  6 54 41 906366  -29.46152  -41.96259     3395  13.9  0  0  5 10 0 0 1 1 0 0 0 1 0 0 1 0 0 1
2014   2 28  6 54 41 981727  -27.93144  -43.32109     4695  27.0  0  0  5  8 0 0 1 0 0 0 0 1 0 1 1 1 0 0
2014   2 28  6 54 42  26154  -15.88870  -51.24748     2730   7.4  0  0  5 10 0 0 1 0 1 0 0 1 0 0 1 0 0 1
2014   2 28  6 54 42 300575  -29.47320  -41.99295     3404  16.0  0  0  5 10 0 0 1 1 1 0 0 0 0 0 1 0 0 1
2014   2 28  6 54 43 647542  -20.67230  -47.27045     3046  38.9  0  0  6 15 0 0 1 1 0 0 0 0 0 1 1 1 0 1
2014   2 28  6 54 43 676760  -29.71973  -41.73542     7743 109.0  2  0  6 13 0 0 1 1 1 0 0 0 0 0 1 1 0 1
2014   2 28  6 54 43 711632  -29.56145  -41.99927     3429  25.7  0  0  6 15 0 0 1 1 1 0 0 1 0 0 1 0 0 1
2014   2 28  6 54 43 785506  -20.89182  -47.13414     2804   8.9  0  0  5 10 0 0 1 1 1 0 0 0 0 0 1 0 0 1
2014   2 28  6 54 44  32629  -19.11456 -144.53270    25063  23.1  1  0  4  6 0 0 0 1 0 0 0 1 0 0 0 1 0 1
2014   2 28  6 54 44 154590  -20.75801  -47.32759     3169  44.9  1  0  6 14 0 0 0 1 1 0 0 1 0 1 1 1 0 0
2014   2 28  6 54 44 185820  -20.75017  -47.31023     3405  44.8  1  0  6 15 0 0 1 1 1 0 0 1 0 0 1 1 0 0
2014   2 28  6 54 44 414062  -18.83408 -142.85916     7295   9.9  0  0  5 10 0 0 1 1 0 0 0 1 0 0 1 1 0 0
2014   2 28  6 54 44 880675  -29.80715  -42.08712     4193  17.7  0  0  5 10 0 0 0 1 1 0 0 1 0 0 1 0 0 1
2014   2 28  6 54 45  11456  -29.75312  -42.27047     4582  21.6  0  0  5 10 0 0 0 1 0 0 0 1 0 1 1 0 0 1
2014   2 28  6 54 45  46101  -30.00431  -42.06898     5314  18.9  0  0  4  6 0 0 1 1 0 0 0 1 0 0 0 0 0 1
2014   2 28  6 54 45 145973  -30.11738  -41.79679     4821  34.0  1  0  5 10 0 0 1 1 0 0 0 1 0 0 1 0 0 1
2014   2 28  6 54 46 187748  -21.98652  -45.80784     3110  37.9  0  0  6 15 0 0 1 1 1 0 0 1 0 0 1 0 0 1
2014   2 28  6 54 46 453084  -20.67517  -47.35726     3025  41.1  1  0  6 15 0 0 1 1 1 0 0 1 0 1 0 0 0 1
2014   2 28  6 54 46 634470  -20.70759  -47.56104     4183  46.8  1  0  5 10 0 0 0 1 1 0 0 1 0 0 0 1 0 1
2014   2 28  6 54 46 662408    7.20499  -74.35876     9164  58.7  1  0  6 12 0 0 0 1 1 0 0 1 0 0 1 1 0 1
2014   2 28  6 54 46 789383  -12.26502  -73.89835     7154  36.4  1  0  5 10 0 0 0 1 1 0 0 1 0 0 0 1 0 1
2014   2 28  6 54 47 102451  -12.04342  -73.02074     3800  55.4  1  0  7 21 0 0 1 0 1 0 0 1 0 1 1 1 0 1
2014   2 28  6 54 47 137373  -12.12878  -73.42545     6671  69.7  2  0  6 15 0 0 0 1 0 0 0 1 0 1 1 1 0 1
2014   2 28  6 54 47 147632  -11.94701  -73.39591     3805  23.8  0  0  5  9 0 0 1 1 0 0 0 1 0 0 1 1 0 0
2014   2 28  6 54 47 364472  -12.07302  -73.13702     4358  76.1  2  0  7 21 0 0 1 1 1 0 0 1 0 1 0 1 0 1
2014   2 28  6 54 47 480894  -24.85116  -44.93850     4245  45.0  1  0  5 10 0 0 1 1 1 0 0 0 0 0 1 0 0 1
2014   2 28  6 54 47 963426   14.24063  -32.86192    13085  76.3  2  0  6 14 0 0 1 1 1 0 0 1 0 0 1 1 0 0
2014   2 28  6 54 48   3617  -20.62120  -46.54688     3597  60.5  2  0  6 15 0 0 1 1 0 0 0 1 0 1 1 0 0 1
2014   2 28  6 54 48  68396  -20.70141  -47.15045     3505  51.1  1  0  6 15 0 0 1 1 1 0 0 1 0 0 1 0 0 1
2014   2 28  6 54 48 142501  -20.59436  -47.26788     3733  83.4  2  0  7 21 0 0 1 1 1 0 0 1 0 0 1 1 0 1
2014   2 28  6 54 49 160102   -6.00371  -74.47062     5566  29.1  1  0  4  6 0 0 1 0 0 0 0 0 0 0 1 1 0 1
2014   2 28  6 54 49 422529   -2.08381  150.20508     6593  55.7  1  0  6 13 0 0 1 1 1 0 0 1 0 0 1 1 0 0
2014   2 28  6 54 50  42432   -9.41039  159.71501    13869  87.2  2  0  7 21 0 0 0 1 1 0 0 1 0 1 1 1 0 1
2014   2 28  6 54 50  94947   -9.48467  160.06879    13328  82.4  2  0  7 21 0 0 1 1 1 0 0 1 0 1 1 1 0 0
2014   2 28  6 54 50 185520   -8.54600  157.58093    73966  69.3  2  0  5 10 0 0 1 1 0 0 0 0 0 0 1 1 0 1
2014   2 28  6 54 50 308277  -12.67586  163.85153    81622  88.5  2  0  7 16 0 0 1 1 1 0 0 1 0 1 1 0 0 1
2014   2 28  6 54 51 445399  -19.42892 -141.14954    42827  90.0  2  0  6 15 0 0 1 1 1 0 0 1 0 0 1 0 0 1
2014   2 28  6 54 51 452351  -18.48844 -143.39680    17102  88.9  2  0  7 21 0 0 1 1 1 0 0 1 0 0 1 1 0 1
2014   2 28  6 54 52 815955  -20.99412  -47.21038     4018  27.4  1  0  4  6 0 0 1 1 0 0 0 1 0 0 1 0 0 0
2014   2 28  6 54 53 770000    7.36035  -74.31872     7372 110.5  2  0  7 19 0 0 1 1 1 0 0 1 0 0 1 1 0 1
2014   2 28  6 54 53 775295  -32.94681   17.41412    30486 101.4  2  0  6 15 0 0 1 1 1 0 0 1 0 0 1 0 0 1
2014   2 28  6 54 53 823920  -20.92657  -47.14471     4921  91.3  2  0  6 14 0 0 1 1 1 0 0 1 0 0 1 0 0 1
2014   2 28  6 54 54 191226    7.19769  -74.03183     8598  85.7  2  0  6 14 0 0 1 0 1 0 0 1 0 1 0 1 0 1
2014   2 28  6 54 54 256794  -20.92287  -47.11953     4659  92.9  2  0  6 15 0 0 1 1 1 0 0 1 0 0 1 0 0 1
2014   2 28  6 54 54 272900  -20.93726  -47.12918     4657  92.7  2  0  6 15 0 0 1 1 1 0 0 1 0 0 1 0 0 1
2014   2 28  6 54 55 748718  -12.42933  157.01257    21950  54.5  2  0  5  7 0 0 1 1 0 0 0 1 0 0 1 1 0 0
2014   2 28  6 54 55 928786  -29.36003  -42.53276     7064  95.2  2  0  6 15 0 0 1 1 1 0 0 1 0 0 1 0 0 1
2014   2 28  6 54 55 964161  -29.30840  -42.63934     5258  92.1  2  0  7 21 0 0 1 1 1 0 0 1 0 1 1 0 0 1
2014   2 28  6 54 56 250721  -29.55523  -41.94823     4122  17.7  0  0  5 10 0 0 0 1 1 0 0 1 0 0 1 0 0 1
2014   2 28  6 54 56 263708  -20.49292  -48.99755     3447  12.1  0  0  5  7 0 0 1 0 0 0 0 1 0 1 1 0 0 1
2014   2 28  6 54 56 395866  -29.49216  -42.03030     3898  19.8  0  0  6 13 0 0 1 0 1 0 0 1 0 0 1 1 0 1
2014   2 28  6 54 56 430584  -29.47597  -41.99987     3144  17.1  0  0  7 19 0 0 0 1 1 0 0 1 0 1 1 1 0 1
2014   2 28  6 54 56 454188  -29.51651  -41.97926     3473  17.1  0  0  5 10 0 0 1 1 1 0 0 1 0 0 0 0 0 1
2014   2 28  6 54 56 502251  -29.45309  -42.00026     3077   7.0  0  0  6 15 0 0 0 1 1 0 0 0 0 1 1 1 0 1
2014   2 28  6 54 56 548663  -29.49633  -42.01468     3188  18.7  0  0  7 19 0 0 1 0 1 0 0 1 0 1 1 1 0 1
2014   2 28  6 54 56 608313  -29.51333  -41.97336     2944  17.8  0  0  6 14 0 0 1 1 0 0 0 1 0 1 1 1 0 0
2014   2 28  6 54 56 647420  -29.49620  -42.02937     4066  16.7  0  0  5 10 0 0 1 0 1 0 0 1 0 0 1 0 0 1
2014   2 28  6 54 56 696080  -29.48776  -41.98216     2890   8.7  0  0  6 12 0 0 1 1 1 0 0 0 0 0 1 1 0 1
2014   2 28  6 54 56 983016  -29.49039  -41.99061     6237  19.3  0  0  4  6 0 0 0 1 0 0 0 1 0 0 1 0 0 1
2014   2 28  6 54 57 486557  -30.42544  -60.58673    24925  63.2  2  0  5  7 0 0 0 1 1 0 0 1 0 0 1 0 0 1
2014   2 28  6 54 58  47755  -19.04355 -143.09453    11043  20.2  0  0  6 15 0 0 0 1 1 0 0 1 0 0 1 1 0 1
2014   2 28  6 54 59 572640  -22.33301  -45.90117     2702  34.8  0  0  7 21 0 0 1 1 1 0 0 1 0 1 1 0 0 1
2014   2 28  6 54 59 716293  -12.37192  -73.44099     5092  44.5  1  0  6 15 0 0 0 1 1 0 0 1 0 1 1 1 0 0
2014   2 28  6 54 59 757746  -12.29523  -73.21623     3426  44.3  0  0  7 21 0 0 1 1 1 0 0 1 0 0 1 1 0 1
2014   2 28  6 55  1 102845  -20.70420  -47.26447     3801  35.5  1  0  5  8 0 0 0 1 1 0 0 1 0 0 1 0 0 1
2014   2 28  6 55  1 334013  -21.11551  -49.25267     3210  57.6  1  0  7 19 0 0 1 1 1 0 0 1 0 1 1 0 0 1
2014   2 28  6 55  3 810812  -29.47174  -42.27046     4309  49.4  1  0  6 15 0 0 1 1 0 0 0 1 0 1 1 0 0 1
2014   2 28  6 55  3 983170   -5.06026   -1.45610    78617  57.5  2  0  5  9 0 0 1 1 1 0 0 0 0 0 1 0 0 1
2014   2 28  6 55  4 645850    6.67245  -76.63527     5665  66.6  1  0  7 21 0 0 1 0 1 0 0 1 0 1 1 1 0 1
2014   2 28  6 55  4 762805    6.66438  -76.63642     5713  67.2  1  0  7 21 0 0 1 0 1 0 0 1 0 1 1 1 0 1
2014   2 28  6 55  4 919455    6.83441  -77.54854     8697  80.5  2  0  7 21 0 0 0 1 1 0 0 1 0 1 1 1 0 1
2014   2 28  6 55  4 966707  -12.08543  -73.11695     8781  70.5  2  0  6 14 0 0 0 0 1 0 0 1 0 1 1 1 0 1
2014   2 28  6 55  5 115263  -12.03113  -73.15957     4801  90.3  2  0  7 21 0 0 1 1 1 0 0 1 0 0 1 1 0 1
2014   2 28  6 55  5 247341  -11.98766  -72.69960     3147   2.4  0  0  4  6 0 0 1 0 1 0 0 0 0 1 0 1 0 0
2014   2 28  6 55  5 316000  -12.02899  -72.93251     4371  69.0  1  0  7 20 0 0 1 0 1 0 0 1 0 1 1 1 0 1
2014   2 28  6 55  5 799691  -21.44855  -46.66280     3303  22.2  0  0  5 10 0 0 1 1 1 0 0 0 0 0 1 0 0 1
2014   2 28  6 55  6  51532  -16.02687  -51.36481     5180  64.4  2  0  6 12 0 0 1 1 1 0 0 1 0 0 1 0 0 1
2014   2 28  6 55  7 510049  -21.98882 -140.36505    17354  85.0  2  0  7 21 0 0 1 0 1 0 0 1 0 1 1 1 0 1
2014   2 28  6 55  8  20868    7.23100  -74.54207    11320 106.3  2  0  6 15 0 0 0 1 1 0 0 1 0 0 1 1 0 1
2014   2 28  6 55  8 465064  -20.91318  -47.27855     3964 107.5  2  0  7 21 0 0 1 1 1 0 0 1 0 1 1 0 0 1
2014   2 28  6 55  9 289496  -21.20640  -47.00593     4079 113.5  2  0  7 21 0 0 1 1 1 0 0 1 0 1 1 0 0 1
2014   2 28  6 55  9 707843  -29.20980  -42.59070     6646  88.6  2  0  6 15 0 0 1 1 1 0 0 1 0 0 1 0 0 1
2014   2 28  6 55  9 715689  -29.20904  -42.58028     6662  88.9  2  0  6 15 0 0 1 1 1 0 0 1 0 0 1 0 0 1
2014   2 28  6 55 11 895839  -21.95392  -45.56152     3085  10.8  0  0  4  6 0 0 1 0 0 0 0 1 0 0 1 0 0 1
2014   2 28  6 55 12 837531    5.36657  -85.16370     3934  19.7  0  0  6 15 0 0 1 0 0 0 0 1 0 1 1 1 0 1
2014   2 28  6 55 12 858432    5.39470  -85.30969     4743  14.8  0  0  6 15 0 0 0 1 1 0 0 1 0 0 1 1 0 1
2014   2 28  6 55 13 213870  -22.77855  -45.73710     2473  19.2  0  0  7 21 0 0 1 1 1 0 0 1 0 1 1 0 0 1
2014   2 28  6 55 13 567994  -22.53905  -45.75787     2720  15.7  0  0  5 10 0 0 0 1 1 0 0 1 0 0 1 0 0 1
2014   2 28  6 55 13 598570  -22.53740  -45.76138     2715  15.5  0  0  5 10 0 0 0 1 1 0 0 1 0 0 1 0 0 1
2014   2 28  6 55 13 613660  -29.59706  -41.92105     3367  15.1  0  0  5 10 0 0 1 1 1 0 0 1 0 0 1 0 0 0
2014   2 28  6 55 13 638857  -22.52311  -45.79075     2445  19.2  0  0  7 21 0 0 1 1 1 0 0 1 0 1 1 0 0 1
2014   2 28  6 55 13 692661  -22.48599  -45.83946     2859  40.2  0  0  7 19 0 0 1 1 1 0 0 1 0 1 0 1 0 1
2014   2 28  6 55 13 734151  -29.60510  -41.90913     3406  15.6  0  0  5 10 0 0 1 1 1 0 0 1 0 0 1 0 0 0
2014   2 28  6 55 13 778583  -22.54808  -45.74939     2547  14.6  0  0  6 14 0 0 1 1 1 0 0 1 0 0 1 0 0 1
2014   2 28  6 55 13 874434  -22.48073  -45.79049     2567  27.1  0  0  7 20 0 0 1 0 1 0 0 1 0 1 1 1 0 1
2014   2 28  6 55 14  66492    4.27612  -73.52252     4093   7.4  0  0  5 10 0 0 0 1 1 0 0 1 0 0 0 1 0 1
2014   2 28  6 55 14 868477  -21.25552  -49.18803     3772  33.0  0  0  6 11 0 0 1 1 1 0 0 1 0 0 1 0 0 1
2014   2 28  6 55 14 949390  -21.24465  -49.18855     2952   9.8  0  0  5  9 0 0 1 1 1 0 0 0 0 0 1 0 0 1
2014   2 28  6 55 15 937583  -13.98431  -43.77748     3084  38.4  0  0  6 14 0 0 1 1 1 0 0 1 0 0 1 0 0 1
2014   2 28  6 55 15 973491  -14.00020  -43.70596     4127  27.5  0  0  5  7 0 0 1 1 1 0 0 1 0 0 0 0 0 1
2014   2 28  6 55 16 357453    6.72838  -78.38400    11452  33.6  1  0  5  9 0 0 1 1 1 0 0 1 0 0 1 0 0 0
2014   2 28  6 55 16 382689  -20.57258  -47.21590     3224  54.7  1  0  7 20 0 0 1 1 1 0 0 1 0 0 1 1 0 1
2014   2 28  6 55 16 460444  -20.64184  -47.17583     3250  26.3  0  0  5 10 0 0 1 1 1 0 0 1 0 0 0 0 0 1
2014   2 28  6 55 16 473499  -20.59385  -47.28056     3535  52.6  1  0  6 15 0 0 1 1 1 0 0 1 0 0 0 1 0 1
2014   2 28  6 55 16 593949  -29.55497  -42.09668     3555  46.9  0  0  7 21 0 0 1 1 1 0 0 1 0 1 1 1 0 0
2014   2 28  6 55 16 634981  -29.33534  -42.28222     3407  17.1  0  0  6 15 0 0 0 1 1 0 0 1 0 1 1 0 0 1
2014   2 28  6 55 16 686410  -20.63477  -47.17404     3619  33.9  1  0  5  9 0 0 0 1 1 0 0 1 0 0 1 0 0 1
2014   2 28  6 55 16 704918  -29.57686  -42.08814     3227  33.0  0  0  7 21 0 0 1 1 1 0 0 1 0 1 1 0 0 1
2014   2 28  6 55 16 726435  -29.60020  -42.03523     3849  33.2  0  0  6 15 0 0 1 1 1 0 0 1 0 0 1 0 0 1
2014   2 28  6 55 16 804076  -20.63224  -47.14129     3102  12.3  0  0  4  6 0 0 1 0 0 0 0 1 0 0 1 0 0 1
2014   2 28  6 55 17  17228  -21.10224  -46.87701     2876  45.5  0  0  7 21 0 0 1 1 1 0 0 1 0 1 1 0 0 1
2014   2 28  6 55 17 386394  -21.08999  -46.87622     3961  50.3  2  0  5  9 0 0 0 1 0 0 0 1 0 1 1 0 0 1
2014   2 28  6 55 17 658891    7.18656  -73.80730     4344  46.2  0  0  7 21 0 0 1 0 1 0 0 1 0 1 1 1 0 1
2014   2 28  6 55 17 919282   -7.96790    4.58536    49784  40.5  1  0  5  9 0 0 1 1 1 0 0 0 0 0 1 0 0 1
2014   2 28  6 55 17 965400    7.29803  -74.75117     8178  32.0  1  0  5 10 0 0 0 1 1 0 0 1 0 0 0 1 0 1
2014   2 28  6 55 18 472837  -20.86319  -47.14556     4036  48.8  1  0  5 10 0 0 0 1 1 0 0 1 0 0 1 0 0 1
2014   2 28  6 55 19   2613  -20.79503  -47.27324     3648  63.4  2  0  6 15 0 0 1 1 0 0 0 1 0 1 1 0 0 1
2014   2 28  6 55 19 400155  -21.91329  -45.70235     3379  35.6  1  0  5 10 0 0 1 0 1 0 0 1 0 0 1 0 0 1
2014   2 28  6 55 19 451527  -21.96372  -45.82441     3830  45.6  1  0  5 10 0 0 1 1 1 0 0 1 0 0 0 0 0 1
2014   2 28  6 55 19 481367  -21.95424  -45.77553     3420  49.8  1  0  6 15 0 0 1 1 1 0 0 1 0 0 1 0 0 1
2014   2 28  6 55 20 997155  -16.44931  -51.77896     3544  72.1  2  0  7 21 0 0 1 1 1 0 0 1 0 1 1 0 0 1
2014   2 28  6 55 21 299573  -29.47132  -42.47993     4363  21.9  0  0  5 10 0 0 0 1 1 0 0 1 0 0 1 0 0 1
2014   2 28  6 55 21 342602  -29.33453  -42.61532     4009   5.8  0  0  4  6 0 0 0 1 0 0 0 0 0 1 1 0 0 1
2014   2 28  6 55 21 354250  -29.94334  -42.08397     6794  67.7  2  0  5 10 0 0 1 1 1 0 0 0 0 0 1 0 0 1
2014   2 28  6 55 22 363431  -21.21271  -46.82733     3989  69.3  2  0  6 15 0 0 1 1 1 0 0 1 0 0 1 0 0 1
2014   2 28  6 55 22 382922  -20.45086 -143.24820    15522  73.8  2  0  7 21 0 0 1 0 1 0 0 1 0 1 1 1 0 1
2014   2 28  6 55 22 417423  -21.67018 -140.43570    36589  51.7  2  0  5 10 0 0 1 0 1 0 0 1 0 0 1 0 0 1
2014   2 28  6 55 22 799539   -4.73172  -72.48805     7448  89.0  2  0  6 15 0 0 0 1 1 0 0 1 0 0 1 1 0 1
2014   2 28  6 55 22 832683   -4.63941  -72.29812     5446  84.3  2  0  6 15 0 0 1 1 1 0 0 1 0 0 1 1 0 0
2014   2 28  6 55 22 966362   -4.73561  -71.97395     4846  81.4  2  0  7 21 0 0 1 0 1 0 0 1 0 1 1 1 0 1
2014   2 28  6 55 23 679889   -6.07233  -74.48228     5152  87.2  2  0  7 21 0 0 1 0 1 0 0 1 0 1 1 1 0 1
2014   2 28  6 55 24 586950  -22.74680  -45.60221     5655  78.3  2  0  5  8 0 0 1 1 1 0 0 1 0 0 0 0 0 1
2014   2 28  6 55 24 632870  -22.65465  -45.62484     4642  93.8  2  0  6 15 0 0 1 1 1 0 0 1 0 0 1 0 0 1
2014   2 28  6 55 24 736993   -7.22423  154.23657    66221 113.9  2  0  6 11 0 0 1 1 1 0 0 0 0 0 1 1 1 0
2014   2 28  6 55 24 828287  -29.17200  -42.89909     4082  57.8  1  0  7 19 0 0 1 1 1 0 0 1 0 1 0 1 0 1
2014   2 28  6 55 24 884905  -29.20666  -42.84624     4453  24.4  1  0  4  6 0 0 1 1 0 0 0 0 0 1 0 0 0 1
2014   2 28  6 55 24 945480  -29.26635  -42.48838     6288  80.8  2  0  6 15 0 0 1 1 1 0 0 1 0 0 1 0 0 1
2014   2 28  6 55 25 272171  -29.16372  -42.63839     4830  80.6  2  0  7 21 0 0 1 1 1 0 0 1 0 1 1 0 0 1
2014   2 28  6 55 25 381995  -20.29188 -138.53761    41294  63.3  2  0  5 10 0 0 1 0 1 0 0 1 0 0 1 0 0 1
2014   2 28  6 55 25 820783  -27.75650  -43.96762     3320  10.2  0  0  4  6 0 0 1 1 0 0 0 1 0 1 0 0 0 0
2014   2 28  6 55 25 877129  -27.64707  -43.88970     5511  95.3  2  0  7 18 0 0 1 1 0 0 0 1 0 1 1 1 0 1
2014   2 28  6 55 26 512242  -20.79267  -47.38666     4891 121.6  2  0  6 15 0 0 0 1 1 0 0 1 0 1 1 0 0 1
2014   2 28  6 55 27  32155  -11.93221  -73.01044     5427 108.3  2  0  7 21 0 0 1 0 1 0 0 1 0 1 1 1 0 1
2014   2 28  6 55 27 116592    2.25018  -84.83836    10497 119.3  2  0  6 15 0 0 1 1 1 0 0 1 0 0 1 1 0 0
2014   2 28  6 55 27 337669  -11.48708  -71.86492     8578  48.2  1  0  5 10 0 0 0 0 1 0 0 0 0 1 1 1 0 1
2014   2 28  6 55 27 359414  -11.83556  -73.31332     6577 143.1  2  0  7 20 0 0 1 1 0 0 0 1 0 1 1 1 0 1
2014   2 28  6 55 27 708854  -11.87183  -72.97978     5526 112.7  2  0  7 21 0 0 1 0 1 0 0 1 0 1 1 1 0 1
2014   2 28  6 55 28  88568  -12.03198  -73.02835     2505  11.6  0  0  7 21 0 0 1 1 1 0 0 1 0 1 0 1 0 1
2014   2 28  6 55 28 347513  -13.07487  156.90504     8922  27.5  0  0  5 10 0 0 1 1 0 0 0 1 0 0 1 1 0 0
2014   2 28  6 55 28 644515    6.90779  -73.79420     3134   9.9  0  0  6 13 0 0 1 1 1 0 0 1 0 0 1 1 0 0
2014   2 28  6 55 28 728589  -29.60665  -41.90611     2684   6.5  0  0  6 15 0 0 1 1 1 0 0 1 0 0 1 0 0 1
2014   2 28  6 55 28 748503  -29.62159  -41.88372     3649   6.7  0  0  4  6 0 0 1 1 0 0 0 1 0 0 1 0 0 0
2014   2 28  6 55 29 388658    3.56023  -92.10784    28126   5.1  0  0  4  6 0 0 0 1 1 0 0 1 0 1 0 0 0 0
2014   2 28  6 55 29 426520  -30.37100  -41.55155     2725   7.4  0  0  6 15 0 0 1 1 1 0 0 1 0 0 1 0 0 1
2014   2 28  6 55 29 575467  -21.08391  -46.91223     3022   3.8  0  0  4  6 0 0 1 1 1 0 0 1 0 0 0 0 0 0
2014   2 28  6 55 29 633110  -21.06115  -46.87682     2561  22.8  0  0  7 18 0 0 1 0 1 0 0 1 0 1 1 1 0 1
2014   2 28  6 55 29 653036  -21.08154  -46.91913     2570   4.0  0  0  5 10 0 0 1 1 1 0 0 1 0 0 0 0 0 1
2014   2 28  6 55 30 468014  -25.00488  -44.72518     2937  23.8  0  0  7 20 0 0 0 1 0 0 0 1 0 1 1 1 1 1
2014   2 28  6 55 30 505929  -25.00075  -44.72604     2762  23.5  0  0  7 21 0 0 0 1 1 0 0 1 0 1 1 1 0 1
2014   2 28  6 55 30 825419  -20.89630  -46.53719     2666  29.8  0  0  7 21 0 0 1 0 1 0 0 1 0 1 1 1 0 1
2014   2 28  6 55 31 955326  -29.59751  -41.99529     3087  17.2  0  0  6 15 0 0 1 1 1 0 0 1 0 0 1 0 0 1
2014   2 28  6 55 32 409764  -11.04080  -57.71272     2753  16.9  0  0  6 15 0 0 0 1 1 0 0 0 0 1 0 1 1 1
2014   2 28  6 55 32 441102  -10.95948  -57.53106     3704  23.1  0  0  5  8 0 0 1 0 0 0 0 1 0 0 1 1 0 1
2014   2 28  6 55 32 580239    6.88164  -73.58245     9160  26.8  0  0  5 10 0 0 1 1 1 0 0 1 0 0 1 0 0 0
2014   2 28  6 55 32 620639    7.22235  -73.83536     6316  47.0  1  0  6 11 0 0 1 1 1 0 0 0 0 1 1 1 0 0
2014   2 28  6 55 32 676819    7.14725  -73.84077     4028  41.1  0  0  7 20 0 0 1 1 1 0 0 1 0 1 1 1 0 0
2014   2 28  6 55 32 779933    7.16781  -73.72994     5519  24.8  0  0  6 11 0 0 1 0 1 0 0 1 0 0 1 1 0 1
2014   2 28  6 55 32 904461    7.12482  -73.71096     3758  33.1  0  0  7 21 0 0 1 0 1 0 0 1 0 1 1 1 0 1
2014   2 28  6 55 33 100986    7.18500  -73.84296     4559  38.0  0  0  6 13 0 0 1 1 1 0 0 1 0 0 0 1 0 1
2014   2 28  6 55 33 227960    7.19893  -74.03477     5007  32.6  0  0  6 15 0 0 0 1 1 0 0 1 0 0 1 1 0 1
2014   2 28  6 55 33 573769  -22.20278  -45.99250     2827  39.7  0  0  7 21 0 0 1 1 1 0 0 1 0 1 1 0 0 1
2014   2 28  6 55 33 605956  -22.24647  -45.92806     3324  33.4  1  0  5 10 0 0 0 1 1 0 0 1 0 0 1 0 0 1
2014   2 28  6 55 33 945576  -20.45868  -52.02596     3000  41.2  0  0  7 17 0 0 1 1 0 0 0 0 0 1 1 1 1 1
2014   2 28  6 55 34   3917  -20.54798  -51.91352     3071  25.8  0  0  6 12 0 0 1 1 1 0 0 1 0 0 1 0 0 1
2014   2 28  6 55 34 103306  -20.45901  -52.11771     3128  56.3  1  0  7 19 0 0 1 1 1 0 0 1 0 1 0 1 0 1
2014   2 28  6 55 34 319635  -20.55684  -52.10122     3288  38.0  0  0  6 12 0 0 1 1 0 0 0 1 0 1 1 0 0 1
2014   2 28  6 55 34 355881  -20.53249  -52.00603     3219  54.9  1  0  7 19 0 0 1 1 1 0 0 1 0 0 1 1 0 1
2014   2 28  6 55 35 236422  -20.98944  -47.01914     3913  45.6  1  0  5 10 0 0 0 1 1 0 0 1 0 0 1 0 0 1
2014   2 28  6 55 35 740169  -20.72760  -47.32629     3490  75.0  2  0  7 20 0 0 1 1 1 0 0 0 0 1 1 1 0 1
2014   2 28  6 55 35 758133  -20.81520  -47.09444     2741   6.4  0  0  5 10 0 0 1 1 1 0 0 0 0 0 1 0 0 1
2014   2 28  6 55 35 809085  -20.71035  -47.22809     3723  65.2  2  0  6 15 0 0 1 0 0 0 0 1 0 1 1 1 0 1
2014   2 28  6 55 36 359803  -18.76211 -143.00142    11988  56.8  1  0  7 21 0 0 1 1 1 0 0 1 0 0 1 1 0 1
2014   2 28  6 55 36 429642  -18.67210 -143.28751    13490  50.7  1  0  6 15 0 0 1 1 1 0 0 1 0 0 1 1 0 0
2014   2 28  6 55 36 507785  -18.53316 -143.73624    11147  27.1  0  0  5 10 0 0 1 1 0 0 0 1 0 0 1 1 0 0
2014   2 28  6 55 38 228370  -26.31985 -175.71336    43743  63.0  2  0  6 15 0 0 1 1 1 0 0 0 0 0 1 1 0 1
2014   2 28  6 55 38 243689  -13.03850  171.25096    18995  42.2  1  0  5  9 0 0 1 0 1 0 0 1 0 0 1 1 0 0
2014   2 28  6 55 38 685621  -12.73978  170.42082    12420  67.7  1  0  7 21 0 0 1 1 1 0 0 1 0 0 1 1 0 1
2014   2 28  6 55 39 283516  -15.94065  -51.75908     3706  87.6  2  0  7 21 0 0 0 1 1 0 0 1 0 1 1 1 0 1
2014   2 28  6 55 39 767553  -12.55685  -71.50232     3919  48.6  1  0  6 15 0 0 1 0 1 0 0 0 0 1 1 1 0 1
2014   2 28  6 55 41 650574  -21.48494  -46.69913     2804   9.5  0  0  5 10 0 0 1 1 1 0 0 0 0 0 1 0 0 1
2014   2 28  6 55 42  61459  -20.72694  -47.18046     4551  87.3  2  0  6 15 0 0 1 1 1 0 0 1 0 0 1 0 0 1
2014   2 28  6 55 42 159622  -20.90462  -47.36456     3744  22.3  1  0  4  6 0 0 1 1 0 0 0 1 0 0 1 0 0 0
2014   2 28  6 55 43 267350    3.40457  -15.91701    18198 102.5  2  0  7 20 0 0 1 1 1 0 0 1 0 0 1 1 0 1
2014   2 28  6 55 43 452667    3.37540  -15.47210    15456  84.5  2  0  6 15 0 0 1 1 0 0 0 1 0 0 1 1 0 1
2014   2 28  6 55 43 845940  -29.37559  -42.47989     6591  85.7  2  0  6 15 0 0 1 1 1 0 0 1 0 0 1 0 0 1
2014   2 28  6 55 43 979947   -1.97985  150.64091     6524  10.1  0  0  4  6 0 0 1 0 0 0 0 1 0 0 1 1 0 0
2014   2 28  6 55 44  84419  -23.09430  -45.90676     2934  16.7  0  0  5  9 0 0 1 1 0 0 0 1 0 1 0 1 0 0
2014   2 28  6 55 44 392539  -23.11535  -45.77806     3035  11.7  0  0  5  8 0 0 0 1 1 0 0 1 0 0 1 0 0 1
2014   2 28  6 55 44 411385  -23.07719  -45.84236     2757  19.3  0  0  7 18 0 0 1 1 1 0 0 1 0 0 1 1 0 1
2014   2 28  6 55 45 726521  -20.00477 -140.99368    20935  10.0  0  0  4  6 0 0 1 1 0 0 0 1 0 0 1 0 0 0
2014   2 28  6 55 45 844849  -30.02473  -41.88623     4140  12.5  0  0  5  9 0 0 0 1 1 0 0 1 0 0 1 0 0 1
2014   2 28  6 55 45 886823  -29.99144  -41.87497     3967  13.3  0  0  5 10 0 0 0 1 1 0 0 1 0 0 1 0 0 1
2014   2 28  6 55 45 954718  -19.73953 -141.57024     6729  21.9  0  0  7 21 0 0 1 1 1 0 0 1 0 0 1 1 0 1
2014   2 28  6 55 46  55717  -20.37981 -139.99680    11935   6.2  0  0  5 10 0 0 1 0 1 0 0 1 0 0 1 0 0 1
2014   2 28  6 55 46  99848  -30.10983  -41.83025     3560  13.8  0  0  5  9 0 0 1 1 1 0 0 1 0 0 1 0 0 0
2014   2 28  6 55 46 146799  -19.77571 -142.44357     9781  22.3  0  0  7 21 0 0 0 1 1 0 0 1 0 1 1 1 0 1
2014   2 28  6 55 47 371781  -20.82097  -47.11476     2731  23.2  0  0  6 15 0 0 1 1 1 0 0 1 0 0 1 0 0 1
2014   2 28  6 55 47 783247    3.89507  -82.86792     7566  34.0  0  0  6 15 0 0 1 1 0 0 0 1 0 1 1 0 0 1
2014   2 28  6 55 47 790204    4.51786  -83.84168     5700   8.1  0  0  4  6 0 0 0 1 0 0 0 1 0 0 1 1 0 0
2014   2 28  6 55 47 807856   -9.99904  172.71709    44773  39.8  1  0  5  9 0 0 1 1 1 0 0 1 0 0 0 0 0 1
2014   2 28  6 55 47 843586  -20.63216  -51.69857     3328  41.3  1  0  6 12 0 0 0 1 1 0 0 1 0 1 1 0 0 1
2014   2 28  6 55 47 871974   -8.90185  170.72270    11791  29.7  0  0  5  7 0 0 0 1 1 0 0 1 0 0 1 1 0 0
2014   2 28  6 55 47 942405  -20.59471  -51.72575     3704  21.3  0  0  5  8 0 0 1 1 1 0 0 1 0 0 1 0 0 0
2014   2 28  6 55 48 164142   -9.15536  171.16267    28211  43.2  1  0  5  7 0 0 1 1 1 0 0 1 0 0 0 1 0 0
2014   2 28  6 55 48 875386   -4.28380  -71.66589     5001  38.2  1  0  5  9 0 0 0 1 1 0 0 1 0 0 1 1 0 0
2014   2 28  6 55 48 949564   -4.26456  -71.40665     4907  57.5  1  0  6 15 0 0 1 1 1 0 0 0 0 1 1 1 0 0
2014   2 28  6 55 49 754940  -22.28460  -45.93335     3588  42.2  1  0  5 10 0 0 0 1 1 0 0 1 0 0 1 0 0 1
2014   2 28  6 55 49 951224  -20.94234  -47.17846     3337  50.8  1  0  6 15 0 0 1 1 0 0 0 1 0 1 1 0 0 1
2014   2 28  6 55 50  10884  -21.11424  -46.95802     3005  52.9  1  0  7 21 0 0 1 1 1 0 0 1 0 1 1 0 0 1
2014   2 28  6 55 50  21871  -21.05342  -46.96771     4339  93.9  2  0  7 19 0 0 1 1 1 0 0 1 0 0 1 1 0 1
2014   2 28  6 55 50  37203  -21.14710  -46.87559     3321  38.4  0  0  6 13 0 0 1 1 1 0 0 1 0 0 1 0 0 1
2014   2 28  6 55 50 340489  -21.15432  -46.88038     3822  42.5  1  0  5 10 0 0 1 1 1 0 0 1 0 0 0 0 0 1
2014   2 28  6 55 50 382877    2.89578  -84.83474     5736  66.6  1  0  7 21 0 0 1 1 0 0 0 1 0 1 1 1 0 1
2014   2 28  6 55 50 402991    2.94640  -85.40218     8889  54.2  1  0  6 15 0 0 0 1 1 0 0 1 0 0 1 1 0 1
2014   2 28  6 55 51 281879    4.98010  -73.29045    18811  42.3  1  0  5 10 0 0 1 1 1 0 0 0 0 0 1 0 0 1
2014   2 28  6 55 51 362876    6.26207  -74.04356    22271  63.8  2  0  5  7 0 0 1 1 1 0 0 1 0 0 1 0 0 0
2014   2 28  6 55 51 518729  -24.83237 -136.03857    15242  60.5  2  0  6 15 0 0 1 1 1 0 0 1 0 0 1 1 0 0
2014   2 28  6 55 52 518236  -12.24397  -77.49474    16838  23.9  0  0  5 10 0 0 0 1 1 0 0 1 0 1 0 0 0 1
2014   2 28  6 55 52 712257  -18.56166 -145.22279    33309  65.8  2  0  5 10 0 0 0 1 1 0 0 1 0 0 1 1 0 0
2014   2 28  6 55 53 677415   -4.62699  -72.19891     6300  88.4  2  0  6 15 0 0 1 1 1 0 0 0 0 0 1 1 0 1
2014   2 28  6 55 53 744607   -4.65688  -72.13813     5748  99.0  2  0  7 21 0 0 1 1 1 0 0 0 0 1 1 1 0 1
2014   2 28  6 55 53 806844   -4.90448  -72.88090     4391  10.2  0  0  4  6 0 0 0 0 1 0 0 1 0 1 0 1 0 0
2014   2 28  6 55 53 840588   -4.68672  -72.02403     4735  74.9  2  0  7 21 0 0 1 0 1 0 0 1 0 1 1 1 0 1
2014   2 28  6 55 53 906379   -4.60902  -72.31404     6021  98.0  2  0  6 15 0 0 1 1 0 0 0 1 0 1 1 1 0 0
2014   2 28  6 55 55 315843    4.50477  -73.47915     7584 103.3  2  0  6 14 0 0 1 1 1 0 0 1 0 0 0 1 0 1
2014   2 28  6 55 56 990232  -29.19122  -42.65320     5607  77.3  2  0  6 15 0 0 1 1 0 0 0 1 0 1 1 0 0 1
2014   2 28  6 55 57 116100  -29.46981  -42.00408     8395  60.8  2  0  5 10 0 0 1 0 1 0 0 1 0 0 1 0 0 1
2014   2 28  6 55 57 129516  -29.32655  -42.85115     4049  24.4  0  0  5  9 0 0 1 1 1 0 0 1 0 0 0 0 0 1
2014   2 28  6 55 57 141675  -29.16201  -42.69682     4570  73.2  2  0  7 21 0 0 1 1 1 0 0 1 0 1 1 0 0 1
2014   2 28  6 55 57 312560  -29.29207  -42.86558     3819  24.6  0  0  5 10 0 0 1 1 1 0 0 1 0 0 0 0 0 1
2014   2 28  6 55 57 335404  -29.30399  -42.86841     3800  23.9  0  0  5 10 0 0 1 1 1 0 0 1 0 0 0 0 0 1
2014   2 28  6 55 57 809470   -9.02252  158.87416    13502  77.3  2  0  6 15 0 0 1 0 1 0 0 1 0 0 1 1 0 1
2014   2 28  6 55 58 217110  -18.84600 -141.71637    19318  97.4  2  0  7 21 0 0 1 0 1 0 0 1 0 1 1 1 0 1
2014   2 28  6 55 58 261934  -18.83885 -141.71175    19179  96.6  2  0  7 21 0 0 1 0 1 0 0 1 0 1 1 1 0 1
2014   2 28  6 55 58 290776  -18.62722 -142.16078    25580 131.4  2  0  7 21 0 0 1 1 1 0 0 0 0 1 1 1 0 1
2014   2 28  6 55 58 360821  -18.52085 -143.21973    27915  75.1  2  0  5 10 0 0 1 0 0 0 0 1 0 0 1 1 0 1
2014   2 28  6 55 58 490364  -21.17802  -47.02105     4171 117.5  2  0  7 21 0 0 1 1 1 0 0 1 0 1 1 0 0 1
2014   2 28  6 55 58 558130  -33.76831  -39.00027     8238 123.5  2  0  7 20 0 0 1 1 1 0 0 0 0 1 1 1 0 1
2014   2 28  6 55 58 633908  -21.25135  -46.82515     4801  98.5  2  0  6 15 0 0 1 1 1 0 0 1 0 0 1 0 0 1
2014   2 28  6 55 58 764966  -33.68819  -39.76961     4127   4.1  0  0  4  6 0 0 1 1 1 0 0 1 0 0 0 0 0 0
2014   2 28  6 55 58 840165  -19.46942 -141.46426    59642 141.0  2  0  7 17 0 0 1 1 1 0 0 1 0 0 1 0 1 1
2014   2 28  6 55 59  65862  -21.18895  -47.00642     4248 121.5  2  0  7 21 0 0 1 1 1 0 0 1 0 1 1 0 0 1
2014   2 28  6 55 59 145181  -33.93505  -38.86981     8990  98.5  2  0  6 15 0 0 1 1 1 0 0 1 0 0 1 0 0 1
2014   2 28  6 56  0 134762  -22.78506  -45.77237     2379  14.5  0  0  7 21 0 0 1 1 0 0 0 1 0 1 1 1 0 1
2014   2 28  6 56  0 870326  -18.86390 -141.21829     6062  10.8  0  0  6 15 0 0 1 1 1 0 0 1 0 0 1 1 0 0
2014   2 28  6 56  0 959706    7.11014  -73.94410     4141   9.7  0  0  5  8 0 0 0 1 1 0 0 1 0 0 1 1 0 0
2014   2 28  6 56  1 267640  -12.35431  -73.02546     3767  10.6  0  0  5  9 0 0 1 1 1 0 0 1 0 0 1 0 0 0
2014   2 28  6 56  1 468157  -21.49288  -50.92767     2953  10.2  0  0  5  8 0 0 1 1 0 0 0 0 0 1 0 1 1 0
2014   2 28  6 56  1 804370  -12.26771  -73.17704     2993  20.1  0  0  6 15 0 0 1 0 1 0 0 1 0 0 1 1 0 1
2014   2 28  6 56  1 814224  -12.26820  -73.15544     2797  20.2  0  0  7 20 0 0 1 0 1 0 0 1 0 1 1 1 0 1
2014   2 28  6 56  3 621862  -22.25137  -45.94143     3165  30.8  1  0  5 10 0 0 0 1 1 0 0 1 0 0 1 0 0 1
2014   2 28  6 56  4 445414  -20.97732  -47.03816     2900  28.1  0  0  6 14 0 0 1 1 0 0 0 1 0 1 1 1 0 0
2014   2 28  6 56  4 495200  -21.22287  -46.73857     3106  17.5  0  0  5 10 0 0 1 1 1 0 0 0 0 0 1 0 0 1
2014   2 28  6 56  4 761271  -21.13346  -46.85114     3442  33.3  1  0  5 10 0 0 1 1 1 0 0 1 0 0 0 0 0 1
2014   2 28  6 56  5 125988    1.79399  -21.79691    26459  38.1  0  0  6 15 0 0 1 1 1 0 0 1 0 0 1 0 0 1
2014   2 28  6 56  6 264206  -29.49122  -42.17790     5147  44.0  1  0  5 10 0 0 1 1 1 0 0 0 0 0 1 0 0 1
2014   2 28  6 56  6 272614  -29.49736  -42.17424     4215  39.5  0  0  6 15 0 0 1 1 1 0 0 1 0 0 1 0 0 1
2014   2 28  6 56  6 400145   -4.52039  -64.50011     4147  62.8  1  0  7 20 0 0 1 1 1 0 0 1 0 1 0 1 0 1
2014   2 28  6 56  6 927567  -20.52052  -47.26445     4346  81.2  2  0  6 14 0 0 1 1 1 0 0 0 0 0 1 1 0 1
2014   2 28  6 56  7 226657  -21.06751  -46.64470     3555  57.5  1  0  6 15 0 0 1 0 1 0 0 1 0 1 1 0 0 1
2014   2 28  6 56  7 260211  -20.58838  -47.00810     3502  33.4  1  0  5 10 0 0 1 0 1 0 0 1 0 0 1 0 0 1
2014   2 28  6 56  7 321955  -14.38671  -43.94046     3622  59.7  1  0  6 14 0 0 1 1 1 0 0 1 0 0 1 0 0 1
2014   2 28  6 56  7 550850  -14.38708  -43.98045     3366  61.2  1  0  7 18 0 0 1 1 1 0 0 1 0 0 1 1 0 1
2014   2 28  6 56  7 893466  -22.58582  -45.65786     3721  63.7  2  0  6 15 0 0 1 1 1 0 0 1 0 0 1 0 0 1
2014   2 28  6 56  7 907720  -22.53168  -45.73996     3374  70.2  2  0  7 21 0 0 1 1 1 0 0 1 0 1 1 0 0 1
2014   2 28  6 56  8 495555    7.21134  -76.26038    11722  56.1  2  0  5  9 0 0 0 1 1 0 0 1 0 1 0 1 0 0
2014   2 28  6 56  8 558712    7.13783  -75.08710     5527  74.9  2  0  7 20 0 0 1 1 1 0 0 1 0 0 1 1 0 1
2014   2 28  6 56  9 548231  -29.26768  -42.63238     4619  13.8  0  0  4  6 0 0 1 1 0 0 0 1 0 0 0 0 0 1
2014   2 28  6 56  9 589168  -29.38188  -42.24495     6410  54.4  2  0  5 10 0 0 1 1 0 0 0 1 0 0 1 0 0 1
2014   2 28  6 56  9 607540  -29.29204  -42.35996     6584  66.2  2  0  5 10 0 0 1 1 1 0 0 0 0 0 1 0 0 1
2014   2 28  6 56  9 607686  -21.77519 -143.00563    20752  98.6  2  0  7 19 0 0 1 1 1 0 0 1 0 0 1 1 0 1
2014   2 28  6 56  9 703504  -12.70475  156.95538     7073  16.7  0  0  5 10 0 0 1 1 0 0 0 1 0 0 1 1 0 0
2014   2 28  6 56  9 792649  -12.71169  157.00545     8982  16.8  0  0  4  6 0 0 0 1 0 0 0 1 0 0 1 1 0 0
2014   2 28  6 56 10 103068  -29.28652  -42.38357     5406  62.8  2  0  6 15 0 0 1 1 1 0 0 1 0 0 1 0 0 1
2014   2 28  6 56 10 157023  -27.64716  -44.08847     5182  60.1  2  0  6 14 0 0 1 1 1 0 0 1 0 0 0 1 0 1
2014   2 28  6 56 10 226100  -27.70975  -43.70900     5077  78.9  2  0  6 15 0 0 1 1 0 0 0 1 0 1 1 1 0 0
2014   2 28  6 56 10 247733  -27.75652  -43.85715     3360  18.6  0  0  5 10 0 0 1 1 1 0 0 1 0 0 0 0 0 1
2014   2 28  6 56 10 308085  -13.63881  -43.50085     3080  62.3  1  0  7 21 0 0 1 1 1 0 0 1 0 0 1 0 1 1
2014   2 28  6 56 10 317229  -13.65790  -43.36734     3624  65.4  1  0  7 18 0 0 1 1 1 0 0 1 0 1 1 0 0 1
2014   2 28  6 56 10 432218  -20.91077  -47.10758     4174  77.3  2  0  6 15 0 0 1 1 1 0 0 1 0 0 1 0 0 1
2014   2 28  6 56 10 719519  -22.00577 -140.26175    15078  73.5  2  0  7 21 0 0 1 0 1 0 0 1 0 1 1 1 0 1
2014   2 28  6 56 10 745832  -21.45966 -142.95259    14086  35.5  1  0  5 10 0 0 1 1 0 0 0 1 0 0 1 1 0 0
2014   2 28  6 56 10 756066  -21.45610 -142.92383    14152  35.6  1  0  5 10 0 0 1 1 0 0 0 1 0 0 1 1 0 0
2014   2 28  6 56 10 765805  -21.62550 -142.38637    17281  68.4  2  0  6 15 0 0 1 1 0 0 0 1 0 0 1 1 0 1
2014   2 28  6 56 10 796124  -22.89840 -138.52036    35245  98.2  2  0  7 21 0 0 1 1 1 0 0 1 0 1 1 0 0 1
2014   2 28  6 56 10 843626  -21.81187 -141.29134    18865 103.1  2  0  7 21 0 0 1 1 1 0 0 1 0 1 1 1 0 0
2014   2 28  6 56 10 885574  -22.03813 -140.28087    15291  74.7  2  0  7 21 0 0 1 0 1 0 0 1 0 1 1 1 0 1
2014   2 28  6 56 10 971301  -12.63802  156.25281    13230  71.3  2  0  6 15 0 0 0 0 1 0 0 1 0 1 1 1 0 1
2014   2 28  6 56 11 834483    6.65167  -78.26738     7875 116.2  2  0  7 21 0 0 1 1 1 0 0 1 0 1 1 1 0 0
2014   2 28  6 56 13 121430  -29.97832  -41.75400     9174  68.0  2  0  5 10 0 0 1 0 1 0 0 1 0 0 1 0 0 1
2014   2 28  6 56 13 139471  -29.82305  -42.38475     4968  80.6  2  0  7 21 0 0 1 1 1 0 0 1 0 1 1 0 0 1
2014   2 28  6 56 13 155735  -29.97279  -41.75668     9234  68.6  2  0  5 10 0 0 1 0 1 0 0 1 0 0 1 0 0 1
2014   2 28  6 56 13 190024  -29.88153  -42.28622     6716  84.6  2  0  6 15 0 0 1 1 1 0 0 1 0 0 1 0 0 1
2014   2 28  6 56 13 271410  -29.09490  -42.93726     4165  41.8  0  0  7 18 0 0 0 1 1 0 0 1 0 1 1 1 0 1
2014   2 28  6 56 13 322646  -29.88950  -42.04528     7373  76.1  2  0  6 15 0 0 1 0 1 0 0 1 0 1 1 0 0 1
2014   2 28  6 56 13 423025  -29.89991  -41.66187     9694  67.1  2  0  5 10 0 0 1 0 1 0 0 0 0 1 1 0 0 1
2014   2 28  6 56 13 530721  -29.77989  -42.69339     3695  49.0  0  0  7 18 0 0 1 1 1 0 0 1 0 1 0 1 0 1
2014   2 28  6 56 13 583841  -29.80693  -42.40079     6143  90.9  2  0  6 15 0 0 1 1 1 0 0 0 0 1 1 0 0 1
2014   2 28  6 56 16  51189  -14.34888  -43.79252     3617  18.9  0  0  6 11 0 0 1 1 1 0 0 1 0 0 1 0 0 1
2014   2 28  6 56 17 283817   -4.18307  -71.20719     2793  20.6  0  0  7 21 0 0 1 1 1 0 0 1 0 1 0 1 0 1
2014   2 28  6 56 17 663570  -21.03867  -47.06177     2672  26.1  0  0  7 17 0 0 1 1 1 0 0 0 0 1 1 1 0 1
2014   2 28  6 56 17 707980  -21.08943  -47.02223     2561  16.5  0  0  6 15 0 0 1 1 1 0 0 1 0 0 1 0 0 1
2014   2 28  6 56 17 720728  -21.03031  -47.09873     4180  31.3  1  0  5  7 0 0 1 1 1 0 0 0 0 0 1 1 0 0
2014   2 28  6 56 18 389107  -20.57692  -47.26897     2647  29.9  0  0  7 20 0 0 1 0 1 0 0 1 0 1 1 1 0 1
2014   2 28  6 56 19 343605  -22.55750  -45.78896     3379  33.3  1  0  5  9 0 0 1 1 1 0 0 1 0 0 0 0 0 1
2014   2 28  6 56 19 393897  -22.09641  -45.83619     2931  39.4  0  0  7 21 0 0 1 1 1 0 0 1 0 1 1 1 0 0
2014   2 28  6 56 19 659411  -22.22258  -45.68482     3557  32.6  1  0  5  8 0 0 1 1 1 0 0 1 0 0 0 0 0 1
2014   2 28  6 56 19 833463   -6.85742  -73.84117     3196  12.5  0  0  5 10 0 0 1 0 1 0 0 0 0 0 1 1 0 1
2014   2 28  6 56 20 102645   -4.48812  -71.07098     3867   9.9  0  0  5 10 0 0 1 0 1 0 0 1 0 1 0 0 0 1
2014   2 28  6 56 20 159597   -4.26736  -71.87309     4996  26.6  0  0  5 10 0 0 0 1 1 0 0 1 0 1 0 1 0 0
2014   2 28  6 56 20 236177    2.73071  -69.86708     6560  52.6  2  0  5  9 0 0 1 1 1 0 0 0 0 1 0 1 0 0
2014   2 28  6 56 20 243534    2.79917  -69.76576     7252  64.6  2  0  6 12 0 0 1 1 1 0 0 1 0 0 1 1 0 0
2014   2 28  6 56 23 206480  -20.68199  -47.18556     3611  55.7  1  0  6 15 0 0 1 1 1 0 0 1 0 0 1 0 0 1
2014   2 28  6 56 23 262785  -18.82906 -142.70615    15320  60.4  2  0  6 15 0 0 1 1 1 0 0 1 0 0 1 1 0 0
2014   2 28  6 56 23 411532  -18.68323 -143.19556    11164  27.2  0  0  5 10 0 0 1 1 0 0 0 1 0 0 1 1 0 0
2014   2 28  6 56 23 503771  -21.29427  -46.48658     3012   1.4  0  0  4  6 0 0 1 1 0 0 0 0 0 0 1 0 0 1
2014   2 28  6 56 23 585199  -10.64653  -57.12445     3700  70.7  2  0  7 19 0 0 1 1 1 0 0 1 0 0 1 1 0 1
2014   2 28  6 56 23 639962    4.36353  -74.11768     7097  46.9  1  0  6 14 0 0 0 1 1 0 0 1 0 1 0 1 0 1
2014   2 28  6 56 23 664557  -10.66639  -57.00874     3692  60.7  1  0  7 21 0 0 1 0 1 0 0 1 0 1 1 1 0 1
2014   2 28  6 56 23 740304  -21.10985  -46.69158     5138  58.9  2  0  5 10 0 0 1 1 1 0 0 1 0 0 1 0 0 0
2014   2 28  6 56 23 751764  -21.14637  -46.61424     3645  56.9  1  0  6 15 0 0 1 1 1 0 0 1 0 0 1 0 0 1
2014   2 28  6 56 23 785377  -10.65719  -57.00728     3717  59.7  1  0  7 20 0 0 1 0 1 0 0 1 0 1 1 1 0 1
2014   2 28  6 56 23 855385    4.40945  -73.37138     5030  70.5  2  0  7 19 0 0 1 1 0 0 0 1 0 1 1 1 0 1
2014   2 28  6 56 24 255228  -20.96491  -47.20797     4014  28.1  0  0  5  7 0 0 0 1 0 0 0 1 0 1 1 1 0 0
2014   2 28  6 56 24 275733  -21.19140  -46.84431     3707  59.7  1  0  6 15 0 0 1 1 1 0 0 1 0 0 1 0 0 1
2014   2 28  6 56 24 838576   29.96096 -129.16698    17714  93.4  2  0  7 21 0 0 1 1 1 0 0 0 0 1 1 1 0 1
2014   2 28  6 56 25 165828  -22.00307  -45.81557     4618  69.8  2  0  5 10 0 0 0 1 1 0 0 1 0 0 1 0 0 1
2014   2 28  6 56 26 126412  -14.37100  -43.82425     3629  56.6  1  0  6 14 0 0 1 1 0 0 0 1 0 1 1 0 0 1
2014   2 28  6 56 27 463692  -33.55146  -39.97506     7190  99.7  2  0  7 21 0 0 1 1 1 0 0 1 0 0 1 1 0 1
2014   2 28  6 56 27 971891  -33.70573  -39.77997     7719  83.4  2  0  6 15 0 0 1 1 1 0 0 1 0 0 1 0 0 1
2014   2 28  6 56 29 189304  -13.12598  -71.37216     5458 117.6  2  0  7 21 0 0 1 1 1 0 0 1 0 0 1 1 0 1
2014   2 28  6 56 30 488573  -22.60944  -45.63258     5051 110.2  2  0  6 15 0 0 1 1 1 0 0 1 0 0 1 0 0 1
2014   2 28  6 56 30 667916  -28.55208  -43.16188     4312  51.3  1  0  7 18 0 0 0 1 1 0 0 1 0 1 1 1 0 1
2014   2 28  6 56 30 694840  -28.63688  -43.12039     3516  24.5  0  0  6 15 0 0 0 1 1 0 0 1 0 1 1 0 0 1
2014   2 28  6 56 30 732714  -28.53558  -43.18658     5748  54.9  1  0  6 12 0 0 0 1 1 0 0 1 0 0 1 1 0 1
2014   2 28  6 56 30 785642  -29.17294  -43.08713     4417  45.7  1  0  6 11 0 0 1 1 1 0 0 1 0 0 0 1 0 1
2014   2 28  6 56 30 825317  -29.28514  -41.91567     8819  59.7  2  0  5 10 0 0 1 0 1 0 0 0 0 1 1 0 0 1
2014   2 28  6 56 30 970465  -29.19496  -42.69765     4936  83.2  2  0  7 21 0 0 1 1 1 0 0 1 0 1 1 0 0 1
2014   2 28  6 56 31   5876  -29.34488  -42.05120     9263  69.3  2  0  5 10 0 0 1 0 1 0 0 1 0 0 1 0 0 1
2014   2 28  6 56 31 209958  -28.60914  -43.13846     4420  26.8  0  0  5 10 0 0 0 1 1 0 0 1 0 0 1 0 0 1
2014   2 28  6 56 31 790290  -10.89617  -57.90376     5128 135.3  2  0  7 21 0 0 1 1 0 0 0 1 0 1 1 1 0 1
2014   2 28  6 56 31 817616   -8.92935  159.35909     7671   1.7  0  0  4  6 0 0 1 0 0 0 0 1 0 0 1 1 0 0
2014   2 28  6 56 32  53858  -11.01257  -57.48875     3247   5.9  0  0  5  8 0 0 1 1 0 0 0 1 0 1 1 0 0 0
2014   2 28  6 56 32 239553   -9.81749  160.45552     6549  22.2  0  0  6 15 0 0 1 1 1 0 0 1 0 0 1 1 0 0
2014   2 28  6 56 33 770460    4.76185  -73.27708     3126  23.3  0  0  7 21 0 0 1 1 1 0 0 1 0 1 0 1 0 1
2014   2 28  6 56 34  81473    7.09864  -73.98547     3511  21.2  0  0  6 14 0 0 1 1 1 0 0 1 0 0 0 1 0 1
2014   2 28  6 56 34 244915  -22.52212  -45.77243     2884  21.4  0  0  5 10 0 0 0 1 1 0 0 1 0 0 1 0 0 1
2014   2 28  6 56 34 325679  -14.39496  -43.56113     2854  25.4  0  0  7 21 0 0 1 0 1 0 0 0 0 1 1 1 1 1
2014   2 28  6 56 34 705740    4.55817  -72.77835     7720  27.0  0  0  5 10 0 0 1 1 1 0 0 1 0 1 0 0 0 0
2014   2 28  6 56 35 495637   19.98348 -118.21146    14333   3.6  0  0  4  6 0 0 0 1 0 0 0 1 0 0 1 1 0 0
2014   2 28  6 56 37 132823  -29.55492  -42.04509     4345  31.6  1  0  5 10 0 0 1 1 1 0 0 0 0 0 1 0 0 1
2014   2 28  6 56 39 762332    3.08235  -85.28075     9236  26.6  1  0  4  6 0 0 0 1 0 0 0 1 0 0 1 1 0 0
2014   2 28  6 56 40 392400  -20.92065  -47.11682     3656  56.8  1  0  6 15 0 0 1 1 1 0 0 1 0 0 1 0 0 1
2014   2 28  6 56 40 564266  -14.35432  -43.94184     3587  62.6  2  0  6 15 0 0 1 1 1 0 0 1 0 0 1 0 0 1
2014   2 28  6 56 41  77326  -29.47257  -42.22300     5879  55.9  2  0  5 10 0 0 1 1 1 0 0 0 0 0 1 0 0 1
2014   2 28  6 56 41 134632  -16.21781  -52.11879     3318  36.2  0  0  6 15 0 0 1 0 0 0 0 1 0 1 1 1 1 0
2014   2 28  6 56 41 294176  -16.19983  -51.66756     3713  55.0  1  0  6 15 0 0 1 0 1 0 0 0 0 1 1 1 0 1
2014   2 28  6 56 42  57924  -21.03645  -46.90443     3866  78.3  2  0  7 16 0 0 0 0 1 0 0 1 0 1 1 1 1 1
2014   2 28  6 56 43 387386    6.34634  -74.10552    15828  87.2  2  0  6 14 0 0 1 1 1 0 0 1 0 0 1 0 0 1
2014   2 28  6 56 43 725372  -20.68867  -47.21095     4447  79.9  2  0  6 14 0 0 1 1 1 0 0 1 0 0 1 0 0 1
2014   2 28  6 56 43 880117  -20.64152  -46.56680     3730  90.0  2  0  7 21 0 0 1 1 1 0 0 1 0 1 1 0 0 1
2014   2 28  6 56 44  68146  -20.71424  -47.14919     4395  81.9  2  0  6 15 0 0 1 1 1 0 0 1 0 0 1 0 0 1
2014   2 28  6 56 45  25553  -24.38270  -45.65716     3782  75.1  2  0  7 21 0 0 1 1 1 0 0 1 0 1 1 0 0 1
2014   2 28  6 56 45 749832  -29.24450  -42.47588     6164  77.9  2  0  6 15 0 0 1 1 1 0 0 1 0 0 1 0 0 1
2014   2 28  6 56 45 777332  -29.20306  -42.85154     3547  22.5  0  0  5 10 0 0 1 1 0 0 0 1 0 1 0 0 0 1
2014   2 28  6 56 45 833168  -27.71936  -43.95692     3791  33.6  1  0  5  9 0 0 1 1 1 0 0 0 0 1 0 0 0 1
2014   2 28  6 56 45 871703  -13.94100  -44.00615     3834  92.7  2  0  7 19 0 0 1 1 1 0 0 1 0 0 1 1 0 1
2014   2 28  6 56 45 898613  -27.21872  -44.15525     4213  52.1  1  0  7 19 0 0 0 1 1 0 0 1 0 1 1 1 0 1
2014   2 28  6 56 46 192724  -11.83781  -73.46331     4873  25.5  1  0  4  6 0 0 1 0 0 0 0 1 0 0 1 1 0 0
2014   2 28  6 56 46 231279  -12.91523  -71.52657     5277  81.9  2  0  6 15 0 0 1 0 1 0 0 1 0 0 1 1 0 1
2014   2 28  6 56 46 240379  -12.83991  -71.91572     5007  28.2  1  0  4  6 0 0 1 0 0 0 0 1 0 0 1 1 0 0
2014   2 28  6 56 46 270265  -12.00654  -73.58878     9545 125.2  2  0  7 19 0 0 0 1 1 0 0 1 0 1 1 1 0 1
2014   2 28  6 56 47  65562  -12.78792  -72.05740     6550 114.5  2  0  6 15 0 0 1 1 1 0 0 1 0 0 1 1 0 0
2014   2 28  6 56 47 102620  -12.79606  -71.75719     6515 132.3  2  0  7 19 0 0 1 1 1 0 0 0 0 1 1 1 0 1
2014   2 28  6 56 47 124683  -12.81495  -71.94889     5620 121.7  2  0  7 21 0 0 1 1 1 0 0 1 0 0 1 1 0 1
2014   2 28  6 56 47 530063  -15.81072  -43.16596    10230  36.2  1  0  5  7 0 0 1 1 1 0 0 0 0 0 1 0 0 1
2014   2 28  6 56 47 792889  -13.22182  -39.81967     3533  66.7  1  0  7 20 0 0 1 1 1 0 0 0 0 1 1 1 1 0
2014   2 28  6 56 47 850249  -13.44300  -33.95011     6873   9.5  0  0  4  6 0 0 0 1 1 0 0 1 0 0 0 1 0 0
2014   2 28  6 56 47 909174  -13.28364  -39.42862    10555  81.5  2  0  6 13 0 0 1 0 1 0 0 0 0 1 1 1 0 1
2014   2 28  6 56 48 219521  -19.24570 -141.62944     5478   6.3  0  0  6 15 0 0 1 1 0 0 0 1 0 0 1 1 0 1
2014   2 28  6 56 48 257088  -38.14242  -61.41583     3991   8.2  0  0  4  6 0 0 1 0 1 0 0 1 0 0 0 1 0 0
2014   2 28  6 56 48 274388  -19.24379 -141.60353     5636   4.3  0  0  6 15 0 0 1 1 1 0 0 0 0 0 1 1 0 1
2014   2 28  6 56 48 420902  -25.11857 -134.40877    17382   0.4  0  0  4  6 0 0 1 1 0 0 0 1 0 0 1 0 0 0
2014   2 28  6 56 48 427669  -25.13332 -134.47263     7686   2.9  0  0  5  8 0 0 1 1 0 0 0 1 0 0 1 1 0 0
2014   2 28  6 56 48 533636  -23.07403  -45.91300     2574  11.3  0  0  6 15 0 0 1 1 1 0 0 1 0 0 1 0 0 1
2014   2 28  6 56 48 554436  -23.05764  -45.91173     2922  12.0  0  0  5  9 0 0 0 1 1 0 0 1 0 0 1 0 0 1
2014   2 28  6 56 48 639451  -23.01506  -45.86012     2875  13.8  0  0  5 10 0 0 0 1 1 0 0 1 0 0 1 0 0 1
2014   2 28  6 56 49   3918  -20.81738  -47.19303     2555  23.4  0  0  7 19 0 0 1 1 1 0 0 1 0 1 1 1 0 0
2014   2 28  6 56 49  83258  -20.78123  -47.21299     2893   7.2  0  0  5  8 0 0 1 1 1 0 0 1 0 0 0 0 0 1
2014   2 28  6 56 49 323855   30.10809 -129.89030    10148  34.1  0  0  7 19 0 0 1 1 1 0 0 1 0 0 1 1 0 1
2014   2 28  6 56 49 608181   -6.04504  155.75868     5474  20.6  0  0  6 15 0 0 0 1 0 0 0 1 0 1 1 1 0 1
2014   2 28  6 56 49 664081   -6.09384  155.96715     7885  14.4  0  0  4  6 0 0 1 1 0 0 0 1 0 0 0 1 0 0
2014   2 28  6 56 50 147680    4.25399  -73.41442     4619  13.6  0  0  5 10 0 0 0 1 1 0 0 1 0 0 0 1 0 1
2014   2 28  6 56 51 236953    1.83314  -84.25922     3916  24.7  0  0  6 15 0 0 1 1 1 0 0 1 0 0 1 1 0 0
2014   2 28  6 56 51 806751  -20.27640 -171.99373    11652  23.7  0  0  6 15 0 0 0 0 1 0 0 1 0 1 1 1 0 1
2014   2 28  6 56 51 854656  -20.29879 -171.63000    18465  33.0  0  0  6 14 0 0 1 1 1 0 0 0 0 0 1 1 0 1
2014   2 28  6 56 51 869203    4.03997  163.43871     7416   6.7  0  0  5 10 0 0 1 0 1 0 0 0 0 0 1 1 0 1
2014   2 28  6 56 52 737301    7.18734  -74.24539     6679  36.8  1  0  5  8 0 0 0 1 1 0 0 1 0 0 1 1 0 0
2014   2 28  6 56 52 962382  -12.73035  -71.75344     3305  43.0  0  0  7 21 0 0 1 1 1 0 0 1 0 0 1 1 0 1
2014   2 28  6 56 52 991332  -12.70867  -71.78296     4509  42.3  1  0  5 10 0 0 1 1 0 0 0 0 0 0 1 1 0 1
2014   2 28  6 56 53 204563  -29.29524  -42.26779     3698  12.4  0  0  5 10 0 0 0 1 1 0 0 1 0 0 1 0 0 1
2014   2 28  6 56 53 234887  -29.51352  -42.32500     7948  51.9  1  0  6 11 0 0 1 0 1 0 0 1 0 1 0 1 0 1
2014   2 28  6 56 53 244482  -21.16051  -46.95514     4079  70.4  2  0  6 15 0 0 1 1 1 0 0 1 0 0 1 0 0 1
2014   2 28  6 56 53 296535  -12.74186  -71.90392     6312  37.6  1  0  5  8 0 0 0 1 1 0 0 1 0 0 1 1 0 0
2014   2 28  6 56 53 329668  -29.48433  -42.29306     4414  11.6  0  0  4  6 0 0 1 1 0 0 0 1 0 0 0 0 0 1
2014   2 28  6 56 54 431450   -6.30008    7.10602    16773  29.9  0  0  5  9 0 0 1 0 1 0 0 1 0 0 1 0 0 1
2014   2 28  6 56 54 502744   -6.17956    7.82320    17861  49.1  1  0  6 15 0 0 1 1 1 0 0 1 0 0 1 0 0 1
2014   2 28  6 56 55  15426  -20.68147  -47.33790     4208  65.5  2  0  6 14 0 0 1 1 1 0 0 1 0 0 0 1 0 1
2014   2 28  6 56 55 165178  -14.35998  -43.99140     3345  45.4  1  0  6 13 0 0 1 1 1 0 0 1 0 0 1 1 0 0
2014   2 28  6 56 55 187530  -20.73925  -47.17253     3579  50.1  1  0  6 14 0 0 1 1 1 0 0 1 0 0 1 0 0 1
2014   2 28  6 56 55 645300  -21.14064  -46.62907     3564  52.1  1  0  6 15 0 0 1 1 1 0 0 1 0 0 1 0 0 1
2014   2 28  6 56 56  20934  -20.79271  -47.04073     2768  22.2  0  0  6 14 0 0 1 1 1 0 0 1 0 0 1 0 0 1
2014   2 28  6 56 56 165990  -10.96470  -57.61793     4263  71.9  2  0  7 16 0 0 1 1 1 0 0 1 0 0 1 1 0 1
2014   2 28  6 56 56 240782  -15.98861  -51.41764     4294  64.4  2  0  6 13 0 0 1 1 1 0 0 1 0 0 0 1 0 1
2014   2 28  6 56 56 769341    7.29351  -73.94131     7062  78.5  2  0  6 12 0 0 1 1 1 0 0 1 0 0 0 1 0 1
2014   2 28  6 56 57 384455    9.32682  -73.53945     6278  68.0  2  0  6 14 0 0 1 1 0 0 0 1 0 0 1 1 0 1
2014   2 28  6 56 57 927710  -21.92502  -45.93908     4837 104.7  2  0  6 15 0 0 0 1 1 0 0 1 0 0 1 1 0 1
2014   2 28  6 56 58 340024  -29.88775  -42.20481     4798  80.5  2  0  7 21 0 0 1 1 1 0 0 1 0 1 1 1 0 0
2014   2 28  6 56 58 405804    7.25817  -73.92126     7622  97.5  2  0  7 20 0 0 1 1 1 0 0 0 0 1 1 1 0 1
2014   2 28  6 56 58 567202    6.63042  -77.86271     5537  65.8  1  0  7 21 0 0 1 0 1 0 0 1 0 1 1 1 0 1
2014   2 28  6 56 59  35841    6.94874  -73.70187     5287  68.2  1  0  7 21 0 0 1 0 1 0 0 1 0 1 1 1 0 1
2014   2 28  6 56 59 151812  -20.36572  -52.24629     2967  47.7  0  0  7 20 0 0 1 1 0 0 0 0 0 1 1 1 1 1
2014   2 28  6 56 59 163003  -20.57803  -51.84840     4261  75.8  2  0  6 14 0 0 1 1 1 0 0 1 0 0 1 0 0 1
2014   2 28  6 56 59 182374  -20.43368  -52.11243     4002  96.7  2  0  7 20 0 0 1 1 1 0 0 1 0 1 1 1 0 0
2014   2 28  6 56 59 285594  -20.39124  -52.19546     3123  49.4  0  0  7 18 0 0 1 1 1 0 0 1 0 1 1 1 0 0
2014   2 28  6 56 59 663164  -19.00760 -141.61588    14266  70.4  2  0  7 21 0 0 1 0 1 0 0 1 0 1 1 1 0 1
2014   2 28  6 56 59 734214  -24.92845  -44.97505     4290  61.1  2  0  6 14 0 0 1 1 1 0 0 1 0 0 1 0 0 1
2014   2 28  6 56 59 766724  -18.55060 -147.39665    52935  85.2  2  0  5 10 0 0 0 1 1 0 0 1 0 0 0 1 0 1
2014   2 28  6 56 59 766800  -24.88707  -44.86799     4094  63.1  1  0  7 21 0 0 1 0 1 0 0 1 0 1 1 1 0 1
2014   2 28  6 57  0 328241  -18.58050 -143.77521    20883  86.7  2  0  6 15 0 0 1 1 1 0 0 1 0 0 1 1 0 0
2014   2 28  6 57  0 596764  -21.67854 -142.23405    24758 104.7  2  0  6 15 0 0 1 1 1 0 0 1 0 0 0 1 0 1
2014   2 28  6 57  0 632527  -21.65999 -142.29062    18672  97.0  2  0  7 21 0 0 1 1 1 0 0 1 0 0 1 1 0 1
2014   2 28  6 57  0 656019  -21.29867 -143.45085    17448  45.8  1  0  5 10 0 0 1 1 0 0 0 1 0 0 1 1 0 0
2014   2 28  6 57  0 695603  -21.84551 -141.13159    19145  70.8  2  0  6 15 0 0 1 0 1 0 0 1 0 0 1 1 0 1
2014   2 28  6 57  1 104357  -21.59182 -142.74884    22486  92.8  2  0  6 15 0 0 1 1 1 0 0 1 0 0 1 1 0 0
2014   2 28  6 57  1 149843  -21.76433 -142.31076    19460 101.7  2  0  7 21 0 0 1 1 1 0 0 1 0 0 1 1 0 1
2014   2 28  6 57  1 220378  -21.43344 -142.83464     9713   4.0  0  0  4  6 0 0 1 0 0 0 0 1 0 0 1 1 0 0
2014   2 28  6 57  2 191523  -16.33454  -51.93109     4590 121.4  2  0  7 21 0 0 1 1 1 0 0 1 0 0 1 1 0 1
2014   2 28  6 57  2 292447  -28.16511 -134.22470    17430  86.9  2  0  7 21 0 0 1 0 1 0 0 1 0 1 1 1 0 1
2014   2 28  6 57  2 593461  -29.46710  -42.45634     6881  90.2  2  0  6 15 0 0 1 1 1 0 0 1 0 0 1 0 0 1
2014   2 28  6 57  2 626203  -28.65965  -43.16132     4501  48.5  0  0  7 19 0 0 0 1 1 0 0 1 0 1 1 1 0 1
2014   2 28  6 57  2 659746  -29.35989  -42.59635     6688 112.1  2  0  7 19 0 0 1 1 1 0 0 1 0 0 1 1 0 1
2014   2 28  6 57  3 208573  -21.00194  -49.69416     3826  87.8  2  0  7 20 0 0 1 1 0 0 0 1 0 1 1 1 0 1
2014   2 28  6 57  3 271586  -20.95604  -49.72841     3916  79.4  2  0  7 18 0 0 1 1 0 0 0 1 0 1 1 1 0 1
2014   2 28  6 57  4  42206  -22.52520  -45.79541     2380   5.5  0  0  6 15 0 0 1 1 1 0 0 1 0 0 1 0 0 1
2014   2 28  6 57  4  63070    5.73811  -82.62653     3283  20.1  0  0  7 21 0 0 1 1 0 0 0 1 0 1 1 1 0 1
2014   2 28  6 57  4 179455  -22.48892  -45.74794     2834   4.1  0  0  4  6 0 0 1 0 0 0 0 1 0 0 1 0 0 1
2014   2 28  6 57  4 335781    5.74959  -82.68722     4385   9.3  0  0  6 11 0 0 1 1 1 0 0 1 0 0 1 1 0 0
2014   2 28  6 57  4 458283  -21.80234  -45.80272     4520 127.4  2  0  7 21 0 0 1 1 1 0 0 1 0 0 1 0 1 1
2014   2 28  6 57  4 478369  -22.52805  -45.80145     2488   8.6  0  0  6 13 0 0 1 1 1 0 0 1 0 0 1 0 0 1
2014   2 28  6 57  4 926627  -20.60112  -47.20979     2561  11.9  0  0  6 14 0 0 1 1 1 0 0 1 0 0 0 1 0 1
2014   2 28  6 57  4 992948  -29.45040  -42.22878     3317   5.1  0  0  6 11 0 0 1 0 1 0 0 1 0 1 0 1 0 1
2014   2 28  6 57  5  17341  -29.46783  -41.97925     2790   9.3  0  0  6 15 0 0 1 1 1 0 0 1 0 0 1 0 0 1
2014   2 28  6 57  5  52068  -29.39541  -42.03960     3617   8.6  0  0  5 10 0 0 0 1 1 0 0 1 0 0 1 0 0 1
2014   2 28  6 57  5 132331  -29.35851  -42.10618     3259  17.3  0  0  7 19 0 0 0 1 1 0 0 1 0 1 1 1 0 1
2014   2 28  6 57  5 222236  -29.46945  -42.06643     2744  17.2  0  0  7 21 0 0 1 1 1 0 0 1 0 1 1 0 0 1
2014   2 28  6 57  5 406131  -29.49110  -42.01530     2823  10.0  0  0  6 15 0 0 1 1 1 0 0 1 0 0 1 0 0 1
2014   2 28  6 57  6 220642  -29.58235  -41.99968     3041  15.7  0  0  6 15 0 0 1 1 1 0 0 1 0 0 1 0 0 1
2014   2 28  6 57  6 329749    4.20069  -72.95438     3784  34.6  0  0  7 20 0 0 1 1 1 0 0 0 0 1 1 1 0 1
2014   2 28  6 57  6 657807  -29.55960  -42.02296     3195  18.7  0  0  6 15 0 0 1 1 1 0 0 1 0 0 1 0 0 1
2014   2 28  6 57  6 885538    4.33671  -73.18084     4353  26.4  0  0  6 13 0 0 0 1 1 0 0 1 0 0 1 1 0 1
2014   2 28  6 57  6 940771    4.21105  -72.93970     7519  20.2  0  0  5  8 0 0 1 1 0 0 0 1 0 0 1 0 0 1
2014   2 28  6 57  7  31858    4.30683  -73.35487     6858  37.7  0  0  6 14 0 0 0 1 1 0 0 0 0 1 1 1 0 1
2014   2 28  6 57  7 196474    2.21462  -20.07830     3213  25.1  0  0  7 20 0 0 1 1 1 0 0 1 1 0 1 0 0 1
2014   2 28  6 57  7 292449    6.57327  -78.20310    10503  31.9  1  0  5  9 0 0 1 1 1 0 0 1 0 0 0 0 0 1
2014   2 28  6 57  8 552717  -21.09488  -46.98078     4459  35.4  1  0  5  7 0 0 1 1 1 0 0 1 0 0 0 0 0 1
2014   2 28  6 57  8 690118  -21.10467  -47.03013     3370  48.4  1  0  6 15 0 0 1 1 1 0 0 1 0 1 1 0 0 0
2014   2 28  6 57  8 934037  -20.53852 -143.71675    23171  52.2  2  0  5  9 0 0 1 1 1 0 0 0 0 0 1 1 0 0
2014   2 28  6 57  9 254138  -15.94009  -51.41790     3330  40.1  1  0  6 15 0 0 1 0 1 0 0 1 0 0 1 1 0 1
2014   2 28  6 57  9 860075  -16.07767  -51.41315     4502  42.3  1  0  5  8 0 0 1 1 1 0 0 1 0 0 0 0 0 1
2014   2 28  6 57 10 814702  -12.13431  -72.91697     3829  58.0  1  0  7 21 0 0 1 0 1 0 0 1 0 1 1 1 0 1
2014   2 28  6 57 10 860055  -20.70646  -47.26663     3491  52.4  1  0  6 15 0 0 1 1 1 0 0 1 0 0 1 0 0 1
2014   2 28  6 57 10 867874  -12.12203  -72.90564     3857  58.9  1  0  7 21 0 0 1 0 1 0 0 1 0 1 1 1 0 1
2014   2 28  6 57 10 914124  -12.13381  -72.91820     3860  59.3  1  0  7 21 0 0 1 0 1 0 0 1 0 1 1 1 0 1
2014   2 28  6 57 11 186201    2.77720  -84.50462     5475  62.0  1  0  7 21 0 0 1 0 1 0 0 1 0 1 1 1 0 1
2014   2 28  6 57 11 490324  -12.77084  -72.05486     3725  29.4  0  0  5 10 0 0 1 1 0 0 0 1 0 0 1 1 0 0
2014   2 28  6 57 11 936669  -22.08340  -45.81850     3616  60.3  2  0  6 15 0 0 1 1 1 0 0 1 0 0 1 0 0 1
2014   2 28  6 57 11 944376  -22.00126  -45.89330     3898  79.4  2  0  7 20 0 0 1 1 1 0 0 1 0 0 1 1 0 1
2014   2 28  6 57 12  30494  -20.62098  -47.30782     4191  65.1  2  0  6 11 0 0 1 1 1 0 0 1 0 1 0 1 0 0
2014   2 28  6 57 12 336874  -20.80023  -49.88364     4651  90.4  2  0  7 16 0 0 1 1 1 0 0 1 0 1 1 0 0 1
2014   2 28  6 57 12 388472  -20.79269  -49.81042     4133  76.2  2  0  7 16 0 0 1 1 1 0 0 1 0 0 1 1 0 1
2014   2 28  6 57 12 763624  -18.64124 -143.54713    13260  33.6  1  0  5 10 0 0 1 1 0 0 0 1 0 0 1 1 0 0
2014   2 28  6 57 12 797283  -18.90207 -142.64427    14728  75.2  2  0  7 21 0 0 1 1 1 0 0 1 0 0 1 1 0 1
2014   2 28  6 57 13 844878  -20.73450  -47.08328     4444  65.4  2  0  5  9 0 0 1 0 0 0 0 1 0 0 1 1 0 1
2014   2 28  6 57 14  57130  -20.80502  -47.20282     4500  86.2  2  0  6 14 0 0 1 0 1 0 0 1 0 1 1 0 0 1
2014   2 28  6 57 14 229624  -20.79840  -47.29464     5029  87.3  2  0  6 13 0 0 1 1 0 0 0 1 0 1 1 0 0 1
2014   2 28  6 57 14 424668  -20.90614  -47.15977     4190  78.2  2  0  6 15 0 0 1 1 1 0 0 1 0 0 1 0 0 1
2014   2 28  6 57 14 562999  -12.71909  156.60757    11761  83.1  2  0  7 21 0 0 1 1 1 0 0 1 0 0 1 1 0 1
2014   2 28  6 57 14 643734  -12.77811  157.07541    12148  29.3  0  0  5  9 0 0 1 1 0 0 0 1 0 0 1 1 0 0
2014   2 28  6 57 15 725560  -24.81951 -135.79398    26246 115.4  2  0  6 15 0 0 1 1 0 0 0 1 0 1 1 1 0 0
2014   2 28  6 57 15 956328  -21.21884  -46.84941     4449  88.2  2  0  6 15 0 0 1 1 1 0 0 1 0 0 1 0 0 1
2014   2 28  6 57 17 599660  -21.44516  -45.96738     4005  83.0  2  0  6 15 0 0 1 1 1 0 0 1 0 1 0 0 0 1
2014   2 28  6 57 17 755371  -21.32464  -46.14265     7124 108.6  2  0  6 12 0 0 1 1 1 0 0 1 0 0 1 1 0 0
2014   2 28  6 57 18 402958  -28.82522  -42.97916     6386  22.4  1  0  4  6 0 0 0 1 0 0 0 1 0 0 1 0 0 1
2014   2 28  6 57 18 542655  -29.39848  -42.53503     6948  91.4  2  0  6 15 0 0 1 1 1 0 0 1 0 0 1 0 0 1
2014   2 28  6 57 18 914090  -21.13377  -47.09336     4479 138.6  2  0  7 21 0 0 0 1 1 0 0 1 0 1 1 1 0 1
2014   2 28  6 57 18 933707  -21.26362  -46.82920     4987 107.6  2  0  6 15 0 0 1 1 1 0 0 1 0 0 1 0 0 1
2014   2 28  6 57 19 257493  -21.22107  -47.07159     4526 106.9  2  0  6 15 0 0 1 1 1 0 0 1 0 1 0 0 0 1
2014   2 28  6 57 19 935651  -20.88053  -47.33772     4301 127.5  2  0  7 21 0 0 1 1 1 0 0 1 0 1 1 0 0 1
2014   2 28  6 57 20 805784    7.11960  -74.06480     4163  18.6  0  0  5  8 0 0 1 1 1 0 0 1 0 0 0 1 0 0
2014   2 28  6 57 21 504362    6.53577  -73.52218     4947  13.0  0  0  6 15 0 0 1 1 1 0 0 1 0 0 1 0 0 1
2014   2 28  6 57 21 579357    6.92447  -73.84042     3319  19.1  0  0  6 15 0 0 1 1 1 0 0 1 0 0 1 1 0 0
2014   2 28  6 57 21 701457  -20.61786  -47.11193     2704  12.4  0  0  5 10 0 0 0 1 1 0 0 1 0 0 1 0 0 1
2014   2 28  6 57 21 743494  -20.59873  -47.15003     2573  20.9  0  0  7 19 0 0 1 1 1 0 0 1 0 1 1 0 0 1
2014   2 28  6 57 22  74698    7.14587  -74.02362     4380  25.8  0  0  5  8 0 0 1 1 0 0 0 1 0 0 0 1 0 1
2014   2 28  6 57 22 144505    6.96800  -74.70470     4567  24.8  0  0  6 14 0 0 0 1 1 0 0 1 0 0 1 1 0 1
2014   2 28  6 57 22 185926  -19.28296 -141.81122    17329   0.5  0  0  4  6 0 0 1 1 0 0 0 1 0 0 1 0 0 0
2014   2 28  6 57 22 275000   -7.20037 -175.72539     6624  21.4  0  0  7 21 0 0 1 1 1 0 0 0 0 1 1 1 0 1
2014   2 28  6 57 22 412817   -7.53437 -175.48947     6552  16.5  0  0  6 15 0 0 1 1 1 0 0 1 0 0 1 1 0 0
2014   2 28  6 57 22 748755  -21.10281  -48.98362     3730  49.3  1  0  6 12 0 0 1 0 1 0 0 1 0 1 1 0 0 1
2014   2 28  6 57 22 793490  -21.14496  -48.95026     3055  35.0  0  0  6 13 0 0 0 1 1 0 0 1 0 1 0 1 0 1
2014   2 28  6 57 22 825763   -9.95000  160.29521     5933  27.2  0  0  7 20 0 0 1 1 1 0 0 1 0 0 1 1 0 1
2014   2 28  6 57 23  15422  -35.61328   41.33643    17018  24.4  0  0  5 10 0 0 1 1 1 0 0 1 0 0 1 0 0 0
2014   2 28  6 57 23  31898   -9.47454  159.95032     7236   3.8  0  0  4  6 0 0 0 1 0 0 0 1 0 0 1 1 0 0
2014   2 28  6 57 23 153810    6.04313  -77.52596    19686  28.7  0  0  5 10 0 0 0 1 1 0 0 1 0 1 1 0 0 0
2014   2 28  6 57 23 176923    6.23478  -77.71342     8342  22.3  0  0  5 10 0 0 1 1 1 0 0 1 0 0 1 0 0 0
2014   2 28  6 57 23 279803  -22.55857  -45.70105     2829   6.1  0  0  4  6 0 0 1 0 0 0 0 1 0 0 1 0 0 1
2014   2 28  6 57 23 289264  -22.53743  -45.70984     3674  69.9  2  0  6 15 0 0 1 1 1 0 0 1 0 0 1 0 0 1
2014   2 28  6 57 24 386027  -22.25121  -46.00330     2969  36.7  0  0  6 15 0 0 1 1 1 0 0 1 0 1 0 0 0 1
2014   2 28  6 57 27 106624    6.60012  -77.93289     5270  58.3  1  0  7 21 0 0 1 0 1 0 0 1 0 1 1 1 0 1
2014   2 28  6 57 27 333898    6.15839  -77.69732    16004  56.1  2  0  5 10 0 0 1 1 1 0 0 1 0 0 1 0 0 0
2014   2 28  6 57 28 850976  -21.14856  -46.91515     3445  75.1  2  0  7 20 0 0 1 1 1 0 0 1 0 1 1 0 0 1
2014   2 28  6 57 29 414128  -29.26792  -42.65758     3595  52.1  1  0  7 21 0 0 1 1 1 0 0 1 0 1 0 1 0 1
2014   2 28  6 57 29 464477  -29.27389  -42.66957     3635  48.4  0  0  7 20 0 0 1 1 1 0 0 1 0 1 0 1 0 1
2014   2 28  6 57 29 634754  -29.28807  -42.32794     5363  64.8  2  0  6 15 0 0 1 1 1 0 0 1 0 0 1 0 0 1
2014   2 28  6 57 29 643940  -29.32641  -42.30447     6409  60.8  2  0  5 10 0 0 1 1 1 0 0 1 0 0 1 0 0 0
2014   2 28  6 57 29 673219  -27.72905  -43.67683     4463  78.1  2  0  7 20 0 0 1 1 0 0 0 1 0 1 1 1 0 1
2014   2 28  6 57 29 716383  -27.76964  -43.63213     3883  60.1  1  0  7 21 0 0 1 1 1 0 0 1 0 1 1 0 0 1
2014   2 28  6 57 29 786309  -27.42960  -43.87064     4081  25.2  0  0  5  7 0 0 0 1 1 0 0 0 0 1 1 1 0 0
2014   2 28  6 57 29 965784  -27.80567  -43.47624     5920  62.1  2  0  6 15 0 0 1 0 1 0 0 1 0 1 1 0 0 1
2014   2 28  6 57 30  20899   -4.56924  171.17212    13520  79.4  2  0  7 21 0 0 1 1 1 0 0 1 0 0 1 1 0 1
2014   2 28  6 57 30 523020  -14.01524  -42.15726    14699  20.1  0  0  5  7 0 0 1 0 1 0 0 1 0 0 1 1 0 0
2014   2 28  6 57 31 329973  -15.35631  -67.00241    20958  28.7  1  0  4  6 0 0 0 1 0 0 0 0 0 1 1 0 0 1
2014   2 28  6 57 31 428819  -39.33817  -35.17327     5322   4.6  0  0  4  6 0 0 1 1 1 0 0 1 0 0 0 0 0 0
2014   2 28  6 57 31 465326  -12.17046  -73.10641     4893  91.8  2  0  7 21 0 0 1 0 1 0 0 1 0 1 1 1 0 1
2014   2 28  6 57 31 497697    4.48522  -73.06164     5828  96.3  2  0  7 20 0 0 1 1 1 0 0 1 0 0 1 1 0 1
2014   2 28  6 57 31 729662  -29.93038  -42.07195     8223  78.5  2  0  5 10 0 0 1 1 0 0 0 1 0 0 1 0 0 1
2014   2 28  6 57 31 884900  -12.13998  -73.41898     5260 105.2  2  0  7 21 0 0 1 1 1 0 0 1 0 0 1 1 0 1
2014   2 28  6 57 31 940910  -29.42977  -42.69028     4271  16.1  0  0  4  6 0 0 1 1 1 0 0 1 0 0 0 0 0 0
2014   2 28  6 57 31 953782  -29.34211  -42.71753     4153  43.4  1  0  6 12 0 0 1 1 1 0 0 0 0 1 0 1 0 1
2014   2 28  6 57 31 982926  -29.38672  -42.75969     4131  30.8  1  0  5 10 0 0 1 1 1 0 0 1 0 0 0 0 0 1
2014   2 28  6 57 31 989886  -29.43145  -42.38694     6128  78.1  2  0  6 15 0 0 1 1 1 0 0 1 0 0 1 0 0 1
2014   2 28  6 57 32 144798    5.34375  -72.86597    10229  92.0  2  0  6 15 0 0 0 0 1 0 0 1 0 1 1 1 0 1
2014   2 28  6 57 32 175804  -29.43080  -42.38870     6194  79.2  2  0  6 15 0 0 1 1 1 0 0 1 0 0 1 0 0 1
2014   2 28  6 57 32 207254  -29.37455  -42.75470     4161  31.0  1  0  5 10 0 0 1 1 1 0 0 1 0 0 0 0 0 1
2014   2 28  6 57 34   6329  -30.03563  -42.25278     5438  93.4  2  0  7 21 0 0 1 1 1 0 0 1 0 1 1 0 0 1
2014   2 28  6 57 34 435003  -29.97471  -42.62828     3947  59.7  1  0  7 18 0 0 1 1 1 0 0 1 0 1 0 1 0 1
2014   2 28  6 57 34 623928  -19.77623 -146.05730    24723 102.1  2  0  6 15 0 0 1 1 0 0 0 1 0 0 1 1 0 1
2014   2 28  6 57 36 694031  -21.09544  -46.86248     2365   3.2  0  0  6 15 0 0 1 1 1 0 0 1 0 0 1 0 0 1
2014   2 28  6 57 36 850859    7.13856  -73.70802     2996  16.9  0  0  7 21 0 0 1 1 1 0 0 1 0 1 1 1 0 0
2014   2 28  6 57 36 869282  -21.08523  -46.83496     3079   2.3  0  0  4  6 0 0 1 1 0 0 0 1 0 0 1 0 0 0
2014   2 28  6 57 37  36201  -21.09446  -46.85541     2556   1.4  0  0  5 10 0 0 1 0 1 0 0 1 0 0 1 0 0 1
2014   2 28  6 57 37  51728   -7.78480    6.82407     7849  13.4  0  0  6 15 0 0 1 1 1 0 0 1 0 0 1 0 0 1
2014   2 28  6 57 37  54525  -21.07449  -46.83556     2360   2.4  0  0  6 15 0 0 1 1 1 0 0 1 0 0 1 0 0 1
2014   2 28  6 57 37 345607  -22.02047  -45.77753     2363   3.5  0  0  6 15 0 0 1 1 1 0 0 1 0 0 1 0 0 1
2014   2 28  6 57 37 894804  -22.24128  -45.92696     2540   7.5  0  0  5 10 0 0 0 1 1 0 0 1 0 0 1 0 0 1
2014   2 28  6 57 38 117276    6.96061  -73.96358     4102  11.0  0  0  5  9 0 0 0 1 1 0 0 1 0 0 1 1 0 0
2014   2 28  6 57 38 427454  -21.02521  -47.08315     2743  24.0  0  0  6 15 0 0 1 1 1 0 0 0 0 1 1 0 0 1
2014   2 28  6 57 38 469614  -21.02217  -47.09241     2939  20.8  0  0  5  9 0 0 1 1 1 0 0 0 0 1 0 0 0 1
2014   2 28  6 57 39  26278    2.89505  -84.87657     5311  27.4  0  0  5  8 0 0 1 1 1 0 0 1 0 0 0 1 0 0
2014   2 28  6 57 39 267466    2.88996  -84.87376    10527  30.4  1  0  5  7 0 0 1 1 1 0 0 1 0 0 0 1 0 0
2014   2 28  6 57 39 834461  -19.00998 -142.67461    11836  31.1  1  0  5 10 0 0 1 1 0 0 0 1 0 0 0 1 0 1
2014   2 28  6 57 39 931406  -19.16544 -142.33426    23280  13.2  0  0  4  6 0 0 1 1 0 0 0 1 0 0 1 0 0 0
2014   2 28  6 57 40 151679  -20.97201  -49.04272     3366  42.5  1  0  6 13 0 0 1 1 0 0 0 0 0 1 1 1 0 1
2014   2 28  6 57 40 874003  -21.06171  -47.00132     3297  54.9  1  0  7 18 0 0 1 1 0 0 0 1 0 1 1 1 0 1
2014   2 28  6 57 40 897826  -21.13760  -47.01169     4065  65.2  2  0  6 13 0 0 1 1 1 0 0 1 0 0 0 1 0 1
2014   2 28  6 57 40 928899  -21.09125  -46.99432     3351  56.4  1  0  7 16 0 0 0 1 1 0 0 1 0 1 1 1 0 1
2014   2 28  6 57 40 981872  -22.43884  -99.58453    10436  14.5  0  0  4  6 0 0 1 1 0 0 0 1 0 0 1 0 0 0
2014   2 28  6 57 41  31752  -21.08248  -47.00277     3334  57.3  1  0  7 18 0 0 1 1 0 0 0 1 0 1 1 1 0 1
2014   2 28  6 57 41  76629  -21.05326  -46.97328     4049  56.8  1  0  6 14 0 0 1 1 1 0 0 0 0 0 1 1 0 1
2014   2 28  6 57 41 413846  -13.62117  -72.93047     8669  16.9  0  0  4  6 0 0 0 1 0 0 0 0 0 1 0 1 0 1
2014   2 28  6 57 41 460814  -13.00537  -71.67583     3892  49.0  1  0  6 15 0 0 1 1 1 0 0 1 0 0 0 1 0 1
2014   2 28  6 57 41 473297  -33.31449   18.09435    30478  28.8  1  0  4  6 0 0 1 1 0 0 0 0 0 0 1 0 0 1
2014   2 28  6 57 41 526979  -21.15991  -46.87479     2910  28.3  0  0  6 15 0 0 1 1 1 0 0 1 0 0 1 0 0 1
2014   2 28  6 57 42 333408    3.21700  -15.14438     8225  42.0  0  0  7 21 0 0 1 1 1 0 0 1 0 0 1 1 0 1
2014   2 28  6 57 42 484820   -4.68548  -72.08582     3841  36.7  0  0  6 15 0 0 1 0 1 0 0 1 0 0 1 1 0 1
2014   2 28  6 57 42 496370   -4.70379  -72.18000     4134  65.5  1  0  7 21 0 0 1 1 1 0 0 1 0 1 1 1 0 0
2014   2 28  6 57 42 581320   -4.64239  -72.23498     4159  51.8  1  0  6 15 0 0 1 1 1 0 0 1 0 0 0 1 0 1
2014   2 28  6 57 43  73067  -20.50532  -52.03374     3486  68.4  1  0  7 16 0 0 0 1 1 0 0 1 0 1 1 1 0 1
2014   2 28  6 57 43 113971  -18.86801 -142.83597    14255  55.5  1  0  6 15 0 0 1 1 1 0 0 1 0 0 0 1 0 1
2014   2 28  6 57 43 175288  -18.84944 -142.83156    11074  50.8  1  0  7 21 0 0 1 1 1 0 0 1 0 0 1 1 0 1
2014   2 28  6 57 43 224057  -18.86457 -142.86526    11128  51.4  1  0  7 21 0 0 1 1 1 0 0 1 0 0 1 1 0 1
2014   2 28  6 57 43 246225  -16.04732  -51.35768     3361  48.2  1  0  6 15 0 0 1 1 1 0 0 1 0 1 0 0 0 1
2014   2 28  6 57 43 269526  -18.71165 -144.52229    22173  40.7  1  0  5 10 0 0 0 1 1 0 0 1 0 0 1 1 0 0
2014   2 28  6 57 43 308247  -18.75281 -144.69601    20020  47.1  1  0  6 15 0 0 0 1 1 0 0 1 0 0 1 1 0 1
2014   2 28  6 57 43 346927  -18.85145 -142.87039    14566  57.1  1  0  6 15 0 0 1 1 1 0 0 1 0 0 0 1 0 1
2014   2 28  6 57 43 363096  -18.98771 -141.52686    19230  26.0  1  0  4  6 0 0 1 0 0 0 0 0 0 0 1 1 0 1
2014   2 28  6 57 43 441988   24.56904  -85.01250    25699  50.2  2  0  5  7 0 0 1 0 1 0 0 1 0 0 1 1 0 0
2014   2 28  6 57 43 501225  -19.54101 -140.94974    52773  76.1  2  0  5 10 0 0 1 1 0 0 0 1 0 1 1 0 0 0
2014   2 28  6 57 43 562745  -18.83342 -142.91350    11571  53.9  1  0  7 21 0 0 1 1 1 0 0 1 0 0 1 1 0 1
2014   2 28  6 57 43 762520  -21.19409  -46.81835     3285  42.3  1  0  6 15 0 0 1 1 1 0 0 1 0 0 1 0 0 1
2014   2 28  6 57 43 829693  -22.03611  -45.80468     3285  43.0  1  0  6 15 0 0 1 1 1 0 0 1 0 0 1 0 0 1
2014   2 28  6 57 43 856248  -18.93212 -141.88139    14766  69.4  1  0  7 21 0 0 1 1 1 0 0 0 0 1 1 1 0 1
2014   2 28  6 57 43 926121  -15.84257  -51.47871     3592  49.1  1  0  6 15 0 0 1 0 1 0 0 0 0 1 1 1 0 1
2014   2 28  6 57 44 972121  -24.41437  -45.76476     3554  65.1  1  0  7 21 0 0 1 1 0 0 0 1 0 1 0 1 1 1
2014   2 28  6 57 45  73640  -29.90186  -42.22178     4733  76.4  2  0  7 21 0 0 1 1 0 0 0 1 0 1 1 1 0 1
2014   2 28  6 57 45 146066  -30.01223  -42.03799     6037  57.2  2  0  5 10 0 0 1 1 1 0 0 0 0 0 1 0 0 1
2014   2 28  6 57 45 192325  -30.06932  -41.99409     5396  44.3  1  0  5 10 0 0 1 1 1 0 0 1 0 0 1 0 0 0
2014   2 28  6 57 45 235416  -29.91668  -42.12796     5920  76.8  2  0  6 13 0 0 1 1 0 0 0 0 0 1 1 1 0 1
2014   2 28  6 57 45 300354  -29.97273  -42.16042     4092  56.3  1  0  7 21 0 0 1 1 1 0 0 1 0 1 1 0 0 1
2014   2 28  6 57 45 442069  -30.00514  -42.14498     6304  64.2  2  0  5 10 0 0 1 1 0 0 0 1 0 1 1 0 0 0
2014   2 28  6 57 45 784608    5.25380  -86.28185    16671  50.6  2  0  5 10 0 0 0 1 1 0 0 1 0 0 0 1 0 1
2014   2 28  6 57 46 246303   36.81353 -162.31744    18093  73.2  2  0  7 21 0 0 1 1 1 0 0 1 0 1 1 0 0 1
2014   2 28  6 57 49  65620  -14.38241  -44.11258     3469  80.4  2  0  7 21 0 0 1 1 1 0 0 1 0 0 1 1 0 1
2014   2 28  6 57 49  73605  -14.43846  -44.10044     3353  75.7  2  0  7 21 0 0 1 1 1 0 0 1 0 1 1 0 0 1
2014   2 28  6 57 49 379861  -14.45580  -43.58787     4122  38.4  1  0  5  8 0 0 1 1 1 0 0 1 0 0 0 0 0 1
2014   2 28  6 57 50 294989  -21.16351  -46.63400     3255  28.3  0  0  5 10 0 0 1 0 1 0 0 1 0 0 1 0 0 1
2014   2 28  6 57 50 364324  -21.09929  -46.89509     4659 108.1  2  0  7 16 0 0 1 0 1 0 0 1 0 1 1 1 0 1
2014   2 28  6 57 50 394566  -21.17220  -46.88383     4219  96.5  2  0  7 18 0 0 1 1 1 0 0 1 0 0 1 1 0 1
2014   2 28  6 57 50 779912  -22.29548  -46.39859     4068  43.9  1  0  5  8 0 0 1 0 1 0 0 0 0 0 1 1 0 1
2014   2 28  6 57 50 953549  -21.41497 -143.07767    35800 115.4  2  0  6 14 0 0 1 1 1 0 0 0 0 0 1 1 0 1
2014   2 28  6 57 52 187765  -22.24499  -45.92322     2539  14.7  0  0  6 14 0 0 1 1 1 0 0 1 0 0 1 0 0 1
2014   2 28  6 57 52 590597  -29.66141  -41.82212     3020   6.0  0  0  5 10 0 0 1 1 0 0 0 1 0 0 1 0 0 1
2014   2 28  6 57 52 601355  -29.62370  -41.89072     3037  16.5  0  0  6 15 0 0 1 1 1 0 0 1 0 0 1 0 0 1
2014   2 28  6 57 52 612340  -29.60773  -41.94742     4380  17.4  0  0  4  6 0 0 1 1 1 0 0 1 0 0 0 0 0 0
2014   2 28  6 57 52 851423  -29.59743  -41.94562     3640  16.7  0  0  5 10 0 0 1 1 1 0 0 1 0 0 0 0 0 1
2014   2 28  6 57 53 313678  -29.47365  -42.05782     3304  21.8  0  0  7 21 0 0 0 1 1 0 0 1 0 1 1 1 0 1
2014   2 28  6 57 53 433794    3.67218  -86.16843     4764  21.2  0  0  5 10 0 0 1 1 1 0 0 0 0 0 1 1 0 0
2014   2 28  6 57 53 438289  -29.46722  -42.05904     3326  22.3  0  0  7 21 0 0 0 1 1 0 0 1 0 1 1 1 0 1
2014   2 28  6 57 53 547889   -9.63422  160.08838     8490  16.2  0  0  5  7 0 0 1 1 0 0 0 1 0 0 1 1 0 0
2014   2 28  6 57 53 620618    3.68464  -86.25829     3528  23.9  0  0  7 21 0 0 1 1 0 0 0 1 0 1 1 1 0 1
2014   2 28  6 57 53 658376  -21.09311  -46.61189     2724  17.1  0  0  6 13 0 0 1 1 1 0 0 1 0 0 1 0 0 1
2014   2 28  6 57 53 751158    4.30954  -73.22459     3316  23.5  0  0  6 15 0 0 1 1 0 0 0 1 0 1 1 1 0 0
2014   2 28  6 57 53 853096  -29.60802  -41.93946     3238  20.7  0  0  6 15 0 0 1 1 1 0 0 1 0 0 1 0 0 1
2014   2 28  6 57 54 421509  -10.04459  160.48753     8826  28.3  0  0  5 10 0 0 1 0 1 0 0 1 0 0 1 1 0 0
2014   2 28  6 57 54 681411  -21.16681  -46.80095     3146  17.8  0  0  5 10 0 0 1 1 1 0 0 0 0 0 1 0 0 1
2014   2 28  6 57 54 895981  -13.22745  157.37753    10777  29.7  0  0  6 13 0 0 1 1 1 0 0 0 0 1 0 1 0 1
2014   2 28  6 57 55 801563  -20.74008  -49.83770     3170  59.3  1  0  7 18 0 0 1 1 1 0 0 1 0 1 1 0 0 1
2014   2 28  6 57 56 172064    6.63892  -78.04581     3903  37.1  0  0  7 21 0 0 1 1 1 0 0 1 0 0 1 1 0 1
2014   2 28  6 57 56 222607    6.65371  -78.07282     4615  39.5  0  0  6 15 0 0 1 1 1 0 0 1 0 0 1 1 0 0
2014   2 28  6 57 56 304582    7.00584  -74.79014     5874  38.5  0  0  6 14 0 0 0 1 1 0 0 1 0 0 1 1 0 1
2014   2 28  6 57 56 461715    6.63078  -78.09813     5949  44.4  1  0  6 12 0 0 1 1 1 0 0 1 0 0 0 1 1 0
2014   2 28  6 57 56 632070  -21.94342  -45.78395     3148  24.6  0  0  5  9 0 0 1 1 0 0 0 1 0 0 1 0 0 1
2014   2 28  6 57 57 778978  -29.58496  -42.08484     4216  39.7  0  0  6 15 0 0 1 1 1 0 0 1 0 0 1 0 0 1
2014   2 28  6 57 58 201613  -20.83384  -47.29448     3368  57.2  1  0  6 15 0 0 0 1 1 0 0 1 0 1 1 0 0 1
2014   2 28  6 57 58 779534    5.42882  149.68307     5273   2.2  0  0  5  9 0 0 1 1 0 0 0 1 0 0 1 1 0 0
2014   2 28  6 57 59 560451    7.12859  -74.21577     7561  63.9  2  0  6 15 0 0 0 1 1 0 0 1 0 0 1 1 0 1
2014   2 28  6 58  2 668445  -21.13009  -46.98314     3631  88.8  2  0  7 21 0 0 1 1 1 0 0 1 0 1 1 0 0 1
2014   2 28  6 58  2 930544  -21.06898  -47.13417     4096  75.0  2  0  6 15 0 0 1 1 1 0 0 1 0 0 1 0 0 1
2014   2 28  6 58  3 412626  -22.12079  -45.78470     4116  79.2  2  0  6 15 0 0 1 1 1 0 0 1 0 0 1 0 0 1
2014   2 28  6 58  3 525188    5.49175  -85.08842     7351  87.5  2  0  7 21 0 0 1 0 1 0 0 1 0 1 1 1 0 1
2014   2 28  6 58  3 544756    5.79801  -85.72971     9751  96.5  2  0  6 15 0 0 1 1 1 0 0 1 0 0 1 1 0 0
2014   2 28  6 58  3 563891    5.50558  -85.07375     7302  87.2  2  0  7 21 0 0 1 0 1 0 0 1 0 1 1 1 0 1
2014   2 28  6 58  3 587102    5.79598  -85.73436     9769  96.6  2  0  6 15 0 0 1 1 1 0 0 1 0 0 1 1 0 0
2014   2 28  6 58  4 453987    6.08102  143.87132     9587 106.3  2  0  7 21 0 0 1 1 1 0 0 1 0 1 0 1 0 1
2014   2 28  6 58  4 836337  -12.17847  -73.23880     6015 126.7  2  0  7 21 0 0 1 1 1 0 0 0 0 1 1 1 0 1
2014   2 28  6 58  5  60402  -13.06931  -71.10876    21359 127.6  2  0  6 15 0 0 0 1 1 0 0 1 0 1 1 0 0 1
2014   2 28  6 58  5 108722  -12.62691  -71.61451     4989  92.1  2  0  7 20 0 0 1 0 1 0 0 1 0 1 1 1 0 1
2014   2 28  6 58  5 988928  -28.68592  -43.05807     3723  16.5  0  0  5 10 0 0 0 1 1 0 0 0 0 1 1 0 0 1
2014   2 28  6 58  6   9593  -29.33733  -42.57135     6119  92.9  2  0  6 15 0 0 1 1 1 0 0 0 0 1 1 0 0 1
2014   2 28  6 58  6  72632   -4.74386  -63.33661     5052  74.6  2  0  6 15 0 0 1 0 1 0 0 0 0 1 1 1 0 1
2014   2 28  6 58  6 436326  -21.45901  -46.75130     4278  31.5  1  0  5  8 0 0 1 1 1 0 0 0 0 0 1 0 0 1
2014   2 28  6 58  6 592038  -13.44118  -70.98013     9319  87.8  2  0  6 11 0 0 1 1 1 0 0 1 0 0 1 0 0 1
2014   2 28  6 58  6 703368  -13.16328  -71.45441     6312 148.8  2  0  7 21 0 0 1 1 1 0 0 1 0 1 0 1 0 1
2014   2 28  6 58  7 905185   -2.22494  151.63164    21062 105.3  2  0  6 15 0 0 1 0 1 0 0 0 0 1 1 1 0 1
2014   2 28  6 58  7 996645   -1.78490  150.98111     7061  18.6  0  0  4  6 0 0 0 1 0 0 0 1 0 0 1 1 0 0
2014   2 28  6 58  8 215115  -20.72534 -143.15657     5532  11.9  0  0  7 21 0 0 1 1 1 0 0 1 0 0 1 1 0 1
2014   2 28  6 58  8 397919  -20.69492 -143.20091     8344  13.5  0  0  5 10 0 0 1 1 0 0 0 1 0 0 0 1 0 1
2014   2 28  6 58  8 451340  -21.91146  -45.80164     2383   5.5  0  0  6 15 0 0 1 1 1 0 0 1 0 0 1 0 0 1
2014   2 28  6 58  8 488633  -21.89961  -45.79655     2379   5.5  0  0  6 15 0 0 1 1 1 0 0 1 0 0 1 0 0 1
2014   2 28  6 58  8 711163  -29.43886  -42.04427     4553  20.8  0  0  5  9 0 0 1 0 1 0 0 1 0 0 1 1 0 0
2014   2 28  6 58  8 742355  -29.45889  -42.01778     2683  10.3  0  0  6 15 0 0 1 1 1 0 0 1 0 1 1 0 0 0
2014   2 28  6 58  8 857493  -29.43974  -42.00808     2629  14.8  0  0  7 21 0 0 1 1 1 0 0 0 0 1 1 1 0 1
2014   2 28  6 58  8 917315  -29.43657  -42.02837     3206  19.2  0  0  7 19 0 0 1 0 1 0 0 1 0 1 1 1 0 1
2014   2 28  6 58  8 984133  -21.10430  -46.84315     2508   2.9  0  0  5 10 0 0 1 1 0 0 0 1 0 0 1 0 0 1
2014   2 28  6 58  9 123924  -29.43195  -42.06565     3057  19.3  0  0  6 14 0 0 1 1 0 0 0 1 0 1 0 1 0 1
2014   2 28  6 58  9 204185  -29.42710  -42.05526     2833  18.8  0  0  7 19 0 0 1 1 1 0 0 1 0 0 1 1 0 1
2014   2 28  6 58  9 515761  -19.10937 -142.03697    11026  10.3  0  0  4  6 0 0 1 0 0 0 0 1 0 0 1 1 0 0
2014   2 28  6 58  9 659220  -22.50614  -45.61731     2884  14.4  0  0  5 10 0 0 1 1 1 0 0 0 0 0 1 0 0 1
2014   2 28  6 58 12 416471  -24.96161 -136.59186     9412  33.2  0  0  6 15 0 0 1 1 1 0 0 1 0 0 1 1 0 0
2014   2 28  6 58 13 521856  -12.00854  -73.02797     3524  46.1  0  0  7 21 0 0 1 0 1 0 0 1 0 1 1 1 0 1
2014   2 28  6 58 13 542815  -11.98590  -73.20353     4261  54.2  1  0  6 15 0 0 1 1 1 0 0 1 0 0 1 1 0 0
2014   2 28  6 58 14  20533  -23.04701  -46.10098     3319  24.6  0  0  6 11 0 0 1 1 0 0 0 1 0 1 1 1 0 0
2014   2 28  6 58 14 202298  -11.96919  -73.07384     4040  62.8  1  0  7 21 0 0 1 1 1 0 0 0 0 1 1 1 0 1
2014   2 28  6 58 14 398837   -6.07690  -74.64647     5208  64.0  2  0  6 15 0 0 1 1 0 0 0 0 0 1 1 1 0 1
2014   2 28  6 58 14 416817   -6.20610  -74.54816     3822  53.3  1  0  7 21 0 0 1 1 1 0 0 1 0 0 1 1 0 1
2014   2 28  6 58 14 974911    2.11864  -18.74634     4171  50.4  1  0  7 19 0 0 1 1 1 0 0 1 1 0 1 0 0 1
2014   2 28  6 58 16 390263  -22.64908  -45.91898     3915  72.9  2  0  6 13 0 0 0 1 1 0 0 1 0 1 0 1 0 1
2014   2 28  6 58 16 420823  -22.51635  -45.94849     6815  88.1  2  0  6 11 0 0 1 1 1 0 0 1 0 1 1 0 0 0
2014   2 28  6 58 16 444241  -22.41097  -46.07570     3138  23.1  0  0  5 10 0 0 1 1 0 0 0 1 0 1 1 0 0 0
2014   2 28  6 58 16 532877    6.51620  -76.71163     5404  62.6  1  0  7 21 0 0 1 0 1 0 0 1 0 1 1 1 0 1
2014   2 28  6 58 16 627019  -24.83001  -45.00785     3086  44.2  0  0  7 21 0 0 1 1 1 0 0 1 0 1 1 0 0 1
2014   2 28  6 58 16 820574    6.80312  -77.02518     6185  63.5  2  0  6 14 0 0 1 1 0 0 0 1 0 0 1 1 0 1
2014   2 28  6 58 17 551797  -27.75225  -43.69557     4574  64.0  1  0  7 18 0 0 1 1 1 0 0 1 0 0 1 1 0 1
2014   2 28  6 58 17 663400   -9.20129  -75.59240     6371  51.0  1  0  6 14 0 0 1 0 1 0 0 1 0 1 1 0 0 1
2014   2 28  6 58 17 764402  -18.64622 -141.32353    23078  95.3  2  0  6 15 0 0 1 1 1 0 0 0 0 1 0 1 0 1
2014   2 28  6 58 17 890969   -8.86175  -76.48741     7993  76.5  2  0  6 11 0 0 1 1 0 0 0 1 0 0 1 1 0 1
2014   2 28  6 58 17 951293   -8.89272  -76.46725     7030 112.2  2  0  6 15 0 0 1 1 1 0 0 1 0 1 0 1 0 0
2014   2 28  6 58 19 140509  -13.32446  -71.19121     8486 106.8  2  0  6 15 0 0 1 1 1 0 0 1 0 1 1 0 0 0
2014   2 28  6 58 19 406420    8.27028  -63.03624     5078  33.9  1  0  5 10 0 0 1 0 1 0 0 0 0 0 1 1 0 1
2014   2 28  6 58 19 592213  -30.11224  -42.11125     5467  75.5  2  0  6 15 0 0 1 1 1 0 0 1 0 1 1 0 0 0
2014   2 28  6 58 19 640991  -29.49154  -42.57607     4840  26.9  0  0  5 10 0 0 0 1 1 0 0 1 0 0 1 0 0 1
2014   2 28  6 58 19 677080  -30.12724  -42.30863     3307   4.6  0  0  4  6 0 0 1 1 0 0 0 1 0 1 0 0 0 0
2014   2 28  6 58 19 713921  -30.20461  -41.59986     9046  66.7  2  0  5 10 0 0 1 0 1 0 0 1 0 0 1 0 0 1
2014   2 28  6 58 20  36618  -20.80103  -47.16869     3712  82.5  2  0  7 20 0 0 1 0 1 0 0 1 0 1 1 1 0 1
2014   2 28  6 58 20 157457   -3.44393  -69.49451     7228   2.9  0  0  4  6 0 0 1 1 0 0 0 0 0 1 0 0 0 1
2014   2 28  6 58 20 187664  -20.62400  -46.69208     4483  90.1  2  0  6 15 0 0 1 1 1 0 0 1 0 1 1 0 0 0
2014   2 28  6 58 20 229926  -24.34588  -45.90130     4016  84.5  2  0  7 21 0 0 1 1 0 0 0 1 0 1 1 1 0 1
2014   2 28  6 58 20 348482  -15.60296 -139.74162    20617 113.2  2  0  7 21 0 0 1 1 1 0 0 0 0 1 1 1 0 1
2014   2 28  6 58 20 616762  -21.09920  -49.51611     4449 129.1  2  0  7 21 0 0 1 1 1 0 0 1 0 1 1 1 0 0
2014   2 28  6 58 21  88830    6.77080  -78.08613     9452 127.7  2  0  7 21 0 0 1 1 1 0 0 0 0 1 1 1 0 1
2014   2 28  6 58 21 337644  -12.74434  156.82938    16689 113.4  2  0  7 21 0 0 1 1 1 0 0 1 0 1 0 1 0 1
2014   2 28  6 58 21 515907  -12.33514  156.13628    18386 111.5  2  0  6 15 0 0 0 1 1 0 0 1 0 0 1 1 0 1
2014   2 28  6 58 21 800456  -14.44409  -42.83241     5761   9.8  0  0  4  6 0 0 1 0 0 0 0 1 0 0 1 0 0 1
2014   2 28  6 58 21 916435    5.22972  -71.94575     6506  98.3  2  0  7 20 0 0 1 0 1 0 0 1 0 1 1 1 0 1
2014   2 28  6 58 22 912859  -20.62237  -47.45591     5184 151.1  2  0  7 20 0 0 1 1 1 0 0 1 0 0 1 1 0 1
2014   2 28  6 58 25  49420  -13.40627  -38.84828     3427   6.5  0  0  6 15 0 0 1 1 1 0 0 1 0 0 1 0 0 1
2014   2 28  6 58 25 418491  -20.56683  -47.21300     2516  16.7  0  0  6 15 0 0 1 1 0 0 0 1 0 1 1 0 0 1
2014   2 28  6 58 26 410105  -29.44369  -42.05164     2875  20.1  0  0  7 17 0 0 1 1 1 0 0 1 0 1 1 1 0 0
2014   2 28  6 58 26 430691  -29.48686  -41.97754     3487   2.1  0  0  4  6 0 0 1 1 0 0 0 1 0 0 1 0 0 0
2014   2 28  6 58 28 295735  -21.93883  -45.78658     2752  15.3  0  0  5 10 0 0 1 0 1 0 0 1 0 0 1 0 0 1
2014   2 28  6 58 28 366594  -15.98353  -51.50576     2705  30.1  0  0  7 20 0 0 1 1 1 0 0 1 0 1 1 0 0 1
2014   2 28  6 58 28 750121  -15.85789  -51.37684     2889  37.8  0  0  7 20 0 0 1 1 1 0 0 1 0 0 1 1 0 1
2014   2 28  6 58 28 867477  -21.06698  -46.87080     3011  44.8  0  0  7 19 0 0 1 0 1 0 0 1 0 1 1 1 0 1
2014   2 28  6 58 28 888629  -21.12628  -46.89264     2802  38.1  0  0  7 19 0 0 1 1 1 0 0 1 0 1 1 0 0 1
2014   2 28  6 58 28 932028  -21.09000  -46.94537     3720  46.9  1  0  6 11 0 0 1 1 1 0 0 0 0 1 0 1 0 1
2014   2 28  6 58 29 688386  -21.14519  -46.91274     3433  33.9  1  0  5 10 0 0 0 1 1 0 0 1 0 0 1 0 0 1
2014   2 28  6 58 29 924780  -11.83069  -73.14196     4616  45.1  1  0  6 12 0 0 1 0 0 0 0 1 0 1 1 1 0 1
2014   2 28  6 58 30 774305   -4.70927  -72.01014     3863  51.0  1  0  7 21 0 0 1 0 1 0 0 1 0 1 1 1 0 1
2014   2 28  6 58 30 914482   -4.67686  -71.80754     3677  34.3  0  0  6 15 0 0 1 0 1 0 0 0 0 1 1 1 0 1
2014   2 28  6 58 30 935812   -4.67566  -72.17770     4220  52.0  1  0  6 15 0 0 1 1 1 0 0 1 0 0 1 1 0 0
2014   2 28  6 58 31 113923   -5.07019  -71.58812     5193  36.7  0  0  6 14 0 0 1 0 1 0 0 1 0 1 1 0 0 1
2014   2 28  6 58 31 267156   30.29771 -129.09084    13711  48.0  1  0  6 15 0 0 1 0 1 0 0 1 0 0 1 1 0 1
2014   2 28  6 58 31 433076  -21.01782  -46.62420     3258  47.2  1  0  6 15 0 0 0 0 1 0 0 1 0 1 1 0 1 1
2014   2 28  6 58 31 825305    6.37432  -74.49701    13188  66.7  2  0  6 14 0 0 1 1 0 0 0 1 0 1 1 0 0 1
2014   2 28  6 58 31 945023    7.11329  -75.22594     8570  39.3  1  0  5  9 0 0 0 0 1 0 0 1 0 0 1 1 0 1
2014   2 28  6 58 32 306772  -10.63278  -57.69364     5198  70.1  2  0  6 14 0 0 1 1 0 0 0 1 0 1 1 0 0 1
2014   2 28  6 58 32 445277  -22.26888  -45.90632     3994  51.0  2  0  5 10 0 0 1 1 0 0 0 1 0 0 1 0 0 1
2014   2 28  6 58 32 456764    2.92596  -84.86360     5342  57.2  1  0  7 21 0 0 1 0 1 0 0 1 0 0 1 1 1 1
2014   2 28  6 58 32 506725    2.97852  -84.96101     7106  73.2  2  0  6 15 0 0 1 1 1 0 0 1 0 0 0 1 0 1
2014   2 28  6 58 32 592291    2.94363  -84.77892     9240  90.2  2  0  6 15 0 0 1 1 1 0 0 0 0 1 1 1 0 0
2014   2 28  6 58 32 619723    2.15878  -84.07866    13416  76.1  2  0  6 15 0 0 1 1 0 0 0 1 0 1 1 0 0 1
2014   2 28  6 58 32 667223  -20.99386  -49.19131     2612  19.7  0  0  6 14 0 0 1 1 0 0 0 1 0 1 1 0 0 1
2014   2 28  6 58 32 771400    2.06414  -83.95003     9871  72.7  2  0  7 21 0 0 1 1 1 0 0 1 0 1 1 0 0 1
2014   2 28  6 58 32 859205    2.83788  -84.59777     5728  63.9  1  0  7 21 0 0 1 0 1 0 0 1 0 1 1 1 0 1
2014   2 28  6 58 33 320184  -21.15147  -46.63665     3663  56.7  1  0  6 15 0 0 1 1 1 0 0 1 0 0 1 0 0 1
2014   2 28  6 58 34 209591  -29.40339  -42.39839     5068  74.3  2  0  7 19 0 0 1 1 1 0 0 1 0 0 1 1 0 1
2014   2 28  6 58 34 220817  -29.47935  -42.29941     4841  51.8  1  0  6 15 0 0 1 1 1 0 0 1 0 0 1 0 0 1
2014   2 28  6 58 34 231432  -29.47306  -42.29919     6040  57.9  2  0  5 10 0 0 1 1 1 0 0 0 0 0 1 0 0 1
2014   2 28  6 58 34 247693  -29.41109  -42.58242     5012  17.3  0  0  4  6 0 0 1 1 0 0 0 1 0 0 0 0 0 1
2014   2 28  6 58 34 274224  -29.47631  -42.30405     4887  52.7  1  0  6 15 0 0 1 1 1 0 0 1 0 0 1 0 0 1
2014   2 28  6 58 34 361544  -29.59564  -41.83819     6532  31.9  1  0  4  6 0 0 1 0 0 0 0 1 0 0 1 0 0 1
2014   2 28  6 58 35 538596  -16.34635  -52.06771     3952  68.4  2  0  6 15 0 0 0 1 1 0 0 1 0 1 0 1 0 1
2014   2 28  6 58 35 637039  -16.35485  -51.82315     3898  87.8  2  0  7 21 0 0 1 1 1 0 0 1 0 1 1 0 0 1
2014   2 28  6 58 36  66993  -20.94230  -49.10490     4458  68.8  2  0  6 13 0 0 1 1 0 0 0 1 0 0 1 1 0 1
2014   2 28  6 58 36 101099  -20.99792  -48.93292     4529  99.9  2  0  7 16 0 0 1 0 1 0 0 1 0 1 1 1 0 1
2014   2 28  6 58 36 178504  -21.05977  -49.01875     4719 114.3  2  0  7 18 0 0 1 1 1 0 0 1 0 1 1 1 0 0
2014   2 28  6 58 36 503120    7.53341  -75.55678    11273  68.4  2  0  6 15 0 0 0 1 1 0 0 1 0 1 0 1 0 1
2014   2 28  6 58 36 643412  -19.92815 -145.26828    14411  18.9  0  0  4  6 0 0 1 0 0 0 0 1 0 0 1 1 0 0
2014   2 28  6 58 36 839733    7.42508  -73.87297    10595  67.1  2  0  6 11 0 0 0 0 1 0 0 1 0 0 1 1 1 1
2014   2 28  6 58 36 939984    7.22431  -73.66267     6543  87.8  2  0  7 20 0 0 1 0 1 0 0 1 0 1 1 1 0 1
2014   2 28  6 58 37 637075  -23.04372  -45.88603     5596 109.6  2  0  6 15 0 0 1 1 1 0 0 1 0 0 1 0 0 1
2014   2 28  6 58 37 697446    7.63616  -74.11976     7473  91.0  2  0  6 14 0 0 1 1 0 0 0 1 0 0 1 1 0 1
2014   2 28  6 58 38  60418  -11.95088  -73.16593     6320 134.7  2  0  7 21 0 0 1 1 1 0 0 0 0 1 1 1 0 1
2014   2 28  6 58 38 325447  -11.99030  -73.30010     6397 140.4  2  0  7 21 0 0 1 1 1 0 0 1 0 1 1 1 0 0
2014   2 28  6 58 39 795145  -20.82552  -47.34691     4182 103.5  2  0  7 20 0 0 1 0 1 0 0 1 0 1 1 0 1 1
2014   2 28  6 58 39 837686  -20.82363  -47.48523     4596 145.9  2  0  7 21 0 0 0 1 1 0 0 1 0 1 1 1 0 1
2014   2 28  6 58 39 861623  -20.89598  -47.37577     4264 123.6  2  0  7 21 0 0 1 1 1 0 0 1 0 1 1 0 0 1
2014   2 28  6 58 40 285824  -20.79680  -47.20318     2454  11.5  0  0  6 15 0 0 1 1 1 0 0 1 0 1 1 0 0 0
2014   2 28  6 58 40 326297  -22.52974  -45.73444     3060   2.9  0  0  4  6 0 0 1 1 0 0 0 0 0 0 1 0 0 1
2014   2 28  6 58 40 352641  -20.77690  -47.21902     2467  14.0  0  0  6 15 0 0 0 1 1 0 0 0 0 1 1 1 0 1
2014   2 28  6 58 40 771085  -22.53493  -45.75459     2639  12.8  0  0  5 10 0 0 0 1 1 0 0 1 0 0 1 0 0 1
2014   2 28  6 58 41 670210   19.66110 -117.37181    15116   7.2  0  0  4  6 0 0 0 1 0 0 0 1 0 0 1 1 0 0
2014   2 28  6 58 42  47430  -21.11918  -46.80309     2809  14.5  0  0  5 10 0 0 1 1 1 0 0 1 0 0 0 0 0 1
2014   2 28  6 58 42  79015  -21.05948  -46.80431     2575  25.9  0  0  7 21 0 0 1 0 1 0 0 1 0 1 1 1 0 1
2014   2 28  6 58 42 180550  -21.07243  -46.83524     2802  32.2  0  0  7 20 0 0 1 1 1 0 0 1 0 0 1 1 0 1
2014   2 28  6 58 42 259098  -37.14540  -41.43299     5723   9.9  0  0  4  6 0 0 1 1 0 0 0 1 0 0 0 0 0 1
2014   2 28  6 58 42 303437  -29.64762  -41.92987     3043  24.1  0  0  7 18 0 0 1 1 1 0 0 1 0 0 1 1 0 1
2014   2 28  6 58 42 353879  -29.65786  -41.94112     3068  17.3  0  0  6 15 0 0 1 1 1 0 0 1 0 0 1 0 0 1
2014   2 28  6 58 43 181601    7.50861  -73.61526     4734  33.9  0  0  6 14 0 0 1 1 1 0 0 0 0 1 1 1 0 0
2014   2 28  6 58 43 390441  -15.88986  -51.53412     2667  31.4  0  0  7 21 0 0 1 1 1 0 0 1 0 1 1 1 0 0
2014   2 28  6 58 43 437552  -19.15364 -141.68826    12522  28.5  0  0  5 10 0 0 1 0 1 0 0 1 0 0 0 1 0 1
2014   2 28  6 58 44   2010  -21.96159  -45.78983     2848  28.0  0  0  6 15 0 0 1 1 1 0 0 1 0 0 1 0 0 1
2014   2 28  6 58 44 109014  -21.96564  -45.79363     2869  29.0  0  0  6 15 0 0 1 1 1 0 0 1 0 0 1 0 0 1
2014   2 28  6 58 44 123670  -21.93894  -45.84187     2729  34.9  0  0  7 20 0 0 1 1 1 0 0 1 0 1 1 0 0 1
2014   2 28  6 58 44 462608  -32.15395 -134.61208     9269  35.9  0  0  7 21 0 0 1 1 1 0 0 1 0 0 1 1 0 1
2014   2 28  6 58 44 599870  -20.71522  -47.17350     3110  49.9  0  0  7 20 0 0 1 1 1 0 0 1 0 0 1 1 0 1
2014   2 28  6 58 44 632383  -20.81124  -47.18699     4262  31.6  1  0  5  8 0 0 1 1 1 0 0 1 0 0 0 0 0 1
2014   2 28  6 58 44 685704  -20.85585  -47.06808     3006  32.8  0  0  6 15 0 0 1 1 1 0 0 1 0 0 1 0 0 1
2014   2 28  6 58 47 311390  -21.06823  -46.84555     3176  51.8  1  0  7 19 0 0 1 0 1 0 0 1 0 1 1 1 0 1
2014   2 28  6 58 47 333550  -21.14326  -46.80485     3418  47.6  1  0  6 15 0 0 1 1 1 0 0 1 0 0 1 0 0 1
2014   2 28  6 58 48 457009  -24.96738  -44.89583     3068  42.3  0  0  7 21 0 0 1 1 1 0 0 1 0 1 1 0 0 1
2014   2 28  6 58 48 580403  -13.16015  -71.19513     4450  80.6  2  0  7 20 0 0 1 1 0 0 0 1 0 1 1 1 0 1
2014   2 28  6 58 48 599651  -13.17267  -71.03079     3906  63.2  1  0  7 21 0 0 1 0 1 0 0 1 0 1 1 1 0 1
2014   2 28  6 58 48 690436  -18.53134 -144.02963    24590  26.8  1  0  4  6 0 0 0 1 0 0 0 1 0 0 1 1 0 0
2014   2 28  6 58 49 905886   -5.31226    9.97365    18767 107.3  2  0  7 20 0 0 1 1 1 0 0 1 0 0 1 1 0 1
2014   2 28  6 58 49 966263   -6.28884    7.47280    25510  74.6  2  0  6 15 0 0 1 1 1 0 0 1 0 0 1 0 0 1
2014   2 28  6 58 50   1994   -6.15503    8.45869    19223  17.7  0  0  4  6 0 0 1 1 0 0 0 1 0 0 1 0 0 0
2014   2 28  6 58 50 456847  -21.27876  -49.32013     4532  81.1  2  0  6 13 0 0 1 1 1 0 0 1 0 0 1 0 0 1
2014   2 28  6 58 52  41812  -11.00240  -57.50555     4439  91.6  2  0  7 21 0 0 1 0 1 0 0 1 0 1 1 1 0 1
2014   2 28  6 58 52 591445  -28.90429  -42.83877     7115  26.9  1  0  4  6 0 0 0 1 0 0 0 1 0 0 1 0 0 1
2014   2 28  6 58 52 651153  -29.42584  -42.71492     4071  26.9  0  0  5 10 0 0 1 1 1 0 0 1 0 0 0 0 0 1
2014   2 28  6 58 52 665170  -13.51994  -39.61922     4322  42.5  1  0  5 10 0 0 1 1 1 0 0 1 0 0 0 0 0 1
2014   2 28  6 58 52 722417  -39.89778  -89.14678     6499   7.7  0  0  4  6 0 0 1 1 0 0 0 0 0 0 0 1 0 1
2014   2 28  6 58 53 224752  -29.34394  -42.87152     6014  26.2  1  0  4  6 0 0 1 1 0 0 0 1 0 0 0 0 0 1
2014   2 28  6 58 54 450996  -20.23030  -45.08800     3343  12.1  0  0  5 10 0 0 1 0 1 0 0 1 0 0 1 0 0 1
2014   2 28  6 58 54 471710  -14.41140  -44.09525     3878  91.5  2  0  7 20 0 0 1 1 1 0 0 1 0 0 1 1 0 1
2014   2 28  6 58 55 902847  -22.30488  -45.66189     4939 107.3  2  0  6 15 0 0 1 1 1 0 0 1 0 0 1 0 0 1
2014   2 28  6 58 57 857486    6.57726  -78.26396     6298   6.2  0  0  4  6 0 0 0 1 1 0 0 1 0 0 0 1 0 0
2014   2 28  6 58 58 751499   33.21286 -168.09668     9709  30.1  0  0  6 15 0 0 1 1 1 0 0 1 0 0 0 1 0 1
2014   2 28  6 58 58 827384  -21.09570  -46.91205     2935  18.7  0  0  5  8 0 0 1 1 0 0 0 1 0 1 0 0 0 1
2014   2 28  6 58 59 218328   -4.64322  -71.61292     4273  31.0  1  0  5  9 0 0 1 1 1 0 0 1 0 0 0 1 0 0
2014   2 28  6 58 59 669161  -12.02649  -73.08617     3225  37.8  0  0  7 21 0 0 1 1 1 0 0 1 0 1 0 1 0 1
2014   2 28  6 59  0  97089  -12.19166  -72.83964     4247  32.6  0  0  6 15 0 0 1 1 1 0 0 1 0 1 0 0 0 1
2014   2 28  6 59  0 328073  -19.00004 -142.09181    10145  35.4  0  0  6 15 0 0 1 1 1 0 0 1 0 0 0 1 0 1
2014   2 28  6 59  2  80380  -30.14495  -42.03991     3162   8.5  0  0  5 10 0 0 1 1 1 0 0 1 0 0 0 0 0 1
2014   2 28  6 59  2 888474  -20.74570  -47.26970     4009  47.0  1  0  5 10 0 0 1 1 1 0 0 1 0 0 0 0 0 1
2014   2 28  6 59  3 678388  -21.10321  -47.05159     4009  96.6  2  0  7 20 0 0 1 1 1 0 0 1 0 1 0 1 0 1
2014   2 28  6 59  3 841249    0.70814  155.43637     8258  15.5  0  0  4  6 0 0 1 1 0 0 0 1 0 0 0 1 0 0
2014   2 28  6 59  4  49455  -20.66758  -49.92664     3078  39.9  0  0  6 13 0 0 1 1 0 0 0 1 0 1 0 1 0 1
2014   2 28  6 59  4 141610  -20.71957  -49.88474     3676  70.2  2  0  6 13 0 0 1 1 1 0 0 1 0 1 0 0 0 1
2014   2 28  6 59  4 511509  -20.91326  -47.24162     4467  86.2  2  0  6 13 0 0 1 1 1 0 0 0 0 1 0 1 0 1
2014   2 28  6 59  4 670656  -34.06421  -38.11748     5024  51.2  1  0  6 14 0 0 1 1 0 0 0 1 0 1 0 1 0 1
2014   2 28  6 59  5 341458  -29.89886  -42.34469     3681  48.3  0  0  7 21 0 0 1 1 1 0 0 1 0 1 0 1 0 1
2014   2 28  6 59  5 350707  -29.92601  -42.32797     3235  10.9  0  0  5 10 0 0 1 1 1 0 0 1 0 0 0 0 0 1
2014   2 28  6 59  5 362037  -29.93934  -42.29622     2887  15.0  0  0  6 15 0 0 1 1 1 0 0 1 0 1 0 0 0 1
2014   2 28  6 59  5 374770  -29.92845  -42.33351     3285  12.1  0  0  5 10 0 0 1 1 1 0 0 1 0 0 0 0 0 1
2014   2 28  6 59  5 385047  -29.91481  -42.36098     3315  12.9  0  0  5 10 0 0 1 1 1 0 0 1 0 0 0 0 0 1
2014   2 28  6 59  5 393628  -29.91850  -42.36111     3279  11.9  0  0  5 10 0 0 1 1 1 0 0 1 0 0 0 0 0 1
2014   2 28  6 59  5 415413  -29.43116  -42.48471     8874  48.7  1  0  6 14 0 0 0 1 1 0 0 1 0 1 0 1 0 1
2014   2 28  6 59  6 799541  -29.21101  -42.80294     4970  44.7  1  0  6 13 0 0 1 1 1 0 0 1 0 0 0 1 0 1
2014   2 28  6 59  6 814283  -29.28113  -42.66292     3360  15.3  0  0  5 10 0 0 1 1 1 0 0 1 0 0 0 0 0 1
2014   2 28  6 59  6 829979  -29.30568  -42.60286     2881  16.2  0  0  6 15 0 0 1 1 1 0 0 1 0 1 0 0 0 1
2014   2 28  6 59  6 873258  -29.28963  -42.55264     4044  16.6  0  0  5 10 0 0 1 0 1 0 0 1 0 1 0 0 0 1
2014   2 28  6 59  7  67934  -15.96288  -51.47633     3758  90.1  2  0  7 21 0 0 1 1 1 0 0 1 0 1 0 1 0 1
2014   2 28  6 59  7 345652    7.32463  -74.17249    10065  99.9  2  0  6 13 0 0 1 1 1 0 0 1 0 0 0 1 0 1
2014   2 28  6 59  7 853113    6.45784  -77.53680     8144 102.1  2  0  6 15 0 0 1 1 1 0 0 1 0 0 0 1 0 1
2014   2 28  6 59  9 668208    3.15653  -87.84177    18547  74.7  2  0  6 15 0 0 0 1 1 0 0 1 0 1 0 1 0 1
2014   2 28  6 59  9 685190    3.01909  -84.96861     9226 130.7  2  0  7 21 0 0 1 1 1 0 0 1 0 1 0 1 0 1
2014   2 28  6 59  9 726767   -2.10453  -80.58777     8279  11.5  0  0  5 10 0 0 1 1 1 0 0 0 0 1 0 0 0 1
2014   2 28  6 59 11 583749   -1.91138  149.62927    12726 104.7  2  0  6 15 0 0 0 1 1 0 0 1 0 1 0 1 0 1
2014   2 28  6 59 11 931846  -13.93598  160.51625    21883 122.5  2  0  6 15 0 0 1 1 1 0 0 1 0 0 0 1 0 1
2014   2 28  6 59 11 943956  -14.34509  161.52206    26150 126.3  2  0  6 15 0 0 1 1 0 0 0 1 0 1 0 1 0 1
2014   2 28  6 59 13 286404  -29.65844  -41.91525     2696   9.1  0  0  6 15 0 0 1 1 1 0 0 1 0 1 0 0 0 1
2014   2 28  6 59 13 319857  -29.65571  -41.91601     3132   8.9  0  0  5 10 0 0 1 1 1 0 0 1 0 0 0 0 0 1
2014   2 28  6 59 13 435819  -29.64039  -41.94682     2985   7.5  0  0  5  9 0 0 1 1 1 0 0 0 0 1 0 0 0 1
2014   2 28  6 59 13 465301  -29.64737  -41.92728     4382  10.3  0  0  4  6 0 0 1 1 0 0 0 1 0 0 0 0 0 1
2014   2 28  6 59 15 275954  -32.54364 -132.72635    20479   5.9  0  0  4  6 0 0 1 0 1 0 0 1 0 1 0 0 0 0
2014   2 28  6 59 15 360315  -31.93370 -136.58554   110117  32.0  1  0  5 10 0 0 0 1 1 0 0 1 0 1 0 0 0 1
2014   2 28  6 59 15 604635    2.34416  -69.50288     5762  30.8  0  0  6 15 0 0 1 1 1 0 0 1 0 1 0 0 0 1
2014   2 28  6 59 15 705945   30.06730 -127.23404    12038  25.5  0  0  6 15 0 0 1 1 1 0 0 1 0 1 0 0 0 1
2014   2 28  6 59 16 649895  -19.66656 -140.49530    28616  40.4  1  0  5 10 0 0 1 1 1 0 0 1 0 0 0 0 0 1
2014   2 28  6 59 16 718606   -4.48525  -71.15435     5626  43.1  1  0  6 15 0 0 1 1 1 0 0 1 0 1 0 0 0 1
2014   2 28  6 59 16 769639   -3.81061  -73.22109     9323   8.5  0  0  5 10 0 0 0 1 1 0 0 1 0 1 0 0 0 1
2014   2 28  6 59 16 810705   -5.47635  -70.52514     5517   6.5  0  0  5 10 0 0 1 1 1 0 0 0 0 1 0 0 0 1
2014   2 28  6 59 17 188282  -21.13771  -46.81863     3754  36.9  1  0  5  9 0 0 1 1 1 0 0 1 0 0 0 0 0 1
2014   2 28  6 59 17 331764  -25.53886 -133.24348    34947  49.8  1  0  5  9 0 0 1 1 1 0 0 1 0 0 0 0 0 1
2014   2 28  6 59 17 463694  -21.14308  -46.84126     3817  38.7  1  0  5  9 0 0 1 1 1 0 0 1 0 0 0 0 0 1
2014   2 28  6 59 18 189035  -22.07046  -45.78921     3840  47.6  1  0  5 10 0 0 1 1 1 0 0 1 0 0 0 0 0 1
2014   2 28  6 59 20 387113  -13.19917  -71.39381     8264  73.5  2  0  5 10 0 0 1 1 1 0 0 1 0 0 0 0 0 1
2014   2 28  6 59 20 780177  -33.62729  -40.12783     3785  13.9  0  0  5 10 0 0 1 1 1 0 0 1 0 0 0 0 0 1
2014   2 28  6 59 21 863499  -29.44868  -42.57843     3404  16.4  0  0  5 10 0 0 1 1 1 0 0 1 0 0 0 0 0 1
2014   2 28  6 59 21 917655  -21.04633  -49.63667     3671  29.1  0  0  5  7 0 0 1 1 0 0 0 1 0 1 0 0 0 1
2014   2 28  6 59 24  79740  -29.76020  -42.63461     3658  20.7  0  0  5 10 0 0 1 1 1 0 0 1 0 0 0 0 0 1
2014   2 28  6 59 26 154106  -12.74176  -56.61003     6311  18.2  0  0  4  6 0 0 1 1 1 0 0 0 0 1 0 0 0 0
2014   2 28  6 59 26 501221  -16.11110  -51.61629     5087 111.2  2  0  6 15 0 0 1 1 1 0 0 1 0 1 0 0 0 1
