2014   2 28  8 24 32 536678  -21.68200  -50.47102     3461  30.4  0  0  6 11 0 0 1 1 0 0 0 0 0 1 1 1 0 1
2014   2 28  8 24 33  19122  -33.27357  -39.76060     3704   6.7  0  0  4  6 0 0 1 1 0 0 0 0 0 0 1 0 0 1
2014   2 28  8 24 33  68938   -8.56622  -34.94628    14208  15.6  0  0  5  9 0 0 1 1 0 0 0 0 0 0 1 1 0 1
2014   2 28  8 24 33  93494  -33.27193  -39.75176     3711   6.9  0  0  4  6 0 0 1 1 0 0 0 0 0 0 1 0 0 1
2014   2 28  8 24 33 165042  -33.27482  -39.75759     3640   5.5  0  0  4  6 0 0 1 1 0 0 0 0 0 0 1 0 0 1
2014   2 28  8 24 33 175374  -33.27791  -39.74699     3720   6.9  0  0  4  6 0 0 1 1 0 0 0 0 0 0 1 0 0 1
2014   2 28  8 24 33 716660    2.71891  -84.54748     3479   5.0  0  0  5 10 0 0 1 1 0 0 0 0 0 0 1 1 0 1
2014   2 28  8 24 33 734243    2.73293  -84.55905     3080   5.9  0  0  6 15 0 0 1 1 0 0 0 0 0 1 1 1 0 1
2014   2 28  8 24 33 754923    2.73791  -84.59828     3641   2.4  0  0  5  9 0 0 1 0 0 0 0 0 0 1 1 1 0 1
2014   2 28  8 24 33 763615    2.74208  -84.55280     3096   6.4  0  0  6 15 0 0 1 1 0 0 0 0 0 1 1 1 0 1
2014   2 28  8 24 33 789788    2.73940  -84.55395     3140   5.8  0  0  6 14 0 0 1 1 0 0 0 0 0 1 1 1 0 1
2014   2 28  8 24 34 807017  -23.79731  -45.42610     5044   7.6  0  0  4  6 0 0 1 1 0 0 0 0 0 0 1 0 0 1
2014   2 28  8 24 35 886493   -5.28881  -60.47255     3217   4.3  0  0  4  6 0 0 0 1 0 0 0 0 0 0 1 1 0 1
2014   2 28  8 24 36 204412  -27.14442  -84.06984     9712   2.7  0  0  4  6 0 0 1 1 0 0 0 0 0 0 1 0 0 1
2014   2 28  8 24 36 432586    6.86351  -74.21297     4735  16.6  0  0  5  7 0 0 1 0 0 0 0 0 0 1 1 1 0 1
2014   2 28  8 24 36 436193  -33.40194  -39.38420     3761   7.2  0  0  4  6 0 0 1 1 0 0 0 0 0 0 1 0 0 1
2014   2 28  8 24 37  10776  -33.33211  -39.43600     3655   5.4  0  0  4  6 0 0 1 1 0 0 0 0 0 0 1 0 0 1
2014   2 28  8 24 37 467019  -22.16676  -45.99464     2851  11.3  0  0  5  8 0 0 1 1 0 0 0 0 0 1 1 0 0 1
2014   2 28  8 24 37 852960    3.98102  -84.60041     4180  16.9  0  0  5 10 0 0 1 1 0 0 0 0 0 1 0 1 0 1
2014   2 28  8 24 38 847657   -3.44208  -71.29363     3315  27.3  0  0  6 15 0 0 1 1 0 0 0 0 0 1 1 1 0 1
2014   2 28  8 24 40 756544  -13.20881  150.85120    17671  16.8  0  0  4  6 0 0 1 1 0 0 0 0 0 0 1 1 0 0
2014   2 28  8 24 41 107650  -30.43106  -41.01805     4457  35.7  1  0  5 10 0 0 1 1 0 0 0 0 0 1 1 0 0 1
2014   2 28  8 24 41 251550    4.32806  153.60597    23832  69.5  2  0  5 10 0 0 1 1 0 0 0 0 0 0 1 1 0 1
2014   2 28  8 24 41 492880  -43.79230  -64.97921    18694  55.4  2  0  5  9 0 0 1 1 0 0 0 0 0 0 1 1 0 1
2014   2 28  8 24 41 600422  -30.49743  -40.84198     5081  44.0  1  0  5 10 0 0 1 1 0 0 0 0 0 0 1 1 0 1
2014   2 28  8 24 43 143207    9.48842   11.52256    98288  20.0  1  0  4  6 0 0 1 1 0 0 0 0 0 0 1 0 0 1
2014   2 28  8 24 43 642871  -21.25127  -45.86464     3787  43.3  1  0  5 10 0 0 1 1 0 0 0 0 0 1 1 0 0 1
2014   2 28  8 24 46 960851   -4.68210  -71.22646     4825  65.7  2  0  6 15 0 0 1 1 0 0 0 0 0 1 1 1 0 1
2014   2 28  8 24 48  89898    7.40093  -73.65371     3276  14.8  0  0  6 14 0 0 1 1 0 0 0 1 0 0 1 1 0 1
2014   2 28  8 24 48 409962  -20.61703  -46.33610     2701   6.7  0  0  5 10 0 0 1 0 1 0 0 1 0 0 1 0 0 1
2014   2 28  8 24 48 420314  -20.61212  -46.31452     2657  10.4  0  0  5 10 0 0 0 1 1 0 0 1 0 0 1 0 0 1
2014   2 28  8 24 48 430147  -20.60568  -46.32454     2786   9.6  0  0  5  8 0 0 0 1 1 0 0 1 0 0 1 0 0 1
2014   2 28  8 24 48 788330   20.98826  -85.00013     4293  11.3  0  0  7 21 0 0 1 1 1 0 0 0 0 1 1 1 0 1
2014   2 28  8 24 48 810788   19.82519  -84.14317     8844  22.9  0  0  5  9 0 0 1 1 1 0 0 1 0 0 0 1 0 0
2014   2 28  8 24 49 266875   -6.86290  149.87126    11054  55.8  2  0  5 10 0 0 1 1 0 0 0 1 0 0 1 1 0 0
2014   2 28  8 24 49 851858   -3.75903  -71.32435     3858  28.5  0  0  5 10 0 0 1 1 0 0 0 1 0 0 1 1 0 0
2014   2 28  8 24 49 909942    0.40510  -66.12366     3966  35.2  0  0  7 16 0 0 1 1 1 0 0 1 0 0 1 1 0 1
2014   2 28  8 24 49 930238   -3.75718  -71.20491     3175  15.5  0  0  5 10 0 0 1 1 0 0 0 0 0 1 1 1 0 0
2014   2 28  8 24 51 145965  -23.63097  -45.52273     4148  37.6  1  0  5 10 0 0 1 1 1 0 0 1 0 0 1 0 0 0
2014   2 28  8 24 51 296940  -34.11660  -37.67695     4433  41.0  1  0  6 15 0 0 1 1 0 0 0 1 0 1 1 1 0 0
2014   2 28  8 24 51 323070  -34.16239  -37.58314     4064  32.1  0  0  6 15 0 0 1 1 1 0 0 1 0 0 1 0 0 1
2014   2 28  8 24 51 607259  -23.64892  -45.52733     3597  36.6  0  0  6 15 0 0 1 1 1 0 0 1 0 0 1 0 0 1
2014   2 28  8 24 51 739393  -34.17906  -37.55292     9454  37.8  1  0  5 10 0 0 0 1 1 0 0 1 0 0 1 0 0 1
2014   2 28  8 24 51 926420  -14.51914  166.77089    95148  50.9  2  0  5 10 0 0 1 1 1 0 0 1 0 0 1 0 0 0
2014   2 28  8 24 52 634755  -21.42225  -46.62599     3064  42.3  1  0  6 15 0 0 1 1 0 0 0 1 0 0 1 1 0 1
2014   2 28  8 24 52 890664    3.11713 -148.65994     8383   4.3  0  0  4  6 0 0 1 1 1 0 0 0 0 0 0 1 0 0
2014   2 28  8 24 53 317787  -21.33630  -46.67480     2983  26.7  0  0  6 14 0 0 1 1 1 0 0 1 0 0 1 0 0 1
2014   2 28  8 24 54  60604    0.27748    7.42982    20977  30.6  1  0  5  9 0 0 1 1 1 0 0 1 0 0 0 0 0 1
2014   2 28  8 24 55   5500  -22.86336 -137.43420    43496  62.8  2  0  5 10 0 0 1 1 1 0 0 1 0 0 1 0 0 0
2014   2 28  8 24 55 263038    2.98255  -71.27722    12679  40.0  0  0  6 15 0 0 0 1 1 0 0 1 0 1 1 0 0 1
2014   2 28  8 24 56  43472  -23.51893  -45.51257     6289  74.8  2  0  5 10 0 0 0 1 0 0 0 1 0 1 1 0 0 1
2014   2 28  8 24 56 240113  -29.23697 -133.57558    15829  74.7  2  0  7 21 0 0 1 1 1 0 0 1 0 0 1 1 0 1
2014   2 28  8 24 57 908601  -23.04889  -45.48423     4944  77.0  2  0  6 15 0 0 1 1 1 0 0 1 0 0 1 0 0 1
2014   2 28  8 24 58  25950  -39.83838  -66.90001     4139  69.6  1  0  7 19 0 0 1 1 1 0 0 0 0 1 1 1 0 1
2014   2 28  8 24 58  93681  -29.80598  -56.92792     5750  14.3  0  0  5 10 0 0 0 1 1 0 0 0 0 1 1 0 0 1
2014   2 28  8 24 58 217613  -22.73760  -45.71694     3229  46.8  1  0  6 15 0 0 1 1 1 0 0 0 0 1 1 0 0 1
2014   2 28  8 24 58 357335  -23.00313  -45.50689     4891  79.6  2  0  6 15 0 0 1 1 1 0 0 1 0 0 1 0 0 1
2014   2 28  8 24 59 180845  -22.80406 -137.28236    28004  77.4  2  0  7 21 0 0 1 1 1 0 0 1 0 1 1 0 0 1
2014   2 28  8 24 59 346797  -21.43399  -45.83231     3856  92.3  2  0  7 21 0 0 1 1 1 0 0 1 0 1 1 0 0 1
2014   2 28  8 24 59 406203    4.91359   13.03138    82815  35.6  1  0  5  9 0 0 1 1 1 0 0 0 0 0 1 0 0 1
2014   2 28  8 24 59 550836  -24.64715  -44.78033     5832  93.7  2  0  6 15 0 0 0 1 1 0 0 1 0 1 1 0 0 1
2014   2 28  8 25  2 404817  -30.58631  -40.98635     5989  83.2  2  0  6 15 0 0 1 1 1 0 0 1 0 0 1 0 0 1
2014   2 28  8 25  2 412182  -30.58705  -40.98776     5970  82.7  2  0  6 15 0 0 1 1 1 0 0 1 0 0 1 0 0 1
2014   2 28  8 25  2 421261  -30.58767  -40.99358     6006  83.5  2  0  6 15 0 0 1 1 1 0 0 1 0 0 1 0 0 1
2014   2 28  8 25  2 462967    5.75431  143.62357    11612 111.9  2  0  7 21 0 0 1 0 1 0 0 1 0 1 1 1 0 1
2014   2 28  8 25  2 848526  -30.41630  -41.29174     4380  68.2  1  0  7 21 0 0 1 1 1 0 0 0 0 1 1 1 0 1
2014   2 28  8 25  3  20009  -30.30677  -41.24805     6030  64.9  2  0  5 10 0 0 1 1 1 0 0 0 0 1 1 0 0 0
2014   2 28  8 25  3  60158  -30.53740  -41.02769     6155  87.0  2  0  6 15 0 0 1 1 1 0 0 1 0 0 1 0 0 1
2014   2 28  8 25  3  68630  -12.26811  -71.56155     5436 118.8  2  0  7 21 0 0 1 1 1 0 0 1 0 0 1 1 0 1
2014   2 28  8 25  3 142172  -11.91053  -70.69656     4232  19.4  0  0  5  8 0 0 0 1 1 0 0 0 0 0 1 1 0 1
2014   2 28  8 25  3 676817   -9.63698  160.70085    17138 106.5  2  0  7 21 0 0 1 0 1 0 0 1 0 1 1 1 0 1
2014   2 28  8 25  3 712708    1.81607  144.07024    19052  83.4  2  0  6 15 0 0 1 1 1 0 0 1 0 0 1 0 0 1
2014   2 28  8 25  3 879758  -33.23617  -39.10747     5109  72.9  2  0  7 21 0 0 1 1 1 0 0 0 0 1 1 1 0 1
2014   2 28  8 25  3 908094  -33.36192  -39.00901     6346 107.4  2  0  7 21 0 0 1 1 1 0 0 1 0 0 1 1 0 1
2014   2 28  8 25  3 958224  -33.22318  -39.07688     5123  73.1  2  0  7 21 0 0 1 1 1 0 0 0 0 1 1 1 0 1
2014   2 28  8 25  3 989373  -33.30398  -39.03146     7881  97.6  2  0  6 14 0 0 1 1 1 0 0 1 0 0 1 0 0 1
2014   2 28  8 25  4  11604  -33.41888  -39.59296     3238  17.9  0  0  6 15 0 0 1 1 1 0 0 1 0 0 1 0 0 1
2014   2 28  8 25  4  28969  -33.42153  -39.55949     3214  17.5  0  0  6 15 0 0 1 1 1 0 0 1 0 0 1 0 0 1
2014   2 28  8 25  4  29166  -10.13361  161.12653     8002  20.6  0  0  5  9 0 0 0 1 1 0 0 1 0 0 1 1 0 0
2014   2 28  8 25  4  87513  -33.39178  -39.60799     2977  11.2  0  0  6 15 0 0 1 1 1 0 0 0 0 0 1 1 0 1
2014   2 28  8 25  4 140747  -33.44019  -39.55804     3426  15.7  0  0  5 10 0 0 1 1 0 0 0 1 0 1 1 0 0 0
2014   2 28  8 25  4 162744  -33.39176  -39.72314     4314  16.4  0  0  5 10 0 0 1 0 1 0 0 1 0 0 1 0 0 1
2014   2 28  8 25  4 289165    5.57451  -72.16254     2942  17.7  0  0  7 20 0 0 1 1 1 0 0 1 0 0 1 1 0 1
2014   2 28  8 25  4 300157    5.56744  -72.22957     4877  20.1  0  0  5  8 0 0 0 1 1 0 0 1 0 0 1 1 0 0
2014   2 28  8 25  4 936959  -21.93685 -139.97226     9793   2.5  0  0  4  6 0 0 1 1 1 0 0 0 0 0 0 1 0 0
2014   2 28  8 25  5 238721  -22.28485 -139.44395     9924  18.4  0  0  7 21 0 0 1 1 1 0 0 1 0 1 1 0 0 1
2014   2 28  8 25  5 644099  -33.33701  -39.63819     4028  21.9  0  0  5 10 0 0 1 1 0 0 0 1 0 0 1 0 0 1
2014   2 28  8 25  5 660625  -33.29628  -39.70444     5183  28.8  0  0  5 10 0 0 1 1 1 0 0 1 0 0 0 0 0 1
2014   2 28  8 25  5 669689  -33.30371  -39.69582     5120  28.1  0  0  5 10 0 0 1 1 1 0 0 1 0 0 0 0 0 1
2014   2 28  8 25  6  50683  -21.99087  -50.39376     3367  46.5  0  0  7 17 0 0 1 1 0 0 0 1 0 1 1 0 1 1
2014   2 28  8 25  6 759783    4.55084  -85.10954    23169  17.8  0  0  5 10 0 0 1 0 1 0 0 0 0 1 1 0 0 1
2014   2 28  8 25  7 595546   -7.85738  -38.79049     3579  23.4  0  0  7 21 0 0 1 1 1 0 0 1 0 0 1 1 0 1
2014   2 28  8 25  8 391625    8.11977  -73.80886    11330  19.4  0  0  5 10 0 0 1 1 1 0 0 0 0 0 1 0 0 1
2014   2 28  8 25  8 670827   29.89310 -127.42659     9503  41.0  0  0  7 21 0 0 1 0 1 0 0 1 0 1 1 1 0 1
2014   2 28  8 25  9 253871   -0.94951  -72.08796     3949  40.1  0  0  7 21 0 0 0 0 1 0 0 1 0 1 1 1 1 1
2014   2 28  8 25 11 257947    0.28045  -14.86654     9875  50.4  1  0  7 20 0 0 1 1 1 0 0 1 0 0 1 1 0 1
2014   2 28  8 25 12  52468   -5.11379  -60.10884     3738  28.9  0  0  5  9 0 0 1 1 0 0 0 0 0 0 1 1 0 1
2014   2 28  8 25 12  84937   -5.13705  -60.14412     3018  39.1  0  0  7 21 0 0 1 1 1 0 0 0 0 1 1 1 0 1
2014   2 28  8 25 12 415470  -20.29806  -45.26278     3461  16.5  0  0  5 10 0 0 1 0 1 0 0 1 0 0 1 0 0 1
2014   2 28  8 25 12 665955   -4.72171  145.08743     5763   3.8  0  0  4  6 0 0 1 0 0 0 0 1 0 0 1 1 0 0
2014   2 28  8 25 15  76877  -33.04187  -39.51604    11960  91.6  2  0  6 15 0 0 0 1 1 0 0 1 0 1 1 1 0 0
2014   2 28  8 25 15 639648    0.82056  -80.16386    21909  43.6  1  0  5 10 0 0 0 1 1 0 0 1 0 0 1 0 0 1
2014   2 28  8 25 15 863970  -33.40813  -39.21156     5536  82.9  2  0  7 21 0 0 1 1 1 0 0 1 0 1 1 0 0 1
2014   2 28  8 25 16 237404  -18.83118 -139.55980    13245  67.9  1  0  7 21 0 0 1 1 1 0 0 0 0 1 1 1 0 1
2014   2 28  8 25 16 297253  -18.72096 -141.18277    26588 109.4  2  0  6 15 0 0 1 1 0 0 0 1 0 0 1 1 0 1
2014   2 28  8 25 16 483554  -21.00128 -140.38391    14030  69.6  1  0  7 21 0 0 1 1 1 0 0 0 0 1 1 1 0 1
2014   2 28  8 25 16 691786    2.66335   -1.76179    11981  56.6  1  0  6 14 0 0 1 0 1 0 0 0 1 0 1 1 0 1
2014   2 28  8 25 17 767887    7.11914  -85.81823    21895  58.9  1  0  6 15 0 0 1 1 1 0 0 0 0 1 1 0 0 1
2014   2 28  8 25 18 107435   -4.26707  -71.33749     4177  63.5  1  0  7 21 0 0 1 1 1 0 0 0 0 1 1 1 0 1
2014   2 28  8 25 18 321462   -5.40994  -50.14563     4092  80.9  2  0  7 21 0 0 1 1 1 0 0 0 0 1 1 1 0 1
2014   2 28  8 25 18 391040    2.22452  -21.24557    19352 116.8  2  0  7 20 0 0 1 1 1 0 0 1 0 0 1 1 0 1
2014   2 28  8 25 20   5972   -6.73666    9.55892     8396   2.1  0  0  5 10 0 0 1 1 1 0 0 1 0 0 1 0 0 0
2014   2 28  8 25 20 943417  -21.80646  -46.23322     3207  60.5  1  0  7 21 0 0 1 1 1 0 0 1 0 0 1 0 1 1
2014   2 28  8 25 21 104627  -20.61251  -46.32840     2633   4.7  0  0  5  9 0 0 0 1 1 0 0 1 0 0 1 0 0 1
2014   2 28  8 25 22 175019    6.74154  -73.86143     3630  20.2  0  0  7 21 0 0 0 1 1 0 0 1 0 1 1 1 0 1
2014   2 28  8 25 22 287590  -22.36759  -45.97601     2723  19.4  0  0  6 12 0 0 1 1 1 0 0 1 0 0 1 0 0 1
2014   2 28  8 25 22 312006    6.70964  -73.64861     3913  19.0  0  0  6 12 0 0 1 1 1 0 0 0 0 0 1 1 1 0
2014   2 28  8 25 22 653819  -22.20939  -46.32763     6050 116.6  2  0  7 16 0 0 1 1 1 0 0 1 0 0 1 0 1 1
2014   2 28  8 25 22 746573  -22.38145  -46.08188     2714  37.6  0  0  7 21 0 0 1 1 1 0 0 1 0 1 0 1 0 1
2014   2 28  8 25 22 769234  -22.42015  -45.98069     2825  20.7  0  0  5 10 0 0 1 0 1 0 0 1 0 0 1 0 0 1
2014   2 28  8 25 22 845623  -20.92275  -46.27604     3288  21.4  0  0  5 10 0 0 1 1 1 0 0 1 0 0 1 0 0 0
2014   2 28  8 25 22 960675  -21.46597  -45.97137     2920  45.0  0  0  7 21 0 0 1 1 1 0 0 1 0 1 1 0 0 1
2014   2 28  8 25 23   2878  -21.52818  -45.86282     3087  44.8  0  0  7 17 0 0 1 1 1 0 0 1 0 0 1 0 1 1
2014   2 28  8 25 23  25238  -21.50581  -45.97591     2634  30.5  0  0  7 21 0 0 1 1 1 0 0 1 0 1 1 0 0 1
2014   2 28  8 25 23  57904  -21.47253  -45.99187     2825  40.9  0  0  7 20 0 0 1 1 0 0 0 1 0 1 1 1 0 1
2014   2 28  8 25 23  72485  -21.53537  -45.92530     3128  24.8  0  0  5 10 0 0 1 1 1 0 0 1 0 0 0 0 0 1
2014   2 28  8 25 23 572489  -21.52748  -45.98510     3804  38.9  0  0  6 11 0 0 1 1 1 0 0 1 0 0 0 1 0 1
2014   2 28  8 25 24 330908  -21.62223 -143.49286    17236  22.7  0  0  5 10 0 0 0 1 1 0 0 1 0 0 0 1 0 1
2014   2 28  8 25 24 401445  -21.56364  -46.20103     3515  58.6  1  0  6 15 0 0 1 1 1 0 0 1 0 1 0 0 0 1
2014   2 28  8 25 24 417134  -21.64247  -46.09412     2937  31.6  0  0  6 15 0 0 1 1 1 0 0 1 0 0 1 0 0 1
2014   2 28  8 25 24 426187  -21.58002  -46.17638     3264  54.7  1  0  7 20 0 0 1 1 1 0 0 1 0 0 1 1 0 1
2014   2 28  8 25 24 569777  -21.70435  -46.08425     3176  51.8  1  0  7 20 0 0 1 1 1 0 0 1 0 0 1 0 1 1
2014   2 28  8 25 24 741663   -4.85481  -71.76489     4051  41.7  1  0  6 15 0 0 1 1 1 0 0 0 0 0 1 1 0 1
2014   2 28  8 25 24 852750   -6.91505  -69.44584    13108  18.1  0  0  5 10 0 0 0 1 1 0 0 0 0 1 1 0 0 1
2014   2 28  8 25 25 314361  -22.65586 -139.56683     7624  11.5  0  0  5 10 0 0 1 1 0 0 0 1 0 0 1 1 0 0
2014   2 28  8 25 25 578942   -7.34202   -3.92388    15669  76.6  2  0  6 14 0 0 1 1 1 0 0 0 1 0 1 0 0 1
2014   2 28  8 25 26  21450  -33.27435  -39.96183     5582  40.3  1  0  5 10 0 0 1 1 0 0 0 1 0 0 1 0 0 1
2014   2 28  8 25 26 545379  -33.19222  -39.99030     6140  48.5  1  0  5 10 0 0 1 1 1 0 0 0 0 0 1 0 0 1
2014   2 28  8 25 26 793038  -20.68994  -46.34107     3788  47.4  1  0  6 12 0 0 1 1 1 0 0 1 0 0 1 0 0 1
2014   2 28  8 25 28 744872  -12.79109  157.19077    15246  61.8  2  0  5  9 0 0 1 1 1 0 0 1 0 0 0 1 0 0
2014   2 28  8 25 28 779019  -14.10706  158.88541    79793   7.3  0  0  4  6 0 0 1 1 0 0 0 1 0 0 1 0 0 0
2014   2 28  8 25 28 910273  -31.10751 -131.96176    23552  59.5  2  0  5 10 0 0 1 0 1 0 0 1 0 0 0 1 0 1
2014   2 28  8 25 31 346569  -21.60018  -50.58728     3855  86.7  2  0  7 17 0 0 1 0 1 0 0 1 0 1 1 1 0 1
2014   2 28  8 25 31 729118   -9.12666  161.14395    12395  87.1  2  0  7 21 0 0 1 1 1 0 0 1 0 0 1 1 0 1
2014   2 28  8 25 33 594647  -10.57208  -57.95906     4642 116.2  2  0  7 21 0 0 1 1 1 0 0 1 0 0 1 1 0 1
2014   2 28  8 25 34 361102  -20.90063 -143.40009    24180 101.1  2  0  6 15 0 0 1 1 1 0 0 1 0 0 1 1 0 0
2014   2 28  8 25 34 584571  -11.69897  -72.91156     5653 106.0  2  0  7 20 0 0 1 0 1 0 0 1 0 1 1 1 0 1
2014   2 28  8 25 34 709281  -11.61647  -73.49068     6876 117.6  2  0  6 15 0 0 1 1 1 0 0 1 0 0 1 1 0 0
2014   2 28  8 25 35  97521   30.51681 -132.17961    19678 100.7  2  0  7 21 0 0 1 0 1 0 0 1 0 1 1 1 0 1
2014   2 28  8 25 35 663188  -11.95632  -74.21562     5161  52.8  2  0  5 10 0 0 1 1 0 0 0 1 0 0 1 1 0 0
2014   2 28  8 25 36  74554    7.43628  -73.68856     2793   8.2  0  0  7 20 0 0 1 1 0 0 0 1 0 1 1 1 0 1
2014   2 28  8 25 36  83183   -3.51122  149.48761     5158  33.4  0  0  7 21 0 0 1 1 1 0 0 1 0 1 1 1 0 0
2014   2 28  8 25 36 140381    7.59050  -73.72294     4729  11.8  0  0  5  7 0 0 0 1 1 0 0 1 0 0 1 1 0 0
2014   2 28  8 25 36 226778   -3.53407  149.59369     6309  35.1  0  0  6 14 0 0 1 1 0 0 0 1 0 1 1 1 0 0
2014   2 28  8 25 36 550233  -12.34352  -71.88598     2501  10.4  0  0  7 19 0 0 1 1 0 0 0 1 0 1 1 1 0 1
2014   2 28  8 25 36 561145  -22.04812 -140.45192    18391   6.5  0  0  4  6 0 0 1 0 0 0 0 1 0 1 1 0 0 0
2014   2 28  8 25 36 639985  -21.89926 -140.82982     7654  10.8  0  0  5 10 0 0 1 1 1 0 0 1 0 0 0 1 0 0
2014   2 28  8 25 36 726650  -21.91135 -140.63626     7865   8.8  0  0  5 10 0 0 1 1 1 0 0 0 0 0 1 1 0 0
2014   2 28  8 25 36 862710  -21.88797 -140.81679     4922   9.4  0  0  7 21 0 0 1 1 0 0 0 1 0 1 1 1 0 1
2014   2 28  8 25 36 924181  -21.85404 -140.96086     7206   7.2  0  0  5 10 0 0 1 1 0 0 0 1 0 0 1 1 0 0
2014   2 28  8 25 37   6275  -12.24381  -71.89260     4245  12.9  0  0  5  8 0 0 1 1 1 0 0 1 0 0 1 0 0 0
2014   2 28  8 25 37  85646  -21.87982 -140.71208     6213   9.1  0  0  6 15 0 0 1 1 1 0 0 0 0 0 1 1 0 1
2014   2 28  8 25 37 241572  -22.22796 -139.97980    21320  10.6  0  0  4  6 0 0 1 1 1 0 0 1 0 0 0 0 0 0
2014   2 28  8 25 37 387696  -12.30249  -72.06983     4385   5.7  0  0  4  6 0 0 0 1 1 0 0 1 0 0 0 1 0 0
2014   2 28  8 25 37 635795  -13.05464  -42.55999     9074  12.5  0  0  5  7 0 0 1 0 1 0 0 1 0 0 1 1 0 0
2014   2 28  8 25 37 788481   -3.55083  -71.58675     3251   2.1  0  0  4  6 0 0 1 1 0 0 0 0 0 0 1 1 0 0
2014   2 28  8 25 37 836424  -14.66631  160.89664     6467  18.3  0  0  6 14 0 0 1 1 0 0 0 1 0 0 1 1 0 1
2014   2 28  8 25 37 939507   -3.69406  -71.47869     4804  16.1  0  0  5 10 0 0 1 1 1 0 0 1 0 0 1 0 0 0
2014   2 28  8 25 39  54096  -22.63547 -139.90459     7173  25.4  0  0  7 21 0 0 1 1 1 0 0 0 0 1 1 1 0 1
2014   2 28  8 25 39 912395  -21.76783 -141.35530    12695  34.0  1  0  5 10 0 0 1 1 1 0 0 1 0 0 0 1 0 0
2014   2 28  8 25 39 933320  -21.67871 -141.66130     6849   5.0  0  0  5 10 0 0 1 1 0 0 0 1 0 0 1 1 0 0
2014   2 28  8 25 39 947489  -22.04607 -140.59099    26039  31.8  1  0  5 10 0 0 1 1 1 0 0 1 0 0 1 0 0 0
2014   2 28  8 25 40  31272   -5.96704 -113.14580     8048  59.8  1  0  7 21 0 0 1 1 1 0 0 1 0 0 1 1 0 1
2014   2 28  8 25 40 104076  -21.52445 -141.88132     6112  22.2  0  0  7 21 0 0 1 1 0 0 0 1 0 0 1 1 1 1
2014   2 28  8 25 40 152596  -21.61640 -141.35599     9852  29.5  0  0  6 15 0 0 1 0 1 0 0 1 0 0 1 1 0 1
2014   2 28  8 25 40 203472  -21.96413 -140.61282    18683  32.6  0  0  6 15 0 0 1 1 1 0 0 1 0 0 1 0 0 1
2014   2 28  8 25 40 402800  -25.41946  -44.42964     4872  36.4  1  0  5 10 0 0 1 0 0 0 0 1 0 1 1 1 0 0
2014   2 28  8 25 40 412549  -25.44339  -44.50130     3124  20.8  0  0  5 10 0 0 1 1 1 0 0 1 0 0 0 0 0 1
2014   2 28  8 25 41 247162   -7.94924  -39.30843     4788  26.3  0  0  6 11 0 0 1 1 0 0 0 1 0 0 1 1 0 1
2014   2 28  8 25 41 810740    4.12208  -85.49465     9151  54.5  1  0  6 15 0 0 0 1 0 0 0 1 0 1 1 1 0 1
2014   2 28  8 25 42 222022    4.15007  -85.22520     5952  51.6  1  0  6 15 0 0 1 1 1 0 0 1 0 0 1 1 0 0
2014   2 28  8 25 43  77874  -17.93481 -142.84978    13353  52.4  1  0  6 15 0 0 1 1 1 0 0 1 0 0 1 1 0 0
2014   2 28  8 25 43  89672  -18.13776 -141.79808    11411  49.9  0  0  7 20 0 0 1 0 1 0 0 1 0 1 1 1 0 1
2014   2 28  8 25 43 172048  -17.76032 -143.30276     8647  16.2  0  0  5 10 0 0 1 1 0 0 0 1 0 0 1 1 0 0
2014   2 28  8 25 43 224242    5.22710  -85.44813     7263  60.6  2  0  6 14 0 0 1 1 1 0 0 1 0 0 1 1 0 0
2014   2 28  8 25 43 293086  -21.53700  -46.02279     3878  52.8  2  0  5 10 0 0 1 1 0 0 0 1 0 1 0 0 0 1
2014   2 28  8 25 43 311307  -21.56702  -45.88974     3443  49.9  1  0  6 15 0 0 1 1 1 0 0 1 0 0 1 0 0 1
2014   2 28  8 25 43 557778  -30.63055 -135.12006    20548  53.2  2  0  5 10 0 0 1 0 0 0 0 1 0 1 1 1 0 0
2014   2 28  8 25 44 859309  -11.96399  -73.21427     4014  59.2  1  0  7 20 0 0 1 0 1 0 0 1 0 1 1 1 0 1
2014   2 28  8 25 45  47703  -20.94167  -48.27741     3739  42.3  1  0  5  9 0 0 0 1 0 0 0 1 0 1 1 1 0 0
2014   2 28  8 25 45 638896   -4.72610  -71.74651     4310  66.6  1  0  7 21 0 0 1 0 1 0 0 1 0 1 1 1 0 1
2014   2 28  8 25 45 730461   -4.63073  -72.00011     5015  74.7  2  0  6 15 0 0 1 1 1 0 0 1 0 0 1 1 0 0
2014   2 28  8 25 45 922589  -30.54842  -41.90752     6679  72.4  2  0  5 10 0 0 1 1 0 0 0 0 0 1 1 0 0 1
2014   2 28  8 25 45 944996   11.76770  -67.17634     3694   4.5  0  0  5 10 0 0 1 0 1 0 0 0 0 0 1 1 0 1
2014   2 28  8 25 45 979308  -30.48818  -42.19525     3559  20.0  0  0  5 10 0 0 1 1 1 0 0 0 0 1 0 0 0 1
2014   2 28  8 25 46  84033  -31.08728 -135.39058    32397  79.7  2  0  6 15 0 0 0 1 1 0 0 1 0 0 1 1 0 1
2014   2 28  8 25 46 365435  -20.78934 -143.53667    16819  89.3  2  0  7 21 0 0 1 1 1 0 0 1 0 1 1 1 0 0
2014   2 28  8 25 46 375145  -20.73495 -144.00859    15904  80.2  2  0  7 21 0 0 1 1 1 0 0 1 0 0 1 1 0 1
2014   2 28  8 25 46 395840  -20.44409 -144.98843    12302  28.4  0  0  5 10 0 0 1 1 0 0 0 1 0 0 1 1 0 0
2014   2 28  8 25 46 402489  -20.39246 -145.08809    16568  26.6  1  0  4  6 0 0 1 1 0 0 0 1 0 0 0 1 0 0
2014   2 28  8 25 46 630590  -20.56345 -144.46915     9624   3.2  0  0  4  6 0 0 1 0 0 0 0 1 0 0 1 1 0 0
2014   2 28  8 25 46 723710  -20.72997  -46.37097     4156  71.7  2  0  6 15 0 0 1 1 1 0 0 1 0 0 1 0 0 1
2014   2 28  8 25 46 781210  -29.69754  -42.66938     5241  44.9  1  0  6 14 0 0 0 1 1 0 0 1 0 0 1 1 0 1
2014   2 28  8 25 46 808245  -30.37801  -42.00615     7820  80.6  2  0  5 10 0 0 1 1 1 0 0 0 0 0 1 0 0 1
2014   2 28  8 25 46 883402  -18.19608 -143.97594     9500   4.4  0  0  4  6 0 0 1 0 0 0 0 1 0 0 1 1 0 0
2014   2 28  8 25 46 979846  -18.17009 -145.55617    41629  84.1  2  0  5 10 0 0 0 1 1 0 0 1 0 0 1 1 0 0
2014   2 28  8 25 49    871    7.20617  -77.44029     8708 102.1  2  0  6 14 0 0 1 1 1 0 0 1 0 0 1 1 0 0
2014   2 28  8 25 49 863428  -21.48320  -47.28753     4862 105.6  2  0  6 15 0 0 1 1 1 0 0 1 0 1 1 0 0 0
2014   2 28  8 25 50 644132  -31.80700 -136.14799    19704  90.0  2  0  7 21 0 0 1 0 1 0 0 1 0 1 1 1 0 1
2014   2 28  8 25 51  79441  -23.09257  -45.67276     6359 126.8  2  0  6 15 0 0 1 1 1 0 0 1 0 0 1 0 0 1
2014   2 28  8 25 51 171654  -22.84993  -46.16485     3939  45.0  1  0  5 10 0 0 1 1 0 0 0 1 0 1 1 0 0 0
2014   2 28  8 25 51 331851  -23.02779  -45.82241     4893 129.4  2  0  7 21 0 0 1 1 1 0 0 1 0 1 1 0 0 1
2014   2 28  8 25 51 944203    5.41734  -72.61295     6575 100.4  2  0  7 20 0 0 1 0 1 0 0 1 0 1 1 1 0 1
2014   2 28  8 25 52 440175  -33.62967  -39.35785     4225  12.1  0  0  4  6 0 0 1 1 0 0 0 1 0 0 1 0 0 0
2014   2 28  8 25 52 462175  -33.62229  -39.37654     2968  10.7  0  0  6 15 0 0 1 1 1 0 0 1 0 0 1 0 0 1
2014   2 28  8 25 52 534800  -33.61626  -39.46153     4000   2.7  0  0  4  6 0 0 1 0 0 0 0 1 0 1 1 0 0 0
2014   2 28  8 25 52 698633  -33.64624  -39.35808     3799  11.9  0  0  5 10 0 0 1 1 1 0 0 1 0 0 0 0 0 1
2014   2 28  8 25 53 131381  -21.81789 -141.06868     9720   5.1  0  0  4  6 0 0 1 0 0 0 0 1 0 0 1 1 0 0
2014   2 28  8 25 53 494040  -33.31101  -39.82052     2949  11.1  0  0  6 15 0 0 1 1 1 0 0 1 0 0 1 0 0 1
2014   2 28  8 25 53 501377  -33.31155  -39.82742     2969  11.7  0  0  6 15 0 0 1 1 1 0 0 1 0 0 1 0 0 1
2014   2 28  8 25 53 512377  -33.30540  -39.86239     3688  11.1  0  0  5 10 0 0 1 1 1 0 0 1 0 0 0 0 0 1
2014   2 28  8 25 53 751897  -11.81916  -73.02358     3265  15.8  0  0  5 10 0 0 1 0 0 0 0 1 0 1 1 1 0 0
2014   2 28  8 25 53 761062  -11.84493  -72.98765     2633   9.0  0  0  6 15 0 0 1 0 1 0 0 0 0 1 1 1 0 1
2014   2 28  8 25 53 834583  -11.84538  -73.12112     3147  12.7  0  0  6 15 0 0 0 1 1 0 0 1 0 0 1 1 0 1
2014   2 28  8 25 54  88644  -12.01609  -72.84657     5708  11.8  0  0  5 10 0 0 1 1 1 0 0 0 0 0 1 0 0 1
2014   2 28  8 25 54 356136  -11.95620  -72.92281     6299  20.6  0  0  6 14 0 0 0 1 1 0 0 1 0 1 1 0 0 1
2014   2 28  8 25 55 948347    0.56578  -18.15479     9949  25.2  0  0  5  9 0 0 1 1 0 0 0 1 0 0 0 1 0 1
2014   2 28  8 25 56 404600  -24.72642  -44.95743     2608  21.9  0  0  7 21 0 0 1 1 1 0 0 1 0 1 1 0 0 1
2014   2 28  8 25 57 409025   -6.73076   10.03536    21311  43.1  1  0  5 10 0 0 1 1 1 0 0 1 0 0 0 0 0 1
2014   2 28  8 25 57 574550    5.67717  144.48067     7812  41.1  1  0  5 10 0 0 1 0 0 0 0 1 0 1 0 1 0 1
2014   2 28  8 25 58  62429  -12.39080  -71.84545     4502  41.7  1  0  5 10 0 0 1 1 0 0 0 0 0 0 1 1 0 1
2014   2 28  8 25 58 578998   -1.23330  150.13046     5685  44.1  0  0  7 21 0 0 1 1 1 0 0 1 0 0 1 1 0 1
2014   2 28  8 25 59 651813  -23.53562  -45.60851     4311  43.7  1  0  5 10 0 0 1 0 0 0 0 1 0 1 1 0 0 1
2014   2 28  8 26  0 945190    5.78504  -82.85677     5396  56.9  1  0  7 21 0 0 1 0 1 0 0 1 0 1 1 1 0 1
2014   2 28  8 26  1  27788  -30.13616  -57.03097    11423  34.4  1  0  5 10 0 0 0 0 1 0 0 1 0 1 1 0 0 1
2014   2 28  8 26  1  94713  -40.08499  -67.12811     4268  52.8  1  0  7 17 0 0 1 0 1 0 0 1 0 1 1 1 0 1
2014   2 28  8 26  1 276839   -4.45243  -72.03431     5344  62.8  2  0  5 10 0 0 1 1 0 0 0 1 0 0 0 1 0 1
2014   2 28  8 26  1 359787   -4.51076  -71.98277     4771  67.8  2  0  6 15 0 0 1 1 1 0 0 1 0 0 1 1 0 0
2014   2 28  8 26  1 389391   -4.46185  -72.03249     4799  68.5  2  0  6 15 0 0 1 1 1 0 0 1 0 0 1 1 0 0
2014   2 28  8 26  1 400826   -4.52395  -71.89823     5633  75.8  2  0  6 15 0 0 1 1 1 0 0 0 0 0 1 1 0 1
2014   2 28  8 26  1 680786   -4.40016  -72.18979     4722  25.4  1  0  4  6 0 0 1 1 0 0 0 0 0 0 1 1 0 0
2014   2 28  8 26  5 816379  -33.28999  -40.07233     7929  88.5  2  0  6 15 0 0 1 1 1 0 0 1 0 0 1 0 0 1
2014   2 28  8 26  6   7158  -21.53280  -46.43070     4557  90.0  2  0  6 15 0 0 1 1 1 0 0 1 0 0 1 0 0 1
2014   2 28  8 26  8  11536   -4.94589  -71.77129     2749  18.2  0  0  7 21 0 0 1 1 1 0 0 1 0 1 1 1 0 0
2014   2 28  8 26  8 181236   -4.25603  148.66473     5605   9.0  0  0  4  6 0 0 1 1 0 0 0 1 0 0 0 1 0 0
2014   2 28  8 26  8 266283   -4.31496  148.80963    15374  14.4  0  0  4  6 0 0 1 1 0 0 0 0 0 0 1 1 0 0
2014   2 28  8 26  9  99766  -21.52348  -45.94026     2776  27.0  0  0  6 15 0 0 1 1 0 0 0 1 0 0 1 1 0 1
2014   2 28  8 26  9 218369   -4.21713  172.39513     8667  17.6  0  0  5 10 0 0 1 1 0 0 0 1 0 0 1 1 0 0
2014   2 28  8 26  9 274503  -10.00743  160.89917     5090  16.8  0  0  7 21 0 0 1 1 1 0 0 1 0 0 1 1 0 1
2014   2 28  8 26  9 365944  -11.42354  162.88087    52099   7.8  0  0  4  6 0 0 1 1 0 0 0 1 0 0 1 0 0 0
2014   2 28  8 26  9 825359  -20.63000  -46.36541     2625  20.7  0  0  6 15 0 0 1 1 0 0 0 1 0 1 1 0 0 1
2014   2 28  8 26 10 127537  -11.14223  162.41699    34309   6.0  0  0  5 10 0 0 1 1 1 0 0 1 0 0 1 0 0 0
2014   2 28  8 26 10 442090  -19.49922 -143.82820    12665   6.1  0  0  5 10 0 0 1 1 1 0 0 1 0 0 1 0 0 0
2014   2 28  8 26 10 693515    5.21626  -85.15807     5788  29.0  0  0  5  9 0 0 1 1 1 0 0 0 0 1 0 1 0 0
2014   2 28  8 26 10 721164    5.21934  -85.11924     3752  24.7  0  0  7 21 0 0 1 1 1 0 0 0 0 1 1 1 0 1
2014   2 28  8 26 10 777476    5.25193  -85.26301     3849  27.9  0  0  7 21 0 0 1 1 1 0 0 1 0 0 1 1 0 1
2014   2 28  8 26 11   1744  -32.53799   18.89365     7731  15.4  0  0  6 15 0 0 1 1 1 0 0 1 0 0 1 0 0 1
2014   2 28  8 26 11 183028    5.62865  -72.69216     4228  15.0  0  0  5  8 0 0 0 1 1 0 0 1 0 0 1 1 0 0
2014   2 28  8 26 11 216936    5.58668  -72.51832     3233  26.9  0  0  7 21 0 0 1 1 1 0 0 1 0 0 1 1 0 1
2014   2 28  8 26 11 245996    5.61479  -72.57851     4510  22.6  0  0  6 12 0 0 1 1 1 0 0 1 0 0 1 1 0 0
2014   2 28  8 26 11 430181  -22.32926  -46.03418     2694  32.0  0  0  7 21 0 0 1 1 1 0 0 1 0 1 1 0 0 1
2014   2 28  8 26 11 472556  -31.18328 -132.73341    13998  17.6  0  0  4  6 0 0 1 0 0 0 0 1 0 0 1 1 0 0
2014   2 28  8 26 11 567605   -1.28504  150.14139     5040  13.8  0  0  5 10 0 0 1 1 0 0 0 1 0 0 1 1 0 0
2014   2 28  8 26 11 889462  -22.30848  -46.04483     3404  48.6  1  0  6 14 0 0 1 1 1 0 0 1 0 0 0 1 0 1
2014   2 28  8 26 12 781599  -13.16411  -38.80764     3306  23.9  0  0  7 17 0 0 1 0 1 0 0 0 0 1 1 1 1 1
2014   2 28  8 26 12 905259  -22.48541  -46.19138     3104  25.2  0  0  5 10 0 0 1 1 1 0 0 1 0 0 0 0 0 1
2014   2 28  8 26 12 953712    3.00761    0.75059    24034  30.3  1  0  5  9 0 0 1 1 1 0 0 1 0 0 1 0 0 0
2014   2 28  8 26 12 975639  -13.33999  -38.92644     4236  25.0  0  0  6 15 0 0 1 1 1 0 0 1 0 0 1 0 0 1
2014   2 28  8 26 14 549747  -10.78268  -56.37505     4698  50.2  2  0  5 10 0 0 1 0 1 0 0 1 0 0 1 1 0 0
2014   2 28  8 26 14 583985  -10.80917  -56.32387     3546  55.3  1  0  7 21 0 0 1 0 1 0 0 1 0 1 1 1 0 1
2014   2 28  8 26 15 886777  -20.71762  -46.35456     4058  46.5  1  0  5 10 0 0 0 1 1 0 0 1 0 0 1 0 0 1
2014   2 28  8 26 16 238732    9.55176  -73.69759     5431  55.2  1  0  6 15 0 0 1 1 1 0 0 1 0 0 1 1 0 0
2014   2 28  8 26 16 246497    8.24568  -72.73576     9253  58.0  1  0  7 21 0 0 1 1 1 0 0 1 0 1 1 0 0 1
2014   2 28  8 26 16 974593  -21.64422 -141.14403    14150  64.5  1  0  7 21 0 0 1 0 1 0 0 1 0 1 1 1 0 1
2014   2 28  8 26 17 169871  -21.40199 -142.39603    18902  75.7  2  0  6 15 0 0 1 1 1 0 0 1 0 0 0 1 0 1
2014   2 28  8 26 17 229623  -21.60240 -141.11493    14410  66.2  1  0  7 21 0 0 1 0 1 0 0 1 0 1 1 1 0 1
2014   2 28  8 26 17 335749  -21.97192 -141.03346    46510  61.9  2  0  5 10 0 0 1 1 1 0 0 1 0 0 1 0 0 0
2014   2 28  8 26 17 365578  -21.23874 -143.03069    39439  29.3  1  0  4  6 0 0 1 1 0 0 0 1 0 0 1 0 0 0
2014   2 28  8 26 17 561656  -22.36877 -139.92091    35654  70.4  2  0  6 15 0 0 1 1 1 0 0 1 0 0 1 0 0 1
2014   2 28  8 26 17 827868  -33.22998  -40.10443     7464  63.3  2  0  5 10 0 0 1 1 0 0 0 1 0 0 1 0 0 1
2014   2 28  8 26 17 852055  -33.22855  -40.10519     7498  63.7  2  0  5 10 0 0 1 1 0 0 0 1 0 0 1 0 0 1
2014   2 28  8 26 18  48364  -23.52259  -45.74854     3894  80.0  2  0  7 21 0 0 1 1 1 0 0 1 0 1 1 0 0 1
2014   2 28  8 26 18 533777  -21.22717 -142.95856    17566  68.9  2  0  6 15 0 0 1 1 1 0 0 1 0 0 1 1 0 0
2014   2 28  8 26 18 703803  -23.51438  -45.76277     3980  83.9  2  0  7 21 0 0 1 1 1 0 0 1 0 1 1 0 0 1
2014   2 28  8 26 18 772443  -23.55778  -45.69330     5034  87.2  2  0  6 15 0 0 1 1 1 0 0 1 0 0 1 0 0 1
2014   2 28  8 26 18 796224  -23.55877  -45.69117     5051  87.5  2  0  6 15 0 0 1 1 1 0 0 1 0 0 1 0 0 1
2014   2 28  8 26 18 960618  -23.55974  -45.76360     4712  89.8  2  0  6 15 0 0 1 1 1 0 0 1 0 1 0 0 0 1
2014   2 28  8 26 19 564776   -3.71592  170.91313    16928  25.2  1  0  4  6 0 0 1 1 0 0 0 0 0 0 1 1 0 0
2014   2 28  8 26 20 992349  -21.12746  -45.79638     6137  57.2  2  0  5 10 0 0 1 0 1 0 0 0 0 1 1 0 0 1
2014   2 28  8 26 21 276414  -21.01369  -46.13762     3312  22.2  0  0  5 10 0 0 1 1 1 0 0 0 0 0 1 0 0 1
2014   2 28  8 26 21 732311  -21.49402  -46.85324     3043  13.0  0  0  4  6 0 0 1 0 0 0 0 1 0 0 1 0 0 1
2014   2 28  8 26 22  40266  -23.64534  -45.80549     5659 113.5  2  0  6 15 0 0 1 1 0 0 0 1 0 1 1 0 0 1
2014   2 28  8 26 22 281285  -31.95901  -41.32220     7191  38.8  1  0  5 10 0 0 0 1 1 0 0 1 0 0 1 0 0 1
2014   2 28  8 26 22 738148  -31.62652  -41.55743     4621   3.8  0  0  4  6 0 0 0 1 0 0 0 0 0 1 1 0 0 1
2014   2 28  8 26 23 460300  -20.78879 -142.85254    21139 103.8  2  0  7 21 0 0 1 0 1 0 0 1 0 1 1 1 0 1
2014   2 28  8 26 23 509592  -28.94500  -61.04810     4882  24.1  0  0  5 10 0 0 1 1 1 0 0 0 0 0 1 0 0 1
2014   2 28  8 26 24 324403  -21.32679  -47.40329     2366  16.9  0  0  7 21 0 0 1 1 0 0 0 1 0 1 1 1 0 1
2014   2 28  8 26 24 407401  -21.33904  -47.42432     2637  18.7  0  0  6 15 0 0 1 1 0 0 0 1 0 1 1 1 0 0
2014   2 28  8 26 24 629429   -1.44780  150.27737     5785  32.3  0  0  6 15 0 0 1 1 1 0 0 1 0 0 1 1 0 0
2014   2 28  8 26 25 390838  -21.09193  -47.33978     3046  23.5  0  0  5  9 0 0 1 0 0 0 0 1 0 1 0 1 0 1
2014   2 28  8 26 25 648416  -34.26348  -37.53168     6170  28.6  1  0  4  6 0 0 1 1 0 0 0 1 0 0 1 0 0 0
2014   2 28  8 26 25 728782   -8.63295  174.79955    39704  28.2  1  0  4  6 0 0 1 1 0 0 0 1 0 0 1 0 0 0
2014   2 28  8 26 25 839368  -34.19448  -37.63100     3885  29.2  0  0  6 15 0 0 1 1 1 0 0 1 0 0 1 0 0 1
2014   2 28  8 26 25 851272  -34.26777  -37.58731     5716  86.3  2  0  7 21 0 0 1 1 1 0 0 1 0 0 1 1 0 1
2014   2 28  8 26 26 347770   -4.83386  -71.62212     4150  20.1  1  0  4  6 0 0 1 1 0 0 0 0 0 0 1 1 0 0
2014   2 28  8 26 26 375408   -4.88239  -71.73454     3560  31.6  0  0  6 14 0 0 1 1 1 0 0 1 0 0 1 1 0 0
2014   2 28  8 26 26 784190    6.86777  -74.42591     3192  16.5  0  0  7 19 0 0 1 1 1 0 0 0 0 1 1 1 0 1
2014   2 28  8 26 27  81211  -21.87551 -140.67430    16175  42.4  1  0  5 10 0 0 1 1 1 0 0 1 0 0 0 1 0 0
2014   2 28  8 26 27 311417  -20.61039  -46.21136     3166  21.4  0  0  5  8 0 0 0 1 1 0 0 1 0 0 1 0 0 1
2014   2 28  8 26 28 633378   -4.43709  -71.64169     3217  23.9  0  0  6 15 0 0 1 1 1 0 0 0 0 1 1 1 0 0
2014   2 28  8 26 29 135396  -32.45248 -126.89287    12435  47.8  1  0  6 15 0 0 1 1 0 0 0 1 0 0 1 1 0 1
2014   2 28  8 26 30 440174  -33.45367  -39.64883     4750  50.7  1  0  6 15 0 0 1 1 1 0 0 1 0 0 1 0 0 1
2014   2 28  8 26 33 340332   -7.46413    7.07990    22173  66.3  2  0  6 15 0 0 1 1 1 0 0 1 0 0 1 0 0 1
2014   2 28  8 26 33 621001    7.54995  -78.66133     6972  64.3  2  0  6 14 0 0 1 0 1 0 0 1 0 0 1 1 0 1
2014   2 28  8 26 33 635106    7.47834  -78.51701    13211  90.3  2  0  6 15 0 0 0 1 0 0 0 1 0 1 1 1 0 1
2014   2 28  8 26 33 676653  -21.30314  -46.66444     2789  16.2  0  0  5  9 0 0 1 1 0 0 0 0 0 1 0 1 0 1
2014   2 28  8 26 35 354308  -20.17268  -46.09085     7048  58.3  2  0  5 10 0 0 1 0 1 0 0 0 0 1 1 0 0 1
2014   2 28  8 26 35 493565  -20.65622  -45.98060     3726  52.5  1  0  6 15 0 0 1 1 1 0 0 1 0 0 1 0 0 1
2014   2 28  8 26 35 531827  -20.65686  -45.98067     3704  51.8  1  0  6 15 0 0 1 1 1 0 0 1 0 0 1 0 0 1
2014   2 28  8 26 35 805482  -12.32879  -71.59740     4838  98.0  2  0  7 21 0 0 1 1 1 0 0 1 0 0 1 1 0 1
2014   2 28  8 26 36   9984  -20.42234  -46.24482     3015  57.7  1  0  7 21 0 0 1 1 1 0 0 0 0 1 1 1 0 1
2014   2 28  8 26 36  50351  -20.55894  -46.27500     3647  92.1  2  0  7 21 0 0 1 1 1 0 0 1 0 1 0 1 0 1
2014   2 28  8 26 36 235313  -12.21244  -71.38838     3808  58.2  1  0  7 21 0 0 1 1 1 0 0 0 0 1 1 1 0 1
2014   2 28  8 26 37  85371   -0.92578  149.51237    12077  74.5  2  0  5 10 0 0 1 0 1 0 0 1 0 0 1 1 0 0
2014   2 28  8 26 37 410891  -33.64295  -38.81140     6790  86.2  2  0  6 15 0 0 1 1 1 0 0 1 0 0 1 0 0 1
2014   2 28  8 26 37 425988  -33.53723  -39.05890     6067  95.0  2  0  7 21 0 0 1 1 1 0 0 1 0 1 1 0 0 1
2014   2 28  8 26 37 563340   11.48542 -106.35561    11353  18.7  0  0  5 10 0 0 0 1 1 0 0 0 0 0 1 1 0 1
2014   2 28  8 26 37 594376  -33.53614  -39.32832    11355  80.0  2  0  5 10 0 0 1 0 1 0 0 1 0 0 1 0 0 1
2014   2 28  8 26 37 971179  -33.33682  -39.06222    14119 106.5  2  0  6 15 0 0 0 1 1 0 0 1 0 0 1 1 0 1
2014   2 28  8 26 38  83818  -21.27453  -45.84153     3157  67.9  1  0  7 21 0 0 1 1 1 0 0 0 0 1 1 1 0 1
2014   2 28  8 26 38  92494  -21.53069  -45.56545     4494  78.8  2  0  6 15 0 0 1 1 1 0 0 1 0 0 1 0 0 1
2014   2 28  8 26 38 331581  -33.64035  -38.82349     7048  91.0  2  0  6 15 0 0 1 1 1 0 0 1 0 0 1 0 0 1
2014   2 28  8 26 38 417267  -51.63773  -29.85689    10140   9.6  0  0  4  6 0 0 1 1 1 0 0 1 0 0 0 0 0 0
2014   2 28  8 26 38 891955  -30.47278  -40.49836     3509   3.7  0  0  4  6 0 0 1 1 0 0 0 0 0 0 1 0 0 1
2014   2 28  8 26 39 111597  -30.67609  -40.52956    10986 100.5  2  0  6 11 0 0 1 1 1 0 0 1 0 0 1 0 0 1
2014   2 28  8 26 39 123991  -30.60113  -40.58381     6513  93.3  2  0  6 15 0 0 1 1 1 0 0 1 0 0 1 0 0 1
2014   2 28  8 26 39 398877   -0.81953  149.63080     6219   8.5  0  0  4  6 0 0 1 0 0 0 0 1 0 0 1 1 0 0
2014   2 28  8 26 39 731804  -23.73437  -45.39093     5072 118.1  2  0  7 20 0 0 1 1 0 0 0 1 0 1 1 1 0 1
2014   2 28  8 26 39 744968  -23.66266  -45.47796     4087  60.0  1  0  6 14 0 0 1 1 1 0 0 0 0 1 0 1 0 1
2014   2 28  8 26 40 376813  -25.01301  -44.72052     3069   6.5  0  0  5  9 0 0 1 1 0 0 0 0 0 0 1 1 0 1
2014   2 28  8 26 40 384255  -25.04370  -44.66394     4219  16.1  0  0  4  6 0 0 1 1 0 0 0 1 0 0 0 0 0 1
2014   2 28  8 26 40 401146  -10.88055  -58.19717     4211   6.6  0  0  4  6 0 0 1 0 0 0 0 0 0 1 1 1 0 0
2014   2 28  8 26 40 522771  -10.86637  -58.20996     2509  15.7  0  0  7 21 0 0 0 1 1 0 0 1 0 0 1 1 1 1
2014   2 28  8 26 40 556418   -7.04122  147.07596     6759  10.0  0  0  4  6 0 0 1 0 0 0 0 1 0 0 1 1 0 0
2014   2 28  8 26 40 752270  -25.03663  -44.69200     2892  19.9  0  0  6 15 0 0 1 1 1 0 0 1 0 0 1 0 0 1
2014   2 28  8 26 41 450032    5.11425  -86.56739     3768  24.2  0  0  7 20 0 0 1 1 1 0 0 1 0 0 1 1 0 1
2014   2 28  8 26 41 552974    5.10327  -86.53490     3690  24.3  0  0  7 21 0 0 1 1 1 0 0 1 0 0 1 1 0 1
2014   2 28  8 26 41 674891    2.55567   -1.06010    15868  17.6  0  0  5  9 0 0 1 1 1 0 0 1 0 0 0 0 0 1
2014   2 28  8 26 41 882066   -5.03137  145.04980     6142   9.8  0  0  4  6 0 0 1 0 0 0 0 1 0 0 1 1 0 0
2014   2 28  8 26 42 230209    8.40050  -72.97882     4226  27.8  0  0  7 17 0 0 1 1 1 0 0 1 0 0 1 1 0 1
2014   2 28  8 26 42 558388    5.65274  -82.82618     3869  31.0  0  0  7 21 0 0 1 1 1 0 0 1 0 1 0 1 0 1
2014   2 28  8 26 42 791613   -6.97642    9.17712    12812  21.2  0  0  5 10 0 0 1 1 1 0 0 1 0 0 0 0 0 1
2014   2 28  8 26 43   9308    5.34879  -82.38005    11783  34.3  1  0  5  9 0 0 1 1 1 0 0 1 0 0 1 0 0 0
2014   2 28  8 26 43 433842   -4.97709  -22.55221    20979 114.2  2  0  6 14 0 0 1 1 1 0 0 0 0 0 0 1 1 1
2014   2 28  8 26 43 722013   -5.26812   11.54705    20624   8.8  0  0  5 10 0 0 1 1 1 0 0 0 0 0 1 0 0 1
2014   2 28  8 26 45 896354  -20.86096  -46.21382     3060  30.4  0  0  6 15 0 0 1 1 1 0 0 1 0 0 1 0 0 1
2014   2 28  8 26 46 126865  -21.41014  -47.06433     3085  53.4  1  0  7 20 0 0 1 1 1 0 0 1 0 1 1 0 0 1
2014   2 28  8 26 46 267247  -20.62090  -46.13937     3967  25.6  0  0  5  8 0 0 1 1 0 0 0 1 0 0 1 0 0 1
2014   2 28  8 26 46 315938  -20.90045  -46.20490     3740  26.7  0  0  5  8 0 0 0 1 1 0 0 1 0 0 1 0 0 1
2014   2 28  8 26 46 323842  -20.61333  -46.14240     3053  29.6  0  0  6 15 0 0 1 1 1 0 0 1 0 0 1 0 0 1
2014   2 28  8 26 46 732806  -21.48517  -46.85005     3763  34.3  1  0  5  9 0 0 1 1 1 0 0 1 0 0 0 0 0 1
2014   2 28  8 26 46 937558    0.44901   -4.36406    31758  55.8  2  0  5 10 0 0 1 1 1 0 0 1 0 0 1 0 0 0
2014   2 28  8 26 47 215291  -21.29242 -142.46548    10763   9.0  0  0  4  6 0 0 1 0 0 0 0 1 0 0 1 1 0 0
2014   2 28  8 26 47 350976  -21.36508 -142.41289    10966   9.6  0  0  4  6 0 0 1 0 0 0 0 1 0 0 1 1 0 0
2014   2 28  8 26 47 980268  -21.46362  -46.80297     3329  30.4  0  0  6 11 0 0 1 1 1 0 0 1 0 0 1 0 0 1
2014   2 28  8 26 48 288620  -21.61451  -46.23758     4305  77.8  2  0  6 15 0 0 1 1 0 0 0 1 0 1 1 1 0 0
2014   2 28  8 26 48 625715    7.49624  -73.24887     4214  43.7  0  0  7 20 0 0 1 1 1 0 0 0 0 1 1 1 0 1
2014   2 28  8 26 49 260310  -33.35398  -39.35009     5341  60.9  2  0  6 15 0 0 1 1 1 0 0 1 0 0 1 0 0 1
2014   2 28  8 26 49 281776  -33.35382  -39.34754     5334  60.8  2  0  6 15 0 0 1 1 1 0 0 1 0 0 1 0 0 1
2014   2 28  8 26 49 289270  -33.35804  -39.34940     5297  60.0  1  0  6 15 0 0 1 1 1 0 0 1 0 0 1 0 0 1
2014   2 28  8 26 49 323489  -21.45758  -46.82479     4101  52.0  2  0  5 10 0 0 0 1 1 0 0 1 0 0 1 0 0 1
2014   2 28  8 26 49 432863  -33.27021  -39.73429     7933  51.4  2  0  5 10 0 0 1 0 1 0 0 1 0 0 1 0 0 1
2014   2 28  8 26 49 810906   -1.43924    3.84076    21557  64.6  2  0  5 10 0 0 1 1 0 0 0 0 0 0 1 1 0 1
2014   2 28  8 26 49 900425  -22.18706  -45.96526     3379  81.0  2  0  7 21 0 0 1 1 0 0 0 1 0 1 1 1 0 1
2014   2 28  8 26 50 915777   -4.76768  -71.36068     3717  50.0  0  0  7 21 0 0 1 1 1 0 0 0 0 1 1 1 0 1
2014   2 28  8 26 50 980661   -4.81774  -71.64390     4881  87.4  2  0  7 21 0 0 1 1 1 0 0 1 0 0 1 1 0 1
2014   2 28  8 26 51 363594   -4.68684  -70.98473     6357  48.7  1  0  5 10 0 0 0 1 0 0 0 0 0 1 1 1 0 1
2014   2 28  8 26 51 414560   -4.80441  -71.65059     6222  98.2  2  0  6 15 0 0 1 1 1 0 0 1 0 0 1 1 0 0
2014   2 28  8 26 51 537105   21.11394  -91.31693     8346  54.0  1  0  7 21 0 0 1 1 1 0 0 0 0 1 1 1 0 1
2014   2 28  8 26 52 396924   -4.60498  145.15781     7025  67.5  1  0  7 21 0 0 1 0 1 0 0 1 0 1 1 1 0 1
2014   2 28  8 26 52 702058  -30.67181  -40.89125     3800   9.6  0  0  4  6 0 0 1 1 0 0 0 0 0 0 1 0 0 1
2014   2 28  8 26 52 806438  -30.64740  -40.96144     3826  24.8  0  0  5 10 0 0 1 1 1 0 0 0 0 0 1 0 0 1
2014   2 28  8 26 53 158050   -3.56228  -70.91055     4093  61.3  1  0  7 21 0 0 1 1 1 0 0 0 0 1 1 1 0 1
2014   2 28  8 26 53 290660   -3.63602  -71.31927     9794 112.1  2  0  6 15 0 0 0 1 1 0 0 1 0 0 1 1 0 1
2014   2 28  8 26 53 345412   -2.17365  -71.77852    38292  53.4  2  0  5 10 0 0 1 0 1 0 0 0 0 1 1 0 0 1
2014   2 28  8 26 53 533225    6.93124  -74.63960    12948  90.2  2  0  6 15 0 0 0 1 1 0 0 1 0 1 0 1 0 1
2014   2 28  8 26 54 321248    8.42929  -73.34478    16683  17.9  0  0  4  6 0 0 1 1 0 0 0 0 0 0 1 0 0 1
2014   2 28  8 26 54 394953  -20.92641  -45.89069     4159  65.1  2  0  6 15 0 0 1 1 1 0 0 1 0 0 1 0 0 1
2014   2 28  8 26 55 845817   -0.96340  150.22470    16838 121.3  2  0  6 15 0 0 1 0 1 0 0 1 0 1 1 1 0 0
2014   2 28  8 26 56 152975  -20.59224  -46.33707     3081  13.1  0  0  4  6 0 0 0 1 0 0 0 1 0 0 1 0 0 1
2014   2 28  8 26 56 491500  -20.61020  -46.34228     2906  15.8  0  0  5 10 0 0 1 1 1 0 0 1 0 0 0 0 0 1
2014   2 28  8 26 56 536633    9.25947  -73.39634     3842  20.3  0  0  7 21 0 0 0 1 1 0 0 1 0 1 0 1 1 1
2014   2 28  8 26 57 132032  -21.54511  -46.03197     2692  19.4  0  0  6 15 0 0 1 1 1 0 0 1 0 0 1 0 0 1
2014   2 28  8 26 57 163562  -21.52042  -46.07124     2713  25.1  0  0  6 13 0 0 1 1 0 0 0 1 0 1 0 1 0 1
2014   2 28  8 26 57 251822  -21.56300  -46.00844     3070  22.0  0  0  5 10 0 0 1 1 1 0 0 1 0 0 0 0 0 1
2014   2 28  8 26 57 870249  -13.28772  -71.09198     3642  27.4  0  0  7 21 0 0 0 1 1 0 0 1 0 1 1 1 0 1
2014   2 28  8 26 57 899436  -13.26150  -71.04004     2835  26.4  0  0  7 21 0 0 1 1 1 0 0 1 0 0 1 1 0 1
2014   2 28  8 26 57 908782  -13.26898  -71.04706     2860  27.3  0  0  7 21 0 0 1 1 1 0 0 1 0 0 1 1 0 1
2014   2 28  8 26 58  93188  -13.35302  -71.09456     3658  10.8  0  0  5  7 0 0 1 1 1 0 0 0 0 0 1 1 0 0
2014   2 28  8 26 58 126698  -13.30147  -71.18591     4105  25.4  0  0  6 15 0 0 0 0 1 0 0 1 0 1 1 1 0 1
2014   2 28  8 26 58 808177  -29.33107 -133.92827    11768  36.7  0  0  6 15 0 0 1 1 1 0 0 1 0 0 1 1 0 0
2014   2 28  8 27  0 438632  -31.22504 -130.56702    11493  23.0  0  0  5 10 0 0 1 1 1 0 0 0 0 0 0 1 0 1
2014   2 28  8 27  0 669040  -31.26846 -131.75133    22120  57.0  2  0  5  9 0 0 1 1 0 0 0 1 0 0 1 1 0 0
2014   2 28  8 27  1  36101  -21.73875 -140.74915    11606  50.7  1  0  7 21 0 0 1 1 1 0 0 1 0 0 1 1 0 1
2014   2 28  8 27  1 926064  -20.61967  -46.17690     3706  39.6  1  0  5 10 0 0 0 1 1 0 0 1 0 0 1 0 0 1
2014   2 28  8 27  2 205686   -1.30120  -32.82021    61240  36.4  1  0  5  7 0 0 1 1 1 0 0 0 0 0 1 1 0 0
2014   2 28  8 27  2 241539  -21.49652  -45.79691     3381  43.5  1  0  6 15 0 0 1 1 1 0 0 1 0 0 1 0 0 1
2014   2 28  8 27  3 895803   -1.10275  149.41136    11154  65.8  2  0  5 10 0 0 0 1 1 0 0 1 0 0 1 1 0 0
2014   2 28  8 27  4 112581    2.79598  -84.72839    10737  74.6  2  0  7 21 0 0 0 1 1 0 0 1 0 1 1 1 0 1
2014   2 28  8 27  4 353627   24.87014  -79.17507    12444  65.1  1  0  7 21 0 0 1 1 1 0 0 1 0 0 1 1 0 1
2014   2 28  8 27  4 472569  -11.68032  -72.79310     4481  41.4  1  0  5 10 0 0 1 0 1 0 0 0 0 1 1 1 0 0
2014   2 28  8 27  4 565970  -11.66306  -72.77785     3297  40.7  0  0  7 21 0 0 1 1 1 0 0 0 0 1 1 1 0 1
2014   2 28  8 27  4 600349  -11.76889  -72.74209     5849  47.8  1  0  6 11 0 0 1 1 1 0 0 0 0 0 1 1 0 1
2014   2 28  8 27  4 638971  -10.93020  -73.47267     7901  22.5  0  0  5  8 0 0 1 1 1 0 0 0 0 0 1 0 0 1
2014   2 28  8 27  4 870553  -40.11313  -67.19823    11469 108.6  2  0  6 15 0 0 1 1 0 0 0 1 0 1 1 0 0 1
2014   2 28  8 27  4 912816  -10.90719  -57.05667     3981  44.5  1  0  6 15 0 0 1 1 1 0 0 1 0 0 1 0 0 1
2014   2 28  8 27  5 425453  -10.93844  -56.99599     3697  56.3  1  0  7 21 0 0 1 1 1 0 0 1 0 1 1 0 0 1
2014   2 28  8 27  6 248023    6.46746  142.59355     7091  49.1  1  0  6 15 0 0 1 1 1 0 0 1 0 0 0 1 0 1
2014   2 28  8 27  6 822739   -0.44198    5.80028    39602  73.5  2  0  5 10 0 0 1 1 1 0 0 1 0 0 1 0 0 0
2014   2 28  8 27  7 576738  -24.71711  -44.63791     4753  51.1  2  0  5 10 0 0 1 1 1 0 0 0 0 0 1 0 0 1
2014   2 28  8 27  8 901593    4.91149  148.72220     8698  78.5  2  0  7 21 0 0 0 1 1 0 0 1 0 1 0 1 1 1
2014   2 28  8 27  9 692493  -20.65053  -45.91693     5242  53.5  2  0  5  8 0 0 0 1 1 0 0 1 0 0 1 0 0 1
2014   2 28  8 27 12 137399   18.56970  -91.80154     7941  14.3  0  0  6 14 0 0 0 1 1 0 0 1 0 0 1 1 0 1
2014   2 28  8 27 12 170779   18.53755  -91.51664     4987  25.4  0  0  7 20 0 0 1 1 1 0 0 1 0 0 1 1 0 1
2014   2 28  8 27 12 206700   18.47794  -91.47497     3818   7.1  0  0  7 20 0 0 1 1 1 0 0 0 0 1 1 1 0 1
2014   2 28  8 27 12 253174   18.48397  -91.47428     3780   6.8  0  0  7 21 0 0 1 1 1 0 0 0 0 1 1 1 0 1
2014   2 28  8 27 12 321381   18.49122  -91.52929     5194  15.4  0  0  6 15 0 0 1 1 0 0 0 1 0 1 1 1 0 0
2014   2 28  8 27 12 549221  -21.46076  -47.01042     2419   8.6  0  0  6 15 0 0 1 1 1 0 0 1 0 0 1 0 0 1
2014   2 28  8 27 12 654952  -22.34150 -139.52596    14632  11.7  0  0  5 10 0 0 1 1 1 0 0 1 0 0 1 0 0 0
2014   2 28  8 27 12 731564  -21.45846  -46.97901     3103   5.4  0  0  4  6 0 0 1 1 1 0 0 1 0 0 0 0 0 0
2014   2 28  8 27 12 935877    4.48940  -73.28607     3264  14.5  0  0  7 21 0 0 0 1 1 0 0 1 0 1 1 1 0 1
2014   2 28  8 27 13 455317  -21.44241  -47.00621     2490  11.8  0  0  6 15 0 0 1 1 1 0 0 1 0 0 1 0 0 1
2014   2 28  8 27 13 478513  -10.19472  160.92950     6069  23.4  0  0  7 16 0 0 0 1 1 0 0 1 0 1 1 1 0 1
2014   2 28  8 27 13 486417   -4.45484  -71.84717     3583  23.0  0  0  5 10 0 0 1 1 0 0 0 1 0 0 1 1 0 0
2014   2 28  8 27 13 540994  -13.26859  165.10515    89428  28.2  1  0  4  6 0 0 1 1 0 0 0 1 0 0 1 0 0 0
2014   2 28  8 27 13 768409   -0.86514  148.33231    19585  34.1  1  0  5 10 0 0 1 1 1 0 0 0 0 0 1 1 0 0
2014   2 28  8 27 14  28400  -19.00186 -141.51205     5988  17.1  0  0  7 21 0 0 1 0 1 0 0 1 0 1 1 1 0 1
2014   2 28  8 27 14  75156  -19.57562 -139.96228    12323  18.5  0  0  6 15 0 0 1 1 1 0 0 1 0 0 1 0 0 1
2014   2 28  8 27 14  97330  -19.04087 -140.94716     8316  15.6  0  0  5 10 0 0 1 1 1 0 0 0 0 1 0 1 0 0
2014   2 28  8 27 14 131552  -19.02408 -141.89503    20438  29.9  0  0  5 10 0 0 0 1 0 0 0 1 0 0 1 1 0 1
2014   2 28  8 27 14 142608  -10.27524  161.08295     6766  32.6  0  0  7 21 0 0 1 1 1 0 0 1 0 0 1 1 0 1
2014   2 28  8 27 14 241570  -19.04107 -140.76524    13903  18.0  0  0  4  6 0 0 1 1 0 0 0 0 0 0 1 1 0 0
2014   2 28  8 27 14 707206   -4.83962  -71.71253     3368  29.3  0  0  6 15 0 0 1 1 0 0 0 1 0 0 1 1 0 1
2014   2 28  8 27 14 748802   -5.03308  -71.48821     3949  19.8  0  0  6 15 0 0 1 1 1 0 0 1 0 0 1 0 0 1
2014   2 28  8 27 14 790246   -5.06409  -71.47425     3745  17.9  0  0  6 15 0 0 1 1 1 0 0 1 0 1 0 0 0 1
2014   2 28  8 27 15 221235  -10.13713  161.02312     7654  40.5  0  0  7 21 0 0 1 1 1 0 0 1 0 0 1 1 0 1
2014   2 28  8 27 15 322740   -4.84989  -71.77227     5315  36.6  1  0  5 10 0 0 0 1 0 0 0 1 0 0 1 1 0 1
2014   2 28  8 27 15 805033   -7.59925    5.82274    17819   8.7  0  0  5 10 0 0 0 1 1 0 0 1 0 0 1 0 0 1
2014   2 28  8 27 15 987859  -21.12325  -46.44070     2729  20.0  0  0  6 15 0 0 1 1 1 0 0 1 0 0 1 0 0 1
2014   2 28  8 27 16 110839  -34.24505  -37.74289     4204  34.6  0  0  6 15 0 0 1 1 1 0 0 1 0 0 1 0 0 1
2014   2 28  8 27 18 378779  -23.56879  -45.48756     3945  49.3  1  0  6 15 0 0 1 1 0 0 0 1 0 1 1 0 0 1
2014   2 28  8 27 18 402575  -25.66950  -44.12815     5345  51.6  2  0  5  8 0 0 1 1 1 0 0 1 0 0 1 0 0 0
2014   2 28  8 27 18 609082  -23.58481  -45.48432     4816  56.2  2  0  5 10 0 0 1 1 0 0 0 1 0 1 0 0 0 1
2014   2 28  8 27 18 670786  -23.58433  -45.46075     4247  50.9  1  0  6 15 0 0 1 1 1 0 0 1 0 0 1 0 0 1
2014   2 28  8 27 19 493646    4.62129  -73.34187     5115  60.6  1  0  7 18 0 0 1 1 1 0 0 1 0 0 1 1 0 1
2014   2 28  8 27 20  56316  -17.66802  179.82721    48387  52.1  1  0  6 15 0 0 1 1 1 0 0 1 0 0 1 0 0 1
2014   2 28  8 27 20 178815  -13.35677  172.19238    19273  70.4  2  0  6 15 0 0 0 1 1 0 0 1 0 0 1 1 0 1
2014   2 28  8 27 20 223709  -17.87331 -179.97043    73927  59.1  2  0  5 10 0 0 1 1 0 0 0 1 0 0 1 0 0 1
2014   2 28  8 27 20 556569  -22.33775  -46.00096     3500  52.1  1  0  6 15 0 0 1 1 1 0 0 1 0 0 1 0 0 1
2014   2 28  8 27 20 614279  -22.35965  -45.99343     3547  54.0  1  0  6 15 0 0 1 1 1 0 0 1 0 0 1 0 0 1
2014   2 28  8 27 21 839059  -32.33318   18.37207    22004  67.2  2  0  6 15 0 0 1 1 1 0 0 1 0 0 1 0 0 1
2014   2 28  8 27 22 459317   20.04350   35.19982    48997  42.0  1  0  5 10 0 0 0 1 1 0 0 0 0 0 1 1 0 1
2014   2 28  8 27 22 652305    0.36792    0.11001    25439  61.9  2  0  6 15 0 0 1 1 1 0 0 1 0 0 1 0 0 1
2014   2 28  8 27 23 883171  -21.84608  -47.98412     3553  91.1  2  0  7 21 0 0 1 1 0 0 0 1 0 1 1 1 0 1
2014   2 28  8 27 24  87895  -21.83477  -47.95389     3897  97.4  2  0  7 20 0 0 1 1 1 0 0 1 0 1 1 1 0 0
2014   2 28  8 27 24 219084   -4.65539  -71.99757     4531  37.2  1  0  5 10 0 0 1 0 1 0 0 0 0 0 1 1 0 1
2014   2 28  8 27 24 464386  -21.03479 -140.41606    13131  63.1  1  0  7 21 0 0 1 1 1 0 0 0 0 1 1 1 0 1
2014   2 28  8 27 24 522724  -21.09726 -141.77611    18645  93.4  2  0  7 21 0 0 1 1 1 0 0 1 0 1 0 1 0 1
2014   2 28  8 27 24 788840  -20.98071 -142.05722    20910 103.5  2  0  7 21 0 0 1 1 1 0 0 1 0 0 1 1 0 1
2014   2 28  8 27 25   4243  -20.89576 -142.11015    28875 114.0  2  0  6 15 0 0 1 1 1 0 0 1 0 0 1 1 0 0
2014   2 28  8 27 25 182927  -23.41242  -45.51819     3256  12.4  0  0  4  6 0 0 1 1 0 0 0 0 0 1 0 1 0 0
2014   2 28  8 27 25 193221  -23.81732  -44.83612     3722  12.5  0  0  4  6 0 0 1 1 0 0 0 1 0 0 0 0 0 1
2014   2 28  8 27 25 201278  -23.53736  -45.48119     5255  95.0  2  0  7 16 0 0 1 1 1 0 0 1 0 1 1 0 0 1
2014   2 28  8 27 26  55505  -21.49771  -45.94037     4190  70.3  2  0  6 15 0 0 1 1 1 0 0 1 0 0 1 0 0 1
2014   2 28  8 27 26 509024  -33.36472  -39.16111     6720 112.8  2  0  7 21 0 0 1 1 0 0 0 1 0 1 1 1 0 1
2014   2 28  8 27 26 535936  -33.42779  -39.09621     8292 111.2  2  0  6 15 0 0 1 1 0 0 0 1 0 1 1 0 0 1
2014   2 28  8 27 26 565123  -33.53751  -38.81285     6706  84.6  2  0  6 15 0 0 1 1 1 0 0 1 0 0 1 0 0 1
2014   2 28  8 27 26 616973  -33.53571  -38.63832     3777   6.7  0  0  4  6 0 0 1 1 0 0 0 0 0 0 1 0 0 1
2014   2 28  8 27 27  96894   31.74234 -125.28648    23662 120.6  2  0  7 21 0 0 1 1 1 0 0 1 0 1 1 1 0 0
2014   2 28  8 27 27 550061  -20.63744  -45.89614     4153  62.0  2  0  6 14 0 0 1 1 1 0 0 1 0 0 1 0 0 1
2014   2 28  8 27 27 653982  -33.40593  -39.10260     6726 108.7  2  0  7 21 0 0 1 1 1 0 0 1 0 1 1 0 0 1
2014   2 28  8 27 27 887564  -33.54377  -38.76851     7155  92.6  2  0  6 15 0 0 1 1 1 0 0 1 0 0 1 0 0 1
2014   2 28  8 27 27 896370  -33.34435  -39.04840     7077  92.8  2  0  6 15 0 0 1 1 1 0 0 1 0 0 1 0 0 1
2014   2 28  8 27 27 908629  -33.34388  -39.05629     6994  91.3  2  0  6 15 0 0 1 1 1 0 0 1 0 0 1 0 0 1
2014   2 28  8 27 28  76824  -33.48050  -39.65404     5780  17.8  0  0  5 10 0 0 0 1 1 0 0 1 0 0 1 0 0 1
2014   2 28  8 27 28 481817  -13.28246  -38.48013     2765  14.6  0  0  7 21 0 0 0 0 1 0 0 1 0 1 1 1 1 1
2014   2 28  8 27 28 525789  -13.28979  -38.27924     6617  13.5  0  0  6 15 0 0 1 1 1 0 0 1 0 0 1 0 0 1
2014   2 28  8 27 28 582264  -33.32681  -39.73260     5953  23.2  1  0  4  6 0 0 1 1 1 0 0 1 0 0 0 0 0 0
2014   2 28  8 27 28 680554  -21.54778  -47.52406     2577  19.0  0  0  6 15 0 0 1 1 0 0 0 1 0 0 1 1 0 1
2014   2 28  8 27 28 697612  -21.58558  -47.48048     2810   7.2  0  0  5  7 0 0 0 1 1 0 0 1 0 0 1 0 0 1
2014   2 28  8 27 28 716942  -21.60588  -47.47160     2715  12.7  0  0  5 10 0 0 1 1 1 0 0 1 0 0 0 0 0 1
2014   2 28  8 27 28 877573  -33.31306  -39.77687     4144  23.2  0  0  5  9 0 0 1 1 1 0 0 1 0 0 1 0 0 0
2014   2 28  8 27 28 952576  -13.29605  -38.49501    10766  46.8  1  0  5 10 0 0 1 1 1 0 0 1 0 0 0 0 0 1
2014   2 28  8 27 29 717003   -7.09558    8.51290    11884   3.3  0  0  4  6 0 0 1 1 1 0 0 1 0 0 0 0 0 0
2014   2 28  8 27 29 792502   -7.09098    8.53261    12045   4.0  0  0  4  6 0 0 1 1 1 0 0 1 0 0 0 0 0 0
2014   2 28  8 27 29 936511    7.40215  -78.57389     3597  22.1  0  0  7 21 0 0 1 0 1 0 0 1 0 1 1 1 0 1
2014   2 28  8 27 29 973662    7.42460  -78.72905     4453  21.6  0  0  7 21 0 0 0 1 1 0 0 1 0 1 1 1 0 1
2014   2 28  8 27 30 317565    7.40549  -78.57751     3707  24.2  0  0  7 21 0 0 1 0 1 0 0 1 0 1 1 1 0 1
2014   2 28  8 27 30 343503    7.42387  -78.69838     5596  26.6  0  0  6 15 0 0 0 1 1 0 0 1 0 0 1 1 0 1
2014   2 28  8 27 31 703775  -21.64820  -46.14441     2940  21.7  0  0  5 10 0 0 1 0 1 0 0 1 0 0 1 0 0 1
2014   2 28  8 27 32  18467  -21.64892  -46.13917     3007  23.9  0  0  5 10 0 0 1 0 1 0 0 1 0 0 1 0 0 1
2014   2 28  8 27 32 141518  -21.60429  -46.16809     2870  42.8  0  0  7 20 0 0 1 0 1 0 0 1 0 1 1 1 0 1
2014   2 28  8 27 32 394152  -11.02664  -56.34157     3853  13.6  0  0  5  7 0 0 1 0 1 0 0 1 0 0 1 0 0 1
2014   2 28  8 27 32 550783  -11.85003  163.44565    50640  51.7  2  0  5 10 0 0 1 1 0 0 0 1 0 1 1 0 0 0
2014   2 28  8 27 32 695762  -14.96540  167.80168    81471  44.7  1  0  5 10 0 0 1 1 1 0 0 1 0 0 1 0 0 0
2014   2 28  8 27 32 835516   -9.95172  160.87895    14406  55.1  1  0  7 19 0 0 1 1 1 0 0 0 0 1 1 1 1 0
2014   2 28  8 27 33 116217   -1.23105  149.90063    11473  66.9  2  0  5 10 0 0 1 1 0 0 0 1 0 0 1 1 0 0
2014   2 28  8 27 33 548449    7.44916  -73.15720    28012  23.4  0  0  5 10 0 0 0 1 1 0 0 0 0 1 1 0 0 1
2014   2 28  8 27 33 972876  -11.59107  167.27588    11608  54.0  1  0  7 21 0 0 1 1 1 0 0 1 0 1 0 1 0 1
2014   2 28  8 27 34  89898   -7.99282  -59.46230     2661  25.4  0  0  7 21 0 0 1 1 1 0 0 0 0 1 1 1 0 1
2014   2 28  8 27 34 512557   -4.87938  -71.80347     6186  58.6  1  0  6 15 0 0 0 1 1 0 0 1 0 1 1 1 0 0
2014   2 28  8 27 34 598442   -4.75036  -71.34081     3888  16.4  0  0  5 10 0 0 0 1 1 0 0 0 0 0 1 1 0 1
2014   2 28  8 27 34 644884   -4.84291  -71.69507     4629  59.5  1  0  6 15 0 0 1 1 1 0 0 1 0 0 1 1 0 0
2014   2 28  8 27 34 779311  -31.10505 -132.18248    18270  44.5  1  0  5 10 0 0 1 0 1 0 0 1 0 0 1 1 0 0
2014   2 28  8 27 34 974244  -30.65322  -40.84525     5333  27.2  0  0  5 10 0 0 0 1 1 0 0 0 0 1 1 0 0 1
2014   2 28  8 27 35 649514    3.00377  -85.13167     7706  70.5  2  0  6 14 0 0 1 1 0 0 0 1 0 1 1 1 0 0
2014   2 28  8 27 35 700037    2.99832  -86.06946    17588  61.3  2  0  5 10 0 0 0 1 0 0 0 1 0 1 0 1 0 1
2014   2 28  8 27 35 770446    3.01592  -84.88574     4019  32.9  0  0  7 21 0 0 1 1 1 0 0 0 0 1 1 1 0 1
2014   2 28  8 27 35 883955  -20.76265  -48.21857     4132  61.6  2  0  6 13 0 0 1 1 0 0 0 1 0 1 1 0 0 1
2014   2 28  8 27 36 717144  -25.64348 -134.17796    15117  73.5  2  0  7 21 0 0 1 1 1 0 0 1 0 0 1 1 0 1
2014   2 28  8 27 36 758645  -21.94833 -140.60947    71368  37.9  0  0  6 15 0 0 1 1 1 0 0 0 0 1 1 0 0 1
2014   2 28  8 27 36 842812    5.61638  -71.96544     3589  34.2  0  0  7 21 0 0 1 1 1 0 0 0 0 1 1 1 0 1
2014   2 28  8 27 37 205442    4.68120  -84.26176     8224  80.7  2  0  6 15 0 0 1 1 0 0 0 1 0 1 1 1 0 0
2014   2 28  8 27 38 453512   -0.83507  -71.41921     3506  39.3  0  0  7 21 0 0 1 1 1 0 0 0 0 1 1 1 0 1
2014   2 28  8 27 38 982172    2.77681  -84.47837     8323  88.8  2  0  6 15 0 0 1 1 1 0 0 1 0 1 0 1 0 0
2014   2 28  8 27 39  24707    2.81563  -84.46775     6931  89.1  2  0  7 21 0 0 1 1 1 0 0 1 0 1 1 1 0 0
2014   2 28  8 27 39 158784    2.82223  -84.52772     6817  87.7  2  0  7 21 0 0 1 1 0 0 0 1 0 1 1 1 0 1
2014   2 28  8 27 40 549971   10.25981  -73.25666    62894  54.5  2  0  5 10 0 0 1 0 1 0 0 0 0 1 1 0 0 1
2014   2 28  8 27 40 570879  -22.39207 -137.92671    27843  76.2  2  0  5 10 0 0 1 1 0 0 0 0 0 0 1 1 0 1
2014   2 28  8 27 42 560117  -20.65566  -45.93745     5043  72.0  2  0  5 10 0 0 0 1 1 0 0 1 0 0 1 0 0 1
2014   2 28  8 27 42 596603  -21.57558 -140.34628    31597 127.8  2  0  6 15 0 0 1 1 1 0 0 1 0 0 1 1 0 0
2014   2 28  8 27 44 178174   -4.33293  148.87233     5196  16.7  0  0  5 10 0 0 1 1 0 0 0 1 0 0 1 1 0 0
2014   2 28  8 27 44 282713  -21.38925  -46.43729     2676  10.0  0  0  5 10 0 0 1 1 1 0 0 1 0 0 0 0 0 1
2014   2 28  8 27 46 585993  -12.41296  -71.64410     2690  20.9  0  0  7 21 0 0 1 0 1 0 0 0 0 1 1 1 1 1
2014   2 28  8 27 46 792175  -12.44973  -71.80098     3567  27.2  0  0  7 21 0 0 0 1 1 0 0 1 0 1 1 1 0 1
2014   2 28  8 27 46 868165  -12.40647  -71.72758     3672  27.2  0  0  5 10 0 0 1 1 0 0 0 0 0 1 1 1 0 0
2014   2 28  8 27 46 949157  -12.45887  -71.82372     3659  29.0  0  0  7 21 0 0 0 1 1 0 0 1 0 1 1 1 0 1
2014   2 28  8 27 47  57511  -12.45932  -71.82361     3686  29.6  0  0  7 21 0 0 0 1 1 0 0 1 0 1 1 1 0 1
2014   2 28  8 27 47 118231  -21.57910  -46.03492     2990  23.2  0  0  5 10 0 0 0 1 1 0 0 1 0 0 1 0 0 1
2014   2 28  8 27 47 129189  -12.44432  -71.83195     3850  27.0  0  0  6 15 0 0 0 1 1 0 0 1 0 0 1 1 0 1
2014   2 28  8 27 47 252082  -12.45845  -71.84051     3774  31.4  0  0  7 21 0 0 0 1 1 0 0 1 0 1 1 1 0 1
2014   2 28  8 27 47 331173  -12.41470  -71.68848     2935  29.7  0  0  7 21 0 0 1 0 1 0 0 1 0 1 1 1 0 1
2014   2 28  8 27 47 497031  -12.42348  -71.70739     3325  20.1  0  0  5 10 0 0 1 0 0 0 0 0 0 1 1 1 0 1
2014   2 28  8 27 47 587690  -12.44420  -71.86115     3250  29.4  0  0  6 15 0 0 1 1 1 0 0 0 0 0 1 1 0 1
2014   2 28  8 27 47 654920  -12.53309  -71.73048     5622  27.0  0  0  5  8 0 0 1 1 1 0 0 1 0 0 1 0 0 0
2014   2 28  8 27 47 672400  -12.28963  -71.76894     4033  26.6  0  0  5  9 0 0 1 1 1 0 0 0 0 0 1 1 0 0
2014   2 28  8 27 47 817045  -11.77669  -72.10754    12670  16.0  0  0  4  6 0 0 1 0 0 0 0 0 0 1 1 0 0 1
2014   2 28  8 27 48  13563  -12.22396  -72.04918     3422  30.5  0  0  6 14 0 0 1 1 1 0 0 1 0 0 1 1 0 0
2014   2 28  8 27 48 190483  -12.11844  -71.93279     2954  29.2  0  0  7 21 0 0 1 0 1 0 0 1 0 1 1 1 0 1
2014   2 28  8 27 48 965890    6.86880  -77.25618     4548  37.3  0  0  6 14 0 0 1 1 1 0 0 1 0 0 0 1 1 0
2014   2 28  8 27 49 292027  -13.14919  160.31822   109297  33.3  1  0  5 10 0 0 1 1 0 0 0 1 0 0 1 0 0 1
2014   2 28  8 27 49 299980  -14.57702  162.04514     8727  34.8  0  0  6 15 0 0 1 1 1 0 0 1 0 0 1 1 0 0
2014   2 28  8 27 49 358492    6.81613  -77.40372     6130  40.0  1  0  6 15 0 0 0 1 1 0 0 1 0 0 1 1 0 1
2014   2 28  8 27 50  56109   -1.38591  150.54497    33643   5.5  0  0  4  6 0 0 1 1 0 0 0 1 0 0 1 0 0 0
2014   2 28  8 27 50 596076    9.21981  140.03525     7118  29.5  0  0  5 10 0 0 1 0 0 0 0 1 0 1 1 1 0 0
2014   2 28  8 27 50 917479  -30.02022  -42.21297     3874  32.7  0  0  7 21 0 0 0 1 1 0 0 1 0 1 1 1 0 1
2014   2 28  8 27 50 924131  -30.60353  -41.64196     5194  25.6  1  0  4  6 0 0 1 1 0 0 0 1 0 0 1 0 0 0
2014   2 28  8 27 50 995679  -30.50392  -41.79799     5384  43.7  1  0  5 10 0 0 1 1 1 0 0 1 0 0 1 0 0 0
2014   2 28  8 27 51 343275   -9.47468  161.78909    82244  54.0  2  0  5 10 0 0 1 1 1 0 0 1 0 0 1 0 0 0
2014   2 28  8 27 51 564302    7.23354  -73.43311    10877  54.4  1  0  6 15 0 0 1 1 1 0 0 1 0 0 1 0 0 1
2014   2 28  8 27 51 704008  -30.78123 -140.15477    15336  50.1  1  0  7 21 0 0 0 1 1 0 0 1 0 0 1 1 1 1
2014   2 28  8 27 51 755617   -2.38478    7.38122    22815  59.3  1  0  6 15 0 0 1 1 1 0 0 1 0 0 1 0 0 1
2014   2 28  8 27 51 805307  -30.80283 -137.58751    14280  59.4  1  0  7 21 0 0 1 1 1 0 0 0 0 1 1 1 0 1
2014   2 28  8 27 52 130943   -9.32454  161.41144    10800  50.6  1  0  6 11 0 0 0 0 1 0 0 1 0 1 1 1 0 1
2014   2 28  8 27 52 170348  -11.45603  164.52524    42115  48.2  1  0  5  9 0 0 1 0 1 0 0 1 0 1 1 0 0 0
2014   2 28  8 27 52 644189   -3.67431  -71.54465     4035  65.1  1  0  7 21 0 0 1 1 1 0 0 1 0 0 1 1 0 1
2014   2 28  8 27 52 692020   -3.65936  -71.20612     4244  31.5  1  0  5 10 0 0 1 0 1 0 0 0 0 0 1 1 0 1
2014   2 28  8 27 52 873253   -3.65386  -71.70631     6174  57.0  2  0  5 10 0 0 0 1 0 0 0 1 0 0 1 1 0 1
2014   2 28  8 27 53 151604    5.86651  -72.21803     4902  51.5  1  0  6 15 0 0 1 0 1 0 0 1 0 0 1 1 0 1
2014   2 28  8 27 53 596854  -10.68779  -57.79342     4049  74.8  2  0  7 21 0 0 0 1 1 0 0 1 0 1 1 1 0 1
2014   2 28  8 27 53 723492    5.50080  -72.87628     5470  70.4  2  0  6 15 0 0 1 1 1 0 0 1 0 0 1 1 0 0
2014   2 28  8 27 53 764454  -22.95388  -45.93354     3738  80.2  2  0  7 21 0 0 1 1 1 0 0 1 0 1 1 0 0 1
2014   2 28  8 27 54 798250   21.82058  -85.75184    18651  96.6  2  0  6 14 0 0 1 1 1 0 0 0 0 0 1 1 0 1
2014   2 28  8 27 54 987087   21.84921  -85.86235    14500  92.0  2  0  7 20 0 0 1 1 1 0 0 1 0 0 1 1 0 1
2014   2 28  8 27 55 255329    4.10218  -84.89277     6348  74.2  2  0  7 21 0 0 1 0 1 0 0 1 0 1 1 1 0 1
2014   2 28  8 27 55 278330    4.12292  -84.94672     8433  81.0  2  0  6 15 0 0 1 0 1 0 0 1 0 1 1 1 0 0
2014   2 28  8 27 55 285376    4.11835  -84.89554     6329  74.4  2  0  7 21 0 0 1 0 1 0 0 1 0 1 1 1 0 1
2014   2 28  8 27 55 306123    4.51953  -85.85855     7810  37.5  1  0  5  7 0 0 1 1 0 0 0 1 0 0 1 1 0 0
2014   2 28  8 27 55 913013   -1.95509  150.35587     9413  85.9  2  0  7 21 0 0 1 1 1 0 0 1 0 1 0 1 0 1
2014   2 28  8 27 56 451685  -10.61141  168.84892    47805  23.9  1  0  4  6 0 0 1 1 0 0 0 1 0 0 1 0 0 0
2014   2 28  8 27 56 557407  -12.98490  172.29840    18071  83.4  2  0  6 15 0 0 1 1 1 0 0 1 0 0 1 1 0 0
2014   2 28  8 27 56 708787   -1.00176  149.94336     9746  74.4  2  0  6 14 0 0 1 1 0 0 0 1 0 0 1 1 0 1
2014   2 28  8 27 56 729909   -0.96770  150.06720     6849  30.3  1  0  5 10 0 0 1 1 0 0 0 1 0 0 1 1 0 0
2014   2 28  8 27 56 883297   -0.96683  150.14485     8765  29.8  1  0  4  6 0 0 0 1 0 0 0 1 0 0 1 1 0 0
2014   2 28  8 27 58  92723  -21.09683 -143.11873    23642  99.5  2  0  6 15 0 0 1 1 1 0 0 1 0 0 1 1 0 0
2014   2 28  8 27 58 102108  -21.08129 -143.12276    23667  99.4  2  0  6 15 0 0 1 1 1 0 0 1 0 0 1 1 0 0
2014   2 28  8 27 58 113041  -21.20040 -142.70280    19927 105.2  2  0  7 21 0 0 1 1 1 0 0 1 0 0 1 1 0 1
2014   2 28  8 27 58 469840  -11.68535  -73.15731     6306 134.7  2  0  7 21 0 0 1 1 1 0 0 0 0 1 1 1 0 1
2014   2 28  8 28  0 148858    1.16491    1.25980    19933   8.0  0  0  5 10 0 0 0 1 1 0 0 1 0 0 1 0 0 1
2014   2 28  8 28  2 342021   -0.93933    5.87940    12727  15.1  0  0  5 10 0 0 1 1 0 0 0 1 0 0 1 0 0 1
2014   2 28  8 28  2 450582  -30.57773  -41.58951     3236  20.2  0  0  6 15 0 0 1 1 1 0 0 1 0 0 1 0 0 1
2014   2 28  8 28  2 579673   -0.06996   -0.58539     8806  11.0  0  0  5  8 0 0 1 0 1 0 0 1 0 0 0 1 0 1
2014   2 28  8 28  2 731149  -30.57194  -41.60826     3331  21.9  0  0  6 15 0 0 1 1 1 0 0 1 0 0 1 0 0 1
2014   2 28  8 28  3 494812  -21.51703  -46.98994     2873  25.0  0  0  6 13 0 0 1 1 1 0 0 1 0 0 1 0 0 1
2014   2 28  8 28  3 695781   -4.87373  -71.82718     5569  10.2  0  0  4  6 0 0 1 1 0 0 0 1 0 0 1 0 0 0
2014   2 28  8 28  3 726223   -5.58551  -71.20415     7341  27.4  0  0  6 15 0 0 1 1 1 0 0 0 0 1 1 0 0 1
2014   2 28  8 28  3 771703   -4.87354  -71.81098     3742  30.7  1  0  5 10 0 0 1 1 0 0 0 1 0 0 0 1 0 1
2014   2 28  8 28  3 827753   -4.88400  -71.82298     3508  35.9  0  0  6 15 0 0 1 1 0 0 0 1 0 1 1 1 0 0
2014   2 28  8 28  3 858828   -4.91500  -71.82250     5178  32.4  1  0  5 10 0 0 0 0 1 0 0 1 0 0 1 1 0 1
2014   2 28  8 28  3 931924   -4.94218  -71.92506     3689  34.4  0  0  7 21 0 0 0 0 1 0 0 1 0 1 1 1 1 1
2014   2 28  8 28  4    798   -5.01343  -72.19476     3941  20.0  0  0  6 15 0 0 0 1 1 0 0 1 0 1 0 1 0 1
2014   2 28  8 28  4  47619   -4.87911  -71.81980     3578  37.7  0  0  6 15 0 0 1 1 1 0 0 1 0 0 1 1 0 0
2014   2 28  8 28  4 222145   -4.90770  -71.88692     7080  41.9  1  0  5 10 0 0 0 1 1 0 0 0 0 0 1 1 0 1
2014   2 28  8 28  4 289950   -4.88697  -71.72570     3661  44.0  0  0  7 21 0 0 1 1 1 0 0 0 0 1 1 1 0 1
2014   2 28  8 28  5  67770  -31.93597   19.14793    19446  39.1  1  0  5 10 0 0 1 1 0 0 0 1 0 0 1 0 0 1
2014   2 28  8 28  5 661907    5.58449  -72.49414     4083  50.6  1  0  7 20 0 0 1 1 1 0 0 1 0 0 1 1 0 1
2014   2 28  8 28  5 709858  -24.82942  -45.02930     3327  33.4  0  0  6 14 0 0 1 1 1 0 0 0 0 0 1 1 0 1
2014   2 28  8 28  5 853197  -21.89865 -140.38989    36340  48.5  1  0  5 10 0 0 1 1 0 0 0 1 0 1 1 0 0 0
2014   2 28  8 28  6 194587  -22.23253 -139.80064    27075  52.2  1  0  6 15 0 0 1 1 1 0 0 1 0 0 1 0 0 1
2014   2 28  8 28  6 370417  -21.59553 -141.08649    16606  56.1  1  0  6 15 0 0 1 1 1 0 0 0 0 0 1 1 0 1
2014   2 28  8 28  6 483121  -21.38508 -142.41786    17040  14.5  0  0  4  6 0 0 0 1 0 0 0 1 0 0 1 1 0 0
2014   2 28  8 28  6 612660  -21.61135 -141.34763    13907  53.4  1  0  6 15 0 0 1 1 0 0 0 1 0 1 1 1 0 0
2014   2 28  8 28  6 627429  -31.06285 -131.91718    22432  56.7  2  0  5 10 0 0 1 1 0 0 0 0 0 1 1 1 0 0
2014   2 28  8 28  6 634964  -31.11241 -132.03633    18016  46.2  1  0  5 10 0 0 1 0 1 0 0 1 0 0 1 1 0 0
2014   2 28  8 28  6 644125  -31.16776 -131.77948    13966  46.9  1  0  6 15 0 0 1 0 1 0 0 1 0 0 1 1 0 1
2014   2 28  8 28  6 848920  -21.57645 -141.65785    13827  53.4  1  0  6 15 0 0 1 1 1 0 0 1 0 0 1 1 0 0
2014   2 28  8 28  6 981494    3.54544  -85.80530     5583  56.6  1  0  7 20 0 0 1 0 1 0 0 1 0 1 1 1 0 1
2014   2 28  8 28  7 842814  -21.56930  -46.24424     3665  59.2  1  0  6 15 0 0 1 1 1 0 0 1 0 0 1 0 0 1
2014   2 28  8 28  8   8153   -7.98603  -61.80692     3623  68.2  1  0  7 21 0 0 1 1 1 0 0 1 0 0 1 1 0 1
2014   2 28  8 28  9 129402    7.64381  -78.81841     7578  84.2  2  0  6 15 0 0 1 1 1 0 0 1 0 0 0 1 0 1
2014   2 28  8 28  9 270792    5.02442  -76.98333    28311  67.6  2  0  5 10 0 0 1 1 0 0 0 0 0 1 1 0 0 1
2014   2 28  8 28 10 338376  -32.73669   17.86393    26113  84.8  2  0  6 15 0 0 1 1 1 0 0 1 0 0 1 0 0 1
2014   2 28  8 28 11 355692   -0.95383  150.13652     8028  25.7  1  0  4  6 0 0 0 1 0 0 0 1 0 0 1 1 0 0
2014   2 28  8 28 12 811638  -23.32298  -45.70605     4352  34.4  1  0  4  6 0 0 1 0 0 0 0 0 0 1 1 0 0 1
2014   2 28  8 28 12 903413  -23.36831  -46.08527     5225  68.6  2  0  6 15 0 0 1 0 1 0 0 1 0 1 1 1 0 0
2014   2 28  8 28 12 951967  -20.97765  -46.45893     4006 106.0  2  0  7 21 0 0 1 1 1 0 0 1 0 1 1 0 0 1
2014   2 28  8 28 13 140412  -23.50709  -46.04579     3112   5.8  0  0  4  6 0 0 1 1 1 0 0 1 0 0 0 0 0 0
2014   2 28  8 28 13 175043  -23.46602  -46.06693     4130  41.6  1  0  5 10 0 0 1 1 1 0 0 1 0 0 1 0 0 0
2014   2 28  8 28 13 248954  -23.47720  -45.82425     4326 100.2  2  0  7 21 0 0 1 1 1 0 0 1 0 1 1 0 0 1
2014   2 28  8 28 13 435405  -21.11099 -142.98878    24010 101.2  2  0  6 15 0 0 1 1 1 0 0 1 0 0 1 1 0 0
2014   2 28  8 28 13 492574  -22.34541  -45.97056     2943  11.3  0  0  4  6 0 0 1 0 0 0 0 1 0 0 1 0 0 1
2014   2 28  8 28 13 840539  -40.77515    7.60324    43807  30.3  1  0  5 10 0 0 0 1 1 0 0 0 0 1 1 0 0 1
2014   2 28  8 28 16 182184    7.45004  -73.65991     2923   9.7  0  0  7 18 0 0 1 1 1 0 0 1 0 0 1 1 0 1
2014   2 28  8 28 16 454913  -20.84706  -46.43015     2497  15.3  0  0  6 14 0 0 0 1 0 0 0 1 0 1 1 1 0 1
2014   2 28  8 28 16 747669  -23.63750  -45.57182     2673  12.2  0  0  6 15 0 0 1 1 1 0 0 1 0 0 1 0 0 1
2014   2 28  8 28 19 324173   -5.07948  146.19992     8202  22.8  0  0  5 10 0 0 1 0 1 0 0 0 0 1 0 1 0 1
2014   2 28  8 28 20  46964   -4.77417  -72.02316     3929  37.2  0  0  7 21 0 0 0 1 1 0 0 1 0 1 1 1 0 1
2014   2 28  8 28 20  62775   -4.72133  -71.85599     3107  32.5  0  0  7 21 0 0 1 1 1 0 0 1 0 0 1 1 0 1
2014   2 28  8 28 20 214313  -10.85436  -57.28537     3649  28.6  0  0  6 11 0 0 1 0 1 0 0 1 0 1 1 0 0 1
2014   2 28  8 28 20 689156  -33.40252  -39.68234     4617  45.7  0  0  7 16 0 0 1 1 1 0 0 0 0 1 1 1 0 1
2014   2 28  8 28 20 746557  -33.38233  -39.70167     4053  45.7  0  0  7 21 0 0 1 1 0 0 0 1 0 1 1 1 0 1
2014   2 28  8 28 20 797808  -33.43738  -39.63406     4951  34.5  1  0  5 10 0 0 1 1 0 0 0 1 0 1 1 0 0 0
2014   2 28  8 28 20 807067  -33.45695  -39.61761     4109  29.9  0  0  6 15 0 0 1 1 1 0 0 1 0 0 1 0 0 1
2014   2 28  8 28 20 838148  -33.43528  -39.59490     4119  29.8  0  0  6 15 0 0 1 1 1 0 0 1 0 0 1 0 0 1
2014   2 28  8 28 20 930236  -33.43622  -39.67983     4137  30.7  0  0  6 15 0 0 1 1 1 0 0 1 0 0 1 0 0 1
2014   2 28  8 28 20 948287  -33.00808  -39.96323     4794  12.2  0  0  5 10 0 0 0 1 1 0 0 1 0 0 1 0 0 1
2014   2 28  8 28 21   4592  -33.48126  -39.64354     4861  30.7  1  0  5 10 0 0 1 1 1 0 0 1 0 0 1 0 0 0
2014   2 28  8 28 21  11331  -33.41993  -39.73283     4101  34.6  0  0  6 15 0 0 1 1 1 0 0 0 0 1 1 0 0 1
2014   2 28  8 28 21 153334  -32.97543  -40.09089     8576  19.8  0  0  4  6 0 0 0 1 0 0 0 1 0 1 1 0 0 0
2014   2 28  8 28 21 195611  -33.44719  -39.72235     3724  35.6  0  0  7 21 0 0 1 1 1 0 0 1 0 1 1 0 0 1
2014   2 28  8 28 21 283065  -33.43122  -39.90983     3506   9.0  0  0  5 10 0 0 1 1 1 0 0 1 0 0 0 0 0 1
2014   2 28  8 28 22 489134   -9.79658  160.78627     8591  39.7  0  0  6 15 0 0 1 1 0 0 0 1 0 0 1 1 0 1
2014   2 28  8 28 23 160767  -40.30859  -67.22154     3971  53.8  1  0  7 21 0 0 1 0 1 0 0 1 0 1 1 1 0 1
2014   2 28  8 28 23 185893  -21.58845  -45.99821     4404  86.6  2  0  6 13 0 0 0 1 1 0 0 1 0 0 1 0 1 1
2014   2 28  8 28 23 226177  -39.02208  -66.65150    29798  61.7  2  0  5  9 0 0 0 1 1 0 0 0 0 1 1 1 0 0
2014   2 28  8 28 23 256173  -21.57585  -45.92086     3980  47.2  1  0  5 10 0 0 1 1 0 0 0 1 0 0 1 0 0 1
2014   2 28  8 28 23 292678  -40.07378  -67.15038     4001  49.0  0  0  7 18 0 0 1 0 1 0 0 1 0 1 1 1 0 1
2014   2 28  8 28 23 326140  -20.66622  -48.57733     4135  78.4  2  0  6 14 0 0 0 1 1 0 0 1 0 1 1 1 0 0
2014   2 28  8 28 23 334433  -21.58995  -46.05221     3281  62.6  1  0  7 20 0 0 1 1 1 0 0 1 0 1 1 0 0 1
2014   2 28  8 28 24 232276    6.73258  -72.99062    12759  46.7  1  0  5 10 0 0 0 0 1 0 0 0 0 1 1 1 0 1
2014   2 28  8 28 26 182373  -21.50234  -47.49260     3572  85.1  2  0  7 21 0 0 1 0 1 0 0 1 0 1 1 1 0 1
2014   2 28  8 28 26 201947  -21.64270  -47.57059     3672  92.6  2  0  7 21 0 0 1 1 1 0 0 1 0 1 1 0 0 1
2014   2 28  8 28 26 755719   -4.66183  -72.15868     4136  34.6  1  0  5 10 0 0 1 1 0 0 0 1 0 0 1 1 0 0
2014   2 28  8 28 27 116295  -13.35156  -38.56775     4215  54.1  1  0  7 21 0 0 1 1 1 0 0 1 0 0 1 0 1 1
2014   2 28  8 28 27 124331   18.44241  -16.51176   259032  93.5  2  0  6 15 0 0 1 1 1 0 0 1 0 0 1 0 0 1
2014   2 28  8 28 27 171463  -13.33141  -39.25220     5428  65.4  2  0  6 15 0 0 1 1 1 0 0 1 0 0 1 0 0 1
2014   2 28  8 28 27 343668  -21.54937  -47.04810     4454  89.6  2  0  6 15 0 0 1 1 1 0 0 1 0 0 0 0 1 1
2014   2 28  8 28 27 388282  -14.31994  166.94130    44880  61.4  2  0  6 15 0 0 1 0 1 0 0 1 0 1 1 0 0 1
2014   2 28  8 28 27 761257  -10.42285  163.03973    25052  92.0  2  0  6 15 0 0 1 1 1 0 0 0 0 1 0 1 0 1
2014   2 28  8 28 28 727953  -32.51155 -109.32980    67935 126.4  2  0  6 11 0 0 1 1 0 0 0 1 0 1 1 0 0 1
2014   2 28  8 28 28 788660    4.63963  -73.85522     6524 103.6  2  0  7 19 0 0 1 1 1 0 0 1 0 0 1 1 0 1
2014   2 28  8 28 30 264580   -8.06817  -39.56780    11999  91.5  2  0  6 15 0 0 1 0 1 0 0 1 0 1 1 0 0 1
2014   2 28  8 28 31 394541  -22.51653  -45.97537     5126 111.4  2  0  6 15 0 0 1 1 1 0 0 1 0 0 1 0 0 1
2014   2 28  8 28 31 428653  -22.20219  -46.30171     7336 124.4  2  0  6 15 0 0 1 0 1 0 0 1 0 1 1 1 0 0
2014   2 28  8 28 31 450578  -22.19319  -46.47627     4575  32.0  1  0  4  6 0 0 1 1 0 0 0 1 0 0 1 0 0 0
2014   2 28  8 28 31 683155   -4.27611  -72.21654     6866 119.4  2  0  6 15 0 0 1 1 1 0 0 1 0 0 1 1 0 0
2014   2 28  8 28 31 727834   -4.36490  -71.75220     5847 110.5  2  0  7 21 0 0 1 0 1 0 0 1 0 1 1 1 0 1
2014   2 28  8 28 31 880075  -24.52716  -45.36957     3869  77.7  2  0  7 21 0 0 1 1 1 0 0 1 0 1 1 0 0 1
2014   2 28  8 28 32 857347   -2.22823  147.99281    55793  27.1  1  0  4  6 0 0 1 0 0 0 0 1 0 0 1 0 0 1
2014   2 28  8 28 32 885410   -3.44047  149.33832     9710  53.3  2  0  5 10 0 0 1 1 0 0 0 1 0 0 1 1 0 0
2014   2 28  8 28 32 928386  -10.91362  174.69041    88171  75.3  2  0  5 10 0 0 0 1 1 0 0 0 0 0 1 1 0 1
2014   2 28  8 28 33 232180   -1.42565  150.38213     5147  25.0  0  0  6 15 0 0 1 0 1 0 0 1 0 0 1 1 0 1
2014   2 28  8 28 33 587821  -22.79786 -138.80528     5532  13.4  0  0  7 21 0 0 1 1 1 0 0 0 0 1 1 1 0 1
2014   2 28  8 28 33 866140  -14.49506  -44.43563     2525  15.4  0  0  6 15 0 0 1 1 1 0 0 1 0 0 1 0 0 1
2014   2 28  8 28 33 908684  -21.32968  -47.39830     2844  33.1  0  0  6 15 0 0 1 1 1 0 0 1 0 1 0 1 0 0
2014   2 28  8 28 33 961534  -22.81847 -138.56473    13393  15.5  0  0  4  6 0 0 1 1 0 0 0 0 0 0 1 1 0 0
2014   2 28  8 28 34 223141  -14.50377  -44.43316     2400  10.8  0  0  6 15 0 0 0 1 1 0 0 1 0 1 1 0 0 1
2014   2 28  8 28 35  92931   -1.34506  150.12500     6008  46.9  0  0  7 21 0 0 1 1 1 0 0 1 0 0 1 1 0 1
2014   2 28  8 28 36 731449  -20.63880  -46.27427     2960   2.6  0  0  4  6 0 0 1 0 0 0 0 1 0 0 1 0 0 1
2014   2 28  8 28 36 828940  -20.63654  -46.19027     3506  31.4  1  0  5  9 0 0 0 1 1 0 0 1 0 0 1 0 0 1
2014   2 28  8 28 36 843639  -20.63061  -46.18993     3365  29.5  0  0  5 10 0 0 0 1 1 0 0 1 0 0 1 0 0 1
2014   2 28  8 28 37 205545  -20.68419  -46.22740     3432  31.2  1  0  5 10 0 0 0 1 1 0 0 1 0 0 1 0 0 1
2014   2 28  8 28 37 808199  -21.78929 -139.41753    18569  40.9  1  0  5  9 0 0 1 1 0 0 0 0 0 0 1 1 0 1
2014   2 28  8 28 37 882598  -22.43708 -139.17035    29012  19.8  0  0  4  6 0 0 1 0 0 0 0 1 0 0 1 0 0 1
2014   2 28  8 28 38 264107  -21.48801  -46.12740     3832  43.8  1  0  5 10 0 0 0 1 1 0 0 1 0 0 1 0 0 1
2014   2 28  8 28 40 747117  -21.64803 -140.53017    22237  85.1  2  0  6 15 0 0 1 1 1 0 0 1 0 0 1 1 0 0
2014   2 28  8 28 40 957554  -10.77876  -56.21180     5257  75.5  2  0  6 14 0 0 0 1 1 0 0 1 0 0 1 1 0 1
2014   2 28  8 28 42 567876  -33.29749  -39.23207     3737  20.5  0  0  5 10 0 0 1 1 1 0 0 0 0 0 1 0 0 1
2014   2 28  8 28 42 855835  -33.19540  -40.13818     7693  67.5  2  0  6 15 0 0 1 0 1 0 0 1 0 1 1 0 0 1
2014   2 28  8 28 43  91547  -33.04530  -40.93696     4980   9.5  0  0  4  6 0 0 1 0 1 0 0 1 0 1 0 0 0 0
2014   2 28  8 28 43 854890   -0.98063  149.38489     8768  49.9  1  0  5 10 0 0 0 0 1 0 0 1 0 0 1 1 0 1
2014   2 28  8 28 45  21801  -21.72443 -139.94656    20739 112.0  2  0  7 21 0 0 1 1 0 0 0 1 0 1 1 1 0 1
2014   2 28  8 28 45  71296  -21.69383 -140.26991    21660 108.7  2  0  7 21 0 0 1 1 1 0 0 1 0 0 1 1 0 1
2014   2 28  8 28 45 154642  -21.08558 -143.13962    14211  18.6  0  0  4  6 0 0 1 0 0 0 0 1 0 0 1 1 0 0
2014   2 28  8 28 45 315836  -21.66628 -130.68697    19215   5.9  0  0  4  6 0 0 0 1 0 0 0 0 0 0 1 1 0 1
2014   2 28  8 28 45 377716  -21.70300 -138.41403    14082  69.7  1  0  7 21 0 0 1 1 1 0 0 0 0 1 1 1 0 1
2014   2 28  8 28 45 422864  -21.60184 -140.36755    30323 121.5  2  0  6 15 0 0 1 1 1 0 0 1 0 0 1 1 0 0
2014   2 28  8 28 45 540284  -22.94509  -45.66893     5265  98.5  2  0  6 15 0 0 1 1 1 0 0 1 0 0 1 0 0 1
2014   2 28  8 28 45 909650  -21.38987  -45.67326     4091 103.1  2  0  7 21 0 0 1 1 1 0 0 1 0 0 1 1 0 1
2014   2 28  8 28 46  17239  -21.02389 -143.32603    14311  18.8  0  0  4  6 0 0 1 0 0 0 0 1 0 0 1 1 0 0
2014   2 28  8 28 47 100683  -22.82706  -45.58820     4381 119.7  2  0  7 19 0 0 1 1 0 0 0 1 0 1 1 1 0 1
2014   2 28  8 28 47 984060   -0.62216  149.75554     6068   5.9  0  0  4  6 0 0 1 0 0 0 0 1 0 0 1 1 0 0
2014   2 28  8 28 48 153792   -7.91800    5.44528    44232  44.8  1  0  6 11 0 0 0 1 1 0 0 1 0 0 1 1 0 1
2014   2 28  8 28 48 506654  -21.49651  -47.02990     2596   9.1  0  0  5 10 0 0 0 1 1 0 0 1 0 0 1 0 0 1
2014   2 28  8 28 48 724997  -31.34567 -131.86166     5706  13.5  0  0  7 21 0 0 1 0 1 0 0 1 0 1 1 1 0 1
2014   2 28  8 28 49  36298  -20.65182  -46.28893     2533  11.2  0  0  6 15 0 0 1 1 1 0 0 1 0 0 1 0 0 1
2014   2 28  8 28 49  64978  -20.65749  -46.28700     2882  11.6  0  0  5  8 0 0 0 1 1 0 0 1 0 0 1 0 0 1
2014   2 28  8 28 49  67603  -21.83781 -141.16164     9755  17.0  0  0  5 10 0 0 1 0 0 0 0 1 0 0 1 1 0 1
2014   2 28  8 28 49 301399   -4.59612  144.35197     6353  13.6  0  0  4  6 0 0 1 0 0 0 0 1 0 0 1 1 0 0
2014   2 28  8 28 49 468613   -1.37705  150.17299     5615  32.2  0  0  6 15 0 0 1 1 1 0 0 1 0 0 0 1 0 1
2014   2 28  8 28 49 926808    4.67855  149.84354     5856  34.0  0  0  7 21 0 0 1 1 1 0 0 1 0 0 1 1 0 1
2014   2 28  8 28 50 197323    5.68543  -82.92631     8374  34.0  1  0  5  7 0 0 1 1 0 0 0 1 0 0 1 1 0 0
2014   2 28  8 28 50 369879    4.68979  149.90318     8702  36.2  0  0  6 15 0 0 1 1 1 0 0 0 0 1 0 1 0 1
2014   2 28  8 28 50 417740    4.70684  149.77812     7579  40.4  1  0  6 15 0 0 1 1 1 0 0 1 0 0 1 1 0 0
2014   2 28  8 28 50 610804    4.73128  149.72653     7427  27.7  0  0  5 10 0 0 1 0 1 0 0 1 0 0 0 1 0 1
2014   2 28  8 28 50 644572    3.67077  152.26518    23031  32.0  1  0  5 10 0 0 1 1 1 0 0 1 0 0 1 0 0 0
2014   2 28  8 28 50 684456    4.74090  149.50543     8564  37.8  1  0  5 10 0 0 0 1 1 0 0 1 0 0 1 1 0 0
2014   2 28  8 28 51 153204  -30.57313  -41.51050     4226  36.0  0  0  7 21 0 0 0 1 1 0 0 1 0 1 1 1 0 1
2014   2 28  8 28 51 266244   -7.28757    7.06009    15921  14.8  0  0  5  9 0 0 0 1 1 0 0 1 0 0 0 1 0 1
2014   2 28  8 28 51 385776   -4.91563  -71.71452     3289  35.4  0  0  7 21 0 0 1 1 1 0 0 1 0 1 1 1 0 0
2014   2 28  8 28 52 558630    6.25580  143.03027     6844   8.5  0  0  4  6 0 0 1 0 0 0 0 1 0 0 1 1 0 0
2014   2 28  8 28 52 975767  -12.42357  -71.71316     3347  41.9  0  0  7 21 0 0 1 0 1 0 0 1 0 1 1 1 0 1
2014   2 28  8 28 53 188279  -12.41455  -71.79555     3444  45.7  0  0  7 21 0 0 1 0 0 0 0 1 0 1 1 1 1 1
2014   2 28  8 28 53 264855  -12.37127  -71.65915     2885  19.1  0  0  6 15 0 0 1 0 1 0 0 0 0 1 1 1 0 1
2014   2 28  8 28 53 304070  -12.41977  -71.66958     3528  50.9  1  0  7 21 0 0 1 1 1 0 0 1 0 0 1 1 0 1
2014   2 28  8 28 53 327456  -12.43531  -71.73302     6076  55.6  1  0  6 15 0 0 0 1 1 0 0 1 0 0 1 1 0 1
2014   2 28  8 28 53 675728  -12.41501  -71.73954     5010  47.1  1  0  5  9 0 0 1 0 1 0 0 1 0 1 0 1 0 0
2014   2 28  8 28 53 711452  -12.40799  -71.72765     3493  44.0  0  0  7 20 0 0 1 0 1 0 0 1 0 1 1 1 0 1
2014   2 28  8 28 53 814161  -21.49971  -45.71086     3737  40.6  1  0  5 10 0 0 0 1 1 0 0 1 0 0 1 0 0 1
2014   2 28  8 28 53 848107  -12.25972  -71.33236     3950   6.1  0  0  4  6 0 0 0 1 0 0 0 0 0 0 1 1 0 1
2014   2 28  8 28 54   7664  -12.40632  -71.67847     4377  60.1  2  0  6 15 0 0 1 1 1 0 0 1 0 0 1 1 0 0
2014   2 28  8 28 54 143933  -12.34350  -71.56528     2859  24.9  0  0  7 21 0 0 1 1 1 0 0 0 0 1 1 1 0 1
2014   2 28  8 28 54 660111    5.02338  -71.61741    13685  54.4  2  0  5 10 0 0 1 1 1 0 0 1 0 0 1 0 0 0
2014   2 28  8 28 55 606707  -21.50817  -46.16484     3400  63.9  1  0  7 21 0 0 1 1 1 0 0 1 0 1 1 1 0 0
2014   2 28  8 28 55 626321  -21.57484  -46.09177     3425  67.1  1  0  7 21 0 0 1 1 1 0 0 1 0 1 1 1 0 0
2014   2 28  8 28 55 700013  -21.56179  -46.11275     3096  63.5  1  0  7 21 0 0 1 1 0 0 0 1 0 1 1 1 0 1
2014   2 28  8 28 55 868678    0.08295   -0.32102     7625  35.2  0  0  7 20 0 0 1 0 1 0 0 1 0 1 1 1 0 1
2014   2 28  8 28 55 965784    7.09025  -89.97059    24962  37.9  1  0  5  8 0 0 0 1 1 0 0 0 0 1 0 1 0 1
2014   2 28  8 28 55 980469   -4.46630  -71.51208     3586  32.9  0  0  6 15 0 0 1 1 1 0 0 0 0 1 1 1 0 0
2014   2 28  8 28 56 270415   -4.97119  -71.20299     6748  54.5  1  0  6 15 0 0 1 1 1 0 0 1 0 1 1 0 0 0
2014   2 28  8 28 56 685405  -21.54434  -45.72361     3577  49.2  1  0  6 15 0 0 1 1 1 0 0 1 0 0 1 0 0 1
2014   2 28  8 28 56 959904   -4.80696  -71.52160     3597  33.1  0  0  6 15 0 0 1 0 1 0 0 0 0 1 1 1 0 1
2014   2 28  8 28 57   2939    0.40714  -66.20877     8862  82.6  2  0  6 13 0 0 0 1 1 0 0 1 0 0 1 1 0 1
2014   2 28  8 28 57 192604   -2.98450  -71.74826     4704  40.8  1  0  5 10 0 0 1 1 1 0 0 0 0 0 1 1 0 0
2014   2 28  8 28 57 200053   -2.98908  -71.76058     3437  36.9  0  0  7 21 0 0 1 1 1 0 0 0 0 1 1 1 0 1
2014   2 28  8 28 57 480038  -12.44539  155.99469    10562  67.0  1  0  7 17 0 0 0 1 1 0 0 1 0 1 1 1 0 1
2014   2 28  8 28 57 504790   -5.73078  -69.86707    10015  31.3  1  0  5  9 0 0 0 1 1 0 0 1 0 0 1 0 0 1
2014   2 28  8 28 57 672650  -14.50943  -43.88895     6048  45.7  1  0  6 14 0 0 1 0 1 0 0 1 0 0 1 1 0 1
2014   2 28  8 28 57 758126  -11.17631  166.08492    14000  76.6  2  0  7 21 0 0 0 1 1 0 0 1 0 1 1 1 0 1
2014   2 28  8 28 58 628998  -12.57457  156.72755    10378  65.3  1  0  7 20 0 0 1 0 1 0 0 1 0 1 1 1 0 1
2014   2 28  8 28 59 180159  -10.90558  -73.48760     7905  23.1  0  0  5 10 0 0 1 1 1 0 0 0 0 0 1 0 0 1
2014   2 28  8 28 59 499422  -11.76815  -72.89118    10188  98.7  2  0  6 14 0 0 0 1 0 0 0 1 0 1 1 1 0 1
2014   2 28  8 28 59 602547    4.58488   12.73291    72985  34.3  1  0  5 10 0 0 1 1 1 0 0 0 0 0 1 0 0 1
2014   2 28  8 29  0  10796  -11.76388  -73.06791     8367  99.2  2  0  7 21 0 0 0 1 1 0 0 1 0 1 1 1 0 1
2014   2 28  8 29  0  86254  -12.24726  -72.39646     6374  76.0  2  0  7 20 0 0 1 1 1 0 0 1 0 1 1 0 0 1
2014   2 28  8 29  0 218285  -20.58009  -46.18900     5381  98.0  2  0  6 12 0 0 1 1 1 0 0 1 0 0 0 1 0 1
2014   2 28  8 29  0 544464  -21.59618  -45.73161     4156  69.3  2  0  6 15 0 0 1 1 1 0 0 1 0 0 1 0 0 1
2014   2 28  8 29  0 565092  -21.50414  -45.90590     4587  99.0  2  0  6 15 0 0 1 1 1 0 0 1 0 0 0 1 0 1
2014   2 28  8 29  0 666794   -6.46190  -54.82467     3345  56.5  1  0  7 21 0 0 1 1 1 0 0 0 0 1 1 1 0 1
2014   2 28  8 29  1 513830    7.62026  -73.50865     7105 105.3  2  0  7 20 0 0 1 1 1 0 0 1 0 0 1 1 0 1
2014   2 28  8 29  1 776035  -25.44835  -44.08452     5889  96.4  2  0  6 15 0 0 1 1 0 0 0 1 0 1 1 0 0 1
2014   2 28  8 29  1 788037  -25.45735  -44.02921     5582  89.9  2  0  6 15 0 0 1 1 1 0 0 1 0 0 1 0 0 1
2014   2 28  8 29  1 957173    7.52289  -78.55259    17213 120.6  2  0  6 15 0 0 0 1 1 0 0 1 0 1 1 1 0 0
2014   2 28  8 29  2 111886  -20.98074 -140.48999    14750  73.3  2  0  7 21 0 0 1 1 1 0 0 0 0 1 1 1 0 1
2014   2 28  8 29  2 144023  -20.92900 -142.25011    23163 116.2  2  0  7 21 0 0 1 1 1 0 0 1 0 0 1 1 0 1
2014   2 28  8 29  2 283929  -24.79857  -44.65800     4076  61.1  2  0  6 15 0 0 1 1 0 0 0 0 0 1 1 1 0 1
2014   2 28  8 29  2 344546  -20.22619 -145.40602    12410  13.7  0  0  4  6 0 0 1 0 0 0 0 1 0 0 1 1 0 0
2014   2 28  8 29  2 402213  -20.93965 -143.64743    12105  12.9  0  0  4  6 0 0 1 0 0 0 0 1 0 0 1 1 0 0
2014   2 28  8 29  2 429415    2.58278  143.81967    14741  30.0  1  0  4  6 0 0 1 1 0 0 0 1 0 0 1 0 0 0
2014   2 28  8 29  2 636906  -13.37870  -38.69783     5918 122.2  2  0  7 19 0 0 0 1 0 0 0 1 0 1 1 1 1 1
2014   2 28  8 29  2 682194    1.69705  -24.52381    35345  62.2  2  0  5 10 0 0 1 0 0 0 0 1 0 1 1 0 0 1
2014   2 28  8 29  2 739831  -24.95213  -44.49721     5957  98.5  2  0  6 15 0 0 1 1 1 0 0 1 0 0 1 0 0 1
2014   2 28  8 29  2 819558  -13.46851  -38.61899     8905  88.4  2  0  7 16 0 0 1 1 1 0 0 1 0 1 0 1 0 1
2014   2 28  8 29  3 870514   -1.15642  -11.62258    24110   8.8  0  0  4  6 0 0 0 1 0 0 0 1 0 0 1 0 0 1
2014   2 28  8 29  4 835868  -14.42373  161.57051    37863  26.5  0  0  5 10 0 0 1 1 1 0 0 1 0 1 0 0 0 0
2014   2 28  8 29  5 355209  -30.82990  -40.87537     4118  23.9  0  0  5 10 0 0 1 1 1 0 0 1 0 0 0 0 0 1
2014   2 28  8 29  6 562568  -22.35799 -139.22737    12581  19.1  0  0  6 15 0 0 1 1 1 0 0 1 0 1 0 0 0 1
2014   2 28  8 29  6 593789  -22.22639 -139.64566    16261   1.9  0  0  4  6 0 0 1 0 0 0 0 1 0 1 0 0 0 1
2014   2 28  8 29  7 103302    1.18902    8.21654    14858  20.2  0  0  5 10 0 0 1 1 1 0 0 1 0 0 0 0 0 1
2014   2 28  8 29  7 606534  -23.34050 -134.30765   103855  20.8  1  0  4  6 0 0 0 1 1 0 0 1 0 1 0 0 0 0
2014   2 28  8 29  7 756552  -22.57110 -138.77936    20785  25.5  0  0  5 10 0 0 1 1 1 0 0 1 0 0 0 0 0 1
2014   2 28  8 29  8 136551   31.81773 -177.54883    10187  35.0  0  0  6 15 0 0 1 1 1 0 0 1 0 1 0 0 0 1
2014   2 28  8 29  8 225372  -21.09448  -46.47667     3300  27.4  0  0  5 10 0 0 1 1 1 0 0 1 0 0 0 0 0 1
2014   2 28  8 29  8 363241  -22.25004  -46.18299     2757  12.6  0  0  5  8 0 0 1 1 1 0 0 0 0 1 0 0 0 1
2014   2 28  8 29  9 100130  -10.91428  -57.19805     3687  15.9  0  0  5  8 0 0 1 0 1 0 0 1 0 1 0 0 0 1
2014   2 28  8 29  9 413955  -33.43604  -39.85487     3019  14.1  0  0  6 15 0 0 1 1 1 0 0 1 0 1 0 0 0 1
2014   2 28  8 29  9 423878  -33.59544  -39.14820     6771  47.3  1  0  5 10 0 0 1 1 1 0 0 1 0 0 0 0 0 1
2014   2 28  8 29  9 432921  -33.59702  -39.13770     6698  46.5  1  0  5 10 0 0 1 1 1 0 0 1 0 0 0 0 0 1
2014   2 28  8 29  9 489462  -34.92199  -38.55280    18561  36.9  1  0  5 10 0 0 0 1 1 0 0 1 0 1 0 0 0 1
2014   2 28  8 29  9 635790   32.82169 -176.23727    12153  43.0  1  0  6 15 0 0 1 1 1 0 0 1 0 1 0 0 0 1
2014   2 28  8 29 10 117372  -10.82800  -57.27208     3342  30.3  0  0  6 15 0 0 1 1 1 0 0 1 0 1 0 0 0 1
2014   2 28  8 29 10 140437  -10.82531  -57.27329     3353  30.6  0  0  6 15 0 0 1 1 1 0 0 1 0 1 0 0 0 1
2014   2 28  8 29 10 647474  -23.58534  -45.43794     5020  53.8  2  0  5 10 0 0 1 1 1 0 0 1 0 0 0 0 0 1
2014   2 28  8 29 11 317263   -1.23331  -71.65750     6040  40.6  1  0  6 15 0 0 1 1 1 0 0 1 0 1 0 0 0 1
2014   2 28  8 29 11 620838  -21.46524  -46.21712     3510  59.0  1  0  6 15 0 0 1 1 1 0 0 1 0 1 0 0 0 1
2014   2 28  8 29 14  77580    6.12476  -72.75399    14730  61.6  2  0  5 10 0 0 1 1 1 0 0 1 0 0 0 0 0 1
2014   2 28  8 29 14 549640  -14.26497  -44.15971     4578  33.2  1  0  5  7 0 0 1 1 1 0 0 1 0 0 0 0 0 1
2014   2 28  8 29 14 682708  -10.44863  -57.52532     8150  43.8  1  0  5 10 0 0 1 1 1 0 0 0 0 1 0 0 0 1
2014   2 28  8 29 14 832117  -10.60143  -57.26453     8275  45.5  1  0  5 10 0 0 1 1 1 0 0 0 0 1 0 0 0 1
2014   2 28  8 29 15 297476    1.76621  -83.83108    14859  62.9  2  0  5 10 0 0 1 1 0 0 0 1 0 1 0 0 0 1
2014   2 28  8 29 15 335475    1.91169  -83.98798    10487  60.2  2  0  6 15 0 0 1 1 1 0 0 1 0 1 0 0 0 1
2014   2 28  8 29 15 361562    0.27206  -79.88113    38986  45.3  1  0  5 10 0 0 0 1 1 0 0 1 0 1 0 0 0 1
2014   2 28  8 29 15 413225    0.28328  -79.89259    39864  46.4  1  0  5 10 0 0 0 1 1 0 0 1 0 1 0 0 0 1
2014   2 28  8 29 16  15134  -30.94880  -57.56870    83420  56.2  2  0  5 10 0 0 0 1 1 0 0 1 0 1 0 0 0 1
2014   2 28  8 29 16 674654   -7.82732    6.58087    27199  60.3  2  0  5 10 0 0 1 1 1 0 0 1 0 0 0 0 0 1
2014   2 28  8 29 17 691610  -23.94072  -44.79593     3905  15.2  0  0  4  6 0 0 1 1 0 0 0 1 0 0 0 0 0 1
2014   2 28  8 29 18 675119  -23.16224 -119.14417    96136  34.8  1  0  5 10 0 0 0 1 1 0 0 1 0 1 0 0 0 1
2014   2 28  8 29 18 697627  -13.59536 -148.68867   156373  37.5  1  0  4  6 0 0 1 1 1 0 0 0 0 1 0 0 0 0
2014   2 28  8 29 19 111179   -5.51743  -70.98670     5653  32.0  1  0  5 10 0 0 1 0 1 0 0 1 0 1 0 0 0 1
