2014   2 28  8 19 28 880143    4.58174  150.57101    28203  36.2  1  0  4  6 0 0 1 1 0 0 0 0 0 0 1 1 0 0
2014   2 28  8 19 29 691234  -25.39686  -44.26337     3040  16.5  0  0  5 10 0 0 1 1 0 0 0 0 0 1 1 1 0 0
2014   2 28  8 19 34 201520    2.98014  -84.93227     6588  45.0  1  0  5 10 0 0 1 1 0 0 0 0 0 1 1 1 0 0
2014   2 28  8 19 34 248808    2.94858  -84.89778     6415  43.9  1  0  5  9 0 0 1 1 0 0 0 0 0 1 1 1 0 0
2014   2 28  8 19 34 736159  -23.38238  -45.56628     4137  29.6  1  0  4  6 0 0 1 1 0 0 0 0 0 1 1 0 0 0
2014   2 28  8 19 35 667543    2.70545  -84.26276     6964  51.6  2  0  5  9 0 0 1 1 0 0 0 0 0 1 1 1 0 0
2014   2 28  8 19 36 681988  -31.16802 -129.76634    16840  28.2  1  0  4  6 0 0 1 1 0 0 0 0 0 1 0 1 0 0
2014   2 28  8 19 37 840069   -9.51038  149.52257    16172  17.8  0  0  4  6 0 0 1 1 0 0 0 0 0 0 1 1 0 0
2014   2 28  8 19 40 787922   -9.17801  -66.96248     5314  69.9  2  0  5 10 0 0 1 1 0 0 0 0 0 1 1 1 0 0
2014   2 28  8 19 44 427864  -41.04763  -67.61494     8132   2.7  0  0  6 14 0 0 0 1 1 0 0 1 0 0 1 1 0 1
2014   2 28  8 19 44 513109   -6.95230  -74.00964     2510   8.0  0  0  7 21 0 0 1 1 1 0 0 0 0 1 1 1 0 1
2014   2 28  8 19 44 694993    7.19588  -77.53394     3140   7.3  0  0  6 14 0 0 1 1 1 0 0 0 0 0 1 1 0 1
2014   2 28  8 19 44 949389   -6.91406    9.09652     9128   8.8  0  0  5 10 0 0 1 1 1 0 0 1 0 0 0 0 0 1
2014   2 28  8 19 45 380038  -33.28328  -39.71770     3375  25.3  0  0  6 15 0 0 1 1 1 0 0 1 0 1 1 0 0 0
2014   2 28  8 19 45 399620  -33.35593  -39.57893     7936  29.9  1  0  4  6 0 0 1 1 0 0 0 1 0 0 0 0 0 1
2014   2 28  8 19 45 418436  -33.32766  -39.58686     7667  28.5  1  0  4  6 0 0 1 1 0 0 0 1 0 0 0 0 0 1
2014   2 28  8 19 45 438388  -33.24630  -39.82337     4535  25.4  0  0  6 15 0 0 1 0 1 0 0 1 0 0 1 1 0 1
2014   2 28  8 19 45 463251  -33.28191  -39.69548     7164  29.5  0  0  5 10 0 0 0 1 1 0 0 1 0 0 1 0 0 1
2014   2 28  8 19 45 498909  -33.26926  -39.66388     3132   7.3  0  0  5 10 0 0 1 1 1 0 0 0 0 0 1 0 0 1
2014   2 28  8 19 45 534454  -33.25950  -39.69548     3190   3.2  0  0  5 10 0 0 1 1 0 0 0 0 0 1 0 1 0 1
2014   2 28  8 19 45 632897  -33.27260  -39.69728     7327  30.6  1  0  5 10 0 0 0 1 1 0 0 1 0 0 1 0 0 1
2014   2 28  8 19 45 641020  -33.28888  -39.68221     3586  27.5  0  0  6 15 0 0 1 1 1 0 0 1 0 0 1 0 0 1
2014   2 28  8 19 45 687948  -33.33514  -39.71546     5219  31.9  1  0  5 10 0 0 1 1 1 0 0 1 0 0 0 0 0 1
2014   2 28  8 19 45 706859  -33.24508  -39.81847     3700  24.3  0  0  7 21 0 0 1 0 1 0 0 1 0 1 1 1 0 1
2014   2 28  8 19 46 130961  -33.26335  -39.70655     3211  29.1  0  0  7 21 0 0 1 1 1 0 0 1 0 1 1 1 0 0
2014   2 28  8 19 46 425153  -11.89193  -72.97945     3423  33.3  0  0  6 15 0 0 1 1 1 0 0 1 0 0 1 1 0 0
2014   2 28  8 19 46 591787  -11.89776  -73.08761     4430  37.3  1  0  5  8 0 0 1 1 1 0 0 1 0 0 0 1 0 0
2014   2 28  8 19 46 681118  -10.79877  -56.61098     3105  16.0  0  0  5 10 0 0 1 0 0 0 0 0 0 1 1 1 0 1
2014   2 28  8 19 47 285516    3.90915  -85.53564    18430  11.8  0  0  5 10 0 0 1 0 1 0 0 0 0 1 1 0 0 1
2014   2 28  8 19 47 336786    2.37549  -84.75984     7750  34.6  0  0  6 15 0 0 0 0 1 0 0 1 0 1 1 1 0 1
2014   2 28  8 19 47 347213    2.34339  -84.48344     4119  38.3  0  0  7 21 0 0 1 1 1 0 0 1 0 0 1 1 0 1
2014   2 28  8 19 47 421231    2.31496  -84.34784     4010  10.7  0  0  5  8 0 0 1 1 1 0 0 0 0 0 0 1 0 1
2014   2 28  8 19 47 595494  -21.69714  -50.46832     3625  34.9  0  0  6 12 0 0 1 0 1 0 0 1 0 1 1 1 0 0
2014   2 28  8 19 48  13768    9.13797  140.08220     5522  16.8  0  0  5 10 0 0 1 0 0 0 0 1 0 1 1 1 0 0
2014   2 28  8 19 48  59719  -21.18855 -142.34927     9758  43.9  0  0  7 21 0 0 1 1 0 0 0 1 0 1 1 1 0 1
2014   2 28  8 19 48 134936  -21.21878 -142.38327    18132  48.2  1  0  5 10 0 0 1 1 1 0 0 1 0 0 0 1 0 0
2014   2 28  8 19 48 143633  -21.22280 -141.60150    14883  35.5  1  0  5 10 0 0 1 1 1 0 0 0 0 0 1 1 0 0
2014   2 28  8 19 48 283377  -21.18884 -141.76137     7785  30.1  0  0  7 21 0 0 1 1 1 0 0 0 0 1 1 1 0 1
2014   2 28  8 19 48 330792  -21.27828 -138.07030    16861   8.4  0  0  5 10 0 0 0 1 1 0 0 0 0 0 1 1 0 1
2014   2 28  8 19 48 420976   -0.13627 -173.88412    33519 128.8  2  0  6 15 0 0 1 1 1 0 0 0 0 0 1 1 0 1
2014   2 28  8 19 49 413600   -9.76114  160.34398    12398  61.7  1  0  7 16 0 0 1 1 1 0 0 1 0 0 1 1 0 1
2014   2 28  8 19 49 726545  -12.03891  163.42020    43102  60.0  1  0  6 15 0 0 1 1 1 0 0 1 0 1 1 0 0 0
2014   2 28  8 19 49 942912  -22.31398  -45.90891     3246  44.2  1  0  6 15 0 0 1 1 1 0 0 1 0 0 1 0 0 1
2014   2 28  8 19 49 969077  -22.26239  -46.02536     2986  53.3  1  0  7 21 0 0 1 0 1 0 0 1 0 1 1 1 0 1
2014   2 28  8 19 49 981083  -22.32763  -45.93076     3810  46.9  1  0  5  9 0 0 0 1 1 0 0 1 0 0 1 0 0 1
2014   2 28  8 19 49 988825  -22.37127  -45.94447     3246  39.9  0  0  6 11 0 0 1 1 1 0 0 1 0 0 1 0 0 1
2014   2 28  8 19 50  72253  -22.30717  -45.90417     3269  45.3  1  0  6 15 0 0 1 1 1 0 0 1 0 0 1 0 0 1
2014   2 28  8 19 50 400769   -9.46039  176.39070    19738  44.9  0  0  7 21 0 0 1 1 1 0 0 1 0 1 1 0 0 1
2014   2 28  8 19 51 338808  -34.16964  -37.46517     7141  62.6  2  0  5 10 0 0 1 1 1 0 0 1 0 0 1 0 0 0
2014   2 28  8 19 51 374133    2.29907  -84.35095     5224  57.2  1  0  7 21 0 0 1 0 1 0 0 1 0 1 1 1 0 1
2014   2 28  8 19 51 402572    9.19339  -72.94114     3970  36.2  0  0  7 21 0 0 1 1 1 0 0 0 0 1 1 1 0 1
2014   2 28  8 19 51 453491    9.24475  -73.26187     6016  69.0  1  0  7 18 0 0 1 1 0 0 0 1 0 1 1 1 0 1
2014   2 28  8 19 51 501944    9.15121  -72.89438     7339  21.3  0  0  5  9 0 0 0 1 1 0 0 0 0 1 0 1 0 1
2014   2 28  8 19 51 564614    8.50421  -72.68446    19374  66.3  2  0  5 10 0 0 1 1 0 0 0 1 0 0 1 0 0 1
2014   2 28  8 19 51 601411    9.20584  -72.93596     4144  37.8  0  0  7 20 0 0 1 1 1 0 0 0 0 1 1 1 0 1
2014   2 28  8 19 51 729476   -9.31811  -69.42301     3558  37.3  0  0  6 15 0 0 1 1 1 0 0 0 0 0 1 1 0 1
2014   2 28  8 19 51 992527  -25.09926  -44.60048     3623  62.0  1  0  7 21 0 0 1 1 1 0 0 1 0 1 1 0 0 1
2014   2 28  8 19 52 732647  -33.49020  -39.04163     7403  37.1  1  0  5 10 0 0 1 0 1 0 0 0 0 1 1 0 0 1
2014   2 28  8 19 52 770136  -33.61480  -38.97895     7144  68.8  2  0  5 10 0 0 1 1 1 0 0 1 0 0 1 0 0 0
2014   2 28  8 19 52 951044  -33.55079  -39.07237     8998  70.8  2  0  5 10 0 0 1 1 1 0 0 1 0 0 0 0 0 1
2014   2 28  8 19 53 636061    3.00444  -17.08150    18719  75.5  2  0  6 14 0 0 1 0 1 0 0 1 0 0 1 1 0 1
2014   2 28  8 19 54 871211  -21.48845  -46.45158     4601  61.2  2  0  5  9 0 0 0 1 1 0 0 1 0 0 1 0 0 1
2014   2 28  8 19 55 755860   -5.05122  -70.97556     6761  75.7  2  0  7 21 0 0 1 1 1 0 0 1 0 1 1 0 0 1
2014   2 28  8 19 55 860173   -4.43489  -71.37848     4040  20.0  1  0  4  6 0 0 1 1 1 0 0 0 0 0 0 1 0 0
2014   2 28  8 19 56 481402  -20.85175  -46.95938     3678  54.6  1  0  6 15 0 0 1 1 1 0 0 1 0 0 1 0 0 1
2014   2 28  8 19 58 691497   -8.01361    5.59461    28683  64.9  2  0  5 10 0 0 1 1 1 0 0 1 0 0 0 0 0 1
2014   2 28  8 20  0  62278  -22.77736 -139.70833     9479   9.9  0  0  5  9 0 0 1 0 0 0 0 1 0 0 1 1 0 1
2014   2 28  8 20  0  73862  -23.09182 -138.81984    14810  12.0  0  0  5 10 0 0 1 1 1 0 0 1 0 0 1 0 0 0
2014   2 28  8 20  0  93736  -22.80797 -139.33743     4940   8.0  0  0  7 21 0 0 1 1 1 0 0 0 0 1 1 1 0 1
2014   2 28  8 20  0 113080  -22.79910 -139.56346    13498  19.5  0  0  4  6 0 0 1 1 0 0 0 1 0 0 0 1 0 0
2014   2 28  8 20  0 206209   -5.06146  145.25821     6266  11.2  0  0  4  6 0 0 1 0 0 0 0 1 0 0 1 1 0 0
2014   2 28  8 20  0 886884   -0.41374  147.67207    61224  22.9  0  0  5 10 0 0 1 1 1 0 0 0 0 1 1 0 0 0
2014   2 28  8 20  0 898587   -4.83788  -72.19256     2671  16.0  0  0  7 21 0 0 1 1 1 0 0 1 0 0 1 1 0 1
2014   2 28  8 20  0 918317  -32.50699 -177.65619    17764  31.2  1  0  5 10 0 0 0 1 1 0 0 1 0 0 0 1 0 1
2014   2 28  8 20  0 946258  -13.14298  157.36214     8979  18.5  0  0  6 15 0 0 1 0 1 0 0 0 0 1 1 1 0 1
2014   2 28  8 20  1  14390   -6.06229    8.90001     9100   3.9  0  0  4  6 0 0 1 0 0 0 0 0 0 0 1 1 0 1
2014   2 28  8 20  1  48125  -13.14881  157.26894     7392  31.4  0  0  6 15 0 0 1 1 1 0 0 1 0 0 0 1 0 1
2014   2 28  8 20  1  69463  -20.89321  -46.22169     2683  10.6  0  0  5 10 0 0 0 1 1 0 0 1 0 0 1 0 0 1
2014   2 28  8 20  1 470134   -4.18348  -20.04597    12852  35.2  1  0  5 10 0 0 1 1 1 0 0 0 0 0 0 1 0 1
2014   2 28  8 20  1 627730  -23.05908  -45.53220     3344  11.0  0  0  4  6 0 0 1 1 0 0 0 1 0 0 0 0 0 1
2014   2 28  8 20  2 122451    6.16371  143.63005     4636  33.1  0  0  7 21 0 0 1 0 1 0 0 1 0 1 1 1 0 1
2014   2 28  8 20  3 678739  -21.97771  -50.53840     3440  22.6  0  0  5 10 0 0 1 0 0 0 0 1 0 1 1 1 0 0
2014   2 28  8 20  3 717360  -22.10707  -50.12019     3365  11.6  0  0  4  6 0 0 1 1 0 0 0 1 0 0 1 0 0 0
2014   2 28  8 20  3 939552  -10.82963  -56.21832     3167  40.6  0  0  7 21 0 0 0 1 1 0 0 1 0 1 1 1 0 1
2014   2 28  8 20  3 958735  -10.76443  -56.14212     2570  22.2  0  0  7 20 0 0 1 1 1 0 0 0 0 1 1 1 0 1
2014   2 28  8 20  3 970354  -10.83406  -56.30599     3197  30.3  0  0  6 15 0 0 1 0 1 0 0 1 0 1 0 1 0 1
2014   2 28  8 20  3 985923  -10.82126  -56.21930     3257  38.1  0  0  6 15 0 0 1 1 1 0 0 1 0 0 0 1 0 1
2014   2 28  8 20  4   7262  -10.89180  -56.18286     2872  25.4  0  0  7 21 0 0 1 0 1 0 0 1 0 1 1 0 1 1
2014   2 28  8 20  4  95908  -21.94202  -50.43939     3893  76.8  2  0  7 18 0 0 1 1 1 0 0 1 0 1 1 0 0 1
2014   2 28  8 20  4 313547  -21.84701 -140.59053    19502  52.1  2  0  5 10 0 0 1 1 0 0 0 1 0 0 1 1 0 0
2014   2 28  8 20  4 355953  -26.94442 -131.65953    29014  40.1  1  0  5 10 0 0 1 1 1 0 0 1 0 0 1 0 0 0
2014   2 28  8 20  4 381127  -26.24210 -133.88905    17546  48.4  1  0  5 10 0 0 1 1 1 0 0 1 0 0 0 1 0 0
2014   2 28  8 20  4 517415   -0.94911   -2.18455    26150   8.7  0  0  4  6 0 0 0 1 0 0 0 1 0 0 1 0 0 1
2014   2 28  8 20  5 215083  -23.41877  -45.67312     2900   7.1  0  0  5  9 0 0 0 0 1 0 0 0 0 1 1 1 0 1
2014   2 28  8 20  5 248988  -23.48476  -45.61176     2659  16.0  0  0  6 14 0 0 1 1 1 0 0 0 0 1 0 1 0 1
2014   2 28  8 20  5 985369  -12.25689  -71.64710     4311  58.1  1  0  6 15 0 0 1 1 1 0 0 1 0 0 1 1 0 0
2014   2 28  8 20  6  39920  -30.67841  -41.27847     5054  46.0  1  0  5 10 0 0 1 1 1 0 0 1 0 0 1 0 0 0
2014   2 28  8 20  6  58325  -30.51560  -41.42541     5573  30.5  1  0  5 10 0 0 0 1 1 0 0 0 0 1 1 0 0 1
2014   2 28  8 20  6 144422  -30.65653  -41.28681     7292  47.8  1  0  6 11 0 0 0 1 1 0 0 1 0 0 1 1 0 1
2014   2 28  8 20  6 217974   -4.72421  -71.67614     4509  57.4  1  0  6 15 0 0 1 1 1 0 0 1 0 0 1 1 0 0
2014   2 28  8 20  6 275547  -12.31284  -72.05945     7511  46.5  1  0  6 14 0 0 0 1 1 0 0 1 0 1 0 1 0 1
2014   2 28  8 20  6 340093  -22.08971  -45.55082     3836  44.9  1  0  5 10 0 0 1 1 1 0 0 1 0 0 0 0 0 1
2014   2 28  8 20  6 479172   -4.64847  -71.70464     3763  49.5  0  0  7 21 0 0 1 0 1 0 0 1 0 1 1 1 0 1
2014   2 28  8 20  6 931201  -30.51453  -41.29976     3376  12.7  0  0  5  9 0 0 1 1 1 0 0 0 0 0 1 0 0 1
2014   2 28  8 20  7 438162  -12.90519  157.08562     8867  51.5  1  0  7 21 0 0 1 0 1 0 0 1 0 1 1 1 0 1
2014   2 28  8 20  7 872701   -0.68926  -71.58192     4529  10.1  0  0  4  6 0 0 0 1 0 0 0 0 0 0 1 1 0 1
2014   2 28  8 20  7 951437    9.30979  -73.24545     5512  69.8  1  0  7 21 0 0 1 1 0 0 0 1 0 1 1 1 0 1
2014   2 28  8 20  8 499382   -0.87371  -71.48831     3557  41.9  0  0  7 21 0 0 1 1 1 0 0 0 0 1 1 1 0 1
2014   2 28  8 20  9  12502    4.64064  -84.06105     5543  45.9  1  0  6 15 0 0 1 0 1 0 0 0 0 1 1 1 0 1
2014   2 28  8 20  9 324840   -4.01634  147.88918     8833  72.2  2  0  7 17 0 0 1 1 1 0 0 1 0 1 1 1 0 0
2014   2 28  8 20  9 425398   -3.91081  147.82509     6935  62.2  1  0  7 21 0 0 1 1 1 0 0 1 0 0 1 1 0 1
2014   2 28  8 20  9 518462   -4.03055  148.45708     9299  67.8  2  0  6 15 0 0 1 0 1 0 0 1 0 1 1 1 0 0
2014   2 28  8 20  9 588154   10.05784   17.70438    71071  23.9  0  0  5  9 0 0 1 1 1 0 0 0 0 0 1 0 0 1
2014   2 28  8 20  9 941687  -14.46397  -39.69766     3298  46.1  1  0  6 14 0 0 1 1 1 0 0 1 0 0 1 0 0 1
2014   2 28  8 20 11 787578  -26.55522  -65.37730     2756  19.8  0  0  6 15 0 0 1 1 1 0 0 0 0 1 0 1 0 1
2014   2 28  8 20 13 687783    4.88323  149.75264    12314  98.5  2  0  7 21 0 0 1 0 1 0 0 1 0 1 1 1 0 1
2014   2 28  8 20 13 718199  -32.05748 -101.36052    32809   7.4  0  0  4  6 0 0 0 1 0 0 0 1 0 0 1 0 0 1
2014   2 28  8 20 13 740408  -29.14694 -134.46559    59206 125.6  2  0  6 15 0 0 0 1 0 0 0 1 0 1 1 1 0 1
2014   2 28  8 20 13 867466    4.81577  149.81873    14382 132.8  2  0  7 21 0 0 1 1 1 0 0 1 0 1 1 1 0 0
2014   2 28  8 20 14  64062   -9.41181  -66.75682     5009 109.8  2  0  7 21 0 0 1 1 1 0 0 1 0 0 1 1 0 1
2014   2 28  8 20 14 229977    4.12601  154.61514    15628  25.7  1  0  4  6 0 0 1 1 1 0 0 0 0 0 0 1 0 0
2014   2 28  8 20 14 260567    3.10191  153.59656    30452 111.3  2  0  6 15 0 0 1 1 1 0 0 1 0 1 1 0 0 0
2014   2 28  8 20 15   7671  -21.49594  -45.56147     4458  77.0  2  0  6 15 0 0 1 1 1 0 0 1 0 0 1 0 0 1
2014   2 28  8 20 15 403740   -3.87110   -7.42347    20818   7.1  0  0  4  6 0 0 0 1 0 0 0 1 0 0 1 0 0 1
2014   2 28  8 20 16 500742   12.50916 -123.97758    34627  26.3  1  0  4  6 0 0 0 1 1 0 0 1 0 0 0 1 0 0
2014   2 28  8 20 17 924842   -4.72971  -71.35564    10013  18.2  0  0  4  6 0 0 0 1 0 0 0 1 0 0 1 0 0 1
2014   2 28  8 20 17 962910   -4.47945  -71.83488     4445  26.0  0  0  5 10 0 0 0 1 1 0 0 1 0 0 1 1 0 0
2014   2 28  8 20 18 544779   -4.66421  -71.62947     6363  26.3  0  0  5  9 0 0 1 1 1 0 0 1 0 0 1 0 0 0
2014   2 28  8 20 18 629564   -4.64480  -71.66079     3653  22.2  0  0  7 21 0 0 1 1 1 0 0 1 0 1 1 0 0 1
2014   2 28  8 20 18 793159    4.99488  -81.79018     5537  10.9  0  0  5 10 0 0 1 0 1 0 0 1 0 1 0 0 0 1
2014   2 28  8 20 18 872523    5.71953  -82.81756     6567  30.8  0  0  6 15 0 0 0 1 1 0 0 1 0 0 1 1 0 1
2014   2 28  8 20 18 905706  -31.01568 -138.23401    17066  31.3  0  0  6 15 0 0 0 1 1 0 0 1 0 0 1 1 0 1
2014   2 28  8 20 19 119756  -25.23203  -44.70329     5094  29.6  0  0  6 13 0 0 0 1 1 0 0 1 0 1 0 1 0 1
2014   2 28  8 20 19 269881  -22.28330  -46.01554     2912  32.7  0  0  6 14 0 0 0 1 1 0 0 1 0 0 1 1 0 1
2014   2 28  8 20 19 276583  -22.31628  -45.98645     3092  24.8  0  0  5  9 0 0 0 1 1 0 0 1 0 0 1 0 0 1
2014   2 28  8 20 19 928620  -34.19302  -37.55968     4918  33.4  1  0  5 10 0 0 1 1 1 0 0 1 0 0 1 0 0 0
2014   2 28  8 20 20 727420  -21.71016  -50.40582     3081  40.4  1  0  6 14 0 0 1 1 0 0 0 1 0 1 1 0 0 1
2014   2 28  8 20 21 406701    0.60053  -25.31219     9027  43.9  1  0  6 13 0 0 1 1 0 0 0 1 0 0 1 1 0 1
2014   2 28  8 20 21 444068    0.97935  -25.13014    39350  48.6  1  0  5  8 0 0 1 1 1 0 0 0 0 0 1 1 0 0
2014   2 28  8 20 21 462959   32.11769  127.20082     9396  31.6  1  0  5  7 0 0 1 1 1 0 0 1 0 0 0 0 0 1
2014   2 28  8 20 21 477725    1.03227  -23.22293    37671  52.5  2  0  5  7 0 0 0 1 1 0 0 1 0 0 0 1 0 1
2014   2 28  8 20 21 944347  -30.62719 -134.47978    17930  60.9  1  0  7 21 0 0 1 1 1 0 0 1 0 0 1 1 0 1
2014   2 28  8 20 22 803677  -12.51456  156.21909    19593  71.4  2  0  7 19 0 0 1 1 1 0 0 0 0 1 1 1 1 0
2014   2 28  8 20 25 132146  -19.00341 -143.10110    11212  50.0  1  0  7 21 0 0 1 1 1 0 0 0 0 1 1 1 0 1
2014   2 28  8 20 25 141638  -19.01546 -143.07622    11193  49.8  0  0  7 21 0 0 1 1 1 0 0 0 0 1 1 1 0 1
2014   2 28  8 20 26 310399   -2.52419   15.52006    41426  13.9  0  0  4  6 0 0 1 1 0 0 0 0 0 0 1 0 0 1
2014   2 28  8 20 27 168358   10.86933  140.65871     6975  89.8  2  0  6 15 0 0 1 1 1 0 0 1 0 1 1 0 0 0
2014   2 28  8 20 27 232975    1.59564  146.78505    16141  53.7  2  0  5  7 0 0 1 0 1 0 0 0 0 1 0 1 0 1
2014   2 28  8 20 27 363178  -12.46097  156.44322    11009  58.5  1  0  6 15 0 0 1 0 1 0 0 1 0 0 1 1 0 1
2014   2 28  8 20 27 999558  -12.36274  156.14134    21503 118.9  2  0  6 14 0 0 1 1 0 0 0 1 0 1 1 1 0 0
2014   2 28  8 20 28 404637  -33.19572  -39.34568     4435  52.1  1  0  7 19 0 0 1 1 1 0 0 0 0 1 1 1 0 1
2014   2 28  8 20 28 439322  -32.99736  -39.64897    10069  95.7  2  0  7 21 0 0 0 1 1 0 0 1 0 1 1 1 0 1
2014   2 28  8 20 28 461010  -33.48539  -39.09044    15410  79.2  2  0  5 10 0 0 0 1 1 0 0 1 0 0 1 0 0 1
2014   2 28  8 20 28 948226  -13.01808  -70.77058     4387  62.0  2  0  6 15 0 0 1 1 0 0 0 0 0 1 1 1 0 1
2014   2 28  8 20 29 834737  -21.22990  -45.87244     3082  58.2  1  0  7 19 0 0 1 1 1 0 0 0 0 1 1 1 0 1
2014   2 28  8 20 29 935283  -21.65807  -45.33398     4195  37.9  1  0  5  9 0 0 1 1 1 0 0 1 0 0 1 0 0 0
2014   2 28  8 20 29 985568  -21.37122  -45.75730     4061 102.1  2  0  7 21 0 0 1 1 1 0 0 1 0 0 1 1 0 1
2014   2 28  8 20 30 466724  -21.38130  -45.81887     4818 108.1  2  0  6 15 0 0 1 1 0 0 0 1 0 1 1 0 0 1
2014   2 28  8 20 30 885794    6.35642  -76.79649     5889  62.0  2  0  6 15 0 0 1 0 1 0 0 1 0 0 1 1 0 1
2014   2 28  8 20 30 977932  -20.89641 -143.47734    11896  12.7  0  0  4  6 0 0 1 0 0 0 0 1 0 0 1 1 0 0
2014   2 28  8 20 30 989944  -21.59728 -138.55455    22979  86.8  2  0  6 15 0 0 1 1 1 0 0 0 0 0 1 1 0 1
2014   2 28  8 20 31  65831  -21.74143 -140.23108    23588 120.8  2  0  7 21 0 0 1 1 1 0 0 1 0 0 1 1 0 1
2014   2 28  8 20 31 150667  -23.50239  -45.45693     3670  16.5  0  0  4  6 0 0 0 1 0 0 0 0 0 1 1 1 0 0
2014   2 28  8 20 31 159932  -23.86927  -45.24604     6136  98.6  2  0  6 15 0 0 1 1 1 0 0 1 0 0 1 0 0 1
2014   2 28  8 20 31 476849   -7.20439    7.19938    24916 108.0  2  0  6 12 0 0 1 1 1 0 0 1 0 0 1 1 0 0
2014   2 28  8 20 31 682064    3.13749  -85.05649     8894 125.3  2  0  7 21 0 0 1 1 0 0 0 1 0 1 1 1 0 1
2014   2 28  8 20 31 755327   -0.04370  -79.33556    19864  59.4  1  0  6 15 0 0 0 1 1 0 0 1 0 1 1 0 0 1
2014   2 28  8 20 31 770416   32.52309 -126.65856    19751  71.1  2  0  6 15 0 0 1 1 1 0 0 0 0 0 1 1 0 1
2014   2 28  8 20 32 807967   -1.80474    4.54896    14706  23.0  0  0  5 10 0 0 1 1 1 0 0 1 0 0 0 0 0 1
2014   2 28  8 20 32 849701    9.25953  -73.41427     4955  16.8  0  0  5  9 0 0 0 1 1 0 0 1 0 0 1 1 0 0
2014   2 28  8 20 32 888149    9.23771  -73.34430     3176  16.3  0  0  7 20 0 0 1 1 1 0 0 1 0 1 1 1 0 0
2014   2 28  8 20 32 908375    9.23455  -73.42606     4314  18.8  0  0  6 14 0 0 0 1 1 0 0 1 0 0 1 1 0 1
2014   2 28  8 20 33 789345  -24.74837  -44.77544     2853  20.4  0  0  7 16 0 0 1 1 0 0 0 1 0 1 1 1 0 1
2014   2 28  8 20 34 470664  -21.88594 -140.60591     7268  27.6  0  0  7 21 0 0 1 1 1 0 0 1 0 1 0 1 0 1
2014   2 28  8 20 34 520720  -21.87273 -140.66599     9691  29.8  0  0  6 15 0 0 1 1 1 0 0 1 0 0 0 1 0 1
2014   2 28  8 20 34 686924  -18.82418 -142.03831     5841  19.1  0  0  7 21 0 0 1 0 1 0 0 1 0 1 0 1 1 1
2014   2 28  8 20 34 852461  -16.78613 -145.15924    49534  12.5  0  0  5 10 0 0 1 1 1 0 0 0 0 1 0 0 0 1
2014   2 28  8 20 34 873344  -21.85841 -140.15689    11914  23.5  0  0  5 10 0 0 1 1 0 0 0 0 0 0 1 1 0 1
2014   2 28  8 20 35 146441  -21.87840 -140.58441    14720  37.4  1  0  5 10 0 0 1 1 1 0 0 1 0 0 0 1 0 0
2014   2 28  8 20 35 251542  -21.84707 -141.28497    25564  39.1  1  0  5 10 0 0 0 1 1 0 0 1 0 0 1 1 0 0
2014   2 28  8 20 35 257791  -13.29402  -38.69154    21041  41.1  1  0  6 11 0 0 1 1 0 0 0 1 0 0 1 1 0 1
2014   2 28  8 20 35 262895  -21.83651 -141.22031    25347  38.8  1  0  5 10 0 0 0 1 1 0 0 1 0 0 1 1 0 0
2014   2 28  8 20 35 479341  -21.82973 -140.71223    11434  37.1  0  0  6 15 0 0 1 1 0 0 0 1 0 0 1 1 0 1
2014   2 28  8 20 35 992521    6.58318  -72.48182    16220  27.2  0  0  5 10 0 0 0 1 1 0 0 1 0 0 1 0 0 1
2014   2 28  8 20 36  39999    7.62085  -73.68064     8489  45.0  1  0  5  8 0 0 0 1 0 0 0 1 0 0 1 1 0 1
2014   2 28  8 20 36 357613  -30.47220  -41.53365     3167  24.1  0  0  7 16 0 0 1 1 1 0 0 0 0 1 1 1 0 1
2014   2 28  8 20 36 377593  -30.47777  -41.56974     3778  41.5  0  0  7 18 0 0 1 1 0 0 0 1 0 1 1 1 0 1
2014   2 28  8 20 36 417325  -30.53229  -41.42709     5081  35.5  1  0  5 10 0 0 1 1 1 0 0 1 0 0 0 0 0 1
2014   2 28  8 20 36 480576  -30.53927  -41.52406     5487  40.5  1  0  6 15 0 0 0 1 1 0 0 1 0 1 1 0 0 1
2014   2 28  8 20 36 536459  -30.47414  -41.53218     3434  37.4  0  0  7 21 0 0 1 1 1 0 0 1 0 1 1 0 0 1
2014   2 28  8 20 37 925464  -10.60635  -57.71426     6805  34.4  1  0  5  7 0 0 0 0 1 0 0 1 0 0 1 1 0 1
2014   2 28  8 20 38 693982  -33.62986  -38.99846     4670  45.8  1  0  6 15 0 0 1 1 1 0 0 1 0 0 1 0 0 1
2014   2 28  8 20 39 643329  -20.71210  -46.16999     4038  35.2  1  0  5  7 0 0 0 1 1 0 0 1 0 0 1 0 0 1
2014   2 28  8 20 39 780292  -33.20854 -131.15794    47178  58.4  2  0  5 10 0 0 1 1 1 0 0 1 0 0 1 0 0 0
2014   2 28  8 20 40 402860  -22.86314  -45.71171     3212  64.2  1  0  7 21 0 0 1 1 0 0 0 1 0 1 1 1 0 1
2014   2 28  8 20 40 435598  -23.03856  -45.49141     4599  45.8  1  0  5  9 0 0 1 1 0 0 0 1 0 0 1 0 0 1
2014   2 28  8 20 40 499500  -22.95934  -45.66059     4002  66.6  2  0  6 15 0 0 1 1 1 0 0 1 0 1 0 0 0 1
2014   2 28  8 20 40 579455  -23.01582  -45.50531     5990  62.6  2  0  5 10 0 0 1 1 1 0 0 1 0 0 1 0 0 0
2014   2 28  8 20 40 612468   -6.81332    7.11315    10845  45.2  1  0  6 15 0 0 1 1 1 0 0 1 0 0 0 1 0 1
2014   2 28  8 20 41 418563   -5.10787  145.03674     5936   5.9  0  0  4  6 0 0 1 0 0 0 0 1 0 0 1 1 0 0
2014   2 28  8 20 42 148632    6.70467  -73.13962     5157  21.4  0  0  5 10 0 0 0 1 1 0 0 0 0 0 1 1 0 1
2014   2 28  8 20 42 172912    2.89490  -81.06433    18395  78.4  2  0  5 10 0 0 0 1 1 0 0 1 0 0 0 1 0 1
2014   2 28  8 20 42 777766  -21.23880  -47.15181     4188  86.4  2  0  6 15 0 0 1 1 0 0 0 1 0 1 1 0 0 1
2014   2 28  8 20 43 317096   -4.34228  -71.43092     3823  53.1  1  0  7 21 0 0 1 1 1 0 0 0 0 1 1 1 0 1
2014   2 28  8 20 43 951532  -33.19777  -39.37163     9963  89.3  2  0  7 21 0 0 0 1 1 0 0 1 0 1 1 1 0 1
2014   2 28  8 20 44 151656  -33.01629  -39.39398    12267  61.8  2  0  5 10 0 0 0 1 0 0 0 0 0 1 1 1 0 1
2014   2 28  8 20 44 216615  -33.48305  -38.99003     6066  72.4  2  0  6 15 0 0 1 1 1 0 0 1 0 0 1 0 0 1
2014   2 28  8 20 44 259443  -33.51950  -39.00335    10249  81.5  2  0  5 10 0 0 1 1 1 0 0 1 0 0 0 0 0 1
2014   2 28  8 20 44 307009  -18.75163 -141.37445    15121  75.7  2  0  7 21 0 0 1 0 1 0 0 1 0 1 1 1 0 1
2014   2 28  8 20 44 316033  -18.83633 -140.99779    25814 106.0  2  0  6 15 0 0 1 1 1 0 0 1 0 0 1 1 0 0
2014   2 28  8 20 44 326481  -18.88598 -149.71802    39856  36.3  1  0  4  6 0 0 0 1 0 0 0 1 0 1 0 1 0 0
2014   2 28  8 20 44 340209  -18.92285 -140.13191    23076 125.3  2  0  7 20 0 0 1 1 1 0 0 1 0 0 1 1 1 0
2014   2 28  8 20 44 350379  -18.88369 -139.53357    13132  65.6  1  0  7 21 0 0 1 1 1 0 0 0 0 1 1 1 0 1
2014   2 28  8 20 44 393018  -20.50515 -136.69830    38971  87.1  2  0  6 15 0 0 1 1 0 0 0 1 0 1 1 0 0 1
2014   2 28  8 20 44 449859  -18.98052 -139.41951    17526  47.5  1  0  5 10 0 0 1 1 1 0 0 0 0 0 0 1 0 1
2014   2 28  8 20 44 477953   -9.25776 -155.70016    62877  14.8  0  0  4  6 0 0 1 1 0 0 0 0 0 0 1 0 0 1
2014   2 28  8 20 44 527251   -9.26519 -155.69040    63833  15.2  0  0  4  6 0 0 1 1 0 0 0 0 0 0 1 0 0 1
2014   2 28  8 20 44 967823   -6.77519  -74.39615     5798  66.7  2  0  6 13 0 0 1 0 1 0 0 1 0 0 1 1 0 1
2014   2 28  8 20 45  76161   -3.17992  149.18236     8772  82.6  2  0  7 21 0 0 1 0 1 0 0 1 0 1 1 1 0 1
2014   2 28  8 20 45  89937  -11.53938  167.49034    20295 113.4  2  0  7 21 0 0 1 1 0 0 0 1 0 1 1 1 0 1
2014   2 28  8 20 45 145669   -3.03189  149.24310     6043   4.2  0  0  4  6 0 0 1 0 0 0 0 1 0 0 1 1 0 0
2014   2 28  8 20 45 229425  -18.23716  177.42770    87164  86.6  2  0  6 15 0 0 1 1 1 0 0 1 0 0 1 0 0 1
2014   2 28  8 20 45 565854  -11.52569  167.17062    26916 111.4  2  0  6 15 0 0 1 1 1 0 0 1 0 1 0 1 0 0
2014   2 28  8 20 47 440092   -3.93067  147.79285     6992  50.5  1  0  6 15 0 0 0 1 1 0 0 1 0 1 0 1 0 1
2014   2 28  8 20 47 654661   -2.43337  143.89397     6722  35.9  0  0  6 15 0 0 1 1 1 0 0 0 0 0 1 1 0 1
2014   2 28  8 20 47 723425   12.07929  140.52153     5721  39.6  1  0  5  7 0 0 0 1 0 0 0 0 0 1 1 1 0 1
2014   2 28  8 20 47 815544   -3.78767  148.37560     6195   7.8  0  0  4  6 0 0 1 0 0 0 0 1 0 0 1 1 0 0
2014   2 28  8 20 47 843109  -21.42856  -46.63866     5063  66.0  2  0  6 11 0 0 1 1 1 0 0 1 0 0 1 0 0 1
2014   2 28  8 20 47 940019  -21.40977  -46.60420     4428  70.9  2  0  6 14 0 0 1 1 1 0 0 1 0 0 1 0 0 1
2014   2 28  8 20 48 231546  -21.92570 -141.17442    16494  13.5  0  0  4  6 0 0 0 1 0 0 0 1 0 0 1 1 0 0
2014   2 28  8 20 48 756394  -34.13857  -37.79095     3946  18.3  0  0  5 10 0 0 1 1 0 0 0 1 0 0 1 0 0 1
2014   2 28  8 20 48 787791  -34.13711  -37.75587     3428  10.4  0  0  5 10 0 0 1 1 1 0 0 0 0 0 1 0 0 1
2014   2 28  8 20 48 816292  -21.47038  -45.91331     2606   8.3  0  0  5 10 0 0 0 1 1 0 0 1 0 0 1 0 0 1
2014   2 28  8 20 49 215989  -20.61826 -142.36662    52479   0.4  0  0  4  6 0 0 1 1 0 0 0 0 0 0 1 0 0 1
2014   2 28  8 20 49 625218    2.68458  -84.67060     5022  26.0  0  0  5  9 0 0 1 1 0 0 0 1 0 1 0 1 0 0
2014   2 28  8 20 49 653018    2.69685  -84.59308     3184   8.8  0  0  6 15 0 0 1 1 1 0 0 0 0 0 1 1 0 1
2014   2 28  8 20 49 755602    2.70184  -84.73502     3282  16.9  0  0  7 21 0 0 1 0 1 0 0 1 0 1 1 1 0 1
2014   2 28  8 20 50 260037  -10.77059  -57.32060     3680   9.6  0  0  4  6 0 0 0 1 0 0 0 1 0 0 1 0 0 1
2014   2 28  8 20 50 608603  -16.36609  -52.08961     3100   3.3  0  0  5 10 0 0 1 1 1 0 0 0 0 0 1 0 0 1
2014   2 28  8 20 51 160784  -21.17146 -142.35181    15716  38.4  1  0  5 10 0 0 1 1 0 0 0 1 0 0 1 1 0 0
2014   2 28  8 20 51 168293  -21.17826 -142.30283     8499  31.5  0  0  7 21 0 0 1 1 1 0 0 1 0 0 1 1 0 1
2014   2 28  8 20 51 168450    4.49385  150.49190    10479  40.3  0  0  7 21 0 0 1 1 1 0 0 1 0 1 1 0 0 1
2014   2 28  8 20 51 175481  -21.07878 -142.85909    10081  17.8  0  0  5 10 0 0 1 0 1 0 0 1 0 0 1 1 0 0
2014   2 28  8 20 51 188896    4.73213  150.00552    10970  50.6  2  0  5 10 0 0 1 1 0 0 0 1 0 0 1 1 0 0
2014   2 28  8 20 51 487283    4.46823  150.55641    10864  42.5  0  0  7 21 0 0 1 1 1 0 0 1 0 1 1 0 0 1
2014   2 28  8 20 51 519994    4.73789  149.97110     7010  45.0  0  0  7 21 0 0 1 1 1 0 0 1 0 0 1 1 0 1
2014   2 28  8 20 51 596051    4.25539  153.49463    37166  37.5  1  0  4  6 0 0 0 1 0 0 0 0 0 0 1 1 0 1
2014   2 28  8 20 51 901372    4.55464  -84.53984     6426  25.7  0  0  6 15 0 0 1 1 1 0 0 1 0 1 0 0 0 1
2014   2 28  8 20 52  68799    4.79505  149.57025     8529  45.8  1  0  6 11 0 0 1 1 1 0 0 1 0 0 1 1 0 0
2014   2 28  8 20 52 362901  -23.49210  -45.57787     2740  15.2  0  0  6 15 0 0 0 1 1 0 0 0 0 1 1 1 0 1
2014   2 28  8 20 52 601738  -11.88789  -73.08453     4116  65.0  1  0  7 16 0 0 1 1 0 0 0 1 0 1 1 1 1 0
2014   2 28  8 20 52 652955  -23.57745  -45.49075     3429  31.4  0  0  6 15 0 0 1 1 1 0 0 1 0 0 1 0 0 1
2014   2 28  8 20 52 696271  -11.89325  -73.02097     5093  50.2  1  0  6 15 0 0 0 1 0 0 0 1 0 0 1 1 1 1
2014   2 28  8 20 53 504185    7.41843  -73.27140     4924  23.6  0  0  5  8 0 0 1 1 1 0 0 0 0 0 1 1 0 0
2014   2 28  8 20 53 519909    7.63161  -73.42815     3958  19.4  0  0  7 16 0 0 1 1 1 0 0 0 0 1 1 1 0 1
2014   2 28  8 20 53 576533    7.78392  -71.59594    13722  28.7  0  0  6 15 0 0 0 1 1 0 0 1 0 1 1 0 0 1
2014   2 28  8 20 53 757247    9.42552  -73.19747     5492  48.8  1  0  6 14 0 0 1 1 1 0 0 1 0 0 1 1 0 0
2014   2 28  8 20 53 999642  -21.73168  -46.14631     3010  31.5  0  0  6 15 0 0 1 1 1 0 0 1 0 0 1 0 0 1
2014   2 28  8 20 54  14544  -22.65610 -139.16588    11587  50.9  1  0  7 21 0 0 1 1 1 0 0 1 0 0 1 1 0 1
2014   2 28  8 20 54 196088  -21.67281  -46.27910     3207  64.2  1  0  7 21 0 0 1 1 1 0 0 1 0 1 1 0 0 1
2014   2 28  8 20 54 795103   -3.71406  -71.00196     3789  12.3  0  0  6 11 0 0 0 1 1 0 0 0 0 1 1 1 0 1
2014   2 28  8 20 54 864990   -3.75925  -71.18049     3002  25.7  0  0  7 21 0 0 1 1 1 0 0 0 0 1 1 1 0 1
2014   2 28  8 20 54 892641   -3.84156  -71.91047     6089  61.5  2  0  6 14 0 0 0 0 1 0 0 1 0 0 1 1 1 1
2014   2 28  8 20 55 208527   -3.74663  -71.18311     3381  25.6  0  0  6 15 0 0 1 1 1 0 0 0 0 0 1 1 0 1
2014   2 28  8 20 55 470071   -3.81014  -71.25136     3431  26.9  0  0  6 15 0 0 1 1 1 0 0 0 0 0 1 1 0 1
2014   2 28  8 20 55 489244   -3.81351  -71.24342     4210  31.7  1  0  5 10 0 0 1 1 1 0 0 0 0 0 1 1 0 0
2014   2 28  8 20 55 498546   -3.76367  -71.01133     3689  10.1  0  0  5 10 0 0 0 1 1 0 0 0 0 0 1 1 0 1
2014   2 28  8 20 55 863482  -21.63048  -46.03720     3044  24.4  0  0  5 10 0 0 1 0 1 0 0 1 0 0 1 0 0 1
2014   2 28  8 20 55 913127  -21.69158  -45.75728     3066  12.6  0  0  5  9 0 0 1 1 1 0 0 1 0 0 1 0 0 0
2014   2 28  8 20 57 237851    5.80932  -86.01633    12389   8.1  0  0  4  6 0 0 1 1 0 0 0 0 0 0 1 0 0 1
2014   2 28  8 20 57 287350    4.06466  -84.82136     7834  76.0  2  0  6 15 0 0 1 1 1 0 0 1 0 0 1 1 0 0
2014   2 28  8 20 59 469887  -20.94292  -47.22601     3937  79.4  2  0  6 15 0 0 1 1 0 0 0 1 0 0 1 1 0 1
2014   2 28  8 21  0 286382   -6.67022    8.07729    20720  67.4  2  0  5 10 0 0 1 1 0 0 0 0 0 0 1 1 0 1
2014   2 28  8 21  0 423072    0.14089   -2.06233    15551  42.1  1  0  5 10 0 0 1 1 1 0 0 0 0 0 0 1 0 1
2014   2 28  8 21  1  29561    4.64026  -73.49651     8299  88.3  2  0  6 12 0 0 1 0 1 0 0 1 0 1 1 1 0 0
2014   2 28  8 21  2 772331   -4.32709  -71.30554     4777  57.4  1  0  6 15 0 0 1 1 1 0 0 0 0 0 1 1 0 1
2014   2 28  8 21  2 840309   -4.42692  -71.60909     5845 114.3  2  0  7 21 0 0 1 1 1 0 0 1 0 1 1 1 0 0
2014   2 28  8 21  2 901021   -4.33651  -71.27351     4121  61.0  1  0  7 21 0 0 1 1 1 0 0 0 0 1 1 1 0 1
2014   2 28  8 21  3   7466   -4.44484  -71.73952    10757 125.8  2  0  6 15 0 0 0 1 1 0 0 1 0 1 1 1 0 0
2014   2 28  8 21  3 181084   -4.35080  -71.32941     4588  41.5  1  0  5 10 0 0 1 1 1 0 0 0 0 0 0 1 0 1
2014   2 28  8 21  3 235623    7.28827  140.15894    14231  40.4  1  0  5 10 0 0 1 0 1 0 0 1 0 0 1 0 0 1
2014   2 28  8 21  3 333991   -4.47966  -71.54804    10037 129.4  2  0  7 16 0 0 1 1 1 0 0 1 0 1 1 1 0 0
2014   2 28  8 21  3 528498  -21.24376  -45.85824     3114  64.6  1  0  7 21 0 0 1 1 1 0 0 0 0 1 1 1 0 1
2014   2 28  8 21  3 632747  -12.34536 -153.24936    11088  50.5  1  0  7 21 0 0 1 1 1 0 0 0 0 1 1 1 0 1
2014   2 28  8 21  5 147907  -13.05249  157.21161    11007  27.3  0  0  6 15 0 0 1 1 1 0 0 0 0 1 1 1 0 0
2014   2 28  8 21  5 241011  -13.10169  157.31311    13133  26.1  0  0  5 10 0 0 1 1 1 0 0 0 0 1 0 1 0 0
2014   2 28  8 21  5 572751    6.95666  -77.34000     3688  16.3  0  0  7 21 0 0 0 1 1 0 0 1 0 1 1 1 0 1
2014   2 28  8 21  5 757012  -15.01740  163.74228     5352  18.2  0  0  7 21 0 0 0 1 1 0 0 1 0 1 1 1 0 1
2014   2 28  8 21  5 953596  -20.85376  -46.32623     3173  25.6  0  0  6 15 0 0 1 0 1 0 0 1 0 1 1 1 0 0
2014   2 28  8 21  5 962482  -20.90547  -46.26469     2613  18.0  0  0  6 15 0 0 1 1 1 0 0 1 0 0 1 0 0 1
2014   2 28  8 21  5 986691  -30.47984  -41.64245     3746  16.9  0  0  5  8 0 0 1 1 0 0 0 0 0 1 1 0 0 1
2014   2 28  8 21  6   6412  -30.46048  -41.67208     3075  16.6  0  0  6 15 0 0 1 1 1 0 0 1 0 0 1 0 0 1
2014   2 28  8 21  6  43488    6.65512  -73.76195     3109  20.5  0  0  7 21 0 0 1 1 1 0 0 1 0 1 0 1 0 1
2014   2 28  8 21  6 157190  -30.36445  -41.77617     3946  11.4  0  0  5 10 0 0 0 1 1 0 0 1 0 0 1 0 0 1
2014   2 28  8 21  6 193635  -30.47690  -41.72080     4602  25.9  0  0  5 10 0 0 1 0 0 0 0 1 0 1 1 1 0 0
2014   2 28  8 21  6 647471   -4.31167  148.72232     5247   2.9  0  0  4  6 0 0 1 1 0 0 0 1 0 0 0 1 0 0
2014   2 28  8 21  6 755178  -30.45319  -41.82528     3252   9.5  0  0  5 10 0 0 1 1 1 0 0 1 0 0 0 0 0 1
2014   2 28  8 21  9 257027    4.00514  -73.27081    17765  47.3  1  0  6 15 0 0 0 1 1 0 0 1 0 1 1 0 0 1
2014   2 28  8 21  9 413643   -4.88719  145.34392     5765   2.4  0  0  4  6 0 0 1 0 0 0 0 1 0 0 1 1 0 0
2014   2 28  8 21 10 278679  -33.89923  -38.86002     3432  29.3  0  0  7 21 0 0 1 1 1 0 0 1 0 1 0 1 0 1
2014   2 28  8 21 12 331811  -13.30170  -39.10000     4969  50.3  1  0  7 17 0 0 1 1 1 0 0 1 0 0 1 1 0 1
2014   2 28  8 21 12 665239  -12.91315  -39.46752     5089  91.6  2  0  7 20 0 0 1 1 0 0 0 0 0 1 1 1 1 1
2014   2 28  8 21 13 235342  -24.87788  -45.00816     5032  74.8  2  0  6 14 0 0 1 1 1 0 0 0 0 1 1 0 0 1
2014   2 28  8 21 13 270553  -24.88272  -44.87001     6191  48.4  1  0  5  9 0 0 1 0 1 0 0 1 0 0 1 0 0 1
2014   2 28  8 21 13 498881    2.32885  -82.51817    24368  72.9  2  0  6 15 0 0 1 1 1 0 0 0 0 1 1 0 0 1
2014   2 28  8 21 14 754916  -22.64706 -138.78423    25230  99.3  2  0  6 15 0 0 1 1 1 0 0 0 0 1 1 1 0 0
2014   2 28  8 21 14 760610  -22.40904 -140.24693     9262   0.3  0  0  4  6 0 0 1 0 0 0 0 1 0 0 1 1 0 0
2014   2 28  8 21 15 157126  -10.22993  161.28871    12193  82.4  2  0  7 20 0 0 1 1 1 0 0 1 0 0 1 1 0 1
2014   2 28  8 21 16 231013  -21.15246 -144.45992    41920  99.0  2  0  6 12 0 0 0 1 1 0 0 1 0 0 1 1 1 0
2014   2 28  8 21 16 555074   -3.91604  -61.69115    25011  55.5  2  0  5 10 0 0 0 1 1 0 0 0 0 1 1 0 0 1
2014   2 28  8 21 17 550911    7.23825  -77.40002     8375 101.2  2  0  6 15 0 0 1 1 1 0 0 1 0 0 1 1 0 0
2014   2 28  8 21 17 625748   -5.36833  145.37207     5677  16.2  0  0  4  6 0 0 1 1 0 0 0 1 0 0 0 1 0 0
2014   2 28  8 21 17 933368  -23.23778  -46.15735     6212  74.5  2  0  6 11 0 0 1 1 1 0 0 0 0 1 1 1 0 0
2014   2 28  8 21 18  12705  -23.48211  -45.76550     5812 110.0  2  0  6 15 0 0 1 1 1 0 0 1 0 0 1 0 0 1
2014   2 28  8 21 18 101699    7.30956  -77.79277     9101  55.5  2  0  5  7 0 0 1 1 0 0 0 1 0 0 1 1 0 0
2014   2 28  8 21 18 128886  -23.59535  -45.80895     5619 107.5  2  0  6 15 0 0 1 1 1 0 0 1 0 0 1 0 0 1
2014   2 28  8 21 18 181936  -24.57263  -45.33170     4716  79.7  2  0  6 15 0 0 1 1 1 0 0 1 0 0 1 0 0 1
2014   2 28  8 21 18 659963   -6.65361  -75.14735     5356  48.6  1  0  5  9 0 0 1 1 0 0 0 1 0 0 1 1 0 0
2014   2 28  8 21 18 922760  -30.67861 -134.23975     9914   2.3  0  0  4  6 0 0 1 0 0 0 0 1 0 0 1 1 0 0
2014   2 28  8 21 20 771264   20.99258  -85.10538     5400  13.4  0  0  6 15 0 0 1 1 1 0 0 1 0 0 1 1 0 0
2014   2 28  8 21 21 945418   -4.26763  148.76146     4320  26.7  0  0  7 21 0 0 1 1 1 0 0 1 0 1 1 1 0 0
2014   2 28  8 21 22  10441   -4.27818  148.76517     5206  28.8  0  0  6 15 0 0 1 1 1 0 0 1 0 0 1 1 0 0
2014   2 28  8 21 22 113001  -19.30454 -140.49486    10287  21.1  0  0  7 21 0 0 1 1 1 0 0 1 0 1 1 0 0 1
2014   2 28  8 21 22 195065   -3.62511  148.06268    10421  25.0  0  0  6 15 0 0 1 1 1 0 0 1 0 1 1 0 0 0
2014   2 28  8 21 22 290385   -4.29676  148.80798     8074  33.1  1  0  5  9 0 0 1 1 1 0 0 1 0 0 0 1 0 0
2014   2 28  8 21 22 417828  -21.40925  -45.93005     2625   7.7  0  0  5  9 0 0 1 1 0 0 0 0 0 1 1 0 0 1
2014   2 28  8 21 22 435498  -21.46989  -45.88555     2927  19.5  0  0  5 10 0 0 0 1 1 0 0 1 0 0 1 0 0 1
2014   2 28  8 21 22 592015   -4.24884  148.75684     6763  29.7  0  0  5 10 0 0 1 1 0 0 0 1 0 0 1 1 0 0
2014   2 28  8 21 23 942554   -4.95418  145.78633     6332  12.5  0  0  4  6 0 0 0 0 0 0 0 1 0 1 1 1 0 0
2014   2 28  8 21 24 568833  -21.59327  -46.10893     2940  20.5  0  0  5 10 0 0 1 0 1 0 0 1 0 0 1 0 0 1
2014   2 28  8 21 24 618445  -21.57439  -46.05716     2918  27.9  0  0  6 15 0 0 1 1 1 0 0 1 0 0 1 0 0 1
2014   2 28  8 21 26 565812  -21.34661  -47.01440     3073  53.4  1  0  7 20 0 0 1 1 1 0 0 1 0 1 1 1 0 0
2014   2 28  8 21 26 747335   -0.99193  -18.16398    13398  41.6  1  0  6 15 0 0 1 1 1 0 0 0 0 0 1 1 0 1
2014   2 28  8 21 27 901086  -33.20235  -39.88352     5697  42.8  1  0  6 15 0 0 1 0 1 0 0 1 0 1 1 0 0 1
2014   2 28  8 21 27 910957  -33.30059  -39.32008     3504  16.4  0  0  5 10 0 0 1 1 1 0 0 0 0 0 1 0 0 1
2014   2 28  8 21 27 955293  -33.26538  -39.52147     4256  52.2  1  0  7 21 0 0 1 1 1 0 0 1 0 1 1 0 0 1
2014   2 28  8 21 28   3375  -41.19699  -36.46630     6628  22.9  0  0  5 10 0 0 1 1 1 0 0 1 0 0 0 0 0 1
2014   2 28  8 21 28  23932  -33.27793  -39.31446     3516  16.5  0  0  5 10 0 0 1 1 1 0 0 0 0 0 1 0 0 1
2014   2 28  8 21 28  59860  -33.36021  -39.26617     5649  44.9  1  0  5 10 0 0 1 1 0 0 0 1 0 0 1 0 0 1
2014   2 28  8 21 28 208724  -33.34658  -39.35819     5903  52.8  2  0  5 10 0 0 1 1 1 0 0 1 0 0 1 0 0 0
2014   2 28  8 21 28 483514  -31.26543 -128.99109    15134  35.9  1  0  5 10 0 0 1 1 1 0 0 0 0 0 0 1 0 1
2014   2 28  8 21 29  54851  -30.40487  -41.52098     4414  62.4  1  0  7 21 0 0 1 1 1 0 0 1 0 1 0 1 0 1
2014   2 28  8 21 29 371335  -12.67925  156.69258    19121 101.1  2  0  6 14 0 0 1 1 0 0 0 1 0 1 1 1 0 0
2014   2 28  8 21 29 431638  -12.88732  157.21301    16315  55.6  2  0  5  9 0 0 1 0 1 0 0 1 0 1 0 1 0 0
2014   2 28  8 21 29 717262   -7.89285  -61.41882     3157  44.9  0  0  7 21 0 0 1 1 1 0 0 0 0 1 1 1 0 1
2014   2 28  8 21 29 747742   -7.90020  -61.41196     3384  16.0  0  0  4  6 0 0 1 1 1 0 0 0 0 0 0 1 0 0
2014   2 28  8 21 29 798495  -12.16712  -71.62647     3471  46.6  0  0  7 21 0 0 1 1 1 0 0 0 0 1 1 1 0 1
2014   2 28  8 21 30  82617  -12.05953  -71.78262     5201  81.5  2  0  6 15 0 0 1 1 0 0 0 1 0 0 1 1 0 1
2014   2 28  8 21 30 339355  -12.42501  -71.31095     6488  62.4  2  0  6 14 0 0 1 1 1 0 0 1 0 0 1 0 0 1
2014   2 28  8 21 31 659500  -21.18747 -142.57529     9378   1.5  0  0  4  6 0 0 1 0 0 0 0 1 0 0 1 1 0 0
2014   2 28  8 21 32 240000  -30.55144  -40.74052     5215  65.2  2  0  6 15 0 0 1 1 1 0 0 1 0 0 1 0 0 1
2014   2 28  8 21 34 313705   -0.85892  -71.82148     7051 107.5  2  0  6 15 0 0 1 1 1 0 0 1 0 1 0 1 0 0
2014   2 28  8 21 34 746165  -23.47118  179.95120    41576 121.6  2  0  6 11 0 0 1 1 1 0 0 1 0 0 1 1 0 0
2014   2 28  8 21 35 337948  -33.07491  -39.34565    11434 106.5  2  0  7 20 0 0 0 1 1 0 0 1 0 1 1 1 0 1
2014   2 28  8 21 35 392687    5.26423  -72.46095     6513 108.7  2  0  7 21 0 0 1 1 1 0 0 1 0 0 1 1 0 1
2014   2 28  8 21 35 404253    5.21620  -71.24271     5609  25.1  0  0  5  7 0 0 0 1 1 0 0 0 0 0 1 1 0 1
2014   2 28  8 21 35 829908  -33.41496  -39.10693     6611 109.5  2  0  7 21 0 0 1 1 0 0 0 1 0 1 1 1 0 1
2014   2 28  8 21 35 896128  -33.44328  -39.09140     6361 100.4  2  0  7 21 0 0 1 1 1 0 0 1 0 1 1 0 0 1
2014   2 28  8 21 36 266689  -33.53061  -39.49128     2984  21.6  0  0  7 21 0 0 1 1 1 0 0 1 0 1 1 0 0 1
2014   2 28  8 21 36 276261  -33.55183  -39.46198     3450  23.6  0  0  6 15 0 0 1 1 1 0 0 1 0 0 1 0 0 1
2014   2 28  8 21 36 385243  -33.64627  -38.96109     6406  98.4  2  0  7 21 0 0 1 1 1 0 0 1 0 0 1 0 1 1
2014   2 28  8 21 36 506989    5.57284  -72.38493     3621  24.4  0  0  6 14 0 0 1 1 1 0 0 1 0 0 1 1 0 0
2014   2 28  8 21 36 673683  -22.97267  -45.69540     3614  13.6  0  0  5 10 0 0 1 1 1 0 0 0 0 0 1 0 0 1
2014   2 28  8 21 37  18062  -23.09804  -45.59641     3337  22.3  0  0  5 10 0 0 0 1 1 0 0 1 0 0 1 0 0 1
2014   2 28  8 21 37 215230    5.67987  -82.53339     6174  33.6  1  0  5  8 0 0 1 1 1 0 0 1 0 0 0 1 0 0
2014   2 28  8 21 37 376597  -21.57891 -141.13599     8751  24.5  0  0  6 15 0 0 1 0 1 0 0 1 0 1 1 1 0 0
2014   2 28  8 21 38 606898  -13.30707  -37.94048    17382  38.5  1  0  5  8 0 0 1 1 1 0 0 1 0 0 0 1 0 0
2014   2 28  8 21 38 859025  -21.47895  -45.95891     2769  39.8  0  0  7 20 0 0 0 1 1 0 0 1 0 1 1 1 0 1
2014   2 28  8 21 39 189264  -21.41024  -46.10896     2946  10.4  0  0  5  8 0 0 1 1 0 0 0 0 0 1 1 1 0 0
2014   2 28  8 21 40 358695  -21.58327  -46.10669     2900  44.9  0  0  7 21 0 0 1 1 1 0 0 1 0 1 1 0 0 1
2014   2 28  8 21 40 389802  -21.61978  -46.01184     2973  30.8  0  0  6 15 0 0 1 1 1 0 0 1 0 0 1 0 0 1
2014   2 28  8 21 40 500217   26.24935 -121.93566    43868  12.4  0  0  4  6 0 0 0 1 0 0 0 1 0 1 1 0 0 0
2014   2 28  8 21 41 239826  -23.44018  -45.61621     2557  20.2  0  0  7 21 0 0 1 1 1 0 0 0 0 1 1 1 0 1
2014   2 28  8 21 41 247167  -23.56462  -45.50674     4227  50.4  1  0  6 15 0 0 1 1 1 0 0 1 0 0 1 0 0 1
2014   2 28  8 21 41 256324  -23.56219  -45.51068     4245  50.9  1  0  6 15 0 0 1 1 1 0 0 1 0 0 1 0 0 1
2014   2 28  8 21 41 849133  -30.61860  -41.40478     6334  52.9  1  0  6 15 0 0 0 1 1 0 0 1 0 1 1 0 0 1
2014   2 28  8 21 41 870313  -30.64658  -41.32839     4307  47.8  1  0  6 15 0 0 1 1 1 0 0 1 0 0 1 0 0 1
2014   2 28  8 21 41 882082  -30.65474  -41.32998     4316  48.1  1  0  6 15 0 0 1 1 1 0 0 1 0 0 1 0 0 1
2014   2 28  8 21 42  68919   33.19678 -138.56398    13844  23.1  0  0  5  9 0 0 1 1 1 0 0 0 0 0 1 1 0 0
2014   2 28  8 21 43  28963  -20.65442  -48.25420     2579  27.5  0  0  7 20 0 0 1 1 1 0 0 0 0 1 1 1 0 1
2014   2 28  8 21 44 283330  -20.63837  -46.09590     3263  38.1  0  0  6 15 0 0 1 1 1 0 0 1 0 0 1 0 0 1
2014   2 28  8 21 44 591816    0.41651  160.01070    71133  60.0  2  0  5 10 0 0 0 1 1 0 0 1 0 0 1 0 0 1
2014   2 28  8 21 44 769001  -21.04761 -139.22542    43237  29.6  1  0  4  6 0 0 0 0 0 0 0 0 0 1 1 1 0 1
2014   2 28  8 21 44 817256  -21.03632 -142.23759    15730  79.6  2  0  7 21 0 0 1 1 0 0 0 1 0 1 1 1 0 1
2014   2 28  8 21 46 299034    4.57949  -73.30062     7817  95.7  2  0  6 13 0 0 1 1 1 0 0 1 0 0 1 1 0 0
2014   2 28  8 21 46 398328    4.59878  -73.27653     7878  96.6  2  0  6 13 0 0 1 1 1 0 0 1 0 0 1 1 0 0
2014   2 28  8 21 48 582997  -21.67538 -138.80846    13527  67.4  1  0  7 21 0 0 1 1 1 0 0 0 0 1 1 1 0 1
2014   2 28  8 21 48 629653  -21.32988 -142.07225    29811  81.4  2  0  5 10 0 0 1 0 1 0 0 1 0 0 1 1 0 0
2014   2 28  8 21 49 181112   -4.56204   -6.54848    18969   3.0  0  0  4  6 0 0 0 1 0 0 0 1 0 0 1 0 0 1
2014   2 28  8 21 49 268071   -2.83195    1.27621    26809  53.2  2  0  5 10 0 0 1 1 1 0 0 1 0 0 0 0 0 1
2014   2 28  8 21 50 636822  -34.21346 -125.82835    31914 130.0  2  0  6 15 0 0 1 1 0 0 0 1 0 0 1 1 0 1
2014   2 28  8 21 52 458424    7.49152  -73.92625     5335  29.3  0  0  6 11 0 0 0 1 0 0 0 1 0 1 1 1 1 0
2014   2 28  8 21 53 503988    1.45221    2.56732    10752   6.6  0  0  5 10 0 0 1 1 1 0 0 1 0 0 1 0 0 0
2014   2 28  8 21 53 907603  -13.04632  157.24644     4299  13.3  0  0  7 21 0 0 0 1 1 0 0 1 0 1 1 1 0 1
2014   2 28  8 21 54 435211   -4.33741  149.00145     8307  35.1  0  0  6 15 0 0 0 1 1 0 0 0 0 1 1 1 0 1
2014   2 28  8 21 54 495121  -13.01665  157.21854     6821  27.3  0  0  7 20 0 0 1 1 1 0 0 1 0 0 1 1 0 1
2014   2 28  8 21 54 619939  -13.06449  157.26430     5491  16.2  0  0  6 15 0 0 0 1 1 0 0 1 0 1 1 1 0 0
2014   2 28  8 21 54 881623   -4.47440  149.01884    38843  45.9  1  0  5 10 0 0 1 1 0 0 0 1 0 0 1 0 0 1
2014   2 28  8 21 56 343709  -34.10324  -37.96942     4538  25.1  0  0  5 10 0 0 1 1 1 0 0 0 0 0 1 0 0 1
2014   2 28  8 21 56 564549  -23.65836  -45.64577     4596  46.1  1  0  5 10 0 0 0 1 1 0 0 1 0 0 1 0 0 1
2014   2 28  8 21 56 790698   34.39384 -169.30534    18050  37.7  1  0  5 10 0 0 1 1 0 0 0 1 0 0 1 1 0 0
2014   2 28  8 21 57 759663   13.05325  -58.94437     4471   6.0  0  0  4  6 0 0 0 0 0 0 0 1 0 0 1 1 0 1
2014   2 28  8 21 58 387331  -12.85480  157.04121     9523  48.6  1  0  6 15 0 0 1 1 1 0 0 1 0 0 0 1 0 1
2014   2 28  8 21 58 502852  -12.83833  157.00494     9503  48.6  1  0  6 15 0 0 1 1 1 0 0 1 0 0 0 1 0 1
2014   2 28  8 21 58 747639  -22.39165  -45.97795     3276  43.5  1  0  6 14 0 0 1 1 1 0 0 1 0 0 1 0 0 1
2014   2 28  8 21 58 921937  -12.86043  157.30035     7473   6.5  0  0  5  9 0 0 1 1 0 0 0 1 0 0 1 1 0 0
2014   2 28  8 21 59 476625   -9.68688  162.09337    79724  51.1  2  0  5 10 0 0 1 1 1 0 0 1 0 0 1 0 0 0
2014   2 28  8 21 59 903996  -12.38481  -71.79447     4084  68.8  1  0  7 21 0 0 1 1 1 0 0 1 0 0 1 1 0 1
2014   2 28  8 22  0  46074  -12.39765  -71.86414     4112  69.9  1  0  7 21 0 0 1 1 1 0 0 1 0 0 1 1 0 1
2014   2 28  8 22  0 942428  -10.61306  -57.84805     3713  74.1  2  0  7 21 0 0 1 1 1 0 0 1 0 0 1 1 0 1
2014   2 28  8 22  1  99731   -2.75868  -70.91769    14733  65.2  2  0  6 15 0 0 1 1 1 0 0 0 0 1 1 0 0 1
2014   2 28  8 22  2 547619  -21.18637 -142.72668    13880  17.8  0  0  4  6 0 0 1 0 0 0 0 1 0 0 1 1 0 0
2014   2 28  8 22  2 667400   -6.96304  150.60719    54680  81.6  2  0  5 10 0 0 0 1 1 0 0 0 0 0 1 1 0 1
2014   2 28  8 22  3 206540  -15.50833  -44.03627     5455  22.1  0  0  5 10 0 0 1 1 1 0 0 0 0 0 1 0 0 1
2014   2 28  8 22  4 447688  -30.22509  -42.27494     5938  84.1  2  0  6 15 0 0 1 1 1 0 0 0 0 1 1 0 0 1
2014   2 28  8 22  4 592371  -29.72460  -42.60523     5261  32.3  1  0  5 10 0 0 0 1 1 0 0 1 0 0 1 0 0 1
2014   2 28  8 22  4 690339   -8.01270  -59.88442     4299  99.9  2  0  7 21 0 0 1 1 1 0 0 1 0 0 1 1 0 1
2014   2 28  8 22  4 697839   -8.06866  -60.04319     5598  98.8  2  0  6 15 0 0 0 1 1 0 0 1 0 0 1 1 0 1
2014   2 28  8 22  4 706518   -8.07285  -60.04913     5622  99.5  2  0  6 15 0 0 0 1 1 0 0 1 0 0 1 1 0 1
2014   2 28  8 22  8 740311    4.32887  -73.74372     5065   5.9  0  0  4  6 0 0 0 1 1 0 0 1 0 0 0 1 0 0
2014   2 28  8 22 10 164576  -30.61559  -41.64697     2698  16.9  0  0  7 21 0 0 1 1 1 0 0 1 0 1 1 0 0 1
2014   2 28  8 22 10 256411  -30.55689  -41.65649     4834  15.3  0  0  5  8 0 0 0 1 1 0 0 1 0 0 1 0 0 1
2014   2 28  8 22 10 496752  -23.08116  -45.61655     3696  32.6  1  0  5 10 0 0 1 1 1 0 0 1 0 0 0 0 0 1
2014   2 28  8 22 10 535207  -23.09027  -45.61678     3339  26.0  0  0  5 10 0 0 0 0 1 0 0 1 0 1 1 0 0 1
2014   2 28  8 22 10 625802  -19.57612 -139.97063    18938   9.5  0  0  4  6 0 0 1 0 0 0 0 1 0 1 1 0 0 0
2014   2 28  8 22 11 299751  -21.68903 -141.34261     8763  16.0  0  0  5 10 0 0 1 1 0 0 0 1 0 0 1 1 0 0
2014   2 28  8 22 11 408883  -21.09702  -46.63017     3979  38.4  0  0  6 11 0 0 1 0 1 0 0 1 0 1 1 1 0 0
2014   2 28  8 22 11 583499  -21.75415 -140.74753    13639  28.9  0  0  5 10 0 0 1 1 1 0 0 0 0 0 1 1 0 0
2014   2 28  8 22 11 610594    6.27128  142.96370     9833  45.8  1  0  5 10 0 0 1 0 1 0 0 1 0 0 1 1 0 0
2014   2 28  8 22 11 683546  -14.78544  -43.45671     5198  20.3  0  0  5 10 0 0 1 0 1 0 0 1 0 0 1 0 0 1
2014   2 28  8 22 11 716738  -21.54237  -45.94705     2924  21.3  0  0  5 10 0 0 0 1 1 0 0 1 0 0 1 0 0 1
2014   2 28  8 22 12 126671  -14.74793  -43.92614     2993  30.9  0  0  6 11 0 0 1 1 0 0 0 1 0 1 0 1 0 1
2014   2 28  8 22 12 169593  -14.75100  -43.75493     3978  22.4  0  0  5 10 0 0 1 0 0 0 0 1 0 1 1 0 0 1
2014   2 28  8 22 12 193518  -14.74518  -43.96132     3089  40.1  1  0  6 14 0 0 0 1 1 0 0 1 0 0 1 1 0 1
2014   2 28  8 22 12 400803  -21.54310  -45.91067     2845  29.9  0  0  6 15 0 0 1 1 1 0 0 1 0 0 1 0 0 1
2014   2 28  8 22 13 425129  -21.78807  -46.27682     3640  34.3  1  0  5  9 0 0 0 1 1 0 0 1 0 0 1 0 0 1
2014   2 28  8 22 13 869804  -20.66950  -46.37400     3606  37.1  1  0  5 10 0 0 0 1 1 0 0 1 0 0 1 0 0 1
2014   2 28  8 22 14 170185  -20.62328  -46.43820     3395  61.2  1  0  7 20 0 0 1 1 1 0 0 1 0 0 1 1 0 1
2014   2 28  8 22 14 579827   -2.59523  150.42500    11357  55.3  2  0  5  9 0 0 1 0 1 0 0 1 0 1 0 1 0 0
2014   2 28  8 22 15  49357   -9.58626  -69.45455     6320  54.4  1  0  6 14 0 0 1 1 1 0 0 1 0 0 1 0 0 1
2014   2 28  8 22 15  67616   19.01405  -91.89543    17760  65.0  2  0  6 12 0 0 1 0 1 0 0 1 0 0 1 1 0 1
2014   2 28  8 22 15 612401  -13.17435  -70.84968     3511  24.9  0  0  5 10 0 0 1 0 1 0 0 0 0 0 1 1 0 1
2014   2 28  8 22 15 620127  -13.21623  -71.00928     4151  71.4  2  0  7 21 0 0 1 1 1 0 0 0 0 1 1 1 0 1
2014   2 28  8 22 15 898863  -33.12978  -40.40077     3762  40.6  0  0  7 21 0 0 1 1 1 0 0 1 0 1 0 1 0 1
2014   2 28  8 22 15 910048  -33.25134  -40.02242     5234  49.5  1  0  6 15 0 0 1 1 1 0 0 1 0 0 1 0 0 1
2014   2 28  8 22 15 918002  -33.23354  -40.00881     5195  49.0  1  0  6 15 0 0 1 1 1 0 0 1 0 0 1 0 0 1
2014   2 28  8 22 15 937137  -32.60346  -40.55367     6231  25.8  0  0  5 10 0 0 0 1 1 0 0 1 0 0 1 0 0 1
2014   2 28  8 22 16  30984    4.14942  -85.22160     6212  72.3  2  0  7 21 0 0 1 1 0 0 0 1 0 1 1 1 0 1
2014   2 28  8 22 16 298993  -11.73569  -73.22557     5040  73.1  2  0  6 15 0 0 1 1 1 0 0 1 0 0 1 1 0 0
2014   2 28  8 22 16 312793  -11.85737  -73.50804     6956  74.0  2  0  6 15 0 0 0 1 0 0 0 1 0 1 1 1 0 1
2014   2 28  8 22 16 337457  -33.20650  -40.11228     6437  51.7  2  0  5 10 0 0 1 1 1 0 0 1 0 0 1 0 0 0
2014   2 28  8 22 16 424145  -33.17019  -40.14536     6882  57.4  2  0  5 10 0 0 1 1 1 0 0 0 0 0 1 0 0 1
2014   2 28  8 22 17 373568  -33.41746  -39.82106     6432  54.7  1  0  6 12 0 0 1 1 1 0 0 1 0 0 1 0 0 1
2014   2 28  8 22 17 382642  -33.27153  -40.24426     3566  26.8  0  0  7 16 0 0 1 1 1 0 0 1 0 1 0 1 0 1
2014   2 28  8 22 17 414847  -32.43233  -40.65638     5198  41.2  0  0  7 21 0 0 0 1 1 0 0 1 0 1 1 1 0 1
2014   2 28  8 22 17 449432  -33.36267  -39.90877     4577  56.3  1  0  7 21 0 0 1 1 1 0 0 1 0 1 1 0 0 1
2014   2 28  8 22 17 511571  -33.26996  -40.34816     4180  20.3  0  0  5 10 0 0 1 1 1 0 0 1 0 0 0 0 0 1
2014   2 28  8 22 17 561060  -33.43369  -39.87033     6477  54.5  2  0  5 10 0 0 1 1 0 0 0 1 0 1 1 0 0 0
2014   2 28  8 22 18 192630   20.88962  -75.08477    39193  58.2  2  0  5 10 0 0 1 1 1 0 0 0 0 0 1 0 0 1
2014   2 28  8 22 18 228180   21.24920  -74.83866    92481  73.9  2  0  5 10 0 0 0 1 0 0 0 1 0 1 1 0 0 1
2014   2 28  8 22 18 652062   -5.14665  149.21396     8749  69.6  2  0  6 15 0 0 1 1 1 0 0 1 0 0 1 1 0 0
2014   2 28  8 22 18 725230   -5.53370  150.22250    25001  72.8  2  0  5 10 0 0 1 0 0 0 0 0 0 1 1 1 0 1
2014   2 28  8 22 18 818082   -5.69749  149.96709    26661   6.6  0  0  4  6 0 0 1 1 0 0 0 1 0 0 1 0 0 0
2014   2 28  8 22 19 920515   -4.36819  -72.13533     4227  74.6  2  0  7 21 0 0 1 1 0 0 0 1 0 0 1 1 1 1
2014   2 28  8 22 19 963437   -4.41716  -72.01303     5086  96.8  2  0  7 21 0 0 1 1 1 0 0 1 0 0 1 1 0 1
2014   2 28  8 22 20  11109   -4.41403  -72.01217     5355 105.1  2  0  7 21 0 0 1 1 0 0 0 1 0 1 1 1 0 1
2014   2 28  8 22 20 225128  -30.75735 -137.48100    18407  79.5  2  0  7 21 0 0 1 0 1 0 0 1 0 1 1 1 0 1
2014   2 28  8 22 21 882628  -21.66056  -46.26689     4226 108.4  2  0  7 19 0 0 1 1 1 0 0 1 0 1 1 0 0 1
2014   2 28  8 22 21 905944  -21.75012  -46.11761     4834  93.7  2  0  6 14 0 0 1 1 1 0 0 1 0 0 1 0 0 1
2014   2 28  8 22 22 208202  -24.74698  -45.26933     4412  73.5  2  0  7 16 0 0 1 1 0 0 0 1 0 1 1 1 0 1
2014   2 28  8 22 23 539131   -0.41465  -71.42451    65986  73.8  2  0  5  9 0 0 1 0 1 0 0 0 0 1 1 0 0 1
2014   2 28  8 22 24  62992   -8.77951  -64.54150     3721  32.9  1  0  5  9 0 0 1 1 1 0 0 0 0 0 0 1 0 1
2014   2 28  8 22 24 487058    7.36521  -78.62153     4701  18.4  0  0  6 15 0 0 0 1 1 0 0 1 0 0 1 1 0 1
2014   2 28  8 22 24 913578  -23.56991  -45.52375     2704  19.1  0  0  6 15 0 0 1 1 0 0 0 1 0 1 0 1 0 1
2014   2 28  8 22 27 960876  -22.69768 -139.13242    13417  47.2  1  0  6 15 0 0 1 1 1 0 0 1 0 0 1 1 0 0
2014   2 28  8 22 27 986835  -23.55522 -136.76144    28905  38.4  1  0  5 10 0 0 1 1 1 0 0 1 0 0 1 0 0 0
2014   2 28  8 22 27 994093  -22.69689 -139.12398    13383  47.2  1  0  6 15 0 0 1 1 1 0 0 1 0 0 1 1 0 0
2014   2 28  8 22 28 319355  -21.18583 -142.07411    11010  47.2  0  0  7 21 0 0 1 1 1 0 0 1 0 0 1 1 0 1
2014   2 28  8 22 28 328934  -21.18037 -141.48709     7866  30.4  0  0  7 21 0 0 1 1 1 0 0 0 0 1 1 1 0 1
2014   2 28  8 22 28 412620  -20.58735  -46.17094     3141  13.7  0  0  4  6 0 0 0 1 0 0 0 1 0 0 1 0 0 1
2014   2 28  8 22 30 205266    5.77987  143.45743     9989  49.6  1  0  5 10 0 0 1 0 1 0 0 1 0 0 1 1 0 0
2014   2 28  8 22 30 285682  -33.38486  -39.93157     5913  26.3  0  0  5 10 0 0 1 0 1 0 0 1 0 1 0 0 0 1
2014   2 28  8 22 30 399423  -21.81060 -140.19858    17712  66.4  2  0  6 15 0 0 1 1 1 0 0 1 0 0 1 1 0 0
2014   2 28  8 22 30 777069  -31.25625 -131.09004    24802  68.3  2  0  5 10 0 0 1 1 1 0 0 1 0 0 0 1 0 0
2014   2 28  8 22 31 709301   -3.39078  -71.77049     3461   8.3  0  0  4  6 0 0 1 0 0 0 0 1 0 0 1 1 0 0
2014   2 28  8 22 31 723791   -3.58398  -71.79202    10588  60.4  2  0  5  9 0 0 0 1 1 0 0 1 0 1 0 1 0 0
2014   2 28  8 22 31 736972   -3.47247  -71.51691     4608  66.6  2  0  6 15 0 0 1 1 1 0 0 1 0 0 1 1 0 0
2014   2 28  8 22 31 802804  -16.81077  170.25134   132828  76.4  2  0  5 10 0 0 1 1 1 0 0 1 0 0 1 0 0 0
2014   2 28  8 22 32 401865  -24.68621  -44.93911     9269  63.3  2  0  5 10 0 0 1 0 0 0 0 1 0 0 1 1 0 1
2014   2 28  8 22 32 410678  -24.78894  -44.57401     3814  65.8  1  0  7 21 0 0 1 1 1 0 0 1 0 1 1 0 0 1
2014   2 28  8 22 32 466774  -24.71692  -44.67885     4418  61.2  2  0  6 15 0 0 1 1 1 0 0 1 0 0 1 0 0 1
2014   2 28  8 22 32 861518  -24.62033  -44.75183     2839  30.6  0  0  7 19 0 0 1 1 1 0 0 0 0 1 1 1 0 1
2014   2 28  8 22 33 309443  -23.59171  -45.42423     7282  78.5  2  0  5 10 0 0 0 1 1 0 0 1 0 0 1 0 0 1
2014   2 28  8 22 33 402075  -22.98426  -45.59068     4884  72.8  2  0  6 12 0 0 1 1 1 0 0 1 0 0 0 1 0 1
2014   2 28  8 22 33 620015   -4.85101  -71.61011     5643  84.9  2  0  6 15 0 0 1 1 1 0 0 1 0 0 1 1 0 0
2014   2 28  8 22 33 897297  -21.29169  -45.89800     4645  58.9  2  0  5 10 0 0 1 1 1 0 0 0 0 1 1 0 0 0
2014   2 28  8 22 34  53922   -4.84544  -71.57233     4854  85.3  2  0  7 21 0 0 1 1 1 0 0 1 0 1 1 1 0 0
2014   2 28  8 22 35 498102  -12.40508  155.97932    11233  88.1  2  0  7 20 0 0 1 1 1 0 0 1 0 1 0 1 0 1
2014   2 28  8 22 35 597555  -29.83435  -58.61304    10826  38.1  1  0  5 10 0 0 0 1 1 0 0 0 0 1 1 0 0 1
2014   2 28  8 22 36 127658  -12.65047  157.09885     8420   5.8  0  0  4  6 0 0 1 0 0 0 0 1 0 0 1 1 0 0
2014   2 28  8 22 36 526186    9.19706  -73.15143     8579 102.8  2  0  6 15 0 0 1 1 1 0 0 1 0 0 1 1 0 0
2014   2 28  8 22 36 542247   -2.73628  145.89330    23647  28.6  1  0  4  6 0 0 1 1 0 0 0 1 0 0 1 0 0 0
2014   2 28  8 22 37 114747    2.37776  -20.25047     6633  97.8  2  0  6 15 0 0 1 1 0 0 0 0 1 0 1 1 0 1
2014   2 28  8 22 37 703518  -13.48475  -38.42207     9013  66.3  2  0  6 11 0 0 0 1 1 0 0 1 0 1 0 1 0 1
2014   2 28  8 22 38 455364    5.45046  -71.18097     4754  16.6  0  0  5  8 0 0 0 1 1 0 0 0 0 0 1 1 0 1
2014   2 28  8 22 38 481177  -21.48070  -45.90725     4123 107.4  2  0  7 21 0 0 1 1 1 0 0 1 0 1 1 0 0 1
2014   2 28  8 22 38 496741  -21.55654  -45.68234     4280  74.9  2  0  6 15 0 0 1 1 1 0 0 1 0 0 1 0 0 1
2014   2 28  8 22 38 538556    7.57262  -73.65894     8383  91.4  2  0  6 15 0 0 1 0 1 0 0 1 0 1 0 1 0 1
2014   2 28  8 22 38 957536  -20.64261  -45.87849     3893  58.3  1  0  6 15 0 0 1 1 1 0 0 1 0 0 1 0 0 1
2014   2 28  8 22 38 966471  -20.63818  -45.87781     3864  57.4  1  0  6 15 0 0 1 1 1 0 0 1 0 0 1 0 0 1
2014   2 28  8 22 41 397578  -22.01488  -50.37310     2857  43.3  0  0  7 20 0 0 1 1 1 0 0 1 0 1 1 1 0 0
2014   2 28  8 22 41 849254  -21.92868  -50.64731     2281   7.7  0  0  7 20 0 0 1 0 1 0 0 1 0 1 1 1 0 1
2014   2 28  8 22 41 880264  -21.95547  -50.49278     3544  59.0  1  0  7 16 0 0 1 1 1 0 0 1 0 1 0 1 0 1
2014   2 28  8 22 42 305870   -4.24088  148.51947     6512  58.3  1  0  7 21 0 0 1 1 1 0 0 1 0 1 1 1 0 0
2014   2 28  8 22 42 325810   -4.22593  148.56503     4685  34.1  0  0  7 21 0 0 1 1 1 0 0 1 0 0 1 1 0 1
2014   2 28  8 22 42 481959   -4.22936  148.81940     5996   1.1  0  0  4  6 0 0 1 0 0 0 0 1 0 0 1 1 0 0
2014   2 28  8 22 43 677331  -30.50283  -41.07869     3285  13.9  0  0  5 10 0 0 1 1 1 0 0 0 0 0 1 0 0 1
2014   2 28  8 22 44  98731  -21.35504  -47.04654     2901  37.7  0  0  7 17 0 0 1 1 1 0 0 1 0 0 1 1 0 1
2014   2 28  8 22 44 124270  -21.31740  -47.06985     2788  38.3  0  0  7 20 0 0 1 1 1 0 0 1 0 0 1 1 0 1
2014   2 28  8 22 44 143793  -21.32384  -47.20150     3177  59.0  1  0  7 21 0 0 1 0 1 0 0 1 0 1 1 1 0 1
2014   2 28  8 22 44 177279  -21.32690  -47.19102     3877  61.6  2  0  6 13 0 0 1 1 1 0 0 1 0 1 0 1 0 0
2014   2 28  8 22 44 233068  -21.32416  -47.04599     2791  38.6  0  0  7 20 0 0 1 1 1 0 0 1 0 0 1 1 0 1
2014   2 28  8 22 44 362410  -21.27345  -47.19621     4189  65.7  2  0  6 12 0 0 1 1 1 0 0 1 0 1 1 0 0 0
2014   2 28  8 22 44 477651    9.03243  140.88075     5971   4.8  0  0  4  6 0 0 1 0 0 0 0 1 0 1 1 0 0 0
2014   2 28  8 22 44 734735  -21.72029 -139.72348     9541  40.5  0  0  7 21 0 0 1 1 1 0 0 0 0 1 1 1 0 1
2014   2 28  8 22 44 814159  -21.59308 -141.38008    15254  36.1  1  0  5 10 0 0 1 0 1 0 0 1 0 0 0 1 0 1
2014   2 28  8 22 45 249138  -21.89990 -140.44635    34421  70.3  2  0  6 15 0 0 0 1 1 0 0 1 0 1 1 1 0 0
2014   2 28  8 22 45 293176  -21.84672 -139.77681    16372  41.4  1  0  5 10 0 0 1 1 1 0 0 0 0 0 1 1 0 0
2014   2 28  8 22 45 467438  -21.86333 -140.59622    20423  56.4  2  0  5 10 0 0 1 1 1 0 0 1 0 0 0 1 0 0
2014   2 28  8 22 45 929151   -1.53399    5.13113    13978  40.0  1  0  5  9 0 0 1 0 1 0 0 1 0 0 0 1 0 1
2014   2 28  8 22 46  60298  -34.16805  -37.54443     6312  52.1  2  0  5 10 0 0 1 1 1 0 0 1 0 0 1 0 0 0
2014   2 28  8 22 46 160852  -34.16413  -37.52613     4982  48.3  1  0  6 15 0 0 1 1 1 0 0 1 0 0 1 0 0 1
2014   2 28  8 22 46 458833  -34.37484  -37.41792     5115  50.1  1  0  6 15 0 0 1 1 1 0 0 1 0 0 1 0 0 1
2014   2 28  8 22 46 459015  -19.07614 -139.94218     9023  30.7  0  0  6 15 0 0 1 1 1 0 0 0 0 1 0 1 0 1
2014   2 28  8 22 46 704804  -18.97017 -141.22803    22398  65.2  2  0  5 10 0 0 1 1 1 0 0 1 0 0 0 1 0 0
2014   2 28  8 22 46 975227  -34.20816  -37.42202     6298  57.2  1  0  6 11 0 0 1 1 1 0 0 1 0 0 1 0 0 1
2014   2 28  8 22 47  32002  -34.38970  -37.28960     9594  62.8  2  0  5 10 0 0 1 1 0 0 0 1 0 0 0 1 0 1
2014   2 28  8 22 47 133779  -31.30760 -131.32079    24701  67.6  2  0  5 10 0 0 1 1 1 0 0 1 0 0 0 1 0 0
2014   2 28  8 22 47 238708  -34.10892  -37.78749     8526  49.8  1  0  5 10 0 0 1 0 1 0 0 1 0 0 1 0 0 1
2014   2 28  8 22 47 839921    2.28895  -83.92065     5049  60.8  1  0  7 21 0 0 1 1 1 0 0 0 0 1 1 1 0 1
2014   2 28  8 22 48 586773  -15.76364  168.87730    54795  72.8  2  0  6 15 0 0 1 1 1 0 0 1 0 1 1 0 0 0
2014   2 28  8 22 49  37125  -25.30120  -44.32319     6012  92.4  2  0  6 15 0 0 0 1 1 0 0 1 0 1 1 0 0 1
2014   2 28  8 22 49 179993    5.05744  -82.17502    13046  49.4  1  0  5 10 0 0 1 0 1 0 0 1 0 0 1 0 0 1
2014   2 28  8 22 49 294077  -25.30171  -44.45657     5138 105.5  2  0  7 20 0 0 1 1 0 0 0 1 0 1 1 1 1 0
2014   2 28  8 22 50 495452  -30.21635  -41.70622     7850  95.7  2  0  7 21 0 0 0 1 1 0 0 1 0 1 1 1 0 1
2014   2 28  8 22 50 504572  -30.48168  -41.31321     4528  72.6  2  0  7 21 0 0 1 1 1 0 0 1 0 0 1 1 0 1
2014   2 28  8 22 50 542602  -30.41687  -41.53511     5490  94.5  2  0  7 21 0 0 1 1 1 0 0 1 0 1 1 0 0 1
2014   2 28  8 22 50 583663  -30.55700  -41.25386     5180  66.5  2  0  6 15 0 0 1 1 1 0 0 1 0 0 1 0 0 1
2014   2 28  8 22 50 594228  -30.61542  -41.07287     6007  57.3  2  0  5 10 0 0 1 1 0 0 0 1 0 0 1 0 0 1
2014   2 28  8 22 50 934493    5.52849  -72.24051     5674  85.6  2  0  7 20 0 0 1 1 1 0 0 1 0 0 1 1 0 1
2014   2 28  8 22 51 562957  -21.49332  -45.60764     3932  57.9  1  0  6 14 0 0 1 1 1 0 0 1 0 0 1 0 0 1
2014   2 28  8 22 51 727581    4.64543  150.18964    13171 103.8  2  0  7 21 0 0 1 1 1 0 0 1 0 1 0 1 0 1
2014   2 28  8 22 51 854005    4.65625  150.13475    13268 104.9  2  0  7 21 0 0 1 1 1 0 0 1 0 1 0 1 0 1
2014   2 28  8 22 51 969539  -21.48184  -46.77361     3778  52.8  1  0  6 14 0 0 1 1 1 0 0 1 0 0 1 0 0 1
2014   2 28  8 22 51 986465  -21.51291  -46.81726     5054  55.2  2  0  5  7 0 0 0 1 1 0 0 1 0 0 1 0 0 1
2014   2 28  8 22 52 479633   32.49092 -126.63021    26224  98.7  2  0  6 15 0 0 1 0 1 0 0 1 0 1 0 1 0 1
2014   2 28  8 22 52 782960   -4.35038  -71.42510     4667  56.9  1  0  6 15 0 0 1 1 1 0 0 0 0 0 1 1 0 1
2014   2 28  8 22 52 999136  -22.13092  -47.43539     3550  15.3  0  0  4  6 0 0 1 1 0 0 0 1 0 0 1 0 0 0
2014   2 28  8 22 53 880064    5.35556  149.18419    13328  71.2  2  0  5 10 0 0 1 0 0 0 0 1 0 0 1 1 0 1
2014   2 28  8 22 53 892242    4.41512  154.55309    12436  17.0  0  0  4  6 0 0 1 1 1 0 0 0 0 0 0 1 0 0
2014   2 28  8 22 54 389678  -14.83128  -43.47749     3551  64.0  2  0  6 15 0 0 1 1 1 0 0 1 0 0 1 0 0 1
2014   2 28  8 22 56 134223    5.53010  -72.40273     2921  19.1  0  0  7 20 0 0 1 1 1 0 0 1 0 1 1 1 0 0
2014   2 28  8 22 56 379388    7.40559  -73.70233     5181  11.3  0  0  5  7 0 0 0 1 1 0 0 1 0 0 1 1 0 0
2014   2 28  8 22 58 500963  -22.31011  -46.02164     2671  12.3  0  0  5 10 0 0 1 1 1 0 0 1 0 0 0 0 0 1
2014   2 28  8 22 59  52587  -23.47752  -45.66991     3119  20.6  0  0  5 10 0 0 1 0 0 0 0 0 0 1 1 1 0 1
2014   2 28  8 22 59  78727  -24.73998  -44.92512     3054  20.1  0  0  5 10 0 0 1 1 1 0 0 1 0 0 0 0 0 1
2014   2 28  8 22 59 771418   -8.68319  160.67877     5756  25.2  0  0  7 18 0 0 1 1 1 0 0 1 0 0 1 1 0 1
2014   2 28  8 23  0 977180    4.44991  -84.52068    11696  58.2  1  0  6 15 0 0 1 1 1 0 0 1 0 1 1 0 0 0
2014   2 28  8 23  1 372654  -12.36118  -71.94063     3772  16.7  0  0  4  6 0 0 1 1 0 0 0 0 0 0 1 1 0 0
2014   2 28  8 23  1 650381  -12.36689  -71.86051     4503  33.0  1  0  5  9 0 0 1 1 0 0 0 0 0 0 1 1 0 1
2014   2 28  8 23  1 737100  -12.36376  -71.99713     3033  15.0  0  0  5 10 0 0 1 1 0 0 0 1 0 0 1 1 0 0
2014   2 28  8 23  1 853517  -12.61598  -71.54975     5538  67.9  1  0  7 21 0 0 1 1 1 0 0 1 0 1 1 0 0 1
2014   2 28  8 23  2 824097  -13.33522  -39.01963     6003  40.2  1  0  5 10 0 0 0 1 1 0 0 1 0 0 1 0 0 1
2014   2 28  8 23  4 162178  -21.69095 -141.15733    16064  84.5  2  0  7 21 0 0 1 1 1 0 0 1 0 1 0 1 0 1
2014   2 28  8 23  4 171656  -21.28688 -142.71089    12614  17.0  0  0  4  6 0 0 1 1 0 0 0 1 0 0 0 1 0 0
2014   2 28  8 23  4 183568  -21.32058 -142.66808     9773  20.2  0  0  5 10 0 0 1 1 0 0 0 1 0 0 1 1 0 0
2014   2 28  8 23  4 443997    6.10995  144.10785     9101  78.1  2  0  7 21 0 0 1 0 1 0 0 1 0 1 1 1 0 1
2014   2 28  8 23  4 484537  -21.47266 -142.23558    20749  64.2  2  0  5 10 0 0 1 1 1 0 0 1 0 0 0 1 0 0
2014   2 28  8 23  5 133871  -22.32422  -46.28895     3720  87.8  2  0  7 21 0 0 1 1 1 0 0 1 0 1 1 0 0 1
2014   2 28  8 23  5 431799  -12.64836  156.99107     9753  64.7  1  0  7 18 0 0 1 1 1 0 0 1 0 0 1 1 0 1
2014   2 28  8 23  5 913392  -21.53494  -46.05677     3732  87.6  2  0  7 21 0 0 1 1 1 0 0 1 0 1 1 0 0 1
2014   2 28  8 23  6 312768    3.14989  -86.25970    24610 114.6  2  0  6 15 0 0 0 1 1 0 0 0 0 1 1 1 0 1
2014   2 28  8 23  9 430861   -3.71637  -72.04389     7679 113.3  2  0  7 21 0 0 0 1 1 0 0 1 0 1 1 1 0 1
2014   2 28  8 23  9 508361   -3.63635  -71.42326     6132  94.2  2  0  6 15 0 0 1 0 0 0 0 1 0 1 1 1 0 1
2014   2 28  8 23  9 792001  -34.21706 -128.17953    25890 109.8  2  0  6 15 0 0 1 1 1 0 0 1 0 0 0 1 0 1
2014   2 28  8 23 11 233455  -30.28745  -42.62638     5095  67.1  2  0  6 15 0 0 1 1 1 0 0 0 0 1 0 1 0 1
2014   2 28  8 23 11 316468  -29.63699  -42.78652     8814  34.5  1  0  4  6 0 0 0 1 0 0 0 1 0 0 1 0 0 1
2014   2 28  8 23 11 393765  -30.33058  -42.65997     4252  27.3  0  0  5  9 0 0 1 1 1 0 0 1 0 0 0 0 0 1
2014   2 28  8 23 12 102539  -21.90863 -140.78128     6262  11.5  0  0  6 15 0 0 1 1 0 0 0 1 0 0 1 1 0 1
2014   2 28  8 23 12 156428  -22.06805 -140.36458    14291  11.0  0  0  5 10 0 0 1 1 1 0 0 1 0 0 1 0 0 0
2014   2 28  8 23 12 304247  -21.89954 -140.77570     7864  10.6  0  0  5 10 0 0 1 1 0 0 0 1 0 0 1 1 0 0
2014   2 28  8 23 12 369931  -21.25466 -142.23033    10320   1.5  0  0  4  6 0 0 1 1 0 0 0 0 0 0 1 1 0 0
2014   2 28  8 23 12 381706  -21.19314 -142.61629     4978  10.7  0  0  7 21 0 0 1 1 1 0 0 1 0 1 0 1 0 1
2014   2 28  8 23 12 431076  -21.87616 -140.75212     6239   8.6  0  0  6 15 0 0 1 1 1 0 0 0 0 0 1 1 0 1
2014   2 28  8 23 12 438451  -34.14337  -38.16462     3633  12.6  0  0  5 10 0 0 1 1 0 0 0 1 0 0 1 0 0 1
2014   2 28  8 23 12 509289  -21.86971 -140.86958     7565  10.4  0  0  5 10 0 0 1 1 1 0 0 1 0 0 0 1 0 0
2014   2 28  8 23 12 831076  -21.15557 -142.64583     7393   8.9  0  0  5 10 0 0 1 1 1 0 0 1 0 0 0 1 0 0
2014   2 28  8 23 12 963730  -21.83206 -141.03905    10213   7.3  0  0  4  6 0 0 1 0 0 0 0 1 0 0 1 1 0 0
2014   2 28  8 23 13 257917    1.61083    9.66373     8017   6.9  0  0  6 15 0 0 1 1 1 0 0 1 0 0 1 0 0 1
2014   2 28  8 23 13 317237    0.76882    8.36931     9882   3.3  0  0  5 10 0 0 1 1 1 0 0 1 0 0 1 0 0 0
2014   2 28  8 23 13 743384   -3.85501  -71.49732     2637   7.9  0  0  7 21 0 0 0 0 1 0 0 1 0 1 1 1 1 1
2014   2 28  8 23 13 796685   -3.85522  -71.53741     2630   6.3  0  0  7 21 0 0 0 1 1 0 0 1 0 1 1 1 0 1
2014   2 28  8 23 13 859523   -3.91341  -71.39330     3215   4.7  0  0  6 15 0 0 1 1 1 0 0 1 0 0 1 0 0 1
2014   2 28  8 23 14 164464  -21.83827 -140.90385     5106   9.3  0  0  7 21 0 0 1 1 1 0 0 1 0 0 1 1 0 1
2014   2 28  8 23 14 175003  -21.85425 -140.67471     4887   7.0  0  0  7 21 0 0 1 1 1 0 0 0 0 1 1 1 0 1
2014   2 28  8 23 14 215538   -1.00859  -16.72055     4262   3.7  0  0  7 20 0 0 1 1 1 0 0 1 0 0 1 1 0 1
2014   2 28  8 23 14 323282   10.57365 -107.55999    10687   5.1  0  0  5 10 0 0 0 0 1 0 0 0 0 1 1 1 0 1
2014   2 28  8 23 14 687189   -0.96465  -16.63084    11880   1.1  0  0  5  7 0 0 1 1 0 0 0 1 0 0 1 0 0 1
2014   2 28  8 23 15 616156  -20.60607  -46.40670     3217  16.4  0  0  5  9 0 0 1 1 1 0 0 1 0 0 1 0 0 0
2014   2 28  8 23 17 471820  -38.77496   41.60937    35083  35.8  1  0  4  6 0 0 1 1 0 0 0 1 0 0 1 0 0 0
2014   2 28  8 23 18 326015    5.38569  -85.39983     5477  42.2  1  0  6 15 0 0 1 1 1 0 0 1 0 0 1 1 0 0
2014   2 28  8 23 18 343700    4.88459  -84.83291     8668  39.1  0  0  6 15 0 0 1 1 1 0 0 1 0 0 1 0 0 1
2014   2 28  8 23 18 684322    7.65764  -73.94707     7325  46.3  1  0  5  8 0 0 1 1 0 0 0 1 0 0 0 1 0 1
2014   2 28  8 23 19  54798  -21.65709  -46.13813     3194  40.2  1  0  6 15 0 0 1 1 1 0 0 1 0 0 1 0 0 1
2014   2 28  8 23 19 436847  -24.90929  -45.02295     3343  37.5  0  0  6 15 0 0 1 1 0 0 0 1 0 1 1 0 0 1
2014   2 28  8 23 19 446372  -24.96781  -44.98772     4126  27.2  0  0  5  7 0 0 1 1 1 0 0 1 0 0 0 0 0 1
2014   2 28  8 23 19 476184  -24.94344  -45.03744     3622  34.0  1  0  5 10 0 0 1 1 1 0 0 1 0 0 0 0 0 1
2014   2 28  8 23 19 753800    6.98585  -77.68760     9367  52.9  2  0  5  9 0 0 0 1 1 0 0 1 0 0 1 1 0 0
2014   2 28  8 23 20  80068  -11.74036  -72.99884     3664  47.1  0  0  7 20 0 0 1 0 1 0 0 1 0 1 1 1 0 1
2014   2 28  8 23 20 195695  -21.48600  -46.40700     3226  48.9  1  0  6 15 0 0 1 1 1 0 0 1 0 1 0 0 0 1
2014   2 28  8 23 20 204367  -21.47293  -46.38381     3395  56.7  1  0  6 15 0 0 0 1 1 0 0 1 0 1 1 0 0 1
2014   2 28  8 23 20 533774  -31.06462 -132.53419    12990  64.3  1  0  7 21 0 0 1 1 1 0 0 1 0 1 1 1 0 0
2014   2 28  8 23 20 547130  -31.00636 -133.10161    25152  58.6  2  0  5 10 0 0 1 1 1 0 0 0 0 0 1 1 0 0
2014   2 28  8 23 20 636088   -4.42776  -71.85483     3915  52.6  1  0  7 21 0 0 1 0 1 0 0 1 0 1 1 1 0 1
2014   2 28  8 23 20 644502  -12.03070  -73.96284     8475  46.2  1  0  5 10 0 0 0 1 1 0 0 1 0 0 0 1 0 1
2014   2 28  8 23 20 743702  -11.86285  -73.44804     6084  72.3  2  0  7 21 0 0 0 1 1 0 0 1 0 1 1 1 0 1
2014   2 28  8 23 20 850863  -10.80994  -56.96513     3611  60.6  1  0  7 21 0 0 0 1 1 0 0 1 0 1 1 1 0 1
2014   2 28  8 23 20 854327  -10.60070  164.71854    14337  41.3  1  0  5  7 0 0 0 0 1 0 0 1 0 0 1 1 0 1
2014   2 28  8 23 21  43316   -4.38689  -72.02851     4049  63.8  1  0  7 21 0 0 1 1 1 0 0 1 0 0 1 1 0 1
2014   2 28  8 23 21 177613  -11.81688  -73.35674     6784  52.9  2  0  5  8 0 0 1 1 0 0 0 0 0 0 1 1 0 1
2014   2 28  8 23 21 478190   -9.65303  161.28246    16842  56.6  2  0  5  7 0 0 0 0 1 0 0 1 0 1 1 1 0 0
2014   2 28  8 23 22  80021  -14.45058  -44.71101     3522  77.2  2  0  7 20 0 0 1 1 1 0 0 1 0 0 1 1 0 1
2014   2 28  8 23 22 340680  -30.35857  -41.97523     6632  64.1  2  0  5 10 0 0 1 1 1 0 0 0 0 0 1 0 0 1
2014   2 28  8 23 22 431535  -23.41910  -45.66136     3238  23.2  0  0  5 10 0 0 1 0 1 0 0 0 0 1 1 0 0 1
2014   2 28  8 23 22 718547  -30.31780  -42.28263     3023  19.2  0  0  6 15 0 0 1 1 1 0 0 1 0 1 0 0 0 1
2014   2 28  8 23 22 897569  -33.13191  -40.19711     7878  93.2  2  0  6 15 0 0 1 1 1 0 0 0 0 0 1 1 0 1
2014   2 28  8 23 22 937687  -33.22263  -40.13181     6306  64.5  2  0  6 15 0 0 1 1 1 0 0 1 0 0 1 0 0 1
2014   2 28  8 23 22 953777  -33.26239  -40.08851     7473  62.8  2  0  5 10 0 0 1 1 1 0 0 1 0 0 1 0 0 0
2014   2 28  8 23 22 963070  -33.06179  -40.65260     4241  51.6  1  0  7 21 0 0 1 1 1 0 0 1 0 1 0 1 0 1
2014   2 28  8 23 23 114587  -33.22051  -40.10301     6429  66.4  2  0  6 15 0 0 1 1 1 0 0 1 0 0 1 0 0 1
2014   2 28  8 23 23 151853  -33.06205  -40.68830     5625  15.8  0  0  4  6 0 0 1 1 0 0 0 1 0 0 0 0 0 1
2014   2 28  8 23 23 165856  -33.26585  -40.05286     7599  63.9  2  0  5 10 0 0 1 1 1 0 0 1 0 0 1 0 0 0
2014   2 28  8 23 23 254926  -33.21196  -40.10246     6485  67.3  2  0  6 15 0 0 1 1 1 0 0 1 0 0 1 0 0 1
2014   2 28  8 23 23 311982  -33.19868  -40.23011     5881  68.4  2  0  6 15 0 0 1 1 1 0 0 1 0 1 1 0 0 0
2014   2 28  8 23 24 166206  -13.26439  -38.79183    10007  76.7  2  0  5 10 0 0 0 0 1 0 0 1 0 1 0 1 0 1
2014   2 28  8 23 24 224031  -13.32600  -39.07003     5321  51.2  1  0  7 20 0 0 1 0 1 0 0 1 0 1 1 1 0 1
2014   2 28  8 23 24 283209  -22.45101 -139.63641    14837  71.4  2  0  7 21 0 0 1 0 1 0 0 1 0 1 1 1 0 1
2014   2 28  8 23 24 641570  -13.34773  -39.33718     5044  62.0  2  0  6 15 0 0 1 1 1 0 0 1 0 0 1 0 0 1
2014   2 28  8 23 25 566469  -23.60018  -45.82681     4084  91.0  2  0  7 21 0 0 1 1 1 0 0 1 0 1 1 0 0 1
2014   2 28  8 23 25 604682  -23.56291  -45.84392     5438  98.9  2  0  6 15 0 0 0 1 1 0 0 1 0 1 1 0 0 1
2014   2 28  8 23 26 397175  -22.06198  -50.51717     4104 105.4  2  0  7 19 0 0 1 1 1 0 0 1 0 1 1 0 0 1
2014   2 28  8 23 26 456914  -21.86725  -50.68468     5556  85.8  2  0  6 12 0 0 1 1 0 0 0 1 0 0 1 1 0 1
2014   2 28  8 23 26 910561   -9.87793  160.72032    14195  85.0  2  0  7 21 0 0 1 0 1 0 0 1 0 1 1 1 0 1
2014   2 28  8 23 27 659610  -23.72156  -45.05260     5566   7.0  0  0  4  6 0 0 1 0 0 0 0 1 0 0 1 0 0 1
2014   2 28  8 23 28 540969  -22.95662  -45.61845     3271  17.5  0  0  5 10 0 0 1 1 1 0 0 1 0 0 1 0 0 0
2014   2 28  8 23 29 397407   -4.94106  -71.69572     2851  15.7  0  0  6 14 0 0 1 1 1 0 0 1 0 0 0 1 0 1
2014   2 28  8 23 29 442293   -4.92978  -71.71084     3265  19.8  0  0  7 21 0 0 0 1 1 0 0 1 0 1 1 1 0 1
2014   2 28  8 23 29 468562   -4.91397  -71.64588     2788  13.6  0  0  6 15 0 0 1 1 0 0 0 0 0 1 1 1 0 1
2014   2 28  8 23 29 597149    2.75958  -80.45183     5246  23.0  0  0  6 14 0 0 0 1 1 0 0 1 0 0 1 1 0 1
2014   2 28  8 23 29 863384  -20.64022  -46.27339     2759  12.2  0  0  5  9 0 0 0 1 1 0 0 1 0 0 1 0 0 1
2014   2 28  8 23 30 336823  -18.96940 -141.46429     6212  22.0  0  0  7 21 0 0 1 0 1 0 0 1 0 1 1 1 0 1
2014   2 28  8 23 30 359224  -19.01454 -142.54907    26584  25.2  1  0  4  6 0 0 0 1 1 0 0 1 0 0 0 1 0 0
2014   2 28  8 23 30 454638  -19.00925 -140.87407     8573  24.9  0  0  6 15 0 0 1 1 1 0 0 0 0 0 1 1 0 1
2014   2 28  8 23 30 512532  -19.03064 -141.23508     8906  27.0  0  0  6 15 0 0 1 1 1 0 0 1 0 0 0 1 0 1
2014   2 28  8 23 30 549436    4.38032  -73.38706     5078  32.9  1  0  5  8 0 0 1 1 0 0 0 1 0 0 1 1 0 0
2014   2 28  8 23 30 693358  -20.42274 -135.23228    45275  13.6  0  0  4  6 0 0 0 1 0 0 0 1 0 1 1 0 0 0
2014   2 28  8 23 31 646866    4.64406  -84.41151     6606  30.0  1  0  5  8 0 0 1 0 0 0 0 1 0 0 1 1 0 1
2014   2 28  8 23 31 679760    4.55269  -84.17820     5782  27.6  0  0  5  8 0 0 1 0 0 0 0 0 0 1 1 1 0 1
2014   2 28  8 23 31 708507    4.59522  -84.29162     5032  39.0  0  0  6 15 0 0 1 1 1 0 0 1 0 0 1 1 0 0
2014   2 28  8 23 31 742494    4.29784  -83.93003     8865  35.5  0  0  6 14 0 0 1 1 1 0 0 1 0 0 1 0 0 1
2014   2 28  8 23 35 204767   10.65596  141.59425     7992  50.8  2  0  5 10 0 0 1 1 1 0 0 1 0 0 1 0 0 0
2014   2 28  8 23 35 286112  -31.16102 -132.03481    13868  48.3  1  0  6 15 0 0 1 0 1 0 0 1 0 0 1 1 0 1
2014   2 28  8 23 36 380117  -21.74501 -140.70844    30134  75.1  2  0  7 21 0 0 0 1 1 0 0 1 0 1 1 1 0 1
2014   2 28  8 23 36 451476  -21.68328 -140.49597    20240  79.3  2  0  6 15 0 0 1 1 1 0 0 1 0 0 1 1 0 0
2014   2 28  8 23 36 547788  -21.67687 -140.50450    20424  80.4  2  0  6 15 0 0 1 1 0 0 0 1 0 0 1 1 0 1
2014   2 28  8 23 37 805369  -22.10470  -45.46537     4541  63.7  2  0  5 10 0 0 1 1 1 0 0 1 0 0 0 0 0 1
2014   2 28  8 23 38  80864    4.03784  -84.39635     5159  54.8  1  0  7 21 0 0 1 1 1 0 0 0 0 1 1 1 0 1
2014   2 28  8 23 38 133335    3.37549  -84.02034    14225  76.9  2  0  6 15 0 0 1 1 1 0 0 1 0 0 1 0 0 1
2014   2 28  8 23 38 216483    4.01340  -84.49274     5241  28.5  0  0  5 10 0 0 1 1 1 0 0 0 0 0 0 1 0 1
2014   2 28  8 23 38 288509    7.30067  141.41681    13628   1.6  0  0  4  6 0 0 1 1 0 0 0 0 0 1 1 0 0 0
2014   2 28  8 23 39 155763  -10.62933  -56.02447     3248  58.4  1  0  7 21 0 0 1 1 1 0 0 0 0 1 1 1 0 1
2014   2 28  8 23 39 294530  -10.72952  -56.12323     4149  84.6  2  0  7 20 0 0 1 1 1 0 0 1 0 0 1 1 0 1
2014   2 28  8 23 39 340935  -33.24157  -39.64680     9398  64.3  2  0  5 10 0 0 1 0 1 0 0 1 0 0 1 0 0 1
2014   2 28  8 23 39 349979  -33.31720  -39.28057     5640  67.3  2  0  6 15 0 0 1 1 1 0 0 1 0 0 1 0 0 1
2014   2 28  8 23 39 369339  -33.31481  -39.28531     5674  67.9  2  0  6 15 0 0 1 1 1 0 0 1 0 0 1 0 0 1
2014   2 28  8 23 39 473785  -33.31585  -39.28301     5709  68.6  2  0  6 15 0 0 1 1 1 0 0 1 0 0 1 0 0 1
2014   2 28  8 23 40  41599  -14.01431  160.88277    21581 115.5  2  0  6 15 0 0 1 1 1 0 0 1 0 0 1 1 0 0
2014   2 28  8 23 41 990259    1.37335  157.16626    20486  15.5  0  0  4  6 0 0 1 1 0 0 0 1 0 0 0 0 0 1
2014   2 28  8 23 42 148976    4.81581  149.91460    14459 135.9  2  0  7 21 0 0 1 1 1 0 0 1 0 1 1 1 0 0
2014   2 28  8 23 42 186571    4.90574  149.22534    17592 116.6  2  0  6 15 0 0 1 1 1 0 0 1 0 0 0 1 0 1
2014   2 28  8 23 42 301522  -21.61702 -140.22697    22390 117.0  2  0  7 21 0 0 1 1 1 0 0 1 0 0 1 1 0 1
2014   2 28  8 23 42 627079    4.09723  154.84174    10900   9.7  0  0  4  6 0 0 1 1 0 0 0 0 0 0 0 1 0 1
2014   2 28  8 23 43 366131  -21.60562  -45.58756     4485 113.9  2  0  7 21 0 0 1 1 1 0 0 1 0 0 1 0 1 1
2014   2 28  8 23 44 611193   -6.69434    9.54556     7155   8.5  0  0  6 15 0 0 1 1 1 0 0 1 0 0 1 0 0 1
2014   2 28  8 23 44 981711  -14.72400  -43.85662     2580  18.3  0  0  6 15 0 0 1 1 1 0 0 1 0 0 1 0 0 1
2014   2 28  8 23 47 965269   -4.82784  -71.67809     3858  42.9  1  0  6 15 0 0 1 1 0 0 0 1 0 1 1 1 0 0
2014   2 28  8 23 49   7277   -6.22572    8.02797    13805  35.3  0  0  6 15 0 0 1 1 1 0 0 1 0 0 1 0 0 1
2014   2 28  8 23 49 249009  -10.12672  -66.22972     3652  36.9  0  0  7 21 0 0 1 1 1 0 0 1 0 1 1 0 0 1
2014   2 28  8 23 50 171089  -21.08077 -142.20351    12003  53.9  1  0  7 21 0 0 1 1 1 0 0 1 0 0 1 1 0 1
2014   2 28  8 23 50 208127  -21.08816 -142.25137    12054  54.4  1  0  7 21 0 0 1 1 1 0 0 1 0 0 1 1 0 1
2014   2 28  8 23 50 244728  -21.11651 -142.05136    11828  57.5  1  0  7 21 0 0 1 1 0 0 0 1 0 1 1 1 0 1
2014   2 28  8 23 50 274042  -21.13307 -142.21635    14901  52.3  1  0  6 15 0 0 1 1 1 0 0 1 0 0 0 1 0 1
2014   2 28  8 23 50 382894  -23.53653  -45.55400     4345  55.3  1  0  6 15 0 0 0 1 1 0 0 1 0 1 1 0 0 1
2014   2 28  8 23 50 725437  -20.75045 -143.77901     9409   0.9  0  0  4  6 0 0 1 0 0 0 0 1 0 0 1 1 0 0
2014   2 28  8 23 53 210581   -6.53013  149.16296    11010  80.2  2  0  6 15 0 0 0 1 1 0 0 1 0 0 1 1 0 1
2014   2 28  8 23 53 232053    9.14110  -79.29955    11982  17.8  0  0  5 10 0 0 1 1 1 0 0 0 0 0 1 0 0 1
2014   2 28  8 23 53 619171  -22.27032  -46.18048     3826  71.3  2  0  6 15 0 0 1 0 1 0 0 1 0 1 1 0 0 1
2014   2 28  8 23 53 858486  -25.31545  -44.56490     6149  56.1  2  0  5 10 0 0 1 0 0 0 0 1 0 1 1 0 0 1
2014   2 28  8 23 53 867972  -21.77801 -139.06602     9810  32.9  0  0  6 15 0 0 1 1 1 0 0 0 0 1 0 1 0 1
2014   2 28  8 23 53 886844  -25.33597  -44.21416     5320  76.1  2  0  6 15 0 0 0 1 1 0 0 1 0 1 1 0 0 1
2014   2 28  8 23 53 920248  -25.27418  -44.21338     3202  46.0  0  0  7 21 0 0 1 1 1 0 0 0 0 1 1 1 0 1
2014   2 28  8 23 53 948799  -25.35457  -44.10351     4095  33.1  1  0  5  8 0 0 1 1 1 0 0 0 0 0 1 0 0 1
2014   2 28  8 23 53 978028  -25.34327  -44.14651     4559  74.4  2  0  6 14 0 0 1 1 1 0 0 1 0 0 1 1 0 0
2014   2 28  8 23 55 746939  -34.17646  -37.03909     3771   3.3  0  0  4  6 0 0 1 1 0 0 0 0 0 0 1 0 0 1
2014   2 28  8 23 56  47334  -33.34695  -39.24399     7254 101.0  2  0  6 15 0 0 1 1 0 0 0 1 0 1 1 1 0 0
2014   2 28  8 23 56  75452  -33.51423  -38.95064     5654  65.8  2  0  6 15 0 0 1 1 1 0 0 1 0 0 1 0 0 1
2014   2 28  8 23 56  82674  -33.40204  -39.21209     5639  83.3  2  0  7 21 0 0 1 1 1 0 0 1 0 1 1 0 0 1
2014   2 28  8 23 56 100377  -33.52238  -38.95079     5777  68.3  2  0  6 15 0 0 1 1 1 0 0 1 0 0 1 0 0 1
2014   2 28  8 23 56 173210  -33.36599  -39.23867     7595  92.5  2  0  6 14 0 0 1 1 1 0 0 1 0 1 1 0 0 0
2014   2 28  8 23 56 215554  -33.28936  -39.58889     7710  87.2  2  0  7 21 0 0 1 0 1 0 0 1 0 1 1 1 0 1
2014   2 28  8 23 56 315812  -13.30829  -38.32831    11442 114.3  2  0  6 15 0 0 1 1 0 0 0 1 0 1 1 0 0 1
2014   2 28  8 23 56 354348  -33.47964  -38.94903     6700  87.2  2  0  6 15 0 0 1 1 0 0 0 1 0 0 1 1 0 1
2014   2 28  8 23 56 479308  -31.33818  -41.94550    13879  47.5  1  0  5 10 0 0 0 0 0 0 0 1 0 1 1 1 0 1
2014   2 28  8 23 56 648339  -33.37722  -39.30035     5724  85.7  2  0  7 21 0 0 1 1 1 0 0 1 0 1 1 0 0 1
2014   2 28  8 23 56 697518  -40.00037  -67.24147     5053  85.5  2  0  7 20 0 0 1 1 1 0 0 0 0 1 1 1 0 1
2014   2 28  8 23 57  33122  -29.59750  -56.57574     8818  58.1  1  0  6 15 0 0 0 1 1 0 0 1 0 1 1 0 0 1
2014   2 28  8 23 57 483564  -33.35222  -39.16646     9783  79.9  2  0  5 10 0 0 1 1 1 0 0 1 0 0 0 0 0 1
2014   2 28  8 23 57 531104    4.71476  -73.41895     9721 108.7  2  0  7 21 0 0 0 1 1 0 0 1 0 1 1 1 0 1
2014   2 28  8 23 58 128993   -7.19817    5.56764    29472  91.6  2  0  6 15 0 0 1 1 1 0 0 1 0 0 1 0 0 1
2014   2 28  8 23 58 200053  -21.66130 -140.16414    21852 113.0  2  0  7 21 0 0 1 1 1 0 0 1 0 0 1 1 0 1
2014   2 28  8 23 58 538881   -4.71904  -71.24001     4344  71.0  2  0  7 21 0 0 1 1 1 0 0 0 0 1 1 1 0 1
2014   2 28  8 23 58 963403    5.87392  -71.99670     7657 105.0  2  0  6 15 0 0 1 1 1 0 0 1 0 0 0 1 0 1
2014   2 28  8 23 59 183159    6.15334  -86.93047    11901 111.2  2  0  6 14 0 0 1 1 1 0 0 1 0 0 0 1 0 1
2014   2 28  8 24  0 159927   18.02670  -91.28361    15961  15.2  0  0  4  6 0 0 1 1 0 0 0 1 0 0 0 0 0 1
2014   2 28  8 24  0 320606   -9.63593  -66.77169     2870   7.9  0  0  6 15 0 0 1 1 1 0 0 1 0 1 0 0 0 1
2014   2 28  8 24  0 427936   -8.13953  -59.58643     3048   8.5  0  0  5 10 0 0 1 1 1 0 0 1 0 0 0 0 0 1
2014   2 28  8 24  0 761371   -9.66442  -66.76377     2837   6.8  0  0  6 15 0 0 1 1 1 0 0 1 0 1 0 0 0 1
2014   2 28  8 24  0 843724   -9.65957  -66.76557     3194   7.1  0  0  5 10 0 0 1 1 1 0 0 1 0 0 0 0 0 1
2014   2 28  8 24  0 940011  -32.43260   19.07331     9210   9.1  0  0  5 10 0 0 1 1 1 0 0 1 0 0 0 0 0 1
2014   2 28  8 24  1  49958  -20.87343  -46.37793     2866  10.0  0  0  5  8 0 0 1 1 1 0 0 1 0 0 0 0 0 1
2014   2 28  8 24  2 327959  -12.60670  -71.57294     3492   8.5  0  0  5  9 0 0 1 0 1 0 0 1 0 1 0 0 0 1
2014   2 28  8 24  2 354116  -12.89724  -71.36189     5204   7.0  0  0  5 10 0 0 1 1 1 0 0 0 0 1 0 0 0 1
2014   2 28  8 24  2 555110  -23.70268  -45.52811     4478  80.1  2  0  6 11 0 0 1 1 1 0 0 1 0 1 0 0 0 1
2014   2 28  8 24  2 586214  -23.90133  -45.57793     4296   2.7  0  0  4  6 0 0 0 1 1 0 0 1 0 1 0 0 0 0
2014   2 28  8 24  2 603130  -23.71447  -45.61549     3506  29.2  0  0  5 10 0 0 1 1 1 0 0 1 0 0 0 0 0 1
2014   2 28  8 24  2 654933  -23.73074  -45.59677     3434  29.5  0  0  5 10 0 0 1 1 0 0 0 1 0 1 0 0 0 1
2014   2 28  8 24  2 661510  -12.97758  -71.27480     6350   1.7  0  0  4  6 0 0 1 1 1 0 0 0 0 1 0 0 0 0
2014   2 28  8 24  2 743361  -23.72321  -45.58971     4037  30.5  1  0  5  8 0 0 1 1 1 0 0 1 0 0 0 0 0 1
2014   2 28  8 24  3 474410  -21.79466  -46.30859     2889  19.5  0  0  5 10 0 0 1 1 1 0 0 1 0 0 0 0 0 1
2014   2 28  8 24  4 746605   -4.37966  -73.19799     8521   5.9  0  0  5 10 0 0 0 1 1 0 0 1 0 1 0 0 0 1
2014   2 28  8 24  5 246105  -30.45200  -41.96332     2974  18.4  0  0  6 15 0 0 1 1 1 0 0 1 0 1 0 0 0 1
2014   2 28  8 24  5 266599  -30.44000  -41.97319     3760  19.9  0  0  5 10 0 0 1 1 1 0 0 1 0 0 0 0 0 1
2014   2 28  8 24  5 294177  -30.44304  -41.95453     3376  19.2  0  0  5 10 0 0 1 1 1 0 0 1 0 1 0 0 0 0
2014   2 28  8 24  5 314383  -30.45827  -41.95464     5050  22.4  1  0  4  6 0 0 1 1 1 0 0 1 0 0 0 0 0 0
2014   2 28  8 24  5 441515   -4.94661  -71.39059     9078  47.2  1  0  5  9 0 0 1 1 1 0 0 1 0 1 0 0 0 0
2014   2 28  8 24  5 466234   -5.87224  -70.78942     5663   8.6  0  0  5 10 0 0 1 1 1 0 0 0 0 1 0 0 0 1
2014   2 28  8 24  5 524762   -4.32333  -73.39716     9726   8.8  0  0  5  9 0 0 0 1 1 0 0 1 0 1 0 0 0 1
2014   2 28  8 24  5 543667  -30.45789  -41.97121     2985  18.9  0  0  6 15 0 0 1 1 1 0 0 1 0 1 0 0 0 1
2014   2 28  8 24  5 625644  -30.55888  -41.93004     3898  22.0  0  0  5 10 0 0 1 1 1 0 0 1 0 0 0 0 0 1
2014   2 28  8 24  6 186713  -21.56625  -45.95507     3515  36.2  1  0  5 10 0 0 1 1 1 0 0 1 0 0 0 0 0 1
2014   2 28  8 24  6 207038  -22.36592  -46.09451     4007  52.1  2  0  5 10 0 0 1 1 1 0 0 0 0 1 0 0 0 1
2014   2 28  8 24  6 563085  -12.19317  -72.62945     4540  48.0  0  0  7 21 0 0 1 1 1 0 0 1 0 1 0 0 1 1
2014   2 28  8 24  6 896770  -13.17406  -71.63845     6123  12.6  0  0  5  9 0 0 1 1 1 0 0 0 0 1 0 0 0 1
2014   2 28  8 24  8 447155    4.58108  -72.13188    13524  61.4  2  0  5 10 0 0 1 1 1 0 0 1 0 0 0 0 0 1
2014   2 28  8 24  9 112120  -21.87116  -50.40001     3222  16.2  0  0  4  6 0 0 1 1 0 0 0 1 0 1 0 0 0 0
2014   2 28  8 24  9 125502  -21.92667  -50.31964     3979  79.5  2  0  6 13 0 0 1 1 1 0 0 1 0 1 0 0 0 1
2014   2 28  8 24 10 834476  -24.87920  -45.18975     3471  50.2  1  0  6 15 0 0 1 1 1 0 0 1 0 1 0 0 0 1
2014   2 28  8 24 10 878824  -24.89179  -45.15786     4470  50.9  2  0  5  9 0 0 1 1 1 0 0 1 0 0 0 0 0 1
2014   2 28  8 24 15 221775  -14.86472  -43.76049     5865  65.7  2  0  5  7 0 0 1 1 1 0 0 1 0 0 0 0 0 1
2014   2 28  8 24 17 241104  -21.37786  -47.23686     3065  20.0  0  0  5  8 0 0 0 1 1 0 0 1 0 1 0 0 0 1
2014   2 28  8 24 17 378805    2.77423  -85.47749    25034   9.2  0  0  4  6 0 0 0 1 1 0 0 1 0 1 0 0 0 0
2014   2 28  8 24 17 912709  -21.59666  -46.06920     2778  17.0  0  0  5  9 0 0 0 1 1 0 0 1 0 1 0 0 0 1
2014   2 28  8 24 17 971243  -21.58802  -46.05373     2859  16.8  0  0  5  9 0 0 0 1 1 0 0 1 0 1 0 0 0 1
2014   2 28  8 24 19 327460  -32.07365 -134.54710   161615  32.8  1  0  4  6 0 0 0 1 1 0 0 1 0 1 0 0 0 0
2014   2 28  8 24 24 615604  -27.79179 -137.65089   264035  82.1  2  0  5 10 0 0 0 1 1 0 0 1 0 1 0 0 0 1
2014   2 28  8 24 24 779476  -24.60678  -45.14715     9359  55.3  2  0  5 10 0 0 0 1 1 0 0 1 0 1 0 0 0 1
2014   2 28  8 24 25 593106  -21.54314  -47.61922     3556  44.5  1  0  5 10 0 0 0 1 1 0 0 1 0 1 0 0 0 1
2014   2 28  8 24 29  23228  -32.85757  -40.77357    13077  31.4  1  0  5 10 0 0 0 1 1 0 0 1 0 1 0 0 0 1
2014   2 28  8 24 30 679609  -11.79106  -80.78379    31922  41.2  1  0  5  9 0 0 0 1 1 0 0 1 0 1 0 0 0 1
