2014   2 28  8 34 25 521787  -11.97541  -72.88927     2988  11.3  0  0  5 10 0 0 1 0 0 0 0 0 0 1 1 1 0 1
2014   2 28  8 34 31 566136  -25.29802  -44.40704     5425  42.3  1  0  5 10 0 0 1 0 0 0 0 0 0 1 1 1 0 1
2014   2 28  8 34 32 576128  -10.62913  -56.53427     4131  22.3  1  0  4  6 0 0 1 0 0 0 0 0 0 0 1 1 0 1
2014   2 28  8 34 33 114247   -5.19437  -71.51269     5847  58.6  2  0  5 10 0 0 1 0 0 0 0 0 0 1 1 1 0 1
2014   2 28  8 34 35 782565   -5.10669  146.82478    23993  74.1  2  0  5 10 0 0 1 0 0 0 0 0 0 1 1 1 0 1
2014   2 28  8 34 36 230501  -20.77785  -47.28225     4311  21.8  1  0  4  6 0 0 1 0 0 0 0 0 0 1 1 0 0 1
2014   2 28  8 34 40 136023  -33.64030  -39.24373     4831  18.8  0  0  6 15 0 0 0 1 1 0 0 1 0 1 1 1 0 0
2014   2 28  8 34 40 170632   -3.77151  -71.59221     2628  14.8  0  0  7 21 0 0 1 1 1 0 0 1 0 0 1 1 0 1
2014   2 28  8 34 40 194933  -33.71596  -39.17160     3200  16.5  0  0  6 15 0 0 1 1 1 0 0 1 0 0 1 0 0 1
2014   2 28  8 34 40 593661  -33.60812  -39.35489     4044  10.9  0  0  5 10 0 0 1 0 1 0 0 0 0 1 1 0 0 1
2014   2 28  8 34 40 625176    7.00286  -73.16646     6201  12.2  0  0  4  6 0 0 0 1 1 0 0 1 0 0 0 1 0 0
2014   2 28  8 34 40 682076  -33.63620  -39.30888     3282  18.7  0  0  6 15 0 0 1 1 1 0 0 1 0 0 1 0 0 1
2014   2 28  8 34 40 722281    2.65944    7.49818    10907  13.6  0  0  6 14 0 0 1 1 1 0 0 1 0 0 1 0 0 1
2014   2 28  8 34 42 276474  -23.10995 -137.62029     6086  19.3  0  0  7 21 0 0 1 1 1 0 0 0 0 1 1 1 0 1
2014   2 28  8 34 43 959917    4.27707  -73.28326     3791  39.4  0  0  7 20 0 0 1 1 1 0 0 1 0 0 1 1 0 1
2014   2 28  8 34 43 997641    3.71773  -72.88366     4639  24.9  0  0  7 21 0 0 1 0 1 0 0 1 0 1 1 0 1 1
2014   2 28  8 34 44  12602    3.86991  -72.99995     7072  22.2  0  0  5  9 0 0 1 0 1 0 0 1 0 0 1 0 0 1
2014   2 28  8 34 44 145360    4.34677  -73.00393     3216  25.3  0  0  7 20 0 0 1 1 1 0 0 0 0 1 1 1 0 1
2014   2 28  8 34 44 163859   -1.27767  150.01651     8944  65.5  2  0  6 15 0 0 1 1 1 0 0 1 0 0 1 1 0 0
2014   2 28  8 34 44 183416   -1.27734  150.23961     7600  36.6  1  0  5 10 0 0 1 0 0 0 0 1 0 0 1 1 0 1
2014   2 28  8 34 44 334021   -1.25175  150.00726    12239  72.2  2  0  5 10 0 0 1 1 0 0 0 1 0 0 1 1 0 0
2014   2 28  8 34 44 606669   -1.27646  150.04060     6847  32.8  1  0  5 10 0 0 0 0 1 0 0 1 0 0 1 1 0 1
2014   2 28  8 34 44 663853   -1.24239  149.93166     7228  63.2  1  0  7 21 0 0 1 1 1 0 0 1 0 0 1 1 0 1
2014   2 28  8 34 44 815333    4.40103  -73.40683     6064  40.7  1  0  6 13 0 0 0 0 1 0 0 1 0 1 1 1 0 1
2014   2 28  8 34 45 147525  -21.72487 -140.52933    15354  55.7  1  0  6 15 0 0 1 1 0 0 0 1 0 0 1 1 0 1
2014   2 28  8 34 45 454925  -21.43639  -47.09153     3078  56.9  1  0  7 21 0 0 1 0 1 0 0 1 0 1 1 1 0 1
2014   2 28  8 34 45 632699   -7.17432    8.29223    15632  41.1  1  0  6 14 0 0 1 1 1 0 0 1 0 0 1 0 0 1
2014   2 28  8 34 46 806993  -31.18725 -131.22099    18740  69.8  2  0  6 15 0 0 1 1 1 0 0 1 0 0 1 1 0 0
2014   2 28  8 34 47 108675  -32.69229 -125.78957    20777  24.8  0  0  5 10 0 0 1 1 1 0 0 1 0 1 0 0 0 0
2014   2 28  8 34 47 555942    5.20005  -72.67117     4843  64.5  1  0  7 20 0 0 1 1 1 0 0 1 0 0 1 1 0 1
2014   2 28  8 34 48 415165    4.58969  -73.32163     5054  69.4  1  0  7 20 0 0 1 1 1 0 0 1 0 0 1 1 0 1
2014   2 28  8 34 48 690602  -29.07632 -135.63243    10540   6.8  0  0  4  6 0 0 1 0 0 0 0 1 0 0 1 1 0 0
2014   2 28  8 34 49 753096   -4.85035  -71.97862     6571 100.3  2  0  7 21 0 0 0 1 1 0 0 1 0 0 1 1 1 1
2014   2 28  8 34 49 807432   -4.80332  -71.73306     4616  74.7  2  0  7 21 0 0 1 0 1 0 0 1 0 1 1 1 0 1
2014   2 28  8 34 50   4755  -33.43320  -39.26640    14286  71.2  2  0  5 10 0 0 0 1 1 0 0 1 0 0 1 0 0 1
2014   2 28  8 34 50 274247  -33.38083  -39.29738     7313  72.6  2  0  5 10 0 0 1 1 1 0 0 1 0 0 1 0 0 0
2014   2 28  8 34 50 988625  -22.56703 -139.02634    25974 104.7  2  0  6 15 0 0 1 1 1 0 0 1 0 0 1 1 0 0
2014   2 28  8 34 51 367653  -33.74949  -38.69963    16151  78.8  2  0  5 10 0 0 0 1 1 0 0 1 0 0 1 0 0 1
2014   2 28  8 34 51 406870  -33.71516  -38.73103     6029  70.8  2  0  6 15 0 0 1 1 1 0 0 1 0 0 1 0 0 1
2014   2 28  8 34 51 498446   30.54443 -129.66093    23874  93.5  2  0  7 21 0 0 1 1 0 0 0 1 0 1 1 0 1 1
2014   2 28  8 34 51 507903  -33.67622  -38.63988     4457  29.6  0  0  5 10 0 0 1 1 1 0 0 0 0 0 1 0 0 1
2014   2 28  8 34 51 820606   -3.72113  -71.27636     6535 102.2  2  0  6 15 0 0 1 1 1 0 0 1 0 1 0 1 0 0
2014   2 28  8 34 51 882430   -3.60437  -70.96233     3869  56.1  1  0  7 21 0 0 1 1 1 0 0 0 0 1 1 1 0 1
2014   2 28  8 34 51 937566   -3.71319  -71.29386     5284  94.4  2  0  7 21 0 0 1 1 1 0 0 1 0 1 0 1 0 1
2014   2 28  8 34 51 981081   -3.64722  -71.27384     5115  94.4  2  0  7 21 0 0 1 1 1 0 0 1 0 0 1 1 0 1
2014   2 28  8 34 52 363242   -3.61702  -71.05087     4259  36.3  1  0  5 10 0 0 1 1 1 0 0 0 0 0 0 1 0 1
2014   2 28  8 34 52 871747  -21.59319 -140.19211    21388 109.2  2  0  7 21 0 0 1 1 1 0 0 1 0 0 1 1 0 1
2014   2 28  8 34 53  20417   10.38576 -103.73888    11987  24.7  0  0  5 10 0 0 0 1 1 0 0 0 0 0 1 1 0 1
2014   2 28  8 34 53 478452   -2.07267   15.65879    64778  44.3  1  0  5 10 0 0 1 1 1 0 0 0 0 0 1 0 0 1
2014   2 28  8 34 55 933029  -34.07483  -37.35125     9357 117.8  2  0  6 15 0 0 1 1 0 0 0 1 0 1 1 0 0 1
2014   2 28  8 34 56 108314   -9.82989  160.11475     5322  10.9  0  0  6 15 0 0 1 0 1 0 0 1 0 0 1 1 0 1
2014   2 28  8 34 56 514279   -8.88626  159.33954    29314  24.6  0  0  5 10 0 0 0 1 1 0 0 1 0 1 1 0 0 0
2014   2 28  8 34 56 567730  -30.70863  -40.95835     4222   5.1  0  0  4  6 0 0 1 0 0 0 0 1 0 0 1 0 0 1
2014   2 28  8 34 56 574932  -10.62433  162.31212    21280  22.5  0  0  6 15 0 0 1 1 1 0 0 0 0 0 1 1 0 1
2014   2 28  8 34 56 591876  -30.75036  -40.91408     4378  14.0  0  0  5 10 0 0 0 1 1 0 0 1 0 0 1 0 0 1
2014   2 28  8 34 56 660387  -10.63638  162.42856    29144  26.0  0  0  5 10 0 0 1 1 1 0 0 0 0 0 1 1 0 0
2014   2 28  8 34 56 799574  -21.55220  -45.98540     2471  14.9  0  0  6 15 0 0 0 1 1 0 0 1 0 1 1 0 0 1
2014   2 28  8 34 56 864834  -21.55541  -45.98717     2534  10.7  0  0  6 15 0 0 1 0 1 0 0 0 0 1 1 1 0 1
2014   2 28  8 34 56 953081  -21.57052  -46.00335     2913  12.8  0  0  5  8 0 0 1 0 0 0 0 1 0 0 1 1 0 1
2014   2 28  8 34 57  11811  -21.56433  -45.98451     2424  15.5  0  0  7 19 0 0 1 1 1 0 0 1 0 1 0 1 0 1
2014   2 28  8 34 57 201573  -21.55511  -45.97874     2497  16.9  0  0  7 18 0 0 1 1 1 0 0 1 0 0 1 1 0 1
2014   2 28  8 34 57 211413  -21.57355  -45.95365     2651  17.5  0  0  6 15 0 0 1 1 1 0 0 1 0 0 1 0 0 1
2014   2 28  8 34 57 374269  -10.17595  161.15570     9995  34.2  1  0  5  8 0 0 1 1 0 0 0 1 0 0 1 1 0 0
2014   2 28  8 34 57 570333  -13.55416  165.68210    72875  18.1  0  0  4  6 0 0 1 1 0 0 0 1 0 0 0 0 0 1
2014   2 28  8 34 58 568322  -11.63641  -72.72583     5261  12.6  0  0  5  9 0 0 0 1 1 0 0 0 0 1 0 1 0 1
2014   2 28  8 34 58 716293  -10.68637  -57.32192     3385  15.6  0  0  4  6 0 0 0 1 0 0 0 0 0 1 1 1 0 0
2014   2 28  8 34 58 785903  -10.70273  -57.44006     2848  27.0  0  0  7 21 0 0 0 1 1 0 0 1 0 1 1 1 0 1
2014   2 28  8 34 59 109630  -11.75852  -73.00244     3755  20.8  0  0  5  8 0 0 1 1 1 0 0 0 0 0 0 1 0 1
2014   2 28  8 34 59 400796    4.40638  -73.66557     5197  29.9  0  0  6 15 0 0 0 1 1 0 0 1 0 1 0 1 0 1
2014   2 28  8 34 59 694256  -25.20785  -44.61198     3350  29.5  0  0  6 15 0 0 1 1 1 0 0 1 0 0 1 0 0 1
2014   2 28  8 34 59 704135  -25.19286  -44.60299     4598  34.9  1  0  5  9 0 0 0 1 1 0 0 1 0 0 1 0 0 1
2014   2 28  8 35  0 619384  -14.71408  -43.55209     2837  39.0  0  0  7 20 0 0 0 1 1 0 0 1 0 1 1 1 0 1
2014   2 28  8 35  1 682212  -23.80192  -45.16633     3925  12.9  0  0  4  6 0 0 1 1 0 0 0 1 0 0 0 0 0 1
2014   2 28  8 35  2  38678   -4.84062  -71.56752     3657  34.1  0  0  6 15 0 0 1 1 0 0 0 0 0 1 1 1 0 1
2014   2 28  8 35  2 306900   -4.87619  -71.71457     5076  53.7  1  0  7 21 0 0 0 1 1 0 0 1 0 1 1 1 0 1
2014   2 28  8 35  2 519751  -21.67067  -45.84519     4247  63.6  2  0  6 13 0 0 1 1 1 0 0 1 0 0 1 0 0 1
2014   2 28  8 35  2 558652  -21.55396  -45.83696     4020  49.1  1  0  5 10 0 0 0 1 1 0 0 1 0 0 1 0 0 1
2014   2 28  8 35  2 584440   -4.86623  -71.78326     3471  42.0  0  0  7 21 0 0 1 0 1 0 0 1 0 1 1 1 0 1
2014   2 28  8 35  2 795982  -32.75033 -133.09392    16606  63.6  2  0  6 15 0 0 1 1 0 0 0 1 0 1 1 1 0 0
2014   2 28  8 35  2 809464  -32.81488 -133.13899    17010  55.6  1  0  6 15 0 0 1 1 1 0 0 1 0 0 0 1 0 1
2014   2 28  8 35  2 963359  -33.01438 -132.93385    41840  26.6  1  0  4  6 0 0 1 0 0 0 0 1 0 0 1 0 0 1
2014   2 28  8 35  2 973635  -33.57587 -129.86508    21868  49.7  0  0  7 21 0 0 1 1 1 0 0 1 0 1 1 0 0 1
2014   2 28  8 35  3 123263  -13.71093  173.34692    18311  60.8  2  0  6 15 0 0 1 1 1 0 0 1 0 0 0 1 0 1
2014   2 28  8 35  3 137917  -14.54557  162.23129    12330  40.5  1  0  5 10 0 0 0 0 1 0 0 1 0 0 1 1 0 1
2014   2 28  8 35  3 171544  -14.57255  162.18375    11552  68.6  1  0  7 21 0 0 1 1 1 0 0 1 0 0 1 1 0 1
2014   2 28  8 35  3 585077    3.94574  158.26250    90977  33.8  1  0  5 10 0 0 1 1 1 0 0 0 0 0 1 0 0 1
2014   2 28  8 35  4 313439  -22.30641  -46.02274     4405  64.6  2  0  5 10 0 0 0 1 1 0 0 1 0 0 1 0 0 1
2014   2 28  8 35  4 494489    9.29713  -73.17558     7204  76.5  2  0  6 14 0 0 1 1 0 0 0 1 0 1 1 1 0 0
2014   2 28  8 35  5 261908  -33.62637  -39.20459     7608  70.6  2  0  6 15 0 0 1 0 0 0 0 1 0 1 1 1 0 1
2014   2 28  8 35  5 282788  -33.77165  -38.74316     5210  55.3  1  0  6 15 0 0 1 1 1 0 0 1 0 0 1 0 0 1
2014   2 28  8 35  5 294210  -33.77078  -38.78045     8464  61.7  2  0  5 10 0 0 1 1 1 0 0 1 0 0 0 0 0 1
2014   2 28  8 35  5 301629  -33.77538  -38.75557     5178  54.9  1  0  6 15 0 0 1 1 1 0 0 1 0 0 1 0 0 1
2014   2 28  8 35  5 311951  -33.70359  -39.13298     7827  48.2  1  0  5 10 0 0 1 0 1 0 0 1 0 0 1 0 0 1
2014   2 28  8 35  5 332598  -33.85173  -38.69244    13341  61.7  2  0  5 10 0 0 0 1 1 0 0 1 0 0 1 0 0 1
2014   2 28  8 35  5 463156  -33.77600  -38.71382     5282  56.6  1  0  6 15 0 0 1 1 1 0 0 1 0 0 1 0 0 1
2014   2 28  8 35  5 519101  -33.77004  -38.72435     6810  63.2  2  0  5 10 0 0 1 1 1 0 0 1 0 0 1 0 0 0
2014   2 28  8 35  5 559140  -33.78531  -38.57956     4071  10.1  0  0  4  6 0 0 1 1 0 0 0 0 0 0 1 0 0 1
2014   2 28  8 35  5 590018  -33.74048  -38.76523     5265  56.5  1  0  6 15 0 0 1 1 1 0 0 1 0 0 1 0 0 1
2014   2 28  8 35  5 603057  -33.64493  -38.78421     4762  21.9  0  0  5  7 0 0 1 1 1 0 0 0 0 0 1 1 0 0
2014   2 28  8 35  5 718574  -12.26929  -71.57265     3546  48.8  0  0  7 21 0 0 1 1 1 0 0 0 0 1 1 1 0 1
2014   2 28  8 35  5 749142  -33.76818  -38.63296     4079  23.9  0  0  5 10 0 0 1 1 1 0 0 0 0 0 1 0 0 1
2014   2 28  8 35  5 771793  -14.61081  -75.95029     3962  18.3  0  0  4  6 0 0 1 1 1 0 0 0 0 0 0 1 0 0
2014   2 28  8 35  5 917243  -18.23628 -131.76434    19443  22.2  1  0  4  6 0 0 0 0 0 0 0 1 0 0 1 1 0 1
2014   2 28  8 35  6 491150  -33.60737  -38.94405     8997  68.0  2  0  5 10 0 0 1 1 1 0 0 1 0 0 0 0 0 1
2014   2 28  8 35  6 821433  -21.57764  -47.33807     3917  80.5  2  0  6 15 0 0 0 1 1 0 0 1 0 1 0 1 0 1
2014   2 28  8 35  6 910350  -33.73529  -38.62195     3929   8.6  0  0  4  6 0 0 1 1 0 0 0 0 0 0 1 0 0 1
2014   2 28  8 35  9 279617  -30.58194  -41.18800     6547 104.4  2  0  6 15 0 0 1 1 0 0 0 1 0 1 1 1 0 0
2014   2 28  8 35 10 633755   -0.84060  149.82724     6345   9.7  0  0  4  6 0 0 1 0 0 0 0 1 0 0 1 1 0 0
2014   2 28  8 35 11 152883   19.55567  -82.95014    15597  17.8  0  0  4  6 0 0 1 0 1 0 0 1 0 1 0 0 0 0
2014   2 28  8 35 12 360730  -21.61241  -46.17009     2702  10.2  0  0  5 10 0 0 1 1 1 0 0 0 0 1 1 0 0 0
2014   2 28  8 35 12 396124  -21.65521  -46.11773     2960  18.5  0  0  5  9 0 0 0 1 1 0 0 1 0 0 1 0 0 1
2014   2 28  8 35 12 446615  -21.62571  -46.15104     2741  26.3  0  0  6 15 0 0 0 1 1 0 0 1 0 0 1 1 0 1
2014   2 28  8 35 12 536489  -21.63895  -46.20201     2568  20.0  0  0  6 15 0 0 0 1 1 0 0 1 0 1 1 0 0 1
2014   2 28  8 35 12 806294   -3.45851  -71.60515     4915  26.6  0  0  5  7 0 0 1 1 0 0 0 1 0 0 1 1 0 0
2014   2 28  8 35 12 860742   -3.61272  -71.80800     5672  19.3  0  0  4  6 0 0 0 1 1 0 0 1 0 0 0 1 0 0
2014   2 28  8 35 13  16006   -3.41025  -71.53972     2890  23.5  0  0  7 21 0 0 1 1 1 0 0 1 0 0 1 1 0 1
2014   2 28  8 35 13  31398  -34.69778  -37.46577     3845  22.5  0  0  7 21 0 0 1 0 1 0 0 1 0 1 1 1 0 1
2014   2 28  8 35 13  53846  -34.73065  -37.32182     3315  26.1  0  0  7 21 0 0 1 1 1 0 0 1 0 1 1 0 0 1
2014   2 28  8 35 13 866699   -7.18349    8.24982    12668  19.9  0  0  5 10 0 0 1 1 1 0 0 1 0 0 1 0 0 0
2014   2 28  8 35 14 364000  -23.75188  -45.45957     3562  36.2  0  0  6 15 0 0 1 1 1 0 0 1 0 0 1 0 0 1
2014   2 28  8 35 14 517976  -23.83824  -45.46954     4116  39.5  1  0  5 10 0 0 1 1 1 0 0 1 0 0 0 0 0 1
2014   2 28  8 35 14 538316    4.57774  -73.78657     5227  44.2  1  0  6 11 0 0 1 1 1 0 0 1 0 0 1 1 0 0
2014   2 28  8 35 15  32432  -23.63385  -45.55203     3270  18.9  0  0  5 10 0 0 1 1 1 0 0 0 0 0 1 0 0 1
2014   2 28  8 35 15 322282  -23.83149  -45.21806     3611   7.6  0  0  4  6 0 0 1 1 0 0 0 1 0 0 0 0 0 1
2014   2 28  8 35 16 207147   -3.28466  148.96133    12328  71.9  2  0  5 10 0 0 1 1 0 0 0 1 0 0 1 1 0 0
2014   2 28  8 35 16 733872  -23.01608  -45.77157     3620  37.6  1  0  5 10 0 0 1 0 1 0 0 1 0 0 1 0 0 1
2014   2 28  8 35 16 839312  -20.77755  -48.15380     4739  36.0  1  0  5  8 0 0 1 1 0 0 0 1 0 0 1 0 0 1
2014   2 28  8 35 17  17166  -22.04495  -50.23516     3129  54.4  1  0  7 17 0 0 1 1 1 0 0 1 0 1 1 1 0 0
2014   2 28  8 35 18 379254  -18.89550 -140.96071    13467  65.1  1  0  7 21 0 0 1 1 1 0 0 1 0 0 1 1 0 1
2014   2 28  8 35 18 683959  -21.77293 -140.66766    14455  67.4  1  0  7 21 0 0 1 1 1 0 0 1 0 0 1 1 0 1
2014   2 28  8 35 18 728568  -21.83762 -140.62044    18406  67.8  2  0  6 15 0 0 1 1 1 0 0 1 0 0 0 1 0 1
2014   2 28  8 35 19 218966  -24.69115  -44.74962     2844  33.3  0  0  7 21 0 0 1 1 1 0 0 0 0 1 1 1 0 1
2014   2 28  8 35 20  20767  -23.47961  -45.65014     3479  64.2  1  0  7 21 0 0 1 0 1 0 0 1 0 1 1 1 0 1
2014   2 28  8 35 20 444598  -23.75446  -45.01297     3500   7.6  0  0  4  6 0 0 1 1 0 0 0 1 0 0 1 0 0 0
2014   2 28  8 35 20 468305    6.73887  -73.44480     3841  26.5  0  0  6 14 0 0 1 1 1 0 0 0 0 1 0 1 0 1
2014   2 28  8 35 21 959564  -33.62774  -38.84209     3995  45.3  0  0  7 21 0 0 1 1 1 0 0 0 0 1 1 1 0 1
2014   2 28  8 35 22   3029  -33.66486  -39.06779     9792  87.7  2  0  5 10 0 0 1 1 0 0 0 1 0 1 0 0 0 1
2014   2 28  8 35 22 123778   -6.48564  146.51096     6230   5.4  0  0  4  6 0 0 1 0 0 0 0 1 0 0 1 1 0 0
2014   2 28  8 35 22 821626  -33.67216  -38.92908     5541  82.1  2  0  7 21 0 0 1 1 1 0 0 1 0 1 1 0 0 1
2014   2 28  8 35 22 960182  -21.35916  -46.59464     3538  18.5  0  0  4  6 0 0 1 1 0 0 0 0 0 0 1 0 0 1
2014   2 28  8 35 23 126362   -4.40614  -71.78967     9227 101.8  2  0  6 15 0 0 0 1 1 0 0 1 0 0 1 1 0 1
2014   2 28  8 35 23 295749  -31.97685  -41.28193    10935  21.4  1  0  4  6 0 0 0 0 0 0 0 1 0 1 1 0 0 1
2014   2 28  8 35 24 712281  -11.32611  -72.11077     4202  30.7  0  0  6 15 0 0 0 1 1 0 0 0 0 1 1 1 0 1
2014   2 28  8 35 24 851464  -21.02960  -47.26249     4081 108.5  2  0  7 21 0 0 1 0 1 0 0 1 0 1 1 1 0 1
2014   2 28  8 35 26  81922  -33.90621  -37.93282     6025  45.2  1  0  5 10 0 0 1 1 1 0 0 0 0 1 0 0 0 1
2014   2 28  8 35 26 331368  -65.25136   97.13956   111890 102.9  2  0  6 11 0 0 1 1 1 0 0 1 0 0 0 1 0 1
2014   2 28  8 35 26 395292  -34.01419  -37.45622     5012  33.4  1  0  5 10 0 0 1 1 1 0 0 0 0 0 1 0 0 1
2014   2 28  8 35 26 624080  -33.85261  -37.68681     7775  66.1  2  0  5 10 0 0 1 1 0 0 0 0 0 1 1 1 0 0
2014   2 28  8 35 28   6444   -9.78365  160.38028    41694  19.7  0  0  4  6 0 0 0 1 0 0 0 1 0 1 1 0 0 0
2014   2 28  8 35 28 335804  -21.48206  -47.07534     2771  23.2  0  0  6 12 0 0 0 1 0 0 0 1 0 1 1 1 0 1
2014   2 28  8 35 28 382349  -26.40398 -133.55724    11332   9.5  0  0  4  6 0 0 1 1 0 0 0 0 0 0 1 1 0 0
2014   2 28  8 35 28 717522  -10.22249  161.18352    11067  27.2  0  0  6 11 0 0 1 1 1 0 0 1 0 0 1 1 0 0
2014   2 28  8 35 28 728513  -22.56218 -140.04747    38991  93.4  2  0  7 18 0 0 1 1 1 0 0 1 0 1 1 0 0 1
2014   2 28  8 35 28 766331  -22.26191 -139.78606    10845  13.3  0  0  6 15 0 0 1 1 1 0 0 1 0 1 0 0 0 1
2014   2 28  8 35 28 773940  -21.76750 -141.02299    11580  25.1  0  0  5 10 0 0 1 1 0 0 0 1 0 0 1 1 0 0
2014   2 28  8 35 28 799556  -21.76917 -141.01459     8428  22.5  0  0  6 15 0 0 1 1 1 0 0 1 0 0 1 1 0 0
2014   2 28  8 35 28 847756  -21.75993 -141.49126    12870  21.3  0  0  6 15 0 0 0 1 1 0 0 1 0 0 1 1 0 1
2014   2 28  8 35 28 888132  -21.77930 -140.65701     6949  12.4  0  0  6 15 0 0 1 1 1 0 0 0 0 0 1 1 0 1
2014   2 28  8 35 28 994749  -22.24261 -139.82629    12169  16.1  0  0  6 15 0 0 1 1 1 0 0 1 0 0 1 0 0 1
2014   2 28  8 35 29  49088   -4.94989  -72.19905     3147  23.4  0  0  6 15 0 0 1 1 1 0 0 1 0 1 0 1 0 0
2014   2 28  8 35 30 422633    2.78882  -84.45322     4728  15.2  0  0  6 15 0 0 0 1 1 0 0 0 0 1 1 1 0 1
2014   2 28  8 35 31  72505  -14.66353  162.20616    23613  52.6  2  0  5  7 0 0 1 1 0 0 0 1 0 0 1 1 0 0
2014   2 28  8 35 31 104091   -1.49407  149.78520     8956  54.3  1  0  6 11 0 0 1 1 0 0 0 1 0 0 1 1 0 1
2014   2 28  8 35 31 617575  -21.88901 -139.96202     9647  26.5  0  0  6 15 0 0 1 1 1 0 0 0 0 0 1 1 0 1
2014   2 28  8 35 31 767110  -21.47481  -45.85529     2849  40.3  0  0  7 21 0 0 1 1 1 0 0 1 0 1 1 0 0 1
2014   2 28  8 35 31 771925  -21.92168 -136.96037    14904   5.1  0  0  5 10 0 0 0 1 1 0 0 0 0 0 1 1 0 1
2014   2 28  8 35 31 829513  -21.50039  -45.76829     3455  33.0  1  0  5 10 0 0 0 1 1 0 0 1 0 0 1 0 0 1
2014   2 28  8 35 31 842693  -21.71479 -141.35355    12914  28.2  0  0  5 10 0 0 1 0 1 0 0 1 0 0 1 1 0 0
2014   2 28  8 35 31 899436  -13.90547  -39.49081     4636  23.1  0  0  6 15 0 0 1 1 1 0 0 0 0 1 1 0 0 1
2014   2 28  8 35 31 919083  -13.29727  -38.04527    15309  59.1  2  0  5 10 0 0 1 1 0 0 0 1 0 0 1 0 0 1
2014   2 28  8 35 31 937735  -13.30825  -37.92892    13598   8.0  0  0  4  6 0 0 1 0 0 0 0 1 0 0 1 0 0 1
2014   2 28  8 35 31 961684  -13.31291  -38.03237    14270  50.3  2  0  5 10 0 0 0 1 1 0 0 1 0 0 1 0 0 1
2014   2 28  8 35 32 179070   -3.76309  -71.40160     3378  36.8  0  0  7 21 0 0 1 0 1 0 0 1 0 1 1 1 0 1
2014   2 28  8 35 32 322961   -3.72599  -71.34530     3755   8.9  0  0  4  6 0 0 1 0 0 0 0 0 0 0 1 1 0 1
2014   2 28  8 35 32 420053  -21.58895 -141.87221    11176  10.7  0  0  4  6 0 0 1 0 0 0 0 1 0 0 1 1 0 0
2014   2 28  8 35 32 565905  -13.78443  173.41882    12019  48.2  0  0  7 21 0 0 1 1 1 0 0 1 0 0 1 1 0 1
2014   2 28  8 35 32 697676  -13.76636  173.38924    15402  53.6  1  0  6 15 0 0 1 1 1 0 0 1 0 0 1 1 0 0
2014   2 28  8 35 32 776914  -13.82313  173.56505    11702  51.0  1  0  7 21 0 0 1 1 1 0 0 1 0 1 1 1 0 0
2014   2 28  8 35 32 903361    6.88034  -76.99464     3701  27.2  0  0  7 19 0 0 1 1 1 0 0 0 0 1 1 1 0 1
2014   2 28  8 35 33 153875  -21.58934  -45.91051     3727  41.2  1  0  5 10 0 0 0 1 1 0 0 1 0 0 1 0 0 1
2014   2 28  8 35 33 772681   -3.71817  -71.39761     3911  27.5  0  0  5 10 0 0 1 1 1 0 0 0 0 0 1 1 0 0
2014   2 28  8 35 33 872737   -4.86293  145.63762     6139  36.9  0  0  6 15 0 0 1 0 1 0 0 1 0 1 1 1 0 0
2014   2 28  8 35 33 979090   -4.86902  145.54196     7311  39.1  1  0  5 10 0 0 0 0 0 0 0 1 0 1 1 1 0 1
2014   2 28  8 35 34 519808   -2.74143  145.53009    11790  12.6  0  0  5  9 0 0 1 1 0 0 0 1 0 0 1 0 0 1
2014   2 28  8 35 34 781041  -21.52915  -46.10197     3647  39.0  1  0  5 10 0 0 1 1 0 0 0 1 0 0 1 0 0 1
2014   2 28  8 35 34 904260   -4.87989  -71.78909     3950  54.7  1  0  7 21 0 0 1 0 1 0 0 1 0 1 1 1 0 1
2014   2 28  8 35 34 928626    7.46380  -78.49235     5215  58.6  1  0  7 21 0 0 1 1 1 0 0 1 0 0 1 1 0 1
2014   2 28  8 35 35  90157   -7.25663    8.35056    18794  42.2  1  0  6 11 0 0 1 1 1 0 0 1 0 0 1 0 0 1
2014   2 28  8 35 35 154143   -4.90310  -71.71418     4165  62.8  1  0  7 21 0 0 1 1 1 0 0 1 0 1 0 1 0 1
2014   2 28  8 35 35 178465   -4.82429  -71.54353     3623  32.6  0  0  6 15 0 0 1 1 1 0 0 0 0 0 1 1 0 1
2014   2 28  8 35 35 240639   -4.90631  -71.79391     5847  67.1  1  0  7 21 0 0 0 1 1 0 0 1 0 1 1 1 0 1
2014   2 28  8 35 35 474566  -21.96198  -48.06398     3922  89.5  2  0  7 18 0 0 1 1 1 0 0 1 0 0 1 1 0 1
2014   2 28  8 35 35 608106  -33.35078  -40.18424     5030  19.0  0  0  5 10 0 0 1 0 1 0 0 1 0 1 0 0 0 1
2014   2 28  8 35 35 620082  -33.62694  -39.02567     6122  46.3  1  0  5  9 0 0 1 1 0 0 0 1 0 0 1 0 0 1
2014   2 28  8 35 35 757811    6.06969  -73.34074    12364  58.9  1  0  6 14 0 0 1 1 1 0 0 1 0 0 1 0 0 1
2014   2 28  8 35 36 832625   -7.88452  -61.42747     3087  43.9  0  0  7 21 0 0 1 1 1 0 0 0 0 1 1 1 0 1
2014   2 28  8 35 38 163586  -39.73262  -66.70779     5396  78.5  2  0  7 18 0 0 1 1 1 0 0 0 0 1 1 1 0 1
2014   2 28  8 35 38 229260  -44.81975  -70.74065    27398  57.5  1  0  6 15 0 0 0 1 1 0 0 1 0 0 1 1 0 1
2014   2 28  8 35 38 287425  -40.13710  -66.81898     5023  77.0  2  0  7 20 0 0 1 1 1 0 0 1 0 1 0 1 0 1
2014   2 28  8 35 38 358723  -31.04267  -57.70264    76839  55.3  2  0  5  9 0 0 0 1 1 0 0 1 0 1 0 0 0 1
2014   2 28  8 35 39   4157   -9.32448    1.10090    23180  21.7  0  0  5 10 0 0 0 1 1 0 0 1 0 0 1 0 0 1
2014   2 28  8 35 39  59817   -8.06324    8.40324    37446  80.5  2  0  5 10 0 0 1 1 1 0 0 1 0 0 1 0 0 0
2014   2 28  8 35 39 835426    5.51890  -76.06287    11202  81.5  2  0  7 21 0 0 1 1 1 0 0 1 0 1 1 0 0 1
2014   2 28  8 35 40 553025  -21.63758 -140.48727    20978 105.7  2  0  7 21 0 0 1 1 1 0 0 1 0 0 1 1 0 1
2014   2 28  8 35 40 775711  -23.99546 -134.30659    40846  62.2  2  0  5 10 0 0 1 1 1 0 0 1 0 0 0 0 0 1
2014   2 28  8 35 42  55717  -14.58562  -43.77436     3608  46.9  1  0  5 10 0 0 0 1 1 0 0 1 0 0 1 0 0 1
2014   2 28  8 35 42 527792  -21.07302  -47.32825     3057  60.8  1  0  7 21 0 0 1 1 1 0 0 0 0 1 1 1 0 1
2014   2 28  8 35 42 604653   -1.51259  -86.31496    12351   4.5  0  0  4  6 0 0 0 1 0 0 0 1 0 1 1 0 0 0
2014   2 28  8 35 42 801219  -20.96652  -47.24862     3141  46.3  1  0  6 15 0 0 1 1 0 0 0 0 0 1 1 1 0 1
2014   2 28  8 35 42 991827  -33.58637  -38.71247     5139  66.1  1  0  7 19 0 0 1 1 1 0 0 0 0 1 1 1 0 1
2014   2 28  8 35 43 894295    3.19488    1.94808    16967 116.5  2  0  7 21 0 0 1 1 1 0 0 1 1 0 1 0 0 1
2014   2 28  8 35 44 636600   -3.51813  149.40131     8690  48.6  1  0  5 10 0 0 1 1 0 0 0 1 0 0 0 1 0 1
2014   2 28  8 35 44 847522  -21.55630  -45.94051     3147  18.2  0  0  5  7 0 0 0 1 1 0 0 1 0 0 1 0 0 1
2014   2 28  8 35 45 817739    8.91590  -73.12001     9135  23.6  0  0  5 10 0 0 1 1 1 0 0 1 0 0 1 0 0 0
2014   2 28  8 35 45 921229  -21.48148  -45.74205     2525  22.3  0  0  7 21 0 0 1 1 1 0 0 1 0 1 1 0 0 1
2014   2 28  8 35 46  75613  -33.82685  -39.03156     3607  27.4  0  0  6 15 0 0 1 1 1 0 0 1 0 1 1 0 0 0
2014   2 28  8 35 46  87201  -33.83770  -38.99089     3680  24.4  0  0  6 15 0 0 1 1 1 0 0 1 0 0 1 0 0 1
2014   2 28  8 35 47 278069    4.98997  150.20311     4578  22.8  0  0  7 21 0 0 1 0 1 0 0 1 0 0 1 1 1 1
2014   2 28  8 35 47 295612    4.51471  151.27531    19800  19.2  0  0  5 10 0 0 1 0 1 0 0 1 0 0 1 0 0 1
2014   2 28  8 35 47 317118    4.92949  150.23932     6134  43.3  0  0  7 21 0 0 1 1 1 0 0 1 0 1 0 1 0 1
2014   2 28  8 35 47 791723  -23.25846  -45.85022     2837  38.5  0  0  7 21 0 0 1 1 0 0 0 1 0 1 1 1 0 1
2014   2 28  8 35 47 945612  -15.50417  176.03055    27690  34.0  0  0  6 15 0 0 1 1 1 0 0 1 0 1 1 0 0 0
2014   2 28  8 35 48  28666  -13.60539  173.05125     6879  20.8  0  0  7 21 0 0 1 0 1 0 0 1 0 1 1 1 0 1
2014   2 28  8 35 48  75396  -11.68389  -72.93969     2755  20.2  0  0  7 21 0 0 1 1 1 0 0 0 0 1 1 1 0 1
2014   2 28  8 35 48 174032  -14.47301  174.44502    47151  15.3  0  0  4  6 0 0 1 0 0 0 0 1 0 0 1 0 0 1
2014   2 28  8 35 48 528364  -13.61766  173.15311     7526  24.2  0  0  7 21 0 0 1 0 1 0 0 1 0 1 1 1 0 1
2014   2 28  8 35 48 579423  -14.90448  175.07104    35007  18.2  0  0  5  9 0 0 1 0 1 0 0 1 0 0 1 0 0 1
2014   2 28  8 35 48 589450  -11.78196  -73.06532     3983  46.6  1  0  6 15 0 0 1 1 1 0 0 1 0 0 1 1 0 0
2014   2 28  8 35 48 727435  -13.62181  173.16019     9072  25.6  0  0  7 20 0 0 1 0 1 0 0 1 0 1 1 1 0 1
2014   2 28  8 35 49  62016   -1.20460  149.88351    11587  67.6  2  0  5 10 0 0 1 1 0 0 0 1 0 0 1 1 0 0
2014   2 28  8 35 49 232757  -21.92895  -47.85540     3641  50.1  1  0  6 11 0 0 1 1 1 0 0 1 0 1 0 0 0 1
2014   2 28  8 35 49 245265  -23.81012  -45.18124     3229  12.4  0  0  5 10 0 0 1 1 0 0 0 1 0 0 1 0 0 1
2014   2 28  8 35 50 265847   -4.74245  -71.82288     3623  43.5  0  0  7 21 0 0 1 0 1 0 0 1 0 1 1 1 0 1
2014   2 28  8 35 50 272686   -5.02552  -71.40868     6005  46.0  1  0  6 15 0 0 1 1 1 0 0 1 0 0 1 0 0 1
2014   2 28  8 35 50 520450  -21.07481 -141.50305     9270  37.5  0  0  7 21 0 0 1 1 1 0 0 0 0 1 1 1 0 1
2014   2 28  8 35 50 550057  -21.03550 -142.45155    13454  60.0  1  0  7 21 0 0 1 1 1 0 0 1 0 0 1 1 0 1
2014   2 28  8 35 50 585863  -10.72271  -56.18476     3110  15.8  0  0  5 10 0 0 1 0 1 0 0 0 0 0 1 1 0 1
2014   2 28  8 35 50 588544  -20.82369 -144.61728    21093  33.2  1  0  5 10 0 0 0 0 1 0 0 1 0 0 1 1 0 1
2014   2 28  8 35 50 614873  -21.03417 -142.44759    18119  65.8  2  0  6 15 0 0 1 1 1 0 0 1 0 0 1 1 0 0
2014   2 28  8 35 50 645996  -21.03665 -142.42880    13478  60.2  1  0  7 21 0 0 1 1 1 0 0 1 0 0 1 1 0 1
2014   2 28  8 35 51 369310    3.78255  -83.68082    11156  57.5  1  0  6 15 0 0 1 1 1 0 0 1 0 0 1 0 0 1
2014   2 28  8 35 51 385116  -21.71305 -140.70731    14296  66.1  1  0  7 21 0 0 1 1 1 0 0 1 0 0 1 1 0 1
2014   2 28  8 35 52 779120  -10.56009  -57.73751     4859  81.6  2  0  6 14 0 0 1 1 1 0 0 1 0 0 1 1 0 0
2014   2 28  8 35 52 787368  -10.46759  -57.59360     2932  41.0  0  0  7 21 0 0 1 1 1 0 0 0 0 1 1 1 0 1
2014   2 28  8 35 52 795687  -10.46925  -57.60004     2941  41.3  0  0  7 21 0 0 1 1 1 0 0 0 0 1 1 1 0 1
2014   2 28  8 35 52 946604    5.03347  -82.01582     9661  63.3  1  0  7 21 0 0 1 1 1 0 0 1 0 1 1 0 0 1
2014   2 28  8 35 52 947937  -10.78486  -57.54290     9266  51.0  2  0  5  8 0 0 0 0 1 0 0 1 0 1 1 0 0 1
2014   2 28  8 35 52 988507    4.82125  154.12157    14046  90.6  2  0  7 21 0 0 1 1 1 0 0 1 0 0 1 1 0 1
2014   2 28  8 35 53  98715    7.54942  -72.89882     5969  38.0  0  0  6 15 0 0 0 1 1 0 0 0 0 1 1 1 0 1
2014   2 28  8 35 54 103314  -34.24076  -37.28248     6035  65.0  2  0  6 15 0 0 1 1 1 0 0 1 0 0 1 0 0 1
2014   2 28  8 35 54 419336    5.65042  -72.32990     6458  82.6  2  0  6 15 0 0 1 1 1 0 0 1 0 0 0 1 0 1
2014   2 28  8 35 54 610277  -34.23867  -37.24226     5661  78.9  2  0  7 20 0 0 1 1 1 0 0 1 0 0 1 1 0 1
2014   2 28  8 35 54 915264  -34.11557  -37.40998     4189  47.9  0  0  7 21 0 0 1 1 1 0 0 0 0 1 1 1 0 1
2014   2 28  8 35 56 461533  -22.97909  -45.66245     4981  87.5  2  0  6 15 0 0 1 1 1 0 0 1 0 0 1 0 0 1
2014   2 28  8 35 56 677825  -11.80338  -72.52647     4942  92.1  2  0  7 20 0 0 1 1 1 0 0 1 0 1 0 1 0 1
2014   2 28  8 35 57 853090  -10.63853  163.38313    33844 113.4  2  0  6 13 0 0 1 1 1 0 0 0 0 1 1 1 0 0
2014   2 28  8 35 57 915681    3.66884    2.65551    27143  61.0  2  0  5  7 0 0 1 1 1 0 0 0 0 0 1 1 0 0
2014   2 28  8 35 58 184659  -21.63274  -50.18547     3534  85.9  2  0  7 19 0 0 1 1 1 0 0 0 0 1 1 1 0 1
2014   2 28  8 35 58 820059  -12.16438  -71.81236     5417 115.9  2  0  7 21 0 0 1 1 1 0 0 1 0 0 1 1 0 1
2014   2 28  8 35 59  24709  -10.68985  -72.66373     6322   4.2  0  0  4  6 0 0 1 1 0 0 0 0 0 0 1 0 0 1
2014   2 28  8 35 59 227954  -12.86530  171.89449    19315  78.0  2  0  6 15 0 0 1 0 1 0 0 1 0 0 1 1 0 1
2014   2 28  8 35 59 327000  -14.52744  177.19864    23204  89.4  2  0  7 21 0 0 1 1 1 0 0 0 0 1 1 1 0 1
2014   2 28  8 36  0 776066  -33.37767  -39.69297     3016   6.1  0  0  6 11 0 0 1 1 1 0 0 0 0 0 1 1 0 1
2014   2 28  8 36  0 807227  -33.38852  -39.69283     2650   9.5  0  0  7 21 0 0 1 1 1 0 0 0 0 1 1 1 0 1
2014   2 28  8 36  0 888451  -33.38409  -39.68573     2687   5.5  0  0  7 16 0 0 1 1 1 0 0 0 0 1 1 1 0 1
2014   2 28  8 36  0 944008  -33.41275  -39.69910     2927  19.5  0  0  7 21 0 0 1 1 1 0 0 1 0 1 1 0 0 1
2014   2 28  8 36  1 116950   -5.01431  145.14894     6884  17.5  0  0  4  6 0 0 1 0 0 0 0 1 0 0 1 1 0 0
2014   2 28  8 36  2 259835  -22.76907 -138.81403     5524  13.7  0  0  7 21 0 0 1 1 1 0 0 0 0 1 1 1 0 1
2014   2 28  8 36  2 269130  -22.81342 -138.61502    11697  11.9  0  0  4  6 0 0 1 1 1 0 0 0 0 0 0 1 0 0
2014   2 28  8 36  2 329910    2.52127    8.79515    18771  13.1  0  0  4  6 0 0 1 1 0 0 0 1 0 0 0 0 0 1
2014   2 28  8 36  2 906971   -4.03304  -71.74089     3604  30.8  0  0  6 15 0 0 1 0 1 0 0 1 0 1 0 1 0 1
2014   2 28  8 36  3  95191    0.87058  146.82298    22475  36.6  1  0  5 10 0 0 1 1 1 0 0 1 0 0 1 0 0 0
2014   2 28  8 36  3 305277  -20.78858  -48.27663     3293  35.0  0  0  6 11 0 0 0 1 1 0 0 1 0 1 1 0 0 1
2014   2 28  8 36  3 457552   -0.26391  148.59999    46978  36.1  1  0  5 10 0 0 1 0 1 0 0 1 0 0 1 0 0 1
2014   2 28  8 36  4 174276    5.69673  -72.20724     4385  42.4  1  0  6 15 0 0 1 1 1 0 0 1 0 0 0 1 0 1
2014   2 28  8 36  4 515193  -33.67987  -39.04484     3028  21.9  0  0  7 21 0 0 1 1 1 0 0 0 0 1 1 1 0 1
2014   2 28  8 36  4 537156  -33.74987  -38.88097     5399  48.3  1  0  6 11 0 0 1 1 1 0 0 1 0 0 1 0 0 1
2014   2 28  8 36  4 563458  -33.73521  -39.04146     4276  39.2  0  0  6 15 0 0 1 1 1 0 0 1 0 0 1 0 0 1
2014   2 28  8 36  4 580029  -32.88747  -40.21352     9654  34.8  0  0  6 15 0 0 0 0 1 0 0 1 0 1 1 1 0 1
2014   2 28  8 36  4 648815  -33.71919  -39.08456     4399  42.5  1  0  6 15 0 0 1 1 0 0 0 1 0 1 1 0 0 1
2014   2 28  8 36  4 723009  -33.67385  -39.02866     3052  22.9  0  0  7 21 0 0 1 1 1 0 0 0 0 1 1 1 0 1
2014   2 28  8 36  4 749093    4.41603  -73.91660     8490  41.5  1  0  5 10 0 0 0 1 1 0 0 1 0 0 0 1 0 1
2014   2 28  8 36  4 763208    4.44642  -73.52076     3931  43.1  0  0  7 21 0 0 1 1 1 0 0 1 0 0 1 1 0 1
2014   2 28  8 36  4 928016  -33.71810  -38.95645     3141   7.5  0  0  5 10 0 0 1 1 1 0 0 0 0 0 1 0 0 1
2014   2 28  8 36  5  14120  -33.68023  -39.30211     6275  35.0  1  0  5 10 0 0 1 0 1 0 0 1 0 0 1 0 0 1
2014   2 28  8 36  5  72297  -33.70414  -39.09192     3858  42.3  0  0  7 21 0 0 1 1 1 0 0 1 0 1 1 0 0 1
2014   2 28  8 36  5 147727  -33.77946  -38.93585     5496  42.8  1  0  5 10 0 0 1 1 0 0 0 1 0 0 1 0 0 1
2014   2 28  8 36  5 325297  -33.65994  -39.17780     5102  54.6  1  0  6 15 0 0 1 1 1 0 0 1 0 1 0 1 0 0
2014   2 28  8 36  5 425784  -33.67549  -38.97575     3177  22.6  0  0  7 19 0 0 1 1 1 0 0 0 0 1 1 1 0 1
2014   2 28  8 36  5 470089  -33.71622  -38.94138     3185   8.7  0  0  5 10 0 0 1 1 1 0 0 0 0 0 1 0 0 1
2014   2 28  8 36  6 172982    3.02749  -85.31544     8823  29.2  0  0  5 10 0 0 1 0 1 0 0 1 0 0 1 0 0 1
2014   2 28  8 36  6 296710  -21.49927  -45.90142     3485  29.9  0  0  5 10 0 0 1 1 1 0 0 0 0 0 1 0 0 1
2014   2 28  8 36  6 610555  -21.71132 -141.56456    24586  60.3  1  0  7 21 0 0 0 1 1 0 0 1 0 1 1 1 0 1
2014   2 28  8 36  6 849965  -21.58590  -45.83747     3931  44.4  1  0  5 10 0 0 1 1 1 0 0 1 0 0 0 0 0 1
2014   2 28  8 36  6 956131  -21.56157  -45.80434     3420  31.8  1  0  5 10 0 0 1 1 0 0 0 1 0 0 1 0 0 1
2014   2 28  8 36  7 172417  -23.14946 -136.95197    18078  46.2  0  0  7 21 0 0 1 1 1 0 0 1 0 1 1 0 0 1
2014   2 28  8 36  7 318285  -23.12399 -137.05171    25723  51.3  1  0  6 15 0 0 1 1 1 0 0 1 0 0 1 0 0 1
2014   2 28  8 36  8 173684  -23.00467 -137.08183     9585  42.7  0  0  7 21 0 0 1 1 1 0 0 0 0 1 1 1 0 1
2014   2 28  8 36  9 413500   -3.66659  144.45497    12411  48.8  1  0  5 10 0 0 1 1 1 0 0 0 0 0 0 1 0 1
2014   2 28  8 36  9 522684  -23.56084  -45.51595     3960  77.4  2  0  7 20 0 0 1 1 0 0 0 1 0 1 1 1 0 1
2014   2 28  8 36  9 561758  -23.44447  -45.58258     4595  43.5  1  0  5 10 0 0 1 1 1 0 0 0 0 0 1 0 0 1
2014   2 28  8 36  9 582821  -23.64549  -45.38959     5143  72.6  2  0  6 15 0 0 1 1 1 0 0 1 0 0 1 0 0 1
2014   2 28  8 36 10 896981   -2.33633  150.45244     8485  73.6  2  0  7 21 0 0 1 0 1 0 0 1 0 1 1 1 0 1
2014   2 28  8 36 11 950939   -8.99387   -1.09311    19197  17.4  0  0  5 10 0 0 0 1 1 0 0 1 0 0 1 0 0 1
2014   2 28  8 36 13 316314  -21.34018 -141.43713    30356 120.5  2  0  6 15 0 0 1 1 1 0 0 1 0 0 1 1 0 0
2014   2 28  8 36 13 361700  -21.33659 -141.42114    30146 119.5  2  0  6 15 0 0 1 1 1 0 0 1 0 0 1 1 0 0
2014   2 28  8 36 13 382602  -21.34107 -141.49219    30021 119.0  2  0  6 15 0 0 1 1 0 0 0 1 0 0 1 1 0 1
2014   2 28  8 36 13 737643  -21.39165  -46.87470     3927 102.5  2  0  7 21 0 0 1 1 1 0 0 1 0 0 1 1 0 1
2014   2 28  8 36 14 420553  -21.53508  -46.48069     3445  12.6  0  0  4  6 0 0 1 1 1 0 0 1 0 0 0 0 0 0
2014   2 28  8 36 14 532339    9.05529  -72.86789    10062 114.5  2  0  6 11 0 0 1 1 0 0 0 1 0 0 1 1 0 1
2014   2 28  8 36 15 475872  -18.53657 -140.31522    23641  65.8  2  0  5 10 0 0 1 0 1 0 0 0 0 0 1 1 0 1
2014   2 28  8 36 15 568476  -11.03505  -71.48631     4378  58.5  1  0  6 15 0 0 1 1 1 0 0 0 0 0 1 1 0 1
2014   2 28  8 36 15 717244   -4.16761  172.62270    29207 169.8  2  0  7 21 0 0 1 1 1 0 0 1 0 1 1 1 0 0
2014   2 28  8 36 16  15683  -21.97003 -140.56050     9238  16.7  0  0  5 10 0 0 1 1 0 0 0 1 0 0 1 1 0 0
2014   2 28  8 36 16 192064   -1.47195    4.11036    10190   2.8  0  0  5  9 0 0 1 1 1 0 0 1 0 0 0 0 0 1
2014   2 28  8 36 16 221188  -12.49828  -71.68695     2553   7.6  0  0  6 15 0 0 1 1 1 0 0 0 0 0 1 1 0 1
2014   2 28  8 36 16 510388  -25.48148  -44.27896     3178   2.1  0  0  5 10 0 0 1 0 0 0 0 0 0 1 1 1 0 1
2014   2 28  8 36 16 540243  -25.51851  -44.22654     2629  14.7  0  0  7 21 0 0 0 1 1 0 0 1 0 1 1 1 0 1
2014   2 28  8 36 16 552513  -25.50701  -44.23332     2635  14.9  0  0  7 21 0 0 0 1 1 0 0 1 0 1 1 1 0 1
2014   2 28  8 36 16 708572  -33.58060  -39.43916     3705  15.7  0  0  6 15 0 0 1 0 1 0 0 1 0 0 1 1 0 1
2014   2 28  8 36 16 748865  -33.61161  -39.28619     3337  18.3  0  0  6 15 0 0 1 1 1 0 0 1 0 0 1 0 0 1
2014   2 28  8 36 16 811357  -33.61570  -39.30855     2974  18.6  0  0  7 21 0 0 1 1 1 0 0 1 0 1 1 0 0 1
2014   2 28  8 36 16 964000  -33.65347  -39.32114     3371  19.1  0  0  6 15 0 0 1 1 1 0 0 1 0 0 1 0 0 1
2014   2 28  8 36 17 105643  -33.60329  -39.27230     2874  10.4  0  0  6 15 0 0 1 1 1 0 0 0 0 1 1 0 0 1
2014   2 28  8 36 17 114429  -33.60463  -39.30594     3244   8.7  0  0  5 10 0 0 1 1 1 0 0 0 0 0 1 0 0 1
2014   2 28  8 36 17 438987   -3.78654  -71.36224     2875  22.5  0  0  7 21 0 0 1 1 1 0 0 1 0 1 1 1 0 0
2014   2 28  8 36 17 460755  -34.45667  -38.83136    16281  18.3  0  0  4  6 0 0 0 1 0 0 0 1 0 1 0 0 0 1
2014   2 28  8 36 17 541241  -33.62829  -39.24860     3462  21.3  0  0  6 15 0 0 1 1 1 0 0 1 0 0 1 0 0 1
2014   2 28  8 36 17 792835  -33.52864  -39.43333     3541  25.6  0  0  6 15 0 0 1 1 0 0 0 1 0 1 1 0 0 1
2014   2 28  8 36 17 875183  -33.49299  -39.41002     3261  12.5  0  0  5 10 0 0 1 1 0 0 0 0 0 1 1 0 0 1
2014   2 28  8 36 17 934854  -33.53865  -39.44357     3513  23.0  0  0  6 15 0 0 1 1 1 0 0 1 0 0 1 0 0 1
2014   2 28  8 36 17 946854  -33.72326  -39.27312     6468  22.9  0  0  5 10 0 0 0 1 1 0 0 1 0 0 1 0 0 1
2014   2 28  8 36 17 959069  -33.55027  -39.43960     3489  22.6  0  0  6 15 0 0 1 1 1 0 0 1 0 0 1 0 0 1
2014   2 28  8 36 17 966770  -33.55907  -39.36042     3534  23.2  0  0  6 15 0 0 1 1 1 0 0 1 0 0 1 0 0 1
2014   2 28  8 36 18  85493  -33.66364  -39.19431     5702  27.2  1  0  4  6 0 0 1 1 0 0 0 1 0 0 1 0 0 0
2014   2 28  8 36 18 174474  -33.47121  -39.69898     5081  16.0  0  0  4  6 0 0 1 0 0 0 0 1 0 0 1 0 0 1
2014   2 28  8 36 18 193991  -33.41995  -39.55539     3578  24.6  0  0  6 15 0 0 1 1 1 0 0 1 0 0 1 0 0 1
2014   2 28  8 36 18 266179  -33.51490  -39.47118     3567  24.2  0  0  6 15 0 0 1 1 1 0 0 1 0 0 1 0 0 1
2014   2 28  8 36 18 293447  -33.51583  -39.48890     4422  27.2  0  0  5 10 0 0 1 1 0 0 0 1 0 0 1 0 0 1
2014   2 28  8 36 18 390341  -20.60994  -46.35035     2614  30.0  0  0  7 20 0 0 1 1 0 0 0 1 0 1 1 1 0 1
2014   2 28  8 36 21 769187   -4.40997  144.40305     6868  34.8  1  0  5 10 0 0 0 0 1 0 0 1 0 1 1 1 0 0
2014   2 28  8 36 22 314745    9.32694  140.38210     8320  40.3  1  0  6 11 0 0 1 0 1 0 0 1 0 1 1 1 0 0
2014   2 28  8 36 22 330568    9.14226  142.84567   237921  23.4  1  0  4  6 0 0 1 0 0 0 0 1 0 0 1 1 0 0
2014   2 28  8 36 22 735925    0.62016    0.56668    17571  38.1  0  0  6 15 0 0 1 1 1 0 0 1 0 0 1 0 0 1
2014   2 28  8 36 23  46182    0.88707  -91.21132    34279  31.9  1  0  4  6 0 0 0 1 0 0 0 1 0 0 1 0 0 1
2014   2 28  8 36 23 194022    4.43133    5.60170    24965  17.5  0  0  4  6 0 0 1 0 0 0 0 1 0 0 1 0 0 1
2014   2 28  8 36 23 698903   -4.85343  -71.93147     3745  52.4  1  0  7 21 0 0 1 0 1 0 0 1 0 0 1 1 1 1
2014   2 28  8 36 23 719491   -4.83576  -71.71472     4811  64.7  2  0  6 15 0 0 1 1 0 0 0 1 0 0 1 1 0 1
2014   2 28  8 36 23 775518   -4.84931  -71.67947     4493  70.1  2  0  7 20 0 0 1 1 1 0 0 1 0 1 1 1 0 0
2014   2 28  8 36 23 868474   -4.89448  -71.82387     5809  66.4  1  0  7 21 0 0 0 1 1 0 0 1 0 1 1 1 0 1
2014   2 28  8 36 24 112095  -21.43012  -46.22405     3322  71.4  2  0  7 20 0 0 0 1 1 0 0 1 0 1 1 1 0 1
2014   2 28  8 36 24 132437  -21.43189  -46.22494     3217  69.7  1  0  7 21 0 0 0 1 1 0 0 1 0 1 1 1 0 1
2014   2 28  8 36 24 156003  -21.43350  -46.22597     3215  69.7  1  0  7 21 0 0 0 1 1 0 0 1 0 1 1 1 0 1
2014   2 28  8 36 24 191440  -21.47678  -46.03888     3676  39.3  1  0  5 10 0 0 1 1 0 0 0 1 0 0 1 0 0 1
2014   2 28  8 36 24 211194  -21.49601  -46.04939     3374  42.6  1  0  6 15 0 0 1 1 1 0 0 1 0 0 1 0 0 1
2014   2 28  8 36 24 246056  -21.42170  -46.23960     3182  67.2  1  0  7 21 0 0 1 1 1 0 0 1 0 1 0 1 0 1
2014   2 28  8 36 24 293924  -21.44305  -46.24610     3884  66.4  1  0  7 16 0 0 1 0 1 0 0 1 0 1 1 0 1 1
2014   2 28  8 36 24 357741  -21.39022  -46.12606     3674  33.0  1  0  5 10 0 0 1 1 1 0 0 0 0 0 1 0 0 1
2014   2 28  8 36 25 384783   -8.53563    0.96876    20235  15.7  0  0  5 10 0 0 0 1 1 0 0 1 0 0 1 0 0 1
2014   2 28  8 36 26 513978  -21.57511  -45.74968     4695  61.1  2  0  5 10 0 0 1 1 1 0 0 1 0 0 0 0 0 1
2014   2 28  8 36 27 388386   -0.07830   -1.72940    26367  64.9  2  0  6 15 0 0 1 1 1 0 0 1 0 0 1 0 0 1
2014   2 28  8 36 27 491909   -2.23121   -8.97132    20889   4.7  0  0  4  6 0 0 0 1 0 0 0 1 0 0 1 0 0 1
2014   2 28  8 36 27 839527  -23.52667 -135.08574    38278  57.5  2  0  5 10 0 0 1 1 1 0 0 1 0 0 0 0 0 1
2014   2 28  8 36 30  66619    5.72116  -71.75829     4756  64.3  1  0  7 20 0 0 1 1 1 0 0 0 0 1 1 1 0 1
2014   2 28  8 36 30 195131  -33.58799  -38.67382     8773  69.8  2  0  6 15 0 0 1 0 1 0 0 0 0 1 1 1 0 1
2014   2 28  8 36 30 211101  -33.75854  -38.63108     6618  81.4  2  0  6 15 0 0 1 1 1 0 0 1 0 0 1 0 0 1
2014   2 28  8 36 30 251190  -33.70767  -38.52282     3835  20.5  0  0  5 10 0 0 1 1 1 0 0 0 0 0 1 0 0 1
2014   2 28  8 36 30 463381  -33.71087  -38.52803     3859  20.9  0  0  5 10 0 0 1 1 1 0 0 0 0 0 1 0 0 1
2014   2 28  8 36 30 615297  -33.77822  -38.55575     6733  83.1  2  0  6 15 0 0 1 1 1 0 0 1 0 0 1 0 0 1
2014   2 28  8 36 30 679386  -10.80770 -156.62456    75720  30.0  0  0  5 10 0 0 1 1 1 0 0 0 0 0 1 0 0 1
2014   2 28  8 36 30 711045    2.46727  -83.81194     5830  70.4  2  0  7 21 0 0 1 1 1 0 0 0 0 1 1 1 0 1
2014   2 28  8 36 32 920898  -14.35510  175.18530    19102   9.6  0  0  5  7 0 0 1 1 1 0 0 0 0 0 0 1 0 1
2014   2 28  8 36 32 932974  -14.25908  174.97096    18432  20.1  0  0  5  9 0 0 1 1 1 0 0 0 0 0 1 1 0 0
2014   2 28  8 36 33  56620  -14.37848  175.24928    17141   6.3  0  0  4  6 0 0 1 1 1 0 0 0 0 0 0 1 0 0
2014   2 28  8 36 33 605307  -10.23878  161.24530     5563  15.8  0  0  6 15 0 0 1 0 0 0 0 1 0 1 1 1 0 1
2014   2 28  8 36 33 659227  -33.36409  -39.77242     3712  26.2  0  0  7 21 0 0 1 0 1 0 0 1 0 1 1 1 0 1
2014   2 28  8 36 33 670352  -33.40085  -39.62024     3281  11.7  0  0  5 10 0 0 1 1 1 0 0 0 0 0 1 0 0 1
2014   2 28  8 36 33 757429    2.20611  -69.06789     2906  17.9  0  0  7 21 0 0 0 0 1 0 0 1 0 1 1 1 1 1
2014   2 28  8 36 33 787938    2.20214  -69.04161     3337  23.7  0  0  7 21 0 0 0 1 1 0 0 1 0 1 1 1 0 1
2014   2 28  8 36 33 834530  -33.41149  -39.64218     3544  25.2  0  0  6 15 0 0 1 1 1 0 0 1 0 0 1 0 0 1
2014   2 28  8 36 33 929965  -13.73368  173.38393     7498  26.4  0  0  7 21 0 0 1 1 1 0 0 1 0 1 0 1 0 1
2014   2 28  8 36 34  92377  -29.51123 -133.13922    12804  23.6  0  0  5  9 0 0 1 1 1 0 0 0 0 0 1 1 0 0
2014   2 28  8 36 34 185316  -15.32090  176.00336    27394  25.9  0  0  6 15 0 0 1 1 1 0 0 1 0 0 1 0 0 1
2014   2 28  8 36 35  13117  -15.99570  176.99803    28826  16.4  0  0  5 10 0 0 1 1 1 0 0 1 0 0 0 0 0 1
2014   2 28  8 36 35  83444  -15.64007  176.49234    46851  34.8  1  0  5 10 0 0 1 1 0 0 0 1 0 0 1 0 0 1
2014   2 28  8 36 35 184892  -34.20736  -37.56525     3718  36.1  0  0  7 21 0 0 1 1 1 0 0 1 0 0 1 1 0 1
2014   2 28  8 36 35 194026  -34.23583  -37.53440     3948  29.3  0  0  6 15 0 0 1 1 1 0 0 1 0 0 1 0 0 1
2014   2 28  8 36 35 218015  -11.71269  -73.00121     3165  34.5  0  0  7 20 0 0 1 1 1 0 0 1 0 1 1 1 0 0
2014   2 28  8 36 35 301383  -34.26371  -37.54654     5843  32.8  1  0  5 10 0 0 1 1 1 0 0 1 0 0 0 0 0 1
2014   2 28  8 36 35 478127  -10.62266  -57.61213     3284  40.5  1  0  6 15 0 0 1 1 1 0 0 1 0 0 1 1 0 0
2014   2 28  8 36 35 487852  -10.61438  -57.60321     3355  34.9  0  0  7 17 0 0 0 1 1 0 0 1 0 1 1 1 0 1
2014   2 28  8 36 35 531056  -34.21582  -37.55784     8955  33.3  1  0  5 10 0 0 0 1 1 0 0 1 0 0 1 0 0 1
2014   2 28  8 36 35 641792  -13.50240  173.03044     9549  21.8  0  0  5 10 0 0 1 0 0 0 0 1 0 0 1 1 0 1
2014   2 28  8 36 36 128262  -33.52093  -39.33842     7597  48.7  1  0  5 10 0 0 1 0 1 0 0 1 0 0 1 1 0 0
2014   2 28  8 36 36 194378  -33.55260  -39.36396     5839  30.9  1  0  5 10 0 0 1 0 1 0 0 1 0 0 1 0 0 1
2014   2 28  8 36 36 221950  -23.68324  -45.43158     4985  44.7  1  0  5 10 0 0 0 1 1 0 0 1 0 0 1 0 0 1
2014   2 28  8 36 36 277948  -33.33064  -39.36172     5244  25.6  0  0  6 15 0 0 0 1 1 0 0 0 0 1 1 1 0 1
2014   2 28  8 36 36 460470  -33.59930  -39.15756     9276  39.7  1  0  5 10 0 0 0 1 1 0 0 1 0 0 1 0 0 1
2014   2 28  8 36 36 556801    6.91354  -77.17653     4273  41.9  0  0  7 20 0 0 1 1 1 0 0 1 0 0 1 1 0 1
2014   2 28  8 36 36 584832    6.92390  -77.18324     4593  45.3  0  0  7 20 0 0 1 1 1 0 0 1 0 1 1 1 0 0
2014   2 28  8 36 36 645455    6.86756  -76.96869     3768  26.8  0  0  7 17 0 0 1 1 1 0 0 0 0 1 1 1 0 1
2014   2 28  8 36 36 740345   -3.69963  -71.23998     3291  25.1  0  0  6 15 0 0 1 1 1 0 0 0 0 0 1 1 0 1
2014   2 28  8 36 36 849554   -3.73461  -71.40239     6797  55.1  2  0  5 10 0 0 0 1 0 0 0 1 0 1 1 1 0 0
2014   2 28  8 36 36 997190    6.90611  -77.26836     4802  39.6  0  0  7 18 0 0 1 0 1 0 0 1 0 1 1 1 0 1
2014   2 28  8 36 37  92920    2.09571   -1.58125    18295  26.9  0  0  5 10 0 0 1 1 1 0 0 1 0 0 0 0 0 1
2014   2 28  8 36 37 265556    2.21866   -1.43441    18322  38.7  0  0  6 15 0 0 1 1 1 0 0 1 0 0 1 0 0 1
2014   2 28  8 36 37 548621    4.65338  -73.63204     6960  58.5  1  0  6 11 0 0 1 1 0 0 0 1 0 0 1 1 0 1
2014   2 28  8 36 37 588686    4.48452  -73.73446     7485  39.5  1  0  5  9 0 0 0 0 1 0 0 1 0 0 1 1 0 1
2014   2 28  8 36 38  47841  -22.95721  -45.76217     3682  51.8  1  0  6 15 0 0 1 1 1 0 0 1 0 0 1 0 0 1
2014   2 28  8 36 38 145226    2.50834   -1.37517    21949  31.9  1  0  5 10 0 0 1 0 1 0 0 1 0 0 1 0 0 1
2014   2 28  8 36 38 268515  -21.43554  -46.77914     3009  57.8  1  0  7 21 0 0 1 1 0 0 0 0 0 1 1 1 1 1
2014   2 28  8 36 39 352993   -7.38074    7.63214    18985  38.3  1  0  5 10 0 0 1 1 1 0 0 1 0 0 0 0 0 1
2014   2 28  8 36 39 600128   -7.59948    1.40130    20084  18.2  0  0  5 10 0 0 0 1 1 0 0 1 0 0 1 0 0 1
2014   2 28  8 36 40 265053   -4.79343  -72.14337     5211  74.5  2  0  6 15 0 0 1 1 1 0 0 1 0 0 1 1 0 0
2014   2 28  8 36 40 821154  -10.91061  -56.11473     4392  25.4  0  0  5  8 0 0 0 1 1 0 0 1 0 0 1 0 0 1
2014   2 28  8 36 40 890118   -4.75717  -72.14384     4395  72.1  2  0  7 21 0 0 1 1 1 0 0 1 0 0 1 1 0 1
2014   2 28  8 36 41 306361   -3.67987  -71.38585     7717  82.1  2  0  6 15 0 0 0 1 1 0 0 1 0 0 1 1 0 1
2014   2 28  8 36 43  57555    4.59181  -73.29120     5789  87.3  2  0  7 20 0 0 1 1 1 0 0 1 0 0 1 1 0 1
2014   2 28  8 36 43 159803   -0.95402  149.99110     5968   2.7  0  0  4  6 0 0 1 0 0 0 0 1 0 0 1 1 0 0
2014   2 28  8 36 43 242282  -21.37814  -46.91661     3656  87.8  2  0  7 21 0 0 1 1 1 0 0 1 0 0 1 1 0 1
2014   2 28  8 36 43 251813  -21.46930  -46.80001     3743  57.8  1  0  6 15 0 0 1 1 1 0 0 1 0 0 1 0 0 1
2014   2 28  8 36 43 253590  -21.55774 -140.62361    25673 102.6  2  0  6 15 0 0 1 1 0 0 0 1 0 0 1 1 0 1
2014   2 28  8 36 43 259042  -21.07904 -142.98328     9677   3.9  0  0  4  6 0 0 1 0 0 0 0 1 0 0 1 1 0 0
2014   2 28  8 36 43 278470  -21.33628 -141.95052    26101  72.0  2  0  5 10 0 0 1 0 1 0 0 1 0 0 1 1 0 0
2014   2 28  8 36 43 929946  -21.02859 -143.13913     9695   4.1  0  0  4  6 0 0 1 0 0 0 0 1 0 0 1 1 0 0
2014   2 28  8 36 44 199397  -30.73543  -40.97940    11806  80.9  2  0  5 10 0 0 0 1 1 0 0 1 0 0 1 0 0 1
2014   2 28  8 36 44 350546  -30.88867  -40.78866     6380  61.5  2  0  5 10 0 0 1 1 0 0 0 1 0 0 1 0 0 1
2014   2 28  8 36 44 654537  -30.66057  -40.98269     5587  73.7  2  0  6 15 0 0 1 1 1 0 0 1 0 0 1 0 0 1
2014   2 28  8 36 46  33415    1.86089  -69.85681    18920  49.5  1  0  5 10 0 0 0 1 1 0 0 1 0 0 1 0 0 1
2014   2 28  8 36 46 890214    3.01509  -84.22150     6124  72.6  2  0  7 21 0 0 1 1 1 0 0 0 0 1 1 1 0 1
2014   2 28  8 36 46 941947    2.07731  -83.63587    18355 109.7  2  0  6 15 0 0 1 1 1 0 0 1 0 0 1 0 0 1
2014   2 28  8 36 46 982529    3.05165  -84.69327     8243 115.2  2  0  7 21 0 0 1 1 1 0 0 1 0 0 1 1 0 1
2014   2 28  8 36 47  43202    3.01375  -84.21895     6145  73.0  2  0  7 21 0 0 1 1 1 0 0 0 0 1 1 1 0 1
2014   2 28  8 36 47 556526   -4.07459  145.04965     6264  13.4  0  0  4  6 0 0 1 0 0 0 0 1 0 0 1 1 0 0
2014   2 28  8 36 47 753631  -21.52613 -128.52219    21641  23.5  0  0  5 10 0 0 0 1 1 0 0 0 0 0 1 1 0 1
2014   2 28  8 36 48 288105   -5.04374  145.43498     6459  12.6  0  0  4  6 0 0 1 0 0 0 0 1 0 0 1 1 0 0
2014   2 28  8 36 48 798989  -10.28803  163.48439    26584  23.1  0  0  5  9 0 0 1 1 1 0 0 0 0 0 1 1 0 0
2014   2 28  8 36 49 192131   -4.15540  148.86124     5165  27.1  0  0  6 15 0 0 1 1 1 0 0 1 0 0 1 1 0 0
2014   2 28  8 36 49 357540  -33.70610  -39.21608     4558  24.5  0  0  5  9 0 0 1 1 0 0 0 1 0 1 0 1 0 0
2014   2 28  8 36 49 377174  -33.75264  -39.08263     5989  19.7  0  0  5 10 0 0 0 1 1 0 0 1 0 0 1 0 0 1
2014   2 28  8 36 49 404387  -33.65885  -39.20729     4431  21.9  0  0  7 21 0 0 0 1 1 0 0 1 0 1 1 1 0 1
2014   2 28  8 36 49 434209  -33.73591  -39.10116     2983  18.6  0  0  7 21 0 0 1 1 1 0 0 1 0 0 1 1 0 1
2014   2 28  8 36 49 518604  -33.72879  -39.16384     4438  17.6  0  0  5 10 0 0 1 0 1 0 0 1 0 0 1 0 0 1
2014   2 28  8 36 49 529765  -33.72503  -39.07508     2899   5.5  0  0  6 15 0 0 1 1 1 0 0 0 0 0 1 1 0 1
2014   2 28  8 36 49 619842  -33.70493  -39.20610     3258  21.8  0  0  7 21 0 0 1 1 1 0 0 1 0 1 0 1 0 1
2014   2 28  8 36 49 877760  -33.78173  -39.05328     6413  22.5  0  0  5 10 0 0 0 1 1 0 0 1 0 0 1 0 0 1
2014   2 28  8 36 50  26765  -33.75142  -39.03948     3039   3.4  0  0  5 10 0 0 1 1 1 0 0 0 0 0 1 0 0 1
2014   2 28  8 36 50 120441  -33.80705  -39.01939     3942  30.9  0  0  7 16 0 0 1 1 1 0 0 1 0 0 1 1 0 1
2014   2 28  8 36 50 260669  -33.77480  -39.04022     6739  24.8  0  0  5 10 0 0 0 1 1 0 0 1 0 0 1 0 0 1
2014   2 28  8 36 51  34313  -22.01211  -47.59920     2679  35.1  0  0  7 21 0 0 1 0 1 0 0 1 0 1 1 1 0 1
2014   2 28  8 36 51  42108   -7.00011    8.55980     9956  21.9  0  0  6 15 0 0 1 1 1 0 0 1 0 0 1 0 0 1
2014   2 28  8 36 51 181983  -20.89380  -46.40363     2700  36.9  0  0  7 21 0 0 0 1 1 0 0 1 0 1 1 1 0 1
2014   2 28  8 36 51 349136  -20.96245  -46.23601     2528  12.2  0  0  6 15 0 0 1 1 1 0 0 1 0 0 1 0 0 1
2014   2 28  8 36 51 355740  -20.92366  -46.50388     3998  34.2  1  0  5 10 0 0 1 0 1 0 0 1 0 1 1 0 0 0
2014   2 28  8 36 51 563327   -5.76493  -50.48186     4599  77.6  2  0  6 14 0 0 1 1 0 0 0 1 0 0 1 1 0 1
2014   2 28  8 36 51 659915    0.96967    1.40639    13817  27.7  0  0  6 14 0 0 1 1 1 0 0 1 0 0 1 0 0 1
2014   2 28  8 36 51 941427   -5.14797  -71.42076     4418  28.8  0  0  6 15 0 0 1 0 1 0 0 1 0 1 1 0 0 1
2014   2 28  8 36 52  67161   -5.10614  -71.42656     4737  30.0  0  0  6 15 0 0 1 1 1 0 0 1 0 0 1 0 0 1
2014   2 28  8 36 52 131358  -20.65143  -46.19059     2872  17.5  0  0  5 10 0 0 0 1 1 0 0 1 0 0 1 0 0 1
2014   2 28  8 36 52 146443   -4.81202  -71.58851     4372  51.4  1  0  6 12 0 0 1 1 1 0 0 0 0 0 1 1 0 1
2014   2 28  8 36 52 193738   -4.88621  -71.68563     3774  39.5  0  0  6 15 0 0 1 1 1 0 0 1 0 0 1 1 0 0
2014   2 28  8 36 52 227445   -4.90233  -71.70848     3399  39.6  0  0  7 21 0 0 1 0 1 0 0 1 0 1 1 1 0 1
2014   2 28  8 36 52 278364   -4.90654  -71.72510     3588  51.9  1  0  7 21 0 0 1 1 0 0 0 1 0 1 1 1 1 0
2014   2 28  8 36 52 304412  -23.45016  -45.57293     2737  17.6  0  0  6 15 0 0 1 1 1 0 0 0 0 1 1 0 0 1
2014   2 28  8 36 52 375823   -4.89930  -71.68904     4519  43.4  1  0  5 10 0 0 1 1 1 0 0 1 0 0 0 1 0 0
2014   2 28  8 36 52 464072  -23.58434  -45.49584     3647  37.2  0  0  6 15 0 0 1 1 1 0 0 1 0 0 1 0 0 1
2014   2 28  8 36 52 584785   -4.86551  -71.54812     4704  27.2  1  0  4  6 0 0 1 1 0 0 0 0 0 0 1 1 0 0
2014   2 28  8 36 52 655427   -5.23990  -71.25416     7291  41.4  1  0  5 10 0 0 1 1 0 0 0 1 0 1 1 0 0 0
2014   2 28  8 36 53 241386   -4.83715  -71.35876     5271  32.4  1  0  5 10 0 0 0 1 1 0 0 0 0 1 1 1 0 0
2014   2 28  8 36 53 252567  -25.94979 -175.48154    18687  35.8  1  0  5 10 0 0 0 1 1 0 0 1 0 0 0 1 0 1
2014   2 28  8 36 53 491982  -25.99623 -175.50005    24473  39.9  1  0  5 10 0 0 0 1 1 0 0 1 0 1 0 1 0 0
2014   2 28  8 36 53 713136  -12.88444  171.30188    11495  15.9  0  0  4  6 0 0 1 0 0 0 0 1 0 0 1 1 0 0
2014   2 28  8 36 54 353298   -7.82445  -38.52273     3784  22.8  0  0  7 20 0 0 1 1 1 0 0 1 0 0 1 1 0 1
2014   2 28  8 36 54 660468   -3.78171  -71.62033     6600  67.9  2  0  6 15 0 0 0 1 1 0 0 1 0 1 1 1 0 0
2014   2 28  8 36 54 681913   -3.73484  -71.56851     7684  64.5  2  0  5 10 0 0 0 1 0 0 0 1 0 0 1 1 0 1
2014   2 28  8 36 54 756338  -21.45738  -46.21628     3123  62.9  1  0  7 21 0 0 1 1 0 0 0 1 0 1 1 1 0 1
2014   2 28  8 36 55 241903   -4.16078  -72.59401    17760 125.2  2  0  6 11 0 0 0 1 0 0 0 1 0 1 0 1 1 1
2014   2 28  8 36 55 271844   -3.85749  -71.78882     6404  61.0  2  0  6 15 0 0 0 0 1 0 0 1 0 1 1 1 0 1
2014   2 28  8 36 55 296857   -3.09802  -71.75527    31599  46.6  1  0  5 10 0 0 1 0 1 0 0 0 0 1 1 0 0 1
2014   2 28  8 36 55 410543  -21.50714  -46.13454     3710  35.6  1  0  5  9 0 0 1 1 1 0 0 1 0 0 0 0 0 1
2014   2 28  8 36 55 643327   -3.78107  -71.32870     3410  42.8  0  0  7 21 0 0 1 1 1 0 0 0 0 1 1 1 0 1
2014   2 28  8 36 56 230888    7.49847  -73.56607     5616  67.7  1  0  7 19 0 0 1 1 1 0 0 1 0 1 0 1 0 1
2014   2 28  8 36 56 292571    7.48146  -72.89931     7104  45.6  1  0  6 14 0 0 0 1 1 0 0 0 0 1 1 1 0 1
2014   2 28  8 36 57  69137  -33.75263  -38.79675     5101  55.4  1  0  6 15 0 0 1 1 1 0 0 1 0 0 1 0 0 1
2014   2 28  8 36 58  93189  -11.63157  -72.84304     7561  83.5  2  0  7 20 0 0 0 1 1 0 0 1 0 1 1 1 0 1
2014   2 28  8 36 58 164393  -21.72725 -140.23222    17204  85.6  2  0  7 21 0 0 1 1 1 0 0 1 0 0 1 1 0 1
2014   2 28  8 36 58 484334  -21.92877  -50.36326     5019 107.4  2  0  6 13 0 0 1 1 0 0 0 1 0 1 1 0 0 1
2014   2 28  8 36 59 592479  -21.56648  -45.59451     3835  58.8  1  0  6 15 0 0 1 1 1 0 0 1 0 0 1 0 0 1
2014   2 28  8 36 59 868493  -21.40956  -45.66638     3501  15.9  0  0  4  6 0 0 1 1 0 0 0 0 0 0 1 0 0 1
2014   2 28  8 36 59 946913  -12.59628  -71.31894     7217  59.9  2  0  5 10 0 0 1 0 1 0 0 1 0 0 1 0 0 1
2014   2 28  8 37  0 653287  -12.12046  -71.44584     4382  58.8  1  0  6 15 0 0 1 1 1 0 0 0 0 0 1 1 0 1
2014   2 28  8 37  1  68712  -23.26497  -45.70126     5627  92.4  2  0  6 15 0 0 1 1 1 0 0 1 0 0 1 0 0 1
2014   2 28  8 37  1  94738  -23.14058  -45.82956     5288 104.5  2  0  6 15 0 0 1 1 0 0 0 1 0 1 1 0 0 1
2014   2 28  8 37  1 134184  -22.92268  -45.95251     3496  20.3  1  0  4  6 0 0 1 1 0 0 0 0 0 1 0 0 0 1
2014   2 28  8 37  1 162160  -22.33245  -45.90838     4197  80.1  2  0  6 15 0 0 1 1 1 0 0 1 0 0 1 0 0 1
2014   2 28  8 37  1 332348  -30.99037 -128.91998    15009  77.5  2  0  7 21 0 0 1 1 1 0 0 0 0 1 1 1 0 1
2014   2 28  8 37  1 409453  -22.19744  -46.06986     4391 111.2  2  0  7 18 0 0 1 1 0 0 0 1 0 1 1 1 0 1
2014   2 28  8 37  1 598987    2.88318    0.07864    35788  83.3  2  0  6 15 0 0 1 1 1 0 0 1 0 0 1 0 0 1
2014   2 28  8 37  1 647621  -32.69464 -124.70698    33085  92.9  2  0  7 21 0 0 1 1 1 0 0 1 0 1 1 0 0 1
2014   2 28  8 37  1 775944   -9.12857  160.80814    20712 109.0  2  0  6 15 0 0 1 1 1 0 0 1 0 0 0 1 0 1
2014   2 28  8 37  2 398573    2.55888   -1.99263    29324  82.7  2  0  7 21 0 0 1 1 1 0 0 1 0 0 1 0 1 1
2014   2 28  8 37  2 566815  -39.92025  -67.11337     6510 104.1  2  0  7 16 0 0 1 1 1 0 0 0 0 1 1 1 0 1
2014   2 28  8 37  2 634367  -40.22237  -66.90365     6245  98.9  2  0  7 19 0 0 1 1 1 0 0 1 0 1 0 1 0 1
2014   2 28  8 37  2 701052   -7.13621    5.54443    37129  92.7  2  0  6 14 0 0 0 1 1 0 0 1 0 0 1 1 0 1
2014   2 28  8 37  2 735551  -29.20476  -55.67264     6427  31.7  1  0  5 10 0 0 0 1 1 0 0 1 0 0 1 0 0 1
2014   2 28  8 37  3  99797  -19.21539  -54.60717     3012   8.2  0  0  4  6 0 0 1 0 0 0 0 0 0 0 1 1 0 1
2014   2 28  8 37  3 110956  -24.91291  -44.63814     4913 106.2  2  0  7 20 0 0 1 1 1 0 0 1 0 1 1 0 0 1
2014   2 28  8 37  3 126246  -25.00187  -44.45307     5591  89.6  2  0  6 15 0 0 1 1 1 0 0 1 0 0 1 0 0 1
2014   2 28  8 37  3 161316   -0.69687   17.77198    84025  35.2  1  0  4  6 0 0 1 1 0 0 0 0 0 0 1 0 0 1
2014   2 28  8 37  4 905648   -7.24293   10.96605     9002   7.8  0  0  5 10 0 0 1 0 1 0 0 1 0 0 1 0 0 1
2014   2 28  8 37  5 128952    6.35986  -73.85824     5699  10.5  0  0  5 10 0 0 1 1 1 0 0 1 0 0 0 0 0 1
2014   2 28  8 37  5 223127  -11.75063  -72.99133     2666  18.6  0  0  7 21 0 0 1 1 1 0 0 1 0 0 1 1 0 1
2014   2 28  8 37  5 305027    6.65125  -74.09299     3608  20.2  0  0  6 13 0 0 1 1 1 0 0 1 0 0 1 1 0 0
2014   2 28  8 37  5 363893  -23.82024  -45.36379     4350   6.6  0  0  4  6 0 0 1 0 0 0 0 1 0 0 1 0 0 1
2014   2 28  8 37  5 398066  -23.42486 -137.46648    19654   9.1  0  0  4  6 0 0 1 1 1 0 0 1 0 0 0 0 0 0
2014   2 28  8 37  5 413249  -22.78472 -139.36572     9179  16.0  0  0  5 10 0 0 1 0 1 0 0 1 0 0 1 1 0 0
2014   2 28  8 37  5 488680  -23.26901 -137.89818    18171  19.5  0  0  5 10 0 0 1 1 0 0 0 1 0 0 1 0 0 1
2014   2 28  8 37  5 800142  -23.80163  -45.45767     2995  21.8  0  0  6 15 0 0 1 1 1 0 0 1 0 0 1 0 0 1
2014   2 28  8 37  5 832847  -23.61464  -45.52764     2910   6.9  0  0  5  8 0 0 1 1 0 0 0 0 0 1 0 1 0 1
2014   2 28  8 37  5 993286  -23.75161  -45.37093     3425   0.8  0  0  4  6 0 0 1 1 0 0 0 1 0 0 0 0 0 1
2014   2 28  8 37  6  10809  -23.76237  -45.46765     3087  24.1  0  0  6 15 0 0 1 1 1 0 0 1 0 0 1 0 0 1
2014   2 28  8 37  6 114355  -10.80347  -57.40348     2687  25.4  0  0  7 21 0 0 0 1 1 0 0 1 0 1 1 1 1 0
2014   2 28  8 37  6 967077   -5.01109  172.21826    11724  19.4  0  0  4  6 0 0 1 0 0 0 0 1 0 0 1 1 0 0
2014   2 28  8 37  7 364641   -5.55006  -71.57951     3172  15.8  0  0  5 10 0 0 1 1 1 0 0 0 0 0 1 1 0 0
2014   2 28  8 37  7 389002  -21.58295  -45.90907     2796  25.0  0  0  6 15 0 0 1 1 1 0 0 1 0 0 1 0 0 1
2014   2 28  8 37  7 419478  -21.63257  -45.80696     3168  17.3  0  0  5 10 0 0 1 1 1 0 0 1 0 0 1 0 0 0
2014   2 28  8 37  7 725894  -30.66008  -40.84986     3593  30.5  0  0  6 15 0 0 1 1 1 0 0 1 0 0 1 0 0 1
2014   2 28  8 37  8 897367    1.31675   -2.80802    15149  20.7  0  0  5 10 0 0 1 1 1 0 0 1 0 0 0 0 0 1
2014   2 28  8 37  8 996017  -10.08746  160.87506    10188  35.9  1  0  5 10 0 0 1 0 0 0 0 1 0 0 1 1 0 1
2014   2 28  8 37  9 814068  -21.63106  -46.13180     3405  49.2  1  0  6 14 0 0 1 1 1 0 0 1 0 0 0 1 0 1
2014   2 28  8 37 10 999798  -21.65715  -46.22235     5067  63.5  2  0  5 10 0 0 1 1 0 0 0 1 0 1 1 0 0 0
2014   2 28  8 37 11 111334  -21.78722  -46.13215     3453  34.2  1  0  5  9 0 0 1 0 1 0 0 1 0 0 1 0 0 1
2014   2 28  8 37 11 335481  -34.06882  -37.88459     4926  48.4  1  0  6 15 0 0 1 1 1 0 0 1 0 0 1 0 0 1
2014   2 28  8 37 11 839750   -1.86148  -19.18508    26373  51.5  2  0  5 10 0 0 1 1 1 0 0 1 0 0 1 0 0 0
2014   2 28  8 37 11 881437   -0.90375  -16.93109     4783  63.8  1  0  7 19 0 0 1 1 1 0 0 1 1 0 1 1 0 0
2014   2 28  8 37 12   4103  -21.53988  -45.74108     4152  53.2  2  0  5 10 0 0 0 1 1 0 0 1 0 0 1 0 0 1
2014   2 28  8 37 12  53986  -33.46635  -39.11749     3771  39.7  0  0  7 21 0 0 1 1 1 0 0 0 0 1 1 1 0 1
2014   2 28  8 37 12 104346  -33.50529  -39.20911     5464  64.9  2  0  6 15 0 0 1 1 1 0 0 1 0 1 1 0 0 0
2014   2 28  8 37 12 150467  -33.46045  -39.11917     3802  40.6  0  0  7 21 0 0 1 1 1 0 0 0 0 1 1 1 0 1
2014   2 28  8 37 12 167880  -33.53625  -39.08759     4499  60.1  1  0  7 21 0 0 1 1 1 0 0 1 0 0 1 1 0 1
2014   2 28  8 37 12 258528  -21.32820 -142.23668     9720   4.4  0  0  4  6 0 0 1 0 0 0 0 1 0 0 1 1 0 0
2014   2 28  8 37 12 262549  -33.51908  -39.34608     7730  48.0  1  0  5 10 0 0 1 0 1 0 0 1 0 0 1 0 0 1
2014   2 28  8 37 12 395916  -33.59914  -38.95282     3764  19.0  0  0  5 10 0 0 1 1 1 0 0 0 0 0 1 0 0 1
2014   2 28  8 37 12 396689    9.26047  -72.86212     4123  43.1  0  0  7 21 0 0 1 1 1 0 0 0 0 1 1 1 0 1
2014   2 28  8 37 12 678421  -21.72951 -139.13228    10655  49.5  0  0  7 21 0 0 1 1 1 0 0 0 0 1 1 1 0 1
2014   2 28  8 37 12 832789  -21.72522 -139.11583    10700  49.8  0  0  7 21 0 0 1 1 1 0 0 0 0 1 1 1 0 1
2014   2 28  8 37 13 635811  -21.55109  -46.01779     4394  60.1  2  0  5 10 0 0 0 1 1 0 0 1 0 0 1 0 0 1
2014   2 28  8 37 14  36076  -20.89103  -48.05476     3542  22.8  0  0  5  8 0 0 1 0 1 0 0 1 0 0 1 0 0 1
2014   2 28  8 37 14 456978   -8.65796   -0.19615    25278  13.5  0  0  4  6 0 0 0 1 0 0 0 1 0 0 1 0 0 1
2014   2 28  8 37 14 522796   -1.55698  -71.36016     6812  50.2  1  0  6 15 0 0 1 1 1 0 0 1 0 1 0 0 0 1
2014   2 28  8 37 14 572962    5.66793  -72.21169     5800  89.8  2  0  7 21 0 0 1 1 1 0 0 1 0 1 1 1 0 0
2014   2 28  8 37 14 601358    5.65352  -72.21534     6127  84.5  2  0  7 18 0 0 1 1 1 0 0 1 0 0 1 1 0 1
2014   2 28  8 37 14 828208   -4.18351  -71.29044     4187  46.1  1  0  6 15 0 0 1 1 1 0 0 0 0 0 1 1 0 1
2014   2 28  8 37 14 899406  -33.25438  -39.41896     4215  51.9  1  0  7 21 0 0 1 1 1 0 0 0 0 1 1 1 0 1
2014   2 28  8 37 14 903259   -4.18479  -71.33453     4193  46.3  1  0  6 15 0 0 1 1 1 0 0 0 0 0 1 1 0 1
2014   2 28  8 37 15   4549  -31.80249  -41.60653     6362  13.8  0  0  5 10 0 0 0 0 1 0 0 1 0 1 1 0 0 1
2014   2 28  8 37 15  31463  -33.41313  -39.04876     4390  42.4  1  0  6 15 0 0 1 1 1 0 0 0 0 0 1 0 1 1
2014   2 28  8 37 15 182641   24.76346  -78.48036    13900  51.9  1  0  6 15 0 0 1 1 1 0 0 0 0 0 1 1 0 1
2014   2 28  8 37 15 293243  -33.30033  -39.53316     5625  88.9  2  0  7 21 0 0 1 1 0 0 0 1 0 1 1 1 0 1
2014   2 28  8 37 15 781789  -13.46295  173.26700    17355  79.9  2  0  7 21 0 0 1 0 1 0 0 1 0 1 1 1 0 1
2014   2 28  8 37 15 782279   -4.39215  -71.39476     3939  57.0  1  0  7 20 0 0 1 1 1 0 0 0 0 1 1 1 0 1
2014   2 28  8 37 15 846472  -23.58414  -66.64321     4400  52.6  2  0  5 10 0 0 1 0 1 0 0 1 0 0 0 1 0 1
2014   2 28  8 37 16  64128  -22.96930  -45.68093     4901  88.1  2  0  6 15 0 0 1 1 1 0 0 1 0 0 1 0 0 1
2014   2 28  8 37 18 499805    9.80949  -75.37206    20724  23.2  1  0  4  6 0 0 1 1 0 0 0 0 0 0 1 0 0 1
2014   2 28  8 37 18 964687  -19.65842  175.30843    45034  47.4  1  0  5 10 0 0 1 1 1 0 0 0 0 0 0 1 0 1
2014   2 28  8 37 18 971434   -0.80832  145.12071     8813  48.4  1  0  5  9 0 0 1 1 0 0 0 1 0 0 1 1 0 0
2014   2 28  8 37 19  70196  -13.81931  160.22084    21304 115.7  2  0  6 15 0 0 1 1 1 0 0 1 0 0 0 1 0 1
2014   2 28  8 37 19 827548   -5.51341  -70.69408    10627 106.8  2  0  6 15 0 0 1 1 0 0 0 1 0 1 1 0 0 1
2014   2 28  8 37 20 207691   -6.77068    9.27983    11743   0.7  0  0  4  6 0 0 1 1 1 0 0 1 0 0 0 0 0 0
2014   2 28  8 37 20 288897   -6.74042    9.37097     8410   5.0  0  0  5 10 0 0 1 1 1 0 0 1 0 0 0 0 0 1
2014   2 28  8 37 20 332206   -6.76877    9.35009     6656   5.3  0  0  6 15 0 0 1 1 1 0 0 1 0 0 1 0 0 1
2014   2 28  8 37 20 433988   -6.72410    9.37742     8728   4.7  0  0  5 10 0 0 1 1 0 0 0 1 0 0 1 0 0 1
2014   2 28  8 37 20 648481  -14.73646  -43.62816     2340  12.7  0  0  7 20 0 0 0 1 1 0 0 1 0 1 1 1 0 1
2014   2 28  8 37 20 836674    3.80172  -86.59666     5290   1.8  0  0  5 10 0 0 0 0 1 0 0 1 0 1 0 1 0 1
2014   2 28  8 37 21  61727  -12.60906   -0.96600    22187 110.8  2  0  6 15 0 0 1 1 1 0 0 0 0 0 1 1 0 1
2014   2 28  8 37 21 307889    3.10469    0.45897    14880   1.8  0  0  4  6 0 0 1 1 0 0 0 1 0 0 0 0 0 1
2014   2 28  8 37 21 393818   -5.10307  145.40544     6840  16.3  0  0  4  6 0 0 1 0 0 0 0 1 0 0 1 1 0 0
2014   2 28  8 37 21 923373  -33.68810  -39.32849     3469   7.0  0  0  5 10 0 0 1 1 1 0 0 1 0 0 0 0 0 1
2014   2 28  8 37 21 943820  -33.68708  -39.25029     3354  10.4  0  0  5 10 0 0 1 1 1 0 0 0 0 0 1 0 0 1
2014   2 28  8 37 21 967972  -33.69223  -39.25450     3194   8.8  0  0  5 10 0 0 1 1 0 0 0 1 0 1 1 0 0 0
2014   2 28  8 37 22  25336  -33.65344  -39.44033     3843  22.2  0  0  6 15 0 0 1 1 1 0 0 1 0 0 0 1 0 1
2014   2 28  8 37 22  65732  -33.69801  -39.28560     3051  11.7  0  0  6 15 0 0 1 1 1 0 0 1 0 0 1 0 0 1
2014   2 28  8 37 22 149775  -33.71150  -39.27380     3071  12.1  0  0  6 15 0 0 1 1 1 0 0 1 0 0 1 0 0 1
2014   2 28  8 37 22 225697  -33.69354  -39.28115     3490  12.7  0  0  5 10 0 0 1 1 1 0 0 0 0 0 1 0 0 1
2014   2 28  8 37 22 245836  -33.53649  -39.43024     4622   8.1  0  0  5 10 0 0 0 1 1 0 0 1 0 0 1 0 0 1
2014   2 28  8 37 22 492620  -33.67480  -39.28120     3611  25.1  0  0  7 20 0 0 1 0 1 0 0 1 0 1 1 1 0 1
2014   2 28  8 37 23 244324  -21.59629  -46.02948     3384  21.9  0  0  5 10 0 0 1 1 1 0 0 1 0 0 1 0 0 0
2014   2 28  8 37 23 590182  -21.43907  -47.17939     2890  39.6  0  0  7 19 0 0 1 1 0 0 0 1 0 1 1 1 0 1
2014   2 28  8 37 23 618333  -21.50662  -47.07727     3121  24.1  0  0  5  9 0 0 0 1 1 0 0 1 0 0 1 0 0 1
2014   2 28  8 37 23 657605    2.90675  -84.88601     3766  27.8  0  0  7 21 0 0 1 0 1 0 0 1 0 1 1 1 0 1
2014   2 28  8 37 24 390635  -33.00635 -132.70451    20302  30.0  0  0  6 15 0 0 1 1 1 0 0 1 0 0 1 0 0 1
2014   2 28  8 37 24 442356    5.53949  -72.21893     8578  26.2  0  0  5 10 0 0 1 1 0 0 0 1 0 0 1 0 0 1
2014   2 28  8 37 25  88727  -21.88206  144.56091    19920  12.9  0  0  4  6 0 0 1 0 0 0 0 1 0 0 1 1 0 0
2014   2 28  8 37 25 468934    4.01431  -73.16264     5960   3.3  0  0  4  6 0 0 1 0 0 0 0 1 0 1 0 0 0 1
2014   2 28  8 37 26 382800    0.46362  -66.30566     4619  51.2  1  0  6 14 0 0 1 1 1 0 0 0 0 0 1 1 0 1
2014   2 28  8 37 26 521812  -33.43961  -39.52288     4812  40.3  1  0  6 15 0 0 1 1 1 0 0 1 0 0 1 0 0 1
2014   2 28  8 37 26 541880  -33.43842  -39.51064     4868  41.1  1  0  6 15 0 0 1 1 1 0 0 1 0 0 1 0 0 1
2014   2 28  8 37 26 714787   -2.11903    3.86444    60244  37.5  1  0  5 10 0 0 1 1 1 0 0 0 0 0 1 0 0 1
2014   2 28  8 37 27 545093  -33.61163  -39.50491     5347  47.8  1  0  6 15 0 0 1 1 1 0 0 1 0 0 1 0 0 1
2014   2 28  8 37 27 682809  -32.90661  -40.11461     4689  11.8  0  0  5 10 0 0 0 1 1 0 0 1 0 0 1 0 0 1
2014   2 28  8 37 28 477163   -4.29387  144.27383     7890  28.7  1  0  4  6 0 0 0 0 1 0 0 1 0 1 0 1 0 0
2014   2 28  8 37 28 589311  -33.46010  -39.73597     5764  54.9  1  0  6 15 0 0 1 1 1 0 0 1 0 0 1 0 0 1
2014   2 28  8 37 29 612365  -34.11656  -38.03709     7910  58.1  2  0  5 10 0 0 1 1 0 0 0 1 0 0 1 0 0 1
2014   2 28  8 37 29 659139  -33.93201  -38.72388     4124   1.9  0  0  4  6 0 0 1 1 1 0 0 1 0 0 0 0 0 0
2014   2 28  8 37 29 723809  -34.03164  -38.28541     6497  61.3  2  0  6 15 0 0 1 1 1 0 0 1 0 0 1 0 0 1
2014   2 28  8 37 29 952155  -20.62234  -46.47548     4138  93.0  2  0  7 20 0 0 1 1 1 0 0 1 0 0 1 1 0 1
2014   2 28  8 37 30 236231  -34.00587  -38.27913     7147  65.4  2  0  6 14 0 0 1 1 1 0 0 1 0 0 1 0 0 1
2014   2 28  8 37 30 532402  -23.57481  -45.68871     6385  82.2  2  0  5 10 0 0 0 1 1 0 0 1 0 0 1 0 0 1
2014   2 28  8 37 30 578454    7.80383  -78.97607     6827  87.7  2  0  7 20 0 0 1 1 1 0 0 1 0 0 1 1 0 1
2014   2 28  8 37 30 628632  -33.96619  -38.53930     6541  94.8  2  0  7 21 0 0 1 1 0 0 0 1 0 1 1 1 0 1
2014   2 28  8 37 30 644790  -34.16409  -37.88671     8770  52.0  2  0  5 10 0 0 1 0 1 0 0 1 0 0 1 0 0 1
2014   2 28  8 37 30 677856  -34.05806  -38.44169     6964  68.1  2  0  6 15 0 0 1 1 1 0 0 1 0 0 1 0 0 1
2014   2 28  8 37 30 789406  -21.43599  -47.41368     4574  75.2  2  0  6 11 0 0 1 1 1 0 0 1 0 0 1 0 0 1
2014   2 28  8 37 30 955266  -20.97433 -143.35440    16683  27.4  1  0  4  6 0 0 1 1 0 0 0 1 0 0 0 1 0 0
2014   2 28  8 37 30 965168  -21.31816 -142.24780    15922  80.9  2  0  7 21 0 0 1 1 1 0 0 1 0 0 1 1 0 1
2014   2 28  8 37 30 975398  -21.03654 -143.25821    12687  30.7  1  0  5 10 0 0 1 1 0 0 0 1 0 0 1 1 0 0
2014   2 28  8 37 31  12075  -21.69728 -141.36632    60140  82.2  2  0  5 10 0 0 1 1 1 0 0 1 0 0 1 0 0 0
2014   2 28  8 37 31  30091  -20.99866 -143.28821    12691  30.7  1  0  5 10 0 0 1 1 0 0 0 1 0 0 1 1 0 0
2014   2 28  8 37 33  97472    6.06833  -72.55295     9486 117.6  2  0  6 15 0 0 1 1 0 0 0 0 0 1 1 1 0 1
2014   2 28  8 37 33 127578    6.02399  -73.05533     9109 104.7  2  0  7 20 0 0 0 1 1 0 0 1 0 1 1 1 0 1
2014   2 28  8 37 33 824806   -4.78708  150.21948     5821  16.2  0  0  5  9 0 0 1 1 0 0 0 1 0 0 1 1 0 0
2014   2 28  8 37 34  84429   -4.82687  150.15729    12294  65.3  2  0  5  9 0 0 1 1 0 0 0 1 0 0 1 1 0 0
2014   2 28  8 37 36  56362   -2.70013    6.54573    12555   1.0  0  0  4  6 0 0 1 1 1 0 0 1 0 0 0 0 0 0
2014   2 28  8 37 36 385956   -5.57009  -60.75734     3554  11.9  0  0  4  6 0 0 0 1 1 0 0 1 0 0 0 1 0 0
2014   2 28  8 37 36 723780  -21.64754 -141.31683    40756   3.5  0  0  4  6 0 0 0 0 0 0 0 1 0 1 1 0 0 1
2014   2 28  8 37 36 754980  -21.23846 -141.98917     6510  12.7  0  0  6 15 0 0 1 1 0 0 0 0 0 1 1 1 0 1
2014   2 28  8 37 36 790270  -13.78895  173.40816     6961  15.8  0  0  6 15 0 0 1 0 1 0 0 1 0 1 0 1 0 1
2014   2 28  8 37 36 802960  -15.43943  176.03909    40634  15.0  0  0  4  6 0 0 1 1 0 0 0 1 0 0 1 0 0 0
2014   2 28  8 37 36 865341  -21.70163  -47.37002     2652  11.2  0  0  5 10 0 0 1 0 1 0 0 1 0 0 1 0 0 1
2014   2 28  8 37 37 157452  -21.23544 -142.97200    27638  30.9  1  0  4  6 0 0 0 1 0 0 0 1 0 0 1 1 0 0
2014   2 28  8 37 37 962464   18.38373  -91.41225     6988  31.3  0  0  6 15 0 0 1 1 1 0 0 1 0 0 1 1 0 0
2014   2 28  8 37 38 122164  -21.60802 -140.80286    10673  33.3  0  0  6 15 0 0 1 1 0 0 0 1 0 0 1 1 0 1
2014   2 28  8 37 38 645792  -21.43725  -47.02534     3332  22.2  0  0  5 10 0 0 1 1 1 0 0 0 0 0 1 0 0 1
2014   2 28  8 37 38 657784  -21.49228  -46.98373     2809  25.1  0  0  6 15 0 0 1 1 1 0 0 1 0 0 1 0 0 1
2014   2 28  8 37 38 756887   -5.10782  -71.82075     3936  33.4  0  0  7 21 0 0 0 1 1 0 0 1 0 1 1 1 0 1
2014   2 28  8 37 40 210887   -4.88541  145.70032     5847  26.6  0  0  6 14 0 0 1 0 1 0 0 1 0 1 1 1 0 0
2014   2 28  8 37 40 276648   -4.82344  145.60034     6595  14.5  0  0  4  6 0 0 1 0 0 0 0 1 0 0 1 1 0 0
2014   2 28  8 37 40 748486  -21.91520 -140.25815    11552  50.3  1  0  7 21 0 0 1 1 1 0 0 1 0 0 1 1 0 1
2014   2 28  8 37 40 770895  -21.92655 -139.44479     7584  28.9  0  0  7 21 0 0 1 1 1 0 0 0 0 1 1 1 0 1
2014   2 28  8 37 41 290973  -12.00009  -73.14442     4233  50.8  1  0  6 15 0 0 1 0 1 0 0 0 0 1 1 1 1 0
2014   2 28  8 37 41 520146  -10.73345  -56.72690     3565  54.3  1  0  7 21 0 0 0 1 1 0 0 1 0 1 1 1 0 1
2014   2 28  8 37 42 321855  -22.29593  -46.14531     3846  50.3  2  0  5 10 0 0 1 0 0 0 0 1 0 1 1 0 0 1
2014   2 28  8 37 42 971721  -13.26596  -38.68719     7352  93.0  2  0  6 12 0 0 0 0 1 0 0 1 0 1 1 1 0 1
2014   2 28  8 37 43  23579  -13.29935  -39.30726     4894  63.9  2  0  6 14 0 0 1 1 1 0 0 1 0 1 0 1 0 0
2014   2 28  8 37 43  40837  -13.31767  -38.06018    17573  96.3  2  0  6 11 0 0 1 1 1 0 0 1 0 0 1 1 0 0
2014   2 28  8 37 44 293977   10.84724   13.27635    14265  25.9  0  0  5 10 0 0 1 0 1 0 0 0 0 0 1 1 0 1
2014   2 28  8 37 44 459165   -4.59562  145.06757     5868  26.3  0  0  5 10 0 0 1 0 1 0 0 1 0 0 1 1 0 0
2014   2 28  8 37 44 624671    7.49047  -73.19533     5025  39.4  0  0  6 13 0 0 1 1 1 0 0 0 0 0 1 1 0 1
2014   2 28  8 37 44 958053  -22.77499 -137.45465    21610  58.9  2  0  5 10 0 0 1 1 1 0 0 0 0 0 1 1 0 0
2014   2 28  8 37 44 967343  -24.17872 -134.91661    31284  65.4  2  0  6 15 0 0 1 1 1 0 0 1 0 0 1 0 0 1
2014   2 28  8 37 44 986823  -22.72870 -138.93884    22789  89.0  2  0  6 15 0 0 1 1 1 0 0 1 0 0 1 1 0 0
2014   2 28  8 37 45  73017   -4.60482  145.21416     5857   6.1  0  0  4  6 0 0 1 0 0 0 0 1 0 0 1 1 0 0
2014   2 28  8 37 45 287407  -15.28953 -150.61053    70350  25.7  0  0  5 10 0 0 1 1 1 0 0 0 0 0 1 0 0 1
2014   2 28  8 37 45 444662  -22.70256 -138.88586    16208  84.4  2  0  7 21 0 0 1 1 0 0 0 1 0 1 1 1 0 1
2014   2 28  8 37 45 637383  -24.62770 -133.84895    33309  48.9  1  0  5 10 0 0 1 1 1 0 0 1 0 0 0 0 0 1
2014   2 28  8 37 45 697058    9.28643  -73.11613     5950  78.8  2  0  7 21 0 0 1 1 1 0 0 1 0 0 1 1 0 1
2014   2 28  8 37 45 761912  -22.68236 -131.31055    22306  17.8  0  0  5  9 0 0 0 1 1 0 0 0 0 0 1 1 0 1
2014   2 28  8 37 46 284441    6.89322  -77.01385     6520  83.8  2  0  7 20 0 0 1 1 1 0 0 1 0 0 1 1 0 1
2014   2 28  8 37 46 374647    8.84055  -78.00967    10951   4.3  0  0  4  6 0 0 1 1 0 0 0 0 0 0 1 0 0 1
2014   2 28  8 37 46 722216  -14.62848  176.67854    20098  50.6  1  0  6 15 0 0 1 1 1 0 0 0 0 1 0 1 0 1
2014   2 28  8 37 47 409631   -2.61642    2.01367    26684  52.8  2  0  5 10 0 0 1 1 1 0 0 1 0 0 0 0 0 1
2014   2 28  8 37 48 339357  -10.40864  -57.17731     3242  35.4  0  0  6 14 0 0 1 1 1 0 0 0 0 0 1 1 0 1
2014   2 28  8 37 48 382661  -10.38895  -57.10844     3396  28.5  0  0  5 10 0 0 0 1 1 0 0 0 0 0 1 1 0 1
2014   2 28  8 37 49 153589  -12.26430  -71.61578     6727  83.9  2  0  6 11 0 0 1 1 0 0 0 1 0 0 1 1 0 1
2014   2 28  8 37 49 414784    4.03343  -84.24192     5763  65.7  1  0  7 21 0 0 1 1 1 0 0 0 0 1 1 1 0 1
2014   2 28  8 37 49 444005    4.06618  -84.76890     9733 108.1  2  0  6 15 0 0 1 1 1 0 0 1 0 0 0 1 0 1
2014   2 28  8 37 49 600373  -12.31691  -71.74329     5223 110.2  2  0  7 21 0 0 1 1 1 0 0 1 0 0 1 1 0 1
2014   2 28  8 37 50 206497  -23.83947  -44.72535     3856  15.6  0  0  4  6 0 0 1 1 0 0 0 1 0 0 0 0 0 1
2014   2 28  8 37 52  57975   18.80608 -107.90308    29457   8.6  0  0  4  6 0 0 0 1 0 0 0 1 0 0 1 0 0 1
2014   2 28  8 37 53  85353    1.61547  -66.56145     3350  21.1  0  0  6 14 0 0 0 1 0 0 0 1 0 1 1 1 0 1
2014   2 28  8 37 53 230406  -22.44050 -139.25351    18925   6.6  0  0  4  6 0 0 1 0 0 0 0 1 0 0 1 0 0 1
2014   2 28  8 37 53 342280  -33.73024  -39.11035     3041   3.4  0  0  5 10 0 0 1 1 1 0 0 0 0 0 1 0 0 1
2014   2 28  8 37 53 367154  -33.71551  -39.32158     5669  20.9  1  0  4  6 0 0 1 0 0 0 0 1 0 0 1 0 0 1
2014   2 28  8 37 53 377843  -33.68106  -39.35994     3553  20.9  0  0  7 21 0 0 1 0 1 0 0 1 0 1 1 1 0 1
2014   2 28  8 37 53 388031  -33.86484  -39.05044     7084  26.7  0  0  5 10 0 0 0 1 1 0 0 1 0 0 1 0 0 1
2014   2 28  8 37 53 399425  -33.73296  -39.17525     3225  24.7  0  0  7 21 0 0 1 1 1 0 0 1 0 0 1 1 0 1
2014   2 28  8 37 53 406777  -33.73166  -39.17970     3622  26.3  0  0  6 15 0 0 1 1 1 0 0 1 0 0 1 0 0 1
2014   2 28  8 37 53 429343  -33.73421  -39.16434     3502  23.9  0  0  6 14 0 0 1 1 1 0 0 1 0 0 1 0 0 1
2014   2 28  8 37 53 693450  -33.86167  -39.04915     7329  28.3  0  0  5 10 0 0 0 1 1 0 0 1 0 0 1 0 0 1
2014   2 28  8 37 53 777369  -33.71085  -39.14265     2655   7.5  0  0  7 21 0 0 1 1 1 0 0 0 0 1 1 1 0 1
2014   2 28  8 37 53 808591  -33.72541  -39.18168     5160  30.4  1  0  5 10 0 0 1 1 1 0 0 1 0 0 0 0 0 1
2014   2 28  8 37 54  23741  -33.71101  -39.21313     4141  32.1  0  0  6 15 0 0 1 1 0 0 0 1 0 1 0 1 0 1
2014   2 28  8 37 54  95916  -33.66820  -39.23368     3598   3.3  0  0  4  6 0 0 1 1 0 0 0 0 0 0 1 0 0 1
2014   2 28  8 37 54 123233  -34.30941  -38.89300    15279  32.6  1  0  5 10 0 0 0 1 0 0 0 1 0 1 0 1 0 1
2014   2 28  8 37 54 142916  -23.20046 -137.54890     5379  13.1  0  0  7 21 0 0 1 1 1 0 0 0 0 1 1 1 0 1
2014   2 28  8 37 54 188920  -23.13014 -138.39914    18081  31.8  1  0  4  6 0 0 1 0 0 0 0 1 0 1 0 1 0 0
2014   2 28  8 37 54 203838  -23.87359 -136.33162    11751   6.5  0  0  5 10 0 0 1 0 1 0 0 1 0 1 0 0 0 1
2014   2 28  8 37 54 220217  -23.18974 -136.94760    14425   5.2  0  0  5 10 0 0 0 0 1 0 0 0 0 1 1 1 0 1
2014   2 28  8 37 54 460858  -33.75647  -39.11544     4683  33.5  1  0  5 10 0 0 1 1 1 0 0 1 0 0 1 0 0 0
2014   2 28  8 37 54 569673  -20.57635  -46.18962     2749  12.6  0  0  5 10 0 0 0 1 1 0 0 0 0 0 1 1 0 1
2014   2 28  8 37 55 231431  -21.55070  -46.13515     3166  25.1  0  0  5 10 0 0 1 1 1 0 0 1 0 0 0 0 0 1
2014   2 28  8 37 55 255201   12.32571  146.34132    18309 158.7  2  0  7 21 0 0 1 1 1 0 0 1 0 1 1 0 0 1
2014   2 28  8 37 55 306427  -13.75631  173.56862    12700  43.7  1  0  6 14 0 0 1 1 0 0 0 1 0 1 1 1 0 0
2014   2 28  8 37 55 324861  -21.54533  -46.14029     3255  26.1  0  0  5  9 0 0 0 1 1 0 0 1 0 0 1 0 0 1
2014   2 28  8 37 55 378881  -13.80665  173.54948    10637  39.9  0  0  7 21 0 0 1 1 1 0 0 1 0 1 0 1 0 1
2014   2 28  8 37 55 561484  -16.36110  177.63161    41139  29.4  0  0  5 10 0 0 1 1 1 0 0 1 0 0 1 0 0 0
2014   2 28  8 37 56 381347  -21.56731  -45.92355     3204  42.6  1  0  6 14 0 0 1 0 1 0 0 1 0 0 1 1 0 1
2014   2 28  8 37 57  75831   -4.91382  -71.80856     5792  53.6  1  0  6 15 0 0 0 1 1 0 0 1 0 1 1 1 0 0
2014   2 28  8 37 57 145959   -4.83193  -71.51973     2795  21.6  0  0  7 21 0 0 1 1 1 0 0 0 0 1 1 1 0 1
2014   2 28  8 37 57 170347    4.52621  -73.42489     4474  48.4  0  0  7 18 0 0 1 1 1 0 0 1 0 0 1 1 0 1
2014   2 28  8 37 57 218008    4.69002  154.28511    10773  64.4  1  0  7 21 0 0 1 1 1 0 0 1 0 0 1 1 0 1
2014   2 28  8 37 59 139657    7.47110  -77.09772     8327  64.9  1  0  7 20 0 0 0 1 1 0 0 1 0 1 1 1 0 1
2014   2 28  8 38  0 266940   -6.62907  146.73886     6623  10.1  0  0  4  6 0 0 1 0 0 0 0 1 0 0 1 1 0 0
2014   2 28  8 38  1 789958   -0.88872  -71.42979     4094  46.2  1  0  6 15 0 0 1 1 0 0 0 0 0 1 1 1 0 1
2014   2 28  8 38  2 319774  -14.29424  161.41260    13522  82.3  2  0  7 21 0 0 0 1 1 0 0 1 0 1 1 1 0 1
2014   2 28  8 38  2 321120  -22.88234 -137.93678    18016  89.6  2  0  7 21 0 0 1 1 1 0 0 1 0 0 1 1 0 1
2014   2 28  8 38  2 870737  -14.48347  162.07628    17248 104.7  2  0  7 21 0 0 1 1 0 0 0 1 0 1 1 1 0 1
2014   2 28  8 38  2 969842   -3.86416  -71.89994     8059  73.1  2  0  6 15 0 0 0 1 1 0 0 1 0 1 0 1 0 1
2014   2 28  8 38  3  41434   -3.73055  -71.31330     6272  98.5  2  0  6 15 0 0 1 1 0 0 0 1 0 1 0 1 0 1
2014   2 28  8 38  3 204142   -9.62558  160.06918    14501 101.6  2  0  7 21 0 0 1 1 1 0 0 1 0 0 1 1 0 1
2014   2 28  8 38  3 894580   -8.97012   -1.21474    26625  15.9  0  0  4  6 0 0 0 1 0 0 0 1 0 0 1 0 0 1
2014   2 28  8 38  5 169926  -20.95904  -47.18077     4152 112.3  2  0  7 20 0 0 1 1 0 0 0 1 0 1 1 1 0 1
2014   2 28  8 38  5 273170  -23.64449  -45.31406     6158  95.3  2  0  6 15 0 0 1 1 1 0 0 1 0 0 1 0 0 1
2014   2 28  8 38  6  58160  -33.32532  -39.33929     6165  99.0  2  0  7 20 0 0 1 1 1 0 0 1 0 0 1 1 0 1
2014   2 28  8 38  6 123264  -33.18294  -39.82320     9403 113.5  2  0  6 14 0 0 1 1 0 0 0 1 0 1 0 1 0 1
2014   2 28  8 38  6 223852  -33.16167  -39.58937     6245  56.6  2  0  5 10 0 0 1 1 0 0 0 0 0 1 0 1 0 1
2014   2 28  8 38  6 283245  -33.30295  -39.43972     6204  99.4  2  0  7 21 0 0 1 1 1 0 0 1 0 1 1 0 0 1
2014   2 28  8 38  6 621465  -33.41952  -39.14789     6815  88.6  2  0  6 15 0 0 1 1 1 0 0 1 0 0 1 0 0 1
2014   2 28  8 38  6 904930  -21.37856 -140.93042    38086 137.0  2  0  6 14 0 0 1 1 1 0 0 1 0 0 1 1 0 0
2014   2 28  8 38  7 209363  -21.39860  -45.82389     3677  71.9  2  0  7 16 0 0 1 1 1 0 0 0 0 1 1 1 0 1
2014   2 28  8 38  7 271537  -21.54603  -45.81418     4369 118.9  2  0  7 21 0 0 1 1 1 0 0 1 0 1 1 0 0 1
2014   2 28  8 38  7 456324  -21.55500  -45.56883     4705 118.6  2  0  7 19 0 0 1 1 1 0 0 1 0 0 1 1 0 1
2014   2 28  8 38  7 493776  -21.60532  -45.49821     4599  57.6  2  0  5 10 0 0 1 1 0 0 0 1 0 0 1 0 0 1
2014   2 28  8 38  7 825875  -21.54769  -45.80771     4448 122.7  2  0  7 21 0 0 1 1 1 0 0 1 0 1 1 0 0 1
2014   2 28  8 38  7 872967  -21.50752  -45.71204     4353 119.1  2  0  7 21 0 0 1 1 1 0 0 1 0 0 1 1 0 1
2014   2 28  8 38  8  12589  -21.58683  -45.96414     2428  10.6  0  0  6 15 0 0 1 1 0 0 0 0 0 1 1 1 0 1
2014   2 28  8 38  8 101853  -21.60447  -45.95752     2398  19.0  0  0  7 21 0 0 1 1 0 0 0 1 0 1 1 1 0 1
2014   2 28  8 38  8 537357    3.99641  -73.14220     8790  11.1  0  0  5 10 0 0 0 1 1 0 0 1 0 0 1 0 0 1
2014   2 28  8 38  9 703642   -4.46895  144.58195     4201   6.5  0  0  5 10 0 0 1 0 1 0 0 1 0 1 0 1 0 0
2014   2 28  8 38 10 724836  -21.80459 -140.93053     8375  34.0  0  0  7 21 0 0 1 1 1 0 0 1 0 1 1 1 0 0
2014   2 28  8 38 10 736089  -21.80085 -140.91496     8928  34.3  0  0  7 21 0 0 1 1 1 0 0 1 0 0 1 1 0 1
2014   2 28  8 38 10 743921  -21.78046 -140.99156    11367  36.3  0  0  6 15 0 0 1 1 0 0 0 1 0 0 1 1 0 1
2014   2 28  8 38 11  67413  -40.32143  -66.40736     3824  18.1  0  0  6 15 0 0 1 1 1 0 0 1 0 0 1 0 0 1
2014   2 28  8 38 11 103158  -41.04869  -67.63495    14607  21.6  0  0  5 10 0 0 0 1 0 0 0 0 0 1 1 1 0 1
2014   2 28  8 38 11 139580  -40.21427  -66.92377     3622  36.8  0  0  7 20 0 0 1 1 1 0 0 1 0 0 1 1 0 1
2014   2 28  8 38 11 157704  -42.30330  -68.54987    10651  17.0  0  0  6 15 0 0 0 1 1 0 0 1 0 0 1 1 0 1
2014   2 28  8 38 11 188877  -21.55982  -45.95731     2807  29.6  0  0  6 15 0 0 1 1 0 0 0 1 0 1 1 0 0 1
2014   2 28  8 38 11 401137  -21.55512  -45.89900     3355  31.5  1  0  5 10 0 0 0 1 1 0 0 1 0 0 1 0 0 1
2014   2 28  8 38 11 519078  -31.27460 -131.53456     9740  38.1  0  0  7 20 0 0 1 1 1 0 0 1 0 1 1 1 0 0
2014   2 28  8 38 12   6936  -21.74656  -46.12789     3478  36.0  1  0  5 10 0 0 0 1 1 0 0 1 0 0 1 0 0 1
2014   2 28  8 38 12 301442   -4.77295  -71.48830     3575   8.1  0  0  5 10 0 0 0 1 1 0 0 0 0 1 1 1 0 0
2014   2 28  8 38 12 310811   -4.80188  -71.64771     2952  16.9  0  0  6 15 0 0 1 1 1 0 0 0 0 1 1 1 0 0
2014   2 28  8 38 12 328522  -34.28920  -37.42122     3558  13.8  0  0  5 10 0 0 1 1 1 0 0 0 0 0 1 0 0 1
2014   2 28  8 38 12 450512   -4.74175  -71.52173     3642  12.2  0  0  5 10 0 0 0 1 1 0 0 0 0 0 1 1 0 1
2014   2 28  8 38 12 463318  -34.19067  -37.48709     3600  14.3  0  0  5 10 0 0 1 1 1 0 0 0 0 0 1 0 0 1
2014   2 28  8 38 12 716047  -33.37677  -39.31355     5198  25.1  0  0  6 15 0 0 0 1 1 0 0 0 0 1 1 1 0 1
2014   2 28  8 38 12 768226  -33.54017  -39.15668     3124  25.9  0  0  7 21 0 0 1 1 1 0 0 0 0 1 1 1 0 1
2014   2 28  8 38 12 854684  -33.60619  -39.15507     5578  47.3  1  0  5 10 0 0 1 1 1 0 0 1 0 0 1 0 0 0
2014   2 28  8 38 12 974955   -1.17362  149.79362     6525  53.9  1  0  7 21 0 0 1 1 1 0 0 1 0 0 1 1 0 1
2014   2 28  8 38 13   2126   31.47656 -177.29010     7205  23.7  0  0  6 15 0 0 1 1 1 0 0 0 0 0 1 1 0 1
2014   2 28  8 38 13  12513   31.69341 -178.24449     4903  13.9  0  0  7 20 0 0 1 1 1 0 0 0 0 1 1 1 0 1
2014   2 28  8 38 13 126208  -21.51914  -46.71406     3139  44.2  1  0  6 15 0 0 1 1 0 0 0 1 0 1 1 0 0 1
2014   2 28  8 38 13 172986  -21.56759  -46.64317     3588  36.5  1  0  5 10 0 0 1 1 1 0 0 1 0 0 0 0 0 1
2014   2 28  8 38 13 223732  -21.58378  -46.62960     3080  34.2  0  0  6 15 0 0 1 1 1 0 0 1 0 0 1 0 0 1
2014   2 28  8 38 13 688430    5.66321  -72.45293     7256  55.5  1  0  6 14 0 0 0 1 1 0 0 1 0 0 1 1 0 1
2014   2 28  8 38 14 474898   -4.78903  -72.04887     3073  27.8  0  0  7 21 0 0 1 1 1 0 0 0 0 1 1 1 0 1
2014   2 28  8 38 14 581014  -23.04030  -45.71992     4862  59.8  2  0  5 10 0 0 0 1 1 0 0 1 0 0 1 0 0 1
2014   2 28  8 38 14 673944  -22.95625  -45.75392     3217  58.0  1  0  7 20 0 0 1 1 0 0 0 1 0 1 1 1 0 1
2014   2 28  8 38 15  82076    6.97790  -77.22958     5280  61.2  1  0  7 20 0 0 1 1 1 0 0 1 0 0 1 1 0 1
2014   2 28  8 38 15  88840    5.21694   13.88339    51358  22.2  0  0  5 10 0 0 1 1 1 0 0 0 0 0 1 0 0 1
2014   2 28  8 38 15 222799   -0.96188    1.40277    21608  15.0  0  0  5 10 0 0 0 1 1 0 0 1 0 0 1 0 0 1
2014   2 28  8 38 16 574303  -21.60624  -46.68607     2924  13.6  0  0  5 10 0 0 1 1 1 0 0 1 0 0 1 0 0 0
2014   2 28  8 38 16 635790    6.44837  142.64827     8383  48.0  1  0  6 15 0 0 1 0 1 0 0 1 0 0 1 1 0 1
2014   2 28  8 38 16 860940    6.67989  141.17656    12803  32.7  1  0  5 10 0 0 1 0 1 0 0 0 0 0 1 1 0 1
2014   2 28  8 38 16 977142  -22.22728  -46.06356     3816  75.9  2  0  6 15 0 0 1 1 0 0 0 1 0 0 1 1 0 1
2014   2 28  8 38 17 748856    9.32167  -72.94931     4333  43.7  0  0  7 21 0 0 1 1 1 0 0 0 0 1 1 1 0 1
2014   2 28  8 38 17 887412   -1.51195  149.33539     5925   3.1  0  0  4  6 0 0 1 0 0 0 0 1 0 0 1 1 0 0
2014   2 28  8 38 18 382854  -10.62479  -57.17263     3003  45.5  0  0  7 21 0 0 1 1 1 0 0 0 0 1 1 1 0 1
2014   2 28  8 38 18 715708  -20.43139  -46.29132     3342  37.5  1  0  5 10 0 0 0 1 0 0 0 0 0 1 1 1 0 1
2014   2 28  8 38 18 737451  -20.68103  -46.03486     3700  51.2  1  0  6 15 0 0 1 1 1 0 0 1 0 0 1 0 0 1
2014   2 28  8 38 18 752860  -10.69173  -57.30749     5090  95.0  2  0  6 14 0 0 1 1 0 0 0 1 0 0 1 1 0 1
2014   2 28  8 38 18 795130  -13.34276  172.35646    19356  87.0  2  0  7 21 0 0 0 1 1 0 0 1 0 1 1 1 0 1
2014   2 28  8 38 18 834768  -23.43714  -45.59517     5361  47.1  1  0  5  7 0 0 1 1 1 0 0 0 0 0 0 1 0 1
2014   2 28  8 38 19 240736    5.63812  -72.01820     4937  47.7  1  0  6 15 0 0 1 1 1 0 0 0 0 0 1 1 0 1
2014   2 28  8 38 19 674350  -21.32281 -140.99677    27315 108.6  2  0  6 15 0 0 1 1 1 0 0 1 0 0 1 1 0 0
2014   2 28  8 38 20 947440  -20.98950 -142.32285    27815 107.1  2  0  6 15 0 0 1 1 1 0 0 1 0 0 0 1 0 1
2014   2 28  8 38 20 960280  -21.14881 -139.99710    19940  32.8  1  0  4  6 0 0 1 1 1 0 0 0 0 0 0 1 0 0
2014   2 28  8 38 21 312751  -24.72497  -44.65064     4651  99.8  2  0  7 21 0 0 1 1 1 0 0 1 0 0 1 1 0 1
2014   2 28  8 38 23 945561   -4.70484  -71.23802     4991  69.0  2  0  6 15 0 0 1 1 1 0 0 0 0 1 1 1 0 0
2014   2 28  8 38 24  37050   -5.02261  -71.72868     3487  11.4  0  0  6 15 0 0 1 1 0 0 0 1 0 1 1 0 0 1
2014   2 28  8 38 24 448954    4.39428  -73.65076     3090  10.9  0  0  6 14 0 0 1 0 1 0 0 1 0 0 1 1 0 1
2014   2 28  8 38 25 105414  -21.74165 -140.94704     8303  21.7  0  0  6 15 0 0 1 1 1 0 0 1 0 0 1 1 0 0
2014   2 28  8 38 25 135280  -21.72519 -141.56795    24382  26.1  1  0  4  6 0 0 0 1 0 0 0 1 0 0 1 1 0 0
2014   2 28  8 38 25 227983    2.38203  -95.78041    13300  29.3  1  0  4  6 0 0 0 1 0 0 0 1 0 0 1 1 0 0
2014   2 28  8 38 26 141055  -21.50786  -45.70610     2791  20.7  0  0  6 15 0 0 1 1 1 0 0 1 0 0 1 0 0 1
2014   2 28  8 38 26 644736  -20.87245  -46.53541     5298  35.0  1  0  5  7 0 0 0 0 1 0 0 1 0 1 1 1 0 0
2014   2 28  8 38 26 707344  -20.95755  -46.34866     2662  22.9  0  0  6 15 0 0 1 1 1 0 0 1 0 1 0 0 0 1
2014   2 28  8 38 26 770979  -20.93999  -46.33818     2871  32.7  0  0  6 15 0 0 0 1 1 0 0 1 0 1 1 1 0 0
2014   2 28  8 38 26 819994  -20.92960  -46.36121     2659  30.3  0  0  7 21 0 0 1 1 1 0 0 1 0 0 1 1 0 1
2014   2 28  8 38 26 893636  -20.94813  -46.34498     2686  23.7  0  0  6 15 0 0 1 1 0 0 0 1 0 1 1 0 0 1
2014   2 28  8 38 26 950778  -20.93227  -46.36208     2587  31.7  0  0  7 21 0 0 1 1 1 0 0 1 0 1 0 1 0 1
2014   2 28  8 38 27  42511  -20.89035  -46.37414     2655  13.4  0  0  6 12 0 0 1 1 1 0 0 0 0 0 1 1 0 1
2014   2 28  8 38 27 793777   -6.42799    7.46304    15018  25.3  0  0  5 10 0 0 1 1 1 0 0 1 0 0 1 0 0 0
2014   2 28  8 38 28   1334   -0.20448   -2.58559    32076  14.3  0  0  4  6 0 0 0 1 0 0 0 1 0 0 1 0 0 1
2014   2 28  8 38 28 242651    2.20940    6.61586    32788  31.1  1  0  4  6 0 0 1 1 0 0 0 1 0 0 1 0 0 0
2014   2 28  8 38 28 387131  -22.02575  -47.53269     2698  38.9  0  0  7 21 0 0 1 1 1 0 0 1 0 1 1 1 0 0
2014   2 28  8 38 28 448748  -22.05193  -47.55294     2641  33.3  0  0  7 21 0 0 1 1 1 0 0 1 0 1 1 0 0 1
2014   2 28  8 38 28 494725  -21.78786 -140.27599    10303  32.4  0  0  6 15 0 0 1 1 0 0 0 0 0 1 1 1 0 1
2014   2 28  8 38 28 503585  -21.79688 -140.74086    10313  43.0  0  0  7 21 0 0 1 1 1 0 0 1 0 0 1 1 0 1
2014   2 28  8 38 28 672393  -22.10806  -47.51944     2714   9.4  0  0  5  9 0 0 1 0 1 0 0 1 0 0 1 0 0 1
2014   2 28  8 38 29 302776  -24.92075  -44.60696     3133  41.9  0  0  7 21 0 0 1 1 0 0 0 1 0 1 1 1 0 1
2014   2 28  8 38 29 322031  -24.91383  -44.61110     4088  26.6  0  0  5  8 0 0 1 1 1 0 0 0 0 0 1 0 0 1
2014   2 28  8 38 29 495791  -23.00124 -137.89380    37003  30.2  1  0  4  6 0 0 1 1 1 0 0 1 0 0 0 0 0 0
2014   2 28  8 38 29 503024  -33.82863  -38.98626    12806  73.5  2  0  6 14 0 0 0 1 1 0 0 0 0 1 1 1 1 0
2014   2 28  8 38 29 507499  -23.01450 -137.83160    37075  30.0  1  0  4  6 0 0 1 1 1 0 0 1 0 0 0 0 0 0
2014   2 28  8 38 29 596433  -33.78682  -38.95639     4483  42.1  1  0  6 15 0 0 1 1 1 0 0 1 0 0 1 0 0 1
2014   2 28  8 38 29 643448  -33.70920  -39.04383     6446  47.6  0  0  7 21 0 0 0 1 1 0 0 1 0 1 1 1 0 1
2014   2 28  8 38 29 713429  -33.78649  -38.96632     4344  41.1  1  0  6 15 0 0 1 1 0 0 0 1 0 1 1 0 0 1
2014   2 28  8 38 29 723683  -33.76015  -39.01661     4666  73.1  2  0  7 19 0 0 1 1 0 0 0 1 0 1 1 1 0 1
2014   2 28  8 38 29 740627  -33.80386  -38.90342     4352  40.4  1  0  6 14 0 0 1 1 1 0 0 1 0 0 1 0 0 1
2014   2 28  8 38 31 749903  -23.68467  -45.42559     5311  61.1  2  0  5 10 0 0 1 1 1 0 0 1 0 0 0 0 0 1
2014   2 28  8 38 31 900826  -23.82647  -45.01831     3433   3.8  0  0  4  6 0 0 1 1 0 0 0 1 0 0 0 0 0 1
2014   2 28  8 38 32  51712  -21.68736  -46.13100     3221  62.6  1  0  7 21 0 0 1 1 1 0 0 1 0 0 1 1 0 1
2014   2 28  8 38 32 170290  -23.62474  -45.47627     4542  60.1  2  0  6 15 0 0 1 1 1 0 0 1 0 0 1 0 0 1
2014   2 28  8 38 32 224439  -23.64837  -45.46472     4583  60.9  2  0  6 15 0 0 1 1 1 0 0 1 0 0 1 0 0 1
2014   2 28  8 38 32 370948  -21.73631  -46.10053     3495  67.7  1  0  7 18 0 0 1 1 1 0 0 1 0 0 1 1 0 1
2014   2 28  8 38 32 903038  -21.57662  -45.74956     3704  53.0  1  0  6 15 0 0 1 1 1 0 0 1 0 0 1 0 0 1
2014   2 28  8 38 33 147523  -21.50499  -45.70262     3697  51.8  1  0  6 15 0 0 1 1 1 0 0 1 0 0 1 0 0 1
2014   2 28  8 38 33 253636  -22.85365  -45.55086     3459  67.1  1  0  7 21 0 0 1 1 1 0 0 1 0 1 1 0 0 1
2014   2 28  8 38 33 295289  -22.83180  -45.52528     3480  68.5  1  0  7 21 0 0 1 1 1 0 0 1 0 1 1 0 0 1
2014   2 28  8 38 33 467130  -22.90192  -45.56768     3984  68.6  2  0  6 15 0 0 1 1 1 0 0 1 0 1 0 0 0 1
2014   2 28  8 38 33 475784  -22.94143  -45.51566     5327  72.0  2  0  5 10 0 0 1 1 1 0 0 1 0 0 0 0 0 1
2014   2 28  8 38 34 239029   25.02635  -77.70756    19940  76.4  2  0  7 16 0 0 1 1 1 0 0 1 0 0 1 1 0 1
2014   2 28  8 38 34 677092   -2.33254    2.60931    26168  50.7  2  0  5 10 0 0 1 1 1 0 0 1 0 0 0 0 0 1
2014   2 28  8 38 34 852845   -2.24132    2.53812    36358  71.1  2  0  5 10 0 0 1 1 1 0 0 1 0 0 1 0 0 0
2014   2 28  8 38 34 868459    7.30927  -72.75938    13115  25.0  0  0  5 10 0 0 1 1 1 0 0 0 0 0 1 0 0 1
2014   2 28  8 38 35 604138  -30.74915  -40.56430     3844  24.8  0  0  5 10 0 0 1 1 1 0 0 0 0 0 1 0 0 1
2014   2 28  8 38 36 507192   -1.07227  148.97864    13186  95.9  2  0  6 14 0 0 1 1 1 0 0 1 0 0 1 1 0 0
2014   2 28  8 38 36 951105  -21.46935  -46.79421     3973  65.3  2  0  6 15 0 0 1 1 1 0 0 1 0 0 1 0 0 1
2014   2 28  8 38 36 999626  -21.45312  -46.78571     3945  64.5  2  0  6 15 0 0 1 1 1 0 0 1 0 0 1 0 0 1
2014   2 28  8 38 40  54222    7.47381  -73.66939     2852  12.2  0  0  7 21 0 0 1 1 1 0 0 1 0 0 1 1 0 1
2014   2 28  8 38 40 723990    3.05048    8.65121    10667   6.6  0  0  5 10 0 0 1 1 1 0 0 1 0 0 0 0 0 1
2014   2 28  8 38 41 305294  -10.76968  -57.57384     3281   9.0  0  0  5  9 0 0 0 1 0 0 0 1 0 1 1 0 0 1
2014   2 28  8 38 41 316985  -10.64598  -57.68145     2485  16.2  0  0  7 21 0 0 1 1 1 0 0 1 0 0 1 1 0 1
2014   2 28  8 38 41 797657  -23.72943  -45.45515     3087  23.8  0  0  6 15 0 0 1 1 1 0 0 1 0 0 1 0 0 1
2014   2 28  8 38 42 337883  -23.79942  -45.44072     3764  29.0  0  0  5  9 0 0 1 1 1 0 0 1 0 0 0 0 0 1
2014   2 28  8 38 42 548872  -24.08065  -45.21028     3245  29.8  0  0  6 15 0 0 1 1 1 0 0 1 0 0 1 0 0 1
2014   2 28  8 38 42 812612   -6.13822  174.91823    22022  21.8  0  0  5  9 0 0 1 1 0 0 0 1 0 0 1 0 0 1
2014   2 28  8 38 42 875675   -7.58502  178.29436    27504   6.5  0  0  5 10 0 0 0 1 1 0 0 1 0 0 1 0 0 1
2014   2 28  8 38 43 484241  -22.33534  -46.07212     2894  37.6  0  0  7 21 0 0 1 1 1 0 0 1 0 1 1 1 0 0
2014   2 28  8 38 44   7258  -21.68031  -45.72596     3234   4.7  0  0  4  6 0 0 1 1 0 0 0 1 0 0 1 0 0 0
2014   2 28  8 38 44 170149  -21.64421  -45.82780     3743  32.6  1  0  5  9 0 0 1 1 1 0 0 1 0 0 0 0 0 1
2014   2 28  8 38 44 221652  -21.63890  -45.83554     3354  31.9  1  0  5 10 0 0 0 1 1 0 0 1 0 0 1 0 0 1
2014   2 28  8 38 44 246229   -4.00293  -71.04106     6124  29.8  0  0  5 10 0 0 1 1 1 0 0 1 0 0 1 0 0 0
2014   2 28  8 38 44 282862  -21.63638  -45.83070     2923  28.4  0  0  6 15 0 0 1 1 1 0 0 1 0 0 1 0 0 1
2014   2 28  8 38 44 352575  -21.60554  -45.90651     2809  39.7  0  0  7 21 0 0 1 1 1 0 0 1 0 1 1 0 0 1
2014   2 28  8 38 44 526038  -21.63088  -45.99162     3087  36.6  0  0  6 14 0 0 1 0 1 0 0 1 0 1 0 1 0 1
2014   2 28  8 38 45 545268  -21.84989 -140.42181    11524  50.5  1  0  7 21 0 0 1 1 1 0 0 1 0 0 1 1 0 1
2014   2 28  8 38 45 945263  -23.32270  -45.77831     4500  46.4  1  0  5 10 0 0 1 0 1 0 0 1 0 0 1 0 0 1
2014   2 28  8 38 45 960272  -23.32587  -45.72837     4048  49.3  1  0  6 15 0 0 1 1 1 0 0 1 0 0 1 0 0 1
2014   2 28  8 38 46 825907  -21.69993  -47.16924     3142   3.3  0  0  4  6 0 0 1 1 0 0 0 1 0 0 1 0 0 0
2014   2 28  8 38 46 837974  -21.62168  -47.32215     2977  32.4  0  0  6 15 0 0 1 1 1 0 0 1 0 0 1 0 0 1
2014   2 28  8 38 46 928459  -20.96451  -46.33643     3684  59.6  1  0  6 15 0 0 0 0 1 0 0 1 0 1 1 1 0 1
2014   2 28  8 38 46 936869  -20.89647  -46.25146     3058  52.2  1  0  7 21 0 0 1 1 1 0 0 1 0 0 1 1 0 1
2014   2 28  8 38 47   8083  -21.55458  -47.29751     3942  99.6  2  0  7 19 0 0 1 1 1 0 0 1 0 0 1 0 1 1
2014   2 28  8 38 47 920944    1.40861    4.91720    24302  22.9  1  0  4  6 0 0 1 1 1 0 0 1 0 0 0 0 0 0
2014   2 28  8 38 49 713595   22.54471  -86.33292    11479  73.0  2  0  7 20 0 0 1 1 1 0 0 1 0 0 1 1 0 1
2014   2 28  8 38 51 139681  -12.30545  -71.45214     3470  47.8  0  0  7 21 0 0 1 1 1 0 0 0 0 1 1 1 0 1
2014   2 28  8 38 51 145746  -11.43552  -72.32355     7456  11.8  0  0  4  6 0 0 1 1 0 0 0 0 0 0 1 0 0 1
2014   2 28  8 38 51 703697   -0.87680  -71.96628     5248  86.2  2  0  7 21 0 0 1 1 1 0 0 1 0 1 0 1 0 1
2014   2 28  8 38 51 880117   -2.14867   -6.84109    20837   2.5  0  0  4  6 0 0 0 1 0 0 0 1 0 0 1 0 0 1
2014   2 28  8 38 52 195908   -7.50578  -68.00256     5705  98.9  2  0  6 15 0 0 1 1 0 0 0 1 0 0 1 1 0 1
2014   2 28  8 38 52 337905  -33.27092  -39.38137     4086  47.9  0  0  7 21 0 0 1 1 1 0 0 0 0 1 1 1 0 1
2014   2 28  8 38 52 360106  -33.32922  -39.49479     5531  84.3  2  0  7 21 0 0 1 1 1 0 0 1 0 1 1 0 0 1
2014   2 28  8 38 52 379963  -33.38306  -39.17833     4102  24.4  0  0  5 10 0 0 1 1 1 0 0 0 0 0 1 0 0 1
2014   2 28  8 38 52 413306  -33.33963  -39.45452     5552  84.6  2  0  7 21 0 0 1 1 1 0 0 1 0 1 1 0 0 1
2014   2 28  8 38 52 426082  -33.31878  -39.49838     6820  93.4  2  0  6 15 0 0 1 1 1 0 0 1 0 1 1 0 0 0
2014   2 28  8 38 52 453908  -33.40030  -39.32538    10325  85.2  2  0  5 10 0 0 1 1 1 0 0 1 0 0 0 0 0 1
2014   2 28  8 38 52 494313  -31.63930  -41.81911    11144  24.8  1  0  4  6 0 0 0 0 0 0 0 1 0 1 1 0 0 1
2014   2 28  8 38 52 629573  -14.56893  -43.82817     3501  44.8  1  0  5 10 0 0 1 1 1 0 0 1 0 0 1 0 0 0
2014   2 28  8 38 52 655906  -33.41485  -39.26186     6246  78.3  2  0  6 15 0 0 1 1 1 0 0 1 0 0 1 0 0 1
2014   2 28  8 38 52 713035  -33.41444  -39.26668     6289  79.1  2  0  6 15 0 0 1 1 1 0 0 1 0 0 1 0 0 1
2014   2 28  8 38 53 481541  -20.86189  -46.22730     3102  62.9  1  0  7 21 0 0 1 1 1 0 0 0 0 1 1 1 0 1
2014   2 28  8 38 53 495917  -33.50370  -38.89914     4358  52.6  1  0  7 21 0 0 1 1 1 0 0 0 0 1 1 1 0 1
2014   2 28  8 38 53 568550  -33.29856  -40.44009     6558  32.2  1  0  5 10 0 0 1 0 1 0 0 1 0 1 0 0 0 1
2014   2 28  8 38 53 599669  -33.61263  -38.69489     4302  26.4  0  0  5 10 0 0 1 1 1 0 0 0 0 0 1 0 0 1
2014   2 28  8 38 53 655892  -33.55012  -38.71436     4380  39.5  0  0  6 15 0 0 1 1 1 0 0 0 0 0 1 1 0 1
2014   2 28  8 38 53 725158  -33.50808  -38.89439     4392  53.4  1  0  7 21 0 0 1 1 1 0 0 0 0 1 1 1 0 1
2014   2 28  8 38 53 800507  -23.46432  -45.53003     4537 105.0  2  0  7 20 0 0 1 1 1 0 0 1 0 1 1 1 0 0
2014   2 28  8 38 53 842162  -33.76001  -38.60456     8324  80.4  2  0  5 10 0 0 1 1 0 0 0 1 0 0 1 0 0 1
2014   2 28  8 38 54 219585  -31.66005  -41.68058    11094  24.0  1  0  4  6 0 0 0 0 0 0 0 1 0 1 1 0 0 1
2014   2 28  8 38 54 311923  -33.56195  -39.30015    11255  79.0  2  0  5 10 0 0 1 0 1 0 0 1 0 0 1 0 0 1
2014   2 28  8 38 54 322527  -33.66852  -38.76530     6845  87.0  2  0  6 15 0 0 1 1 1 0 0 1 0 0 1 0 0 1
2014   2 28  8 38 54 826379  -21.07893 -139.99278    15016  75.9  2  0  7 21 0 0 1 1 1 0 0 0 0 1 1 1 0 1
2014   2 28  8 38 54 895314  -33.67220  -38.74779     7059  90.8  2  0  6 15 0 0 1 1 1 0 0 1 0 0 1 0 0 1
2014   2 28  8 38 54 908180  -21.05724 -141.58769    22358 121.7  2  0  7 21 0 0 1 1 1 0 0 1 0 1 1 1 0 0
2014   2 28  8 38 55  38422  -21.07749 -139.96866    15237  77.2  2  0  7 21 0 0 1 1 1 0 0 0 0 1 1 1 0 1
2014   2 28  8 38 56   7660  -34.34148  -37.62111     3966  13.6  0  0  5 10 0 0 1 1 1 0 0 1 0 0 0 0 0 1
2014   2 28  8 38 56 189083    1.84574  -84.42389     4019   3.3  0  0  4  6 0 0 1 1 0 0 0 0 0 0 0 1 0 1
2014   2 28  8 38 56 204986    1.84108  -84.72678     6215  13.0  0  0  5 10 0 0 0 1 1 0 0 1 0 0 0 1 0 1
2014   2 28  8 38 56 719198  -34.29075  -37.59113     6493  18.5  0  0  4  6 0 0 1 1 0 0 0 1 0 0 0 0 0 1
2014   2 28  8 38 56 780686  -34.24345  -37.64148     4308  18.1  0  0  5 10 0 0 1 1 1 0 0 1 0 0 0 0 0 1
2014   2 28  8 38 57 822904  -10.47045  -57.18483     2853  17.3  0  0  6 15 0 0 1 1 1 0 0 1 0 1 0 0 0 1
2014   2 28  8 39  0 291049  -22.34295  -46.07958     3327  32.1  1  0  5 10 0 0 1 1 1 0 0 1 0 0 0 0 0 1
2014   2 28  8 39  0 708762  -33.80691  -40.23201     4195  45.0  0  0  7 20 0 0 1 1 1 0 0 1 0 1 0 1 0 1
2014   2 28  8 39  0 753054  -33.89724  -39.99327     6017  38.5  1  0  5 10 0 0 1 1 1 0 0 1 0 0 0 0 0 1
2014   2 28  8 39  0 812502  -33.89695  -39.96371     6107  39.4  1  0  5 10 0 0 1 1 1 0 0 1 0 0 0 0 0 1
2014   2 28  8 39  1  67587  -34.11102  -40.37914     4240  46.3  0  0  7 21 0 0 1 1 1 0 0 1 0 1 0 1 0 1
2014   2 28  8 39  1 209340  -34.24543  -39.97538     6292  40.1  1  0  5 10 0 0 1 1 1 0 0 1 0 0 0 0 0 1
2014   2 28  8 39  1 326963  -34.17773  -40.16338     6298  40.5  1  0  5 10 0 0 1 1 1 0 0 1 0 0 0 0 0 1
2014   2 28  8 39  1 503512  -23.75251  -45.49384     3112  47.4  0  0  7 21 0 0 1 1 1 0 0 1 0 1 0 1 0 1
2014   2 28  8 39  1 529329  -23.76679  -45.48495     3244  47.3  0  0  7 19 0 0 1 1 1 0 0 1 0 1 0 1 0 1
2014   2 28  8 39  1 621429  -21.83122 -145.91544    20713  11.8  0  0  4  6 0 0 0 1 0 0 0 1 0 1 0 1 0 0
2014   2 28  8 39  2 888484  -21.86980 -139.36356     8010  23.3  0  0  6 15 0 0 1 1 1 0 0 0 0 1 0 1 0 1
2014   2 28  8 39  3 105897  -21.89750 -140.18510    16516  65.2  2  0  6 15 0 0 1 1 0 0 0 1 0 1 0 1 0 1
2014   2 28  8 39  3 318668  -21.52394  -45.73871     3956  43.5  1  0  5 10 0 0 1 1 1 0 0 1 0 0 0 0 0 1
2014   2 28  8 39  5 132989   -9.74310  160.20905    14312  74.3  2  0  6 14 0 0 1 1 1 0 0 1 0 0 0 1 0 1
2014   2 28  8 39  5 592774  -13.87867  173.97786    26579  79.4  2  0  7 16 0 0 1 1 1 0 0 1 0 1 0 1 0 1
2014   2 28  8 39  5 660252  -18.69145 -178.58952    46687  33.3  1  0  5 10 0 0 1 1 1 0 0 1 0 0 0 0 0 1
2014   2 28  8 39  5 677042  -18.68629 -178.66798    47460  33.8  1  0  5 10 0 0 1 1 1 0 0 1 0 0 0 0 0 1
2014   2 28  8 39  5 937215   -0.81529  -71.74831     4932  78.4  2  0  7 21 0 0 1 1 1 0 0 1 0 1 0 1 0 1
2014   2 28  8 39  7 286029   -7.28597    6.20579    24028  51.8  2  0  5 10 0 0 1 1 1 0 0 1 0 0 0 0 0 1
2014   2 28  8 39  8 899467    7.57938  -73.54241     6658  95.2  2  0  7 21 0 0 1 1 1 0 0 1 0 1 0 1 0 1
2014   2 28  8 39 10 601944  -14.60467  -43.95397     3477  42.0  1  0  6 11 0 0 1 1 1 0 0 1 0 0 0 1 0 1
2014   2 28  8 39 10 988877   -4.03166    2.88508    30417  63.4  2  0  5 10 0 0 1 1 1 0 0 1 0 0 0 0 0 1
2014   2 28  8 39 13 105407  -21.53474  -46.25483     2512  17.2  0  0  6 15 0 0 1 1 1 0 0 1 0 1 0 0 0 1
2014   2 28  8 39 13 452813  -23.01087  -45.81206     3057  19.7  0  0  5 10 0 0 1 1 1 0 0 1 0 0 0 0 0 1
2014   2 28  8 39 13 460508  -23.00638  -45.81409     3020  19.0  0  0  5 10 0 0 1 1 1 0 0 1 0 0 0 0 0 1
2014   2 28  8 39 14 336448    1.20360  151.16190    15197  40.9  1  0  6 15 0 0 1 1 1 0 0 1 0 1 0 0 0 1
2014   2 28  8 39 14 813424   -7.02149    8.55865    19904  21.2  1  0  4  6 0 0 1 1 0 0 0 1 0 0 0 0 0 1
2014   2 28  8 39 14 876341   -7.06775    8.45171    12213  19.5  0  0  5 10 0 0 1 1 1 0 0 1 0 0 0 0 0 1
2014   2 28  8 39 15 384751   -3.99849  -71.36645     5126  22.8  0  0  5 10 0 0 1 1 1 0 0 1 0 0 0 0 0 1
2014   2 28  8 39 15 709561    6.97852  -78.14283     8646  26.1  0  0  5 10 0 0 1 1 1 0 0 1 0 0 0 0 0 1
2014   2 28  8 39 16 349329  -20.67596  -46.22152     3844  33.0  1  0  5  8 0 0 1 1 1 0 0 1 0 0 0 0 0 1
2014   2 28  8 39 16 401258    6.80890  -78.00053    10102  30.6  1  0  5  9 0 0 1 1 1 0 0 1 0 0 0 0 0 1
2014   2 28  8 39 16 871261    2.15808   -0.91381    17170  24.7  0  0  5 10 0 0 1 1 1 0 0 1 0 0 0 0 0 1
2014   2 28  8 39 17 596103  -20.53465 -137.86145    29636  23.7  1  0  4  6 0 0 1 1 1 0 0 1 0 0 0 0 0 0
2014   2 28  8 39 17 885324  -20.55457 -137.50583    29195  23.6  1  0  4  6 0 0 1 1 1 0 0 1 0 0 0 0 0 0
2014   2 28  8 39 18  70446  -20.35890 -138.09959    22921  31.7  1  0  5 10 0 0 1 1 1 0 0 1 0 0 0 0 0 1
2014   2 28  8 39 20 232092   -5.35089  -71.19436     5217  39.8  0  0  6 15 0 0 1 1 1 0 0 1 0 1 0 0 0 1
2014   2 28  8 39 20 456769   -5.05124  -71.16674     7275  45.4  1  0  5 10 0 0 1 1 1 0 0 1 0 0 0 0 0 1
2014   2 28  8 39 20 503968   -5.73436  -69.99182    16963  38.5  1  0  5  8 0 0 0 1 1 0 0 1 0 1 0 0 0 1
2014   2 28  8 39 21 383148   -4.93645  -71.17805     7823  50.4  2  0  5 10 0 0 1 1 1 0 0 1 0 0 0 0 0 1
2014   2 28  8 39 22  93154  -10.91302  -57.09760     5504  44.4  1  0  5  8 0 0 1 1 1 0 0 1 0 0 0 0 0 1
2014   2 28  8 39 22 930647  -24.60189 -133.76654    33907  50.2  2  0  5 10 0 0 1 1 1 0 0 1 0 0 0 0 0 1
2014   2 28  8 39 24 356119  -21.39160  -46.84618     4755  66.2  2  0  5 10 0 0 1 1 1 0 0 1 0 0 0 0 0 1
2014   2 28  8 39 25 559030    5.28537  -72.39105    11239  67.2  2  0  6 15 0 0 1 1 1 0 0 1 0 1 0 0 0 1
2014   2 28  8 39 27 184743  -73.58079    7.82798    59167  55.5  2  0  5 10 0 0 1 1 1 0 0 1 0 0 0 0 0 1
