2014   2 28  8 49 26 842669  -30.70039  -40.64543     7115  26.8  1  0  4  6 0 0 1 0 0 0 0 0 0 1 1 1 0 0
2014   2 28  8 49 36 315474  -21.81002 -140.53436    10180   1.6  0  0  4  6 0 0 1 1 0 0 0 0 0 0 1 1 0 0
2014   2 28  8 49 36 947453  -21.55806  -47.49333     2450  12.0  0  0  6 15 0 0 1 1 0 0 0 0 0 1 1 1 0 1
2014   2 28  8 49 40 607361   -1.42835    5.46085    49051  15.1  0  0  4  6 0 0 1 1 0 0 0 0 0 0 1 0 0 1
2014   2 28  8 49 41 298004    6.99214  -74.81073    10076  47.4  1  0  5 10 0 0 0 1 0 0 0 0 0 1 1 1 0 1
2014   2 28  8 49 41 871177   -9.37040  -67.16998     3984  23.0  1  0  4  6 0 0 1 1 0 0 0 0 0 0 1 1 0 0
2014   2 28  8 49 42 603743  -10.59470  -57.61951     4289  51.1  2  0  5 10 0 0 1 1 0 0 0 0 0 0 1 1 0 1
2014   2 28  8 49 42 948949  -10.68495  -57.70012     4183  65.2  2  0  6 15 0 0 1 1 0 0 0 0 0 1 1 1 0 1
2014   2 28  8 49 43  89703  -20.91612 -142.73250    23552  66.7  2  0  5 10 0 0 1 1 0 0 0 0 0 1 0 1 0 1
2014   2 28  8 49 43 386501    2.62583  -69.78291    36929  24.5  1  0  4  6 0 0 0 1 0 0 0 0 0 1 1 0 0 1
2014   2 28  8 49 45 198500  -21.86437  -46.88501     3057   1.9  0  0  4  6 0 0 1 1 0 0 0 0 0 0 1 0 0 1
2014   2 28  8 49 45 230113  -21.84309  -46.89983     3057   2.1  0  0  4  6 0 0 1 1 0 0 0 0 0 0 1 0 0 1
2014   2 28  8 49 45 310005  -21.81996  -46.89267     3060   2.0  0  0  4  6 0 0 1 1 0 0 0 0 0 0 1 0 0 1
2014   2 28  8 49 45 960132   -4.78316  -72.38133     6666  96.6  2  0  6 15 0 0 1 1 0 0 0 0 0 1 1 1 0 1
2014   2 28  8 49 47 828219    5.54636  -86.79763    12229 116.3  2  0  6 15 0 0 1 1 0 0 0 0 0 1 1 1 0 1
2014   2 28  8 49 49 750668  -21.99087  -45.99570     2973   3.3  0  0  4  6 0 0 1 1 0 0 0 0 0 0 1 0 0 1
2014   2 28  8 49 49 947116  -22.29556 -140.13037    31836 124.0  2  0  6 15 0 0 1 1 0 0 0 0 0 1 1 1 0 1
2014   2 28  8 49 49 980031  -22.29117 -140.15080    31831 123.9  2  0  6 15 0 0 1 1 0 0 0 0 0 1 1 1 0 1
2014   2 28  8 49 50  53367  -22.29885 -140.16025    32032 124.5  2  0  6 15 0 0 1 1 0 0 0 0 0 1 1 1 0 1
2014   2 28  8 49 50 139412  -21.97442  -45.79071     2941   0.4  0  0  4  6 0 0 1 1 0 0 0 0 0 0 1 0 0 1
2014   2 28  8 49 50 434615  -22.02375  -46.75264     3059   1.9  0  0  4  6 0 0 1 1 0 0 0 0 0 0 1 0 0 1
2014   2 28  8 49 50 678511  -21.26998  -45.97252     4489  20.0  1  0  4  6 0 0 1 0 0 0 0 0 0 1 1 0 0 1
2014   2 28  8 49 53  49510  -31.58425 -132.30882    17962   6.0  0  0  5  7 0 0 1 0 1 0 0 1 0 0 1 0 0 1
2014   2 28  8 49 53  98474   37.89742 -174.54517     5799  10.5  0  0  6 15 0 0 1 0 1 0 0 1 0 1 1 0 0 1
2014   2 28  8 49 53 284489  -31.26039 -131.29671     6197   9.7  0  0  6 15 0 0 1 1 0 0 0 1 0 0 1 1 0 1
2014   2 28  8 49 53 538902  -20.96523  -46.42616     2342  14.8  0  0  7 21 0 0 1 1 1 0 0 1 0 1 1 0 0 1
2014   2 28  8 49 53 549716  -20.97906  -46.41154     2623  10.1  0  0  5 10 0 0 0 1 1 0 0 1 0 0 1 0 0 1
2014   2 28  8 49 54 668364  -33.23543  -40.02177     3244  16.0  0  0  6 15 0 0 1 1 1 0 0 1 0 0 1 0 0 1
2014   2 28  8 49 55 102396  -21.23787  -47.83323     2716  23.8  0  0  6 15 0 0 1 1 1 0 0 1 0 0 1 0 0 1
2014   2 28  8 49 55 131248  -21.24683  -47.85258     2998  22.9  0  0  5 10 0 0 0 1 1 0 0 1 0 0 1 0 0 1
2014   2 28  8 49 55 599272    6.72770  -78.29671     7976  30.5  1  0  5  7 0 0 1 0 1 0 0 1 0 0 1 1 0 0
2014   2 28  8 49 55 824721  -23.75080   20.97353    12084  32.7  0  0  6 15 0 0 1 1 1 0 0 1 0 0 1 0 0 1
2014   2 28  8 49 56    305   -6.74658    9.67876    20818  37.4  1  0  5 10 0 0 1 1 1 0 0 1 0 0 1 0 0 0
2014   2 28  8 49 56  91755   -6.72343    9.61570    13844  34.9  0  0  6 15 0 0 1 1 1 0 0 1 0 0 1 0 0 1
2014   2 28  8 49 56 924758    5.54904  -85.90012     6348  52.8  1  0  6 15 0 0 1 1 0 0 0 1 0 1 1 1 0 0
2014   2 28  8 49 56 933651    5.52773  -85.91291     6768  48.4  1  0  6 13 0 0 1 1 1 0 0 1 0 0 1 1 0 0
2014   2 28  8 49 56 941552    5.55410  -85.90685     6235  46.4  1  0  6 14 0 0 1 1 1 0 0 1 0 0 1 1 0 0
2014   2 28  8 49 57 357952   -6.47287    8.25074    16429  43.7  1  0  6 15 0 0 1 1 1 0 0 1 0 0 1 0 0 1
2014   2 28  8 49 57 939097    1.83611   10.33024    25856  39.4  1  0  5 10 0 0 1 1 0 0 0 1 0 0 1 0 0 1
2014   2 28  8 49 58 535811   -8.04043  -61.87395     4074  41.8  1  0  5 10 0 0 0 1 0 0 0 1 0 0 1 1 0 1
2014   2 28  8 49 58 687704   -8.03748  -61.90324     4080  53.0  1  0  6 15 0 0 0 1 1 0 0 1 0 0 1 1 0 1
2014   2 28  8 49 59 236132   -0.32053    6.11799    34791  65.1  2  0  5 10 0 0 1 1 1 0 0 1 0 0 0 0 0 1
2014   2 28  8 49 59 375874  -21.67286  -47.50415     3588  80.2  2  0  7 19 0 0 1 1 1 0 0 0 0 1 1 1 0 1
2014   2 28  8 49 59 565841  -21.83374  -47.29688     4134  55.7  2  0  5 10 0 0 0 1 1 0 0 1 0 0 1 0 0 1
2014   2 28  8 50  0 288694  -25.26798  -44.66734     3237  40.1  0  0  7 21 0 0 0 1 1 0 0 1 0 1 1 1 0 1
2014   2 28  8 50  0 347608  -25.46764  -44.55028     3926  36.6  1  0  5 10 0 0 1 1 1 0 0 0 0 0 1 0 0 1
2014   2 28  8 50  0 366362  -25.43019  -44.53355     3305  33.0  0  0  6 15 0 0 1 1 1 0 0 1 0 0 1 0 0 1
2014   2 28  8 50  0 579715  -33.55562  -39.32513     7784  70.3  2  0  6 15 0 0 1 0 1 0 0 1 0 1 1 1 0 0
2014   2 28  8 50  0 635431  -33.43116  -40.14790     3359   5.1  0  0  5 10 0 0 1 1 1 0 0 1 0 0 0 0 0 1
2014   2 28  8 50  0 649848  -33.64854  -39.24799     7150  42.6  1  0  5 10 0 0 1 0 1 0 0 1 0 0 1 0 0 1
2014   2 28  8 50  0 681336  -33.44342  -40.13343     4136   5.2  0  0  4  6 0 0 1 1 1 0 0 1 0 0 0 0 0 0
2014   2 28  8 50  0 713992  -33.56134  -39.66370     5870  55.6  1  0  6 15 0 0 1 1 1 0 0 1 0 0 1 0 0 1
2014   2 28  8 50  1  16339  -33.58568  -39.70003     6038  58.1  1  0  6 15 0 0 1 1 1 0 0 1 0 0 1 0 0 1
2014   2 28  8 50  1  37101  -33.60244  -39.69349     4773  57.5  1  0  7 21 0 0 1 1 1 0 0 1 0 1 1 0 0 1
2014   2 28  8 50  1  53126  -33.64776  -39.58602     7737  65.5  2  0  5 10 0 0 1 1 1 0 0 0 0 0 1 0 0 1
2014   2 28  8 50  1 196375  -33.54859  -39.68682     7721  65.8  2  0  5 10 0 0 1 1 1 0 0 0 0 0 1 0 0 1
2014   2 28  8 50  1 230546  -33.57813  -39.61276     6095  58.8  1  0  6 15 0 0 1 1 1 0 0 1 0 0 1 0 0 1
2014   2 28  8 50  1 292571  -33.55001  -39.68851     7703  65.6  2  0  5 10 0 0 1 1 1 0 0 0 0 0 1 0 0 1
2014   2 28  8 50  1 414896    7.83249  -74.01276     6692  77.9  2  0  6 14 0 0 1 1 1 0 0 1 0 0 1 1 0 0
2014   2 28  8 50  2  48887  -33.42892  -39.90824     6456  65.0  2  0  6 15 0 0 1 1 1 0 0 1 0 0 1 0 0 1
2014   2 28  8 50  2 743033  -10.73694  -56.80228     5140  93.8  2  0  7 21 0 0 1 1 1 0 0 1 0 1 1 0 0 1
2014   2 28  8 50  3  14834  -14.58367  -44.60594     3677  65.5  2  0  6 15 0 0 1 1 1 0 0 1 0 0 1 0 0 1
2014   2 28  8 50  3 409156   -4.56840  -72.09763     6004  94.3  2  0  6 14 0 0 1 1 1 0 0 1 0 0 1 1 0 0
2014   2 28  8 50  4 834549  -22.44457  -46.06147     5362  86.4  2  0  5 10 0 0 1 1 0 0 0 1 0 0 1 0 0 1
2014   2 28  8 50  4 843077  -22.48265  -46.08030     4588  91.7  2  0  6 15 0 0 1 1 1 0 0 1 0 0 1 0 0 1
2014   2 28  8 50  5   2522  -22.99371  -45.80556     4055  51.2  2  0  5 10 0 0 0 1 1 0 0 0 0 0 1 1 0 1
2014   2 28  8 50  5 249192    1.37348    9.57792    43846 107.7  2  0  6 15 0 0 1 1 1 0 0 1 0 0 1 0 0 1
2014   2 28  8 50  5 832021  -21.51947  -47.30115     4956 108.4  2  0  6 15 0 0 1 1 1 0 0 1 0 1 1 0 0 0
2014   2 28  8 50  5 895536  -21.32936  -47.54610     3876  25.9  1  0  4  6 0 0 0 1 0 0 0 1 0 1 1 0 0 0
2014   2 28  8 50  5 936832  -21.51999  -46.83786     3739  44.4  1  0  5 10 0 0 1 0 1 0 0 1 0 0 1 0 0 1
2014   2 28  8 50  6 309377  -20.73330 -144.11481    17990  49.0  1  0  5 10 0 0 1 1 0 0 0 1 0 0 1 1 0 0
2014   2 28  8 50  6 364229  -20.73950 -144.12477    18063  49.0  1  0  5 10 0 0 1 1 0 0 0 1 0 0 1 1 0 0
2014   2 28  8 50  6 524667    3.73419   24.63829    12753  27.9  0  0  5 10 0 0 1 0 1 0 0 0 0 0 1 1 0 1
2014   2 28  8 50  6 661206  -21.61698  -47.11789     4209 121.5  2  0  7 21 0 0 1 1 1 0 0 1 0 1 1 0 0 1
2014   2 28  8 50  6 842603   -7.28387    6.60271    27036  59.3  2  0  5 10 0 0 1 0 1 0 0 1 0 0 1 0 0 1
2014   2 28  8 50  7 326454  -20.96373 -143.27913    12532  14.3  0  0  4  6 0 0 1 0 0 0 0 1 0 0 1 1 0 0
2014   2 28  8 50  7 727870  -21.53042 -140.60356    20018 101.6  2  0  7 21 0 0 1 0 1 0 0 1 0 1 1 1 0 1
2014   2 28  8 50  8  43221    2.74990  -95.73412     7143  15.1  0  0  5 10 0 0 0 1 1 0 0 1 0 0 1 1 0 0
2014   2 28  8 50  8 568762    2.46778   -0.31119    11164   7.8  0  0  5 10 0 0 1 1 0 0 0 1 0 0 1 0 0 1
2014   2 28  8 50  8 957658    8.28996  -73.08473     4195  23.7  0  0  6 13 0 0 1 0 1 0 0 1 0 0 1 1 0 1
2014   2 28  8 50  9  66117  -21.60791  -46.74295     2709  13.6  0  0  5 10 0 0 0 1 1 0 0 1 0 0 1 0 0 1
2014   2 28  8 50  9 135728  -21.63215  -46.74549     2735  14.6  0  0  5 10 0 0 0 1 1 0 0 1 0 0 1 0 0 1
2014   2 28  8 50  9 151134  -21.65129  -46.74241     3054  14.0  0  0  4  6 0 0 0 1 0 0 0 1 0 0 1 0 0 1
2014   2 28  8 50  9 473199    2.35830    7.18694    10717   7.3  0  0  5 10 0 0 1 1 1 0 0 1 0 0 0 0 0 1
2014   2 28  8 50 11 201060  -34.12030 -123.34238    38248   5.5  0  0  5 10 0 0 0 1 1 0 0 1 0 0 1 0 0 1
2014   2 28  8 50 11 220711  -32.88710 -133.12442    10713  35.2  0  0  7 20 0 0 1 1 1 0 0 1 0 0 1 1 0 1
2014   2 28  8 50 11 777407  -21.62969  -45.85762     2932  35.0  0  0  6 15 0 0 1 1 0 0 0 1 0 1 1 0 0 1
2014   2 28  8 50 11 807811  -23.42752  -45.63265     4103  31.2  1  0  5 10 0 0 0 1 1 0 0 1 0 0 1 0 0 1
2014   2 28  8 50 11 970573  -23.41986  -45.63960     4239  34.0  1  0  5 10 0 0 0 1 1 0 0 1 0 0 1 0 0 1
2014   2 28  8 50 12  90505  -21.62812  -45.80656     3141  25.0  0  0  5 10 0 0 0 1 1 0 0 1 0 0 1 0 0 1
2014   2 28  8 50 12 282000    0.94083  -25.26046     2756  12.1  0  0  6 14 0 0 1 0 1 0 0 0 1 0 1 1 0 1
2014   2 28  8 50 12 793188  -21.55617  -46.06424     2700  36.6  0  0  7 21 0 0 1 1 1 0 0 0 0 1 1 1 0 1
2014   2 28  8 50 12 828494  -21.60652  -46.06775     2599  20.2  0  0  6 15 0 0 1 1 1 0 0 0 0 1 1 0 0 1
2014   2 28  8 50 12 840366  -21.64779  -46.01933     3024  18.8  0  0  5 10 0 0 1 1 1 0 0 0 0 0 1 0 0 1
2014   2 28  8 50 13 156064  -21.50352  -46.00193     2850  24.0  0  0  6 14 0 0 1 0 1 0 0 0 0 1 1 1 0 1
2014   2 28  8 50 13 194241  -21.72044  -45.97170     3353  31.5  1  0  5 10 0 0 0 1 1 0 0 1 0 0 1 0 0 1
2014   2 28  8 50 13 409564  -36.98657   39.55776    14368  31.1  0 -1  6 15 0 0 1 1 1 0 0 1 0 0 1 0 0 1
2014   2 28  8 50 13 453200   29.51184 -130.92172    10704  49.2  0  0  7 21 0 0 1 1 0 0 0 1 0 1 1 1 0 1
2014   2 28  8 50 13 638338  -21.18199  -46.19944     3312  29.0  0  0  5 10 0 0 0 1 1 0 0 1 0 0 1 0 0 1
2014   2 28  8 50 13 936998   -7.45270    7.48103    18300  34.4  1  0  5 10 0 0 1 1 1 0 0 1 0 0 1 0 0 0
2014   2 28  8 50 14 188344  -15.21068  162.46397    47108  34.0  1  0  5 10 0 0 0 1 1 0 0 1 0 1 0 0 0 1
2014   2 28  8 50 15 204058   -3.74168  159.73027    17280   8.5  0  0  4  6 0 0 1 1 0 0 0 0 0 0 0 1 0 1
2014   2 28  8 50 16 605822  -23.77615  -45.40042     4685  72.6  2  0  6 15 0 0 0 1 0 0 0 1 0 1 1 1 0 1
2014   2 28  8 50 16 671258  -28.53185 -141.47557    51092  83.2  2  0  5 10 0 0 0 1 1 0 0 1 0 0 1 1 0 0
2014   2 28  8 50 16 679167  -23.87269  -45.29948     6268  66.9  2  0  5 10 0 0 0 1 1 0 0 1 0 0 1 0 0 1
2014   2 28  8 50 16 774018  -23.88510  -45.27463     6257  66.8  2  0  5 10 0 0 0 1 1 0 0 1 0 0 1 0 0 1
2014   2 28  8 50 17 262249   -9.73612  160.27191     8417  52.0  1  0  7 21 0 0 0 0 1 0 0 1 0 1 1 1 1 1
2014   2 28  8 50 17 868603  -25.32107 -121.77744    25490   4.1  0  0  5 10 0 0 0 1 1 0 0 1 0 0 1 0 0 1
2014   2 28  8 50 19  31526  -33.34039  -39.36714     7485  71.9  2  0  5 10 0 0 1 1 0 0 0 1 0 0 1 0 0 1
2014   2 28  8 50 19 142995  -33.30219  -39.46331     5735  69.8  2  0  6 15 0 0 1 1 1 0 0 1 0 0 1 0 0 1
2014   2 28  8 50 19 814185    7.67961  -73.49217     6216  89.1  2  0  7 21 0 0 1 1 1 0 0 1 0 0 1 1 0 1
2014   2 28  8 50 19 867404    7.70341  -73.51573     7736  94.4  2  0  6 15 0 0 1 1 0 0 0 1 0 0 1 1 0 1
2014   2 28  8 50 19 908661    6.46161  -72.54861    13859  76.2  2  0  6 15 0 0 1 1 1 0 0 1 0 0 1 0 0 1
2014   2 28  8 50 20   3741    7.67839  -73.48891     6243  89.5  2  0  7 21 0 0 1 1 1 0 0 1 0 0 1 1 0 1
2014   2 28  8 50 20  76067  -37.54263   37.37127    37944  69.6  2  0  5 10 0 0 1 1 1 0 0 1 0 0 0 0 0 1
2014   2 28  8 50 20 195905    7.48644  -73.01380     5088  28.1  0  0  5  7 0 0 1 1 1 0 0 0 0 1 0 1 0 0
2014   2 28  8 50 20 266165    7.67566  -73.74245    10279  99.2  2  0  7 20 0 0 0 1 1 0 0 1 0 1 1 1 0 1
2014   2 28  8 50 20 699559  -31.89215 -135.50798    23734 103.7  2  0  7 21 0 0 1 1 1 0 0 1 0 0 1 1 0 1
2014   2 28  8 50 21 557984  -33.96449  -37.72161    15250  99.9  2  0  6 15 0 0 0 1 1 0 0 1 0 1 1 0 0 1
2014   2 28  8 50 21 927818    3.54272  -70.15300    20069  46.2  1  0  5 10 0 0 0 1 1 0 0 1 0 0 1 0 0 1
2014   2 28  8 50 22   2757  -34.21113  -37.31537     7172  85.8  2  0  6 15 0 0 1 1 1 0 0 1 0 0 1 0 0 1
2014   2 28  8 50 22 243219   -4.81130  144.76268     5841   5.8  0  0  4  6 0 0 1 0 0 0 0 1 0 0 1 1 0 0
2014   2 28  8 50 23 197362  -12.00243  -70.80049     4022  29.9  0  0  6 15 0 0 0 1 1 0 0 0 0 1 1 1 0 1
2014   2 28  8 50 23 374892  -12.36632  -71.57973     6732 125.8  2  0  6 15 0 0 1 1 0 0 0 1 0 1 0 1 0 1
2014   2 28  8 50 23 410281  -12.22705  -71.35456     4549  29.5  1  0  4  6 0 0 1 1 1 0 0 0 0 0 0 1 0 0
2014   2 28  8 50 23 451695  -12.22060  -71.42324     3334  34.4  0  0  6 15 0 0 1 1 1 0 0 0 0 1 0 1 0 1
2014   2 28  8 50 23 686312  -21.79040  177.39375   138586 109.1  2  0  6 15 0 0 1 1 1 0 0 1 0 0 1 0 0 1
2014   2 28  8 50 23 706325  -12.37406  -72.15769    11571 115.3  2  0  6 15 0 0 0 0 1 0 0 1 0 1 1 1 0 1
2014   2 28  8 50 23 767629   -3.48588  -70.64740     3775  13.3  0  0  5  9 0 0 0 1 1 0 0 0 0 0 1 1 0 1
2014   2 28  8 50 24  37408  -12.49000  -71.53362     4755   7.1  0  0  5 10 0 0 0 1 1 0 0 1 0 0 1 0 0 1
2014   2 28  8 50 24 318464  -11.57599  163.10791    86346  23.2  1  0  4  6 0 0 1 0 0 0 0 1 0 0 1 0 0 1
2014   2 28  8 50 24 688520   13.83082  -77.73283     6370   5.3  0  0  5 10 0 0 0 1 1 0 0 1 0 0 0 1 0 1
2014   2 28  8 50 24 897932  -22.44649  -46.13327     2457  12.3  0  0  6 15 0 0 1 1 1 0 0 1 0 0 1 0 0 1
2014   2 28  8 50 24 935165  -22.44767  -46.13808     2606  10.9  0  0  5 10 0 0 0 1 1 0 0 1 0 0 1 0 0 1
2014   2 28  8 50 25 238415  -22.46782  -46.25538     2957  16.3  0  0  5 10 0 0 1 1 0 0 0 1 0 1 1 0 0 0
2014   2 28  8 50 25 329354  -22.39830  -46.07301     2531   5.5  0  0  5 10 0 0 1 1 0 0 0 1 0 0 1 0 0 1
2014   2 28  8 50 25 698039  -13.62313  172.98099     5387  11.6  0  0  7 21 0 0 0 1 1 0 0 1 0 1 0 1 1 1
2014   2 28  8 50 25 772371   21.13011 -110.54018    18388  29.1  0  0  5 10 0 0 0 1 0 0 0 1 0 0 1 1 0 1
2014   2 28  8 50 26 295555   -6.84133    9.28536    11762  15.9  0  0  5 10 0 0 1 1 0 0 0 1 0 0 1 0 0 1
2014   2 28  8 50 26 325412   -3.78343  -71.43847     3231  31.4  0  0  7 21 0 0 1 0 1 0 0 1 0 1 1 1 0 1
2014   2 28  8 50 26 345874   -6.99263    8.92734    13423  23.1  0  0  5 10 0 0 1 1 1 0 0 1 0 0 0 0 0 1
2014   2 28  8 50 26 392370   -3.79871  -71.48370     3239  31.6  0  0  7 21 0 0 1 0 1 0 0 1 0 1 1 1 0 1
2014   2 28  8 50 26 411086   -3.78314  -71.49662     3431  32.8  0  0  6 15 0 0 1 1 1 0 0 1 0 0 0 1 0 1
2014   2 28  8 50 26 459137   -3.78195  -71.49851     3657  37.4  0  0  6 15 0 0 1 1 1 0 0 1 0 1 0 1 0 0
2014   2 28  8 50 26 744466  -21.80635 -140.75980    14859  35.1  1  0  5 10 0 0 1 0 1 0 0 1 0 0 0 1 0 1
2014   2 28  8 50 26 970490  -21.80342 -140.26224    17579  21.6  1  0  4  6 0 0 1 0 0 0 0 0 0 0 1 1 0 1
2014   2 28  8 50 27  72063   -3.75864  -71.46096     4535  38.7  1  0  5 10 0 0 1 1 0 0 0 0 0 1 0 1 0 1
2014   2 28  8 50 27 335892  -16.39593  -52.04298     2769  34.5  0  0  7 21 0 0 1 1 1 0 0 1 0 1 1 0 0 1
2014   2 28  8 50 27 775819   -5.18532  -71.91203     7049  41.7  1  0  5 10 0 0 0 1 1 0 0 0 0 0 1 1 0 1
2014   2 28  8 50 28 482042   -7.92506  176.62907    13394  58.6  1  0  7 21 0 0 1 1 1 0 0 1 0 0 1 1 0 1
2014   2 28  8 50 28 825396  -21.72308  -45.95628     3383  34.7  1  0  5 10 0 0 0 1 1 0 0 1 0 0 1 0 0 1
2014   2 28  8 50 29  64104  -21.69812  -45.94530     3513  38.2  1  0  5 10 0 0 0 1 1 0 0 1 0 0 1 0 0 1
2014   2 28  8 50 29 342655  -21.67470  -45.95607     3043  36.4  0  0  6 15 0 0 1 1 1 0 0 1 0 0 1 0 0 1
2014   2 28  8 50 29 360476  -21.64615  -45.97137     3036  35.7  0  0  6 15 0 0 1 1 1 0 0 1 0 0 1 0 0 1
2014   2 28  8 50 29 367111    5.34580  -73.26539     3788   4.6  0  0  5 10 0 0 0 0 1 0 0 1 0 1 0 1 0 1
2014   2 28  8 50 29 766679  -21.61435  -46.93142     3117  39.3  0  0  6 15 0 0 1 1 1 0 0 1 0 0 1 0 0 1
2014   2 28  8 50 29 777118  -21.61769  -46.93929     3110  39.0  0  0  6 15 0 0 1 1 1 0 0 1 0 0 1 0 0 1
2014   2 28  8 50 30  30002   -7.17515  173.67747    19104  54.9  1  0  6 15 0 0 1 1 1 0 0 0 0 0 1 1 0 1
2014   2 28  8 50 30 151140   -1.00766  150.25017     6750  44.5  1  0  6 15 0 0 1 1 0 0 0 1 0 0 1 1 0 1
2014   2 28  8 50 31  92986   -6.54110  146.32698    11605  66.8  2  0  5 10 0 0 1 0 1 0 0 1 0 0 1 1 0 0
2014   2 28  8 50 31 202240    2.63266  -96.62577    14104  74.9  2  0  7 21 0 0 0 1 1 0 0 1 0 1 1 1 0 1
2014   2 28  8 50 31 653732    3.18951    9.94402    35795  55.6  2  0  5 10 0 0 1 1 0 0 0 1 0 0 1 0 0 1
2014   2 28  8 50 32 869063  -23.53059  -45.69468     6641  84.4  2  0  5 10 0 0 0 1 1 0 0 1 0 0 1 0 0 1
2014   2 28  8 50 33  67928  -23.48364  -45.88422     3775  55.3  1  0  6 14 0 0 1 1 0 0 0 1 0 1 1 1 0 0
2014   2 28  8 50 33 420128  -23.74571  -45.69961     3603  69.6  1  0  7 21 0 0 1 1 1 0 0 1 0 1 1 0 0 1
2014   2 28  8 50 33 452224  -23.74030  -45.68415     3604  69.5  1  0  7 21 0 0 1 1 1 0 0 1 0 1 1 0 0 1
2014   2 28  8 50 33 613272  -23.77825  -45.65695     4500  74.5  2  0  6 15 0 0 1 1 1 0 0 1 0 0 1 0 0 1
2014   2 28  8 50 33 654964  -28.55732 -136.00844    14799  24.4  0  0  5  8 0 0 1 1 0 0 0 1 0 0 1 1 0 0
2014   2 28  8 50 33 889142  -32.88423  -42.06078     5986  24.8  1  0  4  6 0 0 1 1 1 0 0 1 0 0 0 0 0 0
2014   2 28  8 50 33 905303  -32.85255  -42.09061     4703  29.7  0  0  5 10 0 0 1 1 1 0 0 1 0 0 0 0 0 1
2014   2 28  8 50 34 507838    7.74987  -74.00436     8655 102.0  2  0  7 16 0 0 1 1 1 0 0 1 0 0 1 1 0 1
2014   2 28  8 50 34 907841    1.52197  -67.07179     4016  81.8  2  0  7 21 0 0 1 1 1 0 0 1 0 0 1 1 1 0
2014   2 28  8 50 34 961859    1.48605  -66.38536     6356  62.4  2  0  5 10 0 0 1 0 0 0 0 0 0 1 1 1 0 1
2014   2 28  8 50 34 973507    1.42444  -66.80379     6945  77.0  2  0  6 12 0 0 1 0 1 0 0 1 0 0 1 1 0 1
2014   2 28  8 50 35  48970    1.40635  -67.29613     5967  97.6  2  0  7 21 0 0 0 1 1 0 0 1 0 1 1 1 0 1
2014   2 28  8 50 36  90497  -12.69557  171.58429    11610  74.1  2  0  7 21 0 0 1 1 0 0 0 1 0 0 1 1 1 1
2014   2 28  8 50 36 552292  -12.64499  157.36101    20873 107.1  2  0  6 15 0 0 0 1 1 0 0 1 0 1 1 1 0 0
2014   2 28  8 50 36 655379  -13.80449  158.63039   131888  25.7  1  0  4  6 0 0 1 1 0 0 0 1 0 0 1 0 0 0
2014   2 28  8 50 36 927254  -13.77299  159.75424    29460  96.0  2  0  6 15 0 0 1 1 1 0 0 0 0 1 0 1 0 1
2014   2 28  8 50 36 940423  -12.43881  157.19356    11357  26.2  0  0  5  9 0 0 1 1 0 0 0 1 0 0 1 1 0 0
2014   2 28  8 50 37 114382  -11.87334  -73.35774    10001 120.5  2  0  6 15 0 0 0 1 1 0 0 1 0 0 1 1 0 1
2014   2 28  8 50 37 443805  -12.41435  156.57341    15965  99.1  2  0  7 20 0 0 1 0 1 0 0 1 0 1 1 1 0 1
2014   2 28  8 50 38 212816  -32.85996  -41.23946     5141  17.8  0  0  4  6 0 0 1 1 1 0 0 1 0 0 0 0 0 0
2014   2 28  8 50 38 230699  -33.03204  -40.47015     8671 103.2  2  0  6 15 0 0 1 1 1 0 0 1 0 0 1 0 0 1
2014   2 28  8 50 38 250131  -32.80384  -41.31686     4576  27.9  0  0  5 10 0 0 1 1 1 0 0 1 0 0 0 0 0 1
2014   2 28  8 50 40  45671  -32.15656 -136.87517    15625   7.9  0  0  4  6 0 0 0 1 1 0 0 1 0 0 0 1 0 0
2014   2 28  8 50 40 154906  -10.35733  161.26117     6250  17.0  0  0  6 12 0 0 1 1 1 0 0 1 0 0 1 1 0 0
2014   2 28  8 50 40 286555  -24.97478  -96.82155     5709   9.4  0  0  5 10 0 0 1 0 1 0 0 1 0 0 1 0 0 1
2014   2 28  8 50 40 407658  -10.23726  160.91811     8509  14.5  0  0  6 14 0 0 1 1 1 0 0 0 0 1 0 1 0 1
2014   2 28  8 50 40 434674  -21.42785  -47.33246     2501   8.4  0  0  5 10 0 0 0 1 0 0 0 1 0 1 1 0 0 1
2014   2 28  8 50 40 610768  -22.05132  -50.08338     2487   6.6  0  0  5 10 0 0 1 1 0 0 0 1 0 1 0 0 0 1
2014   2 28  8 50 40 769296    0.43798    0.69181    13475   0.2  0  0  4  6 0 0 1 1 0 0 0 1 0 0 0 0 0 1
2014   2 28  8 50 40 777536  -21.79898 -141.54318     7645  11.4  0  0  7 21 0 0 0 1 1 0 0 1 0 1 1 1 0 1
2014   2 28  8 50 40 819340   -5.66659  -50.50315     2283   7.6  0  0  7 21 0 0 0 1 1 0 0 0 0 1 1 1 1 1
2014   2 28  8 50 40 821509  -10.06247  161.04022     4599  14.2  0  0  7 21 0 0 1 0 1 0 0 1 0 1 1 1 0 1
2014   2 28  8 50 40 860382  -22.11739 -140.33754     9784   8.3  0  0  6 15 0 0 1 1 1 0 0 1 0 0 1 0 0 1
2014   2 28  8 50 40 967805  -22.09215 -140.42570    13221   8.3  0  0  5 10 0 0 1 1 1 0 0 1 0 0 1 0 0 0
2014   2 28  8 50 41  48660   -9.99839  160.74223     6850  16.5  0  0  7 20 0 0 1 1 1 0 0 0 0 1 1 1 0 1
2014   2 28  8 50 41 168380  -21.80247 -141.36681    11226  13.0  0  0  4  6 0 0 1 1 0 0 0 1 0 0 0 1 0 0
2014   2 28  8 50 41 191776   -9.69713  159.69435     8822  24.1  0  0  7 16 0 0 0 1 1 0 0 1 0 1 1 1 0 1
2014   2 28  8 50 41 306090   -9.95481  160.82008    15727  15.1  0  0  6 15 0 0 1 1 1 0 0 1 0 1 1 0 0 0
2014   2 28  8 50 41 453943  -21.82830 -140.95277     7847   8.4  0  0  5 10 0 0 1 1 1 0 0 0 0 0 0 1 0 1
2014   2 28  8 50 42 222359  -23.85164  -45.47002     2757  20.3  0  0  6 15 0 0 1 1 1 0 0 0 0 1 1 0 0 1
2014   2 28  8 50 42 441700  -21.58705  -47.66527     3894  44.1  1  0  5 10 0 0 1 1 0 0 0 1 0 0 0 0 1 1
2014   2 28  8 50 42 448883  -21.84224  -47.30133     3858  24.5  0  0  5  8 0 0 1 1 0 0 0 1 0 0 1 0 0 1
2014   2 28  8 50 42 568645  -23.85492  -45.44854     3610  27.4  0  0  5 10 0 0 0 1 1 0 0 1 0 0 1 0 0 1
2014   2 28  8 50 43 845232    1.68894  -84.36187     8807  27.1  0  0  5 10 0 0 1 1 0 0 0 1 0 0 1 0 0 1
2014   2 28  8 50 44 174538  -21.72514  -46.06568     2596  20.6  0  0  6 15 0 0 1 1 1 0 0 1 0 1 0 0 0 1
2014   2 28  8 50 44 454659  -21.73358  -45.99770     3193  28.8  0  0  5 10 0 0 0 1 1 0 0 1 0 0 1 0 0 1
2014   2 28  8 50 44 529897  -21.71145  -46.04897     2649  31.9  0  0  7 21 0 0 1 1 1 0 0 1 0 1 1 0 0 1
2014   2 28  8 50 44 770731  -28.93980  -52.86960     3645   9.5  0  0  4  6 0 0 1 1 0 0 0 1 0 0 1 0 0 0
2014   2 28  8 50 45 862905  -21.38998 -143.24214    21761  40.0  1  0  5 10 0 0 0 1 0 0 0 1 0 0 1 1 0 1
2014   2 28  8 50 45 904499   -4.83283  155.87091    90085  25.9  1  0  4  6 0 0 1 1 1 0 0 1 0 0 0 0 0 0
2014   2 28  8 50 46 111117   25.50736  -79.54747    13415  57.9  1  0  7 21 0 0 1 1 1 0 0 1 0 0 1 1 0 1
2014   2 28  8 50 47 207021   -4.41036  144.33846     5643   4.2  0  0  4  6 0 0 1 0 0 0 0 1 0 0 1 1 0 0
2014   2 28  8 50 47 310729   -0.99570  150.10683     6100  49.9  0  0  7 21 0 0 1 1 1 0 0 1 0 0 1 1 0 1
2014   2 28  8 50 47 725793   -2.95445  149.97218     7173  46.5  1  0  6 15 0 0 1 1 1 0 0 1 0 1 0 1 0 0
2014   2 28  8 50 47 793037   -2.84797  149.68687     6071  51.9  1  0  7 21 0 0 1 1 1 0 0 1 0 0 1 1 0 1
2014   2 28  8 50 48  86716   -3.17601  149.13406     8576  51.5  2  0  5 10 0 0 0 1 0 0 0 1 0 0 1 1 0 1
2014   2 28  8 50 48 194488    3.00052    1.04016    28168  62.1  2  0  6 15 0 0 1 1 1 0 0 1 0 0 1 0 0 1
2014   2 28  8 50 48 610309  -21.57875  -47.10777     3457  82.2  2  0  7 21 0 0 1 1 1 0 0 1 0 1 0 1 0 1
2014   2 28  8 50 48 961360  -33.43893  -39.69114     5055  62.0  1  0  7 20 0 0 1 1 1 0 0 1 0 1 1 0 0 1
2014   2 28  8 50 48 994285  -33.50987  -39.59183     8275  72.6  2  0  5 10 0 0 1 1 1 0 0 0 0 0 1 0 0 1
2014   2 28  8 50 49  24601  -33.50660  -39.60426     6375  64.5  2  0  6 15 0 0 1 1 1 0 0 1 0 0 1 0 0 1
2014   2 28  8 50 49  41382  -21.86676  -46.78312     3368  14.1  0  0  4  6 0 0 1 1 0 0 0 0 0 0 1 0 0 1
2014   2 28  8 50 49  57401  -32.24792  -40.63380    13631  53.3  1  0  6 15 0 0 0 1 1 0 0 1 0 1 0 1 0 1
2014   2 28  8 50 49 104331  -33.52340  -39.47569     8229  61.8  2  0  5  9 0 0 1 1 0 0 0 1 0 0 1 0 0 1
2014   2 28  8 50 49 134748  -33.48617  -39.62514     8268  72.6  2  0  5 10 0 0 1 1 1 0 0 0 0 0 1 0 0 1
2014   2 28  8 50 49 419145  -33.07881  -40.06109    13289  98.4  2  0  6 15 0 0 0 1 1 0 0 1 0 1 1 1 0 0
2014   2 28  8 50 49 488800  -33.48047  -39.64421     8492  75.3  2  0  5 10 0 0 1 1 1 0 0 0 0 0 1 0 0 1
2014   2 28  8 50 49 679067  -33.37968  -39.74802     7716 100.0  2  0  6 15 0 0 1 1 0 0 0 0 0 1 1 1 0 1
2014   2 28  8 50 49 928568    3.18961  -97.00254    16891  90.9  2  0  7 21 0 0 0 1 1 0 0 1 0 1 1 1 0 1
2014   2 28  8 50 50 197504  -21.76588  -46.05207     4374  57.3  2  0  5 10 0 0 1 1 1 0 0 1 0 0 0 0 0 1
2014   2 28  8 50 50 848028  -22.56333  -46.15604     4812  70.8  2  0  5 10 0 0 1 1 1 0 0 1 0 0 0 0 0 1
2014   2 28  8 50 50 899657  -21.76021  -46.82961     4887  79.2  2  0  5 10 0 0 1 1 1 0 0 0 0 1 0 0 0 1
2014   2 28  8 50 50 907085  -21.75190  -46.65289     3934  68.7  2  0  6 15 0 0 1 1 1 0 0 1 0 0 1 0 0 1
2014   2 28  8 50 51   2386  -22.54249  -46.09555     5115  82.6  2  0  5 10 0 0 0 1 1 0 0 1 0 0 1 0 0 1
2014   2 28  8 50 51  11521   21.95376 -123.67887    20505  14.1  0  0  4  6 0 0 0 1 0 0 0 1 0 0 1 1 0 0
2014   2 28  8 50 51 215422  -22.44140  -46.28350     4491  96.5  2  0  6 15 0 0 1 1 0 0 0 1 0 1 1 0 0 1
2014   2 28  8 50 51 315357  -21.73433  -46.80240     4757  68.3  2  0  5 10 0 0 1 1 1 0 0 1 0 0 0 0 0 1
2014   2 28  8 50 51 378445  -27.73344 -142.18800    20579  79.6  2  0  6 15 0 0 1 1 1 0 0 1 0 0 1 1 0 0
2014   2 28  8 50 51 388256  -27.50724 -142.96292    17972  28.8  0  0  5  7 0 0 1 1 0 0 0 1 0 0 1 1 0 0
2014   2 28  8 50 55 142041  -33.08538  -40.41746     8976 106.8  2  0  6 15 0 0 1 1 1 0 0 1 0 0 1 0 0 1
2014   2 28  8 50 55 229379  -32.48380  -41.30098    12855  16.7  0  0  4  6 0 0 0 1 1 0 0 1 0 1 0 0 0 0
2014   2 28  8 50 55 327608  -31.69284  -41.56636     5977  29.6  0  0  5 10 0 0 0 1 1 0 0 1 0 0 1 0 0 1
2014   2 28  8 50 55 395604  -21.75429  -47.89944     4288 129.0  2  0  7 21 0 0 1 1 1 0 0 1 0 1 1 0 0 1
2014   2 28  8 50 55 498600  -31.35463  -41.88469     8676  74.3  2  0  6 15 0 0 0 1 1 0 0 1 0 0 1 1 0 1
2014   2 28  8 50 55 569498  -32.90414  -41.15437     5442  39.2  1  0  5  9 0 0 1 1 0 0 0 1 0 1 0 0 0 1
2014   2 28  8 50 56 575784    2.17870  149.39056     6930  29.8  0  0  5 10 0 0 1 1 0 0 0 1 0 0 1 1 0 0
2014   2 28  8 50 56 588869  -19.28396 -140.38524    16950   4.6  0  0  4  6 0 0 1 1 1 0 0 1 0 0 0 0 0 0
2014   2 28  8 50 57 504912  -23.07430  -45.80341     2686  16.6  0  0  6 15 0 0 1 1 1 0 0 1 0 0 1 0 0 1
2014   2 28  8 50 57 513234  -23.07359  -45.77837     2664  15.6  0  0  6 15 0 0 1 1 1 0 0 1 0 0 1 0 0 1
2014   2 28  8 50 57 919853  -14.51751  -44.21913     2508  15.4  0  0  6 15 0 0 1 1 1 0 0 1 0 0 1 0 0 1
2014   2 28  8 50 57 930111  -14.52487  -44.22553     2732  17.4  0  0  5 10 0 0 0 1 1 0 0 1 0 0 1 0 0 1
2014   2 28  8 50 58 245248   10.90684 -108.35374     9613  27.4  0  0  7 21 0 0 0 1 1 0 0 1 0 1 1 1 0 1
2014   2 28  8 50 58 368392  -21.88636 -141.02931    12362  13.2  0  0  4  6 0 0 1 1 0 0 0 0 0 0 0 1 0 1
2014   2 28  8 50 58 490376  -21.57344 -141.72215    10730  20.9  0  0  7 21 0 0 1 1 1 0 0 1 0 1 1 0 0 1
2014   2 28  8 50 58 597174  -21.81559 -141.36650     9186   3.8  0  0  4  6 0 0 1 1 0 0 0 1 0 0 0 1 0 0
2014   2 28  8 50 58 788043    6.99849  -74.79544     4888  27.5  0  0  6 12 0 0 0 1 1 0 0 1 0 0 1 1 0 1
2014   2 28  8 50 58 833997  -20.95802 -143.21603     9101   2.6  0  0  4  6 0 0 1 1 0 0 0 1 0 0 0 1 0 0
2014   2 28  8 50 59 156138  -10.59420  -57.88466     4033  32.7  1  0  5 10 0 0 0 1 1 0 0 0 0 0 1 1 0 1
2014   2 28  8 50 59 204135  -10.59432  -57.86501     2730  30.6  0  0  7 21 0 0 1 1 1 0 0 1 0 0 1 1 0 1
2014   2 28  8 50 59 222229  -10.65300  -57.78622     2819  28.9  0  0  7 21 0 0 1 0 1 0 0 1 0 1 1 1 0 1
2014   2 28  8 50 59 246977  -10.66124  -57.83839     3397  31.6  0  0  6 15 0 0 0 1 1 0 0 0 0 1 1 1 0 1
2014   2 28  8 50 59 348336  -10.61673  -57.86506     2884  31.0  0  0  7 21 0 0 0 1 1 0 0 1 0 1 1 1 0 1
2014   2 28  8 50 59 376311    0.83799  -24.76302     3029  28.5  0  0  7 21 0 0 0 0 1 0 0 1 1 1 1 1 0 1
2014   2 28  8 50 59 486183    2.81691    8.35037    21908  31.1  1  0  5 10 0 0 1 1 1 0 0 1 0 0 1 0 0 0
2014   2 28  8 50 59 800128  -10.75326  -57.73465     2751  31.3  0  0  7 21 0 0 1 1 0 0 0 1 0 1 1 1 0 1
2014   2 28  8 51  0 246111  -19.03391 -141.58830     8080  33.1  0  0  7 21 0 0 1 0 1 0 0 1 0 1 1 1 0 1
2014   2 28  8 51  0 259562  -19.38337 -141.02303    18306  33.9  0  0  6 15 0 0 1 1 1 0 0 1 0 0 1 0 0 1
2014   2 28  8 51  1 219005  -31.87451 -137.37413     8904  12.6  0  0  5 10 0 0 1 1 0 0 0 1 0 0 1 1 0 0
2014   2 28  8 51  1 237652  -31.85500 -137.44141     8878  12.7  0  0  5 10 0 0 1 1 0 0 0 1 0 0 1 1 0 0
2014   2 28  8 51  1 463539   -6.86257    9.55932    25614  48.5  1  0  5 10 0 0 1 1 1 0 0 1 0 0 1 0 0 0
2014   2 28  8 51  2 550549   -5.56247  -71.82141     3746  49.8  0  0  7 21 0 0 1 0 1 0 0 1 0 1 1 1 0 1
2014   2 28  8 51  3 360362  -21.70992 -140.85246    11522  52.6  1  0  7 21 0 0 1 0 1 0 0 1 0 1 1 1 0 1
2014   2 28  8 51  3 367178  -21.54501 -141.86238    12096  58.1  1  0  7 21 0 0 1 1 1 0 0 1 0 0 1 1 0 1
2014   2 28  8 51  3 472385    3.21419   10.72725    40749  64.2  2  0  5 10 0 0 1 1 1 0 0 1 0 0 1 0 0 0
2014   2 28  8 51  3 654336   -4.32480  -36.06329     8967  17.9  0  0  5 10 0 0 1 1 1 0 0 1 0 0 0 0 0 1
2014   2 28  8 51  3 954906    4.86747    4.79547    30189  63.2  2  0  6 15 0 0 1 1 1 0 0 1 0 0 1 0 0 1
2014   2 28  8 51  4 986943   12.14942  138.31416     5223  41.2  1  0  6 15 0 0 1 0 1 0 0 1 0 1 1 0 0 1
2014   2 28  8 51  5   7249  -45.66336 -100.04963    20624  73.7  2  0  6 14 0 0 1 1 1 0 0 0 0 0 1 1 0 1
2014   2 28  8 51  5  48265   -3.20839  149.38452     5293   7.3  0  0  4  6 0 0 0 1 0 0 0 1 0 0 1 1 0 0
2014   2 28  8 51  5  50543  -31.65578  -63.54081     3555  42.6  1  0  6 14 0 0 1 1 1 0 0 0 0 0 1 1 0 1
2014   2 28  8 51  5  67090   -6.84417  172.22076    23455  11.2  0  0  4  6 0 0 1 1 0 0 0 1 0 0 1 0 0 0
2014   2 28  8 51  5 740180  -20.67872  -46.59900     3622  80.5  2  0  7 21 0 0 1 1 1 0 0 1 0 1 1 1 0 0
2014   2 28  8 51  5 755188  -20.85575  -46.36670     4754  65.4  2  0  5 10 0 0 0 1 1 0 0 1 0 0 1 0 0 1
2014   2 28  8 51  5 912698  -25.43386  -44.49073     4344  50.5  1  0  6 15 0 0 1 0 1 0 0 1 0 1 0 1 0 1
2014   2 28  8 51  7 413032  -21.05413 -143.10228    20542  84.8  2  0  6 15 0 0 1 1 1 0 0 1 0 0 1 1 0 0
2014   2 28  8 51  7 744978  -14.55391  -44.70252     3680  70.8  2  0  6 14 0 0 1 1 0 0 0 1 0 1 0 1 0 1
2014   2 28  8 51  7 848708    4.72684  -73.79530     5717  95.4  2  0  7 21 0 0 1 1 1 0 0 1 0 0 1 1 0 1
2014   2 28  8 51  8 205226   -9.53292  -57.57173     3065  10.1  0  0  4  6 0 0 1 1 1 0 0 0 0 0 0 1 0 0
2014   2 28  8 51  9 106627   -2.79823  149.75159     9200  87.1  2  0  7 21 0 0 1 0 1 0 0 1 0 1 1 1 0 1
2014   2 28  8 51  9 669967  -21.58301  -46.01974     4074 103.1  2  0  7 21 0 0 1 0 1 0 0 1 0 1 1 1 0 1
2014   2 28  8 51  9 752675  -21.66132  -46.16016     4744 130.9  2  0  7 21 0 0 1 1 1 0 0 1 0 0 1 1 0 1
2014   2 28  8 51  9 825321  -21.41383  -46.56929     3913  68.4  2  0  6 15 0 0 1 1 0 0 0 1 0 1 1 1 0 0
2014   2 28  8 51  9 832682  -23.28186  -46.03445     4588 117.8  2  0  7 21 0 0 1 1 1 0 0 1 0 1 0 1 0 1
2014   2 28  8 51  9 933249  -21.75143  -46.14994     4027 106.5  2  0  7 21 0 0 1 1 1 0 0 1 0 1 1 0 0 1
2014   2 28  8 51 10   3064  -21.81649  -45.99422     4565  91.6  2  0  6 15 0 0 1 1 1 0 0 1 0 0 1 0 0 1
2014   2 28  8 51 10  70816  -21.81911  -45.99477     4572  92.0  2  0  6 15 0 0 1 1 1 0 0 1 0 0 1 0 0 1
2014   2 28  8 51 10 111255  -21.82027  -45.99570     4584  92.4  2  0  6 15 0 0 1 1 1 0 0 1 0 0 1 0 0 1
2014   2 28  8 51 10 334387  -21.66111  -46.35255     4590  91.7  2  0  6 15 0 0 1 1 1 0 0 1 0 1 1 0 0 0
2014   2 28  8 51 10 480506  -21.82393  -45.99362     4649  94.7  2  0  6 15 0 0 1 1 1 0 0 1 0 0 1 0 0 1
2014   2 28  8 51 11 356069  -21.77520  -46.33510     5156 123.5  2  0  6 15 0 0 1 1 0 0 0 1 0 1 1 0 0 1
2014   2 28  8 51 11 399132  -21.52390  -46.66392     3775  41.6  1  0  5 10 0 0 1 1 0 0 0 1 0 1 1 0 0 0
2014   2 28  8 51 11 942585  -20.93598 -143.82831    27836 118.3  2  0  6 15 0 0 1 1 1 0 0 1 0 0 1 1 0 0
2014   2 28  8 51 12 179398    5.81711  -72.25664     2738  11.7  0  0  7 21 0 0 1 1 1 0 0 1 0 0 1 1 0 1
2014   2 28  8 51 12 219084  -21.63329  -46.24475     2395  11.0  0  0  6 15 0 0 0 1 1 0 0 1 0 1 1 0 0 1
2014   2 28  8 51 12 526854  -34.32154  -37.59793     6467  18.3  0  0  4  6 0 0 1 1 0 0 0 1 0 0 0 0 0 1
2014   2 28  8 51 12 754184  -34.43408  -37.49478    10087  18.7  0  0  4  6 0 0 0 1 0 0 0 1 0 0 1 0 0 1
2014   2 28  8 51 12 877828  -34.35854  -37.65068     3090  18.1  0  0  7 21 0 0 1 1 1 0 0 1 0 1 0 1 0 1
2014   2 28  8 51 14 653613   -6.46424    8.59680     8480  15.4  0  0  6 15 0 0 1 1 1 0 0 1 0 0 1 0 0 1
2014   2 28  8 51 14 754139  -23.88110  -45.38358     3015  23.1  0  0  6 15 0 0 1 1 1 0 0 1 0 0 1 0 0 1
2014   2 28  8 51 14 847105  -23.90038  -45.40423     3032  23.7  0  0  6 15 0 0 1 1 1 0 0 1 0 0 1 0 0 1
2014   2 28  8 51 15 216170    7.69884  -73.63470     3778  17.4  0  0  7 16 0 0 1 1 1 0 0 0 0 1 1 1 0 1
2014   2 28  8 51 15 294761    7.54045  -73.64692     5255  34.8  1  0  5  9 0 0 1 1 1 0 0 1 0 0 0 1 0 0
2014   2 28  8 51 15 362512    7.52121  -74.02831     8165  30.1  1  0  5  8 0 0 0 1 1 0 0 1 0 0 0 1 0 1
2014   2 28  8 51 15 696157   -5.25324  -60.54806     3167  35.4  0  0  7 21 0 0 0 1 1 0 0 1 0 1 1 1 0 1
2014   2 28  8 51 16 116287  -21.15546  -47.84747     2797  39.7  0  0  7 20 0 0 1 1 0 0 0 1 0 1 1 1 0 1
2014   2 28  8 51 16 151340  -21.16145  -47.83949     2815  42.6  0  0  7 20 0 0 1 1 1 0 0 1 0 1 1 1 0 0
2014   2 28  8 51 16 222379  -12.44254  -71.71192     2849  18.2  0  0  6 15 0 0 1 1 1 0 0 0 0 0 1 1 0 1
2014   2 28  8 51 16 245625  -21.18301  -47.82014     2741  37.1  0  0  7 21 0 0 1 1 1 0 0 1 0 1 1 0 0 1
2014   2 28  8 51 16 323329  -21.21183  -47.74109     2978  20.6  0  0  5 10 0 0 1 1 1 0 0 1 0 0 0 0 0 1
2014   2 28  8 51 16 372620  -21.18561  -47.81850     2754  38.1  0  0  7 21 0 0 1 1 1 0 0 1 0 1 1 0 0 1
2014   2 28  8 51 17 234632  -26.72443 -136.86465     7814  29.5  0  0  7 21 0 0 1 1 1 0 0 0 0 1 1 1 0 1
2014   2 28  8 51 17 910697   -4.75189  -71.79141     3745  49.0  0  0  7 21 0 0 1 1 1 0 0 1 0 1 0 1 0 1
2014   2 28  8 51 17 974008   -4.70447  -71.65339     3517  11.3  0  0  4  6 0 0 1 1 1 0 0 0 0 0 0 1 0 0
2014   2 28  8 51 18 111536   -4.79933  -71.67473     3582  21.0  0  0  5 10 0 0 1 0 1 0 0 0 0 0 1 1 0 1
2014   2 28  8 51 18 611009  -33.30762  -39.52592     3250   9.7  0  0  5 10 0 0 1 1 1 0 0 0 0 0 1 0 0 1
2014   2 28  8 51 18 881581  -24.96508  -44.58863     3320  49.6  0  0  7 21 0 0 1 1 1 0 0 1 0 0 1 1 0 1
2014   2 28  8 51 18 929890  -21.53839  -46.77291     4231  34.3  1  0  5  8 0 0 0 1 1 0 0 1 0 0 1 0 0 1
2014   2 28  8 51 19 181695  -21.74770 -140.56325    13442  62.5  1  0  7 21 0 0 1 1 1 0 0 1 0 0 1 1 0 1
2014   2 28  8 51 19 423965  -21.77209 -140.57082    24432  69.6  2  0  5 10 0 0 1 1 1 0 0 1 0 0 0 1 0 0
2014   2 28  8 51 20 304533  -32.07563 -130.67462    32254  40.3  1  0  5 10 0 0 1 0 1 0 0 1 0 0 1 0 0 1
2014   2 28  8 51 21 493323    5.09967  -70.71770    15832  30.4  1  0  5 10 0 0 0 1 1 0 0 1 0 0 1 0 0 1
2014   2 28  8 51 22  87916   -4.74789  -71.93436     3950  40.4  1  0  6 15 0 0 1 1 1 0 0 0 0 0 1 1 0 1
2014   2 28  8 51 22 288538  -11.04792  -73.21296     7745  21.4  0  0  5 10 0 0 1 1 1 0 0 0 0 0 1 0 0 1
2014   2 28  8 51 22 430075  -11.03099  -73.21577     7684  21.4  0  0  5 10 0 0 1 1 1 0 0 0 0 0 1 0 0 1
2014   2 28  8 51 22 595418  -11.04009  -73.17492     7917  22.6  0  0  5 10 0 0 1 1 1 0 0 0 0 0 1 0 0 1
2014   2 28  8 51 23 922363  -21.70183  -47.09249     4126  54.4  2  0  5 10 0 0 0 1 1 0 0 1 0 0 1 0 0 1
2014   2 28  8 51 23 937836  -21.46039  -47.36021     3134  53.0  1  0  7 17 0 0 1 1 1 0 0 0 0 1 1 1 0 1
2014   2 28  8 51 24  67719  -21.69238  -47.12288     4585  57.9  2  0  5  9 0 0 1 1 1 0 0 1 0 0 0 0 0 1
2014   2 28  8 51 24 226821  -27.81127 -132.82434    23918 100.9  2  0  6 15 0 0 1 1 0 0 0 1 0 1 0 1 0 1
2014   2 28  8 51 24 265505   -0.77366  150.06145     6017   3.8  0  0  4  6 0 0 1 0 0 0 0 1 0 0 1 1 0 0
2014   2 28  8 51 24 355977  -13.32505 -165.29440    12920  36.7  0  0  6 15 0 0 1 1 1 0 0 0 0 0 1 1 0 1
2014   2 28  8 51 24 356034  -21.58315  -47.30474     4742  76.0  2  0  6 12 0 0 1 1 1 0 0 1 0 0 0 1 0 1
2014   2 28  8 51 24 392524  -33.02782 -106.72702    36269   4.4  0  0  4  6 0 0 0 1 0 0 0 1 0 0 1 0 0 1
2014   2 28  8 51 24 515555   -4.30735  154.83771    55771 129.6  2  0  6 15 0 0 1 1 1 0 0 1 0 1 1 0 0 0
2014   2 28  8 51 24 849810   -9.46696  160.03911    19314 113.5  2  0  6 14 0 0 1 1 1 0 0 1 0 0 1 1 0 0
2014   2 28  8 51 24 911519   -9.87360  160.97794    15229  90.5  2  0  7 21 0 0 1 0 1 0 0 1 0 1 1 1 0 1
2014   2 28  8 51 25  87911  -21.22446  -47.55013     2970  55.2  1  0  7 21 0 0 1 1 1 0 0 0 0 1 1 1 0 1
2014   2 28  8 51 25 320490   -9.85613  160.79741    19162  85.4  2  0  6 14 0 0 1 0 1 0 0 1 0 1 0 1 0 1
2014   2 28  8 51 25 617729   -4.31139  -71.96643     6731 109.1  2  0  6 15 0 0 1 1 1 0 0 1 0 0 1 1 0 0
2014   2 28  8 51 25 858167  -31.51527  -41.76262    15733  66.6  2  0  5 10 0 0 0 0 1 0 0 1 0 1 1 1 0 0
2014   2 28  8 51 25 903591  -33.52967  -39.05147     5298  55.2  1  0  6 15 0 0 1 1 1 0 0 0 0 1 0 1 0 1
2014   2 28  8 51 25 928609  -33.61202  -38.79329     6397  48.6  1  0  5 10 0 0 1 1 1 0 0 0 0 0 0 1 0 1
2014   2 28  8 51 25 961536  -33.57748  -38.80109     5026  68.0  1  0  7 21 0 0 1 1 1 0 0 0 0 1 1 1 0 1
2014   2 28  8 51 26  77471  -33.58484  -38.79138     5058  68.5  1  0  7 21 0 0 1 1 1 0 0 0 0 1 1 1 0 1
2014   2 28  8 51 26 158875  -33.39427  -38.95874    13854 104.3  2  0  6 15 0 0 0 1 1 0 0 1 0 0 1 1 0 1
2014   2 28  8 51 26 342162  -33.64929  -38.68367     5106  69.1  1  0  7 21 0 0 1 1 1 0 0 0 0 1 1 1 0 1
2014   2 28  8 51 26 411264  -22.24908  -46.23500     5605 119.8  2  0  6 15 0 0 1 1 0 0 0 1 0 1 1 1 0 0
2014   2 28  8 51 26 463394  -21.58297  -45.79355     3985 101.4  2  0  7 21 0 0 1 1 1 0 0 1 0 0 1 1 0 1
2014   2 28  8 51 26 507375  -21.44950  -45.97808     3754  52.6  2  0  5 10 0 0 1 1 1 0 0 0 0 1 0 0 0 1
2014   2 28  8 51 26 525670  -21.92209  -46.31689     3673  80.7  2  0  7 19 0 0 1 1 1 0 0 0 0 1 1 1 0 1
2014   2 28  8 51 26 553921  -22.42369  -45.93365     4792  87.1  2  0  6 13 0 0 1 1 1 0 0 1 0 0 1 0 0 1
2014   2 28  8 51 26 670332  -22.51473  -45.42407     3206   1.4  0  0  4  6 0 0 1 1 0 0 0 1 0 0 1 0 0 0
2014   2 28  8 51 28    420  -23.85854  -45.40972     3079   0.8  0  0  4  6 0 0 1 0 0 0 0 0 0 1 1 0 0 1
2014   2 28  8 51 28  71417  -21.35936  -46.48835     2796  41.7  0  0  7 20 0 0 1 1 1 0 0 0 0 1 1 1 0 1
2014   2 28  8 51 28 146768  -21.40091  -46.46484     2454   6.3  0  0  6 15 0 0 1 0 1 0 0 0 0 1 1 1 0 1
2014   2 28  8 51 28 207691   -8.42716  178.28767     6966   6.1  0  0  5 10 0 0 1 1 0 0 0 1 0 0 1 1 0 0
2014   2 28  8 51 28 341745   -0.58175  153.06584     6683  23.3  0  0  5 10 0 0 1 0 1 0 0 1 0 0 1 1 0 0
2014   2 28  8 51 28 507094    9.35172 -102.60954     4610   5.7  0  0  5 10 0 0 1 1 1 0 0 0 0 0 0 1 0 1
2014   2 28  8 51 28 531296   -8.41295  178.25737    12108  10.9  0  0  4  6 0 0 0 1 0 0 0 1 0 0 1 1 0 0
2014   2 28  8 51 28 622694  -32.14198 -135.48792     8495   4.2  0  0  5 10 0 0 1 1 1 0 0 0 0 0 1 1 0 0
2014   2 28  8 51 28 726435  -33.56421  -39.63435     3489  35.1  0  0  7 19 0 0 1 1 1 0 0 1 0 0 1 1 0 1
2014   2 28  8 51 28 769017  -33.50073  -39.62230     3025  11.6  0  0  6 15 0 0 1 1 1 0 0 0 0 0 1 1 0 1
2014   2 28  8 51 28 795945  -33.52411  -39.62133     2720  13.3  0  0  7 21 0 0 1 1 1 0 0 1 0 1 1 0 0 1
2014   2 28  8 51 29  92939  -33.50437  -39.55444     3211  18.0  0  0  6 15 0 0 1 1 1 0 0 1 0 0 1 0 0 1
2014   2 28  8 51 30  65795  -21.74092 -140.88573     9214  27.0  0  0  6 15 0 0 1 1 1 0 0 1 0 0 1 1 0 0
2014   2 28  8 51 30 119421  -21.78989 -140.80827     9269  27.2  0  0  6 15 0 0 1 1 1 0 0 1 0 0 0 1 0 1
2014   2 28  8 51 30 129436   -0.84400  -16.65088    11204  10.9  0  0  5 10 0 0 1 1 1 0 0 1 0 0 0 0 0 1
2014   2 28  8 51 31 614778  -21.60659  -45.95419     2617  33.6  0  0  7 21 0 0 1 1 0 0 0 1 0 1 1 1 0 1
2014   2 28  8 51 31 624182  -21.62893  -45.90489     2764  33.8  0  0  7 19 0 0 1 1 1 0 0 1 0 0 1 1 0 1
2014   2 28  8 51 31 726566  -21.61949  -45.89344     2628  30.2  0  0  7 21 0 0 1 1 1 0 0 1 0 1 1 0 0 1
2014   2 28  8 51 31 974911  -21.65278  -46.04138     3036  38.2  0  0  6 15 0 0 1 1 1 0 0 1 0 0 0 1 0 1
2014   2 28  8 51 32  42395   -9.67693  -36.27872    54594  34.1  1  0  5  8 0 0 1 1 1 0 0 1 0 0 1 0 0 0
2014   2 28  8 51 32 107566  -21.61714  -45.79018     3202  27.8  0  0  5 10 0 0 0 1 1 0 0 1 0 0 1 0 0 1
2014   2 28  8 51 32 302986   -4.50637  144.54306     5993   9.5  0  0  4  6 0 0 1 0 0 0 0 1 0 0 1 1 0 0
2014   2 28  8 51 32 373016   -4.98498  -71.80604     7899  47.2  1  0  5  9 0 0 0 1 1 0 0 1 0 0 1 1 0 0
2014   2 28  8 51 32 404852   -4.71626  -71.81645     7455  13.8  0  0  5  9 0 0 1 1 1 0 0 0 0 0 1 0 0 1
2014   2 28  8 51 32 447454   -4.49664  144.54430     6018  10.0  0  0  4  6 0 0 1 0 0 0 0 1 0 0 1 1 0 0
2014   2 28  8 51 33 795317  -12.21234  -71.84232     7554  60.2  2  0  5 10 0 0 0 1 1 0 0 1 0 0 1 1 0 0
2014   2 28  8 51 33 873628  -12.15006  -71.88882     3510  50.8  1  0  7 21 0 0 1 1 1 0 0 1 0 0 1 1 0 1
2014   2 28  8 51 33 979913    0.69805    7.22911    16446  33.6  0  0  6 14 0 0 1 1 1 0 0 1 0 0 1 0 0 1
2014   2 28  8 51 34 398794  -11.92990  -71.85968     3665  17.2  0  0  5  7 0 0 1 1 0 0 0 0 0 0 1 1 0 1
2014   2 28  8 51 34 588218  -12.42341  -71.40083     4841  42.5  1  0  6 15 0 0 1 1 1 0 0 1 0 0 1 0 0 1
2014   2 28  8 51 36   9885    1.56588   -2.33128    18530  28.0  0  0  5 10 0 0 1 1 1 0 0 1 0 0 0 0 0 1
2014   2 28  8 51 36 943929  -21.53999  -46.95058     3587  64.0  2  0  6 15 0 0 1 1 1 0 0 1 0 1 0 0 0 1
2014   2 28  8 51 36 968083  -21.63341  -46.59946     3154   4.2  0  0  4  6 0 0 1 1 0 0 0 1 0 0 1 0 0 0
2014   2 28  8 51 36 986322    7.61435  -73.48212     7135  74.7  2  0  6 13 0 0 1 1 1 0 0 1 0 0 1 1 0 0
2014   2 28  8 51 37  84351  -21.56596  -46.80070     3994  47.5  1  0  5 10 0 0 1 1 1 0 0 1 0 0 0 0 0 1
2014   2 28  8 51 37  98280  -21.56242  -46.75887     4332  49.1  1  0  5  9 0 0 0 1 1 0 0 1 0 0 1 0 0 1
2014   2 28  8 51 37 947284   -0.25243   -1.91178    22212  55.2  1  0  6 15 0 0 1 1 1 0 0 1 0 0 1 0 0 1
2014   2 28  8 51 38 305316   -3.83755  171.61102     8442   4.5  0  0  4  6 0 0 1 0 0 0 0 1 0 0 1 1 0 0
2014   2 28  8 51 38 378288   -4.05279  171.50421    24875  92.5  2  0  6 14 0 0 1 0 1 0 0 1 0 0 1 1 0 1
2014   2 28  8 51 38 769413  -33.65163  -40.32401     5222  61.4  2  0  6 15 0 0 1 1 1 0 0 1 0 0 1 0 0 1
2014   2 28  8 51 38 781166  -33.65289  -40.32299     5203  61.0  2  0  6 15 0 0 1 1 1 0 0 1 0 0 1 0 0 1
2014   2 28  8 51 38 808450   -3.91344  171.03764    12002  21.0  1  0  4  6 0 0 1 0 0 0 0 1 0 0 1 1 0 0
2014   2 28  8 51 39 739896  -33.88889  -38.50983     6001  69.9  2  0  6 15 0 0 1 1 1 0 0 1 0 0 1 0 0 1
2014   2 28  8 51 39 769763  -33.79667  -38.74157     5343  75.9  2  0  7 21 0 0 1 1 1 0 0 1 0 1 1 0 0 1
2014   2 28  8 51 39 791662  -33.97946  -38.36880     7246  65.1  2  0  5 10 0 0 1 1 0 0 0 1 0 0 1 0 0 1
2014   2 28  8 51 39 889474  -33.88189  -38.52673     5997  69.9  2  0  6 15 0 0 1 1 1 0 0 1 0 0 1 0 0 1
2014   2 28  8 51 40 123550  -33.79719  -38.73739     5469  78.7  2  0  7 21 0 0 1 1 1 0 0 1 0 1 1 0 0 1
2014   2 28  8 51 41 281132  -20.99424 -143.24092    11525  11.4  0  0  4  6 0 0 1 0 0 0 0 1 0 0 1 1 0 0
2014   2 28  8 51 41 674775  -24.84387  -44.48904     5331  82.9  2  0  6 15 0 0 1 1 1 0 0 1 0 0 1 0 0 1
2014   2 28  8 51 41 798742  -33.27778  -39.23557     4473  25.0  0  0  5  9 0 0 1 1 1 0 0 0 0 0 1 0 0 1
2014   2 28  8 51 42  28783  -33.32777  -39.30688     6357  80.4  2  0  6 15 0 0 1 1 1 0 0 1 0 0 1 0 0 1
2014   2 28  8 51 42  37575  -33.33241  -39.29959     6301  79.4  2  0  6 15 0 0 1 1 1 0 0 1 0 0 1 0 0 1
2014   2 28  8 51 42 158213    5.75223  -72.31500     7949 107.0  2  0  6 15 0 0 1 1 0 0 0 1 0 1 0 1 0 1
2014   2 28  8 51 42 165603    5.73598  -71.79215     4541  60.3  1  0  7 21 0 0 1 1 1 0 0 0 0 1 1 1 0 1
2014   2 28  8 51 42 294485  -21.59317  -46.51534     5120  75.1  2  0  5 10 0 0 1 1 1 0 0 1 0 0 0 0 0 1
2014   2 28  8 51 42 533712    4.89753  -85.98849    21136  39.3  1  0  5 10 0 0 1 1 1 0 0 0 0 0 1 0 0 1
2014   2 28  8 51 42 945959   -8.00728  177.40529    16997  33.7  1  0  5 10 0 0 1 1 1 0 0 0 0 0 0 1 0 1
2014   2 28  8 51 44 571355  -10.68539  -56.74324     3088   5.9  0  0  5  9 0 0 0 1 1 0 0 1 0 0 1 0 0 1
2014   2 28  8 51 45 139158    6.77670  -77.28896     3811  11.5  0  0  5  9 0 0 1 0 1 0 0 1 0 0 0 1 0 1
2014   2 28  8 51 45 556460  -21.72903  -47.26650     2882  12.3  0  0  5  8 0 0 0 1 1 0 0 1 0 0 1 0 0 1
2014   2 28  8 51 45 565073  -21.72281  -47.25503     2641   9.0  0  0  5  9 0 0 0 1 1 0 0 1 0 0 1 0 0 1
2014   2 28  8 51 45 599887  -21.71232  -47.29725     2355  15.0  0  0  7 21 0 0 1 1 1 0 0 1 0 1 1 0 0 1
2014   2 28  8 51 45 645715  -21.72051  -47.26166     2648  11.8  0  0  5 10 0 0 0 1 1 0 0 1 0 0 1 0 0 1
2014   2 28  8 51 45 685605   -0.28505    8.51006    33819  12.7  0  0  4  6 0 0 0 1 0 0 0 1 0 0 1 0 0 1
2014   2 28  8 51 45 752079  -21.71887  -47.25571     2642  11.5  0  0  5 10 0 0 0 1 1 0 0 1 0 0 1 0 0 1
2014   2 28  8 51 45 798146  -21.72415  -47.38511     3780  20.4  0  0  5  7 0 0 1 0 0 0 0 1 0 1 1 1 0 0
2014   2 28  8 51 45 957201  -21.70963  -47.27883     2595  18.2  0  0  6 15 0 0 1 1 1 0 0 1 0 1 1 0 0 0
2014   2 28  8 51 46 129827  -21.63430  -46.00400     2566  20.2  0  0  6 15 0 0 1 1 0 0 0 1 0 1 0 1 0 1
2014   2 28  8 51 46 163425  -21.73062  -47.21394     2688   7.5  0  0  5 10 0 0 1 1 1 0 0 1 0 0 1 0 0 0
2014   2 28  8 51 46 171371  -23.84412  -45.40563     4890 123.9  2  0  7 21 0 0 1 1 1 0 0 1 0 1 1 1 0 0
2014   2 28  8 51 46 543675  -23.81097  -45.41557     3829  21.0  0  0  5  9 0 0 0 1 1 0 0 1 0 0 1 0 0 1
2014   2 28  8 51 46 609035  -23.80547  -45.41418     3162  18.7  0  0  5 10 0 0 1 1 1 0 0 1 0 0 0 0 0 1
2014   2 28  8 51 46 887263  -27.45043 -130.03261    17999  20.8  0  0  5 10 0 0 1 1 0 0 0 1 0 0 1 0 0 1
2014   2 28  8 51 47  70898  -26.99767 -131.48929    12824  31.8  1  0  5 10 0 0 1 1 0 0 0 1 0 0 1 1 0 0
2014   2 28  8 51 47 108268  -36.73087   40.61091     8438  12.4  0  0  6 15 0 0 1 1 1 0 0 1 0 0 1 0 0 1
2014   2 28  8 51 48 620699  -22.41428  -46.11477     3236  29.4  0  0  5 10 0 0 1 1 1 0 0 1 0 0 0 0 0 1
2014   2 28  8 51 48 631690  -22.41752  -46.10655     2872  27.6  0  0  6 15 0 0 1 1 1 0 0 1 0 0 1 0 0 1
2014   2 28  8 51 48 745113  -22.39496  -46.10689     3229  30.2  1  0  5 10 0 0 0 1 1 0 0 1 0 0 1 0 0 1
2014   2 28  8 51 48 754026  -21.62021  -45.92075     2700  33.2  0  0  7 21 0 0 1 1 1 0 0 1 0 0 1 1 0 1
2014   2 28  8 51 48 768754  -22.39111  -46.08232     3253  30.9  1  0  5 10 0 0 0 1 1 0 0 1 0 0 1 0 0 1
2014   2 28  8 51 49  16846  -22.47996  -45.95093     3103  14.3  0  0  5 10 0 0 1 1 1 0 0 1 0 0 1 0 0 0
2014   2 28  8 51 49 507201  -37.63492   39.78168    19453  31.1  1  0  5 10 0 0 1 1 1 0 0 1 0 0 1 0 0 0
2014   2 28  8 51 49 594373   -4.91212  -72.38378     5147  30.8  1  0  5 10 0 0 0 0 1 0 0 1 0 0 1 1 0 1
2014   2 28  8 51 49 708645   -1.10250  150.22496    13331  64.9  2  0  5  9 0 0 1 1 0 0 0 1 0 0 1 1 0 0
2014   2 28  8 51 50 258672    1.95553   -1.77366    17870  25.8  0  0  5 10 0 0 1 1 1 0 0 1 0 0 0 0 0 1
2014   2 28  8 51 50 657957    2.76457   -0.00777     9542  42.1  0  0  7 21 0 0 1 1 1 0 0 1 0 0 1 1 0 1
2014   2 28  8 51 51 813332  -33.67093  -39.03534     5030  57.4  1  0  6 15 0 0 1 1 1 0 0 1 0 0 1 1 0 0
2014   2 28  8 51 51 863665  -33.60479  -39.08790     8822  57.0  1  0  6 15 0 0 0 1 1 0 0 1 0 0 1 1 0 1
2014   2 28  8 51 51 937811  -33.57878  -39.12501     4376  58.4  1  0  7 21 0 0 1 1 1 0 0 1 0 1 1 1 0 0
2014   2 28  8 51 52 117643  -33.62653  -39.03965     3612  33.8  0  0  7 20 0 0 1 1 1 0 0 0 0 1 1 1 0 1
2014   2 28  8 51 52 127674  -33.61937  -39.02771     3588  35.5  0  0  7 21 0 0 1 1 1 0 0 0 0 1 1 1 0 1
2014   2 28  8 51 52 136843  -33.69991  -38.90513     3425  14.0  0  0  5 10 0 0 1 1 1 0 0 0 0 0 1 0 0 1
2014   2 28  8 51 52 333251  -33.60171  -38.84708     3459  14.5  0  0  5 10 0 0 1 1 1 0 0 0 0 0 1 0 0 1
2014   2 28  8 51 52 594533  -33.71459  -38.95019     4818  49.1  1  0  6 15 0 0 1 1 1 0 0 1 0 0 1 0 0 1
2014   2 28  8 51 52 642517  -33.60358  -39.15935     9801  62.0  2  0  6 15 0 0 0 1 1 0 0 1 0 1 1 0 0 1
2014   2 28  8 51 52 706680  -33.72455  -38.93627     4810  48.9  1  0  6 15 0 0 1 1 1 0 0 1 0 0 1 0 0 1
2014   2 28  8 51 53 511074  -21.87305 -138.78534    17717  28.1  1  0  4  6 0 0 1 1 1 0 0 0 0 0 0 1 0 0
2014   2 28  8 51 53 519918  -21.71301 -140.44331    20943  80.4  2  0  6 15 0 0 1 1 1 0 0 1 0 0 1 1 0 0
2014   2 28  8 51 53 851969  -23.85753  -45.25053     6489  69.5  2  0  5 10 0 0 0 1 1 0 0 1 0 0 1 0 0 1
2014   2 28  8 51 54 123232  -23.87936  -45.25407     6506  70.2  2  0  5 10 0 0 0 1 1 0 0 1 0 0 1 0 0 1
2014   2 28  8 51 54 413639  -23.83929  -45.34739     4728  65.0  2  0  6 15 0 0 1 1 1 0 0 1 0 0 1 0 0 1
2014   2 28  8 51 54 748337  -10.86022  -56.92761     3672  56.2  1  0  7 21 0 0 1 1 1 0 0 1 0 1 1 0 0 1
2014   2 28  8 51 54 863322  -10.54025  -57.14725     3947  55.5  1  0  6 15 0 0 1 0 1 0 0 0 0 1 1 1 0 1
2014   2 28  8 51 54 929725  -10.55875  -57.09241     3124  52.1  1  0  7 21 0 0 1 1 1 0 0 0 0 1 1 1 0 1
2014   2 28  8 51 57 610088  -21.67692  -45.73777     5161  74.4  2  0  5 10 0 0 1 1 1 0 0 1 0 0 0 0 0 1
2014   2 28  8 51 59 256101  -14.60480  -43.73672     3635  48.1  1  0  5 10 0 0 0 1 1 0 0 1 0 0 1 0 0 1
2014   2 28  8 52  1 115743    1.95556  -84.13709     3593  20.0  0  0  6 15 0 0 1 1 1 0 0 1 0 0 1 1 0 0
2014   2 28  8 52  1 629608    4.71587  -73.49827     8817  14.1  0  0  5 10 0 0 1 1 1 0 0 0 0 0 1 0 0 1
2014   2 28  8 52  1 639626    9.23670  139.81462     3868  12.2  0  0  6 15 0 0 1 0 1 0 0 1 0 1 1 1 0 0
2014   2 28  8 52  1 829923    4.93142  -71.76054     9492  13.9  0  0  5 10 0 0 0 1 1 0 0 1 0 0 1 0 0 1
2014   2 28  8 52  1 962420  -12.45877  -71.74407     2724  21.9  0  0  7 21 0 0 1 0 1 0 0 1 0 1 1 1 0 1
2014   2 28  8 52  2  36628    5.49286  -72.35110     3258  16.0  0  0  6 13 0 0 1 1 1 0 0 0 0 0 1 1 0 1
2014   2 28  8 52  2 289908    7.50020  -73.64977     5683  28.7  0  0  5  7 0 0 1 1 1 0 0 1 0 0 0 1 0 0
2014   2 28  8 52  2 369239    7.49620  -73.57234     3046  16.2  0  0  7 20 0 0 1 1 1 0 0 0 0 1 1 1 0 1
2014   2 28  8 52  2 591800    7.49648  -73.69299     3832  22.6  0  0  7 18 0 0 1 1 1 0 0 1 0 1 0 1 0 1
2014   2 28  8 52  3 687335  -23.18927  -45.62954     2757  30.8  0  0  7 21 0 0 1 1 1 0 0 1 0 1 1 0 0 1
2014   2 28  8 52  4 219507  -13.73505  165.89958   102628  52.2  2  0  5 10 0 0 1 1 0 0 0 1 0 0 1 0 0 1
2014   2 28  8 52  5 124997  -21.08890  -47.13927     3308  31.9  1  0  5 10 0 0 0 1 1 0 0 1 0 0 1 0 0 1
2014   2 28  8 52  5 156448  -10.39153  161.83728    14066  32.8  1  0  5 10 0 0 1 0 0 0 0 0 0 1 1 1 0 1
2014   2 28  8 52  5 179525   -5.10565  -71.34416     4081  18.3  0  0  5  9 0 0 0 1 1 0 0 0 0 0 1 1 0 1
2014   2 28  8 52  5 397251  -20.76141  -48.43076     3542  13.4  0  0  4  6 0 0 1 0 0 0 0 1 0 1 1 0 0 0
2014   2 28  8 52  5 404767  -20.78753  -48.17078     2820  42.3  0  0  7 21 0 0 1 1 1 0 0 1 0 1 1 0 0 1
2014   2 28  8 52  6 131750  -22.41058  -46.09104     3800  48.1  1  0  5 10 0 0 0 1 1 0 0 1 0 0 1 0 0 1
2014   2 28  8 52  6 210646   -7.53395    7.10161    17188  17.1  0  0  4  6 0 0 1 1 1 0 0 1 0 0 0 0 0 0
2014   2 28  8 52  6 913492    2.94201    1.45043    14991   3.8  0  0  4  6 0 0 1 1 1 0 0 1 0 0 0 0 0 0
2014   2 28  8 52  7  71956    0.51213    7.17909    19641  32.0  1  0  5 10 0 0 1 1 1 0 0 1 0 0 0 0 0 1
2014   2 28  8 52  7 727266  -21.19883  -47.58324     4225  38.5  1  0  5  8 0 0 0 1 1 0 0 1 0 0 1 0 0 1
2014   2 28  8 52  7 768973  -21.19722  -47.64240     3633  41.0  1  0  5 10 0 0 0 1 1 0 0 1 0 0 1 0 0 1
2014   2 28  8 52  7 798087  -21.20263  -47.65958     3619  40.9  1  0  5 10 0 0 0 1 1 0 0 1 0 0 1 0 0 1
2014   2 28  8 52  8  80898  -21.58028  -46.03212     3053  59.5  1  0  7 21 0 0 0 1 1 0 0 1 0 1 1 1 0 1
2014   2 28  8 52  8 109971  -21.67025  -45.89238     3477  35.0  1  0  5 10 0 0 1 1 0 0 0 1 0 0 1 0 0 1
2014   2 28  8 52  8 121393  -21.69666  -45.91119     3490  50.4  1  0  6 15 0 0 1 1 1 0 0 1 0 0 1 0 0 1
2014   2 28  8 52  8 164422  -21.70889  -46.17398     3778  49.1  1  0  5 10 0 0 0 0 1 0 0 1 0 1 0 1 0 1
2014   2 28  8 52  8 202735  -21.46636  -46.08511     3660  20.1  1  0  4  6 0 0 0 1 0 0 0 0 0 1 1 1 0 0
2014   2 28  8 52  8 644669   -3.34687  -71.23801     4762  46.2  1  0  5 10 0 0 1 1 0 0 0 0 0 1 1 1 0 0
2014   2 28  8 52  8 677637  -21.50611  -47.01472     3255  67.4  1  0  7 21 0 0 1 0 1 0 0 1 0 1 1 1 0 1
2014   2 28  8 52  8 944208  -22.88466  -45.89798     3342  70.7  2  0  7 21 0 0 1 1 0 0 0 1 0 1 1 1 0 1
2014   2 28  8 52  8 969251  -22.95566  -45.75536     4909  68.3  2  0  5 10 0 0 0 1 0 0 0 1 0 1 1 0 0 1
2014   2 28  8 52  9   6566  -21.69318 -140.37274    20787  82.3  2  0  6 15 0 0 1 1 1 0 0 1 0 0 1 1 0 0
2014   2 28  8 52  9 643233    6.69606  -73.61652     4241  47.2  0  0  7 21 0 0 1 1 1 0 0 0 0 1 1 1 0 1
2014   2 28  8 52  9 660773    6.10258  -73.52695    14236  55.8  2  0  5  9 0 0 1 0 0 0 0 1 0 1 1 0 0 1
2014   2 28  8 52 10 639882    1.63813 -175.69777    31285 124.4  2  0  6 15 0 0 1 1 1 0 0 0 0 0 1 1 0 1
2014   2 28  8 52 11  68098  -21.65183  -45.84724     4937  86.9  2  0  6 15 0 0 1 1 1 0 0 1 0 1 1 0 0 0
2014   2 28  8 52 11 540691   30.35084 -121.91793    31744  39.1  1  0  5 10 0 0 0 1 0 0 0 0 0 1 1 1 0 1
2014   2 28  8 52 14  89718  -11.52928  -72.76484     4079  65.6  1  0  7 21 0 0 1 1 1 0 0 0 0 1 1 1 0 1
2014   2 28  8 52 14  98430  -11.62292  -72.99831     5174 105.5  2  0  7 21 0 0 1 1 1 0 0 1 0 0 1 1 0 1
2014   2 28  8 52 14 129814  -11.62136  -72.99385     5188 106.1  2  0  7 21 0 0 1 1 1 0 0 1 0 0 1 1 0 1
2014   2 28  8 52 14 542086  -12.00434  -72.37922     9874 100.8  2  0  6 14 0 0 1 1 1 0 0 1 0 1 1 0 0 0
2014   2 28  8 52 14 736312  -11.50084  -73.09255     5885 126.8  2  0  7 21 0 0 1 1 1 0 0 1 0 0 1 1 0 1
2014   2 28  8 52 15 135088  -31.81660   18.25036    32790 103.7  2  0  6 15 0 0 1 1 1 0 0 1 0 0 1 0 0 1
2014   2 28  8 52 15 435969  -27.60832 -133.19162    31559 132.8  2  0  6 15 0 0 1 1 1 0 0 1 0 0 1 1 0 0
2014   2 28  8 52 15 442627  -10.19197 -174.47008    45704  59.2  2  0  5 10 0 0 1 1 1 0 0 1 0 0 0 0 0 1
2014   2 28  8 52 16 467549    4.41782  -73.69292     3981  17.4  0  0  6 14 0 0 0 1 1 0 0 1 0 0 1 1 0 1
2014   2 28  8 52 16 600006  -22.00814 -140.21783     6349  10.5  0  0  6 15 0 0 1 1 1 0 0 0 0 0 1 1 0 1
2014   2 28  8 52 17 202453    2.43936  -95.90350    13814  28.3  1  0  4  6 0 0 0 0 0 0 0 1 0 0 1 1 0 1
2014   2 28  8 52 17 230710  -10.61516  -57.79441     2732  22.4  0  0  7 21 0 0 0 1 1 0 0 1 0 1 1 1 0 1
2014   2 28  8 52 17 262519  -10.60138  -57.74934     3607  10.3  0  0  6 15 0 0 1 1 1 0 0 0 0 1 1 0 0 1
2014   2 28  8 52 17 329100    2.44312  -95.69819    14595  33.3  1  0  4  6 0 0 0 1 0 0 0 1 0 0 1 1 0 0
2014   2 28  8 52 18    668    7.57920  -73.70978     4211  27.2  0  0  6 13 0 0 1 1 0 0 0 1 0 1 1 1 0 0
2014   2 28  8 52 18 186053  -21.61111  -45.91529     2568  13.4  0  0  6 15 0 0 1 0 1 0 0 0 0 1 1 1 0 1
2014   2 28  8 52 19 172094  -20.94803  -46.16685     2719  33.3  0  0  7 21 0 0 1 1 1 0 0 1 0 0 1 1 0 1
2014   2 28  8 52 19 280890  -21.86629 -140.64923    12325  40.9  1  0  6 15 0 0 1 1 1 0 0 1 0 0 0 1 0 1
2014   2 28  8 52 19 363322  -21.89460 -139.87585     8116  10.8  0  0  5 10 0 0 1 1 1 0 0 0 0 0 0 1 0 1
2014   2 28  8 52 19 448458  -21.84382 -140.60298     9432  41.7  0  0  7 21 0 0 1 1 0 0 0 1 0 1 1 1 0 1
2014   2 28  8 52 19 741197  -21.79015 -141.53429    31456  49.5  1  0  5 10 0 0 0 1 0 0 0 1 0 0 1 1 0 1
2014   2 28  8 52 19 827061  -22.68821 -138.43686    27648  36.4  1  0  5 10 0 0 1 1 1 0 0 1 0 0 1 0 0 0
2014   2 28  8 52 21 484461   -0.20191  145.13052    11747  23.9  0  0  5 10 0 0 1 1 1 0 0 1 0 0 1 0 0 0
2014   2 28  8 52 21 606925    6.32117  142.57755    25207  33.6  1  0  5 10 0 0 1 1 1 0 0 0 0 1 1 0 0 0
2014   2 28  8 52 21 663838    3.41298    3.57236    22952  19.2  0  0  4  6 0 0 1 1 1 0 0 1 0 0 0 0 0 0
2014   2 28  8 52 21 859804  -21.36219  -49.29890     3123  59.4  1  0  7 20 0 0 0 1 1 0 0 1 0 1 1 1 0 1
2014   2 28  8 52 21 929873  -21.28016  -49.27052     2531  14.7  0  0  6 15 0 0 1 1 1 0 0 0 0 0 1 1 0 1
2014   2 28  8 52 22 295442  -22.44017  -46.04547     3663  43.4  1  0  5 10 0 0 0 1 1 0 0 1 0 0 1 0 0 1
2014   2 28  8 52 22 441164  -22.44826  -46.00586     3171  40.2  1  0  6 15 0 0 1 1 1 0 0 1 0 0 1 0 0 1
2014   2 28  8 52 22 957653    2.87609  -95.37157    22332  76.1  2  0  5 10 0 0 0 1 1 0 0 1 0 0 1 1 0 0
2014   2 28  8 52 23 231671  -21.64928  -47.36769     3199  64.5  1  0  7 21 0 0 1 0 1 0 0 1 0 1 1 1 0 1
2014   2 28  8 52 23 240098  -21.71876  -47.19239     3007  33.6  0  0  6 15 0 0 1 1 1 0 0 1 0 0 1 0 0 1
2014   2 28  8 52 23 541747  -21.71243  -47.19045     3040  34.9  0  0  6 15 0 0 1 1 1 0 0 1 0 0 1 0 0 1
2014   2 28  8 52 23 664556  -20.62477  -46.19233     4715  65.4  2  0  5 10 0 0 1 1 1 0 0 1 0 1 0 0 0 0
2014   2 28  8 52 23 768892  -21.66479  -47.22871     4100  29.6  0  0  5  7 0 0 0 1 1 0 0 1 0 0 1 0 0 1
2014   2 28  8 52 23 932044    2.01209  -84.30885     7097  72.3  2  0  6 15 0 0 1 1 0 0 0 1 0 0 1 1 0 1
2014   2 28  8 52 25 381005    2.94145  -83.56192     5077  10.1  0  0  5 10 0 0 0 1 1 0 0 0 0 0 1 1 0 1
2014   2 28  8 52 25 385216  -20.96984  -46.32760     3319  74.9  2  0  7 21 0 0 1 1 1 0 0 1 0 1 0 1 0 1
2014   2 28  8 52 25 511890  -21.05502  -46.08631     3371  41.6  1  0  6 15 0 0 1 1 1 0 0 1 0 0 1 0 0 1
2014   2 28  8 52 26 161994  -21.44728 -144.87544    42959  69.0  2  0  5 10 0 0 0 1 1 0 0 1 0 0 0 1 0 1
2014   2 28  8 52 26 447580  -21.67284  -46.12405     4359  90.4  2  0  6 15 0 0 0 0 1 0 0 1 0 1 1 1 0 1
2014   2 28  8 52 26 462813  -21.63485  -45.92804     5524  49.3  1  0  5  7 0 0 1 1 1 0 0 0 0 0 1 0 0 1
2014   2 28  8 52 26 496978  -21.61692  -46.02451     4574  93.4  2  0  6 12 0 0 0 1 0 0 0 1 0 1 1 1 0 1
2014   2 28  8 52 26 749360  -21.62734  -46.04373     3998  92.6  2  0  7 21 0 0 1 1 1 0 0 1 0 1 1 1 0 0
2014   2 28  8 52 26 981130    7.66756  -73.46165     7257  96.5  2  0  7 18 0 0 1 1 0 0 0 1 0 1 1 1 0 1
2014   2 28  8 52 27 191795  -33.74081  -38.70710     4310  50.7  1  0  7 21 0 0 1 1 1 0 0 0 0 1 1 1 0 1
2014   2 28  8 52 27 221705  -33.88078  -38.61855     6037  72.1  2  0  6 15 0 0 1 1 1 0 0 1 0 0 1 0 0 1
2014   2 28  8 52 27 298851  -33.89064  -38.60872     6042  72.0  2  0  6 15 0 0 1 1 1 0 0 1 0 0 1 0 0 1
2014   2 28  8 52 27 388540  -33.84380  -38.51954     3998  20.3  0  0  5 10 0 0 1 1 1 0 0 0 0 0 1 0 0 1
2014   2 28  8 52 27 480712  -33.82126  -38.89548     5610  82.6  2  0  7 21 0 0 1 1 1 0 0 1 0 1 1 0 0 1
2014   2 28  8 52 27 557085  -33.88869  -38.60296     6134  73.7  2  0  6 15 0 0 1 1 1 0 0 1 0 0 1 0 0 1
2014   2 28  8 52 27 571019  -66.77524  -13.61466    50652  63.7  2  0  5 10 0 0 1 1 1 0 0 1 0 0 0 0 0 1
2014   2 28  8 52 27 733630  -33.88633  -38.59611     6181  74.5  2  0  6 15 0 0 1 1 1 0 0 1 0 0 1 0 0 1
2014   2 28  8 52 27 914281  -33.82506  -38.49999     4074  21.5  0  0  5 10 0 0 1 1 1 0 0 0 0 0 1 0 0 1
2014   2 28  8 52 28  36589  -33.84785  -38.68898    10402  84.0  2  0  5 10 0 0 1 1 1 0 0 1 0 0 0 0 0 1
2014   2 28  8 52 28 587742  -33.52638  -39.31988    10481 102.4  2  0  6 15 0 0 1 0 1 0 0 1 0 1 1 1 0 0
2014   2 28  8 52 28 995838   22.38861  -85.77301     9829  63.2  1  0  7 21 0 0 1 1 1 0 0 0 0 1 1 1 0 1
2014   2 28  8 52 29  47636   22.81367  -86.46899    15577 102.6  2  0  7 19 0 0 1 1 1 0 0 1 0 0 1 1 0 1
2014   2 28  8 52 29 840338    0.45422   -2.08942    10178  74.6  2  0  7 21 0 0 1 1 1 0 0 0 1 1 1 1 0 0
2014   2 28  8 52 30  33085    1.22367    5.13778    33936  84.8  2  0  6 15 0 0 1 1 1 0 0 1 0 0 1 0 0 1
2014   2 28  8 52 31 132941  -21.85037  -45.23743     4744  52.8  2  0  5 10 0 0 1 1 1 0 0 1 0 0 1 0 0 0
2014   2 28  8 52 31 186109  -18.93111 -140.96138    29423 120.5  2  0  6 15 0 0 1 1 1 0 0 1 0 0 0 1 0 1
2014   2 28  8 52 31 232504  -18.06490 -144.40819    11240  11.2  0  0  4  6 0 0 1 0 0 0 0 1 0 0 1 1 0 0
2014   2 28  8 52 31 255840  -18.73391 -141.57950    19910 104.7  2  0  7 21 0 0 1 0 1 0 0 1 0 1 1 1 0 1
2014   2 28  8 52 31 313629  -21.62328 -134.17162    39838  64.0  2  0  5 10 0 0 1 1 1 0 0 1 0 0 0 0 0 1
2014   2 28  8 52 31 466074  -25.31908  -44.15226     6836 122.8  2  0  6 15 0 0 0 1 1 0 0 1 0 1 1 1 0 0
2014   2 28  8 52 31 509839  -25.63737  -43.61383     6731  74.1  2  0  5 10 0 0 1 1 0 0 0 1 0 0 1 0 0 1
2014   2 28  8 52 31 802504    5.58444  -72.29640     6972 119.0  2  0  7 21 0 0 1 1 1 0 0 1 0 0 1 1 0 1
2014   2 28  8 52 31 930828   -7.46440  171.18048    31270 159.1  2  0  7 21 0 0 1 1 1 0 0 1 0 0 1 1 0 1
2014   2 28  8 52 32 526677   10.74849 -107.42884     4218   7.6  0  0  6 15 0 0 1 1 1 0 0 0 0 0 1 1 0 1
2014   2 28  8 52 32 621784   10.83366 -108.04948    11177  25.7  0  0  6 15 0 0 0 1 1 0 0 1 0 0 1 1 0 1
2014   2 28  8 52 33 383062  -23.38772  -45.68310     5747   0.8  0  0  4  6 0 0 1 1 0 0 0 0 0 0 1 0 0 1
2014   2 28  8 52 33 400105   -9.67183  -67.11628     3438  11.8  0  0  5 10 0 0 1 0 1 0 0 1 0 0 1 0 0 1
2014   2 28  8 52 33 418723   -9.49619  -67.20138     2874   9.1  0  0  5 10 0 0 1 0 1 0 0 0 0 0 1 1 0 1
2014   2 28  8 52 33 443403  -23.35286  -45.78669     4053  36.7  1  0  5 10 0 0 0 1 1 0 0 1 0 0 1 1 0 0
2014   2 28  8 52 33 490272  -22.00702  -50.07472     2642  25.3  0  0  7 16 0 0 1 1 1 0 0 1 0 0 1 1 0 1
2014   2 28  8 52 34  44334  -22.12931  -50.17791     3231  34.8  0  0  7 17 0 0 1 1 1 0 0 1 0 0 1 1 1 0
2014   2 28  8 52 34  66905  -22.13651  -50.13113     2700  30.7  0  0  7 18 0 0 1 1 1 0 0 1 0 0 1 1 0 1
2014   2 28  8 52 34 122087  -22.17458  -50.12585     2842   3.8  0  0  4  6 0 0 1 0 0 0 0 1 0 0 1 0 0 1
2014   2 28  8 52 34 168386  -22.16079  -50.09726     3315  17.1  0  0  4  6 0 0 0 1 0 0 0 1 0 0 1 0 0 1
2014   2 28  8 52 34 206079  -22.06435  -50.19329     3060   3.7  0  0  4  6 0 0 1 1 0 0 0 0 0 0 1 1 0 0
2014   2 28  8 52 34 702400    9.38018  -73.46253     5248  32.7  1  0  5 10 0 0 1 1 0 0 0 1 0 0 1 1 0 0
2014   2 28  8 52 34 718902  -12.48138  -71.79954     3086  35.2  0  0  7 21 0 0 1 1 1 0 0 1 0 0 1 1 0 1
2014   2 28  8 52 34 853251  -22.43178  -46.10206     3074  26.2  0  0  5 10 0 0 0 1 1 0 0 1 0 0 1 0 0 1
2014   2 28  8 52 34 987674    9.34204  -73.19505     4660  16.4  0  0  5  8 0 0 1 1 1 0 0 0 0 0 1 1 0 0
2014   2 28  8 52 35 214454    8.67020  -72.83482    10618  29.6  0  0  5 10 0 0 1 1 1 0 0 1 0 0 1 0 0 0
2014   2 28  8 52 35 565944    7.56749  -73.66367     4149  38.8  0  0  7 19 0 0 1 1 1 0 0 1 0 0 1 1 0 1
2014   2 28  8 52 35 630297    7.57077  -73.82901     7393  44.6  1  0  6 12 0 0 0 1 1 0 0 1 0 0 1 1 0 1
2014   2 28  8 52 35 953573  -21.76924  -46.05942     2931  42.7  0  0  7 16 0 0 1 1 1 0 0 1 0 0 1 1 0 1
2014   2 28  8 52 35 982474  -21.82443  -46.05765     2888  28.6  0  0  6 15 0 0 1 1 1 0 0 1 0 0 1 0 0 1
2014   2 28  8 52 36   3439  -21.82255  -46.05885     3294  31.7  1  0  5 10 0 0 0 1 1 0 0 1 0 0 1 0 0 1
2014   2 28  8 52 38 167700  -21.44851 -141.80417    17724  43.7  1  0  5 10 0 0 1 0 0 0 0 1 0 0 1 1 0 1
2014   2 28  8 52 38 193326  -21.28144 -142.42570    12127  13.3  0  0  4  6 0 0 1 0 0 0 0 1 0 0 1 1 0 0
2014   2 28  8 52 38 237374  -21.60539 -140.85123    17805  66.2  2  0  6 15 0 0 1 1 1 0 0 1 0 0 1 1 0 0
2014   2 28  8 52 38 262414  -21.66283 -140.77505    24336  69.1  2  0  5 10 0 0 1 1 1 0 0 1 0 0 0 1 0 0
2014   2 28  8 52 38 945064    4.23521   -3.86794    32034  33.0  1  0  5  9 0 0 1 0 1 0 0 1 0 0 1 0 0 1
2014   2 28  8 52 39 181972  -32.52647   18.84505    26876  56.7  2  0  5 10 0 0 1 1 1 0 0 1 0 0 1 0 0 0
2014   2 28  8 52 39 197185    3.05143    2.78619    21882  17.8  0  0  4  6 0 0 1 1 1 0 0 1 0 0 0 0 0 0
2014   2 28  8 52 39 448688  -21.15119  -47.73608     3214  65.4  1  0  7 21 0 0 1 1 1 0 0 1 0 0 1 1 0 1
2014   2 28  8 52 40 302459   -7.65036    6.65812    17637  35.5  1  0  5 10 0 0 1 1 1 0 0 1 0 0 0 0 0 1
2014   2 28  8 52 40 800571  -21.67438  -46.57999     3138   3.4  0  0  4  6 0 0 1 1 0 0 0 1 0 0 1 0 0 0
2014   2 28  8 52 40 825723  -22.23713   48.56656    32141  60.7  2  0  5 10 0 0 1 1 0 0 0 1 0 0 1 0 0 1
2014   2 28  8 52 40 875582  -21.47033  -46.85636     3993  76.2  2  0  6 14 0 0 1 1 0 0 0 1 0 0 1 1 0 1
2014   2 28  8 52 40 895719  -21.56862  -46.77699     3387  45.6  1  0  6 15 0 0 1 1 1 0 0 1 0 0 1 0 0 1
2014   2 28  8 52 41 149250  -21.52647  -46.80176     4022  50.9  2  0  5 10 0 0 0 1 1 0 0 1 0 0 1 0 0 1
2014   2 28  8 52 41 708558  -21.57053  -46.74947     4141  54.1  2  0  5 10 0 0 0 1 1 0 0 1 0 0 1 0 0 1
2014   2 28  8 52 42 292939  -30.91960 -109.50558    11608  87.3  2  0  7 21 0 0 1 1 1 0 0 1 0 0 1 1 0 1
2014   2 28  8 52 42 417605  -30.91410 -109.51643    11780  89.0  2  0  7 21 0 0 1 1 1 0 0 1 0 0 1 1 0 1
2014   2 28  8 52 42 454032  -30.92875 -109.52126    11852  89.4  2  0  7 21 0 0 1 1 1 0 0 1 0 0 1 1 0 1
2014   2 28  8 52 42 478243  -30.95481 -109.37939    14723  87.5  2  0  6 15 0 0 1 1 1 0 0 1 0 0 0 1 0 1
2014   2 28  8 52 42 488573  -30.91699 -109.51673    11839  89.5  2  0  7 21 0 0 1 1 1 0 0 1 0 0 1 1 0 1
2014   2 28  8 52 42 567754    4.70037  -73.56918     6601  73.3  2  0  6 14 0 0 1 0 1 0 0 1 0 0 1 1 0 1
2014   2 28  8 52 42 634583  -30.95041 -109.38491    14879  88.6  2  0  6 15 0 0 1 1 1 0 0 1 0 0 0 1 0 1
2014   2 28  8 52 44 695648   -9.17709  159.16158    18327 104.2  2  0  6 13 0 0 0 1 1 0 0 1 0 0 1 1 0 1
2014   2 28  8 52 44 868271    2.58101  142.96968    12666 109.3  2  0  6 13 0 0 1 1 0 0 0 1 0 0 1 1 0 1
2014   2 28  8 52 45  10798  -21.77249 -138.08459    17346  27.8  1  0  4  6 0 0 1 1 1 0 0 0 0 0 0 1 0 0
2014   2 28  8 52 45  60936  -20.92072 -143.49455    12497  14.4  0  0  4  6 0 0 1 0 0 0 0 1 0 0 1 1 0 0
2014   2 28  8 52 46 139613  -22.30659  -46.05297     4118 114.1  2  0  7 21 0 0 1 1 1 0 0 1 0 0 1 1 0 1
2014   2 28  8 52 46 542553  -21.80097   47.51662    33366  68.5  2  0  5 10 0 0 1 0 1 0 0 1 0 0 1 0 0 1
2014   2 28  8 52 46 646660   -1.53927  144.26341    13375  46.0  1  0  5  9 0 0 1 1 1 0 0 0 0 0 1 1 0 0
2014   2 28  8 52 46 822837  -22.39625  -45.87947     4588  95.1  2  0  6 15 0 0 1 1 1 0 0 1 0 0 1 0 0 1
2014   2 28  8 52 47 188886   -7.31892  -67.70953     5269  62.1  2  0  5 10 0 0 1 1 1 0 0 0 0 0 1 1 0 0
2014   2 28  8 52 47 665554   -7.43670  -68.03745     5603 124.8  2  0  7 21 0 0 1 1 1 0 0 1 0 0 1 1 0 1
2014   2 28  8 52 47 825843   -7.94840  -67.29868    13278 101.0  2  0  6 12 0 0 1 1 1 0 0 1 0 0 1 0 0 1
2014   2 28  8 52 48 247369  -21.70662  -45.94496     2766   3.5  0  0  5 10 0 0 1 1 1 0 0 1 0 0 1 0 0 0
2014   2 28  8 52 48 342005  -11.09925  -56.20876     2602   2.4  0  0  5 10 0 0 0 1 1 0 0 0 0 1 1 1 0 0
2014   2 28  8 52 48 877352  -34.14417  -37.87172     4053  18.4  0  0  7 21 0 0 0 0 1 0 0 1 0 1 1 1 1 1
2014   2 28  8 52 48 915552  -34.17902  -37.83102     4413  20.1  0  0  7 21 0 0 0 1 1 0 0 1 0 1 1 1 0 1
2014   2 28  8 52 50   1511   -6.77762    8.39541     8864   7.0  0  0  5 10 0 0 1 0 1 0 0 1 0 0 1 0 0 1
2014   2 28  8 52 50 720526  -23.82529  -45.37948     3386  11.1  0  0  4  6 0 0 0 1 0 0 0 0 0 1 1 0 0 1
2014   2 28  8 52 50 851002  -14.34778  -44.22349     2750  27.0  0  0  6 15 0 0 0 1 1 0 0 1 0 0 1 1 0 1
2014   2 28  8 52 50 866094  -23.94822  -45.22379     3622   6.4  0  0  4  6 0 0 0 1 0 0 0 1 0 0 1 0 0 1
2014   2 28  8 52 51 202511  -23.88885  -45.41034     4008  30.3  1  0  5 10 0 0 0 1 1 0 0 1 0 0 1 0 0 1
2014   2 28  8 52 51 379550  -23.74253  -45.45406     2783  30.9  0  0  7 21 0 0 1 1 1 0 0 1 0 1 1 1 0 0
2014   2 28  8 52 51 388335  -23.79468  -45.38897     3983  29.0  0  0  5 10 0 0 0 1 1 0 0 1 0 0 1 0 0 1
2014   2 28  8 52 51 405718  -23.72095  -45.44214     2947  13.3  0  0  5 10 0 0 0 1 1 0 0 0 0 1 1 0 0 1
2014   2 28  8 52 51 472261  -21.56687  -47.45552     2808  16.5  0  0  5 10 0 0 1 1 1 0 0 0 0 1 1 0 0 0
2014   2 28  8 52 51 492266  -21.61306  -47.45341     2605  29.9  0  0  7 21 0 0 1 1 1 0 0 1 0 0 1 1 0 1
2014   2 28  8 52 51 550808  -21.61840  -47.42369     2882  33.1  0  0  6 15 0 0 1 0 1 0 0 1 0 0 1 1 0 1
2014   2 28  8 52 51 994302  -21.61414  -47.42968     2645  35.9  0  0  7 21 0 0 0 1 1 0 0 1 0 1 1 1 0 1
2014   2 28  8 52 52  48429  -21.67061  -47.28632     2780  10.8  0  0  5 10 0 0 1 1 1 0 0 1 0 0 1 0 0 0
2014   2 28  8 52 52 726830  -10.84931  -56.52570     3137  26.1  0  0  7 17 0 0 1 1 1 0 0 1 0 1 0 0 1 1
2014   2 28  8 52 52 750743  -21.62395  -46.92445     2845  26.3  0  0  6 15 0 0 1 1 1 0 0 1 0 0 1 0 0 1
2014   2 28  8 52 52 857610  -31.04028 -136.74609    12132  19.7  0  0  5 10 0 0 1 0 1 0 0 0 0 0 1 1 0 1
2014   2 28  8 52 52 935956  -10.70028  -56.79081     4126  40.6  1  0  5 10 0 0 0 1 0 0 0 1 0 1 0 1 0 1
2014   2 28  8 52 53 384150  -21.57176  -46.87342     3693  27.1  0  0  5  8 0 0 0 1 1 0 0 1 0 0 1 0 0 1
2014   2 28  8 52 53 973310    4.85313  149.98660     9184  41.3  1  0  5 10 0 0 1 0 1 0 0 1 0 0 1 1 0 0
2014   2 28  8 52 54 281303  -32.84516 -132.90038    16702  53.2  1  0  6 15 0 0 1 1 1 0 0 1 0 0 0 1 0 1
2014   2 28  8 52 55 177893  -22.29897  -46.14600     2831  32.8  0  0  6 15 0 0 1 1 1 0 0 0 0 0 1 1 0 1
2014   2 28  8 52 55 338777  -22.24498  -46.16154     2825  19.3  0  0  5 10 0 0 0 1 0 0 0 0 0 1 1 1 0 1
2014   2 28  8 52 55 428450  -22.34706  -46.11464     3406  55.4  1  0  6 14 0 0 0 1 1 0 0 1 0 0 1 1 0 1
2014   2 28  8 52 55 465107  -22.23197  -46.18875     3023  17.1  0  0  5  9 0 0 1 1 0 0 0 0 0 1 1 1 0 0
2014   2 28  8 52 55 491940  -22.42909  -46.06108     3996  52.2  2  0  5 10 0 0 0 1 1 0 0 1 0 0 1 0 0 1
2014   2 28  8 52 55 698483    7.58354  -73.57090     5733  61.2  2  0  6 15 0 0 1 1 0 0 0 1 0 0 1 1 0 1
2014   2 28  8 52 55 823854    7.49078  -73.58104     8143  71.1  2  0  6 12 0 0 1 1 1 0 0 1 0 1 0 1 0 0
2014   2 28  8 52 55 845269  -22.32016  -46.14738     3087  58.5  1  0  7 20 0 0 1 1 0 0 0 1 0 1 1 1 0 1
2014   2 28  8 52 55 953669    6.97276  -76.65363     4944  33.7  0  0  6 12 0 0 1 1 1 0 0 0 0 0 1 1 0 1
2014   2 28  8 52 57  24635    2.73930  -93.54762     6409  10.9  0  0  5 10 0 0 0 1 1 0 0 0 0 0 1 1 0 1
2014   2 28  8 52 57  87265  -21.63699  -46.32608     3657  63.0  2  0  6 15 0 0 1 0 1 0 0 1 0 1 0 1 0 1
2014   2 28  8 52 57 232601  -21.77675  -45.83434     3128  15.9  0  0  5 10 0 0 1 1 1 0 0 1 0 0 1 0 0 0
2014   2 28  8 52 57 302199  -21.66648  -46.07134     3557  50.6  1  0  6 15 0 0 1 1 1 0 0 1 0 0 1 0 0 1
2014   2 28  8 52 57 392562  -21.66717  -46.06894     3550  50.5  1  0  6 15 0 0 1 1 1 0 0 1 0 0 1 0 0 1
2014   2 28  8 52 57 419913  -21.50797  -46.21959     2720  41.1  0  0  7 21 0 0 1 1 1 0 0 0 0 1 1 1 0 1
2014   2 28  8 52 57 594914  -21.66770  -46.06887     4313  57.8  2  0  5 10 0 0 0 1 1 0 0 1 0 0 1 0 0 1
2014   2 28  8 52 59 100784  -21.79784  -45.52778     3741  30.9  1  0  5 10 0 0 1 1 1 0 0 1 0 0 1 0 0 0
2014   2 28  8 52 59 307537  -33.67312  -38.57913     5851  67.4  2  0  6 15 0 0 1 1 1 0 0 1 0 0 1 0 0 1
2014   2 28  8 52 59 589252  -21.58846  -45.83166     3669  78.7  2  0  7 20 0 0 1 1 1 0 0 1 0 0 1 1 0 1
2014   2 28  8 52 59 741333  -33.56593  -38.79770     4079  46.4  0  0  7 21 0 0 1 1 1 0 0 0 0 1 1 1 0 1
2014   2 28  8 52 59 887057  -33.70919  -38.62098     7298  66.2  2  0  5 10 0 0 1 1 0 0 0 1 0 0 1 0 0 1
2014   2 28  8 53  0   2677  -21.14721 -140.26927    16827  67.1  2  0  6 15 0 0 1 1 1 0 0 0 0 1 1 1 0 0
2014   2 28  8 53  0  57684  -33.67332  -38.69504     6034  71.2  2  0  6 15 0 0 1 1 1 0 0 1 0 0 1 0 0 1
2014   2 28  8 53  0 136020  -33.63290  -38.59990     4054  23.5  0  0  5 10 0 0 1 1 1 0 0 0 0 0 1 0 0 1
2014   2 28  8 53  0 147277  -33.68192  -38.67583     7980  79.3  2  0  5 10 0 0 1 1 1 0 0 1 0 0 1 0 0 0
2014   2 28  8 53  0 154392  -33.73679  -38.63184    16100  79.6  2  0  5 10 0 0 0 1 1 0 0 1 0 0 1 0 0 1
2014   2 28  8 53  0 323683  -33.57611  -39.54703    10594  77.4  2  0  5 10 0 0 1 0 1 0 0 1 0 1 1 0 0 0
2014   2 28  8 53  0 551502  -11.57442  -72.09686     8150  38.6  0  0  6 15 0 0 1 1 1 0 0 0 0 1 1 0 0 1
2014   2 28  8 53  0 658579  -33.71104  -38.62074     4533  25.4  0  0  5  8 0 0 1 1 1 0 0 0 0 0 1 0 0 1
2014   2 28  8 53  0 767719  -11.42895  -72.25721     3363  25.3  0  0  6 13 0 0 1 1 1 0 0 0 0 0 1 1 0 1
2014   2 28  8 53  0 871110  -12.37475  -71.43761     8857  99.1  2  0  6 14 0 0 0 1 1 0 0 1 0 0 1 1 0 1
2014   2 28  8 53  1 199113    3.67296  -72.25517    13260  85.1  2  0  6 15 0 0 1 1 1 0 0 1 0 0 1 0 0 1
2014   2 28  8 53  1 644009   31.49949 -178.40173    12438  68.7  1  0  7 19 0 0 1 1 1 0 0 1 0 0 1 1 0 1
2014   2 28  8 53  1 667112   -4.66874  -71.40281     4282  22.7  1  0  4  6 0 0 1 1 1 0 0 0 0 0 0 1 0 0
2014   2 28  8 53  1 873906  -12.96500  -70.27467     4409  61.6  2  0  6 15 0 0 1 1 1 0 0 0 0 0 1 1 0 1
2014   2 28  8 53  1 900126  -13.01883  -70.21159     4271  27.2  1  0  4  6 0 0 1 1 1 0 0 0 0 0 0 1 0 0
2014   2 28  8 53  2 204996   -2.93383   -4.43456    24237   9.6  0  0  4  6 0 0 0 1 0 0 0 1 0 0 1 0 0 1
2014   2 28  8 53  2 494297   -3.10401  149.27258     6204   6.8  0  0  4  6 0 0 1 0 0 0 0 1 0 0 1 1 0 0
2014   2 28  8 53  2 680583   -1.61810  144.19423     8315  15.0  0  0  4  6 0 0 1 1 0 0 0 0 0 0 1 1 0 0
2014   2 28  8 53  3 135341  -30.84087  -40.41873     5953  82.2  2  0  6 14 0 0 1 1 1 0 0 1 0 0 1 0 0 1
2014   2 28  8 53  3 151046  -30.72010  -40.59324     4249  58.2  1  0  7 21 0 0 1 1 1 0 0 0 0 1 1 1 0 1
2014   2 28  8 53  3 467067  -25.27303 -131.61838    42460  66.5  2  0  5 10 0 0 1 1 1 0 0 1 0 0 0 0 0 1
2014   2 28  8 53  3 502459  -22.68836 -138.80197    31571 129.3  2  0  6 15 0 0 1 1 0 0 0 1 0 0 1 1 0 1
2014   2 28  8 53  3 647845   -8.78182  -67.16214     3744  22.1  0  0  5 10 0 0 0 1 1 0 0 0 0 0 1 1 0 1
2014   2 28  8 53  3 754751   -8.87187  -67.17522     4957  52.7  1  0  6 15 0 0 0 1 1 0 0 0 0 1 1 1 0 1
2014   2 28  8 53  3 924357   -8.86651  -67.16923     5013  53.8  1  0  6 15 0 0 0 1 1 0 0 0 0 1 1 1 0 1
2014   2 28  8 53  5 814241  -23.86173  -45.43668     2643  22.4  0  0  7 21 0 0 1 1 1 0 0 1 0 0 1 1 0 1
2014   2 28  8 53  8 202475  -29.41842 -135.97981    17762  27.4  0  0  6 15 0 0 1 1 1 0 0 1 0 0 1 0 0 1
2014   2 28  8 53  8 369226  -28.41134 -139.11105    19691  48.2  1  0  5 10 0 0 1 1 1 0 0 1 0 0 0 1 0 0
2014   2 28  8 53  9 920113   20.50318 -112.88013    60988  53.3  2  0  5  7 0 0 0 1 1 0 0 1 0 0 0 1 0 1
2014   2 28  8 53 11 728216  -21.61825  -45.84901     4032  60.2  2  0  5 10 0 0 0 1 0 0 0 1 0 0 1 1 0 1
2014   2 28  8 53 12  47234   -4.60293  -72.09755     4134  63.4  1  0  7 21 0 0 1 1 1 0 0 1 0 0 1 1 0 1
2014   2 28  8 53 12 360800  -15.68731 -168.99742    78550  19.8  0  0  4  6 0 0 0 1 0 0 0 1 0 0 1 0 0 1
2014   2 28  8 53 13 539442  -18.98328 -141.02013    21370  85.4  2  0  6 15 0 0 1 1 1 0 0 1 0 0 1 1 0 0
2014   2 28  8 53 13 684378  -18.97894 -141.02405    21551  86.2  2  0  6 15 0 0 1 1 1 0 0 1 0 0 1 1 0 0
2014   2 28  8 53 13 774675  -21.67353  -45.69838     4255  55.8  2  0  5 10 0 0 0 1 1 0 0 1 0 0 1 0 0 1
2014   2 28  8 53 13 860426  -19.15912 -139.33586    13577  19.2  0  0  4  6 0 0 1 1 1 0 0 0 0 0 0 1 0 0
2014   2 28  8 53 13 966138  -21.55408  -45.73098     4357  50.7  2  0  5  9 0 0 1 1 1 0 0 0 0 0 1 0 0 1
2014   2 28  8 53 14 792882  -21.53920  -46.74234     3434  47.3  1  0  6 15 0 0 1 1 1 0 0 1 0 0 1 0 0 1
2014   2 28  8 53 14 934424  -31.60314 -137.92680    12170  10.1  0  0  4  6 0 0 1 0 0 0 0 1 0 0 1 1 0 0
2014   2 28  8 53 17 392850   -1.18785    4.43350    32739  37.4  1  0  4  6 0 0 1 1 1 0 0 1 0 0 0 0 0 0
2014   2 28  8 53 18 173952  -21.82694  -47.04493     3492  37.9  1  0  5 10 0 0 1 0 1 0 0 1 0 0 1 0 0 1
2014   2 28  8 53 18 232864   -6.09898    8.42842    16800 102.1  2  0  7 21 0 0 1 1 1 0 0 1 0 0 1 1 0 1
2014   2 28  8 53 18 361992  -18.92159 -138.32458    17574  29.9  1  0  4  6 0 0 1 1 1 0 0 0 0 0 0 1 0 0
2014   2 28  8 53 19 152611    1.97798  -84.13178     7829 111.6  2  0  7 21 0 0 1 1 1 0 0 1 0 0 1 1 0 1
2014   2 28  8 53 19 215344    1.99412  -84.15253     7849 111.9  2  0  7 21 0 0 1 1 1 0 0 1 0 0 1 1 0 1
2014   2 28  8 53 19 880950  -21.74169  -49.99663     4735  30.4  1  0  5  8 0 0 1 1 1 0 0 0 0 0 1 0 0 1
2014   2 28  8 53 20 233077  -22.05276  -50.11144     2404  10.4  0  0  6 14 0 0 0 1 1 0 0 1 0 1 1 0 0 1
2014   2 28  8 53 20 486519  -23.25021  -45.62569     2524  12.1  0  0  7 18 0 0 0 1 1 0 0 1 0 1 1 1 0 1
2014   2 28  8 53 20 533352  -22.04428  -50.11506     2462  12.2  0  0  6 14 0 0 0 1 0 0 0 1 0 1 1 1 0 1
2014   2 28  8 53 20 816907  -24.43529 -132.42203     8813  17.5  0  0  5 10 0 0 1 1 0 0 0 1 0 0 1 1 0 0
2014   2 28  8 53 21  93665  -14.54967  -44.09641     2829   4.5  0  0  4  6 0 0 1 1 0 0 0 1 0 0 0 0 0 1
2014   2 28  8 53 21 360273  -21.68860  -46.03204     2553   6.8  0  0  5 10 0 0 0 1 1 0 0 1 0 0 1 0 0 1
2014   2 28  8 53 21 502127  -21.66629  -45.89420     5157  49.3  1  0  5  7 0 0 1 1 1 0 0 1 0 0 0 0 0 1
2014   2 28  8 53 21 510913  -21.69584  -45.99853     2951  10.8  0  0  4  6 0 0 0 1 0 0 0 1 0 0 1 0 0 1
2014   2 28  8 53 21 818685  -21.75078  -46.03218     2474  11.4  0  0  6 15 0 0 1 1 1 0 0 1 0 0 1 0 0 1
2014   2 28  8 53 22 531214  -21.62758  -47.41045     2840  47.0  0  0  7 21 0 0 0 1 1 0 0 1 0 1 1 1 0 1
2014   2 28  8 53 22 581007  -21.68482  -47.36882     2619  21.5  0  0  6 15 0 0 0 1 1 0 0 1 0 0 1 1 0 1
2014   2 28  8 53 22 583055    7.49409  -73.52306     2965   3.3  0  0  6 14 0 0 1 1 1 0 0 0 0 0 1 1 0 1
2014   2 28  8 53 22 642138  -21.69024  -47.41771     2828  29.5  0  0  6 15 0 0 1 0 1 0 0 1 0 1 0 1 0 1
2014   2 28  8 53 22 708268    7.06524  -73.28661     5276  14.9  0  0  6 15 0 0 1 1 1 0 0 1 0 0 1 0 0 1
2014   2 28  8 53 22 900675  -21.70412  -47.33281     3167  16.3  0  0  4  6 0 0 0 1 0 0 0 1 0 0 1 0 0 1
2014   2 28  8 53 22 969748  -21.68262  -47.38569     2885  30.4  0  0  6 15 0 0 1 1 1 0 0 1 0 1 1 0 0 0
2014   2 28  8 53 23  10835  -21.63972  -47.39371     2574  18.0  0  0  6 15 0 0 1 1 1 0 0 0 0 1 1 1 0 0
2014   2 28  8 53 23 403455   -5.19195  -71.71925     3006  27.6  0  0  7 21 0 0 1 1 1 0 0 1 0 0 1 1 0 1
2014   2 28  8 53 23 487689   -4.49127  -72.03467     3500  29.8  0  0  6 14 0 0 1 1 1 0 0 1 0 0 1 1 0 0
2014   2 28  8 53 23 709013   -5.04061  -71.62734     6190  28.5  0  0  5  7 0 0 0 1 1 0 0 1 0 0 1 1 0 0
2014   2 28  8 53 24  97455  -20.59631  -46.26825     2672  35.0  0  0  7 21 0 0 0 1 1 0 0 1 0 1 1 1 0 1
2014   2 28  8 53 24 125409  -20.62271  -46.13695     2913  16.5  0  0  5 10 0 0 1 1 1 0 0 1 0 0 0 0 0 1
2014   2 28  8 53 25  88931  -12.18676  -72.27834     3557  20.9  0  0  6 15 0 0 1 1 1 0 0 1 0 1 0 0 0 1
2014   2 28  8 53 25 139635   -4.52266  145.41016     6713  16.3  0  0  4  6 0 0 1 0 0 0 0 1 0 0 1 1 0 0
2014   2 28  8 53 25 335142   -6.54139    7.22470    15775  27.6  0  0  5 10 0 0 1 1 1 0 0 1 0 0 1 0 0 0
2014   2 28  8 53 25 588282    3.95182  -72.86205    14711  40.4  1  0  5  7 0 0 1 1 1 0 0 1 0 0 1 0 0 0
2014   2 28  8 53 26 648510  -11.87701  -72.53187     3529  24.6  0  0  5 10 0 0 1 1 1 0 0 0 0 0 1 1 0 0
2014   2 28  8 53 27 235477  -12.71605  156.60095    14829  80.7  2  0  6 15 0 0 1 1 1 0 0 1 0 0 1 1 0 0
2014   2 28  8 53 27 245700  -12.70177  156.55185    11207  75.1  2  0  7 21 0 0 1 1 1 0 0 1 0 0 1 1 0 1
2014   2 28  8 53 27 523613  -11.78436  -72.44173     3402   6.3  0  0  5 10 0 0 0 1 1 0 0 0 0 0 1 1 0 1
2014   2 28  8 53 27 682552  -22.43387  -46.05725     3828  47.4  1  0  5 10 0 0 0 1 1 0 0 1 0 0 1 0 0 1
2014   2 28  8 53 27 833340  -11.86025  -72.66742     4439  57.9  2  0  5  8 0 0 1 1 1 0 0 1 0 0 0 1 0 0
2014   2 28  8 53 28 255206  -22.30179  -46.13982     3889  39.0  1  0  5 10 0 0 1 1 1 0 0 0 0 0 1 0 0 1
2014   2 28  8 53 28 355701  -22.33470  -46.21061     3415  72.6  2  0  7 21 0 0 1 1 1 0 0 1 0 1 1 0 0 1
2014   2 28  8 53 28 732517  -23.83109  -45.34116     4298  54.3  1  0  6 15 0 0 1 1 1 0 0 1 0 0 1 0 0 1
2014   2 28  8 53 29 370856  -10.71782  162.91399    25838  74.5  2  0  6 15 0 0 0 1 1 0 0 0 0 1 1 1 0 1
2014   2 28  8 53 29 979081   -9.84781  160.67506    15241  58.0  2  0  5 10 0 0 1 0 1 0 0 1 0 0 0 1 0 1
2014   2 28  8 53 30 685164    0.98418    3.75694    31291  33.0  1  0  4  6 0 0 1 1 1 0 0 1 0 0 0 0 0 0
2014   2 28  8 53 31 161108  -33.29033  -39.31069     3594   3.6  0  0  4  6 0 0 1 1 0 0 0 0 0 0 1 0 0 1
2014   2 28  8 53 31 319523  -33.15664  -39.57830     4955  59.2  1  0  7 18 0 0 1 1 1 0 0 0 0 1 1 1 0 1
2014   2 28  8 53 31 342074  -33.11543  -39.63267     4448  56.9  1  0  7 21 0 0 1 1 1 0 0 0 0 1 1 1 0 1
2014   2 28  8 53 32  78420   -1.82661  144.73851     9942  35.8  1  0  5 10 0 0 1 1 1 0 0 0 0 0 1 1 0 0
2014   2 28  8 53 32 155684  -22.83580  -45.70070     3547  13.7  0  0  4  6 0 0 1 1 0 0 0 0 0 0 1 1 0 0
2014   2 28  8 53 32 192358  -22.89328  -45.81947     5219 100.3  2  0  6 15 0 0 1 1 0 0 0 1 0 1 1 1 0 0
2014   2 28  8 53 32 665620   -5.12589  -71.33870     4032  19.4  0  0  4  6 0 0 1 1 1 0 0 0 0 0 0 1 0 0
2014   2 28  8 53 33 119677  -24.86985  -44.45870     7044  82.9  2  0  5 10 0 0 0 1 1 0 0 1 0 0 1 0 0 1
2014   2 28  8 53 33 128651  -24.85021  -44.47802     5015  75.1  2  0  6 15 0 0 1 1 1 0 0 1 0 0 1 0 0 1
2014   2 28  8 53 34 111380  -11.76916  -71.46381     3905  65.2  1  0  7 21 0 0 1 1 1 0 0 0 0 1 1 1 0 1
2014   2 28  8 53 34 180575  -12.25329  -71.40642     3897  65.2  1  0  7 21 0 0 1 1 1 0 0 0 0 1 1 1 0 1
2014   2 28  8 53 34 200490  -11.82695  -71.57405     9376 105.9  2  0  6 14 0 0 0 1 1 0 0 1 0 0 1 1 0 1
2014   2 28  8 53 34 222020  -12.10934  -70.99863     6149  50.1  2  0  5  9 0 0 0 1 0 0 0 0 0 1 1 1 0 1
2014   2 28  8 53 34 229908  -11.86519  -71.73478     5022 102.6  2  0  7 21 0 0 1 1 1 0 0 1 0 0 1 1 0 1
2014   2 28  8 53 34 254147  -11.94693  -71.72540     8835 117.2  2  0  7 21 0 0 0 1 1 0 0 1 0 1 1 1 0 1
2014   2 28  8 53 34 275895  -12.32019  -71.62276     4991 102.6  2  0  7 21 0 0 1 1 1 0 0 1 0 0 1 1 0 1
2014   2 28  8 53 34 341489  -12.38927  -71.56243     5392 118.2  2  0  7 21 0 0 1 1 1 0 0 1 0 1 1 1 0 0
2014   2 28  8 53 34 383382  -12.26048  -71.40362     3932  66.7  1  0  7 21 0 0 1 1 1 0 0 0 0 1 1 1 0 1
2014   2 28  8 53 34 665828  -12.39023  -71.56358     5454 120.4  2  0  7 21 0 0 1 1 1 0 0 1 0 1 1 1 0 0
2014   2 28  8 53 34 705831  -12.47310  -69.52498     9278  36.4  1  0  5  9 0 0 0 1 1 0 0 1 0 0 1 0 0 1
2014   2 28  8 53 34 788542  -12.35320  -71.60616     5078 105.9  2  0  7 21 0 0 1 1 1 0 0 1 0 0 1 1 0 1
2014   2 28  8 53 35 158208  -33.64201  -38.69476     5840  89.9  2  0  7 20 0 0 1 1 1 0 0 1 0 0 1 1 0 1
2014   2 28  8 53 35 186678  -33.23112  -40.68908     6820  25.6  1  0  4  6 0 0 1 0 0 0 0 1 0 1 0 0 0 1
2014   2 28  8 53 35 218922  -10.93272  -72.45042     8768  28.2  0  0  5 10 0 0 1 1 1 0 0 0 0 0 1 0 0 1
2014   2 28  8 53 35 657994  -18.23003 -143.78526    12216  14.1  0  0  4  6 0 0 1 0 0 0 0 1 0 0 1 1 0 0
2014   2 28  8 53 36   1271  -33.54263  -39.31318    10317  18.2  0  0  5 10 0 0 0 1 0 0 0 1 0 1 0 1 0 1
2014   2 28  8 53 36  87429  -34.33846  -39.10830    34799  17.2  0  0  4  6 0 0 0 1 1 0 0 1 0 0 0 1 0 0
2014   2 28  8 53 36 252291  -33.83427  -39.15787     6933   8.5  0  0  4  6 0 0 0 1 0 0 0 1 0 1 1 0 0 0
2014   2 28  8 53 36 261505  -33.78860  -39.18155     3092  13.6  0  0  6 15 0 0 1 1 1 0 0 1 0 0 1 0 0 1
2014   2 28  8 53 36 270324  -33.83954  -39.17233     3102  13.7  0  0  6 15 0 0 1 1 1 0 0 1 0 0 1 0 0 1
2014   2 28  8 53 36 349576  -33.82845  -39.16592     3110  14.1  0  0  6 15 0 0 1 1 1 0 0 1 0 0 1 0 0 1
2014   2 28  8 53 36 905281   -0.42053    5.80041    10799  10.0  0  0  5 10 0 0 1 1 1 0 0 1 0 0 1 0 0 0
2014   2 28  8 53 37 326583  -21.63420  -46.20427     2836  18.8  0  0  5 10 0 0 0 1 1 0 0 1 0 0 1 0 0 1
2014   2 28  8 53 37 720170  -21.54539  -46.80252     2650  23.1  0  0  6 14 0 0 1 1 0 0 0 1 0 1 0 1 0 1
2014   2 28  8 53 37 778113  -21.56546  -46.93164     2815  16.2  0  0  5 10 0 0 1 1 1 0 0 1 0 0 0 0 0 1
2014   2 28  8 53 37 813602  -21.53011  -46.97015     2955  23.0  0  0  5 10 0 0 0 1 1 0 0 0 0 1 1 1 0 0
2014   2 28  8 53 38  57920   -6.44309  175.95087    21665  26.6  0  0  5 10 0 0 1 1 1 0 0 1 0 0 1 0 0 0
2014   2 28  8 53 38  74285   -3.87658  -71.60326     3090  13.8  0  0  5 10 0 0 1 1 1 0 0 0 0 0 1 1 0 0
2014   2 28  8 53 38  99631   -5.05657  174.42076    11242  22.8  0  0  5 10 0 0 1 1 1 0 0 0 0 0 1 1 0 0
2014   2 28  8 53 38 139635   -4.77649  172.95114    19284  56.9  2  0  5 10 0 0 1 1 0 0 0 1 0 0 0 1 0 1
2014   2 28  8 53 38 200828   -7.99742  179.72339    39747   7.7  0  0  4  6 0 0 0 1 0 0 0 1 0 0 1 0 0 1
2014   2 28  8 53 38 444159   -6.69672  -43.87382     3938  32.2  1  0  5 10 0 0 0 1 1 0 0 1 0 0 1 1 0 0
2014   2 28  8 53 38 541780   -3.87285  -71.86699     5519  18.3  0  0  4  6 0 0 0 1 1 0 0 1 0 0 0 1 0 0
2014   2 28  8 53 38 564806   -3.79506  -71.47688     2807  14.6  0  0  6 15 0 0 1 1 1 0 0 0 0 0 1 1 0 1
2014   2 28  8 53 39 187273   -3.47671  -71.52695     3075  30.9  0  0  7 21 0 0 1 1 1 0 0 1 0 0 1 1 0 1
2014   2 28  8 53 39 207942   -3.47006  -71.52543     5368  34.0  1  0  5  9 0 0 0 1 1 0 0 1 0 0 1 1 0 0
2014   2 28  8 53 39 268006   -3.48415  -71.56624     4349  32.8  0  0  6 15 0 0 0 1 1 0 0 1 0 0 1 1 0 1
2014   2 28  8 53 39 509481   -3.45188  -71.61392     4001  34.5  0  0  7 21 0 0 0 1 1 0 0 1 0 1 1 1 0 1
2014   2 28  8 53 39 566051   -3.52556  -71.56920     7202  41.4  1  0  5  9 0 0 0 1 1 0 0 1 0 0 1 1 0 0
2014   2 28  8 53 40 131816  -21.60154  -45.98102     2713  40.3  0  0  7 21 0 0 0 1 1 0 0 1 0 1 1 1 0 1
2014   2 28  8 53 40 449662  -21.62900  -45.83949     2919  30.8  0  0  6 15 0 0 1 1 1 0 0 1 0 0 1 0 0 1
2014   2 28  8 53 40 768551  -33.85885  -38.84242     5188  40.3  1  0  5 10 0 0 1 1 0 0 0 1 0 1 1 0 0 0
2014   2 28  8 53 40 827617  -33.66973  -39.00403     9735  43.4  1  0  5 10 0 0 0 1 1 0 0 1 0 1 1 0 0 0
2014   2 28  8 53 40 839231  -34.09724  -38.56668    12936  30.0  1  0  4  6 0 0 0 1 0 0 0 1 0 0 1 0 0 1
2014   2 28  8 53 40 862089  -33.87703  -38.78135     4101  34.7  0  0  6 15 0 0 1 1 1 0 0 1 0 0 1 0 0 1
2014   2 28  8 53 40 900435  -33.92980  -38.71656     4365  27.2  0  0  5 10 0 0 1 1 0 0 0 1 0 0 1 0 0 1
2014   2 28  8 53 40 974275  -33.84374  -38.83574     4162  24.7  0  0  5 10 0 0 1 1 0 0 0 0 0 1 1 0 0 1
2014   2 28  8 53 41  43769   41.58363  147.73222     8022  66.4  2  0  6 15 0 0 1 1 1 0 0 0 0 1 1 0 0 1
2014   2 28  8 53 41 396452  -21.87194 -140.25461    11228  50.7  1  0  7 21 0 0 1 1 1 0 0 1 0 0 1 1 0 1
2014   2 28  8 53 42   9168   -4.75431  -71.78894     7394  60.5  2  0  5 10 0 0 0 1 1 0 0 1 0 0 1 1 0 0
2014   2 28  8 53 42  21115  -22.03754 -139.62933     9597  32.7  0  0  6 15 0 0 1 0 1 0 0 0 0 1 1 1 0 1
2014   2 28  8 53 42 487430   -5.39397  -70.53336     7404  19.9  0  0  5  9 0 0 0 1 1 0 0 1 0 0 1 0 0 1
2014   2 28  8 53 42 498874   -4.85801  -71.33239     3961  17.9  0  0  5 10 0 0 0 1 1 0 0 0 0 0 1 1 0 1
2014   2 28  8 53 42 514218   -4.91368  -71.71140     3779  51.8  1  0  7 20 0 0 1 1 1 0 0 1 0 0 1 1 0 1
2014   2 28  8 53 42 620753   -4.91500  -71.70572     4301  51.4  1  0  6 14 0 0 1 1 1 0 0 1 0 0 0 1 0 1
2014   2 28  8 53 42 628912  -33.16520   19.88059    25148  50.3  2  0  5 10 0 0 1 1 1 0 0 1 0 0 1 0 0 0
2014   2 28  8 53 43  85715    7.56346  -73.27459     3672  35.2  0  0  7 21 0 0 1 1 1 0 0 0 0 1 1 1 0 1
2014   2 28  8 53 43 668519  -34.21378  -37.31044     3955  39.7  0  0  7 21 0 0 1 1 1 0 0 0 0 1 1 1 0 1
2014   2 28  8 53 43 675882  -34.17163  -37.39247    12501  52.9  2  0  5 10 0 0 0 1 1 0 0 1 0 0 1 0 0 1
2014   2 28  8 53 44 258798  -33.93096  -37.78905    14638  67.2  2  0  5 10 0 0 0 1 1 0 0 1 0 1 1 0 0 0
2014   2 28  8 53 44 664010  -34.31647  -37.17229     3756   2.9  0  0  4  6 0 0 1 1 0 0 0 0 0 0 1 0 0 1
2014   2 28  8 53 45   5905  -21.59879  -46.05293     3192  68.2  1  0  7 21 0 0 1 1 0 0 0 1 0 1 1 1 0 1
2014   2 28  8 53 45  64941  -21.60754  -46.05319     3223  70.0  1  0  7 21 0 0 1 1 0 0 0 1 0 1 1 1 0 1
2014   2 28  8 53 45  98219  -21.65525  -45.98812     3338  70.0  2  0  7 21 0 0 1 1 1 0 0 1 0 0 1 1 0 1
2014   2 28  8 53 45 173692  -21.75645  -45.98004     3713  46.0  1  0  5 10 0 0 1 0 1 0 0 1 0 0 1 0 0 1
2014   2 28  8 53 45 384412  -21.66902  -46.11725     4453  72.2  2  0  5 10 0 0 1 1 0 0 0 1 0 1 0 0 0 1
2014   2 28  8 53 45 393013  -21.70827  -45.89873     3616  55.7  1  0  6 15 0 0 1 1 1 0 0 1 0 0 1 0 0 1
2014   2 28  8 53 46 382832  -23.55474  -99.51250    15534  53.2  2  0  5 10 0 0 1 1 1 0 0 1 0 0 0 0 0 1
2014   2 28  8 53 46 409729  -10.31231  -57.06319     3168  54.2  1  0  7 21 0 0 1 1 1 0 0 0 0 1 1 1 0 1
2014   2 28  8 53 46 468940  -10.46516  -57.34409     4959  79.0  2  0  6 15 0 0 1 0 1 0 0 1 0 1 0 1 0 1
2014   2 28  8 53 46 721375  -40.77565  -67.27751    20686  39.3  1  0  5 10 0 0 0 1 1 0 0 0 0 1 0 1 0 1
2014   2 28  8 53 47 127388  -18.43554 -133.67125    33173  80.6  2  0  6 15 0 0 1 1 1 0 0 1 0 0 1 0 0 1
2014   2 28  8 53 47 154004  -17.07331 -137.03265    22576 100.0  2  0  6 15 0 0 1 1 1 0 0 1 0 0 1 1 0 0
2014   2 28  8 53 48 668293    1.28675  -23.49917    12733  67.1  2  0  6 14 0 0 1 0 1 0 0 1 0 0 1 1 0 1
2014   2 28  8 53 49 216638   -8.27678  178.73900    21902 107.4  2  0  7 21 0 0 1 1 1 0 0 1 0 0 1 1 0 1
2014   2 28  8 53 49 265977   -8.24117  178.67911    28773 117.2  2  0  6 15 0 0 1 1 1 0 0 1 0 0 1 1 0 0
2014   2 28  8 53 49 304636  -11.84540 -175.13147    35629  41.0  1  0  5 10 0 0 1 1 1 0 0 1 0 0 0 0 0 1
2014   2 28  8 53 49 318249   -8.28005  178.74780    22047 108.0  2  0  7 21 0 0 1 1 1 0 0 1 0 0 1 1 0 1
2014   2 28  8 53 49 427970    4.56068  -72.29496     4552   4.6  0  0  4  6 0 0 0 1 0 0 0 0 0 0 1 1 0 1
2014   2 28  8 53 49 637882  -32.60159   18.87458    29984  92.5  2  0  6 15 0 0 1 1 1 0 0 1 0 0 1 0 0 1
2014   2 28  8 53 49 975905   30.50189 -132.25803    28200  64.9  2  0  5  9 0 0 1 1 1 0 0 0 0 0 1 1 0 0
2014   2 28  8 53 50 538617  -12.66753  -71.06766     6372  90.9  2  0  7 21 0 0 1 1 1 0 0 1 0 1 1 0 0 1
2014   2 28  8 53 50 560900   -1.49642  144.09166     7694  12.2  0  0  4  6 0 0 1 1 0 0 0 0 0 0 1 1 0 0
2014   2 28  8 53 50 935501  -21.41560  -45.89230     4016  63.0  2  0  5 10 0 0 1 1 1 0 0 0 0 1 0 0 0 1
2014   2 28  8 53 51 630263  -22.40838  -45.93612     4706 100.0  2  0  6 15 0 0 1 1 1 0 0 1 0 0 1 0 0 1
2014   2 28  8 53 51 663707  -22.40765  -45.93872     4688  99.6  2  0  6 15 0 0 1 1 1 0 0 1 0 0 1 0 0 1
2014   2 28  8 53 51 739422  -22.32541  -46.08164     4173 116.7  2  0  7 21 0 0 1 1 1 0 0 1 0 1 1 0 0 1
2014   2 28  8 53 52 503664  -23.38083  -45.76099     3188   2.2  0  0  4  6 0 0 1 1 0 0 0 1 0 0 0 0 0 1
2014   2 28  8 53 52 527342  -23.34013  -45.76997     2780   8.0  0  0  5 10 0 0 1 1 1 0 0 1 0 0 0 0 0 1
2014   2 28  8 53 52 823935  -21.67121  -47.38313     2662  10.5  0  0  5 10 0 0 1 1 1 0 0 1 0 0 0 0 0 1
2014   2 28  8 53 52 933023  -21.62586  -47.42442     2722  10.5  0  0  5  9 0 0 1 1 1 0 0 1 0 0 0 0 0 1
2014   2 28  8 53 53 549738  -32.56185   17.21568    26483  32.9  1  0  4  6 0 0 1 1 1 0 0 1 0 0 0 0 0 0
2014   2 28  8 53 54 225589  -10.46163  -57.45006     4471  19.5  0  0  5  7 0 0 0 1 1 0 0 1 0 0 0 1 0 1
2014   2 28  8 53 54 302284   10.75191 -107.42502     8345  30.2  1  0  5 10 0 0 1 1 1 0 0 1 0 0 0 1 0 0
2014   2 28  8 53 54 347090  -22.35215 -139.03845    15275  15.3  0  0  5 10 0 0 1 1 0 0 0 1 0 1 0 0 0 1
2014   2 28  8 53 54 620094  -20.70328  -46.30534     2904  17.5  0  0  5 10 0 0 1 1 1 0 0 1 0 0 0 0 0 1
2014   2 28  8 53 54 718709  -21.78188 -140.49847     8984  26.2  0  0  6 15 0 0 1 1 1 0 0 1 0 0 0 1 0 1
2014   2 28  8 53 54 991451  -33.82721  -38.89381     4637  21.3  0  0  5 10 0 0 1 1 1 0 0 1 0 0 0 0 0 1
2014   2 28  8 53 55  60832  -33.74471  -39.05594     4050  22.5  0  0  5 10 0 0 1 1 0 0 0 0 0 1 0 1 0 1
2014   2 28  8 53 55 180378  -33.75692  -39.07747     3466  28.2  0  0  7 21 0 0 1 1 1 0 0 1 0 1 0 1 0 1
2014   2 28  8 53 55 193008  -33.81861  -38.92766     4786  23.6  0  0  5 10 0 0 1 1 1 0 0 1 0 0 0 0 0 1
2014   2 28  8 53 55 275491  -34.31065  -38.79773    10753  28.1  0  0  6 15 0 0 0 1 1 0 0 1 0 1 0 1 0 1
2014   2 28  8 53 55 403836  -33.70497  -39.42875     4529   0.1  0  0  4  6 0 0 1 0 0 0 0 1 0 1 0 0 0 1
2014   2 28  8 53 55 476542  -33.75265  -39.08533     3695  30.9  0  0  7 20 0 0 1 1 1 0 0 1 0 1 0 1 0 1
2014   2 28  8 53 55 667009    4.09486    4.79222    16762   7.8  0  0  4  6 0 0 1 1 1 0 0 1 0 0 0 0 0 0
2014   2 28  8 53 55 688374  -19.09850 -141.08456     9952  32.2  0  0  6 15 0 0 1 1 1 0 0 1 0 0 0 1 0 1
2014   2 28  8 53 55 736465  -19.09447 -141.06491    14078  36.7  1  0  5 10 0 0 1 1 1 0 0 1 0 0 0 1 0 0
2014   2 28  8 53 56 473213  -23.17652  -45.68099     2788  33.9  0  0  7 21 0 0 1 1 1 0 0 1 0 1 0 1 0 1
2014   2 28  8 53 56 782310    0.49470    8.31891    15778  23.2  0  0  5 10 0 0 1 1 1 0 0 1 0 0 0 0 0 1
2014   2 28  8 53 57  26616  -20.53395 -138.20697    19214  24.5  0  0  5 10 0 0 1 1 1 0 0 1 0 0 0 0 0 1
2014   2 28  8 53 57 884019   -1.00631    6.83919    19162  16.7  0  0  4  6 0 0 1 1 1 0 0 1 0 0 0 0 0 0
2014   2 28  8 53 59 481460  -10.53867  -57.59454     6379  30.0  1  0  5 10 0 0 1 1 1 0 0 0 0 1 0 0 0 1
2014   2 28  8 53 59 578542    2.17750  -69.02931     4610  55.6  1  0  6 15 0 0 1 1 0 0 0 1 0 1 0 1 0 1
2014   2 28  8 53 59 637016    2.16392  -69.01728     4203  58.1  1  0  7 21 0 0 1 1 1 0 0 1 0 1 0 1 0 1
2014   2 28  8 53 59 669865  -10.40352  -56.71647     3641  65.9  1  0  7 21 0 0 1 1 1 0 0 1 0 1 0 1 0 1
2014   2 28  8 53 59 688991  -10.40663  -56.70136     4203  70.0  2  0  6 15 0 0 1 1 1 0 0 1 0 1 0 1 0 0
2014   2 28  8 53 59 879083  -14.36216  -44.04613     2930   9.1  0  0  4  6 0 0 1 1 0 0 0 1 0 0 0 0 0 1
2014   2 28  8 54  0 438817  -32.02653 -135.26096    28406  72.2  2  0  5 10 0 0 1 1 1 0 0 1 0 0 0 1 0 0
2014   2 28  8 54  0 857062  -23.84409  -45.35599     5197  60.1  2  0  5 10 0 0 1 1 1 0 0 1 0 0 0 0 0 1
2014   2 28  8 54  0 949648  -33.74885  -38.97227     6555  65.6  2  0  6 15 0 0 1 1 1 0 0 1 0 1 0 0 0 1
2014   2 28  8 54  1  74912  -25.38646  -44.87350     4604  96.1  2  0  7 20 0 0 1 1 1 0 0 1 0 1 0 1 0 1
2014   2 28  8 54  1 148706  -33.88384  -38.61861     7811  54.5  2  0  5 10 0 0 1 1 1 0 0 1 0 0 0 0 0 1
2014   2 28  8 54  1 166726  -30.55023 -127.43057    39394  33.3  1  0  4  6 0 0 1 1 1 0 0 1 0 0 0 0 0 0
2014   2 28  8 54  1 298784  -28.98693 -131.30698    16570  24.6  1  0  4  6 0 0 1 1 1 0 0 0 0 0 0 1 0 0
2014   2 28  8 54  2 842798  -21.56447  -45.92406     4502  89.2  2  0  6 15 0 0 1 1 1 0 0 1 0 1 0 1 0 0
2014   2 28  8 54  2 887943  -21.56184  -45.93094     3452  81.7  2  0  7 21 0 0 1 1 1 0 0 1 0 1 0 1 0 1
2014   2 28  8 54  2 916873  -21.56363  -45.92748     4510  89.9  2  0  6 15 0 0 1 1 1 0 0 1 0 1 0 1 0 0
2014   2 28  8 54  2 982435  -21.51643  -45.96436     2870  18.6  0  0  5  9 0 0 0 1 1 0 0 0 0 1 0 1 0 1
2014   2 28  8 54  3  43386  -21.62309  -45.71111     4658  62.4  2  0  5 10 0 0 1 1 1 0 0 1 0 0 0 0 0 1
2014   2 28  8 54  3 802394  -33.30231 -141.96950    22244  13.3  0  0  4  6 0 0 0 1 0 0 0 1 0 1 0 1 0 0
2014   2 28  8 54  5 420136  -21.75057  -46.26389     4480  95.9  2  0  6 15 0 0 1 0 1 0 0 1 0 1 0 1 0 1
2014   2 28  8 54  7  32348   -5.02671  -60.09488     3016   4.4  0  0  4  6 0 0 1 1 1 0 0 0 0 0 0 1 0 0
2014   2 28  8 54  7  98684  -10.63469  -56.82042     5998 109.7  2  0  6 15 0 0 1 0 1 0 0 1 0 1 0 1 0 1
2014   2 28  8 54  7 147901  -10.79765  -57.28726     2879   9.0  0  0  5 10 0 0 0 0 1 0 0 1 0 1 0 1 0 1
2014   2 28  8 54  8 448339  -23.72134  -45.52824     3203  20.5  0  0  5 10 0 0 1 1 1 0 0 1 0 0 0 0 0 1
2014   2 28  8 54  9 831905   -7.15039    8.68151     9486  10.6  0  0  5 10 0 0 1 1 1 0 0 1 0 0 0 0 0 1
2014   2 28  8 54 10  90964  -24.07784 -136.31018     9213   7.4  0  0  6 15 0 0 1 1 1 0 0 1 0 1 0 0 0 1
2014   2 28  8 54 10 126137  -24.08807 -136.33884    12725   8.3  0  0  5 10 0 0 1 1 1 0 0 1 0 0 0 0 0 1
2014   2 28  8 54 10 137187  -24.14913 -136.14859    17974   5.8  0  0  4  6 0 0 1 1 1 0 0 1 0 0 0 0 0 0
2014   2 28  8 54 11 482500   -5.51784  -71.44547     4357  16.6  0  0  5 10 0 0 1 1 1 0 0 1 0 0 0 0 0 1
2014   2 28  8 54 11 873882  -12.74412  -71.42802     3198  14.9  0  0  6 15 0 0 1 1 1 0 0 1 0 1 0 0 0 1
2014   2 28  8 54 12 377324  -20.35851 -138.30138    21442  13.5  0  0  4  6 0 0 1 1 1 0 0 1 0 0 0 0 0 0
2014   2 28  8 54 12 586959  -20.26087 -138.58972    16043  18.3  0  0  5 10 0 0 1 1 1 0 0 1 0 0 0 0 0 1
2014   2 28  8 54 12 885766  -21.52620  -47.01624     3111  43.7  1  0  6 15 0 0 1 1 1 0 0 1 0 1 0 0 0 1
2014   2 28  8 54 12 914905  -21.44283  -47.03427     2889  22.7  0  0  5 10 0 0 1 1 1 0 0 0 0 1 0 0 0 1
2014   2 28  8 54 13   8522  -21.60861  -46.78218     3143   6.3  0  0  4  6 0 0 1 1 1 0 0 1 0 0 0 0 0 0
2014   2 28  8 54 13 754406   -0.49503   -1.36075    23594  24.7  1 -1  4  6 0 0 1 1 0 0 0 1 0 0 0 0 0 1
2014   2 28  8 54 13 916680   34.07329 -170.31290     7046   7.1  0  0  5 10 0 0 1 0 1 0 0 1 0 1 0 0 0 1
2014   2 28  8 54 14 464260    3.59800  -72.89919     6038  29.5  0  0  6 15 0 0 1 1 1 0 0 1 0 1 0 0 0 1
2014   2 28  8 54 15 764474   16.85818  -89.72723     8113  12.1  0  0  5 10 0 0 1 0 1 0 0 1 0 1 0 0 0 1
2014   2 28  8 54 16 436348   29.81624 -124.26473    19087  47.6  1  0  6 15 0 0 1 1 1 0 0 1 0 1 0 0 0 1
2014   2 28  8 54 16 751592  -18.34797 -179.03351    33885  21.4  0  0  5 10 0 0 1 1 1 0 0 1 0 0 0 0 0 1
2014   2 28  8 54 16 890446  -17.53211  179.62546    27250  29.6  0  0  6 15 0 0 1 1 1 0 0 1 0 1 0 0 0 1
2014   2 28  8 54 16 961385  -18.73202 -178.67082    55821  25.1  1  0  4  6 0 0 1 1 0 0 0 1 0 0 0 0 0 1
2014   2 28  8 54 17 301816  -18.96673 -178.19913    49501  21.0  1  0  4  6 0 0 1 1 1 0 0 1 0 0 0 0 0 0
2014   2 28  8 54 17 352425  -18.66937 -178.74440    36929  24.2  0  0  5 10 0 0 1 1 1 0 0 1 0 0 0 0 0 1
2014   2 28  8 54 17 399606  -33.97683  -38.72792     5728  19.1  0  0  5  9 0 0 1 0 1 0 0 1 0 1 0 0 0 1
2014   2 28  8 54 17 430336  -17.72693  179.43307    29357  32.2  0  0  6 15 0 0 1 1 1 0 0 1 0 1 0 0 0 1
2014   2 28  8 54 17 667046  -36.65919  -36.39594    36184  57.1  2  0  5  9 0 0 0 1 1 0 0 1 0 1 0 0 0 1
2014   2 28  8 54 17 755963  -34.21313  -37.62456     9854  73.6  2  0  5 10 0 0 1 1 1 0 0 1 0 0 0 0 0 1
2014   2 28  8 54 18 389705  -25.59594 -169.91106   271594  35.9  1  0  4  6 0 0 1 1 0 0 0 0 0 1 0 0 0 1
2014   2 28  8 54 19 984027  -21.81516  -47.87840     2822   4.6  0  0  4  6 0 0 1 1 0 0 0 0 0 1 0 0 0 1
2014   2 28  8 54 20  37972  -21.83374  -47.90862     2820   4.5  0  0  4  6 0 0 1 1 0 0 0 0 0 1 0 0 0 1
2014   2 28  8 54 21 214693  -23.84080 -135.03970    17634  21.1  0  0  5 10 0 0 1 0 1 0 0 1 0 1 0 0 0 1
2014   2 28  8 54 21 309308  -22.72767  177.94757    75928  34.7  1  0  5 10 0 0 1 1 1 0 0 1 0 0 0 0 0 1
2014   2 28  8 54 21 955488  -34.22383 -126.57995    38568  51.1  2  0  5 10 0 0 1 1 1 0 0 1 0 0 0 0 0 1
