2014   2 28  7 59 28 282604  -30.31902  -41.38539     4017  11.2  0  0  4  6 0 0 1 1 0 0 0 0 0 0 1 1 0 0
2014   2 28  7 59 31 932434    3.56808  -72.94784    15684  22.8  1  0  4  6 0 0 1 1 0 0 0 0 0 1 1 0 0 0
2014   2 28  7 59 32  51255  -14.74196  161.28967    13567   8.7  0  0  5  7 0 0 1 1 0 0 0 0 0 1 1 1 0 0
2014   2 28  7 59 34 715437  -20.88216  -47.70650     3358  26.1  0  0  5  9 0 0 1 1 0 0 0 0 0 1 1 1 0 0
2014   2 28  7 59 36 327556  -18.50232 -143.92110    15557  20.9  1  0  4  6 0 0 1 1 0 0 0 0 0 0 1 1 0 0
2014   2 28  7 59 36 431162  -10.46926  -57.98935     2974   8.5  0  0  4  6 0 0 1 1 0 0 0 0 0 0 1 1 0 0
2014   2 28  7 59 40  40657   -7.92437  -60.03815     3229  13.3  0  0  4  6 0 0 1 1 0 0 0 0 0 0 1 1 0 0
2014   2 28  7 59 44 103142  -21.15239  -47.26156     2751  18.8  0  0  6 15 0 0 1 0 0 0 0 1 0 1 1 1 1 0
2014   2 28  7 59 44 113671  -21.15529  -47.25399     2386  18.1  0  0  7 20 0 0 0 1 1 0 0 1 0 1 1 1 0 1
2014   2 28  7 59 44 734541    7.57203  -73.58490     2928  15.2  0  0  7 21 0 0 1 1 1 0 0 1 0 0 1 1 0 1
2014   2 28  7 59 44 969037  -24.61783  -45.02857     2780  20.4  0  0  7 21 0 0 1 0 1 0 0 1 0 1 1 1 0 1
2014   2 28  7 59 45 313339   -8.08539  -61.65015     2683  12.9  0  0  6 15 0 0 0 1 0 0 0 1 0 1 1 1 0 1
2014   2 28  7 59 45 529274   -8.08676  -61.64453     2581  14.5  0  0  7 21 0 0 0 1 1 0 0 1 0 1 1 1 0 1
2014   2 28  7 59 45 666540   -8.08643  -61.64504     2587  15.2  0  0  7 21 0 0 0 1 1 0 0 1 0 1 1 1 0 1
2014   2 28  7 59 46 100049    7.24684  -74.95741     3753  28.5  0  0  7 18 0 0 1 1 1 0 0 1 0 0 1 1 0 1
2014   2 28  7 59 46 215044    7.07113  -74.92415     4832  18.5  0  0  6 15 0 0 0 1 1 0 0 0 0 1 1 1 0 1
2014   2 28  7 59 47  79741    4.56552  -84.19779     3714  16.8  0  0  6 15 0 0 1 0 1 0 0 0 0 1 1 1 0 1
2014   2 28  7 59 47 186285    4.64768  -84.51163     4566  32.1  0  0  6 15 0 0 1 1 1 0 0 1 0 0 1 1 0 0
2014   2 28  7 59 48  62827    4.43324  152.57462     6543  30.7  0  0  6 15 0 0 1 1 1 0 0 1 0 0 1 1 0 0
2014   2 28  7 59 48 345120  -33.52702  -40.96158     4040  31.8  0  0  6 15 0 0 1 1 1 0 0 1 0 0 1 0 0 1
2014   2 28  7 59 48 544071  -33.54058  -41.07131     3661   5.7  0  0  4  6 0 0 1 1 0 0 0 1 0 0 1 0 0 0
2014   2 28  7 59 48 590102  -14.66382  -43.85362     3648  35.4  1  0  5  9 0 0 1 1 0 0 0 1 0 0 1 0 0 1
2014   2 28  7 59 48 625192   -4.64438  145.62776     7710  48.0  1  0  5 10 0 0 0 0 1 0 0 1 0 0 1 1 0 1
2014   2 28  7 59 48 697743   -4.99441  146.85066    10929   9.5  0  0  4  6 0 0 1 0 0 0 0 0 0 1 1 1 0 0
2014   2 28  7 59 50 838971  -14.65515  -44.02468     3330  60.0  1  0  7 18 0 0 1 1 1 0 0 1 0 0 1 1 0 1
2014   2 28  7 59 52 613821   -4.04185  -71.88726     3527  23.9  0  0  5 10 0 0 1 1 0 0 0 1 0 0 1 1 0 0
2014   2 28  7 59 52 616058   10.30728  160.04094    16674  75.5  2  0  6 13 0 0 1 1 1 0 0 1 0 0 0 1 0 1
2014   2 28  7 59 52 723163   10.72618  158.53986     7258  11.6  0  0  4  6 0 0 1 1 0 0 0 1 0 0 0 1 0 0
2014   2 28  7 59 52 825137   -3.98588  -71.69968     7239  56.3  2  0  5 10 0 0 0 0 1 0 0 1 0 0 1 1 0 1
2014   2 28  7 59 53 389463  -12.73379  157.02376    14615  68.6  1  0  7 16 0 0 1 1 1 0 0 1 0 1 0 1 0 1
2014   2 28  7 59 53 411801  -12.26432  156.42747    12217  69.7  2  0  6 15 0 0 1 1 1 0 0 1 0 0 0 1 0 1
2014   2 28  7 59 53 477300  -12.68171  157.01733    11701  63.2  2  0  6 15 0 0 1 1 1 0 0 1 0 0 1 1 0 0
2014   2 28  7 59 53 898188  -21.39248  -46.37624     3740  61.6  2  0  6 15 0 0 1 1 1 0 0 1 0 0 1 0 0 1
2014   2 28  7 59 54 107310  -30.21063  -41.18014     8629  55.8  2  0  5  9 0 0 1 0 0 0 0 0 0 1 1 1 0 1
2014   2 28  7 59 54 124646  -30.20471  -41.78989     5341  59.2  1  0  6 15 0 0 1 1 1 0 0 1 0 0 1 0 0 1
2014   2 28  7 59 54 157506  -30.16342  -42.06836     3142  12.2  0  0  5 10 0 0 1 1 1 0 0 0 0 1 0 0 0 1
2014   2 28  7 59 54 174062  -30.19279  -41.79636     6743  65.6  2  0  5 10 0 0 1 1 1 0 0 0 0 0 1 0 0 1
2014   2 28  7 59 54 311132    1.06089    1.81159    14425  78.6  2  0  7 21 0 0 1 1 1 0 0 1 0 0 1 1 0 1
2014   2 28  7 59 54 956097  -31.98151 -135.44498    22917  53.1  2  0  5  9 0 0 1 0 0 0 0 1 0 0 1 1 0 1
2014   2 28  7 59 55 198433   -4.50555  -72.44210    12278 103.0  2  0  6 15 0 0 0 1 1 0 0 0 0 1 1 1 0 1
2014   2 28  7 59 55 672252  -23.48754  -45.70556     5967  71.5  2  0  5 10 0 0 1 0 1 0 0 1 0 0 1 0 0 1
2014   2 28  7 59 55 970085  -23.44177  -45.83077     5351  95.1  2  0  6 15 0 0 1 1 1 0 0 1 0 0 1 0 0 1
2014   2 28  7 59 56  82242    2.80826  -85.23492     6307  38.9  1  0  5  9 0 0 1 1 0 0 0 1 0 0 1 1 0 0
2014   2 28  7 59 56 690832  -31.69317  -41.51328    12189  48.9  1  0  5  7 0 0 0 1 0 0 0 1 0 1 1 1 0 0
2014   2 28  7 59 56 748615  -31.91162  -41.33351     5930  26.9  0  0  5 10 0 0 0 1 1 0 0 1 0 0 1 0 0 1
2014   2 28  7 59 56 754696  -32.88733  -40.99187     3612   6.1  0  0  4  6 0 0 1 1 0 0 0 1 0 1 0 0 0 0
2014   2 28  7 59 56 783554  -32.76982  -41.20306     4685  55.5  1  0  7 19 0 0 1 1 1 0 0 1 0 1 0 1 0 1
2014   2 28  7 59 57 151419  -32.43621  -41.25313     9691  22.3  0  0  5 10 0 0 0 1 1 0 0 1 0 1 0 0 0 1
2014   2 28  7 59 57 250690  -33.03903  -40.39467     7659  86.7  2  0  6 15 0 0 1 1 1 0 0 1 0 0 1 0 0 1
2014   2 28  7 59 57 444506  -32.97508  -40.57962     5899  87.3  2  0  7 21 0 0 1 1 1 0 0 1 0 1 1 0 0 1
2014   2 28  8  0  0 358040  -12.64909  165.10512    57859  11.1  0  0  4  6 0 0 1 0 0 0 0 1 0 0 1 0 0 1
2014   2 28  8  0  1 548341  -21.38293  -47.09444     2442  18.8  0  0  7 19 0 0 1 1 0 0 0 1 0 1 1 1 0 1
2014   2 28  8  0  2 703567  -33.34654   19.00917    20946   6.0  0  0  5 10 0 0 1 0 1 0 0 0 0 1 1 0 0 1
2014   2 28  8  0  4  52578    6.76988  -78.00182    19181  10.9  0  0  5 10 0 0 0 1 1 0 0 0 0 1 1 0 0 1
2014   2 28  8  0  4 104983    6.33679  -77.88610     4052  36.5  0  0  7 21 0 0 1 1 0 0 0 1 0 1 1 1 0 1
2014   2 28  8  0  4 198155   -0.69121  -71.84343     5504  11.7  0  0  6 15 0 0 1 1 1 0 0 0 0 1 1 0 0 1
2014   2 28  8  0  4 473702  -20.48416  -46.14569     3209  15.6  0  0  5  9 0 0 1 1 1 0 0 0 0 0 1 0 0 1
2014   2 28  8  0  5 700328  -22.86027  -45.70218     3338  39.8  0  0  6 14 0 0 1 1 1 0 0 1 0 0 1 0 0 1
2014   2 28  8  0  6 248381  -22.92397  -45.59168     4154  44.5  1  0  5  9 0 0 1 1 1 0 0 1 0 0 0 0 0 1
2014   2 28  8  0  6 317409  -22.83582  -45.65726     2944  48.5  0  0  7 21 0 0 1 1 1 0 0 1 0 1 0 1 0 1
2014   2 28  8  0  6 339058  -22.94169  -45.57466     4263  44.3  1  0  5  9 0 0 0 1 1 0 0 1 0 0 1 0 0 1
2014   2 28  8  0  6 573787  -22.89754  -45.58068     3616  46.5  1  0  6 14 0 0 1 1 1 0 0 1 0 0 1 0 0 1
2014   2 28  8  0  6 744077  -22.73892  -45.69739     3965  30.5  1  0  5  8 0 0 1 1 1 0 0 0 0 1 1 0 0 0
2014   2 28  8  0  6 929319  -22.89747  -45.57547     3689  48.8  1  0  6 14 0 0 1 1 1 0 0 1 0 0 1 0 0 1
2014   2 28  8  0  6 950771    4.58869  -84.03785     5792  28.5  0  0  5  9 0 0 1 0 0 0 0 0 0 1 1 1 0 1
2014   2 28  8  0  7  30660    4.58121  -84.27728     5885  47.8  1  0  6 15 0 0 1 0 1 0 0 1 0 1 0 1 0 1
2014   2 28  8  0  7 162891    4.59251  -84.27847     5008  48.2  0  0  7 21 0 0 1 0 1 0 0 1 0 1 1 1 0 1
2014   2 28  8  0  7 949722  -21.29640  -46.21162     4039  43.8  1  0  5  9 0 0 0 1 1 0 0 1 0 0 1 0 0 1
2014   2 28  8  0  8 512652    7.55680  -73.37669     5051  64.1  1  0  7 21 0 0 1 1 1 0 0 1 0 0 1 1 0 1
2014   2 28  8  0  8 888814   -4.17050  147.38475    26171  38.8  1  0  5 10 0 0 1 1 1 0 0 1 0 0 1 0 0 0
2014   2 28  8  0  9  17299   21.99777  137.64200     5759  85.7  2  0  6 15 0 0 1 1 1 0 0 1 0 0 1 0 0 1
2014   2 28  8  0 12 306693  -22.14840  -45.94370     3693  89.4  2  0  7 21 0 0 1 1 1 0 0 1 0 1 1 0 0 1
2014   2 28  8  0 12 729751   11.21828  -73.81332    15564  26.5  0  0  5 10 0 0 1 1 1 0 0 0 0 0 1 0 0 1
2014   2 28  8  0 12 809489   -4.52265  -71.53587     5151  94.8  2  0  7 21 0 0 1 1 1 0 0 1 0 0 1 1 0 1
2014   2 28  8  0 13 178573   -4.48262  -71.30750     3845  54.2  1  0  7 20 0 0 1 1 1 0 0 0 0 0 1 1 1 1
2014   2 28  8  0 13 426039    4.74097  -73.14309     6361  99.0  2  0  7 20 0 0 1 1 1 0 0 1 0 0 1 1 0 1
2014   2 28  8  0 13 478904    4.72021  -72.09729     5039  17.4  0  0  5  7 0 0 0 1 1 0 0 0 0 0 1 1 0 1
2014   2 28  8  0 13 768851  -21.00396  -46.26121     5227  57.1  2  0  5  8 0 0 0 1 1 0 0 1 0 0 1 0 0 1
2014   2 28  8  0 13 931973  -21.30548  -45.78223     4045  99.6  2  0  7 21 0 0 1 1 1 0 0 1 0 1 1 0 0 1
2014   2 28  8  0 14  65768  -16.34590  -51.86813     4186  73.2  2  0  6 15 0 0 1 0 1 0 0 0 0 1 1 1 0 1
2014   2 28  8  0 14 299670  -16.28443  -51.66256     3719  28.2  0  0  5  8 0 0 1 0 1 0 0 0 0 0 1 1 0 1
2014   2 28  8  0 14 694645  -16.30081  -51.66569     3462  71.5  2  0  7 19 0 0 1 1 1 0 0 0 0 1 1 1 0 1
2014   2 28  8  0 14 730114  -16.46556  -51.72692     4382 112.7  2  0  7 20 0 0 0 1 1 0 0 1 0 1 1 1 0 1
2014   2 28  8  0 15 395598  -14.47875  163.12318    17153  91.9  2  0  7 21 0 0 1 0 1 0 0 1 0 1 1 1 0 1
2014   2 28  8  0 16 115849    3.96780    9.97958    32608   8.5  0  0  5 10 0 0 1 1 1 0 0 0 0 0 1 0 0 1
2014   2 28  8  0 16 287229  -21.52858  -49.10681     2320  12.7  0  0  7 21 0 0 1 1 1 0 0 1 0 1 1 1 0 0
2014   2 28  8  0 17 394088    5.44350  -72.23843     6695   4.3  0  0  4  6 0 0 1 0 0 0 0 1 0 0 1 0 0 1
2014   2 28  8  0 18 220289    6.91967  -74.09833     3660  11.6  0  0  6 11 0 0 1 1 1 0 0 0 0 0 1 1 0 1
2014   2 28  8  0 18 379908   31.57992 -126.70586     6728  21.3  0  0  7 21 0 0 1 0 1 0 0 1 0 1 1 1 0 1
2014   2 28  8  0 18 402133   31.65814 -126.98939     8345  18.5  0  0  6 15 0 0 1 1 1 0 0 1 0 0 0 1 0 1
2014   2 28  8  0 18 422167   31.73220 -127.11223    10452  16.9  0  0  5 10 0 0 1 0 0 0 0 1 0 0 1 1 0 1
2014   2 28  8  0 18 451221   -4.50713  -71.81361     3294  14.5  0  0  5  9 0 0 1 1 1 0 0 1 0 0 0 1 0 0
2014   2 28  8  0 18 457146   32.69764 -129.89832    26921  32.2  0  0  6 15 0 0 0 1 1 0 0 0 0 1 1 1 0 1
2014   2 28  8  0 18 970251  -22.79200  -45.92329     3196  16.5  0  0  5 10 0 0 1 1 1 0 0 1 0 0 1 0 0 0
2014   2 28  8  0 19 295020  -30.61514  -41.29802     3333  23.2  0  0  6 15 0 0 1 1 0 0 0 1 0 1 1 0 0 1
2014   2 28  8  0 19 304075  -30.62770  -41.24484     3447  16.0  0  0  5 10 0 0 1 1 1 0 0 0 0 0 1 0 0 1
2014   2 28  8  0 19 543782   -4.79790  -71.86251     8580  24.4  1  0  4  6 0 0 0 0 0 0 0 0 0 1 1 1 0 1
2014   2 28  8  0 19 823462   -4.77357  -72.23563     3448  23.7  0  0  5 10 0 0 1 1 1 0 0 1 0 0 0 1 0 0
2014   2 28  8  0 19 836601   -4.83771  -72.29116     3664  31.1  0  0  7 21 0 0 0 1 1 0 0 1 0 1 1 1 0 1
2014   2 28  8  0 20  45476  -30.77192  -41.12181     4937  16.5  0  0  4  6 0 0 1 0 0 0 0 1 0 0 1 0 0 1
2014   2 28  8  0 20 133460    1.14242  -21.84623     5519  18.4  0  0  6 15 0 0 1 1 1 0 0 1 0 0 0 1 0 1
2014   2 28  8  0 20 357798    7.39481  -73.72105     3672  23.2  0  0  6 15 0 0 1 0 1 0 0 1 0 0 1 1 0 1
2014   2 28  8  0 20 971190    7.42936  -73.83746     3904  30.2  0  0  6 14 0 0 1 1 1 0 0 1 0 0 1 1 0 0
2014   2 28  8  0 21 105268  -25.32997  -44.57640     2879  26.4  0  0  7 21 0 0 0 1 1 0 0 1 0 1 1 1 0 1
2014   2 28  8  0 21 250834  -21.33539  -46.37888     3412  33.5  1  0  5 10 0 0 0 1 1 0 0 1 0 0 1 0 0 1
2014   2 28  8  0 21 434791   -4.89799  145.32364     5946   6.7  0  0  4  6 0 0 1 0 0 0 0 1 0 0 1 1 0 0
2014   2 28  8  0 22 181111  -15.35069  -43.52907     5536  14.5  0  0  5  9 0 0 1 1 1 0 0 0 0 0 1 0 0 1
2014   2 28  8  0 22 621352  -23.51804  -45.78321     3542  49.3  1  0  6 15 0 0 1 1 1 0 0 1 0 1 0 0 0 1
2014   2 28  8  0 23  37796  -29.81728  -41.99161     6873  24.7  1  0  4  6 0 0 0 1 0 0 0 1 0 1 1 0 0 0
2014   2 28  8  0 23  77463  -30.22637  -41.60399     4198  37.9  0  0  6 15 0 0 1 1 1 0 0 1 0 0 1 0 0 1
2014   2 28  8  0 23 117186    3.80659  151.10811     6393   4.3  0  0  4  6 0 0 0 1 0 0 0 1 0 0 1 1 0 0
2014   2 28  8  0 23 119180  -30.68526  -41.84066     4198  44.9  1  0  6 15 0 0 1 1 1 0 0 1 0 1 1 0 0 0
2014   2 28  8  0 23 301936  -12.56591  -71.38219     4056  19.9  0  0  5  8 0 0 1 0 1 0 0 1 0 1 0 0 0 1
2014   2 28  8  0 23 352830  -12.56220  -72.57710     7895  24.0  0  0  5  7 0 0 0 1 1 0 0 1 0 0 0 1 0 1
2014   2 28  8  0 23 801025  -12.99851  -71.20022    13216  52.1  2  0  5 10 0 0 1 1 1 0 0 0 0 0 1 0 0 1
2014   2 28  8  0 23 866304  -20.45289  -46.29388     3387  40.4  1  0  6 14 0 0 1 0 1 0 0 0 0 1 1 1 0 1
2014   2 28  8  0 24  81768  -12.24150  -71.79499     3868  62.5  1  0  7 21 0 0 1 1 1 0 0 1 0 0 1 1 0 1
2014   2 28  8  0 24 239708    7.27141  150.14384     9473   2.6  0  0  4  6 0 0 1 1 0 0 0 0 0 0 1 1 0 0
2014   2 28  8  0 24 524221  -12.07961  -72.06989     5888  65.5  2  0  5 10 0 0 1 1 1 0 0 0 0 0 1 1 0 0
2014   2 28  8  0 24 567301  -12.38347  -71.72114     6071  62.8  2  0  6 15 0 0 1 1 1 0 0 1 0 0 1 0 0 1
2014   2 28  8  0 24 785811  -12.45687  -71.58024     5643  73.8  2  0  7 20 0 0 1 1 1 0 0 1 0 1 1 0 0 1
2014   2 28  8  0 24 961396  -21.15270  -47.21260     3401  40.7  1  0  6 15 0 0 1 0 0 0 0 1 0 1 1 1 1 0
2014   2 28  8  0 24 974492  -21.40143  -46.74458     3856  55.3  1  0  6 13 0 0 1 1 1 0 0 1 0 0 1 0 0 1
2014   2 28  8  0 25 494330  -32.48695   16.67014    81220  71.6  2  0  5 10 0 0 0 1 1 0 0 1 0 0 1 0 0 1
2014   2 28  8  0 25 839326  -32.46095   18.30339    21388  67.8  2  0  6 15 0 0 1 1 1 0 0 1 0 0 1 0 0 1
2014   2 28  8  0 26 353652    0.26915    9.70053    28974  64.9  2  0  5 10 0 0 0 1 1 0 0 1 0 0 1 1 0 0
2014   2 28  8  0 26 769611   -3.90176  -71.75248     5949  82.7  2  0  6 15 0 0 1 1 1 0 0 0 0 0 1 1 0 1
2014   2 28  8  0 28 599409    5.70803  -75.07310     7397  14.0  0  0  4  6 0 0 0 1 1 0 0 0 0 1 0 1 0 0
2014   2 28  8  0 29 846570  -30.94278 -133.10890    25151 104.6  2  0  6 15 0 0 1 1 1 0 0 1 0 0 0 1 0 1
2014   2 28  8  0 30  66150    4.99550  -84.14876     9053  89.0  2  0  6 15 0 0 1 0 1 0 0 1 0 1 0 1 0 1
2014   2 28  8  0 30 109764  -30.96297 -133.18651    24066  95.3  2  0  6 13 0 0 1 1 1 0 0 1 0 0 1 1 0 0
2014   2 28  8  0 30 559409    4.81617  -84.73934     9674 133.4  2  0  7 21 0 0 1 1 1 0 0 1 0 1 0 1 0 1
2014   2 28  8  0 30 676674    4.71678  -84.27988     7651  97.8  2  0  7 21 0 0 1 0 1 0 0 1 0 1 1 1 0 1
2014   2 28  8  0 31 355949  -12.93772  157.84607    18450 114.5  2  0  7 21 0 0 1 1 1 0 0 1 0 1 1 1 0 0
2014   2 28  8  0 31 366681  -12.48699  156.79353    17942 105.5  2  0  7 20 0 0 1 1 1 0 0 1 0 0 1 1 0 1
2014   2 28  8  0 31 402946  -12.45398  156.73538    18776 112.2  2  0  6 15 0 0 0 1 1 0 0 1 0 0 1 1 0 1
2014   2 28  8  0 31 427494    3.44421  -85.27860     9974 141.9  2  0  7 21 0 0 1 1 1 0 0 1 0 1 1 1 0 0
2014   2 28  8  0 31 453654    3.61876  -85.55334     9538 100.0  2  0  6 15 0 0 1 1 0 0 0 1 0 0 1 1 0 1
2014   2 28  8  0 31 679280    2.53923  -84.42405    19265 115.9  2  0  6 15 0 0 1 1 1 0 0 1 0 0 1 0 0 1
2014   2 28  8  0 32 162195  -25.00321  -44.72687     3131   7.4  0  0  5  8 0 0 1 1 0 0 0 0 0 1 1 0 0 1
2014   2 28  8  0 32 480769  -33.25926  -39.85014     2916  11.0  0  0  6 15 0 0 1 1 1 0 0 1 0 0 1 0 0 1
2014   2 28  8  0 32 533461  -24.93015  -44.84435     3075  14.5  0  0  5 10 0 0 0 1 1 0 0 1 0 0 1 0 0 1
2014   2 28  8  0 32 623566  -33.23893  -39.91337     3972  12.3  0  0  5 10 0 0 1 0 1 0 0 1 0 0 1 0 0 1
2014   2 28  8  0 32 657653  -33.25714  -39.81116     3006   3.6  0  0  5 10 0 0 1 1 1 0 0 0 0 0 1 0 0 1
2014   2 28  8  0 33 323542   -4.86900  145.97768     4425   2.8  0  0  4  6 0 0 0 1 0 0 0 1 0 0 1 1 0 0
2014   2 28  8  0 33 463580  -13.24212  157.20302     5230  19.1  0  0  7 20 0 0 0 1 1 0 0 1 0 1 1 1 0 1
2014   2 28  8  0 33 571202  -13.27228  156.99486    18846  27.8  0  0  5  9 0 0 1 0 0 0 0 0 0 1 1 1 0 1
2014   2 28  8  0 33 621456   -4.81860  146.04910     6774  15.6  0  0  4  6 0 0 1 0 0 0 0 1 0 0 1 1 0 0
2014   2 28  8  0 33 658028  -13.26805  157.15927     8552  27.7  0  0  7 16 0 0 1 0 1 0 0 1 0 1 1 1 0 1
2014   2 28  8  0 33 932668  -12.92031  156.61584     9729  27.0  0  0  6 15 0 0 1 1 1 0 0 0 0 1 0 1 0 1
2014   2 28  8  0 33 992774  -13.50768  165.63898    52210  13.7  0  0  5  9 0 0 1 1 1 0 0 1 0 0 0 0 0 1
2014   2 28  8  0 34 243056    3.20338 -121.95324     6976  12.2  0  0  6 15 0 0 1 1 1 0 0 1 0 1 0 0 0 1
2014   2 28  8  0 35 641226  -24.55153  -45.08725     2890  22.6  0  0  6 15 0 0 0 1 1 0 0 1 0 1 1 0 0 1
2014   2 28  8  0 35 933769  -24.56466  -45.10860     2977  27.4  0  0  7 16 0 0 1 1 1 0 0 1 0 0 1 1 0 1
2014   2 28  8  0 35 961011  -24.60864  -45.06778     3090  25.0  0  0  6 12 0 0 1 1 1 0 0 1 0 0 1 0 0 1
2014   2 28  8  0 35 975425  -24.57323  -45.08385     2946  25.6  0  0  6 15 0 0 1 1 1 0 0 1 0 0 1 0 0 1
2014   2 28  8  0 36 449998  -12.80476  -71.78944     3151  37.4  0  0  7 21 0 0 1 1 1 0 0 1 0 0 1 1 0 1
2014   2 28  8  0 36 490725   31.67797 -127.04816    10606  40.6  0  0  7 21 0 0 1 1 1 0 0 1 0 0 1 1 0 1
2014   2 28  8  0 36 777859    1.69253    9.90605     9317  19.2  0  0  5  9 0 0 1 1 0 0 0 1 0 0 1 1 0 0
2014   2 28  8  0 37 429094   -0.88963  -71.80365     3640  37.7  0  0  6 15 0 0 1 1 1 0 0 1 0 0 1 1 0 0
2014   2 28  8  0 37 456365   -0.90568  -71.76808     3403  41.4  0  0  7 21 0 0 1 1 1 0 0 1 0 0 1 1 0 1
2014   2 28  8  0 37 499820  -21.29079  -46.34333     3542  32.9  1  0  5  9 0 0 1 1 0 0 0 1 0 0 1 0 0 1
2014   2 28  8  0 37 510909   -0.92179  -71.71638     6030  34.8  1  0  5  7 0 0 1 1 1 0 0 0 0 0 1 1 0 0
2014   2 28  8  0 37 617361   -0.88461  -71.80028     3545  35.0  0  0  6 15 0 0 1 1 0 0 0 1 0 0 1 1 0 1
2014   2 28  8  0 38  68730   -0.31432  -15.35117    11840  46.1  1  0  6 14 0 0 1 1 1 0 0 1 0 0 0 1 0 1
2014   2 28  8  0 38 532959  -21.34354  -46.97886     2983  21.4  0  0  5 10 0 0 1 0 1 0 0 1 0 0 1 0 0 1
2014   2 28  8  0 38 858456   -8.10832  -59.82242     3488  51.9  1  0  7 21 0 0 0 1 1 0 0 1 0 1 1 1 0 1
2014   2 28  8  0 38 909540   -8.10728  -59.82705     3515  52.7  1  0  7 21 0 0 0 1 1 0 0 1 0 1 1 1 0 1
2014   2 28  8  0 38 947904   -8.04384  -59.75187     3946  48.3  1  0  5 10 0 0 1 1 0 0 0 1 0 0 0 1 0 1
2014   2 28  8  0 39  57271   -8.07596  -59.79375     6168  60.3  2  0  5 10 0 0 0 1 1 0 0 0 0 0 1 1 0 1
2014   2 28  8  0 40 311813  -20.83344  -47.25207     3619  56.2  1  0  6 15 0 0 1 1 1 0 0 1 0 0 1 0 0 1
2014   2 28  8  0 40 483476   -4.43560  -71.88146     4235  70.7  2  0  7 21 0 0 1 1 0 0 0 1 0 1 1 1 0 1
2014   2 28  8  0 40 505393  -21.34177  -46.25645     3397  33.4  1  0  5 10 0 0 1 0 1 0 0 1 0 0 1 0 0 1
2014   2 28  8  0 40 850590  -40.15552  -67.82028     5126  69.0  1  0  7 16 0 0 1 1 0 0 0 1 0 1 1 1 0 1
2014   2 28  8  0 41   2252  -39.73932  -67.02845     6485  74.2  2  0  7 21 0 0 1 1 1 0 0 1 0 1 1 0 0 1
2014   2 28  8  0 41 177466  -30.07358  -57.10340    10271  31.1  1  0  5 10 0 0 0 0 1 0 0 1 0 1 1 0 0 1
2014   2 28  8  0 42 353679  -10.63288  -57.70798     4054  86.1  2  0  7 19 0 0 1 1 1 0 0 1 0 0 1 1 0 1
2014   2 28  8  0 42 395611  -10.63065  -57.71058     4495  92.9  2  0  7 21 0 0 1 1 1 0 0 0 0 1 1 1 0 1
2014   2 28  8  0 44 386776   -7.41023  151.12894   190236  60.6  2  0  5  7 0 0 1 1 0 0 0 1 0 0 1 0 0 1
2014   2 28  8  0 45 289034  -22.88960  -46.01295     5260 118.5  2  0  6 15 0 0 0 1 1 0 0 1 0 1 1 0 0 1
2014   2 28  8  0 45 670521  -22.93737  -45.87553     5374 107.0  2  0  6 15 0 0 1 1 1 0 0 1 0 0 1 0 0 1
2014   2 28  8  0 45 719545  -22.80158  -46.11108     4404 124.0  2  0  7 21 0 0 1 1 1 0 0 1 0 1 0 1 0 1
2014   2 28  8  0 45 792424  -22.77380  -46.03935     4902 135.1  2  0  7 21 0 0 1 1 1 0 0 1 0 0 1 1 0 1
2014   2 28  8  0 46 400775    2.71324  -84.18506     7709  54.4  2  0  5  9 0 0 1 0 1 0 0 0 0 0 1 1 0 1
2014   2 28  8  0 48   3645  -20.75847  -46.33057     2320   9.3  0  0  7 19 0 0 1 1 1 0 0 1 0 1 0 1 0 1
2014   2 28  8  0 48 166646  -20.76633  -46.33815     2601   7.2  0  0  5 10 0 0 0 1 1 0 0 1 0 0 1 0 0 1
2014   2 28  8  0 48 278309  -26.27518 -134.14384    14370   9.5  0  0  4  6 0 0 0 1 0 0 0 1 0 0 1 1 0 0
2014   2 28  8  0 48 488252  -26.23925 -133.61035    17819   7.6  0  0  5 10 0 0 0 1 1 0 0 0 0 0 1 1 0 1
2014   2 28  8  0 50  63654  -33.96976  -38.15751     4709   6.3  0  0  5 10 0 0 0 1 1 0 0 1 0 0 1 0 0 1
2014   2 28  8  0 50 178941  -21.31635  -46.38841     2450  10.6  0  0  6 15 0 0 1 1 1 0 0 1 0 0 1 0 0 1
2014   2 28  8  0 50 214282    6.64234  -73.73972     3329  12.6  0  0  6 13 0 0 1 0 1 0 0 1 0 0 1 1 0 1
2014   2 28  8  0 51 202889  -21.35091  -46.32634     4670  22.1  1  0  4  6 0 0 0 0 0 0 0 1 0 1 1 1 0 0
2014   2 28  8  0 51 419013  -30.19135  -41.61321     4013  11.6  0  0  5 10 0 0 0 1 0 0 0 1 0 1 1 0 0 1
2014   2 28  8  0 51 434887  -21.48709  -46.30013     2962  17.9  0  0  5  9 0 0 1 1 1 0 0 1 0 0 0 0 0 1
2014   2 28  8  0 51 480277  -30.21438  -41.58498     3605   6.1  0  0  5 10 0 0 0 1 1 0 0 1 0 0 1 0 0 1
2014   2 28  8  0 51 521401  -30.17921  -41.50138     3393  24.9  0  0  6 13 0 0 1 1 0 0 0 0 0 1 1 1 0 1
2014   2 28  8  0 51 616311  -30.16819  -41.50406     3530  30.0  0  0  6 15 0 0 1 1 1 0 0 0 0 0 1 1 0 1
2014   2 28  8  0 51 625556  -30.27746  -41.52021     3167  29.1  0  0  7 21 0 0 1 1 1 0 0 1 0 0 1 1 0 1
2014   2 28  8  0 51 672004  -30.26748  -41.46268     2937  12.4  0  0  6 15 0 0 1 1 1 0 0 1 0 0 1 0 0 1
2014   2 28  8  0 52  58638    4.85706  -84.48107     3740  27.1  0  0  7 21 0 0 1 1 1 0 0 1 0 0 1 1 0 1
2014   2 28  8  0 52 285927    4.92880  -84.35789     4387  37.2  0  0  7 21 0 0 1 1 1 0 0 0 0 1 1 1 0 1
2014   2 28  8  0 53 553954   -4.45899  -71.84730     3645  39.3  0  0  6 15 0 0 1 1 1 0 0 1 0 0 0 1 0 1
2014   2 28  8  0 53 640975   -4.45854  -71.85209     3956  38.9  0  0  6 15 0 0 1 1 1 0 0 0 0 0 1 1 0 1
2014   2 28  8  0 53 797113   -4.43028  -71.88556     3842  33.4  1  0  5 10 0 0 1 1 0 0 0 1 0 0 0 1 0 1
2014   2 28  8  0 53 842023   -4.44325  -71.86160     4958  42.6  1  0  5 10 0 0 1 1 1 0 0 0 0 0 1 1 0 0
2014   2 28  8  0 54 409031  -12.09115  -72.83691     5025  42.9  1  0  6 15 0 0 1 1 1 0 0 1 0 0 1 0 0 1
2014   2 28  8  0 54 660644  -11.91666  -73.08621     3565  49.4  0  0  7 21 0 0 1 1 1 0 0 1 0 0 1 1 0 1
2014   2 28  8  0 55 261489   -8.52553  -65.63934     4897  52.9  2  0  5 10 0 0 1 1 1 0 0 0 0 0 1 1 0 0
2014   2 28  8  0 55 269276   -9.26201  -65.04869     9637  35.3  1  0  5  9 0 0 1 1 1 0 0 0 0 0 1 0 0 1
2014   2 28  8  0 55 712152  -31.10134 -133.42149    25165  29.7  1  0  4  6 0 0 0 0 0 0 0 1 0 0 1 1 0 1
2014   2 28  8  0 55 829050   -1.37528  -71.53391     7906  61.5  2  0  6 15 0 0 1 1 1 0 0 1 0 1 0 0 0 1
2014   2 28  8  0 56 173377  -20.62409  -46.47750     3599  60.0  2  0  6 15 0 0 1 1 0 0 0 1 0 1 1 0 0 1
2014   2 28  8  0 57  64799  -24.59400  -45.28852     3930  42.2  1  0  5 10 0 0 1 1 1 0 0 1 0 0 0 0 0 1
2014   2 28  8  0 57 184349  -24.60346  -45.35882     3011   3.8  0  0  4  6 0 0 1 1 1 0 0 1 0 0 0 0 0 0
2014   2 28  8  0 57 509415  -21.29466  -46.59642     3798  62.8  2  0  6 15 0 0 1 1 1 0 0 1 0 1 1 0 0 0
2014   2 28  8  0 59 442122   -1.47903  149.80905    15951  80.2  2  0  6 15 0 0 0 1 1 0 0 0 0 1 1 1 0 1
2014   2 28  8  0 59 541793  -12.83089  157.14699    11448  70.3  2  0  7 21 0 0 1 0 1 0 0 1 0 1 1 1 0 1
2014   2 28  8  1  0 238676  -12.64485  157.08438    12469  67.5  2  0  6 15 0 0 1 1 0 0 0 1 0 0 1 1 0 1
2014   2 28  8  1  1 710900    7.76638  -74.51468    11023 100.2  2  0  6 15 0 0 0 1 1 0 0 1 0 0 1 1 0 1
2014   2 28  8  1  2 118266    8.11410  -83.79511    10427 102.0  2  0  6 15 0 0 1 1 1 0 0 1 0 0 1 1 0 0
2014   2 28  8  1  2 274010  -29.59158  -42.82146     4165  18.8  0  0  5 10 0 0 0 1 1 0 0 1 0 0 1 0 0 1
2014   2 28  8  1  2 336492  -30.33050  -42.74321     3724  19.1  0  0  5 10 0 0 1 1 1 0 0 1 0 0 0 0 0 1
2014   2 28  8  1  3 644551  -30.45926  -42.68871     3815  20.5  0  0  5 10 0 0 1 1 1 0 0 1 0 0 0 0 0 1
2014   2 28  8  1  3 668317  -30.69795  -41.50992     8589  63.1  2  0  5 10 0 0 1 0 1 0 0 1 0 0 1 0 0 1
2014   2 28  8  1  3 800909  -21.45254  -46.37508     4855 100.0  2  0  6 15 0 0 1 1 1 0 0 1 0 0 1 0 0 1
2014   2 28  8  1  4 955060    7.19493  -70.79440     5737   9.5  0  0  4  6 0 0 0 1 0 0 0 1 0 0 0 1 0 1
2014   2 28  8  1  5 167327  -19.52640 -141.30562     6703  20.6  0  0  7 21 0 0 1 1 1 0 0 1 0 0 1 1 0 1
2014   2 28  8  1  5 224634  -19.55168 -140.92128     7311   6.9  0  0  5 10 0 0 1 1 1 0 0 0 0 0 0 1 0 1
2014   2 28  8  1  5 248039  -19.46584 -142.63042    11209  11.0  0  0  5 10 0 0 0 0 1 0 0 1 0 0 1 1 0 1
2014   2 28  8  1  5 282729  -19.55135 -140.91922     5910   6.8  0  0  6 15 0 0 1 1 1 0 0 0 0 0 1 1 0 1
2014   2 28  8  1  5 815995  -21.74918 -142.37074     8403  17.9  0  0  7 21 0 0 0 1 1 0 0 1 0 1 1 1 0 1
2014   2 28  8  1  5 925653  -33.20047  -40.04522     4862  22.8  0  0  5 10 0 0 1 0 1 0 0 1 0 0 1 0 0 1
2014   2 28  8  1  6  64769  -20.63024 -143.31163     9092  25.2  0  0  6 15 0 0 1 1 1 0 0 1 0 0 1 1 0 0
2014   2 28  8  1  6  70276  -33.20752  -39.95270     3306  21.7  0  0  6 15 0 0 1 1 1 0 0 1 0 0 1 0 0 1
2014   2 28  8  1  6 103236  -21.94229 -140.45203    13357  16.4  0  0  4  6 0 0 1 1 1 0 0 0 0 0 0 1 0 0
2014   2 28  8  1  6 301079  -20.53127 -143.69319    15208  21.0  1  0  4  6 0 0 1 0 0 0 0 1 0 0 1 1 0 0
2014   2 28  8  1  6 369061  -20.60361 -143.09694    11404   8.4  0  0  4  6 0 0 1 1 0 0 0 0 0 0 1 1 0 0
2014   2 28  8  1  6 414381  -20.64999 -142.82353     7565  15.5  0  0  6 15 0 0 1 1 1 0 0 0 0 0 1 1 0 1
2014   2 28  8  1  6 500679  -21.32885 -141.57213    11309  13.2  0  0  6 15 0 0 1 1 1 0 0 1 0 0 1 0 0 1
2014   2 28  8  1  6 756238  -21.36385  -46.33957     2804  12.1  0  0  5  9 0 0 0 1 1 0 0 1 0 0 1 0 0 1
2014   2 28  8  1  7 294624  -33.77536   17.71544     8077  16.6  0  0  6 15 0 0 1 1 1 0 0 1 0 0 1 0 0 1
2014   2 28  8  1  7 971949  -10.53026  162.97203    43561   4.3  0  0  4  6 0 0 1 1 0 0 0 1 0 0 1 0 0 0
2014   2 28  8  1 10 468603  -21.38623  -46.34166     3058  36.3  0  0  6 15 0 0 1 1 1 0 0 1 0 0 1 0 0 1
2014   2 28  8  1 11  56982   29.14233 -125.90238    13299  42.3  0  0  7 21 0 0 1 1 1 0 0 1 0 1 1 0 0 1
2014   2 28  8  1 12 269552  -23.74782  -45.80198     3708  20.3  1  0  4  6 0 0 1 1 1 0 0 1 0 0 0 0 0 0
2014   2 28  8  1 12 514158    6.32961  -77.42514     6051  68.7  1  0  7 21 0 0 1 1 1 0 0 0 0 1 1 1 0 1
2014   2 28  8  1 12 527014    5.39317  -76.71902     7944  53.7  1  0  7 21 0 0 1 1 1 0 0 1 0 1 1 0 0 1
2014   2 28  8  1 12 765281   -8.08617  -61.91139     3904  61.6  1  0  7 21 0 0 0 1 1 0 0 1 0 1 1 1 0 1
2014   2 28  8  1 13  14898   -8.24256  -61.45935     4720  62.4  1  0  7 21 0 0 1 1 1 0 0 1 0 1 1 0 0 1
2014   2 28  8  1 13 878110  -10.97338  166.17752    11845  69.5  1  0  7 21 0 0 1 1 1 0 0 1 0 0 1 1 0 1
2014   2 28  8  1 14  79715  -13.19388  -39.34956     4778  54.5  1  0  6 15 0 0 1 0 1 0 0 0 0 0 1 1 1 1
2014   2 28  8  1 14 109495  -11.01128  166.32829    14876  50.6  2  0  5 10 0 0 1 0 0 0 0 1 0 0 1 1 0 1
2014   2 28  8  1 15  37597  -14.65426  -43.74137     4087  65.6  2  0  6 13 0 0 1 1 1 0 0 1 0 0 1 1 0 0
2014   2 28  8  1 15 319829  -22.83545  -45.82960     3426  56.1  1  0  7 19 0 0 1 1 1 0 0 1 0 1 1 0 0 1
2014   2 28  8  1 15 346489  -22.75211  -45.91386     3598  83.4  2  0  7 21 0 0 1 1 0 0 0 1 0 1 1 1 0 1
2014   2 28  8  1 15 959330   -6.81750  -74.67350     5614 104.3  2  0  7 21 0 0 1 1 1 0 0 1 0 1 1 1 0 0
2014   2 28  8  1 16 427466  -25.12236  -44.82673     3348  54.3  1  0  7 21 0 0 1 1 1 0 0 1 0 1 1 0 0 1
2014   2 28  8  1 16 649077    7.71709  -74.74390     8965  93.7  2  0  7 21 0 0 0 1 1 0 0 1 0 1 1 1 0 1
2014   2 28  8  1 17 171446  -20.86271 -143.93590    14389  38.6  1  0  5 10 0 0 1 1 0 0 0 1 0 0 1 1 0 0
2014   2 28  8  1 17 672378  -21.42381  -46.37393     4443  86.1  2  0  6 15 0 0 1 1 1 0 0 1 0 0 1 0 0 1
2014   2 28  8  1 17 687538  -21.36226  -46.18959     4044  51.5  2  0  5 10 0 0 1 0 1 0 0 1 0 0 1 0 0 1
2014   2 28  8  1 18 396845   -4.65881  145.92014    11148 128.2  2  0  7 21 0 0 1 1 1 0 0 1 0 1 0 1 0 1
2014   2 28  8  1 18 869565  -13.15116  -71.00150     5006  99.9  2  0  7 21 0 0 1 0 1 0 0 1 0 1 1 1 0 1
2014   2 28  8  1 19 889774  -21.23745  -46.39664     4983 130.1  2  0  7 20 0 0 1 1 1 0 0 1 0 1 1 1 0 0
2014   2 28  8  1 20 116845  -21.33973  -45.89363     2565  11.6  0  0  6 14 0 0 1 1 1 0 0 1 0 0 1 0 0 1
2014   2 28  8  1 20 131566  -22.63177 -139.60707    10986  23.0  0  0  5 10 0 0 1 1 0 0 0 1 0 0 1 1 0 0
2014   2 28  8  1 20 453976  -21.33867  -46.29860     2764   2.9  0  0  5  9 0 0 1 1 1 0 0 1 0 0 1 0 0 0
2014   2 28  8  1 21 381412   -6.44370    8.69855     7994  28.4  0  0  6 14 0 0 1 1 0 0 0 1 0 0 1 1 0 1
2014   2 28  8  1 21 559038   -7.03732    7.44748     7881  13.0  0  0  6 15 0 0 1 1 1 0 0 1 0 0 1 0 0 1
2014   2 28  8  1 21 603561    4.62544  -84.44401     4427  17.8  0  0  5 10 0 0 1 1 0 0 0 1 0 0 1 1 0 0
2014   2 28  8  1 21 895822   -6.82266    9.77517    19947   9.9  0  0  5 10 0 0 1 1 1 0 0 0 0 0 1 0 0 1
2014   2 28  8  1 22 130208    4.61346  -84.41509     6601  29.9  0  0  5  7 0 0 1 1 1 0 0 1 0 0 0 1 0 0
2014   2 28  8  1 22 217963   -9.68652  153.62836    66773  21.1  1  0  4  6 0 0 1 1 0 0 0 1 0 0 1 0 0 0
2014   2 28  8  1 22 229013  -14.71889  -43.65319     2581  20.7  0  0  7 19 0 0 1 1 1 0 0 1 0 1 1 0 0 1
2014   2 28  8  1 22 286034  -14.73028  -43.88646     2706  23.5  0  0  6 14 0 0 1 1 1 0 0 1 0 0 1 0 0 1
2014   2 28  8  1 22 296530  -14.72333  -43.88380     2642  23.9  0  0  7 17 0 0 1 1 1 0 0 1 0 0 1 1 0 1
2014   2 28  8  1 22 342331  -13.12455  157.30043     6471  26.6  0  0  7 20 0 0 1 1 0 0 0 1 0 1 1 1 0 1
2014   2 28  8  1 22 405292  -13.07487  157.18179     7137  28.1  0  0  6 15 0 0 1 1 1 0 0 1 0 0 1 1 0 0
2014   2 28  8  1 22 583861    1.85458  -83.88704     5794  21.8  0  0  6 15 0 0 1 1 1 0 0 1 0 1 1 0 0 0
2014   2 28  8  1 22 697592  -13.05419  157.13701     4717  18.7  0  0  7 21 0 0 0 1 1 0 0 1 0 1 1 1 0 1
2014   2 28  8  1 23 154310  -13.08238  157.32822     5943  27.5  0  0  7 21 0 0 1 1 0 0 0 1 0 1 1 1 0 1
2014   2 28  8  1 23 357023  -21.51574  -46.11408     2869  19.5  0  0  5 10 0 0 0 1 1 0 0 1 0 0 1 0 0 1
2014   2 28  8  1 23 744954    0.43061    7.92683    10191  17.8  0  0  6 15 0 0 1 1 1 0 0 1 0 0 1 0 0 1
2014   2 28  8  1 23 998764  -12.97884  157.10854     6145  30.0  0  0  7 20 0 0 1 1 1 0 0 1 0 0 1 1 0 1
2014   2 28  8  1 24   1251  -21.34562  -46.36597     2931  19.3  0  0  5 10 0 0 1 1 1 0 0 1 0 0 0 0 0 1
2014   2 28  8  1 24 218060  -30.44761  -41.84052     3863  12.9  0  0  5 10 0 0 0 1 1 0 0 0 0 1 1 0 0 1
2014   2 28  8  1 24 496806  -24.39829  -94.75810     8657  26.7  0  0  5 10 0 0 1 1 1 0 0 1 0 0 1 0 0 0
2014   2 28  8  1 24 933503   -4.43814  -71.88415     4314  32.2  1  0  5  9 0 0 1 1 0 0 0 1 0 0 0 1 0 1
2014   2 28  8  1 25 404375  -21.59136  -50.74189     2722  34.0  0  0  7 17 0 0 1 1 0 0 0 1 0 1 1 1 0 1
2014   2 28  8  1 25 499481  -29.25176  -61.41623    10836  38.7  1  0  5 10 0 0 0 1 1 0 0 1 0 0 1 0 0 1
2014   2 28  8  1 25 640479    5.34698  -72.89095     4063  39.8  0  0  6 13 0 0 1 1 1 0 0 1 0 0 1 1 0 0
2014   2 28  8  1 25 739967  -20.69025  -47.38338     3097  58.7  1  0  7 21 0 0 1 1 0 0 0 1 0 1 1 1 0 1
2014   2 28  8  1 25 747948  -20.76795  -47.32637     2900  47.6  0  0  7 21 0 0 1 1 1 0 0 1 0 1 1 0 0 1
2014   2 28  8  1 25 959534  -13.89029  168.31944    21426   1.1  0  0  4  6 0 0 1 1 0 0 0 0 0 0 1 1 0 0
2014   2 28  8  1 27  77456    7.46208  -73.92236     4466  53.4  1  0  7 20 0 0 1 1 1 0 0 1 0 0 1 1 0 1
2014   2 28  8  1 27 512777    7.07528  -75.15318     8775  34.2  1  0  5  7 0 0 0 1 1 0 0 1 0 0 0 1 0 1
2014   2 28  8  1 27 851859    5.48225  -73.15395    22465  46.9  1  0  5  9 0 0 1 1 1 0 0 0 0 0 1 0 0 1
2014   2 28  8  1 27 957088    9.49615  -73.59122     4801  58.8  1  0  7 21 0 0 1 1 1 0 0 1 0 0 1 1 0 1
2014   2 28  8  1 28 165262  -16.36725  -51.90304     3497  48.9  1  0  6 15 0 0 1 0 1 0 0 0 0 1 1 1 0 1
2014   2 28  8  1 28 177686  -16.58913  -51.93458     3308  58.1  1  0  7 20 0 0 1 1 1 0 0 1 0 1 1 0 0 1
2014   2 28  8  1 28 642618  -23.38654  -45.87260     4300  80.5  2  0  6 15 0 0 1 1 0 0 0 1 0 1 0 1 0 1
2014   2 28  8  1 28 821057  -24.53142  -45.21930     3599  47.5  1  0  6 15 0 0 1 1 1 0 0 1 0 0 1 0 0 1
2014   2 28  8  1 29 152710  -28.67691 -135.82063    15990  61.8  2  0  6 15 0 0 1 1 1 0 0 1 0 0 1 1 0 0
2014   2 28  8  1 30 610012  -22.91931  -45.84132     4567  81.0  2  0  6 14 0 0 1 1 1 0 0 1 0 0 1 0 0 1
2014   2 28  8  1 32  43637    7.11730  -74.08695     8412  95.4  2  0  6 15 0 0 1 1 1 0 0 0 0 0 1 1 0 1
2014   2 28  8  1 32 945882   -5.32057  148.71098    16096  31.5  1  0  5  7 0 0 1 0 1 0 0 0 0 1 1 1 0 0
2014   2 28  8  1 33  19371    7.05167  -74.13889     7215 112.0  2  0  7 21 0 0 1 1 1 0 0 1 0 1 0 1 0 1
2014   2 28  8  1 33 194212  -11.94654  -70.91115     4700  36.1  1  0  5  9 0 0 0 0 0 0 0 0 0 1 1 1 1 1
2014   2 28  8  1 33 759958  -12.14256  -71.56659     4794  49.7  1  0  5 10 0 0 1 0 1 0 0 0 0 0 1 1 0 1
2014   2 28  8  1 34 287675  -30.02697  -41.98184     4950  79.3  2  0  7 21 0 0 1 1 1 0 0 1 0 1 1 0 0 1
2014   2 28  8  1 35 168478  -14.44601  -44.15918     7617 106.4  2  0  6 11 0 0 1 1 0 0 0 0 0 1 1 1 0 1
2014   2 28  8  1 36 212659   -5.07301  -71.74606     2764  12.2  0  0  6 15 0 0 1 0 1 0 0 1 0 1 0 1 0 1
2014   2 28  8  1 36 233851   -5.06804  -71.72595     4418  17.3  0  0  4  6 0 0 0 1 0 0 0 1 0 0 1 1 0 0
2014   2 28  8  1 36 287565    2.35390    8.40829    13253  15.5  0  0  5 10 0 0 1 1 1 0 0 1 0 0 0 0 0 1
2014   2 28  8  1 36 458938    2.38681    8.48401    20397  15.9  0  0  4  6 0 0 1 1 0 0 0 1 0 0 0 0 0 1
2014   2 28  8  1 36 892907   -4.08319  -71.38926     2492   7.7  0  0  7 21 0 0 1 1 1 0 0 0 0 1 1 1 0 1
2014   2 28  8  1 36 972202   -4.11778  -71.48776     3176  14.4  0  0  6 15 0 0 0 1 1 0 0 1 0 0 1 1 0 1
2014   2 28  8  1 37 304330  -30.71138  -41.15370     3287  12.9  0  0  5 10 0 0 1 1 1 0 0 0 0 0 1 0 0 1
2014   2 28  8  1 37 610846  -21.33634  -46.35651     2991   9.3  0  0  4  6 0 0 1 0 0 0 0 1 0 0 1 0 0 1
2014   2 28  8  1 39 524813  -13.04954  157.15010     7553  23.9  0  0  6 14 0 0 1 0 1 0 0 1 0 1 0 1 0 1
2014   2 28  8  1 39 545690  -13.02554  157.16820     6275  22.0  0  0  6 15 0 0 1 1 0 0 0 1 0 0 1 1 0 1
2014   2 28  8  1 39 600325  -13.15126  157.40450     9392  24.3  0  0  6 15 0 0 1 1 1 0 0 0 0 1 0 1 0 1
2014   2 28  8  1 40 560427  -21.72411 -143.02632    73895  33.4  1  0  4  6 0 0 0 1 0 0 0 0 0 1 0 1 0 1
2014   2 28  8  1 40 569059  -21.62747 -142.11261     6844   3.8  0  0  5 10 0 0 1 1 0 0 0 1 0 0 1 1 0 0
2014   2 28  8  1 40 920959    9.72999  147.26579    24984  46.9  1  0  5 10 0 0 1 0 1 0 0 1 0 0 1 0 0 1
2014   2 28  8  1 41  79654   -8.78631  159.04221    51437   0.5  0  0  4  6 0 0 1 1 0 0 0 1 0 0 1 0 0 0
2014   2 28  8  1 43 129496  -10.79940  -56.89188     3471  56.1  1  0  7 21 0 0 0 1 1 0 0 1 0 1 1 1 0 1
2014   2 28  8  1 43 320139  -10.80703  -56.69447     3512  56.3  1  0  7 21 0 0 1 0 1 0 0 1 0 1 1 1 0 1
2014   2 28  8  1 44    343  -33.00652  -40.54668     3520  37.9  0  0  7 20 0 0 1 1 1 0 0 1 0 1 0 1 0 1
2014   2 28  8  1 44 187768  -33.11265  -40.18830     5794  58.5  1  0  6 15 0 0 1 1 1 0 0 1 0 0 1 0 0 1
2014   2 28  8  1 44 505952    4.66891  -73.81615     7903  56.0  2  0  5  9 0 0 0 1 0 0 0 1 0 0 1 1 0 1
2014   2 28  8  1 44 811842  -21.32556  -46.24541     3264  16.7  0  0  4  6 0 0 1 0 0 0 0 1 0 0 1 0 0 1
2014   2 28  8  1 44 858029  -21.38240  -46.46775     3652  68.6  2  0  6 15 0 0 0 1 1 0 0 1 0 1 1 0 0 1
2014   2 28  8  1 44 900664  -21.40964  -46.33404     3705  56.8  1  0  6 14 0 0 1 1 1 0 0 1 0 0 1 0 0 1
2014   2 28  8  1 44 940987  -21.51156  -46.39758     4927 105.7  2  0  6 15 0 0 0 1 1 0 0 1 0 0 1 0 1 1
2014   2 28  8  1 45 172550  -21.33078  -47.31819     3283  70.3  2  0  7 21 0 0 1 1 1 0 0 1 0 1 1 0 0 1
2014   2 28  8  1 45 225396  -21.28982  -47.35464     4684  97.7  2  0  6 15 0 0 0 1 1 0 0 1 0 0 1 1 0 1
2014   2 28  8  1 45 359674  -21.24260  -47.29167     4055  91.7  2  0  7 19 0 0 1 1 1 0 0 1 0 0 1 1 0 1
2014   2 28  8  1 45 411281  -21.35890  -47.18439     3920  59.1  1  0  6 13 0 0 1 1 1 0 0 1 0 0 1 0 0 1
2014   2 28  8  1 45 483142  -40.03793  -67.53469     4798  72.4  2  0  7 20 0 0 1 1 1 0 0 1 0 0 1 1 0 1
2014   2 28  8  1 45 508101  -40.93092  -68.26879    29233  87.4  2  0  6 15 0 0 0 1 1 0 0 1 0 1 0 1 0 1
2014   2 28  8  1 45 627077  -42.54359  -69.59606    30477  76.4  2  0  6 14 0 0 0 1 1 0 0 1 0 0 1 1 0 1
2014   2 28  8  1 46 211937  -21.44407  -47.05604     3847  63.4  2  0  6 14 0 0 1 1 1 0 0 1 0 0 1 0 0 1
2014   2 28  8  1 46 321126  -30.12409  -42.26165     7456  47.9  1  0  5  8 0 0 1 1 0 0 0 1 0 0 0 1 0 1
2014   2 28  8  1 46 393184  -10.61598  -57.07422     3929  53.9  1  0  6 15 0 0 1 0 1 0 0 0 0 1 1 1 0 1
2014   2 28  8  1 46 416218  -30.17877  -41.72553     5600  76.7  2  0  7 17 0 0 1 1 1 0 0 1 0 0 1 1 0 1
2014   2 28  8  1 46 544056  -30.18043  -41.82558     4393  64.1  1  0  7 21 0 0 1 1 1 0 0 1 0 1 1 0 0 1
2014   2 28  8  1 47 562346  -31.96478 -135.88220    17809  85.6  2  0  7 21 0 0 1 1 1 0 0 1 0 0 1 1 0 1
2014   2 28  8  1 47 580666  -31.96099 -135.25694    28893  91.3  2  0  6 15 0 0 1 1 1 0 0 0 0 0 1 1 0 1
2014   2 28  8  1 47 882982   -6.01767  146.24261    34454  61.4  2  0  6 15 0 0 1 0 1 0 0 1 0 1 1 0 0 1
2014   2 28  8  1 48 320728    2.14475  -19.01928     6862  89.2  2  0  6 14 0 0 1 1 1 0 0 1 1 0 0 0 0 1
2014   2 28  8  1 48 751580    9.35228  -73.46086     6486  85.4  2  0  7 21 0 0 1 0 1 0 0 1 0 1 1 1 0 1
2014   2 28  8  1 49 704727   -8.00137  -68.36043     4966 108.7  2  0  7 21 0 0 1 1 1 0 0 1 0 0 1 1 0 1
2014   2 28  8  1 50 738161  -11.81664  -73.21281     6385 126.6  2  0  7 18 0 0 1 1 1 0 0 1 0 1 0 1 0 1
2014   2 28  8  1 50 850748  -11.96953  -73.72184     9592 132.5  2  0  7 21 0 0 0 1 1 0 0 1 0 1 1 1 0 1
2014   2 28  8  1 51  48977  -22.11878  -46.54696     4026  76.8  2  0  7 16 0 0 1 1 1 0 0 1 0 1 1 0 1 0
2014   2 28  8  1 51 118972  -14.72985  -42.61936    10780  49.7  1  0  5 10 0 0 1 0 1 0 0 1 0 0 1 0 0 1
2014   2 28  8  1 51 166435  -22.21399  -46.18273     4946 147.8  2  0  7 21 0 0 1 1 1 0 0 1 0 0 1 1 0 1
2014   2 28  8  1 51 842080  -11.92250  -73.01978     5413 108.8  2  0  7 21 0 0 1 0 1 0 0 1 0 1 1 1 0 1
2014   2 28  8  1 52 427191  -28.52810 -133.60698     5733   6.5  0  0  6 15 0 0 1 1 1 0 0 0 0 1 1 1 0 0
2014   2 28  8  1 52 787535   12.02040 -122.83522     6848   9.4  0  0  6 15 0 0 1 1 1 0 0 1 0 0 1 0 0 1
2014   2 28  8  1 53 127151   -4.56500  -71.81761     2908  12.7  0  0  7 21 0 0 0 1 1 0 0 1 0 1 1 1 0 1
2014   2 28  8  1 53 228620    5.38078  -72.07239     5295   9.1  0  0  5 10 0 0 1 0 1 0 0 1 0 1 1 0 0 0
2014   2 28  8  1 53 450503  -19.43685 -142.04707    10066  15.1  0  0  6 15 0 0 0 1 1 0 0 1 0 0 1 1 0 1
2014   2 28  8  1 53 661543  -38.89449   40.38409     7650   8.2  0  0  6 15 0 0 1 1 1 0 0 1 0 0 1 0 0 1
2014   2 28  8  1 54  23669  -20.54213  -46.22384     2613   4.3  0  0  5 10 0 0 1 1 1 0 0 1 0 0 0 0 0 1
2014   2 28  8  1 56 675026  -21.50278  -46.16150     2740  34.9  0  0  7 20 0 0 1 1 1 0 0 1 0 1 1 0 0 1
2014   2 28  8  1 56 839940  -10.63626  -57.77748     3164  37.3  0  0  7 18 0 0 0 1 1 0 0 1 0 0 1 1 1 1
2014   2 28  8  1 58   4457   -4.42598  -71.74520     3824  53.2  1  0  7 21 0 0 1 1 1 0 0 1 0 1 0 1 0 1
2014   2 28  8  1 59 414673  -20.85884  -47.26590     3293  43.9  1  0  6 15 0 0 1 1 1 0 0 1 0 0 1 0 0 1
2014   2 28  8  1 59 780638  -12.30399  -71.89912     4304  76.4  2  0  7 21 0 0 1 1 1 0 0 1 0 1 0 1 0 1
2014   2 28  8  2  0 220273  -12.09653  -71.81458     4007  59.4  1  0  7 20 0 0 1 0 1 0 0 1 0 1 1 1 0 1
2014   2 28  8  2  0 703087  -26.73912 -132.92030    45747  67.6  2  0  5 10 0 0 1 1 1 0 0 1 0 0 0 0 0 1
2014   2 28  8  2  1 640001  -11.29195  167.16093    15682  67.1  2  0  6 15 0 0 1 1 0 0 0 1 0 1 1 1 0 0
2014   2 28  8  2  1 696562  -10.92399  166.26756    12310  59.2  1  0  6 15 0 0 1 1 1 0 0 1 0 0 1 1 0 0
2014   2 28  8  2  1 762719  -21.42669  -45.99621     3399  68.9  1  0  7 20 0 0 1 1 1 0 0 1 0 1 1 0 0 1
2014   2 28  8  2  2  61601  -24.62688  -45.42415     3479  10.1  0  0  5  7 0 0 1 1 1 0 0 1 0 1 0 0 0 0
2014   2 28  8  2  2  88517  -24.61648  -45.29493     4611  41.8  1  0  5  9 0 0 1 1 1 0 0 1 0 0 1 0 0 0
2014   2 28  8  2  2 212772  -23.46885  -45.74604     4893  82.2  2  0  6 15 0 0 1 1 1 0 0 1 0 0 1 0 0 1
2014   2 28  8  2  2 308294  -30.84976  -41.64275     6274  36.2  1  0  4  6 0 0 1 1 0 0 0 1 0 0 1 0 0 0
2014   2 28  8  2  2 657424  -12.65332  156.79482    10632  73.0  2  0  7 21 0 0 1 1 1 0 0 1 0 0 1 1 0 1
2014   2 28  8  2  2 703812  -21.26128 -143.13864    11023  25.3  0  0  5 10 0 0 1 1 0 0 0 1 0 0 1 1 0 0
2014   2 28  8  2  2 819158  -20.85743  -46.44595     3537  79.6  2  0  7 21 0 0 1 1 1 0 0 1 0 1 1 0 0 1
2014   2 28  8  2  5 160971    1.47904  -11.60748    16535  76.9  2  0  6 14 0 0 1 1 0 0 0 1 0 0 1 1 0 1
2014   2 28  8  2  6 164677   -4.68450  -72.42102     8083 119.2  2  0  7 21 0 0 0 1 1 0 0 1 0 1 1 1 0 1
2014   2 28  8  2  6 182928   -4.56446  -72.00327     5430 109.9  2  0  7 21 0 0 1 1 1 0 0 1 0 0 1 1 0 1
2014   2 28  8  2  8   3387   -0.83726    5.71279    13751  19.6  0  0  5 10 0 0 1 1 1 0 0 1 0 0 0 0 0 1
2014   2 28  8  2  8  50911   -0.37182    6.65553     8633  27.8  0  0  6 15 0 0 1 1 1 0 0 1 0 0 1 1 0 0
2014   2 28  8  2  8 575271  -23.64455  -45.59779     3268  20.6  0  0  5 10 0 0 1 1 1 0 0 1 0 0 0 0 0 1
2014   2 28  8  2  8 764266   -4.63773  -71.65112     5561  17.2  0  0  5  8 0 0 1 1 1 0 0 1 0 0 0 0 0 1
2014   2 28  8  2  9 192787   -4.54996  -71.69942     2841   5.7  0  0  5 10 0 0 1 1 1 0 0 0 0 0 1 1 0 0
2014   2 28  8  2  9 381168    2.54295  -84.61169     3451  23.4  0  0  7 21 0 0 1 0 1 0 0 1 0 1 0 1 1 1
2014   2 28  8  2  9 848065  -32.92038  -40.26807     9856  15.8  0  0  5 10 0 0 0 0 1 0 0 0 0 1 1 1 0 1
2014   2 28  8  2  9 869935  -33.25377  -39.91355     5769  31.3  1  0  5 10 0 0 1 0 1 0 0 1 0 0 1 1 0 0
2014   2 28  8  2  9 889356  -33.30352  -39.73905     3656  27.4  0  0  6 15 0 0 1 1 1 0 0 1 0 0 1 0 0 1
2014   2 28  8  2  9 904881  -33.30300  -39.71086     3290  12.7  0  0  5 10 0 0 1 1 1 0 0 0 0 0 1 0 0 1
2014   2 28  8  2  9 916283  -33.27181  -39.78085     3171  16.8  0  0  6 15 0 0 1 1 1 0 0 0 0 1 0 1 0 1
2014   2 28  8  2  9 937260  -33.31576  -39.73023     3659  27.4  0  0  6 15 0 0 1 1 1 0 0 1 0 0 1 0 0 1
2014   2 28  8  2 10 488521  -33.25652  -39.70522     3343  13.7  0  0  5 10 0 0 1 1 1 0 0 0 0 0 1 0 0 1
2014   2 28  8  2 10 734592  -33.36689  -39.62566     3840  31.1  0  0  6 15 0 0 1 1 1 0 0 1 0 0 1 0 0 1
2014   2 28  8  2 11  16232  -10.67309  -56.84410     6444  23.5  1  0  4  6 0 0 1 0 0 0 0 0 0 1 1 1 0 0
2014   2 28  8  2 11  25217  -10.72894  -57.01681     3084  33.9  0  0  7 20 0 0 0 1 1 0 0 1 0 1 1 1 0 1
2014   2 28  8  2 11 806179    4.09303    2.91670    17137   4.5  0  0  4  6 0 0 1 0 0 0 0 1 0 0 1 0 0 1
2014   2 28  8  2 12 255642  -11.07054  -57.05293     3542  41.8  0  0  7 20 0 0 1 1 1 0 0 1 0 1 1 0 0 1
2014   2 28  8  2 12 276682  -10.73620  -57.35537     3947  48.5  1  0  6 15 0 0 0 1 1 0 0 1 0 0 1 1 0 1
2014   2 28  8  2 12 473832    2.41569  -17.02948    13104  59.7  2  0  5  8 0 0 1 1 0 0 0 1 1 0 1 0 0 0
2014   2 28  8  2 12 538612    1.20821  -19.33085    27598  36.8  1  0  5 10 0 0 1 1 1 0 0 1 0 0 1 0 0 0
2014   2 28  8  2 13 353871    5.16373  -72.61452     4365  50.6  1  0  7 19 0 0 1 1 1 0 0 1 0 0 1 1 0 1
2014   2 28  8  2 13 489304    5.17501  -72.61237     4149  49.6  0  0  7 21 0 0 1 1 1 0 0 1 0 0 1 1 0 1
2014   2 28  8  2 14 541549    6.93635  -74.03288     4832  58.1  1  0  7 20 0 0 1 1 1 0 0 1 0 0 1 1 0 1
2014   2 28  8  2 15 264719    6.63070  -77.90321    11179  55.4  1  0  6 15 0 0 1 1 1 0 0 1 0 0 1 0 0 1
2014   2 28  8  2 15 688224  -33.97989  -37.70716     3840  39.8  0  0  7 21 0 0 1 1 1 0 0 0 0 1 1 1 0 1
2014   2 28  8  2 15 698874  -34.08498  -37.64107     5462  56.2  1  0  6 15 0 0 1 1 1 0 0 1 0 0 1 0 0 1
2014   2 28  8  2 15 870930  -34.15596  -37.52547     4035  22.3  0  0  5 10 0 0 1 1 1 0 0 0 0 0 1 0 0 1
2014   2 28  8  2 16 199319  -14.56814  -43.70916     4317  94.3  2  0  6 15 0 0 0 1 1 0 0 1 0 0 1 1 0 1
2014   2 28  8  2 16 212818  -34.14833  -37.57744     4985  65.8  1  0  7 21 0 0 1 1 1 0 0 1 0 0 1 1 0 1
2014   2 28  8  2 16 229811  -34.08403  -37.57789     3913  41.2  0  0  7 21 0 0 1 1 1 0 0 0 0 1 1 1 0 1
2014   2 28  8  2 16 322886  -34.19421  -37.41227     4182  24.1  0  0  5 10 0 0 1 1 1 0 0 0 0 0 1 0 0 1
2014   2 28  8  2 16 574004  -34.51094  -37.21927     6986  56.4  2  0  5 10 0 0 1 1 0 0 0 1 0 0 1 0 0 1
2014   2 28  8  2 16 809836  -34.22787  -37.45625     5000  48.9  1  0  6 15 0 0 1 1 0 0 0 0 0 1 1 1 0 1
2014   2 28  8  2 19 442646   -3.34785  -71.07237     3910  56.0  1  0  7 21 0 0 1 1 1 0 0 0 0 1 1 1 0 1
2014   2 28  8  2 19 758973   -3.41660  -71.33870     5456 102.5  2  0  7 21 0 0 1 1 1 0 0 1 0 1 1 1 0 0
2014   2 28  8  2 19 960522   -6.58514    9.41647    24817 111.2  2  0  6 13 0 0 1 1 0 0 0 1 0 0 1 1 0 1
2014   2 28  8  2 20   6407   -5.19371  148.93237     8545  81.1  2  0  7 21 0 0 1 0 1 0 0 1 0 1 1 1 0 1
2014   2 28  8  2 20  11675   -6.65511    7.97249    17969  71.1  2  0  6 13 0 0 1 1 1 0 0 1 0 0 1 1 0 0
2014   2 28  8  2 22 888389   13.68316  135.96748    25900  66.8  2  0  5  9 0 0 1 0 1 0 0 0 0 1 1 0 0 1
2014   2 28  8  2 23  43656   -4.29901  145.48416     5773   5.1  0  0  4  6 0 0 1 0 0 0 0 1 0 0 1 1 0 0
2014   2 28  8  2 24 192049  -32.40873 -134.01370     7643  19.5  0  0  7 20 0 0 1 1 1 0 0 1 0 0 1 1 0 1
2014   2 28  8  2 24 205994  -32.35146 -133.79019     7237  13.3  0  0  6 15 0 0 1 1 1 0 0 1 0 0 0 1 0 1
2014   2 28  8  2 24 370327  -10.43003  178.20544     6779  17.3  0  0  7 21 0 0 1 1 1 0 0 1 0 0 1 1 0 1
2014   2 28  8  2 25  40773  -31.37580 -131.16354     5895  13.4  0  0  7 21 0 0 1 1 1 0 0 1 0 0 1 1 0 1
2014   2 28  8  2 25 555568   -7.32556    9.01285     6594   5.2  0  0  6 15 0 0 1 1 1 0 0 1 0 0 1 0 0 1
2014   2 28  8  2 26  35058   -5.99165    9.05792     8907  34.5  0  0  6 15 0 0 1 1 1 0 0 1 0 0 0 1 0 1
2014   2 28  8  2 26 195231  -20.64887  -46.36036     2629  16.6  0  0  6 15 0 0 1 0 1 0 0 1 0 1 1 0 0 1
2014   2 28  8  2 26 643203   -4.49892  145.93451     6668  15.5  0  0  4  6 0 0 1 0 0 0 0 1 0 0 1 1 0 0
2014   2 28  8  2 27 168718    8.00850  -83.25738     4336  25.9  0  0  6 15 0 0 1 1 1 0 0 1 0 0 1 1 0 0
2014   2 28  8  2 27 478447   -2.57966  150.84596    13245  29.1  0  0  6 15 0 0 1 1 0 0 0 1 0 1 1 0 0 1
2014   2 28  8  2 27 494035  -23.46734  -45.76432     2999  13.2  0  0  5 10 0 0 1 1 1 0 0 1 0 0 1 0 0 0
2014   2 28  8  2 27 551315  -33.63629   18.26551     8757  11.3  0  0  5 10 0 0 1 0 1 0 0 1 0 0 1 0 0 1
2014   2 28  8  2 27 583956  -33.67983   18.40598    12522  21.4  0  0  5 10 0 0 1 1 1 0 0 1 0 0 1 0 0 0
2014   2 28  8  2 28 254810  -21.34949  -46.35865     3063  22.1  0  0  5 10 0 0 1 1 1 0 0 1 0 0 0 0 0 1
2014   2 28  8  2 28 325840  -21.34211  -46.35070     2814  23.6  0  0  6 14 0 0 1 1 1 0 0 1 0 0 1 0 0 1
2014   2 28  8  2 28 805377  -23.75766  -45.58257     3389  38.6  0  0  6 15 0 0 1 1 1 0 0 1 0 0 1 0 0 1
2014   2 28  8  2 29 292416  -24.59608  -45.12892     2933  26.1  0  0  6 15 0 0 1 1 1 0 0 0 0 1 1 0 0 1
2014   2 28  8  2 30 406005    0.84120    8.13222    25425  43.6  1  0  5 10 0 0 1 1 1 0 0 1 0 0 0 0 0 1
2014   2 28  8  2 30 598560  -12.77259  156.92209     8963  44.1  1  0  6 15 0 0 0 1 1 0 0 1 0 0 1 1 0 1
2014   2 28  8  2 30 703887  -12.77671  156.91794    11533  45.8  1  0  5 10 0 0 0 1 1 0 0 1 0 0 0 1 0 1
2014   2 28  8  2 30 742330  -12.78072  157.32800     9876  45.3  1  0  5  8 0 0 1 1 0 0 0 1 0 0 1 1 0 0
2014   2 28  8  2 30 843960  -13.22150  157.94934    15935  46.4  1  0  6 15 0 0 0 1 1 0 0 0 0 1 1 1 0 1
2014   2 28  8  2 30 991961  -12.83866  157.30904     7441   6.2  0  0  5  9 0 0 1 1 0 0 0 1 0 0 1 1 0 0
2014   2 28  8  2 31 143813   -2.01229  150.13036     7465  58.3  1  0  7 21 0 0 0 1 1 0 0 1 0 1 1 1 0 1
2014   2 28  8  2 31 347926  -12.74374  156.95009    10113  51.5  1  0  6 14 0 0 1 1 1 0 0 1 0 0 0 1 0 1
2014   2 28  8  2 33 219946    4.81754  -84.60189     8295  76.6  2  0  6 15 0 0 1 1 1 0 0 0 0 0 1 1 0 1
2014   2 28  8  2 33 357321  -10.61449  -58.07853     5404  77.4  2  0  6 15 0 0 0 1 1 0 0 0 0 1 1 1 0 1
2014   2 28  8  2 33 502325   -8.03285  -59.95787     3926  71.8  2  0  6 15 0 0 1 1 0 0 0 0 0 1 1 1 1 0
2014   2 28  8  2 33 554598   -8.11186  -60.00751     4053  71.8  2  0  7 21 0 0 0 1 1 0 0 1 0 1 1 1 0 1
2014   2 28  8  2 33 628667   -8.02697  -59.95873     3949  72.3  2  0  6 15 0 0 1 1 0 0 0 0 0 1 1 1 1 0
2014   2 28  8  2 33 665180   -8.25872  -59.60866     5103  76.3  2  0  7 21 0 0 1 1 1 0 0 1 0 1 1 0 0 1
2014   2 28  8  2 33 710560   -8.03404  -59.84791     3729  74.8  2  0  7 21 0 0 1 1 1 0 0 1 0 0 1 1 0 1
2014   2 28  8  2 33 751523   -8.00259  -59.88302     3873  63.9  2  0  6 15 0 0 1 1 0 0 0 1 0 0 1 1 0 1
2014   2 28  8  2 33 790175   -8.10962  -60.01336     6080  80.2  2  0  6 15 0 0 0 1 1 0 0 0 0 1 1 1 0 1
2014   2 28  8  2 34 781453  -13.97851  159.98198    11618  73.8  2  0  7 21 0 0 1 1 1 0 0 1 0 0 1 1 0 1
2014   2 28  8  2 34 843960  -13.51878  159.38385    15162  79.2  2  0  6 15 0 0 0 1 1 0 0 1 0 0 1 1 0 1
2014   2 28  8  2 35 275891   -9.65613  164.36581    95737  73.7  2  0  5 10 0 0 1 1 0 0 0 1 0 0 1 0 0 1
2014   2 28  8  2 35 635575  -30.63902  -41.96057     5939  69.2  2  0  6 15 0 0 1 1 1 0 0 1 0 0 1 0 0 1
2014   2 28  8  2 35 697612   -8.16617  -61.79237    11767  97.7  2  0  6 15 0 0 0 1 1 0 0 1 0 1 1 0 0 1
2014   2 28  8  2 37 424294  -33.28593  -41.45580     5975  89.8  2  0  7 21 0 0 1 1 1 0 0 1 0 1 1 0 0 1
2014   2 28  8  2 37 600596  -33.30927  -41.39430     6839 112.8  2  0  7 20 0 0 1 1 0 0 0 1 0 1 1 1 0 1
2014   2 28  8  2 37 661383  -33.14722  -42.06784     4917  66.1  1  0  7 20 0 0 1 1 1 0 0 1 0 1 0 1 0 1
2014   2 28  8  2 37 689962  -33.20956  -42.03073     5505  20.1  1  0  4  6 0 0 1 1 1 0 0 1 0 0 0 0 0 0
2014   2 28  8  2 37 718301  -33.40281  -41.29331     7888  92.1  2  0  6 15 0 0 1 1 1 0 0 1 0 0 1 0 0 1
2014   2 28  8  2 37 767331   -0.83336  -72.13786     8376 115.0  2  0  6 14 0 0 1 1 1 0 0 0 0 0 1 1 0 1
2014   2 28  8  2 37 837310   -0.79515  -72.20694     5937 119.3  2  0  7 21 0 0 1 1 0 0 0 1 0 1 1 1 0 1
2014   2 28  8  2 38 277409  -14.73879  -44.03681     4306  92.5  2  0  6 15 0 0 1 1 1 0 0 1 0 0 1 0 0 1
2014   2 28  8  2 38 476837  -22.87126  -45.77927     4663 121.6  2  0  7 21 0 0 1 1 1 0 0 1 0 1 1 0 0 1
2014   2 28  8  2 38 711867   -4.67339  -72.99292     9745 123.7  2  0  6 15 0 0 0 1 0 0 0 1 0 1 1 1 0 1
2014   2 28  8  2 39 248023  -14.78704  -44.14784     4482  99.3  2  0  6 15 0 0 1 1 1 0 0 1 0 0 1 0 0 1
2014   2 28  8  2 39 372548  -24.71163  -45.37199     4336  84.8  2  0  7 20 0 0 0 1 1 0 0 1 0 1 1 1 0 1
2014   2 28  8  2 40 106449  -20.74189  -47.29533     2347  12.7  0  0  7 21 0 0 1 1 1 0 0 1 0 1 1 1 0 0
2014   2 28  8  2 40 303922  -21.00372  -47.26320     2564   9.6  0  0  5 10 0 0 1 0 0 0 0 1 0 1 1 0 0 1
2014   2 28  8  2 40 390959    4.59936  -73.29702     5478  20.4  1  0  4  6 0 0 0 1 0 0 0 1 0 0 1 1 0 0
2014   2 28  8  2 40 428740    4.60349  -73.36883     4673  19.4  0  0  5  7 0 0 1 1 1 0 0 1 0 0 0 1 0 0
2014   2 28  8  2 40 439055    4.60742  -73.31075     3339  16.9  0  0  6 13 0 0 1 1 1 0 0 1 0 0 1 1 0 0
2014   2 28  8  2 40 509576    3.36547  -85.56136     7657   5.7  0  0  5 10 0 0 1 1 1 0 0 0 0 1 1 0 0 0
2014   2 28  8  2 40 580373    2.83041  -85.13691     4465  16.7  0  0  7 21 0 0 1 1 1 0 0 1 0 1 1 0 0 1
2014   2 28  8  2 40 628475    2.91229  -85.22172     5133  22.7  0  0  5  9 0 0 1 1 0 0 0 1 0 0 1 1 0 0
2014   2 28  8  2 41  64522  -21.27874  -46.33295     3011  14.7  0  0  5  8 0 0 0 1 1 0 0 1 0 0 1 0 0 1
2014   2 28  8  2 41 971001   -0.82855  -72.16126     4045  29.1  0  0  5  9 0 0 1 1 1 0 0 1 0 0 0 1 0 0
2014   2 28  8  2 42 461277  -30.32837  -41.22110     2850  20.4  0  0  7 21 0 0 1 1 1 0 0 1 0 1 1 0 0 1
2014   2 28  8  2 42 552906  -30.34213  -41.15875     4068  23.2  0  0  5 10 0 0 1 1 1 0 0 1 0 0 0 0 0 1
2014   2 28  8  2 44 428578  -12.26597  -71.75196     3268  19.5  0  0  5 10 0 0 1 0 1 0 0 0 0 0 1 1 0 1
2014   2 28  8  2 44 605084  -12.29877  -71.75772     3862  46.9  1  0  6 15 0 0 1 1 0 0 0 1 0 0 1 1 0 1
2014   2 28  8  2 44 676733  -32.91343 -131.06975    38595  46.6  1  0  5 10 0 0 1 1 1 0 0 1 0 0 1 0 0 0
2014   2 28  8  2 45  62030  -12.38246  -71.62229     3957  27.1  0  0  6 14 0 0 1 0 1 0 0 1 0 1 1 0 0 1
2014   2 28  8  2 45 233931  -12.27683  -71.74207     3475  49.2  0  0  7 21 0 0 1 1 0 0 0 1 0 1 1 1 0 1
2014   2 28  8  2 45 295724  -12.39603  -71.54680     4113  42.0  0  0  7 21 0 0 1 1 1 0 0 1 0 1 1 0 0 1
2014   2 28  8  2 45 666907   32.20381 -171.61276    19792  80.9  2  0  6 15 0 0 1 1 1 0 0 1 0 0 1 1 0 0
2014   2 28  8  2 45 745618   32.09575 -170.70712    10537  26.9  0  0  5 10 0 0 1 1 1 0 0 0 0 0 0 1 0 1
2014   2 28  8  2 46 246138   10.65015  -73.81656    10693  14.6  0  0  5 10 0 0 1 1 1 0 0 0 0 0 1 0 0 1
2014   2 28  8  2 46 767799  -22.84972  -45.80157     4135  49.8  1  0  5 10 0 0 1 1 1 0 0 1 0 0 0 0 0 1
2014   2 28  8  2 46 949531  -38.48899   40.73402    21776  50.4  1  0  6 15 0 0 1 1 1 0 0 1 0 0 1 0 0 1
2014   2 28  8  2 47  27668  -16.12882  174.00172    53835  34.3  1  0  5 10 0 0 1 1 1 0 0 1 0 0 0 0 0 1
2014   2 28  8  2 48 414417   -7.80495  -61.24127     3714  14.6  0  0  4  6 0 0 0 1 0 0 0 0 0 0 1 1 0 1
2014   2 28  8  2 48 715438    7.93832  -78.59380    44444  39.5  1  0  5 10 0 0 1 0 1 0 0 0 0 1 1 0 0 1
2014   2 28  8  2 49 576490  -22.51867 -139.52942    22784  90.0  2  0  6 15 0 0 1 1 1 0 0 1 0 0 1 1 0 0
2014   2 28  8  2 50 730789   -3.16405  146.41017    14360  32.8  0  0  6 15 0 0 1 1 1 0 0 1 0 0 1 0 0 1
2014   2 28  8  2 50 734496  -26.03233 -133.54631    16571  91.9  2  0  7 21 0 0 1 1 0 0 0 1 0 1 1 1 0 1
2014   2 28  8  2 50 889127   -9.28017  149.11816    11727  32.1  0  0  6 15 0 0 1 1 1 0 0 0 0 0 1 1 0 1
2014   2 28  8  2 50 990057  -33.33095  -39.28083     5467  62.7  2  0  6 15 0 0 1 1 1 0 0 1 0 0 1 0 0 1
2014   2 28  8  2 51  15126  -33.24749  -39.48864     5143  73.7  2  0  7 21 0 0 1 1 1 0 0 1 0 1 1 0 0 1
2014   2 28  8  2 51  34336  -37.90437  -37.63556     6077  21.9  0  0  5  8 0 0 1 1 1 0 0 1 0 0 0 0 0 1
2014   2 28  8  2 51 275882  -33.34786  -39.12605     4028  10.9  0  0  4  6 0 0 1 1 0 0 0 0 0 0 1 0 0 1
2014   2 28  8  2 51 299684  -33.35485  -39.23311     6638  83.2  2  0  6 14 0 0 1 1 0 0 0 1 0 0 1 1 0 1
2014   2 28  8  2 51 490274  -33.26224  -39.16769     3897  22.6  0  0  5 10 0 0 1 1 1 0 0 0 0 0 1 0 0 1
2014   2 28  8  2 51 532610   30.74176 -128.64871    20666  95.7  2  0  7 19 0 0 1 1 1 0 0 1 0 0 1 1 0 1
2014   2 28  8  2 51 542440   -2.93764  146.09406    18124  33.4  1  0  5 10 0 0 1 1 1 0 0 1 0 0 1 0 0 0
2014   2 28  8  2 51 663494    1.61162  -83.49046    10531  62.2  2  0  6 15 0 0 1 0 1 0 0 1 0 1 1 0 0 1
2014   2 28  8  2 51 691296  -32.11467 -133.47502    20888  97.2  2  0  7 21 0 0 1 1 1 0 0 1 0 0 1 1 0 1
2014   2 28  8  2 51 725666  -32.15340 -134.25592    50374 107.1  2  0  6 15 0 0 0 1 0 0 0 1 0 1 1 1 0 1
2014   2 28  8  2 51 806452  -32.18319 -133.35260    26680  94.0  2  0  6 15 0 0 1 1 1 0 0 1 0 0 0 1 0 1
2014   2 28  8  2 51 867668  -32.03261 -135.02052    49162  78.4  2  0  5 10 0 0 0 0 0 0 0 1 0 1 1 1 0 1
2014   2 28  8  2 51 962454    9.15182  -73.09529     8266  98.4  2  0  6 15 0 0 1 1 1 0 0 1 0 0 1 1 0 0
2014   2 28  8  2 52  58860   12.41496  140.54774     5460  71.8  2  0  6 15 0 0 1 1 1 0 0 1 0 0 1 0 0 1
2014   2 28  8  2 52 204410  -32.07043 -133.61325    29158 109.1  2  0  6 15 0 0 1 1 0 0 0 1 0 0 1 1 0 1
2014   2 28  8  2 52 283353   -2.59532  145.76410    19909  22.4  1  0  4  6 0 0 1 1 0 0 0 1 0 0 1 0 0 0
2014   2 28  8  2 53 242858  -22.81082  -45.60617     4864  93.9  2  0  6 15 0 0 1 1 1 0 0 1 0 0 1 0 0 1
2014   2 28  8  2 53 357584    9.66957   20.73930    82439  34.5  1  0  5 10 0 0 1 1 1 0 0 0 0 0 1 0 0 1
2014   2 28  8  2 53 894226   -4.34338  -71.81524     6101  77.9  2  0  6 14 0 0 1 0 1 0 0 1 0 0 1 1 0 1
2014   2 28  8  2 55  74081  -23.47899  -45.55375     6046 110.6  2  0  6 15 0 0 1 1 0 0 0 1 0 1 1 0 0 1
2014   2 28  8  2 55 620533  -21.29625  -45.95224     5488 100.0  2  0  6 11 0 0 1 1 1 0 0 1 0 0 1 0 0 1
2014   2 28  8  2 56 100204  -21.25515  -47.24345     2513  14.5  0  0  6 15 0 0 0 1 1 0 0 1 0 0 1 1 0 1
2014   2 28  8  2 56 674062  -21.24794  -47.20173     2565  17.0  0  0  6 14 0 0 1 1 0 0 0 1 0 0 1 1 0 1
2014   2 28  8  2 56 823941  -21.13063  -47.20637     2704  10.5  0  0  5  8 0 0 0 1 1 0 0 0 0 1 1 0 0 1
2014   2 28  8  2 57 101022   10.00190  161.23470     6015  10.0  0  0  5  9 0 0 1 1 0 0 0 1 0 0 1 1 0 0
2014   2 28  8  2 57 651435    1.88270    6.79097    15298  20.5  0  0  5 10 0 0 1 1 1 0 0 1 0 0 0 0 0 1
2014   2 28  8  2 58 760705   -4.17742  -71.51962     3051  29.6  0  0  7 21 0 0 1 1 0 0 0 1 0 1 1 1 0 1
2014   2 28  8  2 58 785517   -1.90622  149.76712    13473  43.8  1  0  5 10 0 0 0 1 1 0 0 0 0 1 1 1 0 0
2014   2 28  8  2 58 968306   -4.17729  -71.52161     3070  30.4  0  0  7 21 0 0 1 1 1 0 0 1 0 0 1 1 0 1
2014   2 28  8  2 58 996423   -4.14367  -71.44877     6748  38.4  1  0  5  9 0 0 0 1 1 0 0 1 0 0 1 1 0 0
2014   2 28  8  2 59  12622   -4.17033  -71.60175     2992  25.5  0  0  7 21 0 0 1 0 1 0 0 1 0 1 1 1 0 1
2014   2 28  8  2 59  26510   -4.06465  -71.42857     3523  33.5  0  0  6 15 0 0 1 1 1 0 0 1 0 0 1 1 0 0
2014   2 28  8  2 59 152673  -21.74020  -50.48234     2671  29.8  0  0  7 17 0 0 1 1 1 0 0 1 0 1 0 1 0 1
2014   2 28  8  2 59 740703  -13.04873  -43.46563     2935  24.7  0  0  6 11 0 0 1 1 0 0 0 1 0 0 1 1 0 1
2014   2 28  8  2 59 988431  -11.52431  167.25006     6975  29.5  0  0  7 21 0 0 1 0 1 0 0 1 0 1 1 1 0 1
2014   2 28  8  3  0 313126  -12.83354  156.71045    16727  53.0  1  0  6 15 0 0 1 1 1 0 0 0 0 1 0 1 0 1
2014   2 28  8  3  2 173447   -4.80532  148.15619    25456  32.7  1  0  5 10 0 0 1 1 1 0 0 1 0 0 1 0 0 0
2014   2 28  8  3  2 618651  -30.53681 -133.96423    20923  65.8  2  0  6 14 0 0 1 1 0 0 0 1 0 0 1 1 0 1
2014   2 28  8  3  3   6496  -21.32433  -46.19432     3834  41.4  1  0  5 10 0 0 1 1 1 0 0 1 0 0 0 0 0 1
2014   2 28  8  3  4 593185  -10.65972  -56.80392     2965  43.9  0  0  7 21 0 0 1 1 1 0 0 0 0 1 1 1 0 1
2014   2 28  8  3  4 698628  -10.67651  -56.87214     4592  52.5  2  0  5 10 0 0 1 0 0 0 0 0 0 1 1 1 0 1
2014   2 28  8  3  4 875718   -3.05523  148.86487     6333  57.7  1  0  7 21 0 0 0 0 1 0 0 1 0 1 1 1 1 1
2014   2 28  8  3  5 946141    5.58905  -82.59641     6336  78.1  2  0  7 21 0 0 1 1 1 0 0 1 0 0 1 1 0 1
2014   2 28  8  3  6 253026  -39.65717  -67.15807     4526  71.3  2  0  7 20 0 0 1 1 1 0 0 0 0 1 1 1 0 1
2014   2 28  8  3  6 275589  -29.67270  -56.47974     5649  12.4  0  0  5 10 0 0 0 1 1 0 0 1 0 0 1 0 0 1
2014   2 28  8  3  6 816262  -20.64431  -47.25574     4486  93.0  2  0  6 14 0 0 1 1 1 0 0 1 0 1 0 1 0 0
2014   2 28  8  3  6 825560  -20.70981  -47.05428     4218  51.6  2  0  5 10 0 0 1 1 1 0 0 1 0 0 0 0 0 1
2014   2 28  8  3  6 950748   32.54413 -179.36914    11781  61.1  1  0  7 18 0 0 1 1 1 0 0 1 0 1 1 1 0 0
2014   2 28  8  3  8 175477  -30.55568  -40.92681     5042  82.5  2  0  7 21 0 0 1 1 1 0 0 1 0 1 1 0 0 1
2014   2 28  8  3  9  17460  -20.80774  -45.74286     3442  24.6  0  0  5 10 0 0 1 1 1 0 0 1 0 0 1 0 0 0
2014   2 28  8  3  9  36708  -20.72198  -46.06252     4178  57.9  1  0  6 13 0 0 1 1 1 0 0 1 0 0 1 0 0 1
2014   2 28  8  3  9 506070    5.03699  153.28638    15341  33.9  1  0  5 10 0 0 1 0 1 0 0 1 0 1 0 0 0 1
2014   2 28  8  3  9 734813    5.70325  154.45625    10659  15.4  0  0  4  6 0 0 1 1 0 0 0 0 0 0 0 1 0 1
2014   2 28  8  3  9 843675    6.14296  150.91490    12770  99.8  2  0  7 21 0 0 1 0 1 0 0 1 0 1 1 1 0 1
2014   2 28  8  3 10 666808  -30.72717  -41.43264     9530  72.1  2  0  5 10 0 0 1 0 1 0 0 1 0 0 1 0 0 1
2014   2 28  8  3 10 824399  -11.99702  -71.19041     4118  69.5  1  0  7 21 0 0 1 1 1 0 0 0 0 1 1 1 0 1
2014   2 28  8  3 10 835600  -12.49955  -70.86349     8462 102.7  2  0  6 15 0 0 1 1 1 0 0 1 0 0 1 0 0 1
2014   2 28  8  3 10 938865    5.64479  -72.82355    11139 101.0  2  0  6 15 0 0 0 0 1 0 0 1 0 1 1 1 0 1
2014   2 28  8  3 11 694179  -30.17903  -40.95776     4616  67.3  1  0  7 19 0 0 1 1 1 0 0 0 0 1 1 1 0 1
2014   2 28  8  3 11 738710  -30.11867  -41.16253     5474  37.1  1  0  5  7 0 0 1 1 1 0 0 0 0 1 0 1 0 0
2014   2 28  8  3 11 778564  -30.36135  -40.81723     6263  88.0  2  0  6 15 0 0 1 1 1 0 0 1 0 0 1 0 0 1
2014   2 28  8  3 12  78749  -30.44306  -41.27282     3889  12.8  0  0  5 10 0 0 0 1 1 0 0 0 0 1 1 0 0 1
2014   2 28  8  3 12  89638  -30.47871  -41.24338     3261   8.5  0  0  5 10 0 0 1 1 1 0 0 1 0 0 0 0 0 1
2014   2 28  8  3 12 322811    4.65109  -73.35400     3469  13.5  0  0  6 15 0 0 0 1 1 0 0 1 0 0 1 1 0 1
2014   2 28  8  3 12 335317    5.16018  -72.55888     4731  11.5  0  0  5  8 0 0 0 1 1 0 0 0 0 0 1 1 0 1
2014   2 28  8  3 12 375052    4.57185  -73.26827     5841  14.7  0  0  5 10 0 0 1 1 1 0 0 1 0 0 0 0 0 1
2014   2 28  8  3 13 159168  -23.48245  -45.64041     2776  15.0  0  0  6 15 0 0 1 1 1 0 0 1 0 0 1 0 0 1
2014   2 28  8  3 13 306573  -23.49289  -45.68465     3720  16.6  0  0  5  8 0 0 1 1 1 0 0 1 0 0 0 0 0 1
2014   2 28  8  3 13 570165   -4.41885  145.41710    10550  32.0  0  0  7 21 0 0 1 1 1 0 0 1 0 1 1 0 0 1
2014   2 28  8  3 14   6053  -32.76153   20.24062    12079  20.1  0  0  5 10 0 0 1 1 1 0 0 1 0 0 0 0 0 1
2014   2 28  8  3 14 649770  -24.66127  -45.00773     3395  15.2  0  0  5 10 0 0 1 0 1 0 0 1 0 0 1 0 0 1
2014   2 28  8  3 15 297961    6.64302  -76.91116     6691  40.4  1  0  5  8 0 0 1 1 0 0 0 1 0 0 1 1 0 0
2014   2 28  8  3 15 847565    0.54563    0.28858    10132  47.1  0  0  7 21 0 0 1 1 1 0 0 1 0 0 1 1 0 1
2014   2 28  8  3 15 863663  -12.91431  156.93341     7324  42.9  0  0  7 21 0 0 0 1 1 0 0 1 0 1 1 1 0 1
2014   2 28  8  3 15 982137  -21.41064  -46.28394     2852  24.9  0  0  6 15 0 0 1 1 1 0 0 1 0 0 1 0 0 1
2014   2 28  8  3 18 539189   -4.43871  -71.64418     3547  19.4  0  0  5 10 0 0 1 0 1 0 0 0 0 0 1 1 0 1
2014   2 28  8  3 18 560562   -4.45161  -71.69348     3797  53.1  1  0  7 21 0 0 1 1 1 0 0 1 0 0 1 1 0 1
2014   2 28  8  3 19 258718  -10.47153  -57.09021     3523  20.5  0  0  5  8 0 0 1 1 1 0 0 0 0 0 1 1 0 0
2014   2 28  8  3 19 605196  -31.95697 -107.37091    10103  55.0  1  0  6 15 0 0 1 1 1 0 0 0 0 0 1 1 0 1
2014   2 28  8  3 20 816908  -21.48116  -45.88712     3590  47.7  1  0  6 14 0 0 1 1 1 0 0 1 0 0 1 0 0 1
2014   2 28  8  3 20 855698  -21.48145  -45.87907     3561  49.1  1  0  6 15 0 0 1 1 1 0 0 1 0 0 1 0 0 1
2014   2 28  8  3 21 536282   -1.88098    3.27998    26479  69.0  2  0  6 15 0 0 1 1 1 0 0 1 0 0 1 0 0 1
2014   2 28  8  3 22 450228  -22.82578  -45.65102     4305  74.6  2  0  6 15 0 0 1 1 1 0 0 1 0 0 1 0 0 1
2014   2 28  8  3 23 290923  -21.28527  -46.11657     4904  56.1  2  0  5  9 0 0 1 1 1 0 0 1 0 0 0 0 0 1
2014   2 28  8  3 23 301136  -21.23370  -46.24912     4429  90.4  2  0  6 14 0 0 0 1 1 0 0 1 0 1 1 0 0 1
2014   2 28  8  3 23 510178  -12.60631  157.14328     8709   8.1  0  0  4  6 0 0 1 0 0 0 0 1 0 0 1 1 0 0
2014   2 28  8  3 23 578418    1.67221  -23.52541    36166  76.1  2  0  6 15 0 0 1 1 1 0 0 0 0 0 1 1 0 1
2014   2 28  8  3 23 833376  -12.31825  155.88083    14117 100.6  2  0  7 21 0 0 1 1 1 0 0 1 0 0 1 1 0 1
2014   2 28  8  3 23 937916  -16.00482  -51.64801     3393  70.8  2  0  7 21 0 0 1 1 1 0 0 0 0 1 1 1 0 1
2014   2 28  8  3 24 547472    4.67582  -83.89991     6888  44.8  1  0  5 10 0 0 1 0 1 0 0 0 0 1 0 1 0 1
2014   2 28  8  3 24 997726  -14.61795  158.15434    91467  76.2  2  0  5 10 0 0 0 1 1 0 0 1 0 1 0 0 0 1
2014   2 28  8  3 25 568674  -11.16467  166.71544    20906 117.2  2  0  7 21 0 0 1 1 1 0 0 1 0 0 1 1 0 1
2014   2 28  8  3 25 948670   -7.48235  176.68336    25076 119.1  2  0  7 20 0 0 1 1 1 0 0 1 0 0 1 1 0 1
2014   2 28  8  3 27 155602   -2.67268  145.37706    20397  42.0  1  0  5  9 0 0 1 1 1 0 0 1 0 0 1 0 0 0
2014   2 28  8  3 27 176975  -66.29655 -138.82950    42625   6.0  0  0  4  6 0 0 1 1 0 0 0 0 0 0 1 1 0 0
2014   2 28  8  3 27 194635   -2.41979  145.20001    18608  42.3  1  0  5 10 0 0 1 1 1 0 0 1 0 0 1 0 0 0
2014   2 28  8  3 28 454394   -9.65044  161.65102     7172  25.0  0  0  6 15 0 0 1 1 1 0 0 1 0 0 1 1 0 0
2014   2 28  8  3 28 959664   -3.30902  149.83922     8380  45.2  1  0  5 10 0 0 1 1 1 0 0 1 0 0 0 1 0 0
2014   2 28  8  3 29 442798  -21.32457  -46.33886     3227  19.8  0  0  5  8 0 0 0 1 1 0 0 1 0 0 1 0 0 1
2014   2 28  8  3 29 451709  -21.98532  -50.48816     3469  62.6  1  0  7 17 0 0 1 1 1 0 0 1 0 1 1 0 0 1
2014   2 28  8  3 29 462646  -21.31501  -46.31294     2651  17.3  0  0  6 15 0 0 1 1 1 0 0 1 0 0 1 0 0 1
2014   2 28  8  3 30 125653    7.16536  -77.72673     8993  39.7  1  0  5  8 0 0 0 1 1 0 0 1 0 0 1 1 0 0
2014   2 28  8  3 30 519618    0.67191    8.02341    15013   4.8  0  0  4  6 0 0 1 0 0 0 0 1 0 0 1 0 0 1
2014   2 28  8  3 31 525831    3.91400  -82.94469    11478  20.1  0  0  6 15 0 0 0 1 1 0 0 1 0 1 1 0 0 1
2014   2 28  8  3 31 645731  -32.34847 -133.49040    10416  40.6  0  0  7 21 0 0 1 1 1 0 0 1 0 1 0 1 0 1
2014   2 28  8  3 31 683641  -32.25596 -134.32771    14058  28.6  0  0  5 10 0 0 1 0 0 0 0 1 0 0 1 1 0 1
2014   2 28  8  3 31 724203  -13.01910  157.12399     6502  33.2  0  0  7 21 0 0 1 0 1 0 0 1 0 1 1 1 0 1
2014   2 28  8  3 31 809875  -34.22720 -175.32364   153662  36.3  1  0  5 10 0 0 1 1 1 0 0 1 0 0 0 0 0 1
2014   2 28  8  3 31 959943  -12.82897  156.70035     8511  51.2  1  0  7 21 0 0 1 1 1 0 0 1 0 0 1 1 0 1
2014   2 28  8  3 32 684544  -12.27534  -71.61304     2971  21.0  0  0  6 15 0 0 1 1 1 0 0 0 0 0 1 1 0 1
2014   2 28  8  3 32 896951   -4.49266  -71.68954     3698  49.4  0  0  7 21 0 0 1 1 1 0 0 1 0 0 1 1 0 1
2014   2 28  8  3 32 916488   -4.48162  -71.66339     3703  49.6  0  0  7 21 0 0 1 1 1 0 0 1 0 0 1 1 0 1
2014   2 28  8  3 33 489017  -21.22927  -47.20466     3099  57.4  1  0  7 21 0 0 1 1 1 0 0 1 0 1 1 1 0 0
2014   2 28  8  3 33 559772  -21.26828  -47.19604     3614  56.5  1  0  6 13 0 0 0 1 1 0 0 1 0 1 1 0 0 1
2014   2 28  8  3 33 734704  -12.20410  -71.72952     3648  51.8  1  0  7 21 0 0 1 0 1 0 0 0 0 1 1 1 1 1
2014   2 28  8  3 33 970042  -12.21577  -71.45280    14773  49.1  1  0  6 11 0 0 1 1 1 0 0 1 0 0 1 0 0 1
2014   2 28  8  3 34 243114  -21.33725  -47.05842     3175  31.9  0  0  6 13 0 0 1 1 1 0 0 1 0 0 1 0 0 1
2014   2 28  8  3 34 430511  -12.24320  155.97780    12977  70.4  2  0  6 15 0 0 1 1 1 0 0 1 0 0 1 1 0 0
2014   2 28  8  3 34 858578  -12.03314  -71.72882     3942  65.4  1  0  7 21 0 0 1 1 1 0 0 1 0 0 1 1 0 1
2014   2 28  8  3 34 918305   -5.16144  148.52374    56865  39.8  1  0  5 10 0 0 1 0 1 0 0 1 0 0 1 0 0 1
2014   2 28  8  3 35  32279    6.87925  -76.72799     7836  71.8  2  0  6 12 0 0 1 1 1 0 0 1 0 0 1 1 0 0
2014   2 28  8  3 36 801278   -0.85369  -71.58997     4946  80.8  2  0  7 21 0 0 1 1 1 0 0 1 0 1 1 1 0 0
2014   2 28  8  3 36 903166   31.39515 -125.74615    14720  72.6  2  0  7 21 0 0 1 1 1 0 0 1 0 1 0 1 0 1
2014   2 28  8  3 37  32234   34.04291 -130.24998    17606   6.3  0  0  4  6 0 0 1 1 0 0 0 0 0 0 1 0 0 1
2014   2 28  8  3 37 995958  -21.31206  -46.13128     3794  56.6  1  0  6 15 0 0 1 1 1 0 0 1 0 0 1 0 0 1
2014   2 28  8  3 38 503775  -11.69821  -72.66088     4048  48.0  1  0  6 15 0 0 1 1 1 0 0 0 0 0 1 1 0 1
2014   2 28  8  3 38 525831  -11.79467  -72.83469     4742  89.6  2  0  7 21 0 0 1 1 1 0 0 1 0 0 1 1 0 1
2014   2 28  8  3 38 921766  -11.69239  -72.67825     4112  49.4  1  0  6 15 0 0 1 1 1 0 0 0 0 0 1 1 0 1
2014   2 28  8  3 39 126894  -11.70021  -72.64383     5124  54.1  2  0  5 10 0 0 1 1 1 0 0 0 0 0 1 1 0 0
2014   2 28  8  3 39 211242  -12.16568  -72.31268     7265  78.3  2  0  6 15 0 0 1 1 1 0 0 1 0 0 1 0 0 1
2014   2 28  8  3 39 340217  -11.74322  -72.67934     3645  50.5  1  0  7 20 0 0 1 1 1 0 0 0 0 1 1 1 0 1
2014   2 28  8  3 40 937285  -16.57468  -51.55789     3572  28.4  0  0  5  9 0 0 1 0 1 0 0 1 0 0 1 0 0 1
2014   2 28  8  3 41 200040  -30.29257  -40.92321     6076  84.7  2  0  6 15 0 0 1 1 1 0 0 1 0 0 1 0 0 1
2014   2 28  8  3 41 856687  -21.41096  -46.74861     5362  64.3  2  0  5  8 0 0 0 1 1 0 0 1 0 0 1 0 0 1
2014   2 28  8  3 42 487270  -29.32137  -55.89301     6255  25.3  0  0  5 10 0 0 0 1 1 0 0 1 0 0 1 0 0 1
2014   2 28  8  3 42 503911  -21.21172  -46.28328     4547 128.1  2  0  7 21 0 0 1 1 1 0 0 1 0 1 1 0 0 1
2014   2 28  8  3 42 570917  -23.48917  -45.49637     6786 110.8  2  0  6 15 0 0 1 1 1 0 0 1 0 0 1 0 0 1
2014   2 28  8  3 42 681274   -3.10382  -70.85120     4484  79.0  2  0  7 21 0 0 1 1 1 0 0 0 0 1 1 1 0 1
2014   2 28  8  3 42 713821   -3.15399  -71.26516     5899 116.6  2  0  7 21 0 0 1 1 1 0 0 1 0 0 1 1 0 1
2014   2 28  8  3 42 847986  -11.09444  -55.99754     4759  63.5  2  0  6 14 0 0 1 1 1 0 0 1 0 0 1 0 0 1
2014   2 28  8  3 43 187309  -21.75791 -140.01572    24699 126.9  2  0  7 21 0 0 1 1 1 0 0 1 0 0 1 1 0 1
2014   2 28  8  3 43 595109  -21.46071  -46.38594     5065  54.5  2  0  5  7 0 0 1 1 0 0 0 1 0 0 1 0 0 1
2014   2 28  8  3 43 671834  -21.42998  -46.31093     4460  80.0  2  0  6 15 0 0 1 1 1 0 0 1 0 0 1 0 0 1
2014   2 28  8  3 43 862363  -11.94628  155.08279    16732 125.7  2  0  7 21 0 0 1 1 1 0 0 1 0 0 1 1 0 1
2014   2 28  8  3 44 521121  -13.14998  157.19940     6294  30.6  0  0  7 21 0 0 1 1 1 0 0 1 0 0 1 1 0 1
2014   2 28  8  3 45 490010  -20.49053  -46.22791     2638  27.7  0  0  7 21 0 0 1 1 1 0 0 1 0 0 1 1 0 1
2014   2 28  8  3 45 906157   -6.81049  -74.06342     4721  35.1  1  0  5  9 0 0 1 1 0 0 0 1 0 0 1 1 0 0
2014   2 28  8  3 46 212681    2.07322  -97.43216     9332  31.5  0  0  6 15 0 0 0 1 1 0 0 1 0 0 1 1 0 1
2014   2 28  8  3 46 438813  -14.83438  163.47647     8126  37.7  0  0  7 21 0 0 1 1 1 0 0 1 0 0 1 1 0 1
2014   2 28  8  3 46 574816   -4.27401  148.17233     4656  16.1  0  0  5 10 0 0 0 1 1 0 0 1 0 0 1 1 0 0
2014   2 28  8  3 47 539603  -21.29498  -46.28957     3435  32.5  1  0  5 10 0 0 0 1 1 0 0 1 0 0 1 0 0 1
2014   2 28  8  3 48 730659  -12.52168  156.83678     9078  11.5  0  0  4  6 0 0 1 0 0 0 0 1 0 0 1 1 0 0
2014   2 28  8  3 48 974796    6.02018  -82.61825     4846  47.9  0  0  7 21 0 0 1 1 1 0 0 1 0 0 1 1 0 1
2014   2 28  8  3 49 324334   -7.68109    7.55146    67589  61.0  2  0  5  7 0 0 1 1 0 0 0 1 0 0 1 0 0 1
2014   2 28  8  3 49 845016  -34.05479  -37.73502     4458  54.6  1  0  7 21 0 0 1 1 1 0 0 1 0 0 1 1 0 1
2014   2 28  8  3 49 855395  -34.10282  -37.68800     4964  47.0  1  0  6 15 0 0 1 1 1 0 0 1 0 0 1 0 0 1
2014   2 28  8  3 50 609726    4.89056  149.44838    12145  78.1  2  0  6 15 0 0 1 1 1 0 0 1 0 0 1 1 0 0
2014   2 28  8  3 51 321001    0.92853  -13.23858    18319  81.0  2  0  6 15 0 0 1 1 0 0 0 1 0 0 1 1 0 1
2014   2 28  8  3 51 458414    4.89131  149.29565    10486  81.4  2  0  7 21 0 0 1 1 1 0 0 1 0 0 1 1 0 1
2014   2 28  8  3 52 572806   -4.32678  147.67691     3681  33.5  0  0  6 12 0 0 1 1 0 0 0 1 1 0 1 0 0 1
2014   2 28  8  3 52 630806   -4.17871  147.48100    21059  39.1  0  0  6 15 0 0 1 1 1 0 0 1 0 0 1 0 0 1
2014   2 28  8  3 52 842835    1.63937    3.18875    22854  94.4  2  0  6 15 0 0 1 1 0 0 0 1 0 0 1 1 0 1
2014   2 28  8  3 53 177266   18.66625  -91.30093     9790  73.8  2  0  7 21 0 0 1 1 1 0 0 1 0 0 1 1 0 1
2014   2 28  8  3 54 154504    5.76192  154.87358     8913  39.3  0  0  6 15 0 0 1 1 1 0 0 0 0 0 1 1 0 1
2014   2 28  8  3 55 598512  -14.71617  -43.49588     3054  42.5  1  0  6 15 0 0 1 1 1 0 0 1 0 0 1 0 0 1
2014   2 28  8  3 55 707860  -21.35943  -46.20972     3708  42.1  1  0  5 10 0 0 1 0 1 0 0 1 0 0 1 0 0 1
2014   2 28  8  3 55 725418  -20.69880  -46.13584     3865  91.5  2  0  7 21 0 0 1 1 1 0 0 1 0 0 1 1 0 1
2014   2 28  8  3 56  79949    5.14969  -72.48746     5996  94.2  2  0  7 21 0 0 1 1 1 0 0 1 0 0 1 1 0 1
2014   2 28  8  3 56 145891   -0.15654  -69.19619    10353  80.6  2  0  6 15 0 0 1 1 1 0 0 1 0 0 1 0 0 1
2014   2 28  8  3 57 420001  -12.05568  155.44841    19925 117.5  2  0  6 15 0 0 1 1 1 0 0 1 0 0 1 1 0 0
2014   2 28  8  3 58 392123  -13.32507  -38.90309    46072  73.1  2  0  5 10 0 0 1 0 1 0 0 1 0 0 1 0 0 1
2014   2 28  8  3 59 804892  -20.51267  -46.09901     4373 116.0  2  0  7 21 0 0 1 1 1 0 0 1 0 0 1 1 0 1
2014   2 28  8  4  0 226485  -21.28255  -46.33352     2734  12.2  0  0  5 10 0 0 1 1 1 0 0 1 0 0 0 0 0 1
2014   2 28  8  4  0 435418   -4.69114  -71.57630     3210   6.7  0  0  6 15 0 0 1 1 1 0 0 1 0 1 0 0 0 1
2014   2 28  8  4  1 297963   -4.25913  -71.20615     3211   6.3  0  0  6 15 0 0 1 1 1 0 0 1 0 1 0 0 0 1
2014   2 28  8  4  2 418947  -30.79191  -41.64581     2884  15.0  0  0  6 15 0 0 1 1 1 0 0 1 0 1 0 0 0 1
2014   2 28  8  4  2 430659  -30.78223  -41.65853     3788  18.7  0  0  5 10 0 0 1 1 1 0 0 1 0 0 0 0 0 1
2014   2 28  8  4  2 439672  -30.77611  -41.69007     3832  19.4  0  0  5 10 0 0 1 1 1 0 0 1 0 0 0 0 0 1
2014   2 28  8  4  3 410655  -28.67349 -137.44859    22421  23.9  0  0  5 10 0 0 1 1 0 0 0 1 0 1 0 0 0 1
2014   2 28  8  4  3 493484  -26.70957 -132.67375    34369  27.6  1  0  4  6 0 0 1 1 1 0 0 1 0 0 0 0 0 0
2014   2 28  8  4  3 642594    1.91691    6.95258    16529  23.7  0  0  5 10 0 0 1 1 1 0 0 1 0 0 0 0 0 1
2014   2 28  8  4  3 984895   -8.20052  -61.45844     3759  29.4  0  0  6 15 0 0 1 1 1 0 0 1 0 1 0 0 0 1
2014   2 28  8  4  5 406703  -22.33134  -46.10663     3408  36.9  1  0  5 10 0 0 1 1 1 0 0 1 0 0 0 0 0 1
2014   2 28  8  4  5 971000  -25.25735  -44.60446     2833  26.0  0  0  6 15 0 0 1 1 1 0 0 1 0 1 0 0 0 1
2014   2 28  8  4  6  58650  -25.25775  -44.62645     3545  30.9  1  0  5  9 0 0 1 1 1 0 0 1 0 0 0 0 0 1
2014   2 28  8  4  6 514119  -22.52221 -139.01584    36891  52.3  2  0  5 10 0 0 1 1 1 0 0 1 0 0 0 0 0 1
2014   2 28  8  4  7 114079  -32.35158 -136.67963   210386  64.4  2  0  5 10 0 0 0 1 1 0 0 1 0 1 0 0 0 1
2014   2 28  8  4  7 401186   -5.26312  -70.28003     6755   1.6  0  0  4  6 0 0 1 1 1 0 0 0 0 1 0 0 0 0
2014   2 28  8  4  8 321350    3.60718  -83.44477    10978  60.5  2  0  6 15 0 0 1 1 1 0 0 1 0 1 0 0 0 1
2014   2 28  8  4  8 396147    3.60735  -83.44221    11057  61.1  2  0  6 15 0 0 1 1 1 0 0 1 0 1 0 0 0 1
2014   2 28  8  4 12 507919   -8.57442  149.29350    44689  97.1  2  0  6 15 0 0 1 1 1 0 0 1 0 1 0 0 0 1
2014   2 28  8  4 13 163361  -25.31446  -44.79486     3899  35.5  1  0  5  9 0 0 1 1 1 0 0 0 0 1 0 0 0 1
2014   2 28  8  4 13 222028  -25.32973  -44.82787     3395  46.7  1  0  6 15 0 0 1 1 1 0 0 1 0 1 0 0 0 1
2014   2 28  8  4 13 366378  -25.32354  -44.82446     3793  49.1  1  0  6 14 0 0 1 1 1 0 0 1 0 1 0 0 0 1
2014   2 28  8  4 18  10818    4.72501  -73.78415    11759   6.2  0  0  5 10 0 0 0 1 1 0 0 1 0 1 0 0 0 1
2014   2 28  8  4 22 331725  -33.27571  -40.31560     8593  14.6  0  0  5 10 0 0 0 1 1 0 0 1 0 1 0 0 0 1
2014   2 28  8  4 22 897537  -12.57297  -74.14240    10607  18.6  0  0  5  8 0 0 0 1 1 0 0 1 0 1 0 0 0 1
2014   2 28  8  4 23 983244  -24.62705  -45.27499     7629  41.1  1  0  5 10 0 0 0 1 1 0 0 1 0 1 0 0 0 1
2014   2 28  8  4 26   1413  -18.60040  163.24945    97149  64.4  2  0  5 10 0 0 0 1 1 0 0 1 0 1 0 0 0 1
2014   2 28  8  4 27 863874  -24.77620  -45.25394    10155  58.1  2  0  5  9 0 0 0 1 1 0 0 1 0 1 0 0 0 1
2014   2 28  8  4 28 290717  -25.08558  -45.28975     8328  52.9  2  0  5  9 0 0 0 1 1 0 0 1 0 1 0 0 0 1
2014   2 28  8  4 28 306233  -24.93999  -45.34169     9458  58.7  2  0  5 10 0 0 0 1 1 0 0 1 0 1 0 0 0 1
2014   2 28  8  4 28 764772  -30.06649  -42.24809     7584  20.0  0  0  5 10 0 0 0 1 1 0 0 1 0 1 0 0 0 1
2014   2 28  8  4 28 797404  -30.08369  -42.26410    11359  22.0  1  0  4  6 0 0 0 1 0 0 0 1 0 1 0 0 0 1
