2014   2 28  7 14 26 118392  -12.25943  -72.96007     3702  11.6  0  0  4  6 0 0 1 0 0 0 0 0 0 1 1 1 0 0
2014   2 28  7 14 40  92947  -30.39414  -41.50809     2966  15.2  0  0  6 15 0 0 1 1 1 0 0 1 0 0 1 0 0 1
2014   2 28  7 14 40 261180   -9.74111  160.20015     5915  22.6  0  0  7 16 0 0 1 1 1 0 0 1 0 1 1 1 0 0
2014   2 28  7 14 40 295623  -10.25474  160.85526     7788  20.0  0  0  6 14 0 0 1 1 1 0 0 1 0 0 1 1 0 0
2014   2 28  7 14 40 427512  -10.52482  162.27409    19965  11.8  0  0  5 10 0 0 1 1 1 0 0 0 0 0 1 1 0 0
2014   2 28  7 14 41 170611   -9.72965  160.15027     8103  22.0  0  0  5 10 0 0 1 0 1 0 0 1 0 0 1 1 0 0
2014   2 28  7 14 41 442870  -12.01413  -73.04382     2797  22.0  0  0  7 21 0 0 1 1 1 0 0 1 0 0 1 1 0 1
2014   2 28  7 14 41 451460   -1.29412    4.44840    11175  28.7  0  0  6 12 0 0 1 1 1 0 0 1 0 0 1 1 0 0
2014   2 28  7 14 41 816067    1.39459    5.95714    12981  11.4  0  0  5  9 0 0 1 0 1 0 0 1 0 0 1 0 0 1
2014   2 28  7 14 41 977177  -12.09237  -73.08739     2878  25.2  0  0  7 21 0 0 1 1 1 0 0 1 0 0 1 1 0 1
2014   2 28  7 14 42 197099   -0.13750   -0.80640    15552  15.3  0  0  5  8 0 0 1 1 1 0 0 1 0 0 0 0 0 1
2014   2 28  7 14 42 869752   -1.59338    3.84119    11106  14.7  0  0  6 11 0 0 1 1 1 0 0 1 0 0 1 0 0 1
2014   2 28  7 14 43 253822   -7.25007    8.80145    13217  22.7  0  0  5 10 0 0 1 1 1 0 0 1 0 0 0 0 0 1
2014   2 28  7 14 43 348275  -33.46746   17.93317    10962   6.2  0  0  4  6 0 0 1 0 0 0 0 1 0 0 1 0 0 1
2014   2 28  7 14 43 743711  -21.34917  -45.90958     3515  19.9  0  0  5  8 0 0 1 1 1 0 0 0 0 0 1 0 0 1
2014   2 28  7 14 44 671434  -14.50343  -43.96442     3109  37.8  0  0  6 13 0 0 1 1 1 0 0 1 0 0 0 1 0 1
2014   2 28  7 14 44 916431  -21.15781  -46.54765     3386  47.8  0  0  7 16 0 0 1 1 0 0 0 1 0 1 1 1 0 1
2014   2 28  7 14 45  54566  -25.18421 -136.92186     8714  39.0  0  0  7 21 0 0 1 1 0 0 0 1 0 1 1 1 0 1
2014   2 28  7 14 45  87132  -25.25704 -134.67848     9219  38.0  0  0  7 21 0 0 1 0 1 0 0 1 0 1 1 1 0 1
2014   2 28  7 14 45 106068  -25.77698 -133.59534    20422  38.5  0  0  6 15 0 0 1 1 1 0 0 1 0 0 1 0 0 1
2014   2 28  7 14 45 169411  -25.22313 -134.05272    10193  19.4  0  0  5 10 0 0 1 0 1 0 0 0 0 0 1 1 0 1
2014   2 28  7 14 45 808673   -8.49164  174.35544    76334  52.5  2  0  5 10 0 0 0 1 1 0 0 1 0 1 1 0 0 0
2014   2 28  7 14 45 926331  -13.50951  -71.81467     5929  28.3  0  0  5 10 0 0 0 1 1 0 0 1 0 0 0 1 0 1
2014   2 28  7 14 46  39298    6.64411  -78.15355     4776  53.1  1  0  7 21 0 0 1 1 0 0 0 1 0 1 1 1 0 1
2014   2 28  7 14 46 319647  -13.17628  -71.29078     4284  57.5  1  0  6 15 0 0 1 1 1 0 0 1 0 0 1 1 0 0
2014   2 28  7 14 46 494554  -29.44817 -133.00772    27869  50.8  1  0  6 15 0 0 1 1 1 0 0 1 0 0 1 0 0 1
2014   2 28  7 14 46 699799  -22.63382  -45.68638     3489  51.0  1  0  6 14 0 0 1 1 1 0 0 1 0 0 1 0 0 1
2014   2 28  7 14 47 772179  -20.92224  -47.18876     3552  73.7  2  0  7 21 0 0 1 0 1 0 0 1 0 0 1 1 1 1
2014   2 28  7 14 48  61540  -20.95129  -47.28347     4803  85.9  2  0  6 14 0 0 1 1 1 0 0 1 0 0 0 1 0 1
2014   2 28  7 14 48 463402  -20.16281 -145.02319    11084  26.2  0  0  5 10 0 0 1 1 0 0 0 1 0 0 1 1 0 0
2014   2 28  7 14 48 475520  -21.27786 -142.02177    34276  66.4  2  0  6 15 0 0 1 1 1 0 0 1 0 0 1 0 0 1
2014   2 28  7 14 48 616144  -20.39936 -143.94899    18784  45.7  1  0  5 10 0 0 1 0 0 0 0 1 0 0 1 1 0 1
2014   2 28  7 14 48 714193  -33.65591   15.67444    34545  54.7  2  0  5 10 0 0 1 1 1 0 0 0 0 0 1 0 0 1
2014   2 28  7 14 49 478666  -29.83833  -42.36525     3581  19.0  0  0  5 10 0 0 1 1 1 0 0 1 0 0 0 0 0 1
2014   2 28  7 14 49 601969  -14.54617  -44.02443     3500  66.3  1  0  7 17 0 0 1 1 1 0 0 1 0 0 1 1 0 1
2014   2 28  7 14 50 203703  -14.07090  -44.47522     3882  74.1  2  0  6 15 0 0 1 1 1 0 0 1 0 0 1 0 0 1
2014   2 28  7 14 50 256608  -10.65085  -57.04276     4102  77.3  2  0  7 21 0 0 1 0 1 0 0 1 0 1 1 1 0 1
2014   2 28  7 14 50 549821  -11.71161  -56.44121     6761  51.1  1  0  6 13 0 0 1 1 1 0 0 0 0 1 1 0 0 1
2014   2 28  7 14 50 861188  -30.20494  -42.02601     4314  61.9  1  0  7 21 0 0 1 1 1 0 0 1 0 1 1 0 0 1
2014   2 28  7 14 50 922531  -30.19122  -42.23983     3437  18.1  0  0  5 10 0 0 1 1 1 0 0 0 0 1 0 0 0 1
2014   2 28  7 14 51 230113  -21.16771  -47.12548     4267 112.8  2  0  7 21 0 0 1 1 1 0 0 1 0 0 1 1 0 1
2014   2 28  7 14 52 107821  -10.54001  -58.08455     4577  93.9  2  0  7 21 0 0 0 1 1 0 0 1 0 1 1 1 0 1
2014   2 28  7 14 52 174078  -10.46568  -57.70847     4545  90.8  2  0  7 20 0 0 1 0 1 0 0 1 0 1 1 1 0 1
2014   2 28  7 14 52 278109  -10.60493  -58.11122     4658  96.5  2  0  7 21 0 0 0 1 1 0 0 1 0 1 1 1 0 1
2014   2 28  7 14 53 533707  -31.96042  -41.57089     6726  15.2  0  0  5 10 0 0 0 0 1 0 0 1 0 1 1 0 0 1
2014   2 28  7 14 54 246068  -28.87968  -42.97363     3916  48.6  0  0  7 17 0 0 0 1 1 0 0 1 0 1 1 1 0 1
2014   2 28  7 14 54 781551  -22.62586  -45.59305     2839   6.3  0  0  4  6 0 0 1 0 0 0 0 1 0 0 1 0 0 1
2014   2 28  7 14 55 379723   -8.86142  159.16342    17497 109.2  2  0  6 15 0 0 1 1 1 0 0 1 0 0 1 1 0 0
2014   2 28  7 14 56  79451  -21.20068  -47.15527     3224  11.5  0  0  5  9 0 0 1 0 0 0 0 1 0 1 1 1 0 0
2014   2 28  7 15  0 243843  -20.71381  -47.10065     3383  33.6  1  0  5 10 0 0 0 1 1 0 0 1 0 0 1 0 0 1
2014   2 28  7 15  0 384418  -38.96776  -39.42146    10663  53.6  2  0  5 10 0 0 1 1 1 0 0 1 0 0 0 0 0 1
2014   2 28  7 15  0 465148  -20.56882  -47.17749     4280  37.7  1  0  5 10 0 0 1 0 1 0 0 0 0 1 1 1 0 0
2014   2 28  7 15  0 479730  -29.84463  -41.68150     5691  47.2  1  0  6 15 0 0 0 1 1 0 0 1 0 1 1 0 0 1
2014   2 28  7 15  0 615251  -29.84986  -41.67634     3637  45.0  0  0  7 21 0 0 1 1 1 0 0 1 0 1 1 0 0 1
2014   2 28  7 15  0 626443  -29.88701  -41.56623     3937  38.0  0  0  6 15 0 0 1 1 1 0 0 1 0 0 1 0 0 1
2014   2 28  7 15  0 663502  -29.95853  -41.52945     3937  38.0  0  0  6 15 0 0 1 1 1 0 0 1 0 0 1 0 0 1
2014   2 28  7 15  2  46903  -21.13103  -46.73709     4452  62.0  2  0  6 11 0 0 1 1 0 0 0 1 0 1 1 1 0 0
2014   2 28  7 15  2 499236  -21.19446  -46.69662     3384  40.6  1  0  6 14 0 0 1 1 1 0 0 1 0 0 1 0 0 1
2014   2 28  7 15  2 612524  -21.10803  -46.85654     3282  65.5  1  0  7 21 0 0 1 0 1 0 0 1 0 1 1 1 0 1
2014   2 28  7 15  2 917068  -21.11106  -46.80145     3381  71.2  2  0  7 19 0 0 0 1 1 0 0 1 0 1 1 1 0 1
2014   2 28  7 15  2 928707  -21.15864  -46.74217     4348  71.4  2  0  6 12 0 0 0 1 1 0 0 1 0 1 1 0 0 1
2014   2 28  7 15  3 141904  -21.11830  -46.78483     3321  68.4  1  0  7 21 0 0 1 1 1 0 0 1 0 1 1 0 0 1
2014   2 28  7 15  3 258243    6.16486  -72.99482    18336  61.2  2  0  5  9 0 0 1 1 1 0 0 1 0 0 1 0 0 0
2014   2 28  7 15  3 402466  -21.18147  -46.63152     3496  44.0  1  0  6 14 0 0 1 1 1 0 0 1 0 0 1 0 0 1
2014   2 28  7 15  3 552553  -21.13959  -46.67248     5139  48.1  1  0  5  8 0 0 1 1 1 0 0 0 0 0 1 0 0 1
2014   2 28  7 15  3 849470  -16.27403  -51.74747     3091  56.1  1  0  7 21 0 0 1 1 1 0 0 0 0 1 1 1 0 1
2014   2 28  7 15  4 130811  -16.22401  -51.72598     3328  59.2  1  0  7 18 0 0 1 1 1 0 0 0 0 1 1 1 0 1
2014   2 28  7 15  4 466389  -30.10443  -41.48017     4473  68.9  1  0  7 21 0 0 1 1 1 0 0 1 0 1 1 0 0 1
2014   2 28  7 15  4 763033  -30.41644  -41.03994     4030  13.2  0  0  4  6 0 0 1 1 0 0 0 0 0 0 1 0 0 1
2014   2 28  7 15  5 108558  -30.43511  -40.99349     4012  12.9  0  0  4  6 0 0 1 1 0 0 0 0 0 0 1 0 0 1
2014   2 28  7 15  5 419966  -19.18694 -143.10088    10889  10.1  0  0  4  6 0 0 1 0 0 0 0 1 0 0 1 1 0 0
2014   2 28  7 15  6  86770  -20.71679  -49.94096     3069  50.8  1  0  7 18 0 0 1 0 1 0 0 1 0 1 1 1 0 1
2014   2 28  7 15  6 845186  -10.93347  -56.54918     5929  93.7  2  0  6 14 0 0 0 1 1 0 0 1 0 0 1 1 0 1
2014   2 28  7 15  7  18346  -13.47166  -70.44805     5527  77.1  2  0  7 21 0 0 1 1 1 0 0 1 0 1 1 0 0 1
2014   2 28  7 15  7 524321  -18.91234 -141.16293    18984  98.4  2  0  7 21 0 0 1 1 1 0 0 1 0 0 1 1 0 1
2014   2 28  7 15  7 711360    2.58444   -2.55754    17131  63.3  2  0  6 15 0 0 1 1 1 0 0 0 0 0 1 1 0 1
2014   2 28  7 15  8 552957  -11.92082  -72.85072     4613  64.0  2  0  6 15 0 0 1 0 1 0 0 0 0 1 1 1 0 1
2014   2 28  7 15  8 843269    7.10026  -73.12625     5283  69.1  1  0  7 20 0 0 1 1 1 0 0 0 0 1 1 1 0 1
2014   2 28  7 15  9  21266   -4.50966  -71.04704     4586  63.6  2  0  6 15 0 0 1 1 1 0 0 0 0 1 1 1 0 0
2014   2 28  7 15  9 110136   -4.51169  -71.18756     4569  44.5  1  0  5 10 0 0 1 1 1 0 0 0 0 0 0 1 0 1
2014   2 28  7 15  9 268653   -4.53534  -71.10261     3337   8.8  0  0  4  6 0 0 1 1 1 0 0 0 0 0 0 1 0 0
2014   2 28  7 15  9 327941   -4.41736  -70.86549     9170  46.5  1  0  5  7 0 0 1 1 1 0 0 0 0 0 1 1 0 0
2014   2 28  7 15  9 408694   -4.55784  -71.03573     4161  20.0  1  0  4  6 0 0 1 1 0 0 0 0 0 1 0 1 0 0
2014   2 28  7 15  9 648769   14.53900 -105.84554    17125  36.1  1  0  5 10 0 0 0 1 1 0 0 0 0 0 1 1 0 1
2014   2 28  7 15  9 881825    7.06913  -72.50777     7776  41.3  1  0  5  7 0 0 0 1 1 0 0 0 0 0 1 1 0 1
2014   2 28  7 15 10  73881  -12.29005  -72.34150     8564  97.8  2  0  6 15 0 0 1 1 1 0 0 1 0 0 1 0 0 1
2014   2 28  7 15 10 415636  -11.86720  -72.93926     5471 115.1  2  0  7 21 0 0 1 1 1 0 0 1 0 0 1 1 0 1
2014   2 28  7 15 10 807146  -33.91209  -37.77389     7669  94.7  2  0  6 15 0 0 1 1 1 0 0 1 0 0 1 0 0 1
2014   2 28  7 15 10 816691  -33.91451  -37.76954     7696  95.0  2  0  6 15 0 0 1 1 1 0 0 1 0 0 1 0 0 1
2014   2 28  7 15 10 824720  -33.91683  -37.76527     7675  94.9  2  0  6 15 0 0 1 1 1 0 0 1 0 0 1 0 0 1
2014   2 28  7 15 10 934261  -33.85508  -37.64586     6062  48.6  1  0  5 10 0 0 1 1 1 0 0 0 0 0 1 0 0 1
2014   2 28  7 15 11 373167  -33.97987  -37.73418     7836  97.4  2  0  6 15 0 0 1 1 1 0 0 1 0 0 1 0 0 1
2014   2 28  7 15 12 623734    2.49707    1.97328     7388   9.6  0  0  5 10 0 0 1 0 0 0 0 1 0 0 1 1 0 1
2014   2 28  7 15 13 358487  -33.42894 -135.03023     6739  15.2  0  0  7 19 0 0 1 1 1 0 0 1 0 0 1 1 0 1
2014   2 28  7 15 13 840060  -20.70332  -47.19885     2567   2.5  0  0  5 10 0 0 1 0 1 0 0 1 0 0 1 0 0 1
2014   2 28  7 15 13 917911  -22.38163  -45.94466     2788  15.3  0  0  5  9 0 0 0 1 1 0 0 1 0 0 1 0 0 1
2014   2 28  7 15 14    458  -30.42872  -41.32716     3790  19.7  0  0  5 10 0 0 1 1 1 0 0 1 0 0 0 0 0 1
2014   2 28  7 15 14 116372  -30.44133  -41.31155     4849  21.2  1  0  4  6 0 0 1 1 0 0 0 1 0 0 1 0 0 0
2014   2 28  7 15 15 537401    9.07329  -73.48566     8642  33.7  1  0  5 10 0 0 0 1 1 0 0 1 0 0 0 1 0 1
2014   2 28  7 15 17  42255    6.97109  -73.94636     5130  43.2  1  0  6 14 0 0 1 0 1 0 0 1 0 1 1 1 0 0
2014   2 28  7 15 17 552904  -19.67192 -141.88747    37163  60.1  2  0  5 10 0 0 0 1 0 0 0 1 0 0 1 1 0 1
2014   2 28  7 15 17 932257  -24.35860  -45.20557     3169  45.3  0  0  7 21 0 0 1 1 1 0 0 1 0 1 1 0 0 1
2014   2 28  7 15 18 477582    2.63920   -1.08114     8074  31.5  0  0  7 18 0 0 1 1 1 0 0 1 0 0 1 1 0 1
2014   2 28  7 15 18 695639  -28.38657 -133.94539    17794  64.8  2  0  6 15 0 0 1 1 1 0 0 1 0 0 1 1 0 0
2014   2 28  7 15 19  90335  -32.91219 -131.11922    43155  52.8  2  0  5 10 0 0 1 1 1 0 0 1 0 0 1 0 0 0
2014   2 28  7 15 19 341368    6.06842  143.56682     7418  67.9  1  0  7 21 0 0 1 0 1 0 0 1 0 1 1 1 0 1
2014   2 28  7 15 19 855876  -30.25624  -41.65255     8094  39.5  1  0  5  9 0 0 1 0 1 0 0 0 0 1 0 1 0 1
2014   2 28  7 15 21 982693  -30.09577  -41.45377     4518  69.3  1  0  7 21 0 0 1 1 1 0 0 1 0 1 1 0 0 1
2014   2 28  7 15 23 442956    4.06387  151.73604    11067  82.8  2  0  7 21 0 0 1 0 1 0 0 1 0 1 1 1 0 1
2014   2 28  7 15 23 700388  -10.52251  -56.72789     3236  58.2  1  0  7 20 0 0 1 1 1 0 0 0 0 1 1 1 0 1
2014   2 28  7 15 23 867416  -27.13429 -133.41069    20834  97.2  2  0  7 20 0 0 1 1 1 0 0 1 0 0 1 1 0 1
2014   2 28  7 15 23 940143  -29.63876 -125.32679    31748  26.7  1  0  4  6 0 0 1 1 0 0 0 1 0 1 0 0 0 0
2014   2 28  7 15 23 989704  -27.13672 -134.01060    26360 105.3  2  0  6 15 0 0 1 1 0 0 0 1 0 0 1 1 0 1
2014   2 28  7 15 24 228533  -11.19917  166.79210    31809 117.6  2  0  6 14 0 0 1 1 1 0 0 1 0 0 1 1 0 0
2014   2 28  7 15 24 270721  -26.90293 -135.53308    23547  62.8  2  0  5 10 0 0 1 0 0 0 0 1 0 0 1 1 0 1
2014   2 28  7 15 24 321849  -27.09852 -133.99178    26889 107.6  2  0  6 15 0 0 1 1 0 0 0 1 0 0 1 1 0 1
2014   2 28  7 15 24 337442  -21.80545 -140.06636    24519 102.1  2  0  6 15 0 0 1 1 1 0 0 1 0 1 0 1 0 0
2014   2 28  7 15 24 348695  -21.64936 -140.51393    27487 108.7  2  0  6 15 0 0 1 1 1 0 0 1 0 0 1 1 0 0
2014   2 28  7 15 24 358662  -21.70553 -131.60698    18324   1.6  0  0  4  6 0 0 0 1 0 0 0 0 0 0 1 1 0 1
2014   2 28  7 15 24 793722  -30.38182  -41.05759     5399  70.7  2  0  6 15 0 0 1 1 1 0 0 1 0 0 1 0 0 1
2014   2 28  7 15 24 840460  -30.33318  -40.99036     3744  23.6  0  0  5 10 0 0 1 1 1 0 0 0 0 0 1 0 0 1
2014   2 28  7 15 25   8575  -24.92679  -44.45111     3430  58.3  1  0  7 21 0 0 1 1 1 0 0 0 0 1 1 1 0 1
2014   2 28  7 15 26  85778  -20.71495  -46.83981     4593  63.0  2  0  5 10 0 0 0 1 1 0 0 1 0 0 1 0 0 1
2014   2 28  7 15 26 493998    5.70850  148.71065     6745   7.5  0  0  4  6 0 0 1 0 0 0 0 1 0 0 1 1 0 0
2014   2 28  7 15 27  36481  -11.50286  -71.95256     5394  30.5  1  0  5  9 0 0 0 1 1 0 0 0 0 1 1 1 0 0
2014   2 28  7 15 27 184296   10.34716  -77.77365    17380  30.8  1  0  5 10 0 0 1 1 1 0 0 0 0 0 1 0 0 1
2014   2 28  7 15 27 441925   -3.90070  -71.20028     7398 116.7  2  0  6 14 0 0 1 1 1 0 0 1 0 0 0 1 0 1
2014   2 28  7 15 27 690242  -22.37885  -46.43225     3957  38.6  1  0  5 10 0 0 1 0 0 0 0 1 0 1 1 0 1 0
2014   2 28  7 15 27 717988  -22.25769  -45.74959     4442 135.8  2  0  7 18 0 0 0 1 1 0 0 1 0 1 1 1 0 1
2014   2 28  7 15 27 741681  -22.23521  -45.75702     5611  76.7  2  0  5 10 0 0 1 0 1 0 0 0 0 1 1 0 0 1
2014   2 28  7 15 27 802372  -22.25541  -45.77352     3107  62.4  1  0  7 19 0 0 1 1 1 0 0 0 0 1 1 1 0 1
2014   2 28  7 15 27 829385  -22.29114  -45.73099     3487  67.4  2  0  6 15 0 0 1 1 1 0 0 0 0 0 1 1 0 1
2014   2 28  7 15 28 137464  -12.95065  -71.68235     2717  14.1  0  0  6 15 0 0 1 1 1 0 0 1 0 0 1 1 0 0
2014   2 28  7 15 28 164347  -12.84648  -71.65176     2558  13.3  0  0  7 21 0 0 1 0 1 0 0 1 0 1 1 1 0 1
2014   2 28  7 15 28 218172  -12.87300  -71.71778     3679  10.7  0  0  5  8 0 0 0 1 1 0 0 1 0 0 1 1 0 0
2014   2 28  7 15 28 263164  -12.85046  -71.69788     3010  13.9  0  0  7 19 0 0 0 1 1 0 0 1 0 1 1 1 0 1
2014   2 28  7 15 28 315928  -12.89062  -71.53727     3100  12.1  0  0  6 15 0 0 1 1 1 0 0 1 0 0 1 0 0 1
2014   2 28  7 15 28 371751  -12.82864  -71.63212     2481  11.3  0  0  7 21 0 0 1 1 1 0 0 0 0 1 1 1 0 1
2014   2 28  7 15 28 409819  -12.21608  -72.94373     2857  11.6  0  0  7 21 0 0 1 1 1 0 0 1 0 1 1 0 0 1
2014   2 28  7 15 28 452865  -12.90913  -71.52126     6882  15.4  0  0  5  7 0 0 0 1 1 0 0 1 0 0 1 0 0 1
2014   2 28  7 15 28 492776  -30.34793  -41.49868     2937  13.4  0  0  6 15 0 0 1 1 1 0 0 1 0 0 1 0 0 1
2014   2 28  7 15 28 520304  -30.32590  -41.64761     3537   8.3  0  0  5 10 0 0 1 0 1 0 0 1 0 0 1 0 0 1
2014   2 28  7 15 29 820485  -11.06527  -57.35627     4899  18.1  0  0  5  7 0 0 0 1 1 0 0 1 0 0 1 0 0 1
2014   2 28  7 15 29 999344   -6.14033    6.35406    10262  22.0  0  0  6 15 0 0 1 1 1 0 0 1 0 0 1 0 0 1
2014   2 28  7 15 30  79139    5.76548  -82.40483     4880  14.6  0  0  6 15 0 0 0 1 1 0 0 0 0 1 1 1 0 1
2014   2 28  7 15 30 160917  -11.01898  -57.40052     3812  16.0  0  0  5  8 0 0 0 1 1 0 0 0 0 0 1 1 0 1
2014   2 28  7 15 31  79143  -21.08104  -48.91712     2628  29.9  0  0  7 19 0 0 1 1 1 0 0 1 0 1 0 1 0 1
2014   2 28  7 15 31 459404   -1.04577  -71.54310     4367  36.0  1  0  5 10 0 0 1 1 0 0 0 1 0 0 1 1 0 0
2014   2 28  7 15 31 503453  -19.78119 -140.93088    15404  38.8  1  0  5 10 0 0 1 1 0 0 0 1 0 0 1 1 0 0
2014   2 28  7 15 32 518708  -19.11027 -141.20784    12677  43.7  1  0  6 15 0 0 1 1 1 0 0 1 0 0 1 1 0 0
2014   2 28  7 15 32 544240  -19.08450 -141.27740    18313  48.7  1  0  5 10 0 0 1 1 0 0 0 1 0 0 1 1 0 0
2014   2 28  7 15 34 218660  -20.72001 -142.60150    12002  51.9  1  0  7 21 0 0 1 1 1 0 0 1 0 0 1 1 0 1
2014   2 28  7 15 34 896263  -21.68112  -50.76325     2592  27.7  0  0  7 17 0 0 1 0 1 0 0 1 0 1 1 1 0 1
2014   2 28  7 15 35   4724  -14.49339  -43.62457     3762  27.0  0  0  5  7 0 0 1 1 1 0 0 1 0 0 0 0 0 1
2014   2 28  7 15 35 318031  -21.21760  -46.15986     3080  53.3  1  0  7 21 0 0 1 1 1 0 0 1 0 0 1 1 0 1
2014   2 28  7 15 35 661693  -30.41869  -41.20877     5346  50.8  2  0  5 10 0 0 1 1 1 0 0 1 0 0 1 0 0 0
2014   2 28  7 15 36 682103  -30.77420   21.32467    14668  17.3  0  0  5 10 0 0 1 1 1 0 0 0 0 0 1 0 0 1
2014   2 28  7 15 37 383859   -9.79429  159.84142    14471  77.8  2  0  6 15 0 0 0 1 0 0 0 1 0 1 1 1 0 1
2014   2 28  7 15 37 798624    1.78452  -83.64059     4549  24.6  0  0  5 10 0 0 1 1 1 0 0 0 0 1 0 1 0 0
2014   2 28  7 15 37 840911    1.85953  -84.01363     7610  78.8  2  0  6 15 0 0 1 1 1 0 0 1 0 0 1 1 0 0
2014   2 28  7 15 37 868226    1.84639  -83.70153     4714  45.2  0  0  7 20 0 0 1 1 1 0 0 0 0 1 1 1 0 1
2014   2 28  7 15 37 921067    1.04559  -83.10740    15498  63.2  2  0  5  9 0 0 1 1 1 0 0 1 0 0 0 0 0 1
2014   2 28  7 15 39 577238  -21.03290  -46.71693     3609  89.3  2  0  7 20 0 0 1 1 0 0 0 1 0 1 1 1 0 1
2014   2 28  7 15 39 601200  -21.13100  -46.69836     4376  90.1  2  0  6 14 0 0 0 1 1 0 0 1 0 1 1 0 0 1
2014   2 28  7 15 39 618788  -21.07482  -46.60706     3605  79.8  2  0  7 20 0 0 1 1 1 0 0 1 0 0 1 1 0 1
2014   2 28  7 15 39 632792  -21.18295  -46.48966     4635  54.0  2  0  5  9 0 0 0 1 1 0 0 1 0 0 1 0 0 1
2014   2 28  7 15 39 698253  -21.05525  -46.45572     4272  81.4  2  0  6 15 0 0 1 0 1 0 0 1 0 0 1 1 0 1
2014   2 28  7 15 39 730232  -21.14893  -46.38689     2884   3.1  0  0  4  6 0 0 1 0 0 0 0 1 0 0 1 0 0 1
2014   2 28  7 15 40 826023  -28.81055 -133.32704    19453 102.5  2  0  7 21 0 0 1 1 1 0 0 1 0 1 1 1 0 0
2014   2 28  7 15 41 196895  -24.22299 -134.80020    39940  85.3  2  0  6 15 0 0 1 1 1 0 0 1 0 0 1 0 0 1
2014   2 28  7 15 43 412962  -30.17444  -41.07786     5921  80.7  2  0  6 15 0 0 1 1 1 0 0 1 0 0 1 0 0 1
2014   2 28  7 15 43 766553  -21.02011  -46.33681     4286 113.7  2  0  7 21 0 0 1 1 1 0 0 1 0 1 1 0 0 1
2014   2 28  7 15 44 756259  -32.60442   19.96836    17601  36.6  0  0  6 12 0 0 1 1 1 0 0 1 0 0 0 1 0 1
2014   2 28  7 15 45  11412  -24.45864  -45.33365     4408   5.2  0  0  4  6 0 0 1 0 0 0 0 0 0 1 1 1 0 0
2014   2 28  7 15 45  38081  -24.46572  -45.32618     2564  15.2  0  0  7 20 0 0 1 1 1 0 0 1 0 0 1 1 0 1
2014   2 28  7 15 45  45799  -24.48285  -45.31054     2799  16.7  0  0  6 15 0 0 1 1 1 0 0 1 0 0 1 0 0 1
2014   2 28  7 15 45 363322  -24.53236  -45.31462     3264  18.3  0  0  5  9 0 0 0 1 1 0 0 1 0 0 1 0 0 1
2014   2 28  7 15 45 384719  -24.53192  -45.30380     2777   5.1  0  0  5  9 0 0 1 1 1 0 0 0 0 0 1 0 0 1
2014   2 28  7 15 45 417616  -24.59529  -45.23218     3441  21.4  0  0  5 10 0 0 0 1 1 0 0 1 0 0 1 0 0 1
2014   2 28  7 15 46 594058   23.27859  -85.23392     5812  23.9  0  0  7 21 0 0 1 1 1 0 0 1 0 0 1 1 0 1
2014   2 28  7 15 46 936268    7.54484  -72.97912     9909  28.1  1  0  4  6 0 0 0 1 0 0 0 1 0 0 0 1 0 1
2014   2 28  7 15 48 207439  -21.16188  -46.91467     3160  39.1  0  0  6 12 0 0 0 1 1 0 0 1 0 1 0 1 0 1
2014   2 28  7 15 48 331244  -30.33063  -41.59090     5349  33.2  1  0  5 10 0 0 1 0 0 0 0 1 0 1 1 0 0 1
2014   2 28  7 15 48 482904  -30.34869  -41.40353     3927  41.7  1  0  6 15 0 0 1 1 1 0 0 1 0 1 1 0 0 0
2014   2 28  7 15 49 111289  -12.32624  -71.31594     3337  45.2  0  0  7 21 0 0 1 1 1 0 0 1 0 0 1 1 0 1
2014   2 28  7 15 49 222232  -12.47721  -71.12567     4875  27.9  0  0  5  9 0 0 1 0 1 0 0 1 0 0 1 0 0 1
2014   2 28  7 15 51  96511   -5.02987  145.04962    12670  28.6  0  0  5  7 0 0 1 0 1 0 0 1 0 0 1 1 0 0
2014   2 28  7 15 51 764447  -12.30070  -72.52012     5674  54.9  1  0  6 15 0 0 1 1 1 0 0 1 0 1 1 0 0 0
2014   2 28  7 15 51 995529  -12.41223  -71.43896     5965  27.3  0  0  6 15 0 0 0 1 1 0 0 1 0 1 1 0 0 1
2014   2 28  7 15 52 101236  -11.87145  -72.73940     3243  39.0  0  0  7 21 0 0 1 1 1 0 0 0 0 1 1 1 0 1
2014   2 28  7 15 52 222055  -11.91532  -72.97626     4810  68.8  2  0  6 15 0 0 1 1 0 0 0 1 0 0 1 1 0 1
2014   2 28  7 15 52 278136  -11.87000  -72.73444     3238  39.1  0  0  7 21 0 0 1 1 1 0 0 0 0 1 1 1 0 1
2014   2 28  7 15 52 281199  -19.06985 -144.12587    37181  58.0  2  0  5 10 0 0 0 1 1 0 0 1 0 0 0 1 0 1
2014   2 28  7 15 52 327554  -22.52294  -45.71843     3662  68.7  2  0  6 15 0 0 1 1 1 0 0 1 0 0 0 1 0 1
2014   2 28  7 15 52 511115  -26.55389 -130.30180    28575  22.9  1  0  4  6 0 0 1 0 0 0 0 1 0 1 0 0 0 1
2014   2 28  7 15 52 616063  -25.17161 -132.94432    12845  51.8  1  0  6 15 0 0 1 1 1 0 0 0 0 1 1 1 0 0
2014   2 28  7 15 52 663773  -22.64665  -45.67180     3680  50.4  2  0  5 10 0 0 1 0 1 0 0 1 0 0 1 0 0 1
2014   2 28  7 15 52 950271  -20.82050 -136.88292    18181  36.6  0  0  6 15 0 0 1 1 1 0 0 1 0 1 0 0 0 1
2014   2 28  7 15 53 615629  -33.91505  -38.08278     5430  58.1  1  0  6 15 0 0 1 1 1 0 0 1 0 0 1 0 0 1
2014   2 28  7 15 53 694748    2.96022  -95.64683    19857  74.9  2  0  6 15 0 0 0 0 1 0 0 1 0 1 1 1 0 1
2014   2 28  7 15 54 155072  -19.51996 -142.10522    21559  92.0  2  0  7 16 0 0 1 0 1 0 0 1 0 0 1 1 1 1
2014   2 28  7 15 54 562637    5.80678  -71.42313     4319  53.2  1  0  7 20 0 0 1 1 1 0 0 0 0 1 1 1 0 1
2014   2 28  7 15 54 616041  -19.77548 -139.27731    14037  34.9  1  0  5 10 0 0 1 1 1 0 0 0 0 0 0 1 0 1
2014   2 28  7 15 54 782169  -19.67304 -140.66335    17344  87.9  2  0  7 21 0 0 1 1 1 0 0 1 0 0 1 1 0 1
2014   2 28  7 15 54 822561  -19.65508 -140.80930    24031  97.2  2  0  6 15 0 0 1 1 1 0 0 1 0 0 1 1 0 0
2014   2 28  7 15 54 929158   -7.83686  147.43649    11633  33.0  1  0  5  8 0 0 1 0 0 0 0 1 0 0 1 1 0 1
2014   2 28  7 15 55 198403  -19.49253 -141.66675    18517  68.9  2  0  6 15 0 0 1 0 1 0 0 1 0 0 1 1 0 1
2014   2 28  7 15 55 310688  -19.85373 -140.34320    17506  95.5  2  0  7 21 0 0 1 1 0 0 0 1 0 1 1 1 0 1
2014   2 28  7 15 55 488328    2.89237  -84.38136     7255  97.3  2  0  7 21 0 0 1 1 1 0 0 1 0 1 1 1 0 0
2014   2 28  7 15 56 678034   -4.18537  -71.41057     6540 100.2  2  0  6 15 0 0 1 0 1 0 0 1 0 1 1 1 0 0
2014   2 28  7 15 56 829712  -20.94886  -46.77180     3373  66.3  1  0  7 18 0 0 1 1 1 0 0 0 0 1 1 1 0 1
2014   2 28  7 15 56 985740  -20.65243  -47.05545     4437  94.7  2  0  6 15 0 0 1 1 1 0 0 1 0 0 0 1 0 1
2014   2 28  7 15 57 282651  -33.45823  -40.28534     5684  70.5  2  0  6 15 0 0 1 1 1 0 0 1 0 0 1 0 0 1
2014   2 28  7 15 57 502484  -20.44189  -47.13300     4728  97.8  2  0  6 14 0 0 0 1 1 0 0 1 0 0 1 1 0 1
2014   2 28  7 15 58 223842  -22.38557  -45.78981     4462  89.3  2  0  6 14 0 0 1 1 1 0 0 1 0 0 1 0 0 1
2014   2 28  7 15 58 299351  -17.09462  -51.23344     3111  15.3  0  0  4  6 0 0 1 1 0 0 0 0 0 0 1 1 0 0
2014   2 28  7 15 58 426796  -21.96440 -142.51219    10744   8.6  0  0  4  6 0 0 1 0 0 0 0 1 0 0 1 1 0 0
2014   2 28  7 15 58 545624  -22.37691  -45.73571     4552  95.8  2  0  6 15 0 0 1 1 1 0 0 1 0 0 1 0 0 1
2014   2 28  7 15 58 558527  -15.68246  -51.26878     3905  22.5  1  0  4  6 0 0 1 0 0 0 0 0 0 0 1 1 0 1
2014   2 28  7 15 58 630350  -22.40013  -45.76436     4542  92.9  2  0  6 14 0 0 1 1 1 0 0 1 0 0 1 0 0 1
2014   2 28  7 15 59 683409  -21.00991  -49.30376     4765 145.8  2  0  7 19 0 0 0 1 1 0 0 1 0 1 1 1 0 1
2014   2 28  7 15 59 867410  -24.81436  -44.50333     4863  74.6  2  0  6 15 0 0 0 1 1 0 0 0 0 1 1 1 0 1
2014   2 28  7 16  0 458611  -25.19208  -44.49898     2897   8.1  0  0  5  9 0 0 1 1 1 0 0 1 0 0 0 0 0 1
2014   2 28  7 16  0 881232  -16.35795  -51.82064     2450  15.2  0  0  7 19 0 0 1 1 1 0 0 1 0 1 1 1 0 0
2014   2 28  7 16  0 892865  -16.39129  -51.81414     2642  15.2  0  0  6 13 0 0 1 1 1 0 0 1 0 0 1 0 0 1
2014   2 28  7 16  1 162034    5.13424  -72.42898     2814  14.5  0  0  7 21 0 0 1 1 1 0 0 1 0 0 1 1 0 1
2014   2 28  7 16  2  95453  -19.81548 -140.88503    11909  13.4  0  0  4  6 0 0 1 1 1 0 0 0 0 0 0 1 0 0
2014   2 28  7 16  2 986701  -11.29495  -56.34221     4241  20.1  0  0  6 14 0 0 1 1 1 0 0 0 0 1 1 0 0 1
2014   2 28  7 16  3 672971  -16.41663  -51.71888     2782  33.3  0  0  7 21 0 0 1 1 1 0 0 1 0 1 1 0 0 1
2014   2 28  7 16  3 783463  -16.41549  -51.71711     2783  33.4  0  0  7 21 0 0 1 1 1 0 0 1 0 1 1 0 0 1
2014   2 28  7 16  3 826342  -16.40434  -51.61293     3051  16.0  0  0  5  9 0 0 0 1 1 0 0 1 0 0 1 0 0 1
2014   2 28  7 16  4 388613    5.13085  -72.02851     4076  28.1  0  0  6 12 0 0 1 1 0 0 0 0 0 1 1 1 0 1
2014   2 28  7 16  4 460545  -33.95972  -39.15509     5340  17.7  0  0  4  6 0 0 1 0 0 0 0 1 0 0 1 0 0 1
2014   2 28  7 16  6  39186  -29.97334  -41.66974     5594  32.2  1  0  5 10 0 0 1 0 1 0 0 1 0 0 1 0 0 1
2014   2 28  7 16  6  48419  -30.01578  -41.44246     3911  37.7  0  0  6 15 0 0 1 1 1 0 0 1 0 0 1 0 0 1
2014   2 28  7 16  6 217120  -30.28131  -41.71210     5403  45.4  1  0  6 15 0 0 1 0 1 0 0 1 0 1 1 0 0 1
2014   2 28  7 16  6 421418    7.11545  150.12624    11057  45.8  1  0  5 10 0 0 1 0 1 0 0 1 0 0 1 1 0 0
2014   2 28  7 16  6 555294    9.05433  -72.94263     4416  32.5  0  0  6 15 0 0 1 1 1 0 0 0 0 0 1 1 0 1
2014   2 28  7 16  6 594212    9.10173  -73.15686     4523  50.6  1  0  7 21 0 0 1 1 1 0 0 1 0 0 1 1 0 1
2014   2 28  7 16  6 731460  -11.94679  -73.02510     3679  54.3  1  0  7 21 0 0 1 1 1 0 0 1 0 0 1 1 0 1
2014   2 28  7 16  6 871516    9.08691  -73.13906     6020  60.1  2  0  6 14 0 0 1 1 1 0 0 1 0 0 1 1 0 0
2014   2 28  7 16  7 406808    5.40574  -70.96096    47195  52.1  2  0  5 10 0 0 0 1 1 0 0 0 0 1 1 0 0 1
2014   2 28  7 16  7 558594  -20.51768  -47.28534     3808  31.0  1  0  5  7 0 0 1 1 1 0 0 0 0 1 0 0 0 1
2014   2 28  7 16  7 670693  -30.21656  -41.30459     4316  46.5  1  0  6 15 0 0 1 1 1 0 0 1 0 0 1 0 0 1
2014   2 28  7 16  7 765770  -30.23547  -41.28459     8200  52.4  2  0  5 10 0 0 0 1 1 0 0 1 0 0 1 0 0 1
2014   2 28  7 16  7 820958   -6.41261    9.23601    19680  90.0  2  0  6 15 0 0 1 1 1 0 0 1 0 0 1 1 0 0
2014   2 28  7 16  9 503710   -9.16471  158.59116    10206  41.3  1  0  6 11 0 0 1 1 0 0 0 1 0 0 1 1 0 1
2014   2 28  7 16  9 885348    3.47218  156.52461    13918  58.8  1  0  7 21 0 0 1 1 1 0 0 1 0 1 1 0 0 1
2014   2 28  7 16 10 238798    7.14756  -73.86819     5843  77.4  2  0  7 19 0 0 1 1 1 0 0 1 0 0 1 1 0 1
2014   2 28  7 16 10 527292  -24.47547  -45.16227     4710  80.9  2  0  6 15 0 0 1 1 1 0 0 1 0 0 0 1 0 1
2014   2 28  7 16 10 904359   -4.88323  145.36467    10016  33.3  1  0  5 10 0 0 1 1 1 0 0 0 0 0 1 1 0 0
2014   2 28  7 16 11 350093  -20.27794 -138.09283    30753  67.1  2  0  6 15 0 0 1 0 1 0 0 1 0 1 1 0 0 1
2014   2 28  7 16 11 771318  -32.06695 -133.82088    20420  93.5  2  0  7 21 0 0 1 1 1 0 0 1 0 0 1 1 0 1
2014   2 28  7 16 11 917983  -32.02496 -131.50986    18175  71.6  2  0  6 15 0 0 1 1 1 0 0 0 0 1 1 1 0 0
2014   2 28  7 16 12  82784  -24.59605  -45.34779     3970  70.3  2  0  7 21 0 0 1 0 1 0 0 1 0 1 1 1 0 1
2014   2 28  7 16 12 158989  -24.63950  -44.91985     4604  61.5  2  0  6 14 0 0 1 1 1 0 0 0 0 0 1 1 0 1
2014   2 28  7 16 12 287643  -24.59572  -45.00699     3524  59.4  1  0  7 20 0 0 1 1 1 0 0 0 0 1 1 1 0 1
2014   2 28  7 16 12 398271   -3.99277  -71.30453     5911  92.8  2  0  6 15 0 0 1 1 1 0 0 1 0 0 0 1 0 1
2014   2 28  7 16 12 515150  -21.12403  -46.75856     4115  99.9  2  0  7 19 0 0 1 1 1 0 0 1 0 1 1 0 0 1
2014   2 28  7 16 12 766416  -20.73966  -46.91104     3707  28.0  0  0  5  8 0 0 1 1 0 0 0 0 0 1 1 0 0 1
2014   2 28  7 16 12 831946  -20.91864  -47.52034     6046  61.1  2  0  5  9 0 0 1 0 0 0 0 1 0 1 1 1 0 0
2014   2 28  7 16 12 881053  -21.01103  -46.77509     5906 120.3  2  0  6 11 0 0 0 1 1 0 0 1 0 1 1 1 0 0
2014   2 28  7 16 13 231363  -31.61980   18.95319    25388  58.2  2  0  5 10 0 0 1 0 1 0 0 1 0 0 1 0 0 1
2014   2 28  7 16 13 607466   -0.62221  -16.21073    25740 115.0  2  0  6 14 0 0 1 1 1 0 0 1 0 0 0 1 0 1
2014   2 28  7 16 14 710822  -22.55128  -45.59898     4787 104.3  2  0  6 15 0 0 1 1 1 0 0 1 0 0 1 0 0 1
2014   2 28  7 16 15 851852  -11.41095  -71.78842     5680  56.2  1  0  6 15 0 0 0 1 1 0 0 0 0 1 1 1 0 1
2014   2 28  7 16 16 467768  -10.19971  161.68192    19995  10.8  0  0  5 10 0 0 1 1 1 0 0 0 0 0 1 1 0 0
2014   2 28  7 16 16 576894  -19.87922 -142.55705    15023   7.0  0  0  4  6 0 0 0 1 1 0 0 1 0 0 0 1 0 0
2014   2 28  7 16 16 765113  -19.90219 -141.14772     7167   3.9  0  0  5 10 0 0 1 1 1 0 0 0 0 0 1 1 0 0
2014   2 28  7 16 16 958107   -4.82824  -72.10152     2505   7.2  0  0  7 21 0 0 1 1 1 0 0 0 0 1 1 1 0 1
2014   2 28  7 16 16 967229   -4.82571  -72.07632     2688   5.2  0  0  6 15 0 0 1 0 1 0 0 0 0 1 1 1 0 1
2014   2 28  7 16 17 220615   -4.81835  -72.15602     2825  10.7  0  0  7 21 0 0 0 1 1 0 0 1 0 1 1 1 0 1
2014   2 28  7 16 18 645575  -27.40081 -134.11075     6130  18.6  0  0  7 21 0 0 1 1 1 0 0 0 0 1 1 1 0 1
2014   2 28  7 16 18 679416  -27.40034 -134.71503     8429  23.9  0  0  6 15 0 0 1 1 1 0 0 1 0 0 1 1 0 0
2014   2 28  7 16 18 710984  -27.35156 -134.96179    12571  14.7  0  0  4  6 0 0 1 0 0 0 0 1 0 0 1 1 0 0
2014   2 28  7 16 18 752033  -27.42633 -133.75040     8452  10.4  0  0  5 10 0 0 1 0 1 0 0 0 0 0 1 1 0 1
2014   2 28  7 16 18 788193  -27.36949 -135.60153    12546   1.0  0  0  4  6 0 0 0 1 0 0 0 1 0 0 1 1 0 0
2014   2 28  7 16 18 856017  -30.38995  -41.57515     3297  23.7  0  0  6 15 0 0 1 1 1 0 0 1 0 0 1 0 0 1
2014   2 28  7 16 19 111550  -30.37698  -41.69289     3857  21.7  0  0  5 10 0 0 1 1 1 0 0 1 0 0 0 0 0 1
2014   2 28  7 16 19 142189  -23.36611  -45.84677     3377  34.9  0  0  6 15 0 0 1 1 1 0 0 1 0 0 1 0 0 1
2014   2 28  7 16 19 432323  -14.52762  -43.64677     2539  13.9  0  0  6 14 0 0 1 1 1 0 0 1 0 0 1 0 0 1
2014   2 28  7 16 19 816107    4.40254  -85.24306     4193  35.7  0  0  7 21 0 0 1 1 1 0 0 1 0 0 1 1 0 1
2014   2 28  7 16 20 652503   33.33851 -167.61142     8728  14.5  0  0  5  9 0 0 1 0 1 0 0 0 0 0 1 1 0 1
2014   2 28  7 16 20 717627   33.55116 -170.57991    21005  18.3  0  0  4  6 0 0 1 1 0 0 0 1 0 0 0 1 0 0
2014   2 28  7 16 20 915739  -21.35383  -46.24356     3224  27.1  0  0  5  9 0 0 0 1 1 0 0 1 0 0 1 0 0 1
2014   2 28  7 16 21 846527  -22.44995  -46.08472     4269  54.7  2  0  5  9 0 0 0 1 1 0 0 1 0 0 0 1 0 1
2014   2 28  7 16 21 852352  -29.78458  -42.04813     5199  87.6  2  0  7 17 0 0 1 1 1 0 0 1 0 1 0 1 0 1
2014   2 28  7 16 21 876431  -29.74795  -41.99261     4836  38.0  1  0  5 10 0 0 1 1 1 0 0 1 0 0 1 0 0 0
2014   2 28  7 16 21 886522  -29.70623  -42.05327     3285  36.2  0  0  7 21 0 0 1 1 1 0 0 1 0 1 1 0 0 1
2014   2 28  7 16 21 998702  -29.70528  -42.19932     3777  22.8  0  0  5 10 0 0 1 1 1 0 0 1 0 0 0 0 0 1
2014   2 28  7 16 22  18370  -29.73409  -42.04000     3302  36.7  0  0  7 21 0 0 1 1 1 0 0 1 0 1 1 0 0 1
2014   2 28  7 16 22 440333  -29.74442  -41.85992     6497  42.4  1  0  5 10 0 0 1 0 1 0 0 1 0 0 1 0 0 1
2014   2 28  7 16 22 527660  -14.48377  -43.89816     4607  36.9  1  0  5  7 0 0 1 1 1 0 0 1 0 0 0 0 0 1
2014   2 28  7 16 23  20499  -12.13664  -73.10376     3500  23.3  0  0  5 10 0 0 1 0 1 0 0 0 0 0 1 1 0 1
2014   2 28  7 16 24 662498  -22.44430  -45.90042     4185  59.6  2  0  5 10 0 0 0 1 1 0 0 1 0 0 1 0 0 1
2014   2 28  7 16 24 875059    6.90128  -78.50443     5346  29.7  0  0  5  8 0 0 1 1 0 0 0 1 0 0 1 1 0 0
2014   2 28  7 16 25 276679  -25.06784  -44.73547     6130  53.4  2  0  5 10 0 0 1 0 1 0 0 1 0 0 1 0 0 1
2014   2 28  7 16 25 545842  -25.00147  -44.90247     4484  50.0  1  0  5 10 0 0 1 1 1 0 0 0 0 0 1 0 0 1
2014   2 28  7 16 25 843139  -25.04288  -44.88451     3918  55.0  1  0  6 15 0 0 1 1 1 0 0 1 0 0 1 0 0 1
2014   2 28  7 16 26 102343   -5.30810   -0.90590    83506  62.0  2  0  5  9 0 0 1 1 1 0 0 0 0 0 1 0 0 1
2014   2 28  7 16 26 612066  -19.42037 -142.52376    21510  94.8  2  0  6 15 0 0 1 1 0 0 0 1 0 1 0 1 0 1
2014   2 28  7 16 27 663932  -18.85497 -141.94829    20997  83.0  2  0  6 15 0 0 1 0 1 0 0 1 0 1 1 1 0 0
2014   2 28  7 16 27 714213  -22.81854  -45.67682     4582  85.9  2  0  6 15 0 0 1 1 1 0 0 1 0 0 1 0 0 1
2014   2 28  7 16 27 727705  -10.16285  164.42848    10754  29.4  0  0  5  8 0 0 1 1 0 0 0 1 0 0 1 1 0 0
2014   2 28  7 16 28 498388  -29.90471  -42.29959     5632  79.0  2  0  6 15 0 0 1 1 1 0 0 0 0 1 1 0 0 1
2014   2 28  7 16 29 257393    7.33630  -75.44947    11712 105.4  2  0  6 15 0 0 0 1 1 0 0 1 0 0 1 1 0 1
2014   2 28  7 16 29 431818  -33.71296  -39.03120     8210  89.6  2  0  6 15 0 0 1 1 1 0 0 1 0 0 1 0 0 1
2014   2 28  7 16 29 812632  -33.77937  -39.06996     8351  91.6  2  0  6 15 0 0 1 1 1 0 0 1 0 0 1 0 0 1
2014   2 28  7 16 29 820403   21.74274 -123.28749    26833  23.3  1  0  4  6 0 0 0 1 0 0 0 1 0 0 1 1 0 0
2014   2 28  7 16 30 532407  -21.48588 -143.59604    29726 131.7  2  0  7 20 0 0 1 0 1 0 0 1 0 0 1 1 1 1
2014   2 28  7 16 30 558392  -21.37175 -143.35075    21256 110.2  2  0  7 20 0 0 1 1 1 0 0 1 0 0 1 1 0 1
2014   2 28  7 16 30 587992  -21.79671 -140.82343    19134  94.9  2  0  7 21 0 0 1 0 1 0 0 1 0 1 1 1 0 1
2014   2 28  7 16 30 610537  -21.32152 -143.35817    25757 107.6  2  0  6 15 0 0 1 1 1 0 0 1 0 0 1 1 0 0
2014   2 28  7 16 31 869429  -10.95704  -57.84828     5045 133.9  2  0  7 21 0 0 1 1 1 0 0 1 0 0 1 1 0 1
2014   2 28  7 16 32 236790  -30.02535  -41.62552     2814  18.5  0  0  7 20 0 0 1 1 1 0 0 1 0 0 1 1 0 1
2014   2 28  7 16 32 285108  -14.53565  -43.65348     3487  27.5  0  0  6 15 0 0 0 0 1 0 0 1 0 1 1 1 0 1
2014   2 28  7 16 32 399029  -14.48047  -43.77144     3777  15.6  0  0  6 15 0 0 1 0 1 0 0 1 0 0 1 1 0 1
2014   2 28  7 16 33  60857    4.21205  -73.09212     3243  15.6  0  0  7 21 0 0 0 1 1 0 0 1 0 1 1 1 0 1
2014   2 28  7 16 33  81513    4.18653  -72.85921     6829  71.6  2  0  6 13 0 0 0 1 1 0 0 1 0 0 1 1 1 0
2014   2 28  7 16 33 469051   34.62295 -166.14420    23778  21.1  1  0  4  6 0 0 1 1 0 0 0 1 0 0 0 1 0 0
2014   2 28  7 16 33 645447  -30.38913  -41.54965     5781  19.0  0  0  5  8 0 0 1 1 1 0 0 1 0 0 0 0 0 1
2014   2 28  7 16 34  31728  -30.39604  -41.50438     3117  19.0  0  0  6 15 0 0 1 1 1 0 0 1 0 0 1 0 0 1
2014   2 28  7 16 34 216512  -30.42222  -41.57302     3557  15.8  0  0  5 10 0 0 1 1 1 0 0 1 0 0 0 0 0 1
2014   2 28  7 16 34 469872   -7.52062    7.20034     8530  16.4  0  0  6 15 0 0 1 1 1 0 0 1 0 0 1 0 0 1
2014   2 28  7 16 34 527767   -7.04579    9.31586    24764  15.8  0  0  5 10 0 0 1 1 1 0 0 0 0 0 1 0 0 1
2014   2 28  7 16 35 336716  -23.68989  -45.60299     3220  31.9  0  0  6 15 0 0 1 1 1 0 0 1 0 0 1 0 0 1
2014   2 28  7 16 35 364159  -23.67515  -45.60186     3866  30.9  1  0  5 10 0 0 0 1 1 0 0 1 0 0 1 0 0 1
2014   2 28  7 16 35 417221  -23.60138  -45.68552     3293  29.4  0  0  6 12 0 0 1 1 0 0 0 0 0 1 1 1 0 1
2014   2 28  7 16 35 525471  -23.67108  -45.68431     2767  21.0  0  0  6 15 0 0 1 1 1 0 0 1 0 1 1 0 0 0
2014   2 28  7 16 36 283018  -21.19188  -46.96303     2773  13.9  0  0  5 10 0 0 1 0 1 0 0 1 0 0 1 0 0 1
2014   2 28  7 16 36 526145  -29.86365  -41.90853     4198  17.4  0  0  5 10 0 0 0 1 1 0 0 1 0 0 1 0 0 1
2014   2 28  7 16 36 659625  -30.07177  -41.73135     3615  28.8  0  0  6 15 0 0 1 1 1 0 0 1 0 0 1 0 0 1
2014   2 28  7 16 38 497210   -6.92775  153.57706     6283   1.5  0  0  4  6 0 0 1 1 0 0 0 1 0 0 0 1 0 0
2014   2 28  7 16 38 588603  -23.84215 -176.74121    11387  41.5  0  0  7 21 0 0 1 1 1 0 0 1 0 0 1 1 0 1
2014   2 28  7 16 38 760780  -23.80356 -176.85742    17859  42.1  1  0  5  9 0 0 1 1 0 0 0 1 0 0 0 1 0 1
2014   2 28  7 16 39 691162   -4.76904  -71.98074     6134  68.6  2  0  6 15 0 0 0 1 0 0 0 1 0 1 1 1 0 1
2014   2 28  7 16 39 906860   -4.69900  -71.40525     5156  46.7  1  0  5 10 0 0 1 0 0 0 0 0 0 1 1 1 0 1
2014   2 28  7 16 40 181323   -6.99702    8.83987    24321  46.2  1  0  5 10 0 0 1 1 0 0 0 1 0 0 1 0 0 1
2014   2 28  7 16 40 252580  -14.49728  -43.93773     2905  49.0  0  0  7 21 0 0 1 1 1 0 0 1 0 1 1 0 0 1
2014   2 28  7 16 40 607129  -21.34356  -46.17117     4547  52.8  2  0  5  8 0 0 0 1 1 0 0 1 0 0 1 0 0 1
2014   2 28  7 16 40 622099  -21.21093  -46.29962     5436  91.7  2  0  6 14 0 0 1 1 1 0 0 0 0 0 1 1 0 1
2014   2 28  7 16 40 686558  -20.82419  -47.16962     5140  57.5  2  0  5  9 0 0 0 1 1 0 0 1 0 0 1 0 0 1
2014   2 28  7 16 40 877723  -22.17139  -45.89553     3638  43.6  1  0  5  9 0 0 0 1 1 0 0 1 0 1 0 0 0 1
2014   2 28  7 16 41 330634  -22.11058  -45.86540     3413  71.3  2  0  7 21 0 0 1 1 1 0 0 1 0 1 1 0 0 1
2014   2 28  7 16 41 386303  -25.12887  -44.98621     3287  51.0  1  0  7 21 0 0 1 1 1 0 0 1 0 1 1 0 0 1
2014   2 28  7 16 42 704079    2.74434  -84.61459     6441  79.1  2  0  7 21 0 0 1 0 1 0 0 1 0 1 1 1 0 1
2014   2 28  7 16 42 734773    2.89552  -85.01671     6399  80.0  2  0  7 21 0 0 1 1 1 0 0 1 0 0 1 1 0 1
2014   2 28  7 16 42 756166   -1.32773  -81.34397    15342  17.6  0  0  4  6 0 0 1 1 0 0 0 0 0 1 0 0 0 1
2014   2 28  7 16 43   2111    2.75797  -84.62675     6496  79.8  2  0  7 21 0 0 1 0 1 0 0 1 0 1 1 1 0 1
2014   2 28  7 16 43 259097  -20.13662 -141.03929    38800  80.1  2  0  6 15 0 0 1 1 1 0 0 1 0 0 1 0 0 1
2014   2 28  7 16 43 604501  -34.42395 -102.02496    14951  57.4  1  0  6 11 0 0 1 1 1 0 0 0 1 0 0 1 0 1
2014   2 28  7 16 43 784700    4.84825  -84.85181     7727  75.0  2  0  6 15 0 0 1 1 0 0 0 1 0 0 1 1 0 1
2014   2 28  7 16 43 879136    6.38701  -78.28569     7113 105.0  2  0  7 21 0 0 1 1 0 0 0 1 0 1 1 1 0 1
2014   2 28  7 16 45  65220   -7.90994  -59.73235     5298 115.6  2  0  7 21 0 0 1 1 1 0 0 0 0 1 1 1 0 1
2014   2 28  7 16 45 127448   31.43849 -138.06969    65225 111.3  2  0  7 19 0 0 0 1 1 0 0 1 0 0 1 1 1 1
2014   2 28  7 16 45 298356   32.94621 -138.38194    15311   2.6  0  0  4  6 0 0 1 1 0 0 0 1 0 0 0 1 0 0
2014   2 28  7 16 45 854315  -12.65020  -71.63512     5097 102.5  2  0  7 20 0 0 1 0 1 0 0 1 0 1 1 1 0 1
2014   2 28  7 16 45 883770  -12.64958  -71.64859     5063 102.2  2  0  7 21 0 0 1 0 1 0 0 1 0 1 1 1 0 1
2014   2 28  7 16 45 947603  -12.60247  -72.10838     6029 101.3  2  0  6 15 0 0 1 1 1 0 0 1 0 0 1 1 0 0
2014   2 28  7 16 45 981888  -12.62037  -71.97726     5269 110.0  2  0  7 21 0 0 1 1 1 0 0 1 0 0 1 1 0 1
2014   2 28  7 16 46 334079  -22.60604  -45.58022     3216  19.6  0  0  4  6 0 0 1 0 0 0 0 1 0 0 1 0 0 1
2014   2 28  7 16 49  49550  -24.83693 -133.81744    11817   5.6  0  0  5 10 0 0 1 1 1 0 0 1 0 0 1 0 0 0
2014   2 28  7 16 49 236619    2.29660  -18.79728     9756   8.5  0  0  5 10 0 0 1 1 1 0 0 0 0 0 1 1 0 0
2014   2 28  7 16 50 689066  -30.36524  -41.55820     3160  20.7  0  0  6 15 0 0 1 1 1 0 0 1 0 0 1 0 0 1
2014   2 28  7 16 51 436825    6.96785  -73.85152     4727  24.3  0  0  6 12 0 0 1 1 1 0 0 1 0 0 1 1 0 0
2014   2 28  7 16 51 455015    9.06196  -73.31301     5163  28.3  0  0  5  9 0 0 1 0 0 0 0 1 0 0 1 1 0 1
2014   2 28  7 16 51 580108    6.92869  -73.81149     3659  33.0  0  0  7 21 0 0 1 1 1 0 0 1 0 1 0 1 0 1
2014   2 28  7 16 51 832252  -13.47621  -38.16565    12705  15.5  0  0  5 10 0 0 1 0 1 0 0 1 0 0 1 0 0 1
2014   2 28  7 16 51 938333  -16.33512  -51.86699     2781  37.3  0  0  7 21 0 0 1 1 0 0 0 1 0 1 1 1 0 1
2014   2 28  7 16 51 956727  -16.38715  -51.69157     2907  10.3  0  0  5  9 0 0 1 0 1 0 0 1 0 0 1 0 0 1
2014   2 28  7 16 52 363586  -14.50397  -43.39445     4975   6.2  0  0  4  6 0 0 1 0 0 0 0 1 0 0 1 0 0 1
2014   2 28  7 16 52 466424  -23.11960  -45.80703     3331  19.6  0  0  5 10 0 0 1 1 1 0 0 1 0 0 1 0 0 0
2014   2 28  7 16 52 544240  -23.06701  -45.88942     3258  38.6  0  0  6 14 0 0 1 1 0 0 0 1 0 1 1 1 0 0
2014   2 28  7 16 52 676457  -23.23445  -45.72021     3621  43.4  1  0  6 15 0 0 1 1 1 0 0 1 0 0 1 0 0 1
2014   2 28  7 16 53 135747  -31.75928 -135.72279    10430  39.3  0  0  7 21 0 0 1 1 1 0 0 0 0 1 1 1 0 1
2014   2 28  7 16 53 157886  -31.74985 -136.72440    10054  38.7  0  0  7 21 0 0 1 1 1 0 0 1 0 0 1 1 0 1
2014   2 28  7 16 53 982182   -2.84005    7.50580    19643  45.4  1  0  6 11 0 0 1 1 0 0 0 1 0 0 1 1 0 1
2014   2 28  7 16 54  78128  -14.41765  161.10547    11052   6.1  0  0  5  7 0 0 1 1 0 0 0 1 0 0 1 1 0 0
2014   2 28  7 16 54 143201   -4.12905  -71.66629     3803  15.2  0  0  5  8 0 0 1 1 0 0 0 1 0 0 1 1 0 0
2014   2 28  7 16 54 269401   -4.19462  -71.56996     3805  55.7  1  0  7 21 0 0 1 1 1 0 0 1 0 1 1 1 0 0
2014   2 28  7 16 54 311291   -4.20717  -71.43622     3761  47.5  0  0  7 21 0 0 1 0 1 0 0 1 0 1 1 1 0 1
2014   2 28  7 16 54 355438   -4.17894  -71.50795     4910  58.7  1  0  6 15 0 0 1 1 1 0 0 0 0 1 1 1 0 0
2014   2 28  7 16 54 532692  -20.86612  -47.10015     3595  58.2  1  0  6 15 0 0 1 0 1 0 0 1 0 0 1 1 0 1
2014   2 28  7 16 54 642588  -30.00933  -41.96829     4626  22.5  0  0  5 10 0 0 0 1 1 0 0 1 0 0 1 0 0 1
2014   2 28  7 16 54 651717  -30.33565  -41.70087     4333  42.3  1  0  6 15 0 0 1 1 1 0 0 1 0 0 1 0 0 1
2014   2 28  7 16 54 683743  -30.32301  -41.67739     5248  44.4  1  0  5 10 0 0 1 1 1 0 0 0 0 0 1 0 0 1
2014   2 28  7 16 54 797386  -30.34417  -41.69401     4350  42.5  1  0  6 15 0 0 1 1 1 0 0 1 0 0 1 0 0 1
2014   2 28  7 16 54 887024  -30.33893  -41.70372     4391  43.6  1  0  6 15 0 0 1 1 1 0 0 1 0 0 1 0 0 1
2014   2 28  7 16 55  68436  -21.83985 -140.03581     8851   1.7  0  0  4  6 0 0 1 0 0 0 0 0 0 1 0 1 0 1
2014   2 28  7 16 55  77322  -21.53304 -142.24959    17500  52.0  2  0  5 10 0 0 1 1 1 0 0 1 0 0 0 1 0 0
2014   2 28  7 16 56  49996    4.07501  -83.03278     5493  59.9  1  0  7 21 0 0 1 0 1 0 0 1 0 1 1 1 0 1
2014   2 28  7 16 56 339342  -21.05902  -47.22668     3651  50.9  1  0  6 14 0 0 1 1 1 0 0 1 0 0 1 0 0 1
2014   2 28  7 16 56 407188  -21.02084  -47.51759     4300  59.8  2  0  5  9 0 0 0 1 1 0 0 1 0 1 0 1 0 0
2014   2 28  7 16 56 903873    3.03293  -85.14980     9248  83.9  2  0  6 13 0 0 1 1 0 0 0 1 0 1 1 1 0 0
2014   2 28  7 16 56 924741    3.05142  -85.08001     6077  73.1  2  0  7 21 0 0 1 1 1 0 0 1 0 0 1 1 0 1
2014   2 28  7 16 56 992028    2.93679  -84.74567     5902  66.8  1  0  7 21 0 0 1 0 1 0 0 1 0 1 1 1 0 1
2014   2 28  7 16 57 248744    3.07838  -85.64657    11534  74.6  2  0  6 15 0 0 0 1 1 0 0 1 0 0 1 1 0 1
2014   2 28  7 16 57 883397  -13.14816  -71.14849     4667  89.6  2  0  7 21 0 0 1 1 1 0 0 0 0 1 1 1 0 1
2014   2 28  7 16 58  34105  -30.08507  -41.95662     5344  61.0  2  0  6 15 0 0 1 1 1 0 0 1 0 0 1 0 0 1
2014   2 28  7 16 58 163779  -30.06672  -42.24129     4083  12.4  0  0  4  6 0 0 1 1 1 0 0 1 0 0 0 0 0 0
2014   2 28  7 16 58 258145  -24.90230  -44.96273     3567  44.6  1  0  6 15 0 0 0 1 1 0 0 1 0 1 1 0 0 1
2014   2 28  7 16 59 257919  -10.45223    4.33494    66987  68.2  2  0  5 10 0 0 1 1 1 0 0 0 0 0 1 0 0 1
2014   2 28  7 16 59 894350  -25.35482  -44.88687     4267  64.3  1  0  7 17 0 0 1 1 1 0 0 1 0 1 1 0 0 1
2014   2 28  7 16 59 934223  -25.30812  -44.96407     3530  61.1  1  0  7 21 0 0 1 1 1 0 0 1 0 1 1 0 0 1
2014   2 28  7 16 59 961478  -25.20795  -45.06076     4144  79.9  2  0  7 21 0 0 1 1 0 0 0 1 0 1 1 1 0 1
2014   2 28  7 17  0 115160  -29.35216  -42.57131     5008  30.7  1  0  5 10 0 0 0 1 1 0 0 1 0 0 1 0 0 1
2014   2 28  7 17  0 859837    3.08142    1.05869    16732  74.7  2  0  6 15 0 0 1 1 0 0 0 1 0 0 1 1 0 1
2014   2 28  7 17  1 714268  -18.28476 -144.18565    22426  94.1  2  0  6 15 0 0 1 1 1 0 0 1 0 0 1 1 0 0
2014   2 28  7 17  2  47045    0.79722  -70.00857     6119   5.6  0  0  5 10 0 0 1 1 1 0 0 0 0 1 0 0 0 1
2014   2 28  7 17  2 152257  -28.99640  -42.89136     3799   2.4  0  0  4  6 0 0 0 1 0 0 0 0 0 1 1 0 0 1
2014   2 28  7 17  2 250889   -9.18797  159.39227    22885 125.8  2  0  6 15 0 0 0 1 1 0 0 1 0 1 0 1 0 1
2014   2 28  7 17  2 570718  -29.89307  -42.29478     5179  87.1  2  0  7 21 0 0 1 1 1 0 0 1 0 1 1 0 0 1
2014   2 28  7 17  2 628923  -29.84907  -42.28535     6010  93.5  2  0  7 17 0 0 1 1 1 0 0 0 0 1 1 1 0 1
2014   2 28  7 17  2 667319  -29.86793  -42.65767     4429  33.3  1  0  5 10 0 0 1 1 1 0 0 1 0 0 0 0 0 1
2014   2 28  7 17  3 672445  -19.05577 -143.67767    22331 119.6  2  0  7 21 0 0 1 1 1 0 0 1 0 0 1 1 0 1
2014   2 28  7 17  3 784381  -18.98787 -148.49078    50239 127.8  2  0  6 15 0 0 0 1 1 0 0 1 0 1 0 1 0 1
2014   2 28  7 17  4  79079  -21.17546  -46.85091     2652  10.8  0  0  5 10 0 0 1 1 0 0 0 1 0 0 1 0 0 1
2014   2 28  7 17  5 211009  -16.09846  -51.49022     2572  18.8  0  0  6 15 0 0 0 1 1 0 0 1 0 1 0 1 0 1
2014   2 28  7 17  5 288579  -16.11531  -51.44398     2420  15.8  0  0  7 21 0 0 1 1 1 0 0 1 0 1 1 0 0 1
2014   2 28  7 17  5 322949  -16.05663  -51.47272     2359  13.5  0  0  7 21 0 0 1 1 1 0 0 0 0 1 1 1 0 1
2014   2 28  7 17  5 967440  -12.00707  -73.10515     4094  30.9  1  0  5 10 0 0 1 0 1 0 0 1 0 0 1 1 0 0
2014   2 28  7 17  6  72382  -20.59652  -47.26569     3148  12.5  0  0  5  8 0 0 1 1 1 0 0 0 0 0 1 0 0 1
2014   2 28  7 17  6  95112  -12.11486  -72.96461     3470   7.5  0  0  5 10 0 0 1 1 0 0 0 1 0 0 1 0 0 1
2014   2 28  7 17  6 174134  -21.26262  -46.32924     3244  29.5  0  0  5 10 0 0 0 1 1 0 0 0 0 0 1 1 0 1
2014   2 28  7 17  6 293021  -21.20198  -47.00589     2537  14.7  0  0  6 14 0 0 1 1 1 0 0 1 0 0 1 0 0 1
2014   2 28  7 17  6 309886  -12.02674  -73.02629     2895  25.6  0  0  7 21 0 0 1 1 1 0 0 0 0 1 1 1 0 1
2014   2 28  7 17  6 348485  -21.15113  -47.06668     2777  25.2  0  0  6 15 0 0 1 1 1 0 0 1 0 1 1 0 0 0
2014   2 28  7 17  6 504606  -21.21753  -47.04176     2676  24.7  0  0  6 14 0 0 0 1 1 0 0 1 0 1 1 0 0 1
2014   2 28  7 17  7  72597   -3.89449  149.46252     7307  50.1  1  0  6 15 0 0 1 1 1 0 0 1 0 0 1 1 0 0
2014   2 28  7 17  8 265638    5.27812  148.73036     6745   8.6  0  0  4  6 0 0 1 0 0 0 0 1 0 0 1 1 0 0
2014   2 28  7 17  8 405118  -21.27789  -49.32845     3998  69.4  2  0  6 14 0 0 1 1 1 0 0 1 0 0 1 0 0 1
2014   2 28  7 17  8 784636    7.00643  -74.90167    11268  47.0  1  0  5  8 0 0 0 1 1 0 0 0 0 0 1 1 0 1
2014   2 28  7 17  8 904550  -20.54434 -143.58791     9950  43.7  0  0  7 21 0 0 1 1 0 0 0 1 0 1 1 1 0 1
2014   2 28  7 17  9 121924  -20.35372 -145.06961    13777   7.6  0  0  4  6 0 0 0 1 0 0 0 1 0 0 1 1 0 0
2014   2 28  7 17  9 638822  -10.55099  -56.88547     4084  25.9  0  0  5  7 0 0 1 0 1 0 0 0 0 0 1 1 0 1
2014   2 28  7 17  9 858047  -22.39870 -141.09488    13815  51.7  1  0  6 15 0 0 1 1 1 0 0 1 0 0 1 1 0 0
2014   2 28  7 17  9 867363  -22.45970 -140.99313    11356  51.4  1  0  7 21 0 0 1 1 1 0 0 1 0 0 1 1 0 1
2014   2 28  7 17 10 829973  -21.54647  -50.78344     4443  84.6  2  0  7 16 0 0 1 1 1 0 0 1 0 0 1 1 0 1
2014   2 28  7 17 10 832879  -21.39863 -142.57095     9354   5.6  0  0  4  6 0 0 1 1 0 0 0 1 0 0 0 1 0 0
2014   2 28  7 17 11 813880  -19.26760 -143.23622    10593  23.6  0  0  5  9 0 0 1 1 0 0 0 1 0 0 1 1 0 0
2014   2 28  7 17 11 857257  -19.35292 -144.69652    25023  61.6  2  0  6 15 0 0 0 1 1 0 0 1 0 0 1 1 0 1
2014   2 28  7 17 11 888206  -20.06841 -140.87865    38374  49.0  1  0  5  9 0 0 1 1 0 0 0 1 0 0 1 0 0 1
2014   2 28  7 17 11 977629  -19.61054 -141.36931    19433  77.3  2  0  6 15 0 0 1 1 1 0 0 0 0 1 0 1 0 1
2014   2 28  7 17 12   3470   -7.04044    8.42742    34547  68.9  2  0  5 10 0 0 1 1 1 0 0 1 0 0 1 0 0 0
2014   2 28  7 17 12  37158  -21.59238 -136.56345    15679   3.6  0  0  4  6 0 0 1 0 1 0 0 1 0 1 0 0 0 0
2014   2 28  7 17 12 193713  -19.80385 -139.96552     9812   8.8  0  0  4  6 0 0 1 0 1 0 0 0 0 1 0 1 0 0
2014   2 28  7 17 12 548468  -33.78037  -38.81161     6231  60.6  2  0  6 15 0 0 1 1 1 0 0 1 0 0 1 0 0 1
2014   2 28  7 17 12 624846  -19.43045 -142.49182    19248  79.6  2  0  6 15 0 0 1 1 1 0 0 1 0 0 0 1 0 1
2014   2 28  7 17 12 716411  -33.77612  -38.83795     6320  62.0  2  0  6 15 0 0 1 1 1 0 0 1 0 0 1 0 0 1
2014   2 28  7 17 12 761555  -33.74727  -38.95177     4887  60.4  1  0  7 21 0 0 1 1 1 0 0 1 0 1 1 0 0 1
2014   2 28  7 17 13 478252  -22.68812  -45.62167     4674  71.0  2  0  5 10 0 0 1 1 1 0 0 1 0 0 0 0 0 1
2014   2 28  7 17 14   2578   38.13417 -165.42072    16383  72.3  2  0  7 18 0 0 1 0 1 0 0 0 0 1 1 1 1 1
2014   2 28  7 17 14 293189  -22.31784  -46.20686     4843  54.1  2  0  5 10 0 0 1 0 0 0 0 0 0 1 1 1 1 0
2014   2 28  7 17 14 491588  -22.66031  -45.78920     4214  84.9  2  0  6 15 0 0 1 1 1 0 0 1 0 1 0 0 0 1
2014   2 28  7 17 14 875515    7.32899  -74.12543     7495  99.5  2  0  6 15 0 0 1 1 1 0 0 1 0 0 0 1 0 1
2014   2 28  7 17 15 675081  -12.34021  -72.63422     7737 105.4  2  0  7 20 0 0 1 1 1 0 0 1 0 1 1 0 0 1
2014   2 28  7 17 18 853190  -19.10449 -143.48172    22757 122.1  2  0  7 21 0 0 1 1 1 0 0 1 0 0 1 1 0 1
2014   2 28  7 17 18 962882  -31.50980  -41.88441     6990  37.0  1  0  5 10 0 0 0 1 1 0 0 1 0 0 1 0 0 1
2014   2 28  7 17 20 228474  -13.25775  -71.00012     2494   5.1  0  0  6 15 0 0 1 1 1 0 0 0 0 0 1 1 0 1
2014   2 28  7 17 20 412777  -13.29496  -71.01562     3068  18.8  0  0  6 13 0 0 1 1 1 0 0 1 0 0 0 1 0 1
2014   2 28  7 17 20 494496  -13.29076  -71.21489     3171  18.9  0  0  5 10 0 0 1 0 1 0 0 1 0 0 0 1 0 1
2014   2 28  7 17 21 661990    7.19999  -70.75854     7499  39.1  1  0  5 10 0 0 0 1 1 0 0 1 0 0 0 1 0 1
2014   2 28  7 17 21 927222  -16.02810  -51.40824     2368  12.0  0  0  7 21 0 0 1 1 1 0 0 1 0 0 1 1 0 1
2014   2 28  7 17 22 119194  -34.07169  -38.18034     4500  34.5  0  0  7 21 0 0 1 0 1 0 0 1 0 1 1 1 0 1
2014   2 28  7 17 22 135935  -34.12515  -38.15185     3662  23.3  0  0  6 15 0 0 1 1 1 0 0 1 0 0 1 0 0 1
2014   2 28  7 17 22 622301  -34.17138  -38.14557     4454  34.4  0  0  6 14 0 0 1 1 0 0 0 0 0 1 1 1 0 1
2014   2 28  7 17 23 425705  -21.18350  -46.93761     2701  11.0  0  0  5 10 0 0 1 0 1 0 0 1 0 0 1 0 0 1
2014   2 28  7 17 23 555445    7.15404  -73.81804     4073  29.4  0  0  6 13 0 0 1 1 1 0 0 1 0 0 1 1 0 0
2014   2 28  7 17 23 723373  -21.19652  -46.98638     3073  12.2  0  0  5  7 0 0 1 1 1 0 0 1 0 0 0 0 0 1
2014   2 28  7 17 23 774259  -21.06013  -47.10430     3134  39.6  0  0  6 15 0 0 1 1 1 0 0 1 0 0 1 0 0 1
2014   2 28  7 17 23 817881  -21.10351  -47.08219     3480  49.4  1  0  6 14 0 0 1 1 1 0 0 1 0 0 0 1 0 1
2014   2 28  7 17 24  37285   -2.06330  150.25162     8367  32.5  1  0  5  9 0 0 0 1 1 0 0 1 0 0 1 1 0 0
2014   2 28  7 17 24 160230    7.22098  -73.77224     3638  36.1  0  0  7 21 0 0 1 1 1 0 0 1 0 0 1 1 0 1
2014   2 28  7 17 24 414548  -14.50423  -43.30499     4580  12.3  0  0  5 10 0 0 1 0 1 0 0 1 0 0 1 0 0 1
2014   2 28  7 17 24 592958    7.13175  -73.41432     4416  32.3  0  0  6 14 0 0 1 0 1 0 0 0 0 1 1 1 0 1
2014   2 28  7 17 25 297811  -21.00208  -47.32560     3315  53.6  1  0  6 15 0 0 0 1 1 0 0 1 0 1 1 0 0 1
2014   2 28  7 17 25 565302    1.93383  -84.42133     4661  49.5  0  0  7 21 0 0 1 1 1 0 0 1 0 0 1 1 0 1
2014   2 28  7 17 25 926540   -7.39599    7.44070    16815  33.2  1  0  5 10 0 0 1 0 1 0 0 1 0 0 1 0 0 1
2014   2 28  7 17 26 615569  -30.26089  -41.95510     3194  39.7  0  0  7 20 0 0 1 1 1 0 0 1 0 1 0 1 0 1
2014   2 28  7 17 26 643538  -30.29844  -41.76030     5367  55.2  2  0  5 10 0 0 1 1 1 0 0 0 0 1 1 0 0 0
2014   2 28  7 17 26 706021  -29.96232  -41.99493     4513  21.4  0  0  5 10 0 0 0 1 1 0 0 1 0 0 1 0 0 1
2014   2 28  7 17 27 991445   -5.81779    9.14760    16325  12.4  0  0  4  6 0 0 1 1 0 0 0 1 0 0 1 0 0 0
2014   2 28  7 17 28   2737   -6.33386    7.77671    29518  57.5  2  0  5 10 0 0 1 1 1 0 0 1 0 0 1 0 0 0
2014   2 28  7 17 28 593896   -4.15080   10.89484    13050  32.1  1  0  5  9 0 0 1 0 1 0 0 0 0 0 1 1 0 1
2014   2 28  7 17 28 629303  -14.13311  161.52744    12446  65.5  1  0  7 20 0 0 1 1 1 0 0 1 0 0 1 1 0 1
2014   2 28  7 17 29 334891  -23.51756  -45.78105     4128  69.9  2  0  6 14 0 0 1 1 1 0 0 0 0 1 1 0 0 1
2014   2 28  7 17 29 345461  -23.64712  -45.89721     3056   5.9  0  0  4  6 0 0 1 1 1 0 0 1 0 0 0 0 0 0
2014   2 28  7 17 29 747511   -4.21381  -71.64214     5303  99.2  2  0  7 21 0 0 1 1 1 0 0 1 0 1 0 1 0 1
2014   2 28  7 17 29 907883    7.11112  -74.71145     5747  81.4  2  0  7 20 0 0 1 1 1 0 0 1 0 0 1 1 0 1
2014   2 28  7 17 30  30238  -16.43998  -51.96531     4681  82.6  2  0  6 14 0 0 1 1 1 0 0 1 0 1 1 0 0 0
2014   2 28  7 17 30 255971  -14.53306  -43.98942     4030  74.6  2  0  6 14 0 0 1 1 1 0 0 1 0 0 1 0 0 1
2014   2 28  7 17 30 668890  -30.10129  -41.92405     6994  66.6  2  0  5 10 0 0 1 1 1 0 0 1 0 0 1 0 0 0
2014   2 28  7 17 30 860302  -24.78778  -45.19159     6563  71.5  2  0  5 10 0 0 1 0 0 0 0 1 0 1 1 0 0 1
2014   2 28  7 17 31 325838  -21.27261  -46.70088     4236  73.5  2  0  6 14 0 0 1 1 1 0 0 1 0 0 1 0 0 1
2014   2 28  7 17 31 335233  -21.29190  -46.69003     4129  74.1  2  0  6 15 0 0 1 1 1 0 0 1 0 0 1 0 0 1
2014   2 28  7 17 31 386072    5.25571  -72.44058     5912  89.9  2  0  7 21 0 0 1 0 1 0 0 1 0 1 1 1 0 1
2014   2 28  7 17 31 520128  -21.30325  -46.69859     4196  76.7  2  0  6 15 0 0 1 1 1 0 0 1 0 0 1 0 0 1
2014   2 28  7 17 31 555495  -21.23713  -46.89424     3905 102.1  2  0  7 21 0 0 1 1 1 0 0 1 0 1 1 0 0 1
2014   2 28  7 17 32  98980   -3.89412  -71.76579     5355  83.4  2  0  6 15 0 0 1 1 0 0 0 1 0 0 1 1 0 1
2014   2 28  7 17 32 639471  -11.91344  -73.03022     5173  91.8  2  0  7 20 0 0 1 0 1 0 0 1 0 1 1 1 0 1
2014   2 28  7 17 32 712161  -21.13151  -47.04789     4929 112.7  2  0  6 15 0 0 1 0 0 0 0 1 0 1 1 1 0 1
2014   2 28  7 17 32 856883  -16.16525  -52.02842     4275 112.2  2  0  7 21 0 0 1 1 1 0 0 1 0 1 1 1 0 0
2014   2 28  7 17 32 892417  -11.80856  -73.73368     4688  40.8  1  0  5  8 0 0 1 1 0 0 0 1 0 0 1 1 0 0
2014   2 28  7 17 33  85382  -12.00532  -73.48366    12856 125.3  2  0  6 15 0 0 0 0 1 0 0 0 0 1 1 1 1 1
2014   2 28  7 17 33 773300    9.16549  -65.04136     9599 118.5  2  0  6 11 0 0 1 0 1 0 0 1 0 0 1 1 0 1
2014   2 28  7 17 34  62590    4.45256  -73.05079     6821 106.8  2  0  7 20 0 0 1 0 1 0 0 1 0 1 1 1 0 1
2014   2 28  7 17 34 858560  -21.31671  -46.80679     4804  99.1  2  0  6 15 0 0 1 1 1 0 0 1 0 0 1 0 0 1
2014   2 28  7 17 34 999158   -7.39892  175.51285     9488   2.0  0  0  4  6 0 0 1 0 0 0 0 0 0 1 0 1 0 1
2014   2 28  7 17 35 551303  -23.97516 -117.31524    30296   3.1  0  0  4  6 0 0 0 0 0 0 0 1 0 1 1 0 0 1
2014   2 28  7 17 36 320711  -22.11251  -52.15361     4902  55.7  2  0  5  7 0 0 1 0 1 0 0 1 0 1 1 0 0 0
2014   2 28  7 17 36 931218  -22.59030  -45.82028     2547  17.0  0  0  6 15 0 0 1 1 0 0 0 1 0 1 1 0 0 1
2014   2 28  7 17 36 958337  -22.58453  -45.77343     2376   4.4  0  0  6 15 0 0 1 1 1 0 0 1 0 0 1 0 0 1
2014   2 28  7 17 37 625452  -14.44179  -43.53085     3802   1.2  0  0  5 10 0 0 1 0 1 0 0 1 0 0 1 0 0 1
2014   2 28  7 17 38 470172  -12.06173  -73.16411     3699  17.0  0  0  6 15 0 0 0 1 1 0 0 1 0 1 0 1 0 1
2014   2 28  7 17 38 534528  -11.91121  -72.80154     4013  27.7  0  0  5  9 0 0 1 0 1 0 0 1 0 1 0 1 0 0
2014   2 28  7 17 38 544929  -11.93212  -72.88081     2693  19.3  0  0  7 21 0 0 1 1 1 0 0 1 0 0 1 1 0 1
2014   2 28  7 17 38 603240  -11.93563  -72.78873     2950  25.6  0  0  7 20 0 0 1 0 1 0 0 1 0 1 1 1 0 1
2014   2 28  7 17 38 994571    7.54608  -74.04642     3886  11.5  0  0  6 15 0 0 0 1 1 0 0 1 0 1 0 1 0 1
2014   2 28  7 17 39 145366  -19.15957 -142.13968     8914  14.9  0  0  5 10 0 0 1 0 1 0 0 1 0 0 1 1 0 0
2014   2 28  7 17 39 192873  -30.38821  -41.59531     2934  22.6  0  0  7 21 0 0 1 1 1 0 0 1 0 1 1 0 0 1
2014   2 28  7 17 39 210791  -30.43462  -41.46023     4073  16.3  0  0  5 10 0 0 1 0 1 0 0 1 0 0 1 0 0 1
2014   2 28  7 17 39 520970  -30.37743  -41.61266     3435  26.6  0  0  6 15 0 0 1 1 0 0 0 1 0 1 1 0 0 1
2014   2 28  7 17 40 630332  -22.39334  -46.06931     3330  50.3  1  0  6 14 0 0 1 1 0 0 0 1 0 1 0 1 0 1
2014   2 28  7 17 40 821014  -20.55612  -47.30853     3179  24.6  0  0  5 10 0 0 1 1 1 0 0 1 0 0 0 0 0 1
2014   2 28  7 17 40 923943   10.03310 -121.91826    32546  50.2  2  0  5 10 0 0 0 1 0 0 0 0 0 1 1 1 0 1
2014   2 28  7 17 42 556285  -20.69816  -47.37379     3736  54.4  1  0  6 14 0 0 1 1 1 0 0 1 0 0 0 1 0 1
2014   2 28  7 17 43  60692    9.31159  -73.65404     4240  46.1  0  0  7 21 0 0 1 1 1 0 0 1 0 0 1 1 0 1
2014   2 28  7 17 43 546389  -21.20577  -46.72058     3504  35.7  0  0  6 12 0 0 1 1 1 0 0 1 0 0 1 0 0 1
2014   2 28  7 17 43 688794  -19.08629 -141.55122    11503  52.3  1  0  7 21 0 0 1 0 1 0 0 1 0 1 1 1 0 1
2014   2 28  7 17 43 723507  -18.81150 -142.90009    15614  46.3  1  0  5 10 0 0 1 1 1 0 0 1 0 0 0 1 0 0
2014   2 28  7 17 43 734324  -18.88857 -142.65720    10805  50.3  1  0  7 21 0 0 1 1 1 0 0 1 0 0 1 1 0 1
2014   2 28  7 17 43 760908  -18.87005 -142.63742    10772  50.1  1  0  7 21 0 0 1 1 1 0 0 1 0 0 1 1 0 1
2014   2 28  7 17 43 781048  -18.88972 -142.65790    11222  50.8  1  0  7 20 0 0 1 1 1 0 0 1 0 0 1 1 0 1
2014   2 28  7 17 43 894062  -18.94686 -142.22627    13287  67.5  1  0  7 21 0 0 1 1 1 0 0 1 0 1 1 1 0 0
2014   2 28  7 17 44    245    4.34141  -73.26418     4077  52.5  1  0  7 21 0 0 1 1 1 0 0 1 0 0 1 1 0 1
2014   2 28  7 17 44  35332  -19.42638 -142.62212    11669  42.3  1  0  6 15 0 0 1 1 1 0 0 1 0 0 1 1 0 0
2014   2 28  7 17 44  59098  -18.78670 -144.26019    20902  49.7  1  0  6 15 0 0 0 1 1 0 0 1 0 0 1 1 0 1
2014   2 28  7 17 44 108457  -18.74930 -142.99225    10717   9.6  0  0  4  6 0 0 1 0 0 0 0 1 0 0 1 1 0 0
2014   2 28  7 17 44 146945  -24.72361  -45.36614     3366  39.5  0  0  6 14 0 0 1 1 1 0 0 1 0 1 0 1 0 0
2014   2 28  7 17 44 188836  -18.87287 -142.57257    12283  53.8  1  0  7 20 0 0 1 1 1 0 0 1 0 0 1 1 0 1
2014   2 28  7 17 44 234376  -18.88040 -142.39813    23339  62.6  2  0  5 10 0 0 1 1 1 0 0 0 0 0 0 1 0 1
2014   2 28  7 17 44 258367  -24.58170  -45.34917     3374  49.6  0  0  7 21 0 0 0 1 1 0 0 1 0 1 1 1 0 1
2014   2 28  7 17 44 315444  -24.68051  -45.27833     3559  56.4  1  0  7 21 0 0 1 1 1 0 0 1 0 0 1 1 0 1
2014   2 28  7 17 44 366073  -24.57783  -45.34145     4980  45.2  1  0  5  9 0 0 0 1 1 0 0 0 0 1 1 0 0 1
2014   2 28  7 17 44 447141  -18.98410 -142.15274    14214  74.6  2  0  7 21 0 0 1 1 1 0 0 1 0 1 0 1 0 1
2014   2 28  7 17 45 241797  -29.92857  -41.99965     5740  75.6  2  0  6 15 0 0 1 1 1 0 0 1 0 0 1 1 0 0
2014   2 28  7 17 47  30943   -6.57003    8.40082    34293  67.4  2  0  5 10 0 0 1 1 1 0 0 1 0 0 1 0 0 0
2014   2 28  7 17 48 662188  -29.70823  -42.17075     5700  68.3  2  0  6 15 0 0 1 1 1 0 0 1 0 0 1 0 0 1
2014   2 28  7 17 49 819960  -23.26545  -45.99823     5609 119.5  2  0  6 15 0 0 1 1 0 0 0 1 0 1 1 0 0 1
2014   2 28  7 17 51  82241  -14.58295  -44.22627     3043  37.9  0  0  6 13 0 0 0 1 1 0 0 1 0 1 0 1 0 1
2014   2 28  7 17 51 493966   -2.84278  -71.57652     5544  76.3  2  0  6 15 0 0 1 0 1 0 0 0 0 1 1 1 0 1
2014   2 28  7 17 51 552111  -11.84296  -73.39867     5729 109.4  2  0  7 20 0 0 1 1 1 0 0 1 0 0 1 1 0 1
2014   2 28  7 17 51 863556  -20.06499 -146.36359    42823 138.9  2  0  7 21 0 0 0 1 1 0 0 1 0 1 1 1 0 1
2014   2 28  7 17 52  29398   -9.74602  160.28894     7217  24.2  0  0  6 12 0 0 1 1 1 0 0 1 0 0 1 1 0 0
2014   2 28  7 17 52 281090  -20.68910  -46.38467     2693   6.8  0  0  5 10 0 0 1 0 1 0 0 1 0 0 1 0 0 1
2014   2 28  7 17 52 304230  -20.67242  -46.42221     2363  13.5  0  0  7 19 0 0 1 1 1 0 0 1 0 1 0 1 0 1
2014   2 28  7 17 52 815710  -20.58455  -46.47144     2738  14.7  0  0  6 11 0 0 1 1 1 0 0 1 0 1 0 1 0 0
2014   2 28  7 17 52 870170  -20.61828  -46.43624     2338  13.4  0  0  7 21 0 0 1 1 1 0 0 1 0 1 1 0 0 1
2014   2 28  7 17 52 914669  -12.89865  -71.82281     3737   2.8  0  0  5  8 0 0 0 1 1 0 0 1 0 0 0 1 0 1
2014   2 28  7 17 52 935581  -12.79784  -71.60696     3392  19.9  0  0  5 10 0 0 1 0 1 0 0 1 0 0 1 1 0 0
2014   2 28  7 17 53 103199  -20.73545  -47.21949     2958   6.0  0  0  5  7 0 0 0 1 1 0 0 1 0 0 1 0 0 1
2014   2 28  7 17 53 221758  -12.89058  -71.46502     3451   9.1  0  0  5 10 0 0 1 1 1 0 0 1 0 0 1 0 0 0
2014   2 28  7 17 53 939548  -21.15185  -46.81491     2556  24.4  0  0  7 19 0 0 1 1 1 0 0 0 0 1 1 1 0 1
2014   2 28  7 17 54  55254  -21.21382  -46.75222     2519  11.7  0  0  6 13 0 0 1 1 1 0 0 1 0 0 1 0 0 1
2014   2 28  7 17 54 208339  -21.16366  -46.78443     2578  26.4  0  0  7 21 0 0 1 0 1 0 0 1 0 1 1 1 0 1
2014   2 28  7 17 54 280729  -21.20600  -46.75564     2836  11.2  0  0  5  8 0 0 1 1 0 0 0 1 0 0 1 0 0 1
2014   2 28  7 17 54 293109    2.81122  -84.72462     3660  26.9  0  0  7 21 0 0 1 1 1 0 0 1 0 0 1 1 0 1
2014   2 28  7 17 54 316195    2.85134  -85.45065     7179   6.8  0  0  4  6 0 0 0 1 1 0 0 1 0 0 0 1 0 0
2014   2 28  7 17 54 320338    3.24438  -84.82936    24046  11.4  0  0  4  6 0 0 1 0 0 0 0 0 0 1 1 0 0 1
2014   2 28  7 17 54 353173    2.79776  -84.65200     3770  26.9  0  0  7 21 0 0 1 0 1 0 0 1 0 1 1 1 0 1
2014   2 28  7 17 54 531857  -21.19958  -46.82096     3473  26.3  0  0  5  8 0 0 0 1 1 0 0 0 0 1 1 0 0 1
2014   2 28  7 17 54 615484    6.87686  -73.93180     8126  23.5  0  0  5  7 0 0 0 0 1 0 0 1 0 0 1 1 0 1
2014   2 28  7 17 54 793864  -22.63849  -45.72884     2723  24.1  0  0  6 15 0 0 1 1 1 0 0 1 0 0 1 0 0 1
2014   2 28  7 17 54 831661  -21.22650  -46.75479     2635  18.1  0  0  6 14 0 0 1 1 1 0 0 1 0 0 1 0 0 1
2014   2 28  7 17 55 426847   -0.30578  -16.07873    16406  26.3  0  0  5  7 0 0 1 1 1 0 0 0 0 0 1 1 0 0
2014   2 28  7 17 55 705106  -24.39593  -45.39651     3512  34.7  0  0  6 11 0 0 1 1 0 0 0 1 0 1 0 1 0 1
2014   2 28  7 17 56 556351    7.15167  -74.59774     4075  43.1  0  0  7 21 0 0 1 1 0 0 0 1 0 1 1 1 0 1
2014   2 28  7 17 58 942048   20.28155 -119.22464    32886  57.3  2  0  5 10 0 0 0 1 0 0 0 1 0 0 1 1 0 1
2014   2 28  7 17 59 897841  -30.00261  -41.92429     4575  46.5  1  0  6 15 0 0 1 1 1 0 0 1 0 0 1 0 0 1
2014   2 28  7 17 59 939310  -24.31985  -45.54219     3439  54.3  1  0  7 21 0 0 0 1 1 0 0 1 0 1 1 1 0 1
2014   2 28  7 18  0 432889   -4.70583  -71.33453     3746  25.2  0  0  5 10 0 0 1 0 1 0 0 0 0 1 0 1 0 1
2014   2 28  7 18  0 528224   -4.78752  -72.06003     5665  72.1  2  0  7 21 0 0 0 1 1 0 0 1 0 1 1 1 0 1
2014   2 28  7 18  0 832628   -9.23695  159.31102    12579  68.4  2  0  6 15 0 0 0 1 1 0 0 1 0 0 1 1 0 1
2014   2 28  7 18  0 887986   -4.69104  -71.76442     4354  73.8  2  0  7 21 0 0 1 1 1 0 0 1 0 0 1 1 0 1
2014   2 28  7 18  0 910265   -3.29922  151.26727   269340  75.9  2  0  5 10 0 0 0 1 1 0 0 1 0 0 1 0 0 1
2014   2 28  7 18  0 969558   -9.28141  159.50833    11102  78.2  2  0  6 11 0 0 1 1 1 0 0 1 0 0 0 1 0 1
2014   2 28  7 18  1  55397   -9.27192  159.50751    10035  68.5  1  0  7 21 0 0 1 1 1 0 0 1 0 0 1 1 0 1
2014   2 28  7 18  1 177809  -18.73019 -142.29613    21772  77.8  2  0  6 15 0 0 1 1 1 0 0 0 0 0 1 1 0 1
2014   2 28  7 18  1 186633  -12.60314  164.00609    40377  72.0  2  0  7 21 0 0 1 1 1 0 0 1 0 1 1 0 0 1
2014   2 28  7 18  1 240663   -9.28691  159.80484     8205  22.2  0  0  5  9 0 0 1 1 0 0 0 1 0 0 1 1 0 0
2014   2 28  7 18  1 402097  -10.38234  162.01834    16547  72.6  2  0  7 21 0 0 1 1 1 0 0 0 0 1 1 1 0 1
2014   2 28  7 18  1 924247   -9.86472  160.40042    11705  68.3  1  0  7 20 0 0 1 0 1 0 0 1 0 1 1 1 0 1
2014   2 28  7 18  2  93250   -6.30006    8.17611    34018  66.8  2  0  5 10 0 0 1 1 0 0 0 1 0 0 1 0 0 1
2014   2 28  7 18  2 759265   -6.00338  -74.81115     5134  90.6  2  0  7 21 0 0 1 1 1 0 0 1 0 0 1 1 0 1
2014   2 28  7 18  3  42318  -30.18560  -41.96893     7315  74.3  2  0  5 10 0 0 1 1 1 0 0 0 0 0 1 0 0 1
2014   2 28  7 18  3  69638  -30.10555  -42.08389     5610  88.8  2  0  7 21 0 0 1 1 1 0 0 1 0 0 1 1 0 1
2014   2 28  7 18  3  82160  -30.19195  -41.97728     5748  67.4  2  0  6 15 0 0 1 1 1 0 0 1 0 0 1 0 0 1
2014   2 28  7 18  3 112442  -30.20437  -41.95338     5725  66.9  2  0  6 15 0 0 1 1 1 0 0 1 0 0 1 0 0 1
2014   2 28  7 18  3 127595  -30.18648  -41.96522     7354  74.9  2  0  5 10 0 0 1 1 1 0 0 0 0 0 1 0 0 1
2014   2 28  7 18  3 676036  -30.28327  -41.76736     6597  61.8  2  0  5  9 0 0 1 1 1 0 0 1 0 0 1 0 0 0
2014   2 28  7 18  3 685784  -30.19097  -41.94084     5984  71.6  2  0  6 15 0 0 1 1 1 0 0 1 0 0 1 0 0 1
2014   2 28  7 18  4  87493  -20.78836  -47.28730     3857  95.1  2  0  7 19 0 0 1 1 1 0 0 1 0 1 1 0 0 1
2014   2 28  7 18  4 130159  -21.31482  -46.70354     4294  80.4  2  0  6 15 0 0 1 1 1 0 0 1 0 0 1 0 0 1
2014   2 28  7 18  4 151048  -21.31342  -46.70053     4285  80.2  2  0  6 15 0 0 1 1 1 0 0 1 0 0 1 0 0 1
2014   2 28  7 18  5 832917  -21.58998  -51.03958     5509  73.2  2  0  6 11 0 0 1 1 0 0 0 1 0 0 1 1 0 1
2014   2 28  7 18  6  34944  -21.68451  -50.79049     4680  85.6  2  0  7 16 0 0 1 1 1 0 0 1 0 0 1 1 0 1
2014   2 28  7 18  6 120301  -21.72858  -50.74742     4780 126.1  2  0  7 18 0 0 1 1 1 0 0 1 0 1 1 0 0 1
2014   2 28  7 18  6 670647  -11.81018  -73.29896     7724 115.9  2  0  6 14 0 0 1 1 1 0 0 0 0 0 1 1 0 1
2014   2 28  7 18  7 118997  -13.59589  -43.81256     4249  97.3  2  0  6 15 0 0 1 1 1 0 0 1 0 0 1 1 0 0
2014   2 28  7 18  7 302884   -4.14507  -71.44845     5790 106.5  2  0  7 21 0 0 1 0 1 0 0 1 0 1 1 1 0 1
2014   2 28  7 18  7 887273  -21.66498 -143.87944    18815  51.6  2  0  5 10 0 0 1 1 0 0 0 1 0 0 1 1 0 0
2014   2 28  7 18  8 473459   -7.80909  174.14442    23653  10.6  0  0  4  6 0 0 1 1 0 0 0 1 0 0 1 0 0 0
2014   2 28  7 18  8 646207   -1.00506  -71.52902     2751  11.4  0  0  6 15 0 0 1 1 1 0 0 1 0 0 1 1 0 0
2014   2 28  7 18  9  28449    7.08704  -73.49336     3797   6.2  0  0  7 21 0 0 1 1 1 0 0 1 0 1 1 0 0 1
2014   2 28  7 18  9 209067  -20.96633  -47.24126     3236   8.6  0  0  5  7 0 0 1 1 1 0 0 1 0 0 0 0 0 1
2014   2 28  7 18  9 232056  -20.54366  -48.91599     2485  23.9  0  0  7 21 0 0 1 1 1 0 0 1 0 1 1 1 0 0
2014   2 28  7 18  9 752321  -25.27744 -134.57724     5028  11.5  0  0  7 21 0 0 1 1 1 0 0 0 0 1 1 1 0 1
2014   2 28  7 18  9 775562  -25.19721 -136.41949    17991  76.1  2  0  6 11 0 0 1 1 1 0 0 1 0 0 0 1 0 1
2014   2 28  7 18  9 797156  -25.28004 -135.38867     8279  14.5  0  0  7 21 0 0 0 1 1 0 0 1 0 1 1 1 0 1
2014   2 28  7 18  9 811548  -25.27697 -134.60486     6549  12.9  0  0  6 15 0 0 1 1 1 0 0 0 0 0 1 1 0 1
2014   2 28  7 18 10 582132    4.86179  -73.15386     3223  24.0  0  0  7 19 0 0 1 1 1 0 0 1 0 0 1 1 0 1
2014   2 28  7 18 10 709352  -30.00575  -41.76175     3993  13.0  0  0  5 10 0 0 0 1 1 0 0 1 0 0 1 0 0 1
2014   2 28  7 18 11 321465  -20.73918  -47.18621     2765  25.1  0  0  6 15 0 0 1 1 1 0 0 1 0 0 1 0 0 1
2014   2 28  7 18 11 467619  -20.95911  -98.75676     7368   1.4  0  0  4  6 0 0 1 1 0 0 0 1 0 0 1 0 0 0
2014   2 28  7 18 11 617996  -20.50464  -47.37799     3409  44.5  1  0  6 14 0 0 1 1 1 0 0 1 0 0 0 1 0 1
2014   2 28  7 18 12 478545  -14.51859  -43.66948     2674  23.5  0  0  7 20 0 0 1 0 1 0 0 1 0 1 0 1 1 1
2014   2 28  7 18 12 594937    0.23054   -0.78855    63161  31.2  1  0  5 10 0 0 1 1 1 0 0 0 0 0 1 0 0 1
2014   2 28  7 18 13 658753  -16.08298  165.09721    20284  51.6  1  0  6 14 0 0 1 1 0 0 0 0 0 0 1 1 1 1
2014   2 28  7 18 13 805378  -30.04038  -41.65246     5995  36.4  1  0  5 10 0 0 1 0 1 0 0 1 0 0 1 0 0 1
2014   2 28  7 18 13 956059  -30.03079  -41.64979     6177  38.3  1  0  5 10 0 0 1 0 1 0 0 1 0 0 1 0 0 1
2014   2 28  7 18 13 973425  -13.42917  -39.31095     3793  23.8  0  0  5  9 0 0 1 1 1 0 0 1 0 0 0 0 0 1
2014   2 28  7 18 14 227666  -29.88368  -41.94400     3960  43.7  0  0  7 18 0 0 1 1 0 0 0 1 0 1 1 1 0 1
2014   2 28  7 18 14 235992  -29.90248  -41.90231     4331  41.4  1  0  6 15 0 0 1 1 1 0 0 1 0 0 1 0 0 1
2014   2 28  7 18 14 767052  -12.27476  -71.82899     7648  19.5  0  0  5  9 0 0 0 0 1 0 0 1 0 1 1 0 0 1
2014   2 28  7 18 15 740335  -21.19633  -46.48455     3586  55.9  1  0  6 15 0 0 1 1 1 0 0 1 0 0 1 0 0 1
2014   2 28  7 18 16 378155   -4.71489  -72.44173     6357  71.2  2  0  6 15 0 0 0 1 1 0 0 1 0 0 1 1 0 1
2014   2 28  7 18 16 512165  -32.13800  -93.16232    18362  23.0  0  0  5  9 0 0 0 1 1 0 0 0 0 0 1 1 0 1
2014   2 28  7 18 16 544308   -4.68136  -72.22466     4263  71.7  2  0  7 21 0 0 1 1 1 0 0 1 0 0 1 1 0 1
2014   2 28  7 18 17 406521  -27.97279 -133.78120    13458  65.2  1  0  7 21 0 0 1 0 1 0 0 1 0 1 1 1 0 1
2014   2 28  7 18 17 428034  -28.86604 -133.41193    26393  15.5  0  0  4  6 0 0 1 1 0 0 0 1 0 0 1 0 0 0
2014   2 28  7 18 18 284676  -12.50257  -70.96789     6874  55.8  2  0  5 10 0 0 1 0 1 0 0 1 0 0 1 0 0 1
2014   2 28  7 18 18 589315  -12.17379  -71.50137     6246 104.3  2  0  6 15 0 0 1 1 1 0 0 0 0 1 1 1 0 0
2014   2 28  7 18 19 244703  -22.72359  -45.82327     4281  87.2  2  0  6 15 0 0 1 1 1 0 0 1 0 1 0 0 0 1
2014   2 28  7 18 19 280913   30.21089 -137.79025    32878 110.6  2  0  6 15 0 0 1 1 1 0 0 1 0 0 1 1 0 0
2014   2 28  7 18 20 315791    5.00932  153.75723     9100  19.9  0  0  4  6 0 0 1 0 0 0 0 1 0 0 1 1 0 0
2014   2 28  7 18 21 541270  -18.37072 -143.71973     9861   6.2  0  0  4  6 0 0 1 0 0 0 0 1 0 0 1 1 0 0
2014   2 28  7 18 22 423053  -21.26197  -46.94425     4168 114.1  2  0  7 20 0 0 1 1 1 0 0 1 0 1 1 0 0 1
2014   2 28  7 18 22 493250  -21.00612  -47.37447     4637  59.3  2  0  5  8 0 0 1 1 0 0 0 1 0 1 0 1 0 0
2014   2 28  7 18 22 514106  -20.57079  -48.67060     4469 123.8  2  0  7 19 0 0 1 1 1 0 0 1 0 1 1 0 0 1
2014   2 28  7 18 22 619154  -21.30873  -46.78078     4939 100.9  2  0  6 14 0 0 1 1 1 0 0 1 0 0 1 0 0 1
2014   2 28  7 18 23 124674  -11.89265  -73.00563     5235 103.3  2  0  7 21 0 0 1 0 1 0 0 1 0 1 1 1 0 1
2014   2 28  7 18 23 196745  -11.87240  -73.36624     6019 130.7  2  0  7 21 0 0 1 1 1 0 0 1 0 0 1 1 0 1
2014   2 28  7 18 24 177452   -5.47266  -54.47258     2406  12.3  0  0  7 21 0 0 1 1 1 0 0 1 0 1 0 1 0 1
2014   2 28  7 18 24 970046   -6.44874    7.21583     8741   7.2  0  0  5 10 0 0 1 1 1 0 0 1 0 0 0 0 0 1
2014   2 28  7 18 25 531541  -19.84657 -140.80566     8551  11.2  0  0  5 10 0 0 1 0 1 0 0 0 0 0 1 1 0 1
2014   2 28  7 18 25 653229    0.29888    1.60096     5768  11.7  0  0  6 15 0 0 1 1 1 0 0 1 0 0 0 1 0 1
2014   2 28  7 18 25 773415  -19.87845 -141.10638    14564  21.5  1  0  4  6 0 0 1 0 0 0 0 1 0 0 0 1 0 1
2014   2 28  7 18 25 800184  -19.79213 -141.36638     9518   6.9  0  0  4  6 0 0 1 1 0 0 0 1 0 0 0 1 0 0
2014   2 28  7 18 25 935888   -0.71733  -16.40960     5311  15.2  0  0  7 19 0 0 1 1 1 0 0 1 0 0 1 1 0 1
2014   2 28  7 18 26  22439    2.48999  -84.27972    13286  16.8  0  0  5 10 0 0 0 1 1 0 0 1 0 1 1 0 0 0
2014   2 28  7 18 26  68283  -19.92636 -140.98932    17369   0.8  0  0  4  6 0 0 1 1 0 0 0 1 0 0 1 0 0 0
2014   2 28  7 18 26  93000    2.83119  -84.69606     3505  15.7  0  0  6 15 0 0 1 1 1 0 0 0 0 0 1 1 0 1
2014   2 28  7 18 26 556364  -21.20419  -46.81020     2975  19.3  0  0  5  9 0 0 0 1 1 0 0 1 0 0 1 0 0 1
2014   2 28  7 18 27 770309   -5.35463  -72.34201     3913  11.2  0  0  4  6 0 0 1 0 0 0 0 0 0 0 1 1 0 1
2014   2 28  7 18 28 816924    6.84928  -74.20383     9481  44.3  1  0  6 11 0 0 0 1 1 0 0 0 0 1 1 1 0 1
2014   2 28  7 18 28 855008  -14.45481  -43.91389     3111  45.8  0  0  7 18 0 0 1 1 1 0 0 1 0 0 1 1 0 1
2014   2 28  7 18 28 902658  -14.40800  -43.91648     3080  47.5  0  0  7 17 0 0 1 1 1 0 0 1 0 0 1 1 0 1
2014   2 28  7 18 28 987856  -30.10949  -41.85352     3121  29.1  0  0  7 21 0 0 1 1 1 0 0 1 0 1 1 0 0 1
2014   2 28  7 18 29  66415  -14.45308  -43.96903     3626  45.6  1  0  5 10 0 0 0 1 1 0 0 1 0 0 1 0 0 1
2014   2 28  7 18 29 127648    6.83441  -73.88044     4698  38.7  0  0  6 15 0 0 1 0 1 0 0 1 0 1 0 1 0 1
2014   2 28  7 18 29 520708  -30.35342  -41.74146     3645   4.2  0  0  4  6 0 0 1 1 1 0 0 1 0 0 0 0 0 0
2014   2 28  7 18 29 598734  -20.57566  -47.27657     3765  40.7  1  0  5 10 0 0 0 1 1 0 0 1 0 0 1 0 0 1
2014   2 28  7 18 29 612239  -14.37477  -43.95990     2755  11.2  0  0  5  7 0 0 1 1 0 0 0 1 0 0 1 1 0 0
2014   2 28  7 18 29 859482  -28.70750 -135.39427    27792  15.8  0  0  4  6 0 0 1 1 0 0 0 1 0 0 1 0 0 0
2014   2 28  7 18 30 432354   -4.16204  -71.46640     4498  50.9  1  0  6 15 0 0 1 1 1 0 0 0 0 0 1 1 0 1
2014   2 28  7 18 32   7940  -29.89085  -41.94922     4510  45.8  1  0  6 15 0 0 1 1 1 0 0 1 0 0 1 0 0 1
2014   2 28  7 18 32 644458  -22.51928  -46.08489     4102  58.8  2  0  5 10 0 0 0 1 1 0 0 1 0 1 0 0 0 1
2014   2 28  7 18 32 651680  -22.48989  -45.92034     3727  60.4  2  0  6 15 0 0 1 1 1 0 0 1 0 0 1 0 0 1
2014   2 28  7 18 33 490242  -21.25095 -141.84100    53992  77.9  2  0  5 10 0 0 1 1 1 0 0 1 0 0 0 0 0 1
2014   2 28  7 18 35 410189  -10.29383  161.33966   123333  89.9  2  0  6 15 0 0 1 1 1 0 0 1 0 0 1 0 0 1
2014   2 28  7 18 35 870242  -12.70236  -71.79067     5251 111.0  2  0  7 21 0 0 1 1 0 0 0 1 0 1 1 1 0 1
2014   2 28  7 18 36 128944  -20.72068  -47.45084     3879 104.3  2  0  7 21 0 0 1 1 1 0 0 1 0 1 0 1 0 1
2014   2 28  7 18 36 411270  -21.99936 -141.84134    10716   8.5  0  0  4  6 0 0 1 0 0 0 0 1 0 0 1 1 0 0
2014   2 28  7 18 36 686855  -23.09362  -46.09353     4269 109.8  2  0  7 21 0 0 1 1 1 0 0 0 0 1 1 1 0 1
2014   2 28  7 18 37 730254  -23.21723   36.51025    41405  62.1  2  0  5  7 0 0 1 0 1 0 0 1 0 0 1 0 0 1
2014   2 28  7 18 37 765207    0.84219  -78.65631    10528   7.4  0  0  4  6 0 0 1 1 0 0 0 0 0 1 0 0 0 1
2014   2 28  7 18 39 415460   -5.54421   10.55713    34120 116.8  2  0  6 12 0 0 1 1 0 0 0 1 0 0 1 1 0 1
2014   2 28  7 18 39 746743   -1.94388  151.09399     6256  24.0  0  0  5 10 0 0 1 1 0 0 0 1 0 0 1 1 0 0
2014   2 28  7 18 40 663486  -25.15326  -44.61257     3285   9.4  0  0  5 10 0 0 1 0 1 0 0 1 0 0 1 0 0 1
2014   2 28  7 18 40 698142  -24.79983  -45.04990     2845  11.4  0  0  5 10 0 0 1 1 1 0 0 1 0 0 0 0 0 1
2014   2 28  7 18 41 289196    7.12193  -73.98848     4214  10.6  0  0  5  8 0 0 0 1 1 0 0 1 0 0 1 1 0 0
2014   2 28  7 18 41 600598  -10.74670  -57.66275     2716  14.6  0  0  6 14 0 0 0 1 1 0 0 1 0 0 1 1 0 1
2014   2 28  7 18 41 635013  -10.79415  -57.53278     2624  12.2  0  0  7 20 0 0 1 1 1 0 0 1 0 1 1 0 0 1
2014   2 28  7 18 42 170172  -30.10607  -41.66181     3670  10.1  0  0  5 10 0 0 1 0 1 0 0 1 0 0 1 0 0 1
2014   2 28  7 18 42 266237  -30.09788  -41.65625     2997   7.3  0  0  5 10 0 0 1 1 1 0 0 0 0 0 1 0 0 1
2014   2 28  7 18 42 419120  -30.08870  -41.72200     3144   7.8  0  0  5 10 0 0 1 1 1 0 0 1 0 0 0 0 0 1
2014   2 28  7 18 42 427407  -30.09942  -41.68645     2524   9.2  0  0  7 21 0 0 1 1 1 0 0 1 0 1 1 0 0 1
2014   2 28  7 18 42 446968  -30.09277  -41.67982     2785   9.7  0  0  6 15 0 0 1 1 1 0 0 1 0 0 1 0 0 1
2014   2 28  7 18 42 536408  -30.13266  -41.71232     3200   8.9  0  0  5 10 0 0 1 1 1 0 0 1 0 0 0 0 0 1
2014   2 28  7 18 42 626482  -11.97434  -73.09853     3050  22.5  0  0  6 15 0 0 1 1 0 0 0 1 0 0 1 1 0 1
2014   2 28  7 18 42 737633  -30.08884  -41.65364     2851   9.4  0  0  6 14 0 0 1 1 1 0 0 1 0 0 1 0 0 1
2014   2 28  7 18 42 754184  -12.15520  -73.45879     3950   9.5  0  0  5 10 0 0 0 1 1 0 0 1 0 0 0 1 0 1
2014   2 28  7 18 43 130623  -11.76809  -72.99848     3458  26.9  0  0  6 13 0 0 1 1 0 0 0 1 0 0 1 1 0 1
2014   2 28  7 18 43 372674   -4.79177  -71.01426     5268  13.4  0  0  6 15 0 0 1 1 1 0 0 0 0 1 1 0 0 1
2014   2 28  7 18 44 132800  -22.55265  -45.93515     2874  34.2  0  0  7 20 0 0 1 1 1 0 0 1 0 1 1 1 0 0
2014   2 28  7 18 44 141611  -21.16247  -49.21413     3243   5.9  0  0  4  6 0 0 1 0 0 0 0 1 0 1 1 0 0 0
2014   2 28  7 18 44 217440   -4.17663  -71.23074     4963  14.8  0  0  5 10 0 0 0 0 1 0 0 0 0 1 1 1 0 1
2014   2 28  7 18 44 254042   -4.41625  -71.20161     4925  31.0  0  0  6 15 0 0 1 1 0 0 0 1 0 1 1 0 0 1
2014   2 28  7 18 44 561896  -22.67682  -45.74550     3472  33.4  1  0  5  9 0 0 0 1 1 0 0 1 0 0 1 0 0 1
2014   2 28  7 18 44 791292  -21.86377 -140.57254     8172  30.1  0  0  7 21 0 0 1 0 1 0 0 1 0 1 1 1 0 1
2014   2 28  7 18 45 383814  -21.90231 -140.90585     9220  40.7  0  0  7 21 0 0 1 1 0 0 0 1 0 1 1 1 0 1
2014   2 28  7 18 45 431449  -21.84861 -141.32422    10219  33.7  0  0  6 15 0 0 1 1 1 0 0 1 0 0 1 1 0 0
2014   2 28  7 18 45 581209    4.76100  -74.00115     7986  42.4  1  0  6 13 0 0 0 1 1 0 0 0 0 1 1 1 0 1
2014   2 28  7 18 45 619356  -21.99376 -140.54301    11189  36.1  0  0  6 15 0 0 1 0 1 0 0 1 0 1 1 1 0 0
2014   2 28  7 18 45 820042  -21.24178  -46.74398     3057  35.2  0  0  6 15 0 0 1 1 1 0 0 1 0 0 1 0 0 1
2014   2 28  7 18 45 948402    4.76237  -74.01660     4537   4.2  0  0  5  8 0 0 0 0 1 0 0 1 0 1 0 1 0 1
2014   2 28  7 18 46 240791  -14.46158  -43.92338     3269  37.5  1  0  5  9 0 0 1 1 1 0 0 1 0 0 1 0 0 0
2014   2 28  7 18 46 477620   18.96890  -92.11359    10069  48.0  1  0  6 15 0 0 1 1 1 0 0 1 0 0 1 1 0 0
2014   2 28  7 18 46 988870  -27.91008  -43.46061     3236  35.4  0  0  7 19 0 0 1 1 1 0 0 1 0 1 0 1 0 1
2014   2 28  7 18 47    404  -27.93883  -43.43156     3247  14.9  0  0  5 10 0 0 1 1 1 0 0 1 0 0 0 0 0 1
2014   2 28  7 18 47 198526   29.72109 -128.82433    19660  74.6  2  0  7 19 0 0 1 1 1 0 0 1 0 1 0 1 0 1
2014   2 28  7 18 47 692659  -20.17342  -48.47651     4571  23.0  0  0  5  7 0 0 1 0 1 0 0 0 0 1 1 0 0 1
2014   2 28  7 18 47 827612  -22.54425  -45.80099     3650  79.2  2  0  7 21 0 0 1 1 1 0 0 1 0 0 1 1 0 1
2014   2 28  7 18 47 863463  -20.75178  -46.44535     4279  50.2  2  0  5 10 0 0 1 1 1 0 0 1 0 0 0 0 0 1
2014   2 28  7 18 50 437414  -19.09279 -141.88307    51310  72.4  2  0  5 10 0 0 1 1 1 0 0 1 0 0 1 0 0 0
2014   2 28  7 18 50 652517  -20.72367  -47.03870     3077  22.6  0  0  5 10 0 0 1 0 1 0 0 1 0 0 1 0 0 1
2014   2 28  7 18 50 800750  -20.72770  -47.39362     5265  97.7  2  0  6 13 0 0 0 1 1 0 0 1 0 0 1 1 0 1
2014   2 28  7 18 51 227374  -19.30301 -142.24931    23927  85.2  2  0  6 15 0 0 1 1 1 0 0 0 0 0 1 1 0 1
2014   2 28  7 18 51 463581  -21.42471 -141.79640    33712  67.5  2  0  5  9 0 0 1 0 0 0 0 0 0 0 1 1 1 1
2014   2 28  7 18 51 494632  -21.64650 -140.65167    14367  67.4  1  0  7 21 0 0 1 0 1 0 0 1 0 1 1 1 0 1
2014   2 28  7 18 51 534158  -21.40752 -142.24565    16356  81.9  2  0  7 21 0 0 1 1 1 0 0 1 0 0 1 1 0 1
2014   2 28  7 18 51 550473  -21.40588 -142.24355    16362  82.1  2  0  7 21 0 0 1 1 1 0 0 1 0 0 1 1 0 1
2014   2 28  7 18 52 663422    1.93535    5.07712    15313  80.4  2  0  7 20 0 0 1 1 1 0 0 1 0 0 1 1 0 1
2014   2 28  7 18 52 844346  -33.35875   13.82493    44132  73.5  2  0  5 10 0 0 1 1 1 0 0 0 0 0 1 0 0 1
2014   2 28  7 18 53 208886   33.52501 -167.22379    14323  79.3  2  0  7 21 0 0 1 0 1 0 0 1 0 1 1 1 0 1
2014   2 28  7 18 53 276407   33.54484 -167.26334    14426  79.8  2  0  7 21 0 0 1 0 1 0 0 1 0 1 1 1 0 1
2014   2 28  7 18 54 222790  -23.59504  -45.77365     5343  99.9  2  0  6 15 0 0 1 1 1 0 0 1 0 0 1 0 0 1
2014   2 28  7 18 56 452300  -34.24808  -38.00475     4540  19.8  0  0  5 10 0 0 1 1 1 0 0 1 0 0 0 0 0 1
2014   2 28  7 18 56 462215  -34.24594  -38.01537     4573  20.4  0  0  5 10 0 0 1 1 1 0 0 1 0 0 0 0 0 1
2014   2 28  7 18 56 644621   -4.29785  -71.43813     3204  13.5  0  0  5 10 0 0 1 0 1 0 0 0 0 1 0 1 0 1
2014   2 28  7 18 56 970284  -20.44239 -141.95625    13808  20.4  1  0  4  6 0 0 1 1 0 0 0 1 0 0 0 1 0 0
2014   2 28  7 18 57 435281  -20.89556  -49.78555     3523  50.7  1  0  6 12 0 0 1 1 1 0 0 1 0 1 0 0 0 1
2014   2 28  7 18 58 455812  -30.38411  -41.57056     3708  18.0  0  0  5 10 0 0 1 1 1 0 0 1 0 0 0 0 0 1
2014   2 28  7 18 58 870363  -30.40223  -41.61279     3714  18.1  0  0  5 10 0 0 1 1 1 0 0 1 0 0 0 0 0 1
2014   2 28  7 18 58 942457  -30.36137  -41.69485     3343  29.8  0  0  6 15 0 0 1 1 1 0 0 1 0 1 0 1 0 0
2014   2 28  7 18 59  59926  -30.36428  -41.69720     3077  25.8  0  0  7 18 0 0 1 1 1 0 0 1 0 1 0 1 0 1
2014   2 28  7 18 59  98961    6.95654  -75.04437     4736   5.6  0  0  5  8 0 0 0 1 1 0 0 1 0 0 0 1 0 1
2014   2 28  7 18 59 353966   -9.73520  160.02811    19195  19.7  0  0  6 15 0 0 1 1 1 0 0 1 0 1 0 0 0 1
2014   2 28  7 18 59 402506   37.61246 -165.43518     8834  26.0  0  0  6 15 0 0 1 1 1 0 0 0 0 1 0 1 0 1
2014   2 28  7 18 59 455122   37.57628 -165.76590    17728  34.0  1  0  5 10 0 0 1 1 0 0 0 1 0 0 0 1 0 1
2014   2 28  7 18 59 622484    7.09993  -74.98111     4639  10.6  0  0  5  9 0 0 0 1 0 0 0 1 0 1 0 1 0 1
2014   2 28  7 18 59 663093  -21.17015  -46.90128     4263  46.4  1  0  5  8 0 0 1 1 0 0 0 1 0 0 0 1 0 1
2014   2 28  7 18 59 908973  -29.97870  -41.73297    13537  40.6  1  0  5  9 0 0 0 1 1 0 0 1 0 1 0 1 0 0
2014   2 28  7 18 59 965769  -11.92021  -72.96623     3081  33.8  0  0  7 21 0 0 1 1 1 0 0 1 0 0 0 1 1 1
2014   2 28  7 19  0  46596  -19.05927 -142.41653     9436  30.8  0  0  6 15 0 0 1 1 1 0 0 1 0 0 0 1 0 1
2014   2 28  7 19  0  95759  -11.91270  -72.93938     3147  34.2  0  0  7 20 0 0 1 1 1 0 0 1 0 1 0 1 0 1
2014   2 28  7 19  0 108046  -19.11791 -141.68515     7616  11.0  0  0  5 10 0 0 1 0 1 0 0 0 0 1 0 1 0 1
2014   2 28  7 19  0 279209  -18.97958 -144.32828    10364  15.7  0  0  6 15 0 0 0 1 1 0 0 1 0 1 0 1 0 1
2014   2 28  7 19  0 574792  -11.88978  -72.90907     3471  34.5  0  0  6 15 0 0 1 1 1 0 0 0 0 1 0 1 0 1
2014   2 28  7 19  0 694022  -11.92529  -72.95209     3328  40.9  0  0  7 21 0 0 1 1 1 0 0 1 0 1 0 1 0 1
2014   2 28  7 19  0 746840  -12.21491  -72.87808     3885  26.4  0  0  6 15 0 0 1 1 1 0 0 1 0 1 0 0 0 1
2014   2 28  7 19  1 158924  -11.98930  -73.20238     4379  41.6  1  0  5 10 0 0 1 1 1 0 0 0 0 0 0 1 0 1
2014   2 28  7 19  1 526830   -7.32971    7.98393    15666  29.7  0  0  5 10 0 0 1 1 1 0 0 1 0 0 0 0 0 1
2014   2 28  7 19  1 635118   -7.14279    8.41662    21031  23.3  1  0  4  6 0 0 1 1 0 0 0 1 0 0 0 0 0 1
2014   2 28  7 19  2 401158  -25.46066  -44.73423     3601  29.1  0  0  5  8 0 0 1 1 1 0 0 1 0 0 0 0 0 1
2014   2 28  7 19  2 410956  -25.44113  -44.75875     3430  30.0  0  0  5 10 0 0 1 1 1 0 0 1 0 0 0 0 0 1
2014   2 28  7 19  5  69105   -6.52589  171.08217    10894  61.8  1  0  7 21 0 0 1 1 1 0 0 1 0 1 0 1 0 1
2014   2 28  7 19  8 499708   -9.99480  -69.01718     5407 116.7  2  0  7 21 0 0 1 1 1 0 0 1 0 1 0 1 0 1
2014   2 28  7 19  8 510901    6.86191  -78.33688     8327 100.6  2  0  6 15 0 0 1 1 1 0 0 1 0 0 0 1 0 1
2014   2 28  7 19 11  56319  -29.88568  -42.67295     5026  75.5  2  0  6 15 0 0 1 1 1 0 0 1 0 1 0 1 0 0
2014   2 28  7 19 11  73580  -29.92285  -42.64680     4002  27.1  0  0  5 10 0 0 1 1 1 0 0 1 0 0 0 0 0 1
2014   2 28  7 19 11  81869  -29.93094  -42.64462     4013  26.9  0  0  5 10 0 0 1 1 1 0 0 1 0 0 0 0 0 1
2014   2 28  7 19 13 220875  -29.93905  -41.68441     3488  16.5  0  0  5 10 0 0 1 1 1 0 0 1 0 0 0 0 0 1
2014   2 28  7 19 13 279986  -29.91134  -41.71009     3501  17.2  0  0  5 10 0 0 1 1 1 0 0 1 0 0 0 0 0 1
2014   2 28  7 19 14 245678  -16.60138  -51.79691     2771   4.0  0  0  5  7 0 0 1 1 1 0 0 1 0 0 0 0 0 1
2014   2 28  7 19 15 214783   -5.38891  -63.53956     4650   2.1  0  0  5 10 0 0 1 1 1 0 0 0 0 1 0 0 0 1
2014   2 28  7 19 15 429030   -5.13393  -63.67514     5223  20.5  0  0  5  8 0 0 1 1 0 0 0 1 0 1 0 0 0 1
2014   2 28  7 19 17 144527  -11.27367  162.09645    25510  33.5  0  0  6 15 0 0 1 1 1 0 0 1 0 1 0 0 0 1
2014   2 28  7 19 17 727486    0.86735  -83.08762     7451   3.7  0  0  5 10 0 0 1 1 1 0 0 0 0 1 0 0 0 1
2014   2 28  7 19 18   5039  -16.06403  -51.64130     2702  29.8  0  0  7 21 0 0 1 1 1 0 0 1 0 1 0 0 1 1
2014   2 28  7 19 18 861756  -21.18751  -47.04316     3554  32.4  1  0  5  9 0 0 1 1 1 0 0 1 0 0 0 0 0 1
2014   2 28  7 19 18 893465  -21.17604  -47.02613     3651  30.1  1  0  5  8 0 0 1 1 1 0 0 1 0 0 0 0 0 1
2014   2 28  7 19 18 932094  -21.11383  -47.14045     3421  57.6  1  0  6 15 0 0 1 1 1 0 0 1 0 1 0 0 0 1
2014   2 28  7 19 19    481  -21.24175  -46.98080     3144  43.6  1  0  6 14 0 0 1 1 1 0 0 1 0 1 0 0 0 1
2014   2 28  7 19 19   8428  -21.21662  -47.06164     3696  36.2  1  0  5  9 0 0 1 1 1 0 0 1 0 0 0 0 0 1
2014   2 28  7 19 19 122132  -21.28194  -47.01263     3100  17.6  0  0  5  7 0 0 0 1 1 0 0 1 0 1 0 0 0 1
2014   2 28  7 19 19 501273   -6.42460  -54.96848     4828  53.4  1  0  6 15 0 0 1 1 1 0 0 1 0 1 0 0 0 1
2014   2 28  7 19 20 725275  -20.82376  -47.33887     3372  56.5  1  0  6 15 0 0 1 1 1 0 0 1 0 1 0 0 0 1
2014   2 28  7 19 22 496038   -7.49222    7.40970    25253  82.2  2  0  6 15 0 0 1 1 1 0 0 1 0 1 0 0 0 1
2014   2 28  7 19 22 770668   21.33081  -82.19524    31181  67.2  2  0  5 10 0 0 1 1 0 0 0 1 0 1 0 0 0 1
2014   2 28  7 19 23 362105  -20.22186 -139.14711    42894  96.9  2  0  6 15 0 0 1 1 1 0 0 1 0 1 0 0 0 1
2014   2 28  7 19 23 565832  -24.41159 -134.97563    17765  21.1  0  0  5 10 0 0 1 0 1 0 0 1 0 1 0 0 0 1
2014   2 28  7 19 24 573665  -21.70824 -136.16870    17712  22.2  0  0  5 10 0 0 1 0 1 0 0 1 0 1 0 0 0 1
2014   2 28  7 19 24 639044  -24.34745  -45.57431     4466  75.3  2  0  6 14 0 0 1 1 1 0 0 1 0 1 0 0 0 1
2014   2 28  7 19 26 488009   -7.98437  -69.42191     6260   1.1  0  0  4  6 0 0 1 1 1 0 0 0 0 1 0 0 0 0
2014   2 28  7 19 26 529772   -5.42421  -71.12791    11084 117.6  2  0  6 15 0 0 1 1 1 0 0 1 0 1 0 0 0 1
2014   2 28  7 19 26 982174   62.64656  156.32498    18039  20.3  1  0  4  6 0 0 1 1 0 0 0 1 0 1 0 0 0 0
2014   2 28  7 19 27 320417   -7.99074  -69.34439     5113   6.7  0  0  5 10 0 0 1 1 1 0 0 0 0 1 0 0 0 1
