2014   2 28  7 19 28  57997  -22.60169  -45.75899     3253   0.9  0  0  4  6 0 0 1 1 0 0 0 0 0 0 1 1 0 0
2014   2 28  7 19 30 940902  -12.41044  -71.56847     3323   9.6  0  0  4  6 0 0 1 1 0 0 0 0 0 0 1 1 0 0
2014   2 28  7 19 32 142063  -12.74790  -71.70345     3510  12.5  0  0  4  6 0 0 1 1 0 0 0 0 0 0 1 1 0 0
2014   2 28  7 19 32 509726  -30.39455  -41.62730     5231  32.6  1  0  4  6 0 0 1 1 0 0 0 0 0 1 1 0 0 0
2014   2 28  7 19 32 882178  -14.24372  -61.88119     4053  29.3  1  0  4  6 0 0 1 1 0 0 0 0 0 0 1 1 0 0
2014   2 28  7 19 39 222899  -20.96615  -47.23335     3713  24.5  0  0  5  7 0 0 1 1 0 0 0 0 0 1 1 1 0 0
2014   2 28  7 19 44 246681   -9.76790  160.10991     8452  25.9  0  0  5 10 0 0 0 1 1 0 0 1 0 0 1 1 0 0
2014   2 28  7 19 44 306925  -10.25775  160.89523     6811  25.1  0  0  7 19 0 0 1 1 1 0 0 1 0 0 1 1 0 1
2014   2 28  7 19 44 753267  -22.65722  -45.77742     2762  14.3  0  0  5 10 0 0 1 1 1 0 0 1 0 0 0 0 0 1
2014   2 28  7 19 44 986377  -22.63889  -45.77131     2597  16.6  0  0  6 15 0 0 1 1 1 0 0 1 0 0 1 0 0 1
2014   2 28  7 19 44 996036  -22.62073  -45.80485     2466  20.2  0  0  7 19 0 0 0 1 1 0 0 1 0 1 1 1 0 1
2014   2 28  7 19 45  33758  -20.53794  -48.51999     2784  13.4  0  0  5 10 0 0 1 1 1 0 0 1 0 0 1 0 0 0
2014   2 28  7 19 45  57543  -20.50562  -48.58727     2460  21.9  0  0  7 21 0 0 1 1 1 0 0 1 0 1 1 1 0 0
2014   2 28  7 19 45 191496  -22.64172  -45.77921     2793  15.5  0  0  5 10 0 0 1 1 1 0 0 1 0 0 0 0 0 1
2014   2 28  7 19 45 221732  -20.44658  -48.71798     4237  66.2  2  0  6 13 0 0 1 1 1 0 0 1 0 0 1 0 0 1
2014   2 28  7 19 45 272227  -22.64206  -45.77452     2613  16.5  0  0  6 14 0 0 1 1 1 0 0 1 0 0 1 0 0 1
2014   2 28  7 19 45 371472  -22.63774  -45.76727     2625  17.9  0  0  6 15 0 0 1 1 1 0 0 1 0 0 1 0 0 1
2014   2 28  7 19 45 522708    5.05555  -72.15430     5749  31.3  1  0  5  9 0 0 0 1 1 0 0 1 0 0 1 1 0 0
2014   2 28  7 19 45 629516  -30.14624  -41.47655     3124  20.9  0  0  6 15 0 0 1 1 1 0 0 1 0 0 1 0 0 1
2014   2 28  7 19 45 885835  -22.62966  -45.57789     4202  29.4  0  0  5  9 0 0 1 1 0 0 0 1 0 1 1 0 0 0
2014   2 28  7 19 46 641992  -23.36182  -45.75812     3928  30.9  1  0  5 10 0 0 0 1 1 0 0 1 0 0 1 0 0 1
2014   2 28  7 19 46 885916    2.82747  -84.62402     4242  15.4  0  0  5  9 0 0 1 0 1 0 0 0 0 0 1 1 0 1
2014   2 28  7 19 48  64036    9.14325  -73.21106     6952  47.1  1  0  6 15 0 0 0 1 1 0 0 1 0 1 1 1 0 0
2014   2 28  7 19 48 136885    4.89837  149.73569     9436  25.8  1  0  4  6 0 0 1 0 1 0 0 1 0 0 0 1 0 0
2014   2 28  7 19 48 764502  -19.02638  167.53754   138574  59.5  1  0  6 15 0 0 1 1 1 0 0 1 0 0 1 0 0 1
2014   2 28  7 19 52 158035  -21.07781  -46.71866     3967  22.4  0  0  5  8 0 0 1 1 1 0 0 1 0 0 1 0 0 0
2014   2 28  7 19 52 838174   -2.75341    6.02265    30066  60.1  2  0  5  7 0 0 1 1 0 0 0 0 0 0 1 1 0 1
2014   2 28  7 19 53 254054  -30.41060  -41.07420     4583  54.3  1  0  6 15 0 0 1 1 1 0 0 1 0 0 1 0 0 1
2014   2 28  7 19 53 963880    6.44444  -76.33615     5069  53.0  1  0  7 18 0 0 1 1 1 0 0 0 0 1 1 1 0 1
2014   2 28  7 19 54 245537    6.46615  -76.30213     4767  53.4  1  0  7 21 0 0 1 1 1 0 0 0 0 1 1 1 0 1
2014   2 28  7 19 54 260729    5.79106  -76.00877    13919  77.2  2  0  6 15 0 0 1 1 1 0 0 1 0 0 1 0 0 1
2014   2 28  7 19 54 272874    6.53960  -76.65534     5930  79.2  2  0  7 21 0 0 1 1 1 0 0 1 0 0 1 1 0 1
2014   2 28  7 19 54 383498  -14.52730  -43.77567     6560  66.3  2  0  5 10 0 0 0 0 1 0 0 1 0 1 1 0 0 1
2014   2 28  7 19 54 525935  -34.03325  -38.64168     5558  62.7  2  0  6 15 0 0 1 1 1 0 0 1 0 0 1 0 0 1
2014   2 28  7 19 54 745045  -19.72700 -143.88753    38476  76.3  2  0  6 15 0 0 0 1 1 0 0 1 0 1 0 1 0 1
2014   2 28  7 19 54 753683  -10.59865 -154.88361    90327  24.3  1  0  4  6 0 0 1 1 0 0 0 0 0 0 1 0 0 1
2014   2 28  7 19 54 799613  -19.84274 -140.58162    16173  83.6  2  0  7 21 0 0 1 1 1 0 0 1 0 1 0 1 0 1
2014   2 28  7 19 54 862355  -19.67826 -141.23891    18107  67.9  2  0  6 15 0 0 1 0 1 0 0 1 0 1 0 1 0 1
2014   2 28  7 19 54 964679  -19.75406 -139.51488    13069  64.2  1  0  7 21 0 0 1 1 1 0 0 0 0 1 1 1 0 1
2014   2 28  7 19 55 250167  -19.17002 -143.40663     9778   5.6  0  0  4  6 0 0 1 0 0 0 0 1 0 0 1 1 0 0
2014   2 28  7 19 55 328996   12.05087  -72.90429    19462   2.5  0  0  4  6 0 0 0 1 0 0 0 1 0 1 1 0 0 0
2014   2 28  7 19 55 331598   23.48691  -83.91307    10578  62.9  1  0  7 21 0 0 1 1 1 0 0 0 0 1 1 1 0 1
2014   2 28  7 19 55 653557  -21.21406  -46.55243     5010  48.1  1  0  5  8 0 0 1 1 1 0 0 1 0 0 0 0 0 1
2014   2 28  7 19 56 131411    6.37347  145.55299     9726  25.3  1  0  4  6 0 0 1 0 0 0 0 0 0 1 1 1 0 0
2014   2 28  7 19 56 925967  -20.40758  -47.14221     5079  62.7  2  0  5  9 0 0 1 1 1 0 0 0 0 1 1 0 0 0
2014   2 28  7 19 57 699860   -5.77962    2.72540    13155   0.8  0  0  4  6 0 0 0 1 0 0 0 0 0 0 1 1 0 1
2014   2 28  7 19 58 196823  -22.96728  -44.97581     3353   5.7  0  0  4  6 0 0 1 1 0 0 0 1 0 0 1 0 0 0
2014   2 28  7 19 58 958756  -30.55045 -134.51903    18097  85.9  2  0  7 21 0 0 1 1 1 0 0 0 0 1 1 1 0 1
2014   2 28  7 19 59  86455  -30.03513 -140.57054    10555   2.2  0  0  4  6 0 0 1 0 0 0 0 1 0 0 1 1 0 0
2014   2 28  7 20  0 361554  -14.42109  -43.85104     2676   9.5  0  0  5  9 0 0 1 1 1 0 0 1 0 0 0 0 0 1
2014   2 28  7 20  0 406349  -14.41783  -43.84047     2643  25.3  0  0  6 11 0 0 1 1 0 0 0 1 0 0 1 1 0 1
2014   2 28  7 20  0 445173  -14.42479  -43.81308     2532  21.7  0  0  7 21 0 0 1 1 1 0 0 1 0 1 1 0 0 1
2014   2 28  7 20  0 518217    6.92280  -73.81770     4456  12.9  0  0  5  8 0 0 0 1 1 0 0 1 0 0 1 1 0 0
2014   2 28  7 20  0 885886    6.89322  -74.44022     3658  10.9  0  0  6 14 0 0 0 1 1 0 0 1 0 0 1 1 0 1
2014   2 28  7 20  0 985425  -24.86509  -45.01388     3401  14.7  0  0  5 10 0 0 1 0 1 0 0 1 0 0 1 0 0 1
2014   2 28  7 20  0 996044  -18.36065  -45.03572     4336  23.9  0  0  5 10 0 0 1 0 1 0 0 0 0 0 1 1 0 1
2014   2 28  7 20  1  89838  -24.85975  -45.01569     3407  14.8  0  0  5 10 0 0 1 0 1 0 0 1 0 0 1 0 0 1
2014   2 28  7 20  1 216263  -14.41701  -43.87409     2680  11.1  0  0  5  9 0 0 1 1 1 0 0 1 0 0 1 0 0 0
2014   2 28  7 20  1 285982  -25.48688  -44.50135     2493   6.7  0  0  6 15 0 0 1 1 1 0 0 0 0 1 1 0 0 1
2014   2 28  7 20  1 287431    9.04151  -73.23883     2854  10.0  0  0  7 21 0 0 1 1 1 0 0 1 0 1 0 1 0 1
2014   2 28  7 20  1 566182  -14.46558  -43.83345     2734  31.5  0  0  7 19 0 0 0 1 1 0 0 1 0 1 1 1 0 1
2014   2 28  7 20  1 633932  -11.15020  162.12617    66310  15.7  0  0  4  6 0 0 1 1 0 0 0 1 0 0 1 0 0 0
2014   2 28  7 20  1 693866    6.86256  -73.76668     3492  11.2  0  0  5  9 0 0 1 1 0 0 0 1 0 0 0 1 0 1
2014   2 28  7 20  2 386399  -21.94499 -140.88013     5531  13.0  0  0  7 21 0 0 1 1 1 0 0 1 0 0 1 1 0 1
2014   2 28  7 20  2 835643  -21.96191 -140.64438     5464  13.0  0  0  7 21 0 0 1 1 1 0 0 0 0 1 1 1 0 1
2014   2 28  7 20  2 875669  -21.93264 -141.98488     9129  11.7  0  0  6 15 0 0 0 1 1 0 0 1 0 1 0 1 0 1
2014   2 28  7 20  2 899365  -21.91262 -141.09171     6948  14.3  0  0  6 14 0 0 1 1 1 0 0 1 0 0 1 1 0 0
2014   2 28  7 20  3   8595  -19.20919 -141.39172     5792   9.2  0  0  6 15 0 0 1 0 1 0 0 0 0 1 1 1 0 1
2014   2 28  7 20  3  33883  -19.22763 -141.68207    17491   2.1  0  0  4  6 0 0 1 1 0 0 0 1 0 0 1 0 0 0
2014   2 28  7 20  3  46927  -19.12898 -142.01602     6628  14.9  0  0  6 15 0 0 1 1 1 0 0 1 0 0 1 1 0 0
2014   2 28  7 20  3 130758  -19.16325 -141.84566     5982  19.2  0  0  7 21 0 0 1 1 0 0 0 1 0 1 1 1 0 1
2014   2 28  7 20  3 183059  -19.59417 -140.84012     5919  13.2  0  0  7 18 0 0 1 1 1 0 0 1 0 0 1 1 0 1
2014   2 28  7 20  4 373248  -19.69091 -141.86378    14826  26.3  0  0  5  7 0 0 1 1 0 0 0 1 0 0 0 1 0 1
2014   2 28  7 20  4 978412    4.68392  153.38519     7726  27.8  0  0  5 10 0 0 1 1 1 0 0 1 0 0 0 1 0 0
2014   2 28  7 20  5 476767  -33.81623   16.67984    20383  28.9  0  0  5 10 0 0 1 1 1 0 0 0 0 0 1 0 0 1
2014   2 28  7 20  6 916596    7.33216  -73.94460     5392  45.4  1  0  6 13 0 0 1 1 1 0 0 1 0 0 1 1 0 0
2014   2 28  7 20  6 938197    7.41315  -73.97925     4210  18.7  0  0  5  8 0 0 1 1 0 0 0 1 0 0 1 1 0 0
2014   2 28  7 20  6 973418    4.82838  -72.40068     9156  46.6  1  0  6 14 0 0 1 1 1 0 0 0 0 0 1 0 1 1
2014   2 28  7 20  7  92761   -4.19517  -71.54900     3850  57.7  1  0  7 21 0 0 1 1 1 0 0 1 0 1 1 1 0 0
2014   2 28  7 20  7 159235  -13.01235  -71.26761     4431  13.3  0  0  4  6 0 0 1 0 1 0 0 1 0 1 0 0 0 0
2014   2 28  7 20  7 176421   -4.19029  -71.45766     3828  38.4  0  0  6 15 0 0 1 0 1 0 0 1 0 0 1 1 0 1
2014   2 28  7 20  7 210556  -12.70828  -71.76328     3889  63.4  1  0  7 21 0 0 1 1 1 0 0 1 0 1 1 1 0 0
2014   2 28  7 20  7 231366  -12.70038  -71.83934     3870  46.2  1  0  6 15 0 0 1 1 0 0 0 1 0 0 1 1 0 1
2014   2 28  7 20  7 620945    4.41439  -73.15621     6337  37.1  1  0  5  7 0 0 1 0 0 0 0 1 0 0 1 1 0 1
2014   2 28  7 20  7 751133  -13.32345  -71.15086    12321  48.9  1  0  5 10 0 0 1 1 1 0 0 0 0 0 1 0 0 1
2014   2 28  7 20  7 823153  -12.70229  -71.65171     4403  52.0  1  0  6 14 0 0 1 0 1 0 0 1 0 1 1 1 0 0
2014   2 28  7 20  8  61355  -29.74377  -42.21380     8800  39.5  0  0  6 14 0 0 0 1 1 0 0 1 0 1 0 1 0 1
2014   2 28  7 20  8 155068  -12.69481  -71.75493     5186  51.5  2  0  5 10 0 0 1 0 1 0 0 1 0 0 1 1 0 0
2014   2 28  7 20  8 324170  -30.04184  -42.06428     3419  15.2  0  0  5 10 0 0 1 1 1 0 0 1 0 0 0 0 0 1
2014   2 28  7 20  8 409258  -14.52219  -43.73254     3033  41.0  0  0  7 16 0 0 1 1 1 0 0 1 0 0 1 1 0 1
2014   2 28  7 20  8 717637  -14.51271  -43.92597     4540  56.6  2  0  5  8 0 0 0 1 1 0 0 1 0 0 1 0 0 1
2014   2 28  7 20  8 877689    6.82823  -73.38990    11734  59.5  1  0  6 14 0 0 1 1 1 0 0 1 0 0 1 0 0 1
2014   2 28  7 20  9 485137  -15.97658  -51.78957     3414  69.1  1  0  7 21 0 0 1 1 1 0 0 1 0 1 1 1 0 0
2014   2 28  7 20  9 694484  -29.76520  -42.06274     4883  52.5  1  0  6 15 0 0 1 1 1 0 0 1 0 0 1 0 0 1
2014   2 28  7 20  9 703760  -29.80352  -42.01218     5810  51.0  2  0  5 10 0 0 1 1 1 0 0 1 0 0 1 0 0 0
2014   2 28  7 20  9 799284  -23.26529  -45.96678     4691  79.9  2  0  6 15 0 0 0 1 1 0 0 1 0 1 1 0 0 1
2014   2 28  7 20 10  11729  -29.63586  -42.40781     4725  27.0  0  0  5  7 0 0 1 1 1 0 0 0 0 0 0 1 0 1
2014   2 28  7 20 10 705174  -19.99961 -145.32211    11675  27.3  0  0  5 10 0 0 1 1 0 0 0 1 0 0 1 1 0 0
2014   2 28  7 20 11 841362  -31.66325 -135.72362    16117  70.1  2  0  7 21 0 0 1 0 1 0 0 1 0 1 1 1 0 1
2014   2 28  7 20 11 875762  -31.53067 -135.79895    21113  93.1  2  0  7 21 0 0 1 1 1 0 0 0 0 1 1 1 0 1
2014   2 28  7 20 11 900571  -31.51360 -137.55339    23249  88.4  2  0  6 15 0 0 1 1 1 0 0 1 0 0 0 1 0 1
2014   2 28  7 20 12  50864  -22.45519  -46.16555     4879  92.5  2  0  7 16 0 0 1 1 0 0 0 1 0 1 1 1 0 1
2014   2 28  7 20 12  94664  -22.56106  -45.95098     3314  62.1  1  0  7 21 0 0 1 1 1 0 0 1 0 1 1 0 0 1
2014   2 28  7 20 12 113285  -22.64021  -45.60523     2963  11.5  0  0  4  6 0 0 1 0 0 0 0 1 0 0 1 0 0 1
2014   2 28  7 20 12 690077  -28.61503 -135.25635    22309 103.3  2  0  7 20 0 0 1 1 1 0 0 1 0 1 1 1 0 0
2014   2 28  7 20 12 723650  -28.35516 -137.20320    14652  36.9  1  0  5 10 0 0 1 1 0 0 0 1 0 0 1 1 0 0
2014   2 28  7 20 12 989237  -33.81252  -39.24953     4264  57.7  1  0  7 20 0 0 1 1 1 0 0 1 0 1 0 1 0 1
2014   2 28  7 20 13 330768    0.18060    7.94771    31624  99.6  2  0  6 12 0 0 1 1 1 0 0 1 0 0 1 1 0 0
2014   2 28  7 20 13 519024  -32.72252  -39.78890     5012  15.4  0  0  5 10 0 0 0 1 1 0 0 1 0 0 1 0 0 1
2014   2 28  7 20 13 987157  -22.64874  -45.85415     4211 107.8  2  0  7 21 0 0 1 1 1 0 0 1 0 0 1 1 0 1
2014   2 28  7 20 14 153298   -3.92659  -71.63490     7322 111.3  2  0  6 15 0 0 1 1 1 0 0 0 0 0 1 1 0 1
2014   2 28  7 20 14 214222  -21.19702  -46.64424     3174  15.4  0  0  4  6 0 0 1 0 0 0 0 1 0 0 1 0 0 1
2014   2 28  7 20 14 223871   -2.59152  -77.13217    20181  18.3  0  0  4  6 0 0 0 1 1 0 0 1 0 1 0 0 0 0
2014   2 28  7 20 14 296401  -21.18434  -46.65968     4148  58.1  1  0  6 11 0 0 1 0 1 0 0 1 0 0 1 1 0 1
2014   2 28  7 20 14 368925  -11.86779  -73.18997     5991 124.5  2  0  7 21 0 0 1 1 1 0 0 0 0 1 1 1 0 1
2014   2 28  7 20 14 550744  -11.89091  -73.40798     5500 112.6  2  0  7 21 0 0 1 1 1 0 0 1 0 0 1 1 0 1
2014   2 28  7 20 14 986393   -9.98242  -74.24534    19237  38.3  1  0  5 10 0 0 1 0 1 0 0 0 0 1 1 0 0 1
2014   2 28  7 20 15 349228  -14.50540  -43.29668    11469  66.3  2  0  6 12 0 0 1 0 1 0 0 1 0 0 1 1 0 1
2014   2 28  7 20 15 719276    4.47352  -73.17687     6138  93.9  2  0  7 21 0 0 1 0 1 0 0 1 0 1 1 1 0 1
2014   2 28  7 20 16  75720   -4.80499  -72.03171     2497   8.2  0  0  7 21 0 0 1 1 1 0 0 0 0 1 1 1 0 1
2014   2 28  7 20 16 292399  -21.20283  -46.45834     2268   7.7  0  0  7 21 0 0 0 1 1 0 0 1 0 1 1 1 0 1
2014   2 28  7 20 16 676564   -4.78926  -72.08470     2711   8.2  0  0  7 21 0 0 0 1 1 0 0 1 0 1 1 1 0 1
2014   2 28  7 20 16 989830  -25.43808 -173.80611    24144  14.7  0  0  6 15 0 0 1 0 1 0 0 1 0 1 1 0 0 1
2014   2 28  7 20 17  60150  -24.53732 -175.20610    13354  20.3  0  0  5 10 0 0 1 1 1 0 0 1 0 0 0 1 0 0
2014   2 28  7 20 17 203179  -24.49974 -175.27908    12064  16.7  0  0  5 10 0 0 1 1 0 0 0 1 0 0 1 1 0 0
2014   2 28  7 20 17 379750  -24.32226 -176.01900     7646   8.9  0  0  6 15 0 0 0 1 1 0 0 1 0 0 1 1 0 1
2014   2 28  7 20 17 412305   -7.21387    7.90118     8672   6.8  0  0  5 10 0 0 1 0 1 0 0 1 0 0 1 0 0 1
2014   2 28  7 20 17 541285  -16.37773  -51.72614     2450   4.6  0  0  6 14 0 0 1 1 1 0 0 1 0 0 1 0 0 1
2014   2 28  7 20 17 892820   -7.06576    7.42815     8573   6.8  0  0  5 10 0 0 1 1 1 0 0 1 0 0 0 0 0 1
2014   2 28  7 20 17 982885  -10.68716  -56.90701     2586   5.9  0  0  6 15 0 0 1 0 1 0 0 0 0 1 1 1 0 1
2014   2 28  7 20 19 566123    6.48185  -76.63562     9249  25.3  0  0  5  9 0 0 1 1 1 0 0 1 0 0 1 0 0 0
2014   2 28  7 20 19 604044  -30.48368  -41.46544     3331  37.9  0  0  7 21 0 0 1 1 1 0 0 1 0 1 1 0 0 1
2014   2 28  7 20 19 674911  -30.37871  -41.59385     3265  28.6  0  0  7 19 0 0 1 1 1 0 0 1 0 0 1 1 0 1
2014   2 28  7 20 19 703867  -30.41442  -41.53314     3376  18.4  0  0  5 10 0 0 1 1 0 0 0 0 0 1 1 0 0 1
2014   2 28  7 20 19 749502  -30.40342  -41.58039     3464  25.6  0  0  6 15 0 0 1 1 1 0 0 1 0 0 1 0 0 1
2014   2 28  7 20 19 758042  -30.39355  -41.57561     3482  26.0  0  0  6 15 0 0 1 1 1 0 0 1 0 0 1 0 0 1
2014   2 28  7 20 19 921192  -22.63619  -45.63036     2730  37.6  0  0  7 20 0 0 1 0 1 0 0 1 0 1 1 1 0 1
2014   2 28  7 20 19 959670  -22.74718  -45.58697     4519  36.8  1  0  5  9 0 0 1 1 1 0 0 0 0 0 1 0 0 1
2014   2 28  7 20 20 644238   20.75075 -112.32315    13925   3.3  0  0  4  6 0 0 0 1 0 0 0 1 0 0 1 1 0 0
2014   2 28  7 20 22 238697  -14.46113  -43.95874     3467  49.6  1  0  6 13 0 0 1 1 1 0 0 1 0 0 1 1 0 0
2014   2 28  7 20 22 262393  -29.72478  -42.51454     3546  27.7  0  0  7 21 0 0 0 1 1 0 0 1 0 1 1 1 0 1
2014   2 28  7 20 22 275042  -30.03809  -42.25558     4243  40.8  1  0  6 15 0 0 1 1 1 0 0 1 0 0 1 0 0 1
2014   2 28  7 20 22 480527  -30.04103  -42.36954     3650  20.9  0  0  5 10 0 0 1 1 1 0 0 0 0 1 0 0 0 1
2014   2 28  7 20 23  67247  -19.61666 -141.98738    12133  58.7  1  0  7 21 0 0 1 1 1 0 0 1 0 0 1 1 0 1
2014   2 28  7 20 23 114433  -19.54928 -142.12701    21934  51.3  2  0  5  9 0 0 1 1 0 0 0 0 0 0 1 1 0 1
2014   2 28  7 20 23 122433  -19.60970 -141.97723    12129  58.6  1  0  7 21 0 0 1 1 1 0 0 1 0 0 1 1 0 1
2014   2 28  7 20 23 165708  -19.52394 -142.11546    19726  48.4  1  0  5 10 0 0 1 1 0 0 0 0 0 0 1 1 0 1
2014   2 28  7 20 23 772873  -22.80273 -139.93018    39726  52.2  2  0  5 10 0 0 1 1 0 0 0 1 0 0 1 0 0 1
2014   2 28  7 20 23 790167  -23.22917 -138.74153    32242  63.4  2  0  6 15 0 0 1 1 1 0 0 1 0 0 1 0 0 1
2014   2 28  7 20 25  47891    4.95172  149.02347     9702  65.4  2  0  6 15 0 0 1 1 0 0 0 1 0 1 0 1 0 1
2014   2 28  7 20 26 401537   -0.05077  -15.89310    11602  48.1  1  0  6 13 0 0 1 1 0 0 0 1 0 0 1 1 0 1
2014   2 28  7 20 26 810879  -11.98155  -73.39014     7400  95.5  2  0  7 21 0 0 0 1 1 0 0 1 0 1 1 1 0 1
2014   2 28  7 20 28  79673  -21.02676  -47.30324     5670  39.0  1  0  5  7 0 0 1 1 0 0 0 1 0 0 1 1 0 0
2014   2 28  7 20 29 464114  -21.13131  -46.73329     4103 102.5  2  0  7 20 0 0 1 0 1 0 0 1 0 1 1 1 0 1
2014   2 28  7 20 29 571840  -21.38813  -46.85912     4745  88.3  2  0  6 11 0 0 0 1 1 0 0 1 0 1 1 0 0 1
2014   2 28  7 20 29 650651  -21.26453  -46.53932     4231  56.4  2  0  5 10 0 0 1 0 1 0 0 1 0 0 1 0 0 1
2014   2 28  7 20 29 682416  -21.20758  -46.88699     4800 125.0  2  0  7 19 0 0 1 1 1 0 0 1 0 0 1 1 0 1
2014   2 28  7 20 30 663518  -30.13680  -42.12437     7134  92.5  2  0  6 15 0 0 1 1 1 0 0 1 0 0 1 0 0 1
2014   2 28  7 20 30 991762  -30.11352  -42.10115     7250  94.8  2  0  6 15 0 0 1 1 1 0 0 1 0 0 1 0 0 1
2014   2 28  7 20 31 222339  -30.05773  -42.66323     4886  21.6  1  0  4  6 0 0 1 1 1 0 0 1 0 0 0 0 0 0
2014   2 28  7 20 32  87853    6.87426  -73.61483     4662  14.9  0  0  5  8 0 0 0 1 1 0 0 1 0 0 1 1 0 0
2014   2 28  7 20 32 921895  -21.14586  -46.81850     2301  10.4  0  0  7 20 0 0 1 1 1 0 0 1 0 1 1 0 0 1
2014   2 28  7 20 32 932041  -21.16581  -46.82523     2542  15.5  0  0  6 15 0 0 0 1 1 0 0 1 0 0 1 1 0 1
2014   2 28  7 20 33 202554  -21.13448  -46.99882     2813   4.0  0  0  5  7 0 0 1 1 1 0 0 1 0 0 0 0 0 1
2014   2 28  7 20 33 818564  -12.05135  -73.10472     3076  15.1  0  0  7 21 0 0 0 1 1 0 0 1 0 1 1 1 0 1
2014   2 28  7 20 33 930444  -12.02996  -73.05194     2843  16.4  0  0  6 15 0 0 1 0 1 0 0 1 0 0 1 1 0 1
2014   2 28  7 20 34 113070  -12.16144  -72.97131     3482   8.5  0  0  5 10 0 0 1 1 1 0 0 1 0 0 0 0 0 1
2014   2 28  7 20 34 148061    6.57009  -73.48156     8641  11.3  0  0  5 10 0 0 1 1 1 0 0 0 0 0 1 0 0 1
2014   2 28  7 20 34 277823    6.81864  -73.66969     4942  14.0  0  0  5 10 0 0 0 1 1 0 0 0 0 0 1 1 0 1
2014   2 28  7 20 34 289556   36.04715 -176.28954    23097  12.1  0  0  6 15 0 0 0 1 1 0 0 1 0 0 0 1 1 1
2014   2 28  7 20 34 336179    6.53961  -73.46021     4058  11.9  0  0  7 21 0 0 1 1 1 0 0 1 0 1 1 0 0 1
2014   2 28  7 20 34 425905  -22.73501 -140.09412     5676  15.6  0  0  7 21 0 0 1 1 1 0 0 1 0 1 0 1 0 1
2014   2 28  7 20 34 440519  -22.70857 -139.98056     6758  13.1  0  0  6 15 0 0 1 1 1 0 0 0 0 0 1 1 0 1
2014   2 28  7 20 34 548860   -4.29703  -71.52039     3152  14.7  0  0  6 15 0 0 0 1 1 0 0 1 0 0 1 1 0 1
2014   2 28  7 20 37 829016   -1.30696  -20.06276    27867  30.8  1  0  5  7 0 0 1 0 1 0 0 1 0 0 1 0 0 1
2014   2 28  7 20 38   5278  -29.29051 -133.49554    24130  42.2  1  0  6 14 0 0 1 1 1 0 0 1 0 0 1 0 0 1
2014   2 28  7 20 38 123796   -9.47836  160.05528     7923   4.2  0  0  4  6 0 0 1 0 0 0 0 1 0 0 1 1 0 0
2014   2 28  7 20 38 179428  -28.81758 -134.57098    13968  43.8  1  0  6 15 0 0 1 1 1 0 0 0 0 0 1 1 0 1
2014   2 28  7 20 38 200201  -28.62406 -135.72835    24051  11.2  0  0  4  6 0 0 1 1 0 0 0 1 0 0 1 0 0 0
2014   2 28  7 20 38 631797  -55.35489 -116.33751    65551  39.4  1  0  5 10 0 0 1 1 0 0 0 0 0 0 1 1 0 1
2014   2 28  7 20 39 507267  -30.06804  -41.78728     5493  42.0  1  0  5 10 0 0 1 1 0 0 0 1 0 0 1 0 0 1
2014   2 28  7 20 39 985631  -29.89452  -41.97301     3709  45.6  0  0  7 21 0 0 1 1 1 0 0 1 0 1 1 0 0 1
2014   2 28  7 20 40 865908    4.59810    7.65999    28867  46.9  1  0  5  9 0 0 1 1 0 0 0 1 0 0 1 0 0 1
2014   2 28  7 20 41 279471  -13.23909  -71.19397     7471  68.3  2  0  6 15 0 0 0 0 1 0 0 1 0 1 1 1 0 1
2014   2 28  7 20 43 947634  -20.68454 -138.63231    29698  93.6  2  0  7 20 0 0 1 1 1 0 0 1 0 1 1 0 0 1
2014   2 28  7 20 43 994915  -19.23066 -143.15157    17758  72.5  2  0  6 15 0 0 1 1 0 0 0 1 0 0 1 1 0 1
2014   2 28  7 20 45 266007  -24.68045  -45.14857     5585  45.6  1  0  5  7 0 0 1 0 0 0 0 0 0 1 1 1 0 1
2014   2 28  7 20 45 313272  -24.77500  -45.09651     6312  61.3  2  0  5 10 0 0 1 0 1 0 0 1 0 0 1 0 0 1
2014   2 28  7 20 45 639840  -22.76524  -45.60743     4937 100.2  2  0  6 15 0 0 1 1 1 0 0 1 0 0 1 0 0 1
2014   2 28  7 20 45 899243  -21.43674  -46.20363     4601  90.0  2  0  6 15 0 0 1 1 1 0 0 1 0 0 1 0 0 1
2014   2 28  7 20 45 986292   -6.99522  173.51541    13486  36.0  1  0  5  8 0 0 1 1 0 0 0 1 0 0 1 1 0 0
2014   2 28  7 20 46 473915  -22.35698  -46.25797     3326  60.8  1  0  7 20 0 0 1 1 1 0 0 1 0 1 1 1 0 0
2014   2 28  7 20 46 765513   -9.91697  159.75343    15740  86.5  2  0  6 14 0 0 1 0 1 0 0 1 0 0 1 1 0 1
2014   2 28  7 20 47 669976   -4.10343  -71.39824     5536 102.7  2  0  7 21 0 0 1 0 1 0 0 1 0 1 1 1 0 1
2014   2 28  7 20 48 211411   -4.37403  -71.23404     3188   3.8  0  0  6 15 0 0 1 1 0 0 0 1 0 1 1 0 0 1
2014   2 28  7 20 48 287075   -4.29789  -71.44711     4554   8.4  0  0  4  6 0 0 0 1 0 0 0 1 0 0 0 1 0 1
2014   2 28  7 20 48 452812   28.48282 -128.50009     6029   8.4  0  0  7 21 0 0 1 1 1 0 0 1 0 1 1 0 0 1
2014   2 28  7 20 50 255880  -21.10710  -46.79535     3616  47.2  1  0  6 12 0 0 1 1 1 0 0 0 0 1 1 0 0 1
2014   2 28  7 20 50 379046  -21.17813  -46.92392     5724  74.5  2  0  6 13 0 0 1 0 1 0 0 1 0 0 1 1 0 1
2014   2 28  7 20 50 421379  -21.22476  -46.70914     2605  17.0  0  0  6 14 0 0 1 1 1 0 0 1 0 0 1 0 0 1
2014   2 28  7 20 50 557663  -12.82193  -71.69561     3428  25.7  0  0  7 21 0 0 0 0 1 0 0 1 0 1 1 1 1 1
2014   2 28  7 20 50 746505  -19.23118 -141.47643     6668  23.9  0  0  7 21 0 0 1 1 1 0 0 1 0 1 0 1 0 1
2014   2 28  7 20 50 769188  -19.19522 -141.61659     6545  22.3  0  0  7 21 0 0 1 1 1 0 0 1 0 0 1 1 0 1
2014   2 28  7 20 50 815970  -19.10865 -141.91133     6845   5.4  0  0  5 10 0 0 1 1 0 0 0 1 0 0 1 1 0 0
2014   2 28  7 20 50 995845  -12.11964  -73.11468     3718  28.0  0  0  7 21 0 0 0 1 1 0 0 1 0 1 1 1 0 1
2014   2 28  7 20 51 132314   23.22895  -85.99928    18392  26.0  0  0  5 10 0 0 0 1 1 0 0 0 0 0 1 1 0 1
2014   2 28  7 20 51 142616  -20.35906 -142.24452    12178   0.6  0  0  4  6 0 0 0 1 0 0 0 1 0 0 1 1 0 0
2014   2 28  7 20 51 615798  -22.72343  -45.74954     3675  27.2  0  0  5 10 0 0 1 1 1 0 0 0 0 0 1 0 0 1
2014   2 28  7 20 51 946131  -25.40726  -44.67999     2920  12.7  0  0  5  9 0 0 1 1 1 0 0 0 0 1 0 0 0 1
2014   2 28  7 20 52  31692    6.96147  -74.51891     4213  37.3  0  0  6 13 0 0 1 1 0 0 0 1 0 1 1 1 0 0
2014   2 28  7 20 52 250649  -12.81234  -71.80544     4251  40.6  0  0  7 21 0 0 0 1 1 0 0 1 0 1 1 1 0 1
2014   2 28  7 20 52 317309  -12.81899  -71.79272     4264  40.9  0  0  7 21 0 0 0 1 1 0 0 1 0 1 1 1 0 1
2014   2 28  7 20 52 524181  -21.35956  -46.16519     3688  31.7  1  0  5  9 0 0 0 1 1 0 0 1 0 0 1 0 0 1
2014   2 28  7 20 53  99522   37.61908 -165.32420    13459  40.3  1  0  6 15 0 0 1 1 0 0 0 1 0 0 1 1 0 1
2014   2 28  7 20 53 193314    9.10430  -73.32626     4271  46.7  0  0  7 21 0 0 1 1 1 0 0 1 0 1 1 1 0 0
2014   2 28  7 20 53 842364  -10.92527  -57.75128     2696  10.1  0  0  5  9 0 0 1 1 0 0 0 1 0 0 1 1 0 0
2014   2 28  7 20 53 931934   30.31988 -129.58717    36502  59.7  2  0  5  9 0 0 1 1 1 0 0 1 0 0 0 1 0 0
2014   2 28  7 20 55 125155   -6.62148    6.98932    17024  47.2  1  0  6 15 0 0 1 1 1 0 0 1 0 0 1 0 0 1
2014   2 28  7 20 55 261962   -6.61526    6.99097    17334  48.4  1  0  6 15 0 0 1 1 1 0 0 1 0 0 1 0 0 1
2014   2 28  7 20 56 207352  -24.25971   -6.34469    13186  17.7  0  0  4  6 0 0 1 1 0 0 0 1 0 0 1 0 0 0
2014   2 28  7 20 56 244253  -33.72264  -39.94881     3492   2.4  0  0  4  6 0 0 1 1 1 0 0 0 0 1 0 0 0 0
2014   2 28  7 20 56 279553    2.10336  -83.87036    31764  71.9  2  0  6 15 0 0 0 1 1 0 0 1 0 1 1 0 0 1
2014   2 28  7 20 56 323062    2.95159  -84.93604     6801  82.2  2  0  7 20 0 0 1 1 0 0 0 0 0 1 1 1 1 1
2014   2 28  7 20 56 380570  -33.04196  -40.08204     5437  18.3  0  0  5 10 0 0 0 1 1 0 0 1 0 0 1 0 0 1
2014   2 28  7 20 56 421059  -33.68699  -40.02435     4073  17.5  0  0  5 10 0 0 1 1 1 0 0 1 0 0 0 0 0 1
2014   2 28  7 20 56 589529  -33.03763  -40.21818     5552  19.5  0  0  5 10 0 0 0 1 1 0 0 1 0 0 1 0 0 1
2014   2 28  7 20 56 618252  -33.91333  -39.18581     7439  45.1  1  0  5 10 0 0 1 0 1 0 0 1 0 0 1 0 0 1
2014   2 28  7 20 57  39495  -33.63130  -40.21746     3843  40.3  0  0  7 21 0 0 1 1 1 0 0 1 0 1 0 1 0 1
2014   2 28  7 20 57  57351  -32.86574  -40.38842     5584  20.3  0  0  5 10 0 0 0 1 1 0 0 1 0 0 1 0 0 1
2014   2 28  7 20 57 131310  -21.17005  -46.52375     5077  56.9  2  0  5 10 0 0 1 1 1 0 0 1 0 0 1 0 0 0
2014   2 28  7 20 58  24375  -20.80216  -47.15269     3886  64.5  2  0  6 15 0 0 1 1 1 0 0 1 0 0 1 0 0 1
2014   2 28  7 20 58  40611  -20.73901  -47.28762     4023  87.2  2  0  7 19 0 0 1 1 1 0 0 1 0 0 1 1 0 1
2014   2 28  7 20 58  62828  -20.76725  -47.30883     3512  80.9  2  0  7 21 0 0 1 1 1 0 0 1 0 1 1 0 0 1
2014   2 28  7 20 58 640313  -20.80102  -47.50218     4632  98.4  2  0  7 16 0 0 0 1 1 0 0 1 0 1 1 1 0 1
2014   2 28  7 20 58 895424   -3.70506    5.38154    27200  76.2  2  0  6 14 0 0 1 1 1 0 0 1 0 0 1 0 0 1
2014   2 28  7 20 59 197689   -7.40599   -0.29557    71838  63.7  2  0  5 10 0 0 1 1 1 0 0 0 0 0 1 0 0 1
2014   2 28  7 20 59 775015  -20.97870  -47.09459     4182  75.4  2  0  6 15 0 0 1 1 1 0 0 1 0 0 1 0 0 1
2014   2 28  7 21  0 511091  -16.50727  -52.03397     4717  91.3  2  0  6 14 0 0 0 1 1 0 0 1 0 1 1 0 0 1
2014   2 28  7 21  0 909052  -30.24448  -41.93793     7253  70.2  2  0  5 10 0 0 1 1 1 0 0 1 0 0 1 0 0 0
2014   2 28  7 21  0 927317  -30.16203  -42.34295     2841   4.5  0  0  5 10 0 0 1 1 1 0 0 1 0 1 0 0 0 0
2014   2 28  7 21  1 379618  -30.12171  -42.02215     7066  93.4  2  0  6 15 0 0 1 1 1 0 0 0 0 0 1 1 0 1
2014   2 28  7 21  1 424037  -30.09119  -42.39442     3575  50.6  1  0  7 20 0 0 1 1 1 0 0 0 0 1 0 1 1 1
2014   2 28  7 21  1 486871  -30.25630  -41.93560     7590  74.5  2  0  5 10 0 0 1 1 1 0 0 1 0 0 1 0 0 0
2014   2 28  7 21  1 588853  -30.34743  -41.42239     8263  59.5  2  0  5 10 0 0 1 0 1 0 0 1 0 0 1 0 0 1
2014   2 28  7 21  2 119763  -21.07169  -47.11900     4543 122.3  2  0  7 20 0 0 1 1 0 0 0 1 0 1 1 1 0 1
2014   2 28  7 21  2 172620  -21.62498  -46.60101     3495  15.4  0  0  5  8 0 0 1 1 1 0 0 0 0 0 1 0 0 1
2014   2 28  7 21  3 277395    0.64953  -78.47002     9676  16.5  0  0  5 10 0 0 1 1 1 0 0 0 0 1 0 0 0 1
2014   2 28  7 21  3 611807    6.62456  -77.84955     7407 101.3  2  0  7 21 0 0 1 0 1 0 0 1 0 1 1 1 0 1
2014   2 28  7 21  3 938639    6.73776  -78.41248     8938 124.7  2  0  7 19 0 0 1 1 1 0 0 1 0 0 1 1 0 1
2014   2 28  7 21  4  57123    6.44677  -77.91741     3366  10.9  0  0  7 21 0 0 0 1 1 0 0 1 0 1 1 1 0 1
2014   2 28  7 21  4 118537    6.45026  -77.91666     3350  10.6  0  0  7 21 0 0 0 1 1 0 0 1 0 1 1 1 0 1
2014   2 28  7 21  4 239394   18.31875  -91.36470     5791   9.3  0  0  5  9 0 0 1 1 0 0 0 0 0 0 1 1 0 1
2014   2 28  7 21  4 642566  -21.17883  -46.82313     2474  10.7  0  0  6 14 0 0 1 1 1 0 0 1 0 0 1 0 0 1
2014   2 28  7 21  4 672497  -21.16914  -46.79959     2399  13.2  0  0  7 19 0 0 1 1 1 0 0 1 0 0 1 1 0 1
2014   2 28  7 21  4 715520  -21.18292  -46.81807     3142  11.3  0  0  5  8 0 0 1 0 1 0 0 1 0 0 1 0 0 1
2014   2 28  7 21  4 973459  -21.72056  -50.69281     3122  45.0  0  0  7 16 0 0 1 0 1 0 0 1 0 1 1 1 0 1
2014   2 28  7 21  5  66107  -21.75075  -50.76605     3084  45.3  0  0  7 16 0 0 1 1 1 0 0 1 0 1 1 0 0 1
2014   2 28  7 21  5 367082  -21.73314  -50.63726     3397  60.6  1  0  7 18 0 0 1 1 1 0 0 1 0 0 1 1 0 1
2014   2 28  7 21  5 550573  -21.70465  -50.75005     3252  47.4  1  0  6 14 0 0 1 1 0 0 0 1 0 1 1 0 0 1
2014   2 28  7 21  5 636108  -22.66912  -45.70284     2502  14.1  0  0  6 15 0 0 1 1 1 0 0 1 0 0 1 0 0 1
2014   2 28  7 21  5 942961    2.59725  -84.51250     3284  17.3  0  0  7 21 0 0 1 0 1 0 0 1 0 1 1 1 0 1
2014   2 28  7 21  6  31482  -22.72311  -45.68069     4179  77.2  2  0  6 15 0 0 0 1 1 0 0 1 0 0 1 0 1 1
2014   2 28  7 21  6 172964  -22.63557  -45.69820     2912  14.5  0  0  5  8 0 0 1 0 0 0 0 1 0 0 1 1 0 1
2014   2 28  7 21  6 243612   -1.10473  149.08707    18504  42.5  1  0  5 10 0 0 1 1 1 0 0 1 0 1 0 0 0 0
2014   2 28  7 21  6 835525   -4.18602  -71.56996     4278   8.9  0  0  4  6 0 0 0 1 0 0 0 0 0 0 1 1 0 1
2014   2 28  7 21  6 863328   -4.16964  -71.38261     2976  22.7  0  0  7 21 0 0 1 1 1 0 0 0 0 1 1 1 0 1
2014   2 28  7 21  6 997107   -4.20464  -71.53787     3177  16.1  0  0  6 15 0 0 0 1 1 0 0 1 0 0 1 1 0 1
2014   2 28  7 21  7 158118   -5.09709  -70.50413    11338   9.9  0  0  5 10 0 0 0 1 1 0 0 0 0 1 1 0 0 1
2014   2 28  7 21  7 255821  -32.34818   17.61268    13528  15.3  0  0  5 10 0 0 1 1 1 0 0 0 0 0 1 0 0 1
2014   2 28  7 21  7 303739   -7.08999    8.17889     9452   8.9  0  0  5 10 0 0 1 1 0 0 0 1 0 0 1 0 0 1
2014   2 28  7 21  7 480680  -11.99664  -73.00734     3205   0.8  0  0  4  6 0 0 1 0 0 0 0 0 0 0 1 1 0 1
2014   2 28  7 21  7 665276  -16.52415  -51.58114     4176  63.6  2  0  6 14 0 0 0 1 1 0 0 1 0 0 1 1 0 1
2014   2 28  7 21  7 728270  -12.18517  -71.56856     3387  33.0  0  0  6 15 0 0 1 1 1 0 0 1 0 0 1 1 0 0
2014   2 28  7 21  7 735399  -12.34295  -71.37680     3750  23.6  0  0  6 15 0 0 1 1 1 0 0 1 0 0 1 0 0 1
2014   2 28  7 21  7 781860  -12.27112  -71.68050     3639  29.3  0  0  7 21 0 0 0 1 1 0 0 1 0 1 1 1 0 1
2014   2 28  7 21  7 793082  -12.07336  -73.11867     3496  36.3  0  0  7 16 0 0 1 1 1 0 0 1 0 1 0 1 0 1
2014   2 28  7 21  7 803710   -4.78796  -71.59913     2968  27.2  0  0  7 21 0 0 1 1 1 0 0 1 0 0 1 1 0 1
2014   2 28  7 21  7 869360  -12.15189  -71.50800     3303  29.9  0  0  6 15 0 0 1 1 1 0 0 0 0 0 1 1 0 1
2014   2 28  7 21  7 940085   -4.78304  -71.43797     3340  14.6  0  0  5 10 0 0 1 0 0 0 0 0 0 1 1 1 0 1
2014   2 28  7 21  8  66588   -5.01735  -71.29122     3568  14.4  0  0  6 15 0 0 1 0 1 0 0 1 0 1 1 0 0 1
2014   2 28  7 21  9 863086  -21.30728  -46.09383     2912   4.3  0  0  4  6 0 0 1 0 0 0 0 1 0 0 1 0 0 1
2014   2 28  7 21  9 897172  -16.00111  -51.62372     3463  32.5  1  0  5 10 0 0 0 0 1 0 0 1 0 1 1 0 0 1
2014   2 28  7 21 11 189659    4.57490  -85.03057     8173  56.2  1  0  7 21 0 0 0 1 1 0 0 1 0 1 1 1 0 1
2014   2 28  7 21 12 790051  -21.16247  -46.73337     4275  59.4  2  0  5 10 0 0 1 0 0 0 0 1 0 1 1 0 0 1
2014   2 28  7 21 13 197110  -30.07390  -41.94773     4739  48.4  1  0  6 15 0 0 1 1 1 0 0 1 0 0 1 0 0 1
2014   2 28  7 21 13 234867  -30.02151  -42.21541     3405  41.0  0  0  7 21 0 0 1 1 1 0 0 1 0 1 0 1 0 1
2014   2 28  7 21 13 258904  -30.13722  -41.65870     6322  39.9  1  0  5 10 0 0 1 0 1 0 0 1 0 0 1 0 0 1
2014   2 28  7 21 13 571220  -30.07736  -41.95781     4820  49.8  1  0  6 15 0 0 1 1 1 0 0 1 0 0 1 0 0 1
2014   2 28  7 21 13 615482  -30.04880  -42.03037     3840  48.7  0  0  7 21 0 0 1 1 1 0 0 1 0 1 1 0 0 1
2014   2 28  7 21 13 694862  -29.65722  -42.31723     4023  15.9  0  0  5 10 0 0 0 1 1 0 0 1 0 0 1 0 0 1
2014   2 28  7 21 14 605991    5.86041  146.49434    21718  14.6  0  0  4  6 0 0 0 1 0 0 0 0 0 0 1 1 0 1
2014   2 28  7 21 14 863106    5.00483  152.82343     9984  75.0  2  0  7 21 0 0 1 1 1 0 0 1 0 0 1 1 0 1
2014   2 28  7 21 15 162629  -23.61203  -45.96361     3039   4.9  0  0  4  6 0 0 1 1 1 0 0 1 0 0 0 0 0 0
2014   2 28  7 21 15 326322   -4.67031  -72.30199     5045  95.2  2  0  7 21 0 0 1 1 0 0 0 1 0 1 1 1 0 1
2014   2 28  7 21 15 910025   -8.00132  -39.92374     4917  54.4  1  0  6 11 0 0 1 1 1 0 0 1 0 1 0 1 0 0
2014   2 28  7 21 16 404154  -14.49080  -44.06217     4146  86.3  2  0  6 15 0 0 1 1 1 0 0 1 0 0 1 0 0 1
2014   2 28  7 21 16 632546  -23.82453 -176.14656    57538  96.3  2  0  6 15 0 0 1 1 1 0 0 0 0 0 1 1 0 1
2014   2 28  7 21 16 726898  -23.20753 -178.31757    29561  91.0  2  0  6 15 0 0 0 1 1 0 0 1 0 0 1 1 0 1
2014   2 28  7 21 16 809459  -24.59008 -173.54533    31108  98.6  2  0  7 21 0 0 1 1 1 0 0 0 0 1 1 1 0 1
2014   2 28  7 21 16 986519  -23.44711 -177.14267    23866  87.2  2  0  6 15 0 0 1 1 1 0 0 1 0 0 1 1 0 0
2014   2 28  7 21 17  33003  -23.31081 -177.17545    18414  42.4  1  0  5 10 0 0 1 1 0 0 0 1 0 0 1 1 0 0
2014   2 28  7 21 17 262614  -20.97281  -49.45548     4113  65.3  2  0  6 12 0 0 1 1 0 0 0 1 0 1 0 1 0 1
2014   2 28  7 21 17 712734   -8.60776  -62.40855     3675  10.4  0  0  5 10 0 0 0 0 1 0 0 0 0 1 1 1 0 1
2014   2 28  7 21 17 811126  -20.55453  -48.82167     3780 101.3  2  0  7 21 0 0 1 1 1 0 0 1 0 1 1 0 0 1
2014   2 28  7 21 18  93506   -6.11800  170.17538    24138  98.4  2  0  6 15 0 0 0 1 1 0 0 1 0 0 1 1 0 1
2014   2 28  7 21 18 266077  -21.11267 -142.88785    12861  15.1  0  0  4  6 0 0 1 0 0 0 0 1 0 0 1 1 0 0
2014   2 28  7 21 18 564471  -20.55505  -47.55201     4877 106.7  2  0  6 15 0 0 1 1 1 0 0 1 0 1 1 0 0 0
2014   2 28  7 21 19 111856  -10.63720  -57.02959     4859 107.0  2  0  7 21 0 0 1 0 1 0 0 1 0 1 1 1 0 1
2014   2 28  7 21 19 138063  -10.67174  -57.93048     4989 128.8  2  0  7 21 0 0 1 1 1 0 0 1 0 1 1 1 0 0
2014   2 28  7 21 20 539095   -8.01769  -59.52563     2509  14.0  0  0  7 21 0 0 0 1 1 0 0 1 0 1 1 1 0 1
2014   2 28  7 21 20 560671   -8.00680  -59.54114     2870   7.3  0  0  5  8 0 0 0 1 1 0 0 1 0 0 1 1 0 0
2014   2 28  7 21 20 605256   -8.00982  -59.46235     2467  15.0  0  0  7 21 0 0 1 1 1 0 0 1 0 0 1 1 0 1
2014   2 28  7 21 20 622628   -8.04825  -59.53550     2988   6.7  0  0  5  9 0 0 0 1 1 0 0 1 0 0 0 1 0 1
2014   2 28  7 21 20 761342    2.32174   -0.38165    14536   3.0  0  0  4  6 0 0 1 1 1 0 0 1 0 0 0 0 0 0
2014   2 28  7 21 20 806178   -7.97626  -59.44027     3460  11.9  0  0  4  6 0 0 0 1 0 0 0 0 0 0 1 1 0 1
2014   2 28  7 21 21  28689    6.88901  -74.86673     3855   2.4  0  0  5 10 0 0 0 1 1 0 0 1 0 1 0 1 0 0
2014   2 28  7 21 21 375637    6.98783  -74.59811     5986  27.8  0  0  5  7 0 0 1 1 0 0 0 1 0 0 0 1 0 1
2014   2 28  7 21 24  27070  -16.31539  -51.53978     2748   8.9  0  0  5 10 0 0 1 0 1 0 0 1 0 0 1 0 0 1
2014   2 28  7 21 24 104660  -24.83301  -45.04029     4235  41.0  1  0  6 14 0 0 1 0 1 0 0 1 0 0 1 1 0 1
2014   2 28  7 21 24 165640  -24.81673  -45.17014     4177  31.9  1  0  5  7 0 0 1 1 0 0 0 0 0 1 0 1 0 1
2014   2 28  7 21 24 225956  -24.88539  -44.99768     4512  38.0  1  0  5  9 0 0 1 1 0 0 0 1 0 0 1 0 0 1
2014   2 28  7 21 25 121875  -30.09712 -130.04300    20910  10.7  0  0  4  6 0 0 1 0 0 0 0 1 0 1 0 0 0 1
2014   2 28  7 21 25 200807  -32.31978   15.86158    55294  47.6  1  0  5 10 0 0 0 1 1 0 0 1 0 0 1 0 0 1
2014   2 28  7 21 25 346255  -21.14771  -46.94327     4239  60.1  2  0  6 15 0 0 1 0 1 0 0 1 0 1 1 1 0 0
2014   2 28  7 21 25 609126  -21.15839  -47.03780     3261  62.1  1  0  7 20 0 0 1 1 1 0 0 1 0 1 1 1 0 0
2014   2 28  7 21 25 670784  -21.26240  -46.81735     3254  40.8  1  0  6 14 0 0 1 1 1 0 0 1 0 0 1 0 0 1
2014   2 28  7 21 25 880485  -34.06771  -38.43837     5392  48.1  1  0  6 15 0 0 1 1 1 0 0 1 0 0 1 0 0 1
2014   2 28  7 21 26  46853  -12.26701  -72.67363     5243  32.9  1  0  5 10 0 0 1 0 1 0 0 1 0 0 1 0 0 1
2014   2 28  7 21 26 184754  -22.49091  -46.02886     3622  64.7  2  0  6 15 0 0 0 1 1 0 0 1 0 1 1 0 0 1
2014   2 28  7 21 26 202285  -33.98778  -38.49755     6360  65.5  2  0  6 15 0 0 1 1 1 0 0 1 0 0 1 1 0 0
2014   2 28  7 21 26 333893  -30.04358  -41.86905     4521  46.8  1  0  6 15 0 0 1 1 1 0 0 1 0 0 1 0 0 1
2014   2 28  7 21 26 422556  -29.68656  -42.16233     4917  27.3  0  0  5 10 0 0 0 1 1 0 0 1 0 0 1 0 0 1
2014   2 28  7 21 27 474064    4.28008  -73.20389     7387  79.0  2  0  6 13 0 0 1 1 1 0 0 0 0 0 1 1 0 1
2014   2 28  7 21 27 481182    4.28189  -73.59132     7718  69.2  2  0  6 14 0 0 0 1 1 0 0 1 0 0 1 1 0 1
2014   2 28  7 21 27 790743  -11.39043  166.77782    11685  67.6  1  0  7 21 0 0 1 1 1 0 0 1 0 0 1 1 0 1
2014   2 28  7 21 27 852805  -11.37467  166.73102    14346  70.0  1  0  7 18 0 0 1 1 1 0 0 1 0 0 1 1 0 1
2014   2 28  7 21 27 949556  -11.95991  168.46387    36133  79.6  2  0  6 15 0 0 0 1 1 0 0 0 0 1 1 1 0 1
2014   2 28  7 21 27 978253  -12.04278  167.67010    76568  75.3  2  0  6 15 0 0 1 1 1 0 0 1 0 0 1 0 0 1
2014   2 28  7 21 28 104641  -15.30771  172.61218    78853  52.3  2  0  5 10 0 0 1 0 1 0 0 1 0 0 1 0 0 1
2014   2 28  7 21 28 900721  -18.75799 -142.70981    15823  81.1  2  0  7 21 0 0 1 1 1 0 0 1 0 0 1 1 0 1
2014   2 28  7 21 28 911864  -18.80537 -142.26260    24567  66.4  2  0  5 10 0 0 1 0 1 0 0 1 0 0 1 1 0 0
2014   2 28  7 21 29 725942   -4.20120  -71.67753     5090  98.3  2  0  7 21 0 0 1 1 0 0 0 1 0 1 1 1 0 1
2014   2 28  7 21 30  28534  -14.36956  -44.09340     3819  88.0  2  0  7 20 0 0 1 1 1 0 0 0 0 1 1 1 0 1
2014   2 28  7 21 30  81721  -14.54113  -44.08242     3315  63.4  1  0  7 16 0 0 1 1 1 0 0 1 0 1 0 1 0 1
2014   2 28  7 21 30 139767  -14.54246  -44.05956     3652  65.9  2  0  6 14 0 0 1 1 1 0 0 1 0 1 0 0 0 1
2014   2 28  7 21 30 194644  -14.51441  -44.07594     3401  78.2  2  0  7 21 0 0 1 1 1 0 0 1 0 1 1 0 0 1
2014   2 28  7 21 30 266658  -14.52455  -44.05912     3389  77.9  2  0  7 21 0 0 1 1 1 0 0 1 0 1 1 0 0 1
2014   2 28  7 21 30 322642  -14.52043  -43.20728    14531  50.4  2  0  5  7 0 0 1 0 1 0 0 1 0 0 0 1 0 1
2014   2 28  7 21 30 444441  -14.45390  -43.93495     3734  73.8  2  0  7 21 0 0 1 0 1 0 0 1 0 1 0 1 1 1
2014   2 28  7 21 30 491292  -14.48107  -42.91270     5331   5.9  0  0  4  6 0 0 1 0 0 0 0 1 0 0 1 0 0 1
2014   2 28  7 21 31 398446  -20.45905 -139.87924    50375  95.2  2  0  6 14 0 0 1 1 1 0 0 1 0 0 1 0 0 1
2014   2 28  7 21 31 436004  -19.53897 -141.70128    21981  82.5  2  0  6 15 0 0 1 0 1 0 0 1 0 0 1 1 0 1
2014   2 28  7 21 33 728461  -22.22501  -45.84372     4648  95.9  2  0  6 14 0 0 1 1 1 0 0 1 0 0 1 0 0 1
2014   2 28  7 21 33 775939  -22.25126  -45.86875     4994 104.8  2  0  6 14 0 0 1 1 1 0 0 1 0 0 1 0 0 1
2014   2 28  7 21 33 785201  -12.67411  -71.81076     6384 147.7  2  0  7 21 0 0 1 1 1 0 0 1 0 1 1 1 0 0
2014   2 28  7 21 36 827620   -4.18764  -71.46715     2923  18.1  0  0  6 15 0 0 1 1 1 0 0 1 0 1 0 1 0 0
2014   2 28  7 21 37  17858   -4.17130  -71.46265     2946   8.4  0  0  5 10 0 0 1 1 0 0 0 0 0 0 1 1 0 1
2014   2 28  7 21 37 128656   -4.18362  -71.48045     2684  16.9  0  0  7 21 0 0 1 1 1 0 0 1 0 0 1 1 0 1
2014   2 28  7 21 37 136417   33.35179 -168.61121    21982  54.8  2  0  5 10 0 0 1 0 1 0 0 1 0 0 1 1 0 0
2014   2 28  7 21 37 359326   -4.27221  -71.38977     3882   7.0  0  0  5 10 0 0 1 1 0 0 0 1 0 0 1 0 0 1
2014   2 28  7 21 37 558254  -30.38349  -41.57001     3026  24.6  0  0  7 21 0 0 1 1 1 0 0 1 0 0 1 1 0 1
2014   2 28  7 21 37 578771  -30.32537  -41.63343     3378  19.4  0  0  7 20 0 0 0 1 1 0 0 1 0 1 1 1 0 1
2014   2 28  7 21 37 586746  -30.45812  -41.52826     3154  19.3  0  0  6 15 0 0 1 1 1 0 0 1 0 0 1 0 0 1
2014   2 28  7 21 37 631917  -30.46387  -41.51947     4691  22.8  0  0  5 10 0 0 1 0 1 0 0 1 0 0 1 0 0 1
2014   2 28  7 21 37 640975  -30.39745  -41.55621     3174  19.7  0  0  6 15 0 0 1 1 1 0 0 1 0 0 1 0 0 1
2014   2 28  7 21 37 665761  -30.46502  -41.39418     3810  11.7  0  0  5 10 0 0 1 0 1 0 0 0 0 1 1 0 0 1
2014   2 28  7 21 37 715436  -30.45035  -41.55500     3211  20.6  0  0  6 15 0 0 1 1 1 0 0 1 0 0 1 0 0 1
2014   2 28  7 21 38  91995  -23.37112  -45.95107     2689  27.3  0  0  7 21 0 0 1 1 1 0 0 1 0 1 1 0 0 1
2014   2 28  7 21 38 270303  -23.37731  -45.95483     3170  30.9  0  0  6 15 0 0 0 1 1 0 0 1 0 1 1 0 0 1
2014   2 28  7 21 38 279685  -23.35911  -45.84783     3248  28.7  0  0  6 14 0 0 1 1 1 0 0 1 0 0 1 0 0 1
2014   2 28  7 21 38 540617  -23.72227  -45.61325     2745  29.9  0  0  7 21 0 0 1 1 1 0 0 1 0 1 1 0 0 1
2014   2 28  7 21 38 751687  -25.03705  -44.71890     2828  24.9  0  0  7 19 0 0 0 1 1 0 0 1 0 1 1 1 0 1
2014   2 28  7 21 38 778923  -25.12119  -44.66256     6543  26.5  0  0  5  8 0 0 0 1 1 0 0 1 0 1 0 0 0 1
2014   2 28  7 21 39 185277  -25.12474  -44.64567     2881  30.4  0  0  7 21 0 0 1 1 0 0 0 1 0 1 1 1 1 0
2014   2 28  7 21 39 252778  -25.14967  -44.61006     3933  23.7  0  0  5  8 0 0 1 1 0 0 0 1 0 0 1 0 0 1
2014   2 28  7 21 39 365998  -25.12323  -44.66040     3144  28.7  0  0  6 14 0 0 1 1 1 0 0 1 0 0 1 0 0 1
2014   2 28  7 21 39 727360  -25.19922  -44.83401     3128  30.6  0  0  6 15 0 0 1 1 1 0 0 1 0 0 1 0 0 1
2014   2 28  7 21 39 800406  -25.12387  -44.90269     3723  28.8  0  0  5  9 0 0 0 1 1 0 0 1 0 0 1 0 0 1
2014   2 28  7 21 39 807606  -25.19887  -44.82200     2724  27.6  0  0  7 21 0 0 1 1 1 0 0 1 0 1 1 0 0 1
2014   2 28  7 21 40 196545   -0.96460  -71.68844     3294  28.5  0  0  6 15 0 0 1 1 0 0 0 1 0 0 1 1 0 1
2014   2 28  7 21 40 280160   -9.98134  160.54504     6891  35.3  0  0  7 21 0 0 1 1 1 0 0 1 0 1 1 1 0 0
2014   2 28  7 21 40 288249   -9.00247  159.24152    59859  10.4  0  0  4  6 0 0 1 1 0 0 0 1 0 0 1 0 0 0
2014   2 28  7 21 40 348127    1.21483  150.68773    42637  39.0  1  0  5 10 0 0 0 1 1 0 0 0 0 0 1 1 0 1
2014   2 28  7 21 40 381917   -8.86203  159.07332    60841  10.9  0  0  4  6 0 0 1 1 0 0 0 1 0 0 1 0 0 0
2014   2 28  7 21 41 273873   -9.75246  160.14999    88555  46.6  1  0  5 10 0 0 1 1 1 0 0 1 0 0 1 0 0 0
2014   2 28  7 21 41 383438  -33.06472   19.95717    27881  62.5  2  0  5 10 0 0 1 1 0 0 0 1 0 0 1 0 0 1
2014   2 28  7 21 41 412980  -33.97561   16.90992    32214  31.8  1  0  4  6 0 0 1 1 0 0 0 0 0 0 1 0 0 1
2014   2 28  7 21 41 605165  -16.45929  -51.96228     3298  34.6  0  0  6 11 0 0 1 0 1 0 0 1 0 1 0 1 0 1
2014   2 28  7 21 42 178897    5.21980  -72.71019     6074  58.7  1  0  6 12 0 0 1 1 1 0 0 1 0 0 1 1 0 0
2014   2 28  7 21 42 301613  -20.56140  -49.14535     3057  49.1  0  0  7 18 0 0 1 1 1 0 0 1 0 0 1 1 0 1
2014   2 28  7 21 42 494595   30.15318 -130.10231    19611  62.4  2  0  6 15 0 0 1 1 0 0 0 1 0 0 1 1 0 1
2014   2 28  7 21 42 514939   29.89710 -129.36935    18661  73.7  2  0  7 19 0 0 1 1 1 0 0 1 0 0 1 1 0 1
2014   2 28  7 21 42 618772    4.52735  151.39815    20824  44.1  1  0  5 10 0 0 1 1 0 0 0 0 0 0 1 1 0 1
2014   2 28  7 21 42 758256    2.22357  -84.30576    15923  59.6  2  0  5 10 0 0 1 1 1 0 0 1 0 0 1 0 0 0
2014   2 28  7 21 42 883272    2.67001  -86.37373    12986  39.5  1  0  5 10 0 0 0 1 1 0 0 1 0 0 0 1 0 1
2014   2 28  7 21 42 954391    2.22267  -18.90842     5189  57.3  1  0  7 19 0 0 1 1 1 0 0 1 1 0 1 0 0 1
2014   2 28  7 21 43 496329  -30.02305  -41.99921     3806  48.8  0  0  7 21 0 0 1 1 1 0 0 1 0 1 1 0 0 1
2014   2 28  7 21 45 586638    5.02177  148.89629     9696  62.8  2  0  6 15 0 0 1 0 1 0 0 1 0 0 1 1 0 1
2014   2 28  7 21 45 711635    2.12811   -0.15645    18683  85.6  2  0  6 15 0 0 1 1 1 0 0 1 0 0 0 1 0 1
2014   2 28  7 21 45 762352    7.12811  -75.43801    15060  91.1  2  0  6 15 0 0 0 1 1 0 0 0 0 1 1 1 0 1
2014   2 28  7 21 46 253260  -11.92567  -73.20036     6775 111.0  2  0  6 15 0 0 1 1 1 0 0 0 0 1 1 1 0 0
2014   2 28  7 21 46 313113   -4.20526  -72.08353     7768  95.8  2  0  6 15 0 0 0 1 1 0 0 1 0 1 1 1 0 0
2014   2 28  7 21 46 328166   -4.33464  -72.25475     4627  13.1  0  0  4  6 0 0 0 0 0 0 0 1 0 1 0 1 0 1
2014   2 28  7 21 46 331834  -19.00018 -141.89293    14698  71.5  2  0  7 21 0 0 1 0 1 0 0 1 0 1 1 1 0 1
2014   2 28  7 21 46 538429  -18.58785 -145.89784    33226  83.5  2  0  6 15 0 0 0 1 1 0 0 1 0 0 1 1 0 1
2014   2 28  7 21 46 546725  -11.93844  -73.12253     5346  78.4  2  0  6 15 0 0 1 0 0 0 0 1 0 1 1 1 0 1
2014   2 28  7 21 46 591512  -11.91503  -73.43774     5894  93.8  2  0  6 15 0 0 1 1 1 0 0 1 0 0 1 1 0 0
2014   2 28  7 21 46 726835  -18.34050 -144.60170    16444  27.5  1  0  4  6 0 0 1 1 0 0 0 1 0 0 0 1 0 0
2014   2 28  7 21 46 800701    4.09788  -83.04405     6504  78.6  2  0  7 21 0 0 1 0 1 0 0 1 0 1 1 1 0 1
2014   2 28  7 21 46 852784  -29.17832  -42.61683    11246  35.6  1  0  5  8 0 0 0 1 1 0 0 0 0 1 0 1 0 1
2014   2 28  7 21 47 525015  -20.97822  -47.38651     3935  34.6  1  0  5  8 0 0 1 1 0 0 0 0 0 1 1 1 0 0
2014   2 28  7 21 47 584210  -21.27984  -47.01090     3745  90.7  2  0  7 20 0 0 1 1 1 0 0 1 0 1 1 0 0 1
2014   2 28  7 21 48  54397   -6.94777    9.15732    40732  81.7  2  0  5 10 0 0 1 1 0 0 0 1 0 0 1 0 0 1
2014   2 28  7 21 49 320266  -14.52297  -42.97262     6341  15.2  0  0  4  6 0 0 1 0 0 0 0 1 0 0 1 0 0 1
2014   2 28  7 21 49 700318  -20.45096 -143.28787    18856  92.4  2  0  7 21 0 0 1 0 1 0 0 1 0 1 1 1 0 1
2014   2 28  7 21 50 256625  -10.74130  -57.64021     4816 106.3  2  0  7 21 0 0 1 0 1 0 0 1 0 1 1 1 0 1
2014   2 28  7 21 50 779020  -21.31341  -46.37332     5070 145.2  2  0  7 21 0 0 1 1 1 0 0 1 0 0 1 1 0 1
2014   2 28  7 21 52 224943  -12.33744  -73.10058     2817   6.0  0  0  5 10 0 0 1 0 1 0 0 0 0 0 1 1 0 1
2014   2 28  7 21 52 443250  -30.09039  -41.64437     3138  20.1  0  0  7 16 0 0 1 1 1 0 0 1 0 0 1 1 0 1
2014   2 28  7 21 52 468614  -30.05486  -41.68279     2878  14.6  0  0  6 15 0 0 1 1 1 0 0 1 0 0 1 0 0 1
2014   2 28  7 21 52 487773  -30.06355  -41.66434     3363  15.2  0  0  5 10 0 0 1 1 0 0 0 1 0 0 1 0 0 1
2014   2 28  7 21 53 160071  -12.19104  -73.15865     3072  21.4  0  0  6 15 0 0 1 0 1 0 0 1 0 0 1 1 0 1
2014   2 28  7 21 53 192698  -21.20781  -46.78000     2573  15.3  0  0  6 14 0 0 1 1 1 0 0 0 0 1 1 0 0 1
2014   2 28  7 21 53 338359  -21.19310  -46.81068     2907  17.3  0  0  6 12 0 0 1 1 1 0 0 0 0 1 1 0 0 1
2014   2 28  7 21 53 552933  -21.23305  -46.77224     2675   9.1  0  0  5  9 0 0 0 1 1 0 0 1 0 0 1 0 0 1
2014   2 28  7 21 53 851852  -24.56579  -45.26839     2965  26.9  0  0  6 15 0 0 1 1 1 0 0 1 0 0 1 0 0 1
2014   2 28  7 21 55 387844  -29.62851 -129.37354    19384  61.0  2  0  6 12 0 0 1 1 0 0 0 1 0 0 1 1 0 1
2014   2 28  7 21 56 152879  -30.14152  -41.74630     3552  28.5  0  0  6 15 0 0 1 1 1 0 0 1 0 0 1 0 0 1
2014   2 28  7 21 56 231005    2.75976  -67.67400     5308  34.9  0  0  7 21 0 0 1 1 1 0 0 1 0 1 1 0 0 1
2014   2 28  7 21 56 366882  -22.60693  -46.00415     2710  17.9  0  0  6 15 0 0 1 1 1 0 0 1 0 1 1 0 0 0
2014   2 28  7 21 56 735912    6.96311  -73.76834     4763  40.1  1  0  6 15 0 0 1 0 1 0 0 1 0 1 1 1 0 0
2014   2 28  7 21 56 812045  -22.77589  -45.67033     3623  37.4  1  0  5 10 0 0 0 1 1 0 0 1 0 0 1 0 0 1
2014   2 28  7 21 56 897038    0.61399  155.65349     7698  29.9  0  0  5 10 0 0 1 1 1 0 0 1 0 0 0 1 0 0
2014   2 28  7 21 56 944204  -17.17888  164.02844    31162  37.6  0  0  7 21 0 0 1 1 1 0 0 1 0 1 1 0 0 1
2014   2 28  7 21 56 952798  -15.24711  161.94513   104725  14.4  0  0  4  6 0 0 1 1 0 0 0 1 0 0 1 0 0 0
2014   2 28  7 21 57 326189  -23.42449  -45.80850     3888  52.7  1  0  6 15 0 0 1 1 1 0 0 1 0 0 1 0 0 1
2014   2 28  7 21 57 860507   -1.32015   10.23882    25331  46.2  1  0  5 10 0 0 1 1 1 0 0 1 0 0 0 0 0 1
2014   2 28  7 21 58 588008  -10.73756  -57.24500     3522  51.7  1  0  7 20 0 0 0 1 1 0 0 1 0 1 1 1 0 1
2014   2 28  7 21 59 138731    7.38060  -78.30920     8500  57.7  1  0  6 12 0 0 0 1 1 0 0 1 0 0 1 1 0 1
2014   2 28  7 21 59 468586  -21.13531  -46.89066     3350  66.9  1  0  7 21 0 0 1 0 1 0 0 1 0 1 1 1 0 1
2014   2 28  7 22  0 201601  -21.21393  -47.07023     3332  66.1  1  0  7 20 0 0 1 1 1 0 0 1 0 1 1 0 0 1
2014   2 28  7 22  0 234060  -21.27049  -46.94743     3519  46.7  1  0  6 14 0 0 1 1 1 0 0 1 0 0 1 0 0 1
2014   2 28  7 22  0 952737    7.24077  -74.44365     8079  69.0  2  0  6 15 0 0 0 1 1 0 0 1 0 0 1 1 0 1
2014   2 28  7 22  1 242106   -5.22134   -0.37486    14000  39.4  1  0  5  8 0 0 1 1 1 0 0 0 0 0 1 1 0 0
2014   2 28  7 22  1 339900   -5.32767   -0.62569    62766  47.8  1  0  5 10 0 0 1 1 1 0 0 0 0 0 1 0 0 1
2014   2 28  7 22  1 948899  -21.61635  -50.86187     3002  50.3  1  0  7 19 0 0 1 1 0 0 0 1 0 1 1 1 0 1
2014   2 28  7 22  2 569376  -18.81227 -143.22527    16201  81.9  2  0  7 21 0 0 1 1 1 0 0 1 0 0 1 1 0 1
2014   2 28  7 22  2 652566  -20.07940 -139.64778    33087  95.6  2  0  7 21 0 0 1 1 1 0 0 1 0 1 1 0 0 1
2014   2 28  7 22  2 985613    7.71654  -74.70334    10619  93.3  2  0  6 14 0 0 0 1 1 0 0 1 0 1 1 1 0 0
2014   2 28  7 22  4 824165  -21.25438  -49.48994     4049  97.1  2  0  7 18 0 0 1 1 1 0 0 1 0 1 1 0 0 1
2014   2 28  7 22  5 291891  -21.20153  -49.52058     4548 122.4  2  0  7 17 0 0 0 1 1 0 0 1 0 1 1 1 0 1
2014   2 28  7 22  5 367837  -22.41252 -140.26897    18139  87.5  2  0  7 21 0 0 1 0 1 0 0 1 0 1 1 1 0 1
2014   2 28  7 22  5 892948   -6.95565    7.65405    34313 104.1  2  0  6 15 0 0 1 1 1 0 0 1 0 0 1 0 0 1
2014   2 28  7 22  8 409653   -7.40447    7.98674    15361   1.7  0  0  5 10 0 0 0 1 1 0 0 1 0 0 1 0 0 1
2014   2 28  7 22  8 689384  -23.35463  -45.76155     3171   1.1  0  0  4  6 0 0 1 0 0 0 0 1 0 0 1 0 0 1
2014   2 28  7 22  8 932116  -25.45814  -44.56792     2954  13.2  0  0  5 10 0 0 1 1 1 0 0 0 0 0 1 0 0 1
2014   2 28  7 22  8 985491    5.08370  -72.34957     3370  10.5  0  0  6 14 0 0 0 1 1 0 0 1 0 0 1 1 0 1
2014   2 28  7 22  9  42884  -16.02501  -51.46932     2801   7.8  0  0  5 10 0 0 1 0 1 0 0 0 0 1 1 1 0 0
2014   2 28  7 22  9 241529  -15.96553  -51.24026     2435  18.2  0  0  7 20 0 0 1 1 1 0 0 1 0 1 0 1 1 0
2014   2 28  7 22  9 288746  -15.95506  -51.22650     2493  19.5  0  0  7 20 0 0 1 1 1 0 0 1 0 0 1 1 0 1
2014   2 28  7 22  9 486430  -15.73234  -51.05284     2598  22.3  0  0  7 20 0 0 1 0 1 0 0 1 0 1 1 1 0 1
2014   2 28  7 22  9 493432  -15.93950  -51.07164     2693   5.6  0  0  5 10 0 0 1 0 1 0 0 1 0 0 1 0 0 1
2014   2 28  7 22  9 502506  -15.94488  -51.08598     2465   8.3  0  0  6 15 0 0 1 1 1 0 0 1 0 0 1 0 0 1
2014   2 28  7 22  9 704296    4.64296  -73.35013     3633  14.8  0  0  6 14 0 0 0 1 1 0 0 1 0 0 1 1 0 1
2014   2 28  7 22  9 827199  -15.90566  -51.34926     2638  14.9  0  0  6 13 0 0 1 1 1 0 0 1 0 1 1 0 0 0
2014   2 28  7 22  9 850199  -15.84309  -51.30271     2500  23.2  0  0  7 21 0 0 0 1 1 0 0 1 0 1 1 1 0 1
2014   2 28  7 22 10  80809  -25.17553  -44.57391     3371  20.0  0  0  5  9 0 0 0 1 1 0 0 1 0 0 1 0 0 1
2014   2 28  7 22 10 453049  -30.15839  -41.82321     3569  27.6  0  0  6 15 0 0 1 1 1 0 0 1 0 0 0 1 0 1
2014   2 28  7 22 10 488996  -30.19254  -41.68884     2798  19.4  0  0  7 21 0 0 1 1 1 0 0 1 0 1 1 0 0 1
2014   2 28  7 22 10 803409  -29.97613  -41.85855     3539  26.8  0  0  7 20 0 0 0 1 1 0 0 1 0 1 1 1 0 1
2014   2 28  7 22 10 883800   -4.15025  -71.65510     3396  25.9  0  0  7 21 0 0 0 1 1 0 0 1 0 1 1 1 0 1
2014   2 28  7 22 10 924120  -30.21888  -41.63714     3886  21.3  0  0  5 10 0 0 1 1 0 0 0 1 0 0 1 0 0 1
2014   2 28  7 22 10 962241   -4.25845  -71.38156     7966  27.3  0  0  6 15 0 0 0 1 1 0 0 1 0 1 1 0 0 1
2014   2 28  7 22 11 100601  -25.19067 -135.73611     7172   8.9  0  0  5 10 0 0 1 1 0 0 0 1 0 0 1 1 0 0
2014   2 28  7 22 11 326962   -4.14667  -71.66283     5263  32.6  0  0  6 15 0 0 0 1 1 0 0 0 0 1 1 1 0 1
2014   2 28  7 22 11 971848  -21.17453  -46.70330     3267  27.1  0  0  5  9 0 0 0 1 1 0 0 1 0 0 1 0 0 1
2014   2 28  7 22 12 156305  -21.16770  -46.77079     2937  43.7  0  0  7 20 0 0 1 0 1 0 0 1 0 1 1 1 0 1
2014   2 28  7 22 15 359127  -11.18951  -57.95619     4228  28.6  0  0  5  7 0 0 0 1 1 0 0 1 0 1 0 1 0 0
2014   2 28  7 22 16 417597  -29.30245  -58.58344     6289  45.0  1  0  5 10 0 0 1 1 1 0 0 0 0 0 1 0 0 1
2014   2 28  7 22 16 655691  -21.21091  -46.55151     4354  48.8  1  0  5  9 0 0 1 1 1 0 0 1 0 0 0 0 0 1
2014   2 28  7 22 16 678420  -21.16267  -46.35815     3273  28.3  0  0  5 10 0 0 1 0 1 0 0 1 0 0 1 0 0 1
2014   2 28  7 22 16 731508  -21.08101  -46.79308     3854  72.6  2  0  6 15 0 0 1 1 1 0 0 1 0 1 0 1 0 0
2014   2 28  7 22 17  16204  -30.30801  -41.78992     5221  57.2  1  0  6 15 0 0 1 1 1 0 0 1 0 0 1 0 0 1
2014   2 28  7 22 17  61054  -29.80790  -42.23340     4294  19.2  0  0  5 10 0 0 0 1 1 0 0 1 0 0 1 0 0 1
2014   2 28  7 22 17 164604  -30.28992  -41.81496     5338  59.2  1  0  6 15 0 0 1 1 1 0 0 1 0 0 1 0 0 1
2014   2 28  7 22 17 258799  -19.34739 -142.83389    14503  72.7  2  0  7 21 0 0 1 1 1 0 0 1 0 0 1 1 0 1
2014   2 28  7 22 17 286620  -19.47954 -142.04092    16320  57.6  1  0  6 15 0 0 1 0 1 0 0 1 0 0 1 1 0 1
2014   2 28  7 22 17 314661  -19.31480 -143.90889    19256  84.3  2  0  7 19 0 0 1 1 1 0 0 1 0 1 1 1 0 0
2014   2 28  7 22 17 362121  -19.30485 -142.67549    19680  81.5  2  0  6 15 0 0 1 1 0 0 0 1 0 1 1 1 0 0
2014   2 28  7 22 17 533351  -19.05277 -143.80408    11931  29.3  0  0  5 10 0 0 1 1 0 0 0 1 0 0 1 1 0 0
2014   2 28  7 22 17 595529  -18.81244 -144.38655    41532  32.3  1  0  4  6 0 0 1 1 0 0 0 1 0 0 1 0 0 0
2014   2 28  7 22 17 597196  -20.55872  -51.94841     3467  82.5  2  0  7 21 0 0 1 1 1 0 0 1 0 1 1 0 0 1
2014   2 28  7 22 18 407005  -21.30754  -46.85908     3975  65.1  2  0  6 14 0 0 1 1 1 0 0 1 0 0 1 0 0 1
2014   2 28  7 22 18 520092   31.55089   60.15125    21715  64.2  2  0  5  9 0 0 1 0 1 0 0 0 0 0 1 1 0 1
2014   2 28  7 22 19    464   -1.34316    4.52152    25523  47.3  1  0  5 10 0 0 1 0 1 0 0 1 0 0 1 0 0 1
2014   2 28  7 22 19 460385  -20.69298  -47.36475     4441 119.0  2  0  7 21 0 0 1 1 1 0 0 1 0 0 1 1 0 1
2014   2 28  7 22 21  42718   13.46630 -128.13857    45254 106.5  2  0  6 15 0 0 0 1 1 0 0 1 0 0 1 1 0 1
2014   2 28  7 22 22 499526   -7.98952  -39.99281     7664  90.2  2  0  6 15 0 0 1 1 1 0 0 1 0 0 1 0 0 1
2014   2 28  7 22 23 429801    3.51887  -72.28972    13446  64.6  2  0  5 10 0 0 1 0 1 0 0 1 0 0 1 0 0 1
2014   2 28  7 22 24  53478  -23.73509  -45.57189     2919  12.4  0  0  5 10 0 0 1 1 1 0 0 1 0 0 1 0 0 0
2014   2 28  7 22 24 496493    3.50758  151.35159     4090  16.6  0  0  7 21 0 0 1 1 1 0 0 1 0 1 0 1 0 1
2014   2 28  7 22 24 631261   -4.28878  -71.49220     2885  16.7  0  0  6 15 0 0 1 1 1 0 0 1 0 0 1 1 0 0
2014   2 28  7 22 24 711885   -4.28811  -71.64640     2833  14.2  0  0  7 21 0 0 0 1 1 0 0 1 0 1 1 1 0 1
2014   2 28  7 22 24 800095    6.90549  -74.59995     4517  12.9  0  0  5  7 0 0 1 0 0 0 0 1 0 0 1 1 0 1
2014   2 28  7 22 24 834449    6.00425  -82.75843     3818  19.7  0  0  6 15 0 0 1 1 1 0 0 1 0 0 1 1 0 0
2014   2 28  7 22 25 505849  -20.46819  -47.15560     3387   2.3  0  0  4  6 0 0 1 0 0 0 0 0 0 1 1 0 0 1
2014   2 28  7 22 25 932199  -19.61661 -141.97514     7914  13.3  0  0  5 10 0 0 1 1 0 0 0 1 0 0 0 1 0 1
2014   2 28  7 22 26 214056  -21.34163  -46.20880     2833  18.1  0  0  5 10 0 0 0 1 1 0 0 1 0 0 1 0 0 1
2014   2 28  7 22 26 224026  -19.72148 -141.83481     8715  26.5  0  0  6 15 0 0 1 1 1 0 0 1 0 0 1 1 0 0
2014   2 28  7 22 26 630512   -0.89220  -72.25207     3525  28.0  0  0  7 21 0 0 0 1 1 0 0 1 0 1 1 1 0 1
2014   2 28  7 22 27  10001  -32.16253   18.39454    10973  28.0  0  0  6 15 0 0 1 1 1 0 0 1 0 0 1 0 0 1
2014   2 28  7 22 27  77146    4.72052  -73.53303     3709  34.4  0  0  7 21 0 0 1 0 1 0 0 1 0 1 1 1 0 1
2014   2 28  7 22 27 872028  -22.56246 -140.24747     9248  37.2  0  0  7 21 0 0 1 0 1 0 0 1 0 1 1 1 0 1
2014   2 28  7 22 28 369137  -22.30859 -140.87540     9383  41.1  0  0  7 21 0 0 1 1 0 0 0 1 0 1 1 1 0 1
2014   2 28  7 22 29 145328  -34.23051  -37.90463     3850  38.9  0  0  7 21 0 0 1 1 1 0 0 1 0 1 0 1 0 1
2014   2 28  7 22 29 947291    7.01737  -74.08226     6072  60.0  1  0  6 15 0 0 1 1 1 0 0 0 0 0 1 1 0 1
2014   2 28  7 22 30 430527   -7.27543    8.34620    30438  60.1  2  0  5 10 0 0 1 1 1 0 0 1 0 0 1 0 0 0
2014   2 28  7 22 30 962829  -30.01715  -42.18776     2937  16.2  0  0  6 15 0 0 1 1 1 0 0 1 0 1 0 0 0 1
2014   2 28  7 22 31 484487    9.23684  -73.51659     6425  75.3  2  0  6 15 0 0 1 1 1 0 0 1 0 0 0 1 0 1
2014   2 28  7 22 31 640736    6.70497  -78.85674     9071  67.3  2  0  6 15 0 0 0 1 1 0 0 1 0 0 1 1 0 1
2014   2 28  7 22 31 848958    5.75688  146.75043    18647   5.8  0  0  4  6 0 0 0 1 0 0 0 0 0 0 1 1 0 1
2014   2 28  7 22 32 245394  -24.90949  -44.96714     4688  35.5  1  0  5  9 0 0 0 1 1 0 0 1 0 0 1 0 0 1
2014   2 28  7 22 32 295726  -13.79090  -43.56475     7562  63.5  2  0  5  7 0 0 0 1 1 0 0 0 0 1 1 0 0 1
2014   2 28  7 22 32 770298  -13.69517  -43.70417     3691  69.0  2  0  6 15 0 0 1 1 1 0 0 1 0 0 1 0 0 1
2014   2 28  7 22 33  63037  -24.68252  -45.40991     3304  55.9  1  0  7 21 0 0 1 1 1 0 0 1 0 1 0 1 0 1
2014   2 28  7 22 33 112416  -24.73491  -45.21988     5641  52.8  2  0  5 10 0 0 1 0 1 0 0 1 0 0 1 0 0 1
2014   2 28  7 22 33 566720  -24.72672  -45.27459     3986  49.6  1  0  6 15 0 0 1 0 1 0 0 1 0 1 1 0 0 1
2014   2 28  7 22 33 810409  -16.40485  -51.89503     3879  87.3  2  0  7 21 0 0 1 0 1 0 0 1 0 1 1 1 0 1
2014   2 28  7 22 33 821515  -16.55001  -51.84447     3561  69.4  1  0  7 21 0 0 1 0 1 0 0 1 0 1 1 0 1 1
2014   2 28  7 22 33 897886  -13.53038  -53.99662     4179  85.9  2  0  7 21 0 0 1 0 1 0 0 1 0 1 1 1 0 1
2014   2 28  7 22 34 994051    4.33316  151.71765    15295  91.4  2  0  6 14 0 0 0 1 1 0 0 1 0 0 1 1 0 1
2014   2 28  7 22 35 683296  -13.42713  164.97466    58170 100.3  2  0  7 21 0 0 1 1 1 0 0 1 0 1 1 0 0 1
2014   2 28  7 22 36 471249   31.01370 -129.94106    16562  80.7  2  0  7 21 0 0 1 0 1 0 0 1 0 1 1 1 0 1
2014   2 28  7 22 36 663369   28.61920 -125.87949    27567  76.9  2  0  6 15 0 0 1 0 1 0 0 1 0 1 1 0 0 1
2014   2 28  7 22 37 116550  -20.95448  -47.33854     3897  64.8  2  0  6 14 0 0 1 1 0 0 0 1 0 1 1 1 0 0
2014   2 28  7 22 38  85965  -21.47435  -46.18928     4750  98.9  2  0  6 15 0 0 1 1 1 0 0 1 0 0 1 0 0 1
2014   2 28  7 22 38 420932   -9.41548  -65.75994    19635  43.6  1  0  5 10 0 0 0 1 1 0 0 0 0 1 1 0 0 1
2014   2 28  7 22 39  26672   -6.99733  173.14999    20176 121.0  2  0  7 21 0 0 1 1 1 0 0 1 0 0 1 1 0 1
2014   2 28  7 22 39 521401    2.74098  -84.45449     8504 115.7  2  0  7 21 0 0 1 0 1 0 0 1 0 1 1 1 0 1
2014   2 28  7 22 40 175298    1.16153  -12.69741    16134   4.0  0  0  5  7 0 0 0 1 1 0 0 0 0 0 1 1 0 1
2014   2 28  7 22 40 652006  -20.55606  -47.35014     2758  18.1  0  0  6 13 0 0 0 1 1 0 0 1 0 0 1 1 0 1
2014   2 28  7 22 41 412819   -4.69979  -71.62087     3239  11.8  0  0  5  8 0 0 1 0 0 0 0 1 0 0 0 1 1 1
2014   2 28  7 22 41 834638  -20.70850  -47.27913     2664  21.6  0  0  6 15 0 0 1 1 1 0 0 1 0 1 1 0 0 0
2014   2 28  7 22 42 319219   -3.45019  -71.52275     3767  22.3  0  0  6 15 0 0 0 0 1 0 0 1 0 1 1 1 0 1
2014   2 28  7 22 42 995042    6.90421  -74.44318     4135  29.5  0  0  6 15 0 0 1 1 1 0 0 0 0 0 1 1 0 1
2014   2 28  7 22 43 336810    4.87174  -73.17509     3272  30.5  0  0  7 21 0 0 1 1 1 0 0 1 0 0 1 1 0 1
2014   2 28  7 22 44 273420   -7.82929  174.29153    60390  42.3  1  0  5 10 0 0 0 1 1 0 0 1 0 1 1 0 0 0
2014   2 28  7 22 44 284009   -7.28681  172.87677    14864  38.3  0  0  6 14 0 0 0 1 1 0 0 1 0 0 1 1 0 1
2014   2 28  7 22 44 303090   -6.99441  172.69823    10575  36.0  0  0  6 15 0 0 1 0 1 0 0 1 0 0 1 1 0 1
2014   2 28  7 22 44 329481   -7.45152  173.40120    24140  38.3  0  0  6 15 0 0 1 1 1 0 0 1 0 0 1 0 0 1
2014   2 28  7 22 44 436296   -6.76291  171.66325    15107  33.2  1  0  5  7 0 0 0 1 1 0 0 1 0 0 0 1 0 1
2014   2 28  7 22 44 479555   -6.83056    8.00117    19414  35.3  1  0  5 10 0 0 1 1 1 0 0 1 0 0 1 0 0 0
2014   2 28  7 22 44 482598   -7.16333  172.89867    29640  35.0  1  0  5 10 0 0 1 1 0 0 0 1 0 0 1 0 0 1
2014   2 28  7 22 44 739862  -10.58714  -57.83144     3243  44.4  0  0  7 21 0 0 0 1 1 0 0 1 0 1 1 1 0 1
2014   2 28  7 22 45 756701   -4.75176  -71.61423     3801  38.6  0  0  6 15 0 0 1 0 1 0 0 1 0 0 1 1 0 1
2014   2 28  7 22 45 838418   -4.71559  -71.75539     3134  37.7  0  0  7 21 0 0 1 1 0 0 0 1 0 0 1 1 1 1
2014   2 28  7 22 45 983449  -21.39427  -46.15860     3432  45.1  1  0  6 14 0 0 1 1 1 0 0 1 0 0 1 0 0 1
2014   2 28  7 22 46  66432  -21.22711  -49.32653     4266  52.6  2  0  5  9 0 0 1 0 1 0 0 1 0 1 1 0 0 0
2014   2 28  7 22 46 111597   -4.73376  -71.66991     4969  63.3  2  0  6 15 0 0 1 1 0 0 0 0 0 1 1 1 0 1
2014   2 28  7 22 46 259834  -20.64070  -46.62142     3152  56.6  1  0  7 21 0 0 1 1 1 0 0 1 0 1 1 1 0 0
2014   2 28  7 22 47 341520   33.21403 -142.44116    64690  19.8  0  0  4  6 0 0 0 1 0 0 0 1 0 0 0 1 0 1
2014   2 28  7 22 47 658954   -4.34887  -71.22897     8142  70.5  2  0  6 15 0 0 1 1 0 0 0 1 0 1 1 0 0 1
2014   2 28  7 22 47 815575   -4.01219  -71.17559     3915  40.6  1  0  6 15 0 0 1 0 1 0 0 0 0 1 1 1 0 1
2014   2 28  7 22 48 275129  -22.71460  -45.75757     3924  66.5  2  0  6 15 0 0 1 1 1 0 0 1 0 0 1 0 0 1
2014   2 28  7 22 48 677715  -12.26495  -71.38354     5097  39.3  1  0  5  8 0 0 1 0 1 0 0 0 0 0 1 1 0 1
2014   2 28  7 22 48 862000  -30.05002  -42.22847     3527  17.3  0  0  5 10 0 0 1 1 1 0 0 1 0 0 0 0 0 1
2014   2 28  7 22 49 369258  -24.35667  -45.41787     4131  58.7  1  0  6 15 0 0 0 1 1 0 0 1 0 0 1 1 0 1
2014   2 28  7 22 49 850543  -24.38662 -134.44447    13419  67.9  1  0  7 21 0 0 1 0 1 0 0 1 0 1 1 1 0 1
2014   2 28  7 22 49 917770   33.71469 -170.04475    27328  99.8  2  0  6 15 0 0 1 1 0 0 0 1 0 0 1 1 0 1
2014   2 28  7 22 51 418395  -30.23999  -41.97776     5224  76.0  2  0  7 18 0 0 1 1 1 0 0 0 0 1 1 1 0 1
2014   2 28  7 22 51 450606  -30.30478  -41.88793     6337  76.6  2  0  6 15 0 0 1 1 1 0 0 1 0 0 1 0 0 1
2014   2 28  7 22 51 468371  -30.28524  -41.89703     6289  76.0  2  0  6 15 0 0 1 1 1 0 0 1 0 0 1 0 0 1
2014   2 28  7 22 51 477889  -30.24868  -42.00904     4837  74.9  2  0  7 21 0 0 1 1 1 0 0 1 0 1 1 0 0 1
2014   2 28  7 22 51 516539  -30.21010  -42.00660     6006  95.2  2  0  7 21 0 0 1 1 1 0 0 1 0 0 1 1 0 1
2014   2 28  7 22 51 525076  -29.63005  -42.45093     4435  22.1  0  0  5 10 0 0 0 1 1 0 0 1 0 0 1 0 0 1
2014   2 28  7 22 51 609633  -30.25564  -42.20058     3043  27.0  0  0  7 20 0 0 1 1 1 0 0 1 0 1 0 0 1 1
2014   2 28  7 22 51 834371  -30.18659  -42.37036     3867  54.4  1  0  7 21 0 0 1 1 1 0 0 1 0 1 0 1 0 1
2014   2 28  7 22 51 905960    5.34347  -72.72498     5681  96.6  2  0  7 21 0 0 1 1 1 0 0 1 0 0 1 1 0 1
2014   2 28  7 22 52  55629   32.60245 -138.55531    16675   9.2  0  0  4  6 0 0 1 1 0 0 0 1 0 0 0 1 0 0
2014   2 28  7 22 52 251087  -12.66707  -71.57439     4689  90.1  2  0  7 21 0 0 1 0 1 0 0 1 0 1 1 1 0 1
2014   2 28  7 22 52 747797   19.95028 -117.71173    19476 116.1  2  0  7 21 0 0 1 1 1 0 0 1 0 0 1 1 0 1
2014   2 28  7 22 52 862586  -12.71309  -71.80296     5815 130.1  2  0  7 21 0 0 1 1 1 0 0 1 0 1 0 1 0 1
2014   2 28  7 22 53 413510  -21.24341  -46.94485     4875  94.8  2  0  6 14 0 0 1 1 1 0 0 1 0 0 1 0 0 1
2014   2 28  7 22 53 716085  -10.71016  -57.37907     5272 112.8  2  0  7 19 0 0 0 1 1 0 0 1 0 1 1 1 0 1
2014   2 28  7 22 55 766097   -0.91582  -71.64069     5912 107.9  2  0  7 21 0 0 1 0 1 0 0 1 0 1 1 1 0 1
2014   2 28  7 22 57 847913    6.95364  -73.91306     3184  11.8  0  0  6 15 0 0 1 1 1 0 0 0 0 0 1 1 0 1
2014   2 28  7 22 58 114789  -30.43601  -41.50040     4119   5.8  0  0  4  6 0 0 1 1 0 0 0 1 0 0 0 0 0 1
2014   2 28  7 22 58 420341  -30.43051  -41.48130     2900  11.2  0  0  6 15 0 0 1 1 1 0 0 1 0 0 1 0 0 1
2014   2 28  7 22 58 763757  -20.97988  -47.37169     2530  27.4  0  0  7 21 0 0 1 1 1 0 0 1 0 1 0 1 0 1
2014   2 28  7 22 59 168265    9.15208  -73.48293     4511  16.7  0  0  5 10 0 0 0 1 0 0 0 1 0 0 1 1 0 1
2014   2 28  7 22 59 686877   30.18918 -130.65163    21039  35.4  0  0  7 21 0 0 0 1 1 0 0 1 0 1 1 1 0 1
2014   2 28  7 23  0 827807  -20.54016  -48.65824     3506  37.5  1  0  5  9 0 0 0 1 1 0 0 1 0 1 1 0 0 0
2014   2 28  7 23  1 962516  -15.96707  -51.64109     2889  44.1  0  0  7 21 0 0 0 1 1 0 0 1 0 1 1 1 0 1
2014   2 28  7 23  2 308479  -21.68998  -50.72465     2969  51.6  1  0  7 21 0 0 1 1 0 0 0 1 0 1 1 1 0 1
2014   2 28  7 23  2 323821  -21.72601  -50.76077     3102  53.2  1  0  7 17 0 0 1 1 1 0 0 1 0 1 1 0 0 1
2014   2 28  7 23  2 375665  -21.69016  -50.81574     3200   9.3  0  0  5  7 0 0 1 1 0 0 0 1 0 0 1 0 0 1
2014   2 28  7 23  2 444546   -4.24073  -71.65460     4936  29.5  0  0  5 10 0 0 0 0 1 0 0 1 0 0 1 1 0 1
2014   2 28  7 23  2 471961  -21.63483  -50.86372     2559  29.2  0  0  7 21 0 0 1 1 1 0 0 1 0 1 0 1 0 1
2014   2 28  7 23  2 955580  -11.92882  -73.29953     4032  47.9  1  0  6 15 0 0 1 1 0 0 0 1 0 0 1 1 0 1
2014   2 28  7 23  3 323664  -25.10706  -44.91226     3642  29.1  0  0  5 10 0 0 0 1 1 0 0 1 0 0 1 0 0 1
2014   2 28  7 23  3 333424  -22.14617  -45.92486     3826  47.7  1  0  5 10 0 0 0 1 1 0 0 1 0 0 1 0 0 1
2014   2 28  7 23  3 388638  -12.00029  -73.55523     6045  48.2  1  0  5 10 0 0 0 1 1 0 0 1 0 0 1 1 0 0
2014   2 28  7 23  3 426067  -22.14301  -45.91613     3294  44.3  1  0  6 15 0 0 1 1 1 0 0 1 0 0 1 0 0 1
2014   2 28  7 23  5 745555  -19.30913 -142.78488    13381  65.7  1  0  7 21 0 0 1 1 1 0 0 1 0 0 1 1 0 1
2014   2 28  7 23  6  36154  -19.21467 -143.16164    15494  60.8  2  0  6 15 0 0 1 1 1 0 0 1 0 0 1 1 0 0
2014   2 28  7 23  6 519997   29.87300 -130.21153    66539  64.6  2  0  5 10 0 0 0 0 1 0 0 1 0 1 1 1 0 0
2014   2 28  7 23  6 722415  -22.05004 -141.61275    21068  50.9  2  0  5  8 0 0 1 0 1 0 0 1 0 0 1 1 0 0
2014   2 28  7 23  7 544368   -7.27518  -59.76814     5648 101.2  2  0  6 15 0 0 1 1 0 0 0 0 0 1 1 1 0 1
2014   2 28  7 23  8 492353  -22.38913  -46.05563     3259  20.5  0  0  5 10 0 0 0 1 0 0 0 1 0 1 1 0 1 0
2014   2 28  7 23  8 832563  -22.48505  -45.88322     4532 100.0  2  0  7 17 0 0 0 1 1 0 0 1 0 0 1 1 1 1
2014   2 28  7 23  8 864027  -22.60235  -45.72383     4746 126.5  2  0  7 20 0 0 1 1 1 0 0 1 0 0 1 1 0 1
2014   2 28  7 23  8 893639  -18.54840 -142.96490    19501 107.0  2  0  7 21 0 0 1 1 1 0 0 1 0 1 1 1 0 0
2014   2 28  7 23  8 934186  -22.59679  -45.70133     5317 127.0  2  0  7 19 0 0 1 1 1 0 0 1 0 0 1 1 0 1
2014   2 28  7 23  9 280904  -27.30249  179.97708   136522  33.6  1  0  4  6 0 0 0 1 0 0 0 1 0 1 1 0 0 0
2014   2 28  7 23  9 417162  -32.31257  -40.99123     5582  22.8  0  0  5 10 0 0 0 1 1 0 0 0 0 1 1 0 0 1
2014   2 28  7 23  9 448460  -33.59146  -39.91264     7612  82.3  2  0  6 15 0 0 1 1 1 0 0 1 0 0 1 0 0 1
2014   2 28  7 23  9 474020  -13.83563  160.91740    34676 115.5  2  0  6 12 0 0 1 1 0 0 0 1 0 1 0 1 0 1
2014   2 28  7 23  9 602733  -32.31505  -40.96965     8192  19.9  0  0  4  6 0 0 0 1 0 0 0 1 0 0 1 0 0 1
2014   2 28  7 23  9 667251  -32.91893  -40.79966     9466  18.8  0  0  5 10 0 0 0 1 1 0 0 1 0 1 0 0 0 1
2014   2 28  7 23  9 772638  -32.33640  -40.96982     8154  19.5  0  0  4  6 0 0 0 1 0 0 0 1 0 0 1 0 0 1
2014   2 28  7 23  9 810217  -22.63379  -45.81167     4210 107.1  2  0  7 21 0 0 1 1 1 0 0 1 0 1 1 0 0 1
2014   2 28  7 23  9 817854  -33.57796  -39.94218     7789  85.1  2  0  6 15 0 0 1 1 1 0 0 1 0 0 1 0 0 1
2014   2 28  7 23 10 246338  -11.49271    3.70830    71418  77.3  2  0  5 10 0 0 1 1 1 0 0 0 0 0 1 0 0 1
2014   2 28  7 23 10 395829  -16.20689  -52.02079     4278 110.1  2  0  7 21 0 0 1 1 0 0 0 1 0 1 1 1 0 1
2014   2 28  7 23 10 574176   -3.95033  -71.73949     5962 126.7  2  0  7 21 0 0 1 1 0 0 0 1 0 1 1 1 0 1
2014   2 28  7 23 10 682394   -3.95308  -71.74229     6015 128.4  2  0  7 21 0 0 1 1 0 0 0 1 0 1 1 1 0 1
2014   2 28  7 23 10 950396   -3.93982  -71.49926     5414  74.4  2  0  6 15 0 0 1 0 1 0 0 1 0 0 1 1 0 1
2014   2 28  7 23 11 554078   -8.38719  160.06372    13766 103.6  2  0  7 21 0 0 1 1 1 0 0 1 0 0 1 1 0 1
2014   2 28  7 23 12 516176    5.15822  -85.65488    16896   4.7  0  0  5 10 0 0 0 1 1 0 0 1 0 1 0 0 0 1
2014   2 28  7 23 12 580980    5.19539  -85.54530     3847  11.1  0  0  7 21 0 0 0 1 1 0 0 1 0 1 1 1 0 1
2014   2 28  7 23 12 661374    5.21499  -85.54124     5241   8.2  0  0  5  8 0 0 0 1 0 0 0 1 0 0 1 1 0 1
2014   2 28  7 23 12 789865   -4.76580  -72.02193     2756   8.2  0  0  6 15 0 0 1 0 1 0 0 0 0 1 1 1 0 1
2014   2 28  7 23 13 704195   -7.23676    7.93231     9867  12.3  0  0  5 10 0 0 1 1 1 0 0 1 0 0 0 0 0 1
2014   2 28  7 23 14  21985  -21.31305  -46.17429     3039  12.7  0  0  4  6 0 0 0 1 0 0 0 1 0 0 1 0 0 1
2014   2 28  7 23 14 216171  -14.49301  -43.68355     2423  13.7  0  0  7 18 0 0 1 1 1 0 0 1 0 1 1 0 0 1
2014   2 28  7 23 14 323445   -4.41767  -71.23629     3584  21.1  0  0  7 21 0 0 1 1 1 0 0 1 0 1 1 0 0 1
2014   2 28  7 23 14 424359   -4.31853  -71.31757     5290  17.6  0  0  5  9 0 0 1 1 0 0 0 1 0 0 1 0 0 1
2014   2 28  7 23 14 848408  -21.19483  -46.79110     2656  35.1  0  0  7 21 0 0 0 1 1 0 0 1 0 1 1 1 0 1
2014   2 28  7 23 15 488873  -30.41799  -41.52766     3628  16.9  0  0  5 10 0 0 1 1 0 0 0 1 0 0 1 0 0 1
2014   2 28  7 23 15 625505  -30.36100  -41.71197     3259  10.1  0  0  5 10 0 0 1 1 1 0 0 1 0 0 0 0 0 1
2014   2 28  7 23 15 643625  -30.37115  -41.60427     3392  22.8  0  0  6 15 0 0 1 1 1 0 0 1 0 0 1 0 0 1
2014   2 28  7 23 15 812177  -30.37388  -41.62158     3433  23.7  0  0  6 15 0 0 1 1 1 0 0 1 0 0 1 0 0 1
2014   2 28  7 23 15 823920  -30.36593  -41.74843     4498  11.1  0  0  4  6 0 0 1 1 0 0 0 1 0 0 0 0 0 1
2014   2 28  7 23 16  37224  -22.25392 -139.92572    19316  33.8  0  0  6 15 0 0 1 1 1 0 0 1 0 0 1 0 0 1
2014   2 28  7 23 16 510265  -30.09882  -41.78391     3911  38.6  0  0  6 14 0 0 1 1 1 0 0 0 0 1 1 1 0 0
2014   2 28  7 23 16 519997  -30.11991  -41.77494     3604  27.3  0  0  6 15 0 0 1 1 1 0 0 1 0 0 1 0 0 1
2014   2 28  7 23 16 584940  -29.82709  -42.05523     3547  27.2  0  0  7 21 0 0 0 1 1 0 0 1 0 1 1 1 0 1
2014   2 28  7 23 16 603086  -30.14506  -41.77523     4228  27.7  0  0  5 10 0 0 1 1 1 0 0 1 0 0 1 0 0 0
2014   2 28  7 23 16 642858   -6.72897    8.74289    17088  14.3  0  0  4  6 0 0 1 1 0 0 0 1 0 0 1 0 0 0
2014   2 28  7 23 16 688958  -30.10284  -41.76967     3761  30.6  0  0  6 15 0 0 1 1 1 0 0 1 0 0 1 0 0 1
2014   2 28  7 23 17  34228  -21.21480  -47.13401     3293  51.9  1  0  7 18 0 0 1 1 1 0 0 1 0 1 1 1 0 0
2014   2 28  7 23 17 376265   -6.06975  -74.55379     6304  42.2  1  0  5  8 0 0 1 0 1 0 0 1 0 0 1 1 0 0
2014   2 28  7 23 17 426128  -21.69082 -141.52551    12168  44.1  1  0  6 15 0 0 1 1 1 0 0 1 0 0 1 1 0 0
2014   2 28  7 23 17 455122  -21.76806 -141.05659    14865  47.5  1  0  6 15 0 0 1 1 1 0 0 0 0 0 1 1 0 1
2014   2 28  7 23 17 456905   -6.07552  -74.63608     4202  56.3  1  0  7 21 0 0 1 1 1 0 0 0 0 1 1 1 0 1
2014   2 28  7 23 17 472929  -21.58314 -142.53177    18739  17.5  0  0  4  6 0 0 0 1 0 0 0 1 0 0 1 1 0 0
2014   2 28  7 23 18 238303  -20.78214  -47.15138     2959  10.8  0  0  5  9 0 0 1 1 1 0 0 0 0 0 1 0 0 1
2014   2 28  7 23 18 354113  -11.71428  167.46906     9867  43.7  0  0  7 21 0 0 1 0 1 0 0 1 0 1 1 1 0 1
2014   2 28  7 23 18 426726  -11.57496  167.01691    20206  60.3  2  0  5 10 0 0 0 1 1 0 0 1 0 1 0 1 0 0
2014   2 28  7 23 20 560600  -13.22574  -71.09511     3945  64.2  1  0  7 21 0 0 1 0 1 0 0 1 0 1 1 1 0 1
2014   2 28  7 23 20 571886  -13.17214  -71.36316     6012  69.7  2  0  5 10 0 0 1 1 0 0 0 0 0 0 1 1 0 1
2014   2 28  7 23 20 634762  -13.13841  -71.39421     4746  67.4  2  0  6 14 0 0 1 1 0 0 0 1 0 0 1 1 0 1
2014   2 28  7 23 20 684416  -13.12780  -71.45783     5090  67.1  2  0  6 14 0 0 1 1 1 0 0 1 0 0 1 1 0 0
2014   2 28  7 23 20 695479  -13.22995  -71.40846     4297  77.3  2  0  7 21 0 0 1 1 1 0 0 1 0 0 1 1 0 1
2014   2 28  7 23 22  81575  -19.54245 -141.72821    17446  62.1  2  0  6 15 0 0 1 0 1 0 0 1 0 0 1 1 0 1
2014   2 28  7 23 22 511230  -19.63068 -141.17587    14542  70.3  2  0  7 21 0 0 1 0 1 0 0 1 0 1 1 1 0 1
2014   2 28  7 23 22 597909  -19.52839 -141.75771    18129  65.4  2  0  6 15 0 0 1 0 1 0 0 1 0 0 1 1 0 1
2014   2 28  7 23 22 966555  -21.06886  -46.84516     4342  92.1  2  0  6 15 0 0 1 1 1 0 0 1 0 1 0 1 0 0
2014   2 28  7 23 23   3732  -21.23346  -46.47292     4152  74.5  2  0  6 15 0 0 1 1 1 0 0 1 0 0 1 0 0 1
2014   2 28  7 23 23 760590  -18.51118 -143.71916    19385  79.1  2  0  6 15 0 0 1 1 0 0 0 1 0 0 1 1 0 1
2014   2 28  7 23 23 830174   -4.16659  -71.42642     4993  84.2  2  0  7 21 0 0 1 0 1 0 0 1 0 1 1 1 0 1
2014   2 28  7 23 23 871541  -18.53916 -143.64592    21685  90.4  2  0  6 15 0 0 1 1 1 0 0 1 0 0 1 1 0 0
2014   2 28  7 23 23 919404   -4.19169  -71.44516     6084  85.1  2  0  6 15 0 0 1 0 1 0 0 1 0 1 0 1 0 1
2014   2 28  7 23 23 940506  -18.64754 -143.27841    24268 104.2  2  0  6 15 0 0 1 1 1 0 0 1 0 0 0 1 0 1
2014   2 28  7 23 24 536896  -21.28946  -46.96773     3981  97.2  2  0  7 19 0 0 1 1 1 0 0 1 0 1 1 0 0 1
2014   2 28  7 23 27 331123  -21.47084  -46.16328     5046 105.5  2  0  6 15 0 0 1 1 1 0 0 1 0 0 1 0 0 1
2014   2 28  7 23 28   9406    6.52821  -73.54276     8444   5.5  0  0  5 10 0 0 0 1 1 0 0 1 0 0 1 0 0 1
2014   2 28  7 23 29 839494  -25.14940  -44.61282     2702  21.5  0  0  7 20 0 0 1 1 1 0 0 1 0 0 1 1 0 1
2014   2 28  7 23 29 855005  -25.18605  -44.59884     2821   9.9  0  0  5 10 0 0 1 1 1 0 0 1 0 0 0 0 0 1
2014   2 28  7 23 30 135314  -25.18357  -44.59976     2915  10.0  0  0  5  9 0 0 1 1 1 0 0 1 0 0 0 0 0 1
2014   2 28  7 23 30 181077  -23.71194  -45.59619     3140  20.7  0  0  5 10 0 0 1 1 1 0 0 1 0 0 0 0 0 1
2014   2 28  7 23 30 453288  -24.53235  -45.03417     5115   5.9  0  0  4  6 0 0 1 0 0 0 0 1 0 0 1 0 0 1
2014   2 28  7 23 30 490468   -9.61022  160.00665     8093  20.6  0  0  5  8 0 0 1 1 0 0 0 1 0 0 0 1 0 1
2014   2 28  7 23 30 496138  -21.48955  -50.79428     2946  40.0  0  0  7 16 0 0 1 1 1 0 0 1 0 1 1 0 0 1
2014   2 28  7 23 30 515816   -9.81262  160.54810    32689  21.3  0  0  5  8 0 0 1 1 0 0 0 0 0 0 1 1 0 1
2014   2 28  7 23 30 543893  -10.51633  161.26686    53192  21.3  0  0  5 10 0 0 1 1 0 0 0 1 0 0 1 0 0 1
2014   2 28  7 23 31 424325  -30.37680  -41.69120     5882   9.5  0  0  5 10 0 0 0 1 1 0 0 1 0 1 0 0 0 1
2014   2 28  7 23 31 463975    7.03929  -73.94170     4566  32.1  0  0  6 13 0 0 1 0 1 0 0 1 0 1 1 1 0 0
2014   2 28  7 23 31 486356  -21.32775  -46.20380     3470  35.7  1  0  5  9 0 0 0 1 1 0 0 0 0 1 1 0 0 1
2014   2 28  7 23 31 514451    7.01496  -74.44629     3786  32.4  0  0  7 20 0 0 1 1 1 0 0 1 0 0 1 1 0 1
2014   2 28  7 23 31 668782  -30.36941  -41.59071     3604  26.2  0  0  6 15 0 0 1 1 1 0 0 1 0 0 1 0 0 1
2014   2 28  7 23 31 719575  -21.27117  -46.18114     3238  29.2  0  0  5 10 0 0 1 0 0 0 0 1 0 1 1 0 0 1
2014   2 28  7 23 31 841051    5.71101  -77.53520     5755  31.1  0  0  7 21 0 0 1 1 1 0 0 1 0 1 1 0 0 1
2014   2 28  7 23 31 851541    6.20774  -77.97421     3723  33.3  0  0  7 21 0 0 1 1 1 0 0 1 0 0 1 1 0 1
2014   2 28  7 23 32  83364  -30.69056 -138.19611     9025  34.2  0  0  7 21 0 0 1 1 1 0 0 1 0 0 1 1 0 1
2014   2 28  7 23 32  93260  -30.66116 -138.41685    12693  28.2  0  0  5  9 0 0 1 1 0 0 0 1 0 0 0 1 0 1
2014   2 28  7 23 32 397054   -4.46592  -71.78914     3516  46.1  0  0  7 21 0 0 1 1 1 0 0 1 0 1 1 1 0 0
2014   2 28  7 23 32 568909  -22.57057  -45.85484     2892  42.5  0  0  7 19 0 0 1 0 1 0 0 1 0 1 1 1 0 1
2014   2 28  7 23 32 778603  -20.15488 -142.57021     9640   4.8  0  0  4  6 0 0 1 0 0 0 0 1 0 0 1 1 0 0
2014   2 28  7 23 32 805130  -20.11949 -142.73166     7226   8.4  0  0  5 10 0 0 1 1 0 0 0 1 0 0 1 1 0 0
2014   2 28  7 23 32 877110  -16.38324  -51.89461     3053  47.7  0  0  7 21 0 0 1 0 1 0 0 1 0 1 1 1 0 1
2014   2 28  7 23 32 949246  -22.63857  -45.76342     3972  48.0  1  0  5  9 0 0 0 1 1 0 0 1 0 0 1 0 0 1
2014   2 28  7 23 34 463435  -11.95756  -73.05817     3739  50.2  1  0  7 20 0 0 1 0 1 0 0 1 0 1 1 1 0 1
2014   2 28  7 23 34 603699    6.87681  -74.01928     7083  57.5  1  0  6 14 0 0 0 1 1 0 0 1 0 0 1 1 0 1
2014   2 28  7 23 35 980463  -29.90629  -41.97317     4920  51.6  1  0  6 15 0 0 1 1 1 0 0 1 0 0 1 0 0 1
2014   2 28  7 23 36 239873  -29.83117  -42.29394     3249  10.4  0  0  5 10 0 0 1 1 1 0 0 1 0 0 0 0 0 1
2014   2 28  7 23 37 114451    0.79867  155.16597    12035  73.2  2  0  6 15 0 0 0 1 1 0 0 1 0 0 1 1 0 1
2014   2 28  7 23 37 239274   -4.08810  -71.39531     5029  24.8  1  0  4  6 0 0 1 0 0 0 0 0 0 0 1 1 0 1
2014   2 28  7 23 37 694781  -33.87498  -38.82895     7055  70.6  2  0  6 15 0 0 1 1 1 0 0 1 0 0 1 0 0 1
2014   2 28  7 23 37 925927   -4.47955  -64.83763     7320  88.0  2  0  6 13 0 0 0 1 1 0 0 1 0 0 1 1 0 1
2014   2 28  7 23 39 378933    5.99453  -72.13268     5899 102.4  2  0  7 21 0 0 1 1 0 0 0 1 0 1 1 1 0 1
2014   2 28  7 23 39 485462  -10.04568    1.23235    76058  78.7  2  0  5 10 0 0 1 1 1 0 0 0 0 0 1 0 0 1
2014   2 28  7 23 39 516913   -6.54379    7.27537    30982  93.5  2  0  6 15 0 0 1 1 1 0 0 1 0 0 1 0 0 1
2014   2 28  7 23 39 542737   -5.38832   10.23560    29365  31.5  1  0  4  6 0 0 1 1 0 0 0 1 0 0 1 0 0 0
2014   2 28  7 23 39 948046  -29.90319  -42.47057     3614  12.6  0  0  4  6 0 0 1 1 1 0 0 0 0 1 0 0 0 0
2014   2 28  7 23 39 981328  -29.91939  -42.43843     4855  16.5  0  0  4  6 0 0 1 0 0 0 0 1 0 1 0 0 0 1
2014   2 28  7 23 39 993912  -45.60431  -42.04288     8647  11.1  0  0  4  6 0 0 1 1 0 0 0 1 0 0 0 0 0 1
2014   2 28  7 23 40  36932  -29.90123  -42.22222     4852  76.9  2  0  7 21 0 0 1 1 1 0 0 1 0 1 1 0 0 1
2014   2 28  7 23 40 233825  -29.94624  -42.11328     6475  79.8  2  0  6 15 0 0 1 1 1 0 0 1 0 0 1 0 0 1
2014   2 28  7 23 40 275304  -29.95700  -41.91597     7372  75.3  2  0  6 15 0 0 1 0 1 0 0 1 0 1 1 0 0 1
2014   2 28  7 23 41 144908  -13.72109  -43.57671     3064  58.3  1  0  7 19 0 0 1 1 1 0 0 1 0 1 0 0 1 1
2014   2 28  7 23 41 825399  -21.05307  -47.11749     5204 133.3  2  0  7 18 0 0 1 1 0 0 0 1 0 1 1 1 0 1
2014   2 28  7 23 42   7184  -21.26020  -47.01625     4232 118.4  2  0  7 20 0 0 1 1 1 0 0 1 0 1 1 0 0 1
2014   2 28  7 23 43 346414  -23.19496  -46.42707     4132  49.1  1  0  5 10 0 0 1 1 0 0 0 1 0 1 1 0 0 0
2014   2 28  7 23 43 532517  -23.05919  -46.03479     2880   1.5  0  0  4  6 0 0 1 0 0 0 0 0 0 1 0 1 0 1
2014   2 28  7 23 44  91231  -22.01376 -140.50641     5016   9.6  0  0  7 21 0 0 1 1 1 0 0 1 0 0 1 1 0 1
2014   2 28  7 23 44 110755  -22.01119 -140.51324    10151   8.9  0  0  4  6 0 0 1 1 0 0 0 1 0 0 0 1 0 0
2014   2 28  7 23 45 673037  -21.14335  -46.50721     2952  38.8  0  0  7 17 0 0 1 1 1 0 0 1 0 1 0 1 0 1
2014   2 28  7 23 45 719669  -21.29848  -46.19036     2946  25.3  0  0  6 14 0 0 0 1 1 0 0 1 0 0 1 1 0 1
2014   2 28  7 23 47 163295    4.40127  154.05620    19607  22.3  1  0  4  6 0 0 1 1 1 0 0 1 0 0 0 0 0 0
2014   2 28  7 23 47 387428    6.68189  -71.82014     4802  17.7  0  0  5  9 0 0 0 0 1 0 0 1 0 0 1 1 0 1
2014   2 28  7 23 47 840162    4.27364  -73.19265     3485  30.8  0  0  7 21 0 0 1 0 1 0 0 1 0 1 1 1 0 1
2014   2 28  7 23 49 130072  -32.64200 -132.41870    20109  43.7  0  0  7 21 0 0 1 1 1 0 0 1 0 1 1 0 0 1
2014   2 28  7 23 49 382659  -32.23405 -133.66937     9492  35.3  0  0  7 21 0 0 1 0 1 0 0 1 0 1 1 1 0 1
2014   2 28  7 23 49 400883  -32.16265 -134.60217     9812  39.6  0  0  7 21 0 0 1 1 1 0 0 1 0 0 1 1 0 1
2014   2 28  7 23 49 436476  -32.21992 -134.98700    17025  47.9  0  0  7 21 0 0 0 1 1 0 0 1 0 1 1 1 0 1
2014   2 28  7 23 49 457146  -32.14861 -134.71835    11391  37.6  0  0  6 15 0 0 1 1 0 0 0 1 0 0 1 1 0 1
2014   2 28  7 23 49 674003  -12.36236  -71.40054     3393  44.8  0  0  7 21 0 0 1 0 1 0 0 1 0 1 1 1 0 1
2014   2 28  7 23 50 149263    3.43369  -85.63022     4818  46.3  0  0  7 21 0 0 1 0 1 0 0 1 0 1 1 1 0 1
2014   2 28  7 23 50 610909  -20.17818 -142.54890    11710  42.3  1  0  6 15 0 0 1 1 1 0 0 1 0 0 1 1 0 0
2014   2 28  7 23 51 128235  -15.97409  -51.71057     3240  61.1  1  0  7 21 0 0 1 1 1 0 0 0 0 1 1 1 0 1
2014   2 28  7 23 51 230788  -30.30071  -41.75637     5378  46.3  1  0  5 10 0 0 1 1 1 0 0 0 0 0 1 0 0 1
2014   2 28  7 23 51 447220  -22.72203  -45.78397     4359  58.9  2  0  5 10 0 0 1 1 1 0 0 1 0 0 0 0 0 1
2014   2 28  7 23 52  31270    7.34123  -74.49556    12086  73.1  2  0  6 15 0 0 0 1 1 0 0 0 0 1 1 1 0 1
2014   2 28  7 23 52  57988    7.30475  -73.92086     6957  69.2  2  0  6 14 0 0 1 1 1 0 0 0 0 0 1 1 0 1
2014   2 28  7 23 53 306534    1.88119    4.79841    39785  65.1  2  0  5 10 0 0 1 1 1 0 0 1 0 0 1 0 0 0
2014   2 28  7 23 53 711754  -21.11829  -49.29013     4070  84.1  2  0  7 17 0 0 1 1 0 0 0 1 0 1 1 1 0 1
2014   2 28  7 23 53 898296  -21.24238  -49.36216     4433  71.4  2  0  6 12 0 0 0 1 1 0 0 1 0 1 0 1 0 1
2014   2 28  7 23 53 987213  -29.99701  -41.92421     6993  61.3  2  0  5 10 0 0 1 1 0 0 0 1 0 0 1 0 0 1
2014   2 28  7 23 54 819716    5.39480  -73.03858     9218  88.0  2  0  6 12 0 0 0 1 1 0 0 1 0 0 1 1 0 1
2014   2 28  7 23 55  82077  -23.59712  -45.79386     3859  80.2  2  0  7 21 0 0 1 1 1 0 0 1 0 1 1 0 0 1
2014   2 28  7 23 56 643072  -29.97861  -42.15858     4776  74.4  2  0  7 21 0 0 1 1 1 0 0 1 0 1 1 0 0 1
2014   2 28  7 23 56 785191    7.28373  -74.06767     6345  99.5  2  0  7 21 0 0 1 1 1 0 0 1 0 0 1 1 0 1
2014   2 28  7 23 56 878340  -30.04385  -41.94008     9314  77.7  2  0  5 10 0 0 1 0 1 0 0 1 0 1 1 0 0 0
2014   2 28  7 23 57 881599  -16.33611  -51.92088     4299 105.9  2  0  7 21 0 0 1 0 1 0 0 1 0 1 1 1 0 1
2014   2 28  7 23 58   5455   -5.83498   -8.46815    97494  78.2  2  0  5 10 0 0 1 1 1 0 0 0 0 0 1 0 0 1
2014   2 28  7 23 58  93326  -16.47465  -51.54316     3447  26.6  0  0  5  9 0 0 1 0 1 0 0 1 0 0 1 0 0 1
2014   2 28  7 23 59 674847  -19.06474 -143.30908    22097 118.7  2  0  7 21 0 0 1 1 1 0 0 1 0 0 1 1 0 1
2014   2 28  7 24  0 905259  -25.12784  -44.63604     3503  19.3  0  0  5 10 0 0 1 0 1 0 0 1 0 1 0 0 0 1
2014   2 28  7 24  1 482496    7.34584  -76.59460     4494   7.9  0  0  6 15 0 0 1 1 1 0 0 1 0 1 0 0 0 1
2014   2 28  7 24  2 483664  -28.63659 -132.55357    16245  15.7  0  0  5 10 0 0 1 1 1 0 0 1 0 0 0 0 0 1
2014   2 28  7 24  3  14264  -12.94090  -71.42921     4750  23.6  0  0  5  9 0 0 1 1 0 0 0 1 0 1 0 0 0 1
2014   2 28  7 24  3 414243   -8.19372  177.50864    23422  25.0  0  0  5 10 0 0 1 1 1 0 0 1 0 0 0 0 0 1
2014   2 28  7 24  4 201375  -21.49928 -141.48320    26746  35.3  1  0  5 10 0 0 1 1 1 0 0 1 0 1 0 0 0 0
2014   2 28  7 24  4 752584   -1.68417    4.58452    17224  29.2  0  0  5 10 0 0 1 1 1 0 0 1 0 0 0 0 0 1
2014   2 28  7 24  4 858168  -10.73942  163.31769    70252  36.2  1  0  5 10 0 0 1 1 1 0 0 1 0 0 0 0 0 1
2014   2 28  7 24  5 818435    3.26808  -82.34521     8162  41.4  1  0  6 15 0 0 1 1 1 0 0 1 0 1 0 0 0 1
2014   2 28  7 24  6  33167    1.87750  -83.88331     8400  44.2  1  0  6 15 0 0 1 1 1 0 0 1 0 1 0 0 0 1
2014   2 28  7 24  6 424966   -7.70173  173.75813    42022  50.2  2  0  5 10 0 0 1 1 1 0 0 1 0 0 0 0 0 1
2014   2 28  7 24  6 553675   -4.49134  -71.12111     8762  56.7  2  0  5 10 0 0 1 1 1 0 0 1 0 1 0 0 0 0
2014   2 28  7 24  6 701047   -4.46468  -71.15469     8913  58.2  2  0  5 10 0 0 1 1 0 0 0 1 0 1 0 0 0 1
2014   2 28  7 24  6 749863   -5.46062  168.67641    73187  57.9  1  0  6 11 0 0 1 1 1 0 0 1 0 0 0 0 1 1
2014   2 28  7 24  6 873981   -4.51639  -71.10510     6459  53.8  1  0  6 15 0 0 1 1 1 0 0 1 0 1 0 0 0 1
2014   2 28  7 24  9 503228  -22.13894 -143.96042   103304  68.1  2  0  5  7 0 0 1 1 1 0 0 1 0 0 0 0 0 1
2014   2 28  7 24 13 113615  -24.75960  -45.52374     3525  17.7  0  0  4  6 0 0 1 1 0 0 0 1 0 1 0 0 0 0
2014   2 28  7 24 14  40932  -14.59495  -44.16948     3345  31.5  1  0  5  9 0 0 0 1 1 0 0 1 0 1 0 0 0 1
2014   2 28  7 24 19 215668   -4.44728  -71.17467     4957  22.3  0  0  5 10 0 0 1 1 1 0 0 1 0 0 0 0 0 1
2014   2 28  7 24 19 275039   -4.51083  -71.11544     4585  29.3  0  0  6 15 0 0 1 1 1 0 0 1 0 1 0 0 0 1
2014   2 28  7 24 19 871397  -20.75515  -47.21691     3169  22.3  0  0  5  9 0 0 1 1 1 0 0 1 0 0 0 0 0 1
2014   2 28  7 24 21 550217  -21.15772  -46.46475     3712  31.6  1  0  5  8 0 0 1 1 1 0 0 1 0 0 0 0 0 1
2014   2 28  7 24 22 115005    3.03706  151.53459    49964  54.5  2  0  5 10 0 0 1 1 1 0 0 1 0 0 0 0 0 1
2014   2 28  7 24 22 327823  -22.75822  -45.80148     3965  49.2  1  0  5 10 0 0 1 1 1 0 0 1 0 0 0 0 0 1
2014   2 28  7 24 22 738654  -22.76637  -45.80459     4122  53.1  2  0  5 10 0 0 1 1 1 0 0 1 0 0 0 0 0 1
2014   2 28  7 24 22 761454  -22.75882  -45.80602     4086  52.4  2  0  5 10 0 0 1 1 1 0 0 1 0 0 0 0 0 1
2014   2 28  7 24 24 586887  -23.25625 -138.25842    50114  73.0  2  0  5 10 0 0 1 1 1 0 0 1 0 0 0 0 0 1
2014   2 28  7 24 26  81383  -34.60104 -152.76505    23878   8.1  0  0  5 10 0 0 1 0 1 0 0 1 0 1 0 0 0 1
2014   2 28  7 24 26 626066  -21.20300  -46.92342     4271  84.0  2  0  6 14 0 0 1 1 1 0 0 1 0 1 0 0 0 1
2014   2 28  7 24 27  99095  -11.22739  -56.56479     5972  91.9  2  0  6 14 0 0 1 1 1 0 0 1 0 1 0 0 0 1
2014   2 28  7 24 31 483961   -0.30833  -70.61037     7155  12.0  0  0  5 10 0 0 1 1 1 0 0 0 0 1 0 0 0 1
