2014   2 28  7  9 37 839056  -12.85817  -71.71794     3145  16.6  0  0  5 10 0 0 1 1 0 0 0 0 0 0 1 1 0 1
2014   2 28  7  9 37 965204  -12.90639  -71.72389     3117  26.0  0  0  6 15 0 0 1 1 0 0 0 0 0 1 1 1 0 1
2014   2 28  7  9 38 178576  -12.88824  -71.70155     3212  28.8  0  0  6 15 0 0 1 1 0 0 0 0 0 1 1 1 0 1
2014   2 28  7  9 39 210551  -21.22370  -46.68586     3066   4.7  0  0  4  6 0 0 1 1 0 0 0 0 0 0 1 0 0 1
2014   2 28  7  9 40 466726    6.91111  -73.71632     5380  49.8  1  0  6 15 0 0 1 1 0 0 0 0 0 1 1 1 0 1
2014   2 28  7  9 40 911698  -20.42749  -48.73859     3631  51.4  1  0  6 13 0 0 1 1 0 0 0 0 0 1 1 1 0 1
2014   2 28  7  9 41 480175  -33.68064  -39.72910     5417  52.4  1  0  6 14 0 0 1 1 0 0 0 0 0 1 1 1 0 1
2014   2 28  7  9 42 571097    7.11713  -74.96145     7806  73.9  2  0  6 13 0 0 1 1 0 0 0 0 0 1 1 1 0 1
2014   2 28  7  9 42 718409    5.24278  -72.55600     7448  76.0  2  0  6 12 0 0 1 1 0 0 0 0 0 1 1 1 0 1
2014   2 28  7  9 44 214093    7.72815  -82.55644     9048  53.3  2  0  5  9 0 0 1 0 0 0 0 0 0 1 1 1 0 1
2014   2 28  7  9 44 793149  -20.90993  -46.87064     4043  38.5  1  0  5  8 0 0 1 0 0 0 0 0 0 1 1 1 0 1
2014   2 28  7  9 45 940918  -14.82311  -69.60488    12304  28.4  1  0  4  6 0 0 1 1 0 0 0 0 0 1 0 0 0 1
2014   2 28  7  9 47 527154  -16.20402  -52.14290     2832   4.1  0  0  4  6 0 0 1 1 0 0 0 0 0 0 1 1 0 0
2014   2 28  7  9 53 313707  -14.54452  -43.81527     2676  12.1  0  0  6 12 0 0 0 1 1 0 0 0 0 1 1 1 0 1
2014   2 28  7  9 53 517676  -24.47585  -45.39274     3537  45.6  0  0  7 18 0 0 1 1 1 0 0 1 0 1 1 0 0 1
2014   2 28  7  9 53 528237  -24.41932  -45.40284     2802   9.7  0  0  5 10 0 0 1 1 1 0 0 0 0 0 1 0 0 1
2014   2 28  7  9 53 562481  -24.46441  -45.37033     3140  12.8  0  0  5 10 0 0 1 0 1 0 0 1 0 0 1 0 0 1
2014   2 28  7  9 53 592850   -1.40207    4.51683    15765  22.2  0  0  6 11 0 0 1 1 1 0 0 1 0 0 1 0 0 1
2014   2 28  7  9 53 904377    6.93646  -73.74345     3952  10.5  0  0  5  7 0 0 1 1 0 0 0 1 0 0 1 1 0 0
2014   2 28  7  9 54 218110  -22.66546 -140.54280     9019   2.0  0  0  4  6 0 0 1 1 0 0 0 1 0 0 0 1 0 0
2014   2 28  7  9 54 243086  -22.73790 -140.30411     5821  15.3  0  0  7 21 0 0 1 1 1 0 0 1 0 0 1 1 0 1
2014   2 28  7  9 54 947241   -9.69063  160.19031     6471  20.2  0  0  6 14 0 0 1 1 1 0 0 1 0 0 1 1 0 0
2014   2 28  7  9 55 253968  -32.07680   18.43360    13011  23.4  0  0  5 10 0 0 1 1 1 0 0 1 0 0 1 0 0 0
2014   2 28  7  9 55 377428  -31.59613   19.86695    15262  45.1  1  0  6 15 0 0 1 1 1 0 0 1 0 0 1 0 0 1
2014   2 28  7  9 55 477529  -29.95411  -41.77889     3747  14.5  0  0  5  8 0 0 1 1 1 0 0 0 0 0 1 0 0 1
2014   2 28  7  9 55 700047  -29.92091  -41.90193     2817  19.3  0  0  7 21 0 0 1 1 1 0 0 1 0 1 1 0 0 1
2014   2 28  7  9 55 779588  -29.91217  -41.87451     3229  28.5  0  0  7 18 0 0 1 1 1 0 0 1 0 0 1 1 0 1
2014   2 28  7  9 55 910273  -29.88846  -41.90977     3142  17.6  0  0  6 15 0 0 1 1 1 0 0 1 0 0 1 0 0 1
2014   2 28  7  9 56   2348  -19.12698 -141.28459     5668  16.4  0  0  7 21 0 0 1 0 1 0 0 0 0 1 1 1 1 1
2014   2 28  7  9 56  13556  -19.01155 -142.06700    13378  28.8  0  0  5 10 0 0 1 1 1 0 0 0 0 0 1 1 0 0
2014   2 28  7  9 56  54338  -19.10781 -141.65796     9632  27.4  0  0  6 14 0 0 1 0 0 0 0 1 0 1 1 1 0 1
2014   2 28  7  9 56  93117  -19.13768 -141.24971     8320  11.3  0  0  5 10 0 0 1 0 1 0 0 0 0 0 1 1 0 1
2014   2 28  7  9 56 101440  -18.97940 -142.18111     8700  27.1  0  0  6 15 0 0 1 1 1 0 0 1 0 0 1 1 0 0
2014   2 28  7  9 56 120234  -18.98059 -143.60616    25554  23.7  1  0  4  6 0 0 0 1 0 0 0 1 0 0 0 1 0 1
2014   2 28  7  9 56 362314    7.10508  -73.95108     4028  42.3  0  0  7 21 0 0 1 1 1 0 0 0 0 1 0 1 1 1
2014   2 28  7  9 56 665010  -16.04769  -51.56126     3339  29.1  0  0  5 10 0 0 0 0 1 0 0 1 0 1 1 0 0 1
2014   2 28  7  9 56 676371    2.53562  -19.20525     6708  15.7  0  0  5 10 0 0 0 0 1 0 0 1 0 0 1 1 0 1
2014   2 28  7  9 57 234209    1.44141  -23.04937     3564  36.1  0  0  7 20 0 0 1 1 1 0 0 0 1 0 1 1 0 1
2014   2 28  7  9 58 244838  -33.71976  -38.88659     5724  40.8  1  0  5 10 0 0 1 1 1 0 0 0 0 0 1 0 0 1
2014   2 28  7  9 58 496885  -29.44417  -42.33287     3209  30.9  0  0  7 19 0 0 1 1 1 0 0 1 0 1 0 1 0 1
2014   2 28  7  9 58 689968  -23.69507  -45.59858     4156  36.2  1  0  5 10 0 0 1 0 1 0 0 1 0 0 1 0 0 1
2014   2 28  7 10  0 367278  -18.70444 -142.72522    12803  62.2  1  0  7 21 0 0 1 1 1 0 0 1 0 0 1 1 0 1
2014   2 28  7 10  1 259506  -25.26004  -44.95458     3626  45.6  1  0  6 15 0 0 1 1 0 0 0 1 0 1 1 0 0 1
2014   2 28  7 10  3 492194    4.55251  -84.11492     6649  79.0  2  0  7 21 0 0 1 0 1 0 0 1 0 1 1 1 0 1
2014   2 28  7 10  4 206985  -13.13094  157.25606    14964  95.4  2  0  7 21 0 0 0 1 1 0 0 1 0 1 1 1 0 1
2014   2 28  7 10  4 259156   -4.30007  147.38374    57663  29.8  1  0  4  6 0 0 1 0 0 0 0 1 0 0 1 0 0 1
2014   2 28  7 10  4 301840  -12.48949  156.56844    13857  78.2  2  0  6 15 0 0 1 1 1 0 0 1 0 0 1 1 0 0
2014   2 28  7 10  5 564956  -16.34130  -52.11694     4265 109.2  2  0  7 21 0 0 1 1 1 0 0 1 0 1 1 1 0 0
2014   2 28  7 10  5 649044  -16.48589  -51.96453     5108  95.8  2  0  6 13 0 0 0 1 1 0 0 1 0 1 1 0 0 1
2014   2 28  7 10  7 109160    6.84174  -78.41917     7906 116.8  2  0  7 21 0 0 1 1 1 0 0 1 0 0 1 1 0 1
2014   2 28  7 10  7 210586  -20.58074  -47.73152     4122  33.7  1  0  5  9 0 0 1 1 0 0 0 1 0 1 1 0 0 0
2014   2 28  7 10  7 314454  -20.74994  -47.22601     4761 102.3  2  0  6 15 0 0 1 0 1 0 0 1 0 1 1 0 0 1
2014   2 28  7 10  7 690897  -20.72302  -47.31507     5142 153.2  2  0  7 21 0 0 1 1 1 0 0 1 0 0 1 1 0 1
2014   2 28  7 10  8  31363  -21.12528  -47.01227     2818   8.5  0  0  5  7 0 0 1 1 1 0 0 1 0 0 0 0 0 1
2014   2 28  7 10  8 109421  -21.12353  -47.03836     2577  16.6  0  0  6 14 0 0 1 1 0 0 0 1 0 0 1 1 0 1
2014   2 28  7 10  8 460426  -19.89536 -140.73134    10409   3.6  0  0  4  6 0 0 1 0 0 0 0 0 0 0 1 1 0 1
2014   2 28  7 10  9  66833  -30.33956  -41.61116     3454   3.8  0  0  4  6 0 0 1 1 0 0 0 0 0 0 1 0 0 1
2014   2 28  7 10  9 192924  -12.39121  -72.72647     4063   5.8  0  0  6 15 0 0 1 1 1 0 0 0 0 1 1 0 0 1
2014   2 28  7 10  9 256482  -12.12495  -73.01812     3003  19.6  0  0  6 15 0 0 1 0 1 0 0 1 0 0 1 1 0 1
2014   2 28  7 10  9 318189  -12.39342  -72.69942     4947   6.6  0  0  5 10 0 0 1 1 1 0 0 0 0 0 1 0 0 1
2014   2 28  7 10  9 406025  -12.14520  -73.06711     3370  20.3  0  0  5  9 0 0 1 1 1 0 0 1 0 0 0 1 0 0
2014   2 28  7 10  9 450490  -21.04877  -46.85355     4314  20.8  1  0  4  6 0 0 1 0 0 0 0 1 0 1 0 1 0 0
2014   2 28  7 10 10  30759  -30.33586  -41.60507     2822  10.8  0  0  6 15 0 0 1 1 1 0 0 1 0 0 1 0 0 1
2014   2 28  7 10 10 251199  -30.33507  -41.60819     3113   9.8  0  0  5 10 0 0 1 1 1 0 0 1 0 0 1 0 0 0
2014   2 28  7 10 10 745785  -13.34737  -70.98682     3461  18.2  0  0  6 13 0 0 1 1 1 0 0 1 0 0 1 0 0 1
2014   2 28  7 10 10 858927  -13.31021  -71.03056     4979  19.7  0  0  5  8 0 0 1 1 0 0 0 1 0 0 1 0 0 1
2014   2 28  7 10 10 962996  -22.57159  -45.86650     2761  36.9  0  0  7 20 0 0 0 1 1 0 0 1 0 1 1 1 0 1
2014   2 28  7 10 11 214791  -22.58832  -45.81586     2642  29.8  0  0  7 21 0 0 1 1 1 0 0 1 0 1 1 0 0 1
2014   2 28  7 10 11 456557  -22.62184  -45.79634     3150  27.2  0  0  5 10 0 0 0 1 1 0 0 1 0 0 1 0 0 1
2014   2 28  7 10 11 995692    6.98434  -74.49389     3930  38.0  0  0  7 20 0 0 1 1 0 0 0 1 0 1 1 1 0 1
2014   2 28  7 10 12  89356    6.99152  -74.53353     4542  35.7  0  0  6 13 0 0 1 1 1 0 0 1 0 0 1 1 0 0
2014   2 28  7 10 12 381245   -0.87544   -2.14477    38437  16.8  0  0  5 10 0 0 1 1 1 0 0 0 0 0 1 0 0 1
2014   2 28  7 10 12 386968  -14.46238  -43.38337     4470  11.8  0  0  5 10 0 0 1 0 1 0 0 1 0 0 1 0 0 1
2014   2 28  7 10 12 450092  -14.45545  -43.40902     4119   7.2  0  0  5 10 0 0 1 0 0 0 0 1 0 0 1 1 0 1
2014   2 28  7 10 12 806840    4.97666  -72.91106     5094  36.6  0  0  6 14 0 0 0 1 1 0 0 1 0 0 1 1 0 1
2014   2 28  7 10 14 408174  -21.16276  -49.09794     3320  57.5  1  0  7 18 0 0 1 1 1 0 0 1 0 1 1 0 0 1
2014   2 28  7 10 16 144070  -22.84920  -45.70181     4898  69.5  2  0  5 10 0 0 1 1 1 0 0 1 0 0 0 0 0 1
2014   2 28  7 10 16 281781  -11.97040  -73.13890     5610  79.7  2  0  6 13 0 0 1 1 1 0 0 1 0 1 0 1 0 0
2014   2 28  7 10 16 792092  -12.03616  -72.95702     3146  25.8  0  0  6 15 0 0 1 0 1 0 0 0 0 1 1 1 0 1
2014   2 28  7 10 16 800301  -12.03402  -73.30133     7364  57.9  2  0  5  8 0 0 1 1 1 0 0 0 0 0 1 1 0 0
2014   2 28  7 10 17  24250  -11.98067  -73.15299     4713  86.5  2  0  7 21 0 0 1 1 0 0 0 1 0 1 1 1 0 1
2014   2 28  7 10 17 172801  -11.94572  -73.25998     5206  65.8  2  0  6 14 0 0 1 1 1 0 0 1 0 0 1 1 0 0
2014   2 28  7 10 18 302921  -21.01062  -49.71724     4066  58.1  1  0  7 16 0 0 1 0 1 0 0 1 0 1 1 1 1 0
2014   2 28  7 10 18 377414  -21.05661  -49.66718     3042  47.7  0  0  7 21 0 0 1 1 0 0 0 1 0 1 1 1 1 0
2014   2 28  7 10 18 482896  -21.23148  -49.68898     4559  98.6  2  0  7 17 0 0 0 1 1 0 0 1 0 1 0 1 1 1
2014   2 28  7 10 19  18074    6.70453  -77.83292     5685  63.6  1  0  7 21 0 0 1 0 1 0 0 1 0 1 1 1 0 1
2014   2 28  7 10 19  63440    6.93302  -78.91183    11250  86.1  2  0  6 15 0 0 0 1 0 0 0 1 0 1 1 1 0 1
2014   2 28  7 10 19 538898  -29.57681  -42.31184     5385  62.4  2  0  6 15 0 0 1 1 1 0 0 1 0 0 1 0 0 1
2014   2 28  7 10 19 551552  -29.84111  -42.57546     5625  21.4  1  0  4  6 0 0 1 1 0 0 0 1 0 0 0 0 0 1
2014   2 28  7 10 19 559012  -29.93514  -42.13579     5472  62.9  2  0  6 15 0 0 1 1 1 0 0 1 0 0 1 0 0 1
2014   2 28  7 10 19 580978  -14.36772  -44.09223     3624  87.7  2  0  7 20 0 0 1 1 1 0 0 1 0 0 1 1 0 1
2014   2 28  7 10 19 751535  -29.91615  -42.12453     7038  71.9  2  0  5 10 0 0 1 1 1 0 0 0 0 0 1 0 0 1
2014   2 28  7 10 20 902581    7.77903  -83.41795    49930  44.2  1  0  5 10 0 0 1 0 1 0 0 0 0 1 1 0 0 1
2014   2 28  7 10 21 210759  -21.10937  -46.27298     3218  20.5  0  0  5 10 0 0 1 1 1 0 0 0 0 0 1 0 0 1
2014   2 28  7 10 23 120492  -21.02291  -46.86328     4937 112.1  2  0  6 15 0 0 1 0 0 0 0 1 0 1 1 1 0 1
2014   2 28  7 10 23 358053  -11.77885  -72.80611     5164  98.4  2  0  7 21 0 0 1 0 1 0 0 1 0 1 1 1 0 1
2014   2 28  7 10 24  35810  -21.15706  -46.84024     2870   5.2  0  0  4  6 0 0 1 0 0 0 0 1 0 0 1 0 0 1
2014   2 28  7 10 24 227138    4.90743  -72.38674     2768  10.8  0  0  7 20 0 0 1 1 1 0 0 1 0 1 1 1 0 0
2014   2 28  7 10 24 488743  -14.41608  -43.61095     2488  14.4  0  0  7 21 0 0 0 0 1 0 0 1 0 1 1 1 1 1
2014   2 28  7 10 24 512799  -14.43025  -43.59254     2504  10.6  0  0  7 20 0 0 1 0 1 0 0 1 0 1 1 0 1 1
2014   2 28  7 10 24 717083    4.89079  -72.27029     3509  13.0  0  0  5  9 0 0 1 1 0 0 0 0 0 1 0 1 0 1
2014   2 28  7 10 25 808421    7.02813  -78.55058     4356  24.8  0  0  6 14 0 0 1 1 1 0 0 1 0 0 0 1 0 1
2014   2 28  7 10 26 159935  -22.53939  -45.87107     3264  18.7  0  0  5 10 0 0 1 1 1 0 0 1 0 0 1 0 0 0
2014   2 28  7 10 26 310900  -22.58964  -45.81453     2893  21.0  0  0  5 10 0 0 0 1 1 0 0 1 0 0 1 0 0 1
2014   2 28  7 10 27 170568  -21.23965  -46.31500     3257  41.6  1  0  6 13 0 0 0 1 1 0 0 0 0 1 1 1 0 1
2014   2 28  7 10 27 455816  -20.70521  -47.23735     2829  27.1  0  0  6 15 0 0 1 1 1 0 0 1 0 0 1 0 0 1
2014   2 28  7 10 28 292099  -20.67545  -46.43700     3014  32.5  0  0  6 15 0 0 1 1 1 0 0 1 0 0 1 0 0 1
2014   2 28  7 10 30  21881  -21.21956  -49.23544     3956  48.6  1  0  6 12 0 0 1 1 1 0 0 1 0 0 1 0 0 1
2014   2 28  7 10 30 311503  -16.62506  -51.83703     3123  51.8  1  0  7 21 0 0 1 1 1 0 0 1 0 1 1 0 0 1
2014   2 28  7 10 30 323564  -16.61405  -51.77091     3484  45.7  1  0  6 15 0 0 1 1 1 0 0 1 0 0 1 0 0 1
2014   2 28  7 10 30 367136  -21.13735  -49.25756     4424  65.4  2  0  6 11 0 0 1 0 1 0 0 1 0 1 1 0 0 1
2014   2 28  7 10 31  84702    7.02517  -72.16985     4328  57.0  1  0  7 21 0 0 1 1 1 0 0 1 0 0 1 1 0 1
2014   2 28  7 10 31 110737    7.01800  -72.51751     5965  60.5  1  0  7 21 0 0 0 1 1 0 0 1 0 1 1 1 0 1
2014   2 28  7 10 31 225578  -21.22648  -49.14237     4206  76.1  2  0  6 14 0 0 1 1 1 0 0 1 0 0 1 0 0 1
2014   2 28  7 10 31 242567    3.26756  -84.72886     5282  55.8  1  0  7 21 0 0 1 0 1 0 0 1 0 1 1 1 0 1
2014   2 28  7 10 31 346332    3.46584  -85.64165     5404  56.3  1  0  7 21 0 0 1 0 1 0 0 1 0 1 1 1 0 1
2014   2 28  7 10 31 397571   -6.02745  -74.29344     3847  24.5  0  0  5 10 0 0 1 0 1 0 0 0 0 0 1 1 0 1
2014   2 28  7 10 31 433776    3.57378  -85.98418     7035  68.8  2  0  6 15 0 0 1 1 1 0 0 1 0 0 0 1 0 1
2014   2 28  7 10 31 905500    7.12300  -73.59793     4829  56.8  1  0  7 21 0 0 1 0 1 0 0 1 0 1 1 1 0 1
2014   2 28  7 10 31 994676    7.10808  -73.62061     4868  57.6  1  0  7 21 0 0 1 0 1 0 0 1 0 1 1 1 0 1
2014   2 28  7 10 33 350236  -16.34900  -51.91454     5067  85.3  2  0  6 15 0 0 1 0 1 0 0 1 0 1 1 1 0 0
2014   2 28  7 10 33 400973  -16.50442  -51.89338     4434  75.7  2  0  6 13 0 0 1 1 1 0 0 1 0 1 0 0 0 1
2014   2 28  7 10 33 532057  -16.92304  -51.47818     4045  25.2  0  0  5 10 0 0 1 1 1 0 0 0 0 0 1 0 0 1
2014   2 28  7 10 34  12528    7.10448  -74.84566     5601  70.0  2  0  7 21 0 0 1 0 1 0 0 1 0 1 1 1 0 1
2014   2 28  7 10 34 513815    7.20252  -75.14252     6429  87.9  2  0  7 19 0 0 1 1 1 0 0 1 0 0 1 1 0 1
2014   2 28  7 10 35 148049  -33.78627   16.49594    25686  84.5  2  0  6 15 0 0 1 1 1 0 0 1 0 0 1 0 0 1
2014   2 28  7 10 35 363737  -14.47564  -42.88153     7773  35.4  1  0  5 10 0 0 1 0 1 0 0 1 0 0 1 0 0 1
2014   2 28  7 10 36 227649   -7.62244    7.80957    24860  53.7  2  0  5 10 0 0 1 0 1 0 0 1 0 0 1 0 0 1
2014   2 28  7 10 36 354539   -7.33029    9.19377    31854  96.5  2  0  6 15 0 0 1 1 1 0 0 1 0 0 1 0 0 1
2014   2 28  7 10 39   8868  -11.74590  -72.85587     4969  51.2  2  0  5 10 0 0 1 0 1 0 0 0 0 0 1 1 0 1
2014   2 28  7 10 39 228901  -11.79414  -72.73873     4470  43.6  1  0  5 10 0 0 1 0 1 0 0 0 0 1 0 1 0 1
2014   2 28  7 10 39 348532    6.31990  -73.31333    20125 120.2  2  0  6 15 0 0 1 1 1 0 0 1 0 0 1 0 0 1
2014   2 28  7 10 39 487451    4.91375  152.67584    12051  79.2  2  0  5  9 0 0 0 0 1 0 0 1 0 0 1 1 0 1
2014   2 28  7 10 41  36082    1.82168  -66.65627     3311   4.3  0  0  5  8 0 0 0 1 0 0 0 1 0 1 1 1 0 0
2014   2 28  7 10 41 219334  -29.81657  -41.79946     3059   9.9  0  0  5 10 0 0 1 1 1 0 0 0 0 0 1 0 0 1
2014   2 28  7 10 41 226251  -29.75680  -41.90669     4254   2.2  0  0  4  6 0 0 0 1 0 0 0 1 0 1 1 0 0 0
2014   2 28  7 10 41 319072    1.89282  -66.76020     5715  61.6  1  0  7 16 0 0 1 1 1 0 0 1 0 0 1 1 0 1
2014   2 28  7 10 41 832976   -9.75073  172.47401     5292  14.2  0  0  7 21 0 0 1 1 1 0 0 1 0 0 1 1 0 1
2014   2 28  7 10 41 976138   38.91806 -137.54642    14068  16.6  0  0  5 10 0 0 1 1 0 0 0 1 0 0 0 1 0 1
2014   2 28  7 10 42 597996  -20.90232  -49.82153     3621  55.4  1  0  7 16 0 0 1 1 1 0 0 1 0 1 1 0 0 1
2014   2 28  7 10 42 666992    5.75871  -71.98992     2948  15.8  0  0  7 21 0 0 1 0 1 0 0 1 0 1 1 1 0 1
2014   2 28  7 10 43  31893  -30.37944  -41.57696     3611  17.9  0  0  5 10 0 0 1 1 1 0 0 1 0 0 1 0 0 0
2014   2 28  7 10 43  52138  -30.34039  -41.71331     3206   8.7  0  0  5 10 0 0 1 1 1 0 0 1 0 0 0 0 0 1
2014   2 28  7 10 43 217756  -20.67425  -47.22224     2587  26.4  0  0  7 21 0 0 1 0 1 0 0 1 0 1 1 1 0 1
2014   2 28  7 10 43 237869  -20.72311  -47.30620     2776  29.0  0  0  6 15 0 0 0 1 1 0 0 1 0 1 0 1 0 1
2014   2 28  7 10 43 283480  -20.70010  -47.28667     2700  23.2  0  0  6 15 0 0 1 1 1 0 0 1 0 1 1 0 0 0
2014   2 28  7 10 43 433991  -30.37448  -41.61141     3425  23.2  0  0  6 15 0 0 1 1 1 0 0 1 0 0 1 0 0 1
2014   2 28  7 10 43 517977  -30.36650  -41.63016     2929  22.1  0  0  7 21 0 0 1 1 1 0 0 1 0 1 1 0 0 1
2014   2 28  7 10 44 190664    4.82570  149.03484     7499  31.0  1  0  5 10 0 0 1 0 1 0 0 1 0 0 1 1 0 0
2014   2 28  7 10 44 254001    4.86889  149.01886     5248   9.2  0  0  5 10 0 0 1 1 0 0 0 1 0 0 1 1 0 0
2014   2 28  7 10 45 264098  -21.19304  -46.78898     3110  36.8  0  0  6 15 0 0 1 1 1 0 0 1 0 0 1 0 0 1
2014   2 28  7 10 45 802660   -6.44704    7.58869    23655  49.4  1  0  5 10 0 0 1 1 1 0 0 1 0 0 0 0 0 1
2014   2 28  7 10 45 850984   -6.41995    7.59781    16578  45.2  1  0  6 15 0 0 1 1 1 0 0 1 0 0 1 0 0 1
2014   2 28  7 10 45 902280   -7.22339    5.94123    15988  31.1  1  0  5 10 0 0 1 0 1 0 0 1 0 0 1 0 0 1
2014   2 28  7 10 46  77766  -14.49479  -43.93272     3080  52.5  1  0  7 21 0 0 1 1 1 0 0 1 0 1 1 0 0 1
2014   2 28  7 10 46 703969  -25.03285  -44.81016     3425  39.1  0  0  6 15 0 0 1 1 1 0 0 1 0 0 1 0 0 1
2014   2 28  7 10 46 932662  -25.07344  -44.85132     3173   7.6  0  0  4  6 0 0 1 1 1 0 0 1 0 0 0 0 0 0
2014   2 28  7 10 46 997681  -25.04154  -44.81792     4138  34.3  1  0  5  8 0 0 1 1 1 0 0 0 0 0 1 0 0 1
2014   2 28  7 10 47 287982    7.12688  -73.90730     4782  61.1  1  0  7 20 0 0 1 1 1 0 0 1 0 0 1 1 0 1
2014   2 28  7 10 47 336453  -25.01191  -44.84515     3481  41.5  1  0  6 15 0 0 1 1 1 0 0 1 0 0 1 0 0 1
2014   2 28  7 10 47 375528  -25.23655  -44.87884     4314  45.2  1  0  5 10 0 0 1 1 1 0 0 0 0 0 1 0 0 1
2014   2 28  7 10 49 357612  -21.17603  -46.90255     3300  30.2  1  0  5 10 0 0 1 0 1 0 0 1 0 0 1 0 0 1
2014   2 28  7 10 51  76647  -14.40446  -44.05673     4701  74.7  2  0  6 14 0 0 1 1 0 0 0 0 0 1 1 0 1 1
2014   2 28  7 10 51 311196  -22.58914  -45.68458     2946  11.1  0  0  4  6 0 0 1 0 0 0 0 1 0 0 1 0 0 1
2014   2 28  7 10 51 591161   -0.92805  -72.09433     5554 106.4  2  0  7 21 0 0 1 1 1 0 0 1 0 1 1 1 0 0
2014   2 28  7 10 51 905429    7.16649  -74.56752    11619 101.4  2  0  6 14 0 0 0 1 1 0 0 1 0 0 1 1 0 1
2014   2 28  7 10 51 971832  -29.78446  -42.27522     4679  72.6  2  0  7 21 0 0 1 1 1 0 0 1 0 1 1 0 0 1
2014   2 28  7 10 52 384449  -12.22911  -72.85562     9107 106.2  2  0  6 15 0 0 1 1 1 0 0 1 0 0 1 0 0 1
2014   2 28  7 10 54 532713  -10.90447  -57.93940     5175 110.1  2  0  6 14 0 0 1 1 0 0 0 1 0 1 1 1 0 0
2014   2 28  7 10 54 552634  -10.95562  -57.50842     4722 103.0  2  0  7 21 0 0 1 0 1 0 0 1 0 1 1 1 0 1
2014   2 28  7 10 55 673626  -14.44697  -44.18267     4081  92.8  2  0  7 17 0 0 1 1 0 0 0 1 0 1 1 1 0 1
2014   2 28  7 10 55 843998  -22.15603  -45.92886     4425 126.1  2  0  7 21 0 0 1 1 1 0 0 1 0 1 1 0 0 1
2014   2 28  7 10 56 150434  -14.48707  -43.70767     6395  26.6  0  0  6 11 0 0 1 0 1 0 0 1 0 0 1 1 0 1
2014   2 28  7 10 56 408316  -16.42288  -51.79449     2436  16.1  0  0  7 19 0 0 1 1 1 0 0 1 0 1 1 1 0 0
2014   2 28  7 10 58 273602  -20.87445  -47.22004     2714  34.5  0  0  7 21 0 0 1 0 1 0 0 1 0 1 1 1 0 1
2014   2 28  7 10 59 201401  -11.20462  162.15660    98315  27.5  1  0  4  6 0 0 1 1 1 0 0 1 0 0 0 0 0 0
2014   2 28  7 10 59 286406   -9.52901  160.00430     7003  28.8  0  0  6 15 0 0 1 1 1 0 0 1 0 0 1 1 0 0
2014   2 28  7 10 59 694973    1.50623  149.50612     5562  26.8  0  0  6 15 0 0 1 1 1 0 0 1 0 0 0 1 0 1
2014   2 28  7 10 59 748744    1.84531  149.20715    13600  28.8  0  0  5  9 0 0 1 1 0 0 0 1 0 1 1 0 0 0
2014   2 28  7 11  0 140008    1.88395  -84.38609     4166  40.1  0  0  7 21 0 0 1 1 1 0 0 1 0 0 1 1 0 1
2014   2 28  7 11  0 261600    1.90873  -84.44971     4895  40.6  1  0  6 15 0 0 1 1 1 0 0 1 0 0 1 1 0 0
2014   2 28  7 11  0 699698  -30.08406  -41.83091     3444  38.6  0  0  7 21 0 0 1 1 1 0 0 1 0 1 1 0 0 1
2014   2 28  7 11  1 160460    7.29516  -73.76095     4599  45.0  1  0  6 14 0 0 1 1 1 0 0 1 0 0 1 1 0 0
2014   2 28  7 11  1 798898  -12.92404  -71.42802     5307  36.6  1  0  5 10 0 0 1 0 1 0 0 1 0 0 1 0 0 1
2014   2 28  7 11  1 812221  -12.73284  -71.78040     3646  55.6  1  0  7 21 0 0 1 1 1 0 0 1 0 0 1 1 0 1
2014   2 28  7 11  1 849011  -12.72547  -71.69143     4003  49.6  1  0  6 15 0 0 1 0 1 0 0 1 0 0 1 1 0 1
2014   2 28  7 11  2 231987  -12.95579  -71.41268     4732  41.9  1  0  6 14 0 0 1 0 1 0 0 1 0 1 1 0 0 1
2014   2 28  7 11  2 750707  -14.44805  -43.93753     3467  53.8  1  0  6 14 0 0 1 1 1 0 0 1 0 0 1 0 0 1
2014   2 28  7 11  2 806712  -21.09760  -46.71112     3002  16.2  0  0  5  7 0 0 0 1 1 0 0 1 0 1 0 0 0 1
2014   2 28  7 11  2 839083    7.09919  -74.03716     4301  18.8  0  0  5  8 0 0 1 1 0 0 0 1 0 0 1 1 0 0
2014   2 28  7 11  3 100597  -22.81833  -45.64796     5681  52.8  2  0  5  9 0 0 1 1 1 0 0 0 0 0 1 0 0 1
2014   2 28  7 11  3 701746  -22.46282  -45.90986     3865  47.5  1  0  5 10 0 0 1 1 0 0 0 1 0 0 1 0 0 1
2014   2 28  7 11  3 837874  -22.41223  -46.04780     4235  75.2  2  0  6 15 0 0 1 1 1 0 0 0 0 1 1 0 0 1
2014   2 28  7 11  3 888813    2.55714  -84.77477     9026  72.8  2  0  6 11 0 0 1 1 1 0 0 1 0 0 1 1 0 0
2014   2 28  7 11  4 738154    4.41670  -73.25472     5479  59.3  1  0  6 14 0 0 1 0 1 0 0 1 0 0 1 1 0 1
2014   2 28  7 11  7  92728    4.39584  149.36650    22522  16.1  0  0  4  6 0 0 1 1 0 0 0 0 0 0 1 1 0 0
2014   2 28  7 11  7 899695  -12.76080  -71.66688     4787  93.2  2  0  7 21 0 0 1 0 1 0 0 1 0 1 1 1 0 1
2014   2 28  7 11  8  45817   -6.61752    7.41236    31253  94.9  2  0  6 15 0 0 1 1 1 0 0 1 0 0 1 0 0 1
2014   2 28  7 11  8 110461  -12.66127  -72.28548     4411  35.9  1  0  5  9 0 0 1 1 0 0 0 1 0 0 1 1 0 0
2014   2 28  7 11  8 124211  -12.76511  -71.67243     4854  95.3  2  0  7 21 0 0 1 0 1 0 0 1 0 1 1 1 0 1
2014   2 28  7 11  8 615074  -13.00123  -71.44601     8517  90.0  2  0  6 12 0 0 1 1 1 0 0 1 0 0 1 0 0 1
2014   2 28  7 11  9 542107   -7.91351  -59.82221     6076 113.2  2  0  6 15 0 0 0 1 1 0 0 1 0 0 1 1 0 1
2014   2 28  7 11  9 710316   -7.88530  -59.66809     4935 115.2  2  0  7 21 0 0 1 1 1 0 0 1 0 1 0 1 0 1
2014   2 28  7 11  9 780899  -11.90490  -72.86060     5905  58.1  2  0  5  8 0 0 1 0 1 0 0 0 0 0 1 1 0 1
2014   2 28  7 11  9 823298   30.21023 -131.22305    19439 101.1  2  0  7 21 0 0 1 0 1 0 0 1 0 1 1 1 0 1
2014   2 28  7 11  9 927832    7.15561  -73.28581     6882  42.9  1  0  5  8 0 0 1 0 1 0 0 0 0 1 0 1 0 1
2014   2 28  7 11  9 978661  -18.76222 -141.81213    18196  94.6  2  0  7 21 0 0 1 0 1 0 0 1 0 1 1 1 0 1
2014   2 28  7 11 10   6665  -18.01090 -145.15372    14883  38.8  1  0  5 10 0 0 1 1 0 0 0 1 0 0 1 1 0 0
2014   2 28  7 11 10 142070  -12.54946  -74.95022    11434  83.2  2  0  6 15 0 0 0 1 1 0 0 1 0 1 0 1 0 1
2014   2 28  7 11 10 320097  -11.89313  -73.37372     6092 133.3  2  0  7 21 0 0 1 1 0 0 0 1 0 1 1 1 0 1
2014   2 28  7 11 10 407897    7.21565  -74.08712     8612 121.7  2  0  6 14 0 0 1 1 1 0 0 1 0 0 0 1 0 1
2014   2 28  7 11 10 767093  -11.88836  -73.38203     6226 137.7  2  0  7 21 0 0 1 1 0 0 0 1 0 1 1 1 0 1
2014   2 28  7 11 11 565456  -21.57170 -167.76164    77376 139.4  2  0  7 21 0 0 1 1 1 0 0 1 0 1 1 0 0 1
2014   2 28  7 11 12  21679  -22.59473  -45.75951     2377   4.0  0  0  6 15 0 0 1 1 1 0 0 1 0 0 1 0 0 1
2014   2 28  7 11 12 202069  -21.19308  -49.28860     2392   7.2  0  0  6 14 0 0 1 1 0 0 0 0 0 1 1 1 0 1
2014   2 28  7 11 12 238171  -21.22695  -49.28574     2386  12.1  0  0  7 17 0 0 1 1 1 0 0 1 0 1 1 0 0 1
2014   2 28  7 11 12 305660  -22.65943  -45.65673     4567  27.9  0  0  5  7 0 0 1 1 1 0 0 1 0 0 0 0 0 1
2014   2 28  7 11 12 601613  -32.64647 -133.00998     8730   7.6  0  0  7 21 0 0 1 1 1 0 0 1 0 1 1 0 0 1
2014   2 28  7 11 12 618201  -32.30914 -134.51463    11629   9.4  0  0  4  6 0 0 1 0 0 0 0 1 0 0 1 1 0 0
2014   2 28  7 11 13 230798  -13.08051  -71.61056     2994  12.7  0  0  5 10 0 0 1 1 0 0 0 0 0 1 1 1 0 0
2014   2 28  7 11 13 912907  -24.47930  -45.37306     3259  26.7  0  0  6 12 0 0 1 1 1 0 0 1 0 0 1 0 0 1
2014   2 28  7 11 15 270850  -19.62027 -142.16161     7858  22.0  0  0  6 15 0 0 1 1 1 0 0 1 0 0 1 1 0 0
2014   2 28  7 11 16 128530   -2.73737  -72.26215     3411  35.4  0  0  7 21 0 0 1 0 1 0 0 1 0 1 1 1 0 1
2014   2 28  7 11 16 624470   -8.12444    7.99256    56104  30.2  1  0  4  6 0 0 1 1 0 0 0 0 0 0 1 0 0 1
2014   2 28  7 11 16 947206  -30.39132  -41.60165     4153  26.2  0  0  5 10 0 0 1 1 1 0 0 1 0 0 1 0 0 0
2014   2 28  7 11 16 984952  -21.30923  -46.20511     2722  34.5  0  0  7 21 0 0 1 1 1 0 0 1 0 1 1 0 0 1
2014   2 28  7 11 17  37579  -30.44032  -41.51879     4160  13.0  0  0  4  6 0 0 1 1 0 0 0 1 0 0 1 0 0 0
2014   2 28  7 11 17 659942    2.93972  -84.90653     5012  49.9  0  0  7 20 0 0 1 1 1 0 0 1 0 0 1 1 0 1
2014   2 28  7 11 17 795966    6.24418  -74.30608     6443   2.4  0  0  4  6 0 0 1 0 0 0 0 1 0 1 0 0 0 1
2014   2 28  7 11 17 832715    6.65280  -74.85543    28806  46.1  1  0  5 10 0 0 0 1 1 0 0 1 0 1 1 0 0 0
2014   2 28  7 11 17 912624    2.37539  -84.18684     7024  45.2  0  0  7 21 0 0 1 1 1 0 0 1 0 1 1 0 0 1
2014   2 28  7 11 18 110171    7.08558  -74.93719     4477  43.4  0  0  7 20 0 0 1 0 1 0 0 1 0 1 1 1 0 1
2014   2 28  7 11 18 258803  -22.12355  -45.97151     3504  36.5  1  0  5 10 0 0 1 1 1 0 0 1 0 0 0 0 0 1
2014   2 28  7 11 18 293464  -22.11906  -45.95860     3573  35.7  1  0  5  9 0 0 1 1 1 0 0 1 0 0 0 0 0 1
2014   2 28  7 11 19 335415  -21.74025 -144.59262    35952  65.2  2  0  5 10 0 0 0 1 0 0 0 1 0 1 0 1 0 1
2014   2 28  7 11 19 375599  -21.63551 -143.86363    22386  53.6  1  0  6 15 0 0 0 1 1 0 0 1 0 0 1 1 0 1
2014   2 28  7 11 19 419635  -21.88804 -140.98065    11841  52.2  1  0  7 21 0 0 1 0 1 0 0 1 0 1 1 1 0 1
2014   2 28  7 11 19 819941    0.61766    0.61936    45982  64.0  2  0  6 11 0 0 1 1 1 0 0 1 0 0 1 0 0 1
2014   2 28  7 11 21 802743  -21.94148 -143.17822    20135  80.7  2  0  6 15 0 0 1 1 1 0 0 1 0 0 0 1 0 1
2014   2 28  7 11 21 879088   -9.06651  158.71533     8408  27.1  0  0  5  8 0 0 1 1 0 0 0 1 0 0 1 1 0 0
2014   2 28  7 11 21 910165  -21.72446 -145.17896    32445  62.9  2  0  5 10 0 0 0 1 1 0 0 1 0 0 1 1 0 0
2014   2 28  7 11 21 937297  -12.48406  163.97174    53844  69.4  2  0  6 15 0 0 1 1 1 0 0 1 0 1 1 0 0 0
2014   2 28  7 11 21 943410   -7.29328  157.24663   103866  31.0  1  0  4  6 0 0 1 1 0 0 0 1 0 0 1 0 0 0
2014   2 28  7 11 23 255754    7.36949  -74.69595     8392  82.9  2  0  7 20 0 0 0 1 1 0 0 1 0 1 1 1 0 1
2014   2 28  7 11 23 327967    7.33113  -74.21107     6409  90.6  2  0  7 19 0 0 1 1 1 0 0 1 0 0 1 1 0 1
2014   2 28  7 11 23 602170    7.14453  -73.51199     4858  10.7  0  0  4  6 0 0 1 0 1 0 0 0 0 1 0 1 0 0
2014   2 28  7 11 24 991235  -19.38826 -141.97063    15533  76.4  2  0  7 21 0 0 1 0 1 0 0 1 0 1 1 1 0 1
2014   2 28  7 11 25 328542  -19.16774 -142.84024    26438 112.1  2  0  6 14 0 0 1 1 1 0 0 1 0 1 0 1 0 0
2014   2 28  7 11 25 468708  -19.12240 -143.56622    25847 110.7  2  0  6 15 0 0 1 1 1 0 0 1 0 0 0 1 0 1
2014   2 28  7 11 25 947955   -7.56226    9.75248    33526 102.3  2  0  6 15 0 0 1 1 1 0 0 1 0 0 1 0 0 1
2014   2 28  7 11 26 419568  -12.10792  -72.94168     3005  13.9  0  0  5 10 0 0 1 0 1 0 0 0 0 1 0 1 0 1
2014   2 28  7 11 26 428808  -12.13234  -73.63393     6501 107.8  2  0  6 15 0 0 1 1 1 0 0 1 0 0 1 1 0 0
2014   2 28  7 11 26 683892  -21.22125  -46.55261     4308  34.1  1  0  5  8 0 0 1 0 1 0 0 1 0 0 1 0 0 1
2014   2 28  7 11 26 882837    1.95152  -10.82490    27714 110.3  2  0  6 15 0 0 0 1 1 0 0 1 0 0 1 1 0 1
2014   2 28  7 11 27 507119   -4.45249  -63.88748     5921 115.9  2  0  7 20 0 0 0 1 1 0 0 1 0 1 1 1 0 1
2014   2 28  7 11 29 936447  -20.69473  -47.18258     2616   6.7  0  0  5 10 0 0 1 1 1 0 0 1 0 0 0 0 0 1
2014   2 28  7 11 30 229269  -10.71848  -56.91179     3795  13.6  0  0  4  6 0 0 1 0 1 0 0 0 0 1 0 1 0 0
2014   2 28  7 11 30 329098  -20.69226  -47.21557     2863  16.4  0  0  6 11 0 0 1 1 1 0 0 1 0 1 0 0 0 1
2014   2 28  7 11 30 405690  -20.82114  -47.37411     3127  25.8  0  0  5 10 0 0 1 1 1 0 0 1 0 0 0 0 0 1
2014   2 28  7 11 30 613130   29.80981 -128.36096    22565  38.7  1  0  5  8 0 0 1 1 1 0 0 1 0 0 0 1 0 0
2014   2 28  7 11 31  48856   -0.99818   -8.22696    31949  25.8  0  0  5  7 0 0 1 1 1 0 0 1 0 0 0 0 0 1
2014   2 28  7 11 32 910704  -24.13928  -45.48137     2970  36.4  0  0  7 21 0 0 0 1 1 0 0 1 0 1 1 1 0 1
2014   2 28  7 11 32 928331  -24.28580  -45.39757     3331  54.6  1  0  7 21 0 0 1 1 1 0 0 1 0 1 1 0 0 1
2014   2 28  7 11 33 849421  -21.65363   22.48366    18244  37.6  1  0  5 10 0 0 1 1 1 0 0 1 0 0 0 0 0 1
2014   2 28  7 11 34 286959  -30.01633  -42.10709     3368  28.4  0  0  6 15 0 0 1 1 0 0 0 1 0 1 0 1 0 1
2014   2 28  7 11 34 337588  -30.04675  -42.03656     3488  16.6  0  0  5 10 0 0 1 1 1 0 0 1 0 0 0 0 0 1
2014   2 28  7 11 34 628574    4.73491  153.25789    18234  47.5  1  0  5  7 0 0 1 1 0 0 0 1 0 0 0 1 0 1
2014   2 28  7 11 35 104948    7.01054  -74.62244     9036  38.1  1  0  5 10 0 0 0 1 1 0 0 1 0 0 0 1 0 1
2014   2 28  7 11 37 499541  -30.22291  -42.17339     3727  20.4  0  0  5 10 0 0 1 1 1 0 0 1 0 0 0 0 0 1
2014   2 28  7 11 37 521133  -30.21887  -42.17854     5431  21.0  0  0  5  7 0 0 1 1 1 0 0 1 0 0 0 0 0 1
2014   2 28  7 11 37 887668    7.21435  -75.66291    22269  42.8  1  0  5  7 0 0 0 1 1 0 0 1 0 0 0 1 0 1
2014   2 28  7 11 38 591321    7.27696  -75.20119     5940  52.0  1  0  7 21 0 0 0 1 1 0 0 1 0 1 0 1 1 1
2014   2 28  7 11 40 539754  -22.71674  -45.89849     4780 104.4  2  0  6 15 0 0 1 1 1 0 0 1 0 1 0 0 0 1
2014   2 28  7 11 40 779293   31.41310 -150.55647    63967  38.6  1  0  5 10 0 0 0 1 1 0 0 1 0 0 0 1 0 1
2014   2 28  7 11 42 953266  -24.98840 -140.21970    51667 133.6  2  0  6 15 0 0 0 1 1 0 0 1 0 1 0 1 0 1
2014   2 28  7 11 43   3443  -27.62780  -44.85999     3787   2.5  0  0  4  6 0 0 1 1 0 0 0 0 0 0 0 1 0 1
2014   2 28  7 11 43 111378    3.55399  -86.09139    10350 145.1  2  0  7 21 0 0 1 1 1 0 0 1 0 1 0 1 0 1
2014   2 28  7 11 45 680691  -12.06182  -73.04153     3081  25.0  0  0  6 15 0 0 1 1 1 0 0 1 0 0 0 1 0 1
2014   2 28  7 11 46  87296  -12.09200  -73.08675     3731  26.2  0  0  5  9 0 0 1 1 0 0 0 1 0 0 0 1 0 1
2014   2 28  7 11 46 131803  -12.10964  -73.05805     3696  26.1  0  0  5  9 0 0 1 1 1 0 0 1 0 0 0 1 0 0
2014   2 28  7 11 46 287560  -12.13306  -73.10800     3700  29.8  0  0  5 10 0 0 1 1 1 0 0 1 0 0 0 1 0 0
2014   2 28  7 11 46 876699  -13.30323  -71.22775     4022  33.4  1  0  5  9 0 0 1 1 1 0 0 0 0 0 0 1 0 1
2014   2 28  7 11 47  98498   -9.66967  160.01561     9885  32.0  1  0  5  9 0 0 1 1 1 0 0 1 0 0 0 1 0 0
2014   2 28  7 11 47 258352  -13.24490  -71.40791     4341  37.1  1  0  5  8 0 0 1 1 1 0 0 1 0 0 0 1 0 0
2014   2 28  7 11 47 420507    5.94069  -82.61887     6302  34.9  1  0  5  9 0 0 1 0 1 0 0 1 0 0 0 1 0 1
2014   2 28  7 11 47 448942  -13.26174  -71.38330     3619  41.6  1  0  6 15 0 0 1 1 1 0 0 1 0 0 0 1 0 1
2014   2 28  7 11 47 467278    6.06299  -83.65664    10589  19.5  0  0  4  6 0 0 0 1 1 0 0 1 0 0 0 1 0 0
2014   2 28  7 11 47 519210  -11.98147  -72.83482     3935  39.1  0  0  6 14 0 0 1 0 1 0 0 1 0 0 0 1 1 1
2014   2 28  7 11 48 484166  -19.10657 -142.05554    12734  48.0  1  0  6 15 0 0 1 1 1 0 0 1 0 0 0 1 0 1
2014   2 28  7 11 48 804115  -16.64846  -51.71849     3888  24.0  0  0  5  7 0 0 1 1 1 0 0 1 0 0 0 0 0 1
2014   2 28  7 11 49 646216   -4.65254  -71.66899     4360  57.7  1  0  6 15 0 0 1 1 1 0 0 1 0 0 0 1 0 1
2014   2 28  7 11 49 716125   -4.67056  -71.57101     5109  49.4  1  0  5 10 0 0 1 0 1 0 0 1 0 0 0 1 0 1
2014   2 28  7 11 49 802589   -4.66062  -72.17779     4475  60.4  2  0  6 15 0 0 1 1 1 0 0 1 0 0 0 1 0 1
2014   2 28  7 11 51  24210  -23.63195  -45.72166     5211  70.6  2  0  5 10 0 0 1 1 1 0 0 1 0 0 0 0 0 1
2014   2 28  7 11 51 727201  -22.62527  -45.65369     4959  78.9  2  0  6 11 0 0 1 1 1 0 0 1 0 0 0 1 0 1
2014   2 28  7 11 51 962034  -22.58211  -45.73095     5897  49.4  1  0  5  7 0 0 1 1 1 0 0 1 0 0 0 0 0 1
2014   2 28  7 11 53 861630  -14.54282  -44.00341     3242  54.7  1  0  6 14 0 0 1 1 1 0 0 1 0 0 0 1 0 1
2014   2 28  7 11 55 552764  -10.52299  -57.91422     4366 103.6  2  0  7 20 0 0 1 1 1 0 0 1 0 0 0 1 1 1
2014   2 28  7 11 55 622621  -10.85423  -58.52803     9242  44.8  1  0  5  7 0 0 0 1 1 0 0 1 0 0 0 1 0 1
2014   2 28  7 11 55 828845  -16.35076  -52.01804     6273 120.4  2  0  6 12 0 0 1 1 1 0 0 1 0 0 0 1 0 1
2014   2 28  7 11 56 884205  -21.18951  -47.03419     4902 114.7  2  0  7 18 0 0 1 1 1 0 0 1 0 0 0 1 1 1
2014   2 28  7 11 59 539751  -24.90592  -45.29775     3668  18.9  0  0  4  6 0 0 1 1 1 0 0 1 0 0 0 0 0 0
2014   2 28  7 12  0 410568  -21.12216  -46.90504     2444  19.9  0  0  7 19 0 0 0 1 1 0 0 1 0 1 1 1 0 1
2014   2 28  7 12  0 432797  -20.51792  -47.30218     2569   2.3  0  0  5 10 0 0 1 0 1 0 0 1 0 0 1 0 0 1
2014   2 28  7 12  0 440234  -21.14280  -46.85862     2360   2.8  0  0  6 15 0 0 1 1 1 0 0 1 0 0 1 0 0 1
2014   2 28  7 12  1 143969  -11.81943  167.50581     5041  10.8  0  0  7 21 0 0 0 1 1 0 0 1 0 1 1 1 0 1
2014   2 28  7 12  1 743500  -34.30399  -37.70277     3197  13.8  0  0  6 15 0 0 1 1 1 0 0 1 0 0 1 0 0 1
2014   2 28  7 12  1 842962  -34.33936  -37.69443     3282  28.3  0  0  7 21 0 0 1 0 1 0 0 1 0 1 1 1 1 0
2014   2 28  7 12  2 771822  -21.18929  -46.75755     2623  14.7  0  0  6 13 0 0 1 0 1 0 0 1 0 0 1 0 1 1
2014   2 28  7 12  3 537290   -2.66552    2.96444    34283  18.3  0  0  5 10 0 0 1 1 1 0 0 0 0 0 1 0 0 1
2014   2 28  7 12  3 703337  -30.18151  -41.64499     3681   6.5  0  0  4  6 0 0 1 1 0 0 0 1 0 0 1 0 0 0
2014   2 28  7 12  3 796747   30.73135 -129.74925    15397  51.1  1  0  6 14 0 0 1 0 1 0 0 1 0 0 1 1 0 1
2014   2 28  7 12  3 909554  -22.69747  -45.98859     3885  15.2  0  0  4  6 0 0 1 0 0 0 0 1 0 1 1 0 0 0
2014   2 28  7 12  3 953990  -22.80690  -45.69299     3014  31.7  0  0  6 15 0 0 1 1 1 0 0 1 0 0 1 0 0 1
2014   2 28  7 12  4 733850    9.18580  -73.40009     4532  37.9  0  0  6 14 0 0 1 1 1 0 0 1 0 0 1 1 0 0
2014   2 28  7 12  5 217287   -7.69897  -73.20795    10071  15.1  0  0  4  6 0 0 1 1 0 0 0 0 0 1 0 0 0 1
2014   2 28  7 12  5 282157   -6.07110  -74.56017     4964  40.8  1  0  5 10 0 0 1 1 0 0 0 0 0 0 1 1 0 1
2014   2 28  7 12  5 738956    5.70896  144.87547     9861  43.5  1  0  5 10 0 0 1 0 0 0 0 1 0 1 1 1 0 0
2014   2 28  7 12  6 197846    6.61893  -78.14812     4572  50.0  0  0  7 21 0 0 1 1 1 0 0 1 0 0 1 1 0 1
2014   2 28  7 12  6 322603  -14.43188  -43.94057     3283  50.5  1  0  6 15 0 0 1 1 1 0 0 1 0 0 1 0 0 1
2014   2 28  7 12  6 666683  -22.23252 -141.25587    11275  51.5  1  0  7 21 0 0 1 1 1 0 0 1 0 0 1 1 0 1
2014   2 28  7 12  6 777670  -30.29667  -41.73853     5343  45.5  1  0  5 10 0 0 1 1 1 0 0 0 0 0 1 0 0 1
2014   2 28  7 12  6 959490  -18.81882 -142.85690    11456  53.9  1  0  7 21 0 0 1 1 1 0 0 1 0 0 1 1 0 1
2014   2 28  7 12  6 966831  -18.75733 -143.10301    13244  50.2  1  0  6 15 0 0 1 1 1 0 0 1 0 0 1 1 0 0
2014   2 28  7 12  7  53555  -30.29801  -41.76317     4439  42.6  1  0  6 15 0 0 1 1 1 0 0 1 0 0 1 0 0 1
2014   2 28  7 12  7 368243  -18.58793 -143.60030     9666  21.3  0  0  5 10 0 0 1 1 0 0 0 1 0 0 1 1 0 0
2014   2 28  7 12  7 645432  -14.48872  -43.14882     5540  20.4  0  0  5 10 0 0 1 0 1 0 0 1 0 0 1 0 0 1
2014   2 28  7 12  7 761764  -20.89208  -47.26105     3695  82.7  2  0  7 21 0 0 1 1 1 0 0 1 0 0 1 1 0 1
2014   2 28  7 12  8  75444  -19.02338 -141.69882    22014  31.1  1  0  4  6 0 0 1 0 0 0 0 0 0 0 1 1 0 1
2014   2 28  7 12  8 134910   -0.46685    6.72515    11513  45.1  1  0  6 15 0 0 1 1 0 0 0 1 0 0 1 1 0 1
2014   2 28  7 12  8 938048  -21.12248  -46.50413     3541  65.9  1  0  7 17 0 0 1 1 1 0 0 1 0 1 1 1 0 0
2014   2 28  7 12  8 988693  -21.35225  -46.15913     3712  57.9  1  0  6 15 0 0 1 1 1 0 0 1 0 0 1 0 0 1
2014   2 28  7 12  9  19141  -21.35126  -46.15985     3672  56.8  1  0  6 15 0 0 1 1 1 0 0 1 0 0 1 0 0 1
2014   2 28  7 12  9 497415    7.33810  -74.06602     6375  93.6  2  0  7 20 0 0 1 1 1 0 0 1 0 1 1 1 0 0
2014   2 28  7 12  9 512147    7.30847  -73.79090     5606  55.2  1  0  6 15 0 0 1 0 1 0 0 1 0 0 1 1 0 1
2014   2 28  7 12  9 575754  -16.41953  -52.01256     3774  81.2  2  0  7 18 0 0 0 1 1 0 0 1 0 1 1 1 0 1
2014   2 28  7 12 10 737772  -19.16813 -143.16689    18953  77.7  2  0  6 15 0 0 1 1 1 0 0 1 0 0 1 1 0 0
2014   2 28  7 12 11 110728  -22.42864  -46.07372     3894  96.0  2  0  7 21 0 0 1 1 1 0 0 1 0 1 1 0 0 1
2014   2 28  7 12 11 147063  -22.48395  -46.08491     4497 100.8  2  0  6 15 0 0 0 1 1 0 0 1 0 1 1 0 0 1
2014   2 28  7 12 12  20684  -21.06140  -49.63943     4826  95.4  2  0  6 13 0 0 1 1 0 0 0 0 0 1 1 1 0 1
2014   2 28  7 12 12 101195  -21.00098  -49.72904     3346  50.3  1  0  6 14 0 0 1 1 0 0 0 1 0 1 1 1 0 0
2014   2 28  7 12 12 864416  -21.80097 -141.58189    27265  73.9  2  0  5 10 0 0 1 0 1 0 0 1 0 0 1 1 0 0
2014   2 28  7 12 13 896449  -20.22769 -140.66809    52396 110.6  2  0  6 15 0 0 1 1 1 0 0 1 0 0 1 0 0 1
2014   2 28  7 12 13 968672  -29.45734  -42.45150     5809 104.1  2  0  7 21 0 0 1 0 0 0 0 1 0 1 1 1 1 1
2014   2 28  7 12 13 990956  -29.55385  -42.36352     6461  82.5  2  0  6 15 0 0 1 1 1 0 0 1 0 0 1 0 0 1
2014   2 28  7 12 14    558  -29.43857  -42.87661     4107  57.8  1  0  7 19 0 0 1 1 1 0 0 1 0 1 0 1 0 1
2014   2 28  7 12 14   9549  -29.54486  -42.38088     6474  82.8  2  0  6 15 0 0 1 1 1 0 0 1 0 0 1 0 0 1
2014   2 28  7 12 14 975801    0.78515  -64.79231     5609  79.2  2  0  6 15 0 0 1 0 1 0 0 0 0 1 1 1 0 1
2014   2 28  7 12 16 106889  -10.74474  -56.97707     2460   9.5  0  0  7 19 0 0 0 1 1 0 0 1 0 1 1 1 0 1
2014   2 28  7 12 16 161644  -10.74377  -56.96297     2535  11.9  0  0  6 15 0 0 1 1 0 0 0 1 0 1 1 1 0 0
2014   2 28  7 12 16 343368  -10.73756  -56.97394     2531  12.8  0  0  6 15 0 0 1 1 0 0 0 1 0 1 0 1 0 1
2014   2 28  7 12 16 476085  -10.73729  -56.98105     2446  14.0  0  0  7 21 0 0 1 1 1 0 0 1 0 1 0 1 0 1
2014   2 28  7 12 16 557542  -10.74341  -57.03430     2974   2.6  0  0  5  7 0 0 0 0 1 0 0 1 0 0 1 1 0 1
2014   2 28  7 12 16 635120  -20.76332  -47.24435     2634   2.1  0  0  5  8 0 0 0 1 1 0 0 1 0 0 1 0 0 1
2014   2 28  7 12 18 250588    7.16379  -73.92503     3131  15.3  0  0  7 18 0 0 1 1 1 0 0 1 0 0 1 1 0 1
2014   2 28  7 12 18 578619    2.88330  -84.84597     4088   2.8  0  0  4  6 0 0 1 1 0 0 0 1 0 0 0 1 0 0
2014   2 28  7 12 18 754498  -25.09921  -44.66124     2744  21.4  0  0  7 19 0 0 0 1 1 0 0 1 0 1 1 1 0 1
2014   2 28  7 12 18 792807  -25.12019  -44.61437     2846   7.8  0  0  5  9 0 0 1 1 1 0 0 0 0 0 1 0 0 1
2014   2 28  7 12 19 113542   -8.19932  175.63272     5558  15.3  0  0  7 21 0 0 1 1 1 0 0 1 0 0 1 1 0 1
2014   2 28  7 12 19 625000   -4.74450  -72.13298     3255  36.4  0  0  7 21 0 0 1 1 1 0 0 1 0 1 1 1 0 0
2014   2 28  7 12 20 215206  -23.00090   47.88766    17490  14.4  0  0  5 10 0 0 1 1 1 0 0 0 0 0 1 0 0 1
2014   2 28  7 12 20 283456  -12.04585  -73.34431     6474  25.2  1  0  4  6 0 0 0 1 0 0 0 0 0 0 1 1 0 1
2014   2 28  7 12 20 471507  -12.01113  -73.06499     3428  42.9  0  0  7 21 0 0 1 1 1 0 0 0 0 1 1 1 0 1
2014   2 28  7 12 20 504848  -20.66407  -46.38608     2938   2.8  0  0  4  6 0 0 1 0 0 0 0 1 0 0 1 0 0 1
2014   2 28  7 12 20 603997  -14.19634  160.76956    10566  20.0  0  0  5  9 0 0 0 1 1 0 0 1 0 0 1 1 0 0
2014   2 28  7 12 20 634676  -30.35080  -41.61369     4110  19.1  0  0  5  8 0 0 1 1 1 0 0 0 0 0 1 0 0 1
2014   2 28  7 12 20 643095   33.43233 -168.92749    18594  63.2  2  0  6 15 0 0 1 1 0 0 0 1 0 1 1 1 0 0
2014   2 28  7 12 20 657905   33.68256 -169.09337     8421  21.0  0  0  6 14 0 0 1 1 1 0 0 1 0 0 1 1 0 0
2014   2 28  7 12 21 131409  -11.29327  166.82672    40844  25.6  0  0  5 10 0 0 1 1 1 0 0 1 0 0 1 0 0 0
2014   2 28  7 12 21 511760    2.92123  -17.54009     9658  47.4  0  0  7 20 0 0 0 1 1 0 0 1 0 1 1 1 0 1
2014   2 28  7 12 21 612192  -19.54946 -142.09363     8509  34.1  0  0  7 21 0 0 1 1 1 0 0 1 0 0 1 1 0 1
2014   2 28  7 12 21 648908  -19.67232 -141.32007     8945  35.4  0  0  7 21 0 0 1 0 1 0 0 1 0 1 1 1 0 1
2014   2 28  7 12 21 709643  -19.49133 -142.27414     9663  31.5  0  0  6 15 0 0 1 1 1 0 0 1 0 0 1 1 0 0
2014   2 28  7 12 21 749639  -10.72795  -57.06376     3199  43.8  0  0  7 20 0 0 1 1 1 0 0 0 0 1 1 1 0 1
2014   2 28  7 12 21 770225  -19.62749 -141.71819    10466  50.3  1  0  7 21 0 0 1 1 1 0 0 1 0 1 0 1 0 1
2014   2 28  7 12 21 852674  -19.67243 -141.37207    12165  40.7  1  0  6 15 0 0 1 0 1 0 0 1 0 1 1 1 0 0
2014   2 28  7 12 21 886870  -19.55410 -143.66354    20692  48.0  1  0  6 15 0 0 0 1 1 0 0 1 0 1 0 1 0 1
2014   2 28  7 12 22 385532  -19.56796 -141.84633    11208  53.6  1  0  7 21 0 0 1 1 1 0 0 1 0 1 1 1 0 0
2014   2 28  7 12 22 736426  -19.52546 -142.00639    13197  28.8  0  0  5 10 0 0 1 0 1 0 0 1 0 0 1 1 0 0
2014   2 28  7 12 23 411848   -3.35858    6.29814    16863  41.9  1  0  6 15 0 0 1 1 1 0 0 1 0 0 1 0 0 1
2014   2 28  7 12 23 443724  -33.52938  -40.70933     5902  51.2  2  0  5 10 0 0 1 1 0 0 0 0 0 1 1 0 0 1
2014   2 28  7 12 23 488842   -9.52308  167.44731    44608  22.4  1  0  4  6 0 0 1 1 0 0 0 1 0 0 1 0 0 0
2014   2 28  7 12 23 585814  -30.05553  -41.68417     4703  23.5  0  0  5 10 0 0 1 0 1 0 0 1 0 0 1 0 0 1
2014   2 28  7 12 23 595962  -30.00482  -41.91817     3909  33.2  0  0  6 15 0 0 1 1 1 0 0 1 0 0 1 0 0 1
2014   2 28  7 12 24 861202  -22.07325  -46.10099     3345  66.9  1  0  7 21 0 0 1 1 1 0 0 1 0 1 1 0 0 1
2014   2 28  7 12 25  29905  -21.71097 -140.84100    12545  55.5  1  0  7 21 0 0 1 0 1 0 0 1 0 1 1 1 0 1
2014   2 28  7 12 25 584016  -24.80763  -45.26480     3177  46.6  0  0  7 21 0 0 1 1 1 0 0 1 0 1 1 0 0 1
2014   2 28  7 12 25 727144  -24.76264  -45.23641     3753  48.9  1  0  6 15 0 0 1 1 1 0 0 1 0 0 1 0 0 1
2014   2 28  7 12 25 737852  -24.86212  -45.15582     6399  46.1  1  0  5  7 0 0 1 1 1 0 0 1 0 0 0 0 0 1
2014   2 28  7 12 26 213364    4.42198  -73.29424     6549  92.7  2  0  6 15 0 0 1 1 0 0 0 1 0 1 1 1 0 0
2014   2 28  7 12 26 368469    4.42909  -74.03360    12606  64.0  2  0  5  8 0 0 0 1 1 0 0 1 0 0 0 1 0 1
2014   2 28  7 12 26 446374  -22.66483  -45.77063     3968  65.3  2  0  6 15 0 0 1 1 1 0 0 1 0 0 1 0 0 1
2014   2 28  7 12 27 687619  -20.77799  -47.29247     4002  68.3  2  0  6 15 0 0 1 1 1 0 0 1 0 0 1 0 0 1
2014   2 28  7 12 27 842960  -20.60464  -47.50300     4654 109.0  2  0  7 18 0 0 1 1 0 0 0 1 0 1 1 1 0 1
2014   2 28  7 12 28  95600  -15.92606  -51.79808     4368  91.5  2  0  6 15 0 0 1 1 0 0 0 1 0 1 0 1 0 1
2014   2 28  7 12 28 515106  -15.87999  -51.54973     4104  90.4  2  0  7 20 0 0 1 0 1 0 0 1 0 1 1 1 0 1
2014   2 28  7 12 30 130906  -27.08525 -132.51253    11838  26.8  0  0  5 10 0 0 1 0 1 0 0 0 0 1 0 1 0 1
2014   2 28  7 12 30 151629  -26.72089 -136.80426    21473  87.9  2  0  6 15 0 0 1 1 1 0 0 1 0 0 1 1 0 0
2014   2 28  7 12 31 246726    7.40120  -75.35904     8385 114.0  2  0  7 18 0 0 1 1 1 0 0 1 0 0 1 1 0 1
2014   2 28  7 12 31 451149    6.57527  141.84570    10998  66.8  2  0  6 15 0 0 1 0 1 0 0 1 0 0 1 1 0 1
2014   2 28  7 12 31 703750  -21.33586  -46.00620     4829  91.8  2  0  6 15 0 0 1 1 1 0 0 1 0 0 1 0 0 1
2014   2 28  7 12 31 863176  -15.93819  -51.76802     4487 112.0  2  0  7 21 0 0 1 0 1 0 0 1 0 1 1 1 0 1
2014   2 28  7 12 32 161408    6.87002  -74.46087     4138  10.2  0  0  5 10 0 0 0 0 1 0 0 1 0 0 1 1 0 1
2014   2 28  7 12 32 246858  -22.95317 -139.31265     7589   7.0  0  0  7 21 0 0 1 1 1 0 0 1 0 1 1 0 0 1
2014   2 28  7 12 32 564129  -21.29611  -46.21570     2275   9.6  0  0  7 21 0 0 1 1 1 0 0 1 0 1 1 0 0 1
2014   2 28  7 12 32 740255    7.30529  -82.48383    10062   6.3  0  0  5 10 0 0 0 1 1 0 0 1 0 0 1 0 0 1
2014   2 28  7 12 32 753192    7.06748  -73.90128     3178  13.8  0  0  7 21 0 0 0 1 1 0 0 1 0 1 1 1 0 1
2014   2 28  7 12 34 582474  -21.17995  -46.82446     2990  22.4  0  0  5 10 0 0 0 1 1 0 0 1 0 0 1 0 0 1
2014   2 28  7 12 35 545540  -30.35521  -41.59486     3518  25.1  0  0  6 15 0 0 1 1 1 0 0 1 0 0 1 0 0 1
2014   2 28  7 12 35 593663  -30.33896  -41.72038     4063  11.7  0  0  4  6 0 0 1 1 1 0 0 1 0 0 0 0 0 0
2014   2 28  7 12 35 755472  -30.34341  -41.64136     3539  25.6  0  0  6 15 0 0 1 1 1 0 0 1 0 0 1 0 0 1
2014   2 28  7 12 35 759030   -6.29781   10.12538    11681  25.8  0  0  5  7 0 0 1 1 0 0 0 1 0 0 1 1 0 0
2014   2 28  7 12 35 785918  -30.35620  -41.60805     4246  27.7  0  0  5 10 0 0 1 1 1 0 0 1 0 0 1 0 0 0
2014   2 28  7 12 35 793973  -30.32241  -41.77092     3278  10.9  0  0  5 10 0 0 1 1 1 0 0 1 0 0 0 0 0 1
2014   2 28  7 12 35 954852  -30.44481  -41.57715     4248  27.5  0  0  5 10 0 0 1 1 1 0 0 1 0 0 1 0 0 0
2014   2 28  7 12 35 977536  -30.09120  -41.86413     3296  12.2  0  0  6 15 0 0 0 1 1 0 0 1 0 1 1 0 0 1
2014   2 28  7 12 36 707694   -6.03373    8.44128    13666   6.8  0  0  4  6 0 0 1 1 0 0 0 1 0 0 1 0 0 0
2014   2 28  7 12 36 749314   21.26228 -115.50283    31101  16.9  0  0  4  6 0 0 0 1 1 0 0 1 0 0 0 1 0 0
2014   2 28  7 12 37  70775  -13.98759  -43.76479     3799  47.6  1  0  6 11 0 0 1 1 1 0 0 1 0 0 1 1 0 0
2014   2 28  7 12 37 434576   27.94483 -127.05547    66881  43.5  1  0  5 10 0 0 0 1 0 0 0 1 0 1 1 0 0 1
2014   2 28  7 12 37 566844   19.51355 -116.66548    10287  54.5  1  0  7 21 0 0 1 1 1 0 0 1 0 0 1 1 0 1
2014   2 28  7 12 38  13726  -32.88599 -105.43062    15333  50.1  1  0  6 15 0 0 1 1 1 0 0 1 0 0 1 0 0 1
2014   2 28  7 12 38 139657  -30.05516  -41.85280     4268  39.7  0  0  6 15 0 0 1 1 1 0 0 1 0 0 1 0 0 1
2014   2 28  7 12 38 176974  -30.05705  -41.86200     4284  40.2  1  0  6 15 0 0 1 1 1 0 0 1 0 0 1 0 0 1
2014   2 28  7 12 38 194798  -29.75250  -42.08254     3919  13.3  0  0  5 10 0 0 0 1 1 0 0 1 0 0 1 0 0 1
2014   2 28  7 12 38 202413  -30.05887  -41.85849     4296  40.4  1  0  6 15 0 0 1 1 1 0 0 1 0 0 1 0 0 1
2014   2 28  7 12 38 236250  -30.05867  -41.82605     4273  40.1  1  0  6 15 0 0 1 1 1 0 0 1 0 0 1 0 0 1
2014   2 28  7 12 39 157951  -12.21177  -73.76770     7241  40.1  1  0  6 14 0 0 0 1 1 0 0 1 0 1 0 1 0 1
2014   2 28  7 12 39 166358  -11.87522  -72.83238     5127  49.9  1  0  5  9 0 0 1 0 1 0 0 1 0 0 0 1 0 1
2014   2 28  7 12 39 180928  -33.14660   18.42617    18237  55.3  1  0  6 15 0 0 1 1 1 0 0 1 0 0 1 0 0 1
2014   2 28  7 12 39 309865  -12.07443  -72.66639     6114  60.7  2  0  6 15 0 0 1 1 1 0 0 1 0 0 1 0 0 1
2014   2 28  7 12 39 444513  -28.95821 -136.93663    19862  26.6  0  0  5 10 0 0 0 0 1 0 0 1 0 1 0 1 0 1
2014   2 28  7 12 39 523962  -22.67487  -45.75039     4313  59.9  2  0  5 10 0 0 1 1 1 0 0 1 0 0 0 0 0 1
2014   2 28  7 12 40 967106    2.54120  -68.78876     6390  83.9  2  0  6 15 0 0 1 1 0 0 0 0 0 1 1 1 0 1
2014   2 28  7 12 41 234767    4.39978  -76.67761    26663  60.8  2  0  5 10 0 0 1 1 1 0 0 0 0 0 1 0 0 1
2014   2 28  7 12 41 293252  -18.45362 -143.59853    11099  26.0  0  0  5 10 0 0 1 1 0 0 0 1 0 0 1 1 0 0
2014   2 28  7 12 41 502556  -21.23628  -46.98019     3882  66.7  2  0  6 15 0 0 1 1 1 0 0 1 0 0 1 0 0 1
2014   2 28  7 12 43  11160  -21.35840  -46.15124     4212  76.2  2  0  6 15 0 0 1 1 1 0 0 1 0 0 1 0 0 1
2014   2 28  7 12 43 771147  -14.00796  -44.53514     3568  84.4  2  0  7 21 0 0 1 1 1 0 0 1 0 0 1 1 0 1
2014   2 28  7 12 44 170502  -11.90867  -73.07841     5275  78.1  2  0  6 15 0 0 1 0 1 0 0 1 0 0 1 1 0 1
2014   2 28  7 12 44 210412  -11.16249  166.42397    14575  91.6  2  0  7 21 0 0 1 1 1 0 0 1 0 0 1 1 0 1
2014   2 28  7 12 44 316834    2.26156  -18.46862     5792  88.7  2  0  7 21 0 0 1 1 1 0 0 1 1 0 1 0 0 1
2014   2 28  7 12 44 389706    4.15582  -71.82003    11988 102.5  2  0  7 21 0 0 1 1 1 0 0 1 0 1 1 0 0 1
2014   2 28  7 12 44 574550  -12.08101  -73.65124     8662 117.2  2  0  7 21 0 0 0 1 1 0 0 1 0 1 1 1 0 1
2014   2 28  7 12 45 237258   -9.89631  160.86539    16363 107.2  2  0  7 21 0 0 1 1 1 0 0 1 0 1 1 1 0 0
2014   2 28  7 12 45 268363   -9.12620  159.60718     8133   7.8  0  0  4  6 0 0 1 0 0 0 0 1 0 0 1 1 0 0
2014   2 28  7 12 46 115739    5.95396  -83.14862     8495 115.3  2  0  7 21 0 0 1 1 1 0 0 1 0 0 1 1 0 1
2014   2 28  7 12 46 217312  -13.35267  -71.85243    10389 146.1  2  0  7 20 0 0 0 1 1 0 0 0 0 1 1 1 1 1
2014   2 28  7 12 47 971684    4.17431  -73.17046    10661 110.3  2  0  6 11 0 0 1 1 0 0 0 1 0 0 1 1 0 1
2014   2 28  7 12 48 324509  -19.85478 -141.11285    10346  10.5  0  0  4  6 0 0 1 1 0 0 0 1 0 0 0 1 0 0
2014   2 28  7 12 48 622309  -20.04225 -140.56183    17304   0.9  0  0  4  6 0 0 1 1 0 0 0 1 0 0 1 0 0 0
2014   2 28  7 12 48 744700  -19.81704 -141.53764    14748   6.1  0  0  4  6 0 0 0 1 0 0 0 1 0 0 0 1 0 1
2014   2 28  7 12 48 923986  -21.15082  -46.78967     2634   8.7  0  0  5 10 0 0 1 1 1 0 0 1 0 0 0 0 0 1
2014   2 28  7 12 49  35385  -21.14717  -46.90499     2506  15.0  0  0  6 15 0 0 1 1 1 0 0 0 0 1 1 0 0 1
2014   2 28  7 12 49  89568  -21.16162  -46.91116     2695  14.5  0  0  5 10 0 0 0 1 1 0 0 1 0 1 1 0 0 0
2014   2 28  7 12 49 185202  -21.15285  -46.90770     2511  15.1  0  0  6 14 0 0 1 1 0 0 0 1 0 1 1 0 0 1
2014   2 28  7 12 49 768186    6.58735  -74.26506     8794  12.6  0  0  4  6 0 0 1 1 1 0 0 1 0 0 0 0 0 0
2014   2 28  7 12 49 849253  -12.87613  -71.47980     3323  17.7  0  0  6 15 0 0 1 0 1 0 0 1 0 1 1 0 0 1
2014   2 28  7 12 49 881049  -12.82681  -71.74912     3261  22.7  0  0  7 21 0 0 0 1 1 0 0 1 0 1 1 1 0 1
2014   2 28  7 12 50 173661  -31.83990 -135.79967    11701   9.0  0  0  4  6 0 0 1 0 0 0 0 1 0 0 1 1 0 0
2014   2 28  7 12 50 264982  -12.80942  -71.75053     5696  27.6  0  0  5  8 0 0 0 1 1 0 0 0 0 1 1 1 0 0
2014   2 28  7 12 50 296556  -12.75471  -71.59860     2950  10.3  0  0  5 10 0 0 1 0 1 0 0 0 0 0 1 1 0 1
2014   2 28  7 12 50 356956  -12.79567  -71.77358     3487  27.3  0  0  7 21 0 0 0 1 1 0 0 1 0 1 1 1 0 1
2014   2 28  7 12 50 434307  -12.74119  -71.48492     3109  14.9  0  0  5 10 0 0 1 0 1 0 0 0 0 1 1 1 0 0
2014   2 28  7 12 50 865987  -12.75833  -71.64709     2856  26.6  0  0  7 21 0 0 1 1 1 0 0 1 0 0 1 1 0 1
2014   2 28  7 12 51 132081  -30.03230  -41.81750     3225   9.9  0  0  5 10 0 0 1 1 0 0 0 1 0 0 1 0 0 1
2014   2 28  7 12 51 373316  -29.91270  -41.91384     3188   8.1  0  0  5 10 0 0 1 1 1 0 0 1 0 0 0 0 0 1
2014   2 28  7 12 51 574935  -30.03638  -41.76601     3676   7.1  0  0  4  6 0 0 1 1 0 0 0 1 0 0 1 0 0 0
2014   2 28  7 12 51 642627  -29.96051  -41.90081     2887  21.9  0  0  7 21 0 0 1 1 1 0 0 1 0 1 1 0 0 1
2014   2 28  7 12 52 352867  -30.07584  -41.78017     4090  25.8  0  0  5 10 0 0 1 1 1 0 0 1 0 0 1 0 0 0
2014   2 28  7 12 54 381738  -11.39546  167.25064    13658  57.1  1  0  6 14 0 0 1 1 1 0 0 1 0 1 0 1 0 0
2014   2 28  7 12 54 460049  -14.40498  -43.93243     3316  52.4  1  0  6 15 0 0 1 1 1 0 0 1 0 0 1 0 0 1
2014   2 28  7 12 55 242175   29.95362 -129.33853    68411  61.9  2  0  5  9 0 0 0 0 0 0 0 1 0 1 1 1 0 1
2014   2 28  7 12 57 900507  -12.82800  157.03235     7066  16.4  0  0  5 10 0 0 1 1 0 0 0 1 0 0 1 1 0 0
2014   2 28  7 12 58  24115  -43.70016  -78.57940    10535  46.9  1  0  5  9 0 0 1 1 0 0 0 0 0 0 1 1 0 1
2014   2 28  7 12 58 703872    4.03785  151.53854     7753  61.0  1  0  7 20 0 0 1 0 1 0 0 1 0 1 1 1 0 1
2014   2 28  7 12 59 453150  -29.62274  -42.47313     4418  19.7  0  0  5 10 0 0 0 1 1 0 0 1 0 0 1 0 0 1
2014   2 28  7 12 59 483676  -29.71278  -42.36327     5917  15.7  0  0  4  6 0 0 0 1 0 0 0 1 0 0 1 0 0 1
2014   2 28  7 12 59 504872  -30.14023  -42.36901     3292  11.3  0  0  5 10 0 0 1 1 1 0 0 1 0 0 0 0 0 1
2014   2 28  7 13  0 562601  -24.97339  -45.22650     3656  62.2  1  0  7 19 0 0 1 1 1 0 0 1 0 1 1 1 0 0
2014   2 28  7 13  0 579604  -22.47946  -45.83093     3559  88.4  2  0  7 21 0 0 1 0 1 0 0 1 0 1 1 1 0 1
2014   2 28  7 13  0 750556  -25.02850  -45.07187     4437  56.9  1  0  6 13 0 0 1 1 1 0 0 1 0 0 1 0 0 1
2014   2 28  7 13  0 848547  -25.04480  -45.12380     4352  44.3  1  0  5  9 0 0 1 1 1 0 0 0 0 1 0 0 0 1
2014   2 28  7 13  0 951969  -22.70080  -45.79023     4822  99.8  2  0  6 15 0 0 1 1 1 0 0 1 0 0 1 0 0 1
2014   2 28  7 13  1 190684    6.40822  -74.30251    17852 103.4  2  0  6 15 0 0 1 1 1 0 0 1 0 0 1 0 0 1
2014   2 28  7 13  1 714518  -14.47550  -42.72390    10665  52.9  2  0  5 10 0 0 1 0 1 0 0 1 0 0 1 0 0 1
2014   2 28  7 13  2  46935  -18.83498 -144.28369    17262  47.3  1  0  5 10 0 0 1 1 0 0 0 1 0 0 1 1 0 0
2014   2 28  7 13  3 812549    9.41045  -73.64185     8299 129.7  2  0  7 20 0 0 1 1 1 0 0 1 0 0 1 1 0 1
2014   2 28  7 13  4 814171   -6.24401    7.62245     8780  11.2  0  0  5  7 0 0 1 1 1 0 0 0 0 0 0 1 0 1
2014   2 28  7 13  5 771242    6.91131  -74.41695     3836  23.5  0  0  6 13 0 0 1 1 1 0 0 1 0 0 1 1 0 0
2014   2 28  7 13  5 792863  -19.09916 -141.48518     5256  13.3  0  0  7 21 0 0 1 1 0 0 0 1 0 1 1 1 0 1
2014   2 28  7 13  5 883284  -21.17559  -46.82897     2995  20.0  0  0  5  9 0 0 1 1 1 0 0 1 0 0 0 0 0 1
2014   2 28  7 13  6  50827  -19.57155 -140.50644     8802  14.7  0  0  7 21 0 0 1 1 1 0 0 1 0 1 1 0 0 1
2014   2 28  7 13  6  86098    2.29519  -84.40141    25850   2.6  0  0  4  6 0 0 0 1 0 0 0 0 0 1 1 0 0 1
2014   2 28  7 13  6 104584    3.35933  -85.68685     4102  24.7  0  0  6 15 0 0 1 1 1 0 0 1 0 0 1 1 0 0
2014   2 28  7 13  6 243189    6.52481  -77.91629     3843  24.8  0  0  6 15 0 0 1 1 1 0 0 1 0 0 1 1 0 0
2014   2 28  7 13  7 343292  -10.99064  -56.63967     3077  33.3  0  0  6 14 0 0 1 1 1 0 0 1 0 0 1 1 0 0
2014   2 28  7 13  7 556466  -11.07397  -56.81836     3240  13.2  0  0  5  9 0 0 0 1 1 0 0 1 0 0 0 1 0 1
2014   2 28  7 13  7 611392  -10.98450  -56.75549     3169  28.1  0  0  6 15 0 0 0 1 1 0 0 0 0 1 1 1 0 1
2014   2 28  7 13  7 982655    7.20614  -74.05465     4130  28.7  0  0  7 21 0 0 0 1 1 0 0 1 0 1 1 1 0 1
2014   2 28  7 13  8  10666    7.18053  -73.74411     4955  38.5  0  0  6 14 0 0 1 1 1 0 0 0 0 0 1 1 0 1
2014   2 28  7 13  8 315794  -14.44260  -43.87932     3781  35.2  1  0  5  8 0 0 1 1 0 0 0 1 0 0 1 0 0 1
2014   2 28  7 13  8 420701  -13.06064  -72.01798     5174  28.8  0  0  5  8 0 0 0 1 0 0 0 1 0 0 1 1 0 1
2014   2 28  7 13  8 989532   -4.82064  -71.82872     5184  39.6  0  0  6 13 0 0 0 1 1 0 0 1 0 0 1 1 0 1
2014   2 28  7 13  9  60359   -4.82180  -71.70287     6457  31.1  1  0  5  9 0 0 0 0 1 0 0 1 0 0 1 1 0 1
2014   2 28  7 13  9 291217  -11.89786  -72.84144     3635  51.8  1  0  7 20 0 0 1 1 1 0 0 1 0 1 0 1 0 1
2014   2 28  7 13  9 358360   -5.40003  -63.86475     8078  25.7  0  0  5 10 0 0 1 1 1 0 0 0 0 0 1 0 0 1
2014   2 28  7 13  9 384438  -11.87453  -72.76049     3272  35.1  0  0  7 20 0 0 1 0 1 0 0 1 0 1 1 1 0 1
2014   2 28  7 13  9 778924  -16.27055  -51.76425     3143  52.0  1  0  7 21 0 0 1 1 1 0 0 1 0 0 1 1 0 1
2014   2 28  7 13  9 802830  -16.22160  -51.69419     3049  50.4  1  0  7 21 0 0 1 1 1 0 0 0 0 1 1 1 0 1
2014   2 28  7 13 10   6093  -16.30206  -51.54272     4369  31.2  1  0  5  7 0 0 1 1 1 0 0 1 0 0 0 0 0 1
2014   2 28  7 13 10  65338  -16.25570  -51.71201     3047  53.2  1  0  7 21 0 0 1 1 1 0 0 1 0 1 0 1 0 1
2014   2 28  7 13 10 417220  -30.27728  -41.80309     4033  34.8  0  0  6 15 0 0 1 1 1 0 0 1 0 0 1 0 0 1
2014   2 28  7 13 10 499605  -30.24608  -41.77638     3729  40.6  0  0  7 18 0 0 1 1 1 0 0 0 0 1 1 1 0 1
2014   2 28  7 13 10 630066  -30.27274  -41.79465     4041  35.1  0  0  6 15 0 0 1 1 1 0 0 1 0 0 1 0 0 1
2014   2 28  7 13 11   4041  -22.72587 -139.81854    10067  42.2  0  0  7 21 0 0 1 0 1 0 0 1 0 1 1 1 0 1
2014   2 28  7 13 11  36894  -22.59134 -143.20612    23006  53.0  1  0  6 15 0 0 0 1 1 0 0 1 0 1 0 1 0 1
2014   2 28  7 13 11  62034  -23.01456 -139.59258    44376  59.0  2  0  5 10 0 0 1 1 1 0 0 1 0 0 1 0 0 0
2014   2 28  7 13 11 410247  -22.56664  -45.92240     4622  44.4  1  0  5  9 0 0 1 1 1 0 0 1 0 0 1 0 0 0
2014   2 28  7 13 11 857415    1.89148  -66.82847     5862  72.4  2  0  6 15 0 0 1 1 1 0 0 0 0 1 1 1 0 0
2014   2 28  7 13 11 921464  -24.71612  -45.26794     4343  41.2  1  0  5  9 0 0 0 1 1 0 0 1 0 0 1 0 0 1
2014   2 28  7 13 12 560658  -25.19082 -134.42952    11169  51.2  1  0  7 21 0 0 1 0 1 0 0 1 0 1 1 1 0 1
2014   2 28  7 13 12 585745  -25.05520 -135.46762    13614  68.6  1  0  7 21 0 0 1 1 1 0 0 1 0 0 1 1 0 1
2014   2 28  7 13 12 595279  -25.00864 -135.74191    16349  66.5  2  0  6 15 0 0 1 1 1 0 0 1 0 0 1 1 0 0
2014   2 28  7 13 12 606209  -24.98014 -135.84537    14452  56.6  1  0  6 15 0 0 1 1 0 0 0 1 0 0 1 1 0 1
2014   2 28  7 13 12 639778  -26.16830 -131.39449    27171  38.6  1  0  5 10 0 0 1 0 1 0 0 1 0 1 1 0 0 0
2014   2 28  7 13 12 809433  -25.12381 -136.96585    22818  72.0  2  0  7 21 0 0 0 1 1 0 0 1 0 1 1 1 0 1
2014   2 28  7 13 12 951747   -7.28406    9.29528    35882  71.3  2  0  5 10 0 0 1 1 1 0 0 1 0 0 1 0 0 0
2014   2 28  7 13 13 467139    6.23478  143.54149     8489  21.2  1  0  4  6 0 0 1 0 0 0 0 1 0 0 1 1 0 0
2014   2 28  7 13 13 812497  -19.09897 -143.37930    15658  25.7  1  0  4  6 0 0 1 1 0 0 0 1 0 0 0 1 0 0
2014   2 28  7 13 13 975788  -22.17810 -141.57034    16507  64.3  2  0  6 15 0 0 1 1 0 0 0 1 0 0 1 1 0 1
2014   2 28  7 13 15 500861  -33.06884   17.37893    26233  86.0  2  0  6 15 0 0 1 1 1 0 0 1 0 0 1 0 0 1
2014   2 28  7 13 16 259572    7.11493  -78.40656     6278  74.0  2  0  7 21 0 0 1 0 1 0 0 1 0 1 1 1 0 1
2014   2 28  7 13 16 480365  -29.94099  -42.28432     4455  65.9  1  0  7 21 0 0 1 1 1 0 0 1 0 1 1 0 0 1
2014   2 28  7 13 18 451974  -24.36556  -45.47567     4589  77.7  2  0  6 15 0 0 1 1 1 0 0 1 0 0 1 0 0 1
2014   2 28  7 13 19 558644  -22.39376  -45.79027     2772   1.4  0  0  4  6 0 0 1 0 0 0 0 1 0 0 1 0 0 1
2014   2 28  7 13 20  24204  -24.50348  -45.32906     3465  22.2  0  0  5 10 0 0 0 1 1 0 0 1 0 0 1 0 0 1
2014   2 28  7 13 20 294183  -22.30720 -140.11224    21941  10.6  0  0  4  6 0 0 1 1 0 0 0 1 0 0 1 0 0 0
2014   2 28  7 13 20 647239  -22.65904 -138.52449    31537   6.7  0  0  5 10 0 0 0 1 1 0 0 1 0 0 1 0 0 1
2014   2 28  7 13 20 890518  -21.97500 -141.08501     6873  14.9  0  0  6 15 0 0 1 1 1 0 0 1 0 0 0 1 0 1
2014   2 28  7 13 20 898861  -20.97564  -47.23155     2659  12.1  0  0  5 10 0 0 0 1 1 0 0 1 0 0 1 0 0 1
2014   2 28  7 13 21  89604  -12.07878  -73.09564     2885  18.4  0  0  6 15 0 0 1 1 1 0 0 1 0 0 1 1 0 0
2014   2 28  7 13 21 405902  -12.10831  -73.05787     2520  12.3  0  0  7 21 0 0 1 1 1 0 0 0 0 1 1 1 0 1
2014   2 28  7 13 21 448505  -12.15316  -73.16899     3233  18.0  0  0  7 21 0 0 0 1 1 0 0 1 0 1 1 1 0 1
2014   2 28  7 13 21 488405  -12.13244  -73.08014     2984  21.5  0  0  6 15 0 0 1 1 1 0 0 1 0 1 0 1 0 0
2014   2 28  7 13 21 519361  -12.10897  -73.13743     3047  12.3  0  0  5 10 0 0 1 1 0 0 0 1 0 0 1 1 0 0
2014   2 28  7 13 21 574965  -12.10288  -73.00972     2949   9.9  0  0  5 10 0 0 1 0 1 0 0 0 0 1 1 1 0 0
2014   2 28  7 13 21 877123  -22.58508  -45.81203     2533  16.9  0  0  6 15 0 0 1 1 0 0 0 1 0 1 1 0 0 1
2014   2 28  7 13 21 924865  -21.17685  -46.92909     2412  18.0  0  0  7 20 0 0 1 1 1 0 0 1 0 1 1 0 0 1
2014   2 28  7 13 22 191368   -4.31862  -71.60473     3062  18.1  0  0  7 21 0 0 0 1 1 0 0 1 0 1 1 1 0 1
2014   2 28  7 13 22 208587   -4.49461  -71.26330     7356  16.0  0  0  5 10 0 0 0 1 1 0 0 1 0 1 1 0 0 0
2014   2 28  7 13 22 591054  -11.36360  166.73732     6393  16.7  0  0  6 15 0 0 1 0 1 0 0 1 0 0 1 1 0 1
2014   2 28  7 13 22 602896    4.33874  -73.30037     3259  19.9  0  0  6 14 0 0 1 1 1 0 0 1 0 0 1 1 0 0
2014   2 28  7 13 22 716532    4.28640  -73.59105     4988   5.4  0  0  4  6 0 0 0 1 1 0 0 1 0 0 0 1 0 0
2014   2 28  7 13 23 214600    4.37541  -73.39819     6046  16.4  0  0  4  6 0 0 0 1 0 0 0 0 0 0 1 1 0 1
2014   2 28  7 13 24 236389  -19.10675 -141.80815     7879  30.3  0  0  7 21 0 0 1 1 1 0 0 0 0 1 1 1 0 1
2014   2 28  7 13 24 241388  -21.23779  -46.24342     2886  40.3  0  0  7 21 0 0 1 1 1 0 0 1 0 0 1 1 0 1
2014   2 28  7 13 24 274859  -19.08837 -142.13289     8308  35.7  0  0  7 21 0 0 1 1 1 0 0 1 0 1 1 1 0 0
2014   2 28  7 13 24 912271  -20.71239  -47.46044     3783  16.5  0  0  4  6 0 0 1 0 0 0 0 1 0 1 1 0 0 0
2014   2 28  7 13 25  64785    6.74652  -71.93568     8824  32.4  1  0  5  7 0 0 1 1 0 0 0 1 0 0 0 1 0 1
2014   2 28  7 13 25 440647  -12.20184  -71.53869     3435  46.3  0  0  7 21 0 0 1 0 1 0 0 1 0 1 1 1 0 1
2014   2 28  7 13 25 451378  -12.16796  -71.62200     3698  40.9  1  0  6 15 0 0 1 1 1 0 0 0 0 0 1 1 0 1
2014   2 28  7 13 27 135295  -20.28855  -49.59093     5155   9.6  0  0  4  6 0 0 1 0 0 0 0 1 0 0 1 1 0 0
2014   2 28  7 13 27 159895  -20.50467  -48.79590     3947  66.6  2  0  6 14 0 0 1 1 1 0 0 1 0 0 0 1 0 1
2014   2 28  7 13 27 184401  -20.53812  -48.80031     4872  65.8  2  0  6 11 0 0 1 1 1 0 0 1 0 0 1 0 0 1
2014   2 28  7 13 27 537011  -32.12467 -134.81244    13905  64.1  1  0  7 21 0 0 1 1 0 0 0 1 0 1 1 1 0 1
2014   2 28  7 13 27 568066  -29.68046  -42.05406     7168  55.0  2  0  5 10 0 0 1 0 1 0 0 1 0 1 1 0 0 0
2014   2 28  7 13 27 575150  -32.13080 -134.84077    14519  66.4  1  0  7 20 0 0 1 1 0 0 0 1 0 1 1 1 0 1
2014   2 28  7 13 27 841278  -29.71711  -42.25474     6838  16.5  0  0  5 10 0 0 0 1 1 0 0 1 0 1 0 0 0 1
2014   2 28  7 13 27 852975  -30.05770  -42.13083     3982  16.5  0  0  4  6 0 0 1 1 0 0 0 1 0 1 0 0 0 0
2014   2 28  7 13 28  31381  -30.06651  -41.95236     4690  53.7  1  0  6 15 0 0 1 1 0 0 0 1 0 1 1 0 0 1
2014   2 28  7 13 28  87941  -30.21631  -41.35042     9264 119.2  2  0  6 13 0 0 1 1 1 0 0 0 0 0 1 0 1 1
2014   2 28  7 13 28 314230    5.31888  149.33745     7776  53.0  1  0  7 20 0 0 1 1 1 0 0 1 0 0 1 1 0 1
2014   2 28  7 13 28 472805  -29.66554  -42.17768     4556  55.7  1  0  7 17 0 0 1 1 1 0 0 1 0 0 1 1 0 1
2014   2 28  7 13 28 482245  -29.75744  -42.03925     4699  49.2  1  0  6 15 0 0 1 1 1 0 0 1 0 0 1 0 0 1
2014   2 28  7 13 28 544212  -14.47741  -43.85763     6417  54.8  1  0  6 11 0 0 1 1 1 0 0 1 0 0 1 0 0 1
2014   2 28  7 13 28 769851  -14.44340  -44.01076     3607  55.2  1  0  6 14 0 0 0 1 1 0 0 1 0 0 1 1 0 1
2014   2 28  7 13 28 802559  -13.78606  -73.45611     8820  33.5  1  0  5 10 0 0 0 1 1 0 0 0 0 1 0 1 0 1
2014   2 28  7 13 28 814741  -13.03658  -71.77779     4274  59.1  1  0  7 17 0 0 1 1 1 0 0 1 0 0 1 1 0 1
2014   2 28  7 13 28 826605  -13.00333  -71.73734     4999  36.2  1  0  5  8 0 0 1 0 0 0 0 1 0 0 1 1 0 1
2014   2 28  7 13 29 563077  -20.45645  -47.20115     3605  77.8  2  0  7 21 0 0 1 0 1 0 0 1 0 1 1 1 0 1
2014   2 28  7 13 29 627638  -20.63022  -47.13701     4567  61.2  2  0  5 10 0 0 0 1 1 0 0 1 0 0 1 0 0 1
2014   2 28  7 13 30 567524   -0.11742    7.46205    27979  77.6  2  0  6 11 0 0 1 1 1 0 0 0 0 0 1 1 0 1
2014   2 28  7 13 30 895644    7.15020  -74.59003     9320  67.9  2  0  5 10 0 0 0 1 0 0 0 1 0 0 1 1 0 1
2014   2 28  7 13 30 980002  -20.67544  -46.67473     3876  99.3  2  0  7 20 0 0 0 1 1 0 0 1 0 1 1 1 0 1
2014   2 28  7 13 31 265410  -20.70899  -46.56770     6347  65.1  2  0  5  9 0 0 1 1 1 0 0 1 0 0 1 0 0 0
2014   2 28  7 13 31 295585  -29.80811  -42.08644     7062  72.4  2  0  5 10 0 0 1 1 1 0 0 0 0 0 1 0 0 1
2014   2 28  7 13 31 790120  -19.47722 -142.18250    24145  64.5  2  0  5 10 0 0 1 0 1 0 0 1 0 0 0 1 0 1
2014   2 28  7 13 33  52732  -33.12290 -136.46831    21887 111.5  2  0  6 12 0 0 1 1 1 0 0 1 0 0 1 1 0 0
2014   2 28  7 13 33 594063   -6.94108    7.71569    30593  92.6  2  0  6 15 0 0 1 1 1 0 0 1 0 0 1 0 0 1
2014   2 28  7 13 34 205850   -4.62324  -74.19833     5462   1.2  0  0  4  6 0 0 0 1 0 0 0 0 0 1 0 1 0 1
2014   2 28  7 13 34 323925   -3.85596  -71.97544     4585  41.8  1  0  5 10 0 0 1 1 0 0 0 1 0 0 1 1 0 0
2014   2 28  7 13 34 867680    7.04962  -74.44469     7157 103.4  2  0  7 20 0 0 1 0 1 0 0 1 0 1 1 1 0 1
2014   2 28  7 13 34 925049    3.21945  -72.27152    25356  97.1  2  0  6 15 0 0 1 1 1 0 0 0 0 1 1 0 0 1
2014   2 28  7 13 35 189745  -20.77969  -48.03130     4367 103.6  2  0  7 18 0 0 1 1 1 0 0 0 0 1 1 1 1 0
2014   2 28  7 13 35 782570    5.25873  -72.27239     6598 108.8  2  0  7 21 0 0 1 0 1 0 0 1 0 1 1 1 0 1
2014   2 28  7 13 36 570796  -24.43298  -95.38792     4471   8.7  0  0  6 15 0 0 1 1 1 0 0 1 0 0 1 0 0 1
2014   2 28  7 13 37 329419  -24.78418  -45.27360     3211  19.6  0  0  5 10 0 0 1 1 1 0 0 1 0 0 1 0 0 0
2014   2 28  7 13 37 508352  -25.17041  -44.57184     3735  23.2  0  0  5  9 0 0 1 1 1 0 0 1 0 0 0 0 0 1
2014   2 28  7 13 38 721275    1.82976  -84.35316     3436  24.0  0  0  7 21 0 0 1 1 1 0 0 1 0 0 1 1 0 1
2014   2 28  7 13 39 405246  -20.81157  -47.33440     3927  43.1  1  0  6 11 0 0 1 1 0 0 0 1 0 0 1 1 0 1
2014   2 28  7 13 39 436494  -20.71678  -47.24963     3297  15.9  0  0  5  9 0 0 1 1 1 0 0 1 0 0 1 0 0 0
2014   2 28  7 13 39 658037   -0.18278    6.84309    35925  16.4  0  0  5 10 0 0 1 1 1 0 0 0 0 0 1 0 0 1
2014   2 28  7 13 40 150275  -19.66283 -141.83209    12622  26.8  0  0  5 10 0 0 1 1 0 0 0 0 0 0 1 1 0 1
2014   2 28  7 13 40 698194  -33.85334   16.68870    18937  26.2  0  0  5 10 0 0 1 1 1 0 0 0 0 0 1 0 0 1
2014   2 28  7 13 42 397939  -16.40976  -51.85702     3138  53.1  1  0  7 21 0 0 1 1 1 0 0 1 0 0 1 1 0 1
2014   2 28  7 13 42 927557  -16.44406  -51.90446     3166  54.7  1  0  7 19 0 0 0 1 1 0 0 1 0 1 1 1 0 1
2014   2 28  7 13 44 349039   -6.03392  -74.49116     4982  23.3  1  0  4  6 0 0 1 0 0 0 0 0 0 0 1 1 0 1
2014   2 28  7 13 44 613242   -4.58289  -71.86658     4127  57.0  1  0  6 15 0 0 1 1 0 0 0 1 0 0 0 1 1 1
2014   2 28  7 13 44 680912   -6.06163  -74.78544     4363  68.2  1  0  7 21 0 0 1 1 1 0 0 1 0 0 1 1 0 1
2014   2 28  7 13 44 711800   -4.65001  -72.01955     5871  64.2  2  0  6 15 0 0 0 1 1 0 0 1 0 0 1 1 0 1
2014   2 28  7 13 44 738176   -4.53335  -71.95513     4012  25.6  0  0  5  8 0 0 1 1 0 0 0 1 0 0 1 1 0 0
2014   2 28  7 13 44 759285   -4.64114  -71.60693     4345  66.1  1  0  7 21 0 0 1 0 1 0 0 1 0 1 1 1 0 1
2014   2 28  7 13 45 290780   -4.62009  -71.80115     4785  87.6  2  0  7 21 0 0 1 1 1 0 0 1 0 1 1 1 0 0
2014   2 28  7 13 45 350715  -22.26115 -141.94208    15392  59.4  1  0  6 15 0 0 1 1 0 0 0 1 0 0 1 1 0 1
2014   2 28  7 13 45 462356  -12.33662  -71.40096     4247  73.8  2  0  7 21 0 0 1 0 1 0 0 1 0 1 1 1 0 1
2014   2 28  7 13 45 469626  -12.32424  -71.62508     4322  78.3  2  0  7 21 0 0 1 1 1 0 0 1 0 0 1 1 0 1
2014   2 28  7 13 45 802829  -12.24601  -71.50089     5101  89.7  2  0  7 18 0 0 1 1 0 0 0 1 0 1 1 1 0 1
2014   2 28  7 13 46  23118    4.19302  154.49686    23630  81.5  2  0  6 15 0 0 1 1 0 0 0 1 0 1 1 0 0 1
2014   2 28  7 13 46  74535    5.02985  152.42780     6092  15.4  0  0  5 10 0 0 1 1 0 0 0 1 0 0 1 1 0 0
2014   2 28  7 13 46 334476  -25.15524  -45.01697     4126  41.0  1  0  5 10 0 0 1 1 1 0 0 1 0 0 1 0 0 0
2014   2 28  7 13 46 501633  -25.12869  -44.97707     4092  55.9  1  0  6 14 0 0 1 1 1 0 0 1 0 0 1 0 0 1
2014   2 28  7 13 46 806553  -13.18560  -71.11380     4407  81.3  2  0  7 21 0 0 1 0 1 0 0 1 0 1 1 1 0 1
2014   2 28  7 13 47  32051  -24.40877  -45.59164     3821  37.7  1  0  5 10 0 0 1 1 1 0 0 1 0 0 1 0 0 0
2014   2 28  7 13 47 214798  -21.10872  -46.94459     4752 103.8  2  0  6 14 0 0 0 1 1 0 0 0 0 1 1 1 0 1
2014   2 28  7 13 47 736025  -21.11943  -46.93490     4187 113.5  2  0  7 20 0 0 1 1 1 0 0 0 0 1 1 1 0 1
2014   2 28  7 13 48 304087  -21.41660 -142.90079    20775  84.9  2  0  6 15 0 0 1 1 1 0 0 1 0 0 1 1 0 0
2014   2 28  7 13 48 360205  -21.65042 -141.57304    19973  71.8  2  0  6 15 0 0 1 0 1 0 0 1 0 0 1 1 0 1
2014   2 28  7 13 48 968980    5.71947  -82.71653     7401  91.9  2  0  7 21 0 0 1 0 1 0 0 1 0 1 1 1 0 1
2014   2 28  7 13 49 733474  -22.55765  -45.67499     4607 130.2  2  0  7 21 0 0 1 1 1 0 0 1 0 0 1 1 0 1
2014   2 28  7 13 49 827400  -22.57405  -45.73646     4721 134.3  2  0  7 18 0 0 1 1 0 0 0 1 0 1 1 1 0 1
2014   2 28  7 13 49 956003  -22.50015  -45.75354     5188 144.9  2  0  7 19 0 0 1 1 0 0 0 1 0 1 1 1 0 1
2014   2 28  7 13 50  23346  -22.38956  -46.14211     4011  85.2  2  0  7 19 0 0 1 1 1 0 0 1 0 1 1 1 0 0
2014   2 28  7 13 50 670833    7.16985  150.18495    14313 108.6  2  0  7 21 0 0 1 1 0 0 0 1 0 1 1 1 0 1
2014   2 28  7 13 51 166646  -30.09052  -42.55927     3583  53.0  1  0  7 17 0 0 1 1 1 0 0 1 0 1 0 1 0 1
2014   2 28  7 13 51 175498  -30.16698  -42.09819     7082  91.7  2  0  6 15 0 0 1 1 1 0 0 1 0 0 1 0 0 1
2014   2 28  7 13 51 185128  -30.17102  -42.08889     7072  91.4  2  0  6 15 0 0 1 1 1 0 0 1 0 0 1 0 0 1
2014   2 28  7 13 51 652140   -5.04097  -48.35059     9891 117.5  2  0  6 14 0 0 1 0 1 0 0 1 0 0 1 1 0 1
2014   2 28  7 13 53 204597  -22.07502  -45.80482     2690  12.7  0  0  5 10 0 0 1 1 1 0 0 1 0 0 0 0 0 1
2014   2 28  7 13 53 498325  -21.21127  -46.85507     2761  12.2  0  0  5  9 0 0 1 1 1 0 0 1 0 0 0 0 0 1
2014   2 28  7 13 53 535958  -21.21099  -46.85459     2763  12.1  0  0  5  9 0 0 1 1 1 0 0 1 0 0 0 0 0 1
2014   2 28  7 13 56 956669    7.26240  -74.87203     9820  56.5  1  0  6 11 0 0 1 1 0 0 0 1 0 1 0 1 1 0
2014   2 28  7 13 57 433544  -19.65064 -142.00723    13376  51.6  1  0  6 15 0 0 1 1 1 0 0 1 0 0 0 1 0 1
2014   2 28  7 13 58  94356  -14.53145  -43.94968     2962  37.1  0  0  6 13 0 0 1 1 1 0 0 1 0 0 0 1 0 1
2014   2 28  7 13 58 199549   -5.37196  -72.62041     4469  60.6  2  0  6 15 0 0 1 1 1 0 0 1 0 0 0 1 0 1
2014   2 28  7 13 59  27022  -19.56919 -142.23631    16041  64.6  2  0  6 15 0 0 1 1 1 0 0 1 0 0 0 1 0 1
2014   2 28  7 14  0 938038  -18.23496  171.81303    27810   6.5  0  0  4  6 0 0 1 1 0 0 0 0 0 0 0 1 0 1
2014   2 28  7 14  1 761589  -21.16885  -46.75630     3541  84.3  2  0  7 20 0 0 1 1 1 0 0 1 0 1 0 1 0 1
2014   2 28  7 14  4 353541    2.87892  -85.00627     8445 113.7  2  0  7 19 0 0 1 1 1 0 0 1 0 0 0 1 1 1
2014   2 28  7 14  6 665123  -25.16271  -45.32726     4478  72.4  2  0  6 15 0 0 1 1 1 0 0 1 0 0 0 1 0 1
2014   2 28  7 14  6 688044  -25.22585  -45.20475     6477  43.6  1  0  5  7 0 0 1 0 1 0 0 1 0 1 0 0 1 0
2014   2 28  7 14  7 167277  -25.18979  -45.34014     3853  60.1  2  0  6 13 0 0 1 1 1 0 0 1 0 1 0 1 0 0
2014   2 28  7 14  7 810257  -30.07061  -42.57825     5963  35.8  1  0  5 10 0 0 1 0 1 0 0 1 0 1 0 0 0 1
2014   2 28  7 14  8 263243  -25.16872  -44.36565     3942  77.0  2  0  7 21 0 0 1 1 1 0 0 1 0 1 0 0 1 1
2014   2 28  7 14  8 563007  -25.17310  -44.54593     3242  19.2  0  0  5  9 0 0 1 1 1 0 0 1 0 1 0 0 0 0
2014   2 28  7 14  8 719514  -27.76764 -133.17874     8864   3.2  0  0  6 15 0 0 1 1 1 0 0 1 0 1 0 0 0 1
2014   2 28  7 14  8 763222  -27.76754 -133.12262    11696   0.5  0  0  5 10 0 0 1 1 1 0 0 1 0 0 0 0 0 1
2014   2 28  7 14 10 143872  -20.20659 -140.58525    21197  12.1  0  0  4  6 0 0 1 1 1 0 0 1 0 0 0 0 0 0
2014   2 28  7 14 11    425   -0.15524  149.89719     3241   9.0  0  0  4  6 0 0 0 1 1 0 0 1 1 0 0 0 0 0
2014   2 28  7 14 12 259788  -30.08959  -41.93948    10368  18.6  0  0  4  6 0 0 0 1 0 0 0 1 0 1 0 0 0 1
2014   2 28  7 14 12 399026  -30.07066  -41.89857     3528  17.1  0  0  5 10 0 0 1 1 1 0 0 1 0 0 0 0 0 1
2014   2 28  7 14 12 652515  -21.16546  -49.45094     3251  24.3  0  0  5  8 0 0 1 1 0 0 0 1 0 1 0 0 0 1
2014   2 28  7 14 13 418830  -12.93554  -71.45095     5705  40.7  1  0  5 10 0 0 1 1 1 0 0 1 0 0 0 0 0 1
2014   2 28  7 14 13 573355  -21.23969  -47.13873     2753  12.6  0  0  5  8 0 0 0 1 1 0 0 1 0 1 0 0 0 1
2014   2 28  7 14 13 650850  -21.20862  -47.01382     3019  25.6  0  0  6 13 0 0 1 1 1 0 0 1 0 0 0 0 1 1
2014   2 28  7 14 15 685345  -14.52401  -43.73123     2860  27.5  0  0  7 16 0 0 1 1 1 0 0 1 1 1 0 0 0 1
2014   2 28  7 14 16 520228    6.21539  -73.18398     7853  55.8  1  0  7 21 0 0 1 1 1 0 0 1 0 1 0 0 1 1
2014   2 28  7 14 17 359276    4.13959  -71.91394     9013   0.8  0  0  4  6 0 0 1 1 0 0 0 0 0 1 0 0 0 1
2014   2 28  7 14 17 684119   21.09910  -83.88653    28302  61.0  2  0  5 10 0 0 1 1 1 0 0 1 0 0 0 0 0 1
2014   2 28  7 14 19  26925    2.32610  -84.75025    14203  84.7  2  0  6 15 0 0 1 1 1 0 0 1 0 1 0 0 0 1
2014   2 28  7 14 21  50376  -16.55424  -51.92790     4455  88.5  2  0  6 15 0 0 1 1 1 0 0 1 0 1 0 0 0 1
2014   2 28  7 14 21 302585  -30.13253  -42.47080     3984  25.7  0  0  5 10 0 0 1 1 1 0 0 1 0 0 0 0 0 1
2014   2 28  7 14 22 808415  -21.50280  -46.40916     4317  95.3  2  0  6 15 0 0 1 1 1 0 0 1 0 1 0 0 0 1
2014   2 28  7 14 23 667060   14.54241  -86.87714    16451  64.6  2  0  6 15 0 0 0 1 1 0 0 1 1 1 0 0 0 1
2014   2 28  7 14 23 772575    1.63845  -70.87899     6061   3.2  0  0  5 10 0 0 1 1 1 0 0 0 0 1 0 0 0 1
