2014   2 28  5 49 36 413975  -33.70640  -39.00675     3640   3.7  0  0  4  6 0 0 1 1 0 0 0 0 0 0 1 0 0 1
2014   2 28  5 49 36 451545  -33.71678  -38.99953     3237   4.0  0  0  5  8 0 0 1 1 0 0 0 0 0 1 1 0 0 1
2014   2 28  5 49 36 479184  -33.70767  -39.01828     3692   4.7  0  0  4  6 0 0 1 1 0 0 0 0 0 0 1 0 0 1
2014   2 28  5 49 36 500857  -33.71422  -39.03642     3733   5.4  0  0  4  6 0 0 1 1 0 0 0 0 0 0 1 0 0 1
2014   2 28  5 49 38 233685    1.78180  -84.14249     4153  15.8  0  0  5 10 0 0 1 1 0 0 0 0 0 0 1 1 0 1
2014   2 28  5 49 38 328221   -4.43707  -64.12818     2939  19.7  0  0  6 15 0 0 1 1 0 0 0 0 0 1 1 1 0 1
2014   2 28  5 49 38 339521   -4.41544  -64.11311     3036  14.9  0  0  5 10 0 0 1 1 0 0 0 0 0 0 1 1 0 1
2014   2 28  5 49 38 405271   -4.43527  -64.17596     3111  16.4  0  0  5 10 0 0 1 1 0 0 0 0 0 0 1 1 0 1
2014   2 28  5 49 38 581751  -22.01824 -140.46062    11847  13.3  0  0  4  6 0 0 1 0 0 0 0 0 0 1 1 1 0 0
2014   2 28  5 49 38 612659  -21.98533 -140.79872     8422  22.8  0  0  6 15 0 0 1 1 0 0 0 0 0 1 1 1 0 1
2014   2 28  5 49 38 614301   -6.30348  -74.93370     5737   1.6  0  0  4  6 0 0 0 1 0 0 0 0 0 1 0 1 0 1
2014   2 28  5 49 38 697670   -6.18616  -74.50351     6055  21.0  1  0  4  6 0 0 0 1 0 0 0 0 0 0 1 1 0 1
2014   2 28  5 49 38 780922   -6.51266  -74.07504     9896  15.7  0  0  4  6 0 0 1 1 0 0 0 0 0 0 1 0 0 1
2014   2 28  5 49 38 811950   -6.18274  -74.50574     6162  21.7  1  0  4  6 0 0 0 1 0 0 0 0 0 0 1 1 0 1
2014   2 28  5 49 39 310435   -6.16716  -74.36113     4661  40.7  1  0  5 10 0 0 1 1 0 0 0 0 0 1 0 1 0 1
2014   2 28  5 49 39 557045  -14.08141  159.86008    17718  21.1  1  0  4  6 0 0 0 1 0 0 0 0 0 1 0 1 0 1
2014   2 28  5 49 39 582938  -14.28570  160.52188    48962  14.8  0  0  4  6 0 0 1 1 0 0 0 0 0 0 1 1 0 0
2014   2 28  5 49 39 609159  -15.99363  164.44559    82497  26.7  1  0  4  6 0 0 1 1 0 0 0 0 0 0 0 1 0 1
2014   2 28  5 49 39 646413  -14.31068  160.61436    49389  15.2  0  0  4  6 0 0 1 1 0 0 0 0 0 0 1 1 0 0
2014   2 28  5 49 39 683970  -13.17745  157.82144    54826  24.5  1  0  4  6 0 0 0 1 0 0 0 0 0 0 1 1 0 1
2014   2 28  5 49 41 210507   -3.85694  -69.70689    26804  21.7  1  0  4  6 0 0 0 1 0 0 0 0 0 1 1 0 0 1
2014   2 28  5 49 41 404907    2.56321  -68.11409     3415  34.8  0  0  6 15 0 0 1 1 0 0 0 0 0 0 1 1 1 1
2014   2 28  5 49 41 438458    2.50115  -68.36319     7629  51.5  2  0  5 10 0 0 0 1 0 0 0 0 0 1 1 1 0 1
2014   2 28  5 49 41 481689    2.50203  -68.38651     7583  51.3  2  0  5 10 0 0 0 1 0 0 0 0 0 1 1 1 0 1
2014   2 28  5 49 42 558279  -22.21219  -47.84739     3209  14.3  0  0  4  6 0 0 1 1 0 0 0 0 0 1 1 0 0 0
2014   2 28  5 49 44 183218  -20.88044  -51.07570     3000  19.4  0  0  5  9 0 0 0 1 0 0 0 0 0 1 1 1 1 0
2014   2 28  5 49 44 209904   -7.46309  -73.28983    18974  65.9  2  0  5 10 0 0 1 1 0 0 0 0 0 1 1 0 0 1
2014   2 28  5 49 45 363060  -20.34706  -47.44034     4601  90.1  2  0  6 12 0 0 1 1 0 0 0 0 0 1 1 1 0 1
2014   2 28  5 49 48 908747  -21.62477  -46.47123     3821  38.6  1  0  5  9 0 0 1 1 0 0 0 0 0 1 1 1 0 0
2014   2 28  5 49 52   6034  -20.44196  -47.21989     2660  11.3  0  0  5 10 0 0 0 1 1 0 0 1 0 0 1 0 0 1
2014   2 28  5 49 52 191764  -20.55179  -49.19483     4458  62.0  2  0  6 12 0 0 1 1 1 0 0 1 0 0 1 0 0 1
2014   2 28  5 49 52 484129  -24.45281  -45.56245     4613  20.8  1  0  4  6 0 0 1 1 0 0 0 1 0 0 0 0 0 1
2014   2 28  5 49 52 803942  -24.38128  -45.67153     3445  25.9  0  0  5 10 0 0 0 1 1 0 0 1 0 0 1 0 0 1
2014   2 28  5 49 52 833282  -24.39054  -45.69112     3771  26.2  0  0  5  8 0 0 0 1 1 0 0 1 0 0 1 0 0 1
2014   2 28  5 49 53 481233  -20.71868  -46.90152     2841   9.2  0  0  5 10 0 0 1 1 1 0 0 0 0 0 1 0 0 1
2014   2 28  5 49 53 671294  -20.68980  -46.92879     2586  16.9  0  0  6 15 0 0 1 1 1 0 0 1 0 0 1 0 0 1
2014   2 28  5 49 53 699878  -20.68223  -46.92154     2795  19.3  0  0  6 13 0 0 1 1 1 0 0 1 0 0 1 0 0 1
2014   2 28  5 49 54 114130    6.77567  -73.11862    15501  22.5  0  0  5  9 0 0 0 1 1 0 0 1 0 0 1 0 0 1
2014   2 28  5 49 54 229959  -20.77319  -48.84553     2935   8.4  0  0  5  9 0 0 1 1 1 0 0 0 0 0 1 0 0 1
2014   2 28  5 49 54 909148  -33.77464  -39.14027     8037  31.0  1  0  5  7 0 0 1 1 0 0 0 1 0 0 1 0 0 1
2014   2 28  5 49 55  49936    0.67252    1.69486    10617  35.5  0  0  7 17 0 0 1 1 1 0 0 1 0 0 1 1 0 1
2014   2 28  5 49 55 934802  -14.31802  160.97594     9255  30.2  0  0  6 15 0 0 1 1 0 0 0 1 0 1 1 1 0 0
2014   2 28  5 49 56 295827  -26.15454 -134.65051     9199  41.6  0  0  7 21 0 0 1 1 1 0 0 1 0 0 1 1 0 1
2014   2 28  5 49 56 303115  -26.11263 -134.85312    10299  36.7  0  0  6 15 0 0 1 1 1 0 0 1 0 0 1 1 0 0
2014   2 28  5 49 56 326173  -26.00734 -135.27510    14636  10.0  0  0  4  6 0 0 0 1 0 0 0 1 0 0 1 1 0 0
2014   2 28  5 49 56 338898  -29.05230 -127.47290   114980  41.1  1  0  5 10 0 0 1 1 1 0 0 0 0 0 1 0 0 1
2014   2 28  5 49 56 739910  -20.72050  -47.10526     4461  67.9  2  0  6 13 0 0 0 1 1 0 0 1 0 0 1 1 0 1
2014   2 28  5 49 56 782610  -12.21485  -73.43950     5505  51.2  1  0  6 15 0 0 0 1 1 0 0 1 0 0 1 1 0 1
2014   2 28  5 49 56 851379  -12.14328  -73.24255     3809  53.4  1  0  7 19 0 0 1 1 0 0 0 1 0 1 1 1 0 1
2014   2 28  5 49 56 943105  -23.52239  -45.86045     4834  53.9  2  0  5 10 0 0 1 1 1 0 0 0 0 0 1 0 0 1
2014   2 28  5 49 57 222744  -13.48859  -71.95592     6027  12.9  0  0  5 10 0 0 1 1 1 0 0 0 0 1 0 0 0 1
2014   2 28  5 49 57 481939   -6.00883  -74.30714     3860  50.6  1  0  7 21 0 0 1 0 1 0 0 1 0 1 1 1 0 1
2014   2 28  5 49 57 494119   -5.99543  -74.46436     4164  63.6  1  0  7 21 0 0 1 1 1 0 0 1 0 1 1 1 0 0
2014   2 28  5 49 57 988339   -5.78766  -43.76273     3222  59.8  1  0  7 20 0 0 1 1 0 0 0 1 0 0 1 1 1 1
2014   2 28  5 49 58  65847   -6.34175  -74.03186    16453  66.2  2  0  6 15 0 0 0 1 1 0 0 1 0 1 1 0 0 1
2014   2 28  5 49 58 228359    7.48356  -74.67645     4882   2.6  0  0  5  8 0 0 0 0 1 0 0 1 0 1 0 1 0 1
2014   2 28  5 49 58 390400    7.50037  -74.09849     4630  59.3  1  0  7 21 0 0 1 1 1 0 0 1 0 0 1 1 0 1
2014   2 28  5 49 58 465830  -16.44297  -50.72599     3943  23.2  0  0  5 10 0 0 1 1 1 0 0 0 0 0 1 0 0 1
2014   2 28  5 49 58 486409    1.24582    0.33734     9197  34.2  0  0  6 15 0 0 1 0 1 0 0 1 0 0 1 1 0 1
2014   2 28  5 49 58 533106  -16.05121  -50.78637     3189  20.4  0  0  5 10 0 0 1 0 1 0 0 1 0 0 1 0 0 1
2014   2 28  5 49 58 756982    6.00379  -77.06579     5967  73.4  2  0  7 20 0 0 1 1 1 0 0 1 0 1 0 1 0 1
2014   2 28  5 49 59 280242  -20.74926  -49.33766     3502  74.1  2  0  7 20 0 0 1 1 1 0 0 1 0 1 1 1 0 0
2014   2 28  5 49 59 312623  -20.67491  -49.41909     2763  37.5  0  0  7 20 0 0 1 1 0 0 0 1 0 1 1 1 0 1
2014   2 28  5 49 59 353547   -5.54029  -74.57790     6036  82.3  2  0  6 15 0 0 1 1 0 0 0 0 0 1 1 1 0 1
2014   2 28  5 49 59 704889   -5.90139  -74.33412    23605  75.6  2  0  5 10 0 0 0 1 1 0 0 1 0 0 1 0 0 1
2014   2 28  5 49 59 818654    2.80230  -84.32678     7976  60.0  2  0  6 12 0 0 1 0 1 0 0 1 0 0 1 1 0 1
2014   2 28  5 50  0 262215  -33.63890  -39.04647     8597  54.5  2  0  5 10 0 0 1 0 1 0 0 1 0 0 1 0 0 1
2014   2 28  5 50  0 307134    1.08815    3.06329    34394  76.4  2  0  6 13 0 0 1 1 1 0 0 1 0 0 1 0 0 1
2014   2 28  5 50  0 404924  -33.56343  -39.53253     6516  66.3  2  0  6 15 0 0 1 1 1 0 0 1 0 0 1 0 0 1
2014   2 28  5 50  0 417027  -33.52910  -39.56994     6141  67.4  2  0  6 15 0 0 1 1 0 0 0 1 0 1 1 0 0 1
2014   2 28  5 50  0 619688    6.44553  -77.94798     5724  76.4  2  0  7 21 0 0 1 1 1 0 0 1 0 0 1 1 0 1
2014   2 28  5 50  0 675904    6.32345  -77.64330     9611  78.4  2  0  6 13 0 0 1 0 1 0 0 1 0 1 1 1 0 0
2014   2 28  5 50  0 694330    6.49577  -78.01108     6912  74.4  2  0  6 14 0 0 1 1 1 0 0 1 0 0 1 1 0 0
2014   2 28  5 50  0 793518  -33.73983  -39.21382     6651  36.2  1  0  4  6 0 0 1 1 0 0 0 1 0 0 1 0 0 0
2014   2 28  5 50  0 888241  -33.48715  -39.63590     5181  68.1  1  0  7 21 0 0 1 1 1 0 0 1 0 1 1 0 0 1
2014   2 28  5 50  1 282713   35.98904 -171.39432    20439  42.4  1  0  5 10 0 0 1 1 0 0 0 1 0 0 1 1 0 0
2014   2 28  5 50  2  36925   -8.83683  -76.79849     5147  38.0  1  0  5  8 0 0 1 1 0 0 0 1 0 0 1 1 0 0
2014   2 28  5 50  2  51316  -20.69895  -46.74730     4246  37.2  1  0  5  9 0 0 1 0 1 0 0 1 0 0 1 0 0 1
2014   2 28  5 50  2 804493  -21.83825  -45.89780     4739  97.4  2  0  6 14 0 0 1 0 0 0 0 1 0 1 1 1 0 1
2014   2 28  5 50  3  40909  -22.02626  -46.00394     4403  87.3  2  0  6 15 0 0 1 1 1 0 0 1 0 0 0 1 0 1
2014   2 28  5 50  3 468137  -12.10388  -72.92898     4818  89.6  2  0  7 21 0 0 1 0 1 0 0 1 0 1 1 1 0 1
2014   2 28  5 50  3 705973  -11.92537  -73.71884     5857  91.8  2  0  6 15 0 0 1 1 0 0 0 1 0 0 1 1 0 1
2014   2 28  5 50  4  42586  -21.09002  -48.74105     3757  18.6  0  0  5  7 0 0 1 1 1 0 0 0 0 0 1 0 0 1
2014   2 28  5 50  4 133022   -5.90466    7.81386    25209  76.3  2  0  6 12 0 0 1 0 1 0 0 1 0 0 1 1 0 1
2014   2 28  5 50  4 298772  -20.63990  -47.19698     4397 128.1  2  0  7 21 0 0 1 1 1 0 0 0 0 1 1 1 0 1
2014   2 28  5 50  4 453690   -6.03683  -74.59600     6385 129.6  2  0  7 21 0 0 1 1 1 0 0 1 0 1 1 1 0 0
2014   2 28  5 50  4 484354   -6.08019  -75.00891     9620 110.9  2  0  6 15 0 0 0 1 1 0 0 1 0 0 1 1 0 1
2014   2 28  5 50  4 497121   -6.00732  -74.62408     6429 113.0  2  0  7 20 0 0 1 1 1 0 0 1 0 0 1 1 0 1
2014   2 28  5 50  5 544425    6.14744  -72.99500    17775 106.0  2  0  6 14 0 0 1 1 1 0 0 0 0 0 1 0 1 1
2014   2 28  5 50  5 605544  -20.75624  -49.00543     4711  99.7  2  0  6 15 0 0 1 1 1 0 0 1 0 0 1 0 0 1
2014   2 28  5 50  6 121763    7.56367  -73.67416     8936 107.4  2  0  7 19 0 0 1 0 1 0 0 1 0 1 1 1 0 1
2014   2 28  5 50  6 465231   -6.51780  -76.27995    12282  91.6  2  0  6 15 0 0 0 1 1 0 0 1 0 1 0 1 0 1
2014   2 28  5 50  6 591813    6.94153  -79.20293    15413  83.4  2  0  6 15 0 0 0 1 1 0 0 1 0 1 0 1 0 1
2014   2 28  5 50  7 154283  -28.41364  -43.18580     5801  92.5  2  0  6 15 0 0 1 1 1 0 0 1 0 1 1 0 0 0
2014   2 28  5 50  7 210432  -28.38082  -43.19959     4980  90.4  2  0  7 21 0 0 1 1 1 0 0 1 0 1 1 0 0 1
2014   2 28  5 50  7 281515  -28.42743  -43.39039     3417  42.7  0  0  7 16 0 0 1 1 1 0 0 1 0 1 0 1 0 1
2014   2 28  5 50  7 600756  -20.80714  -47.15857     4450 133.0  2  0  7 21 0 0 1 1 1 0 0 1 0 1 1 0 0 1
2014   2 28  5 50  8  70256   30.10736 -129.58052    11766  18.1  0  0  5 10 0 0 1 1 0 0 0 1 0 0 1 1 0 0
2014   2 28  5 50  8 172036  -20.70187  -46.97723     2389   6.1  0  0  6 15 0 0 1 1 1 0 0 1 0 0 1 0 0 1
2014   2 28  5 50  8 283831  -20.36565  -47.25114     2375   4.6  0  0  6 15 0 0 1 1 1 0 0 1 0 0 1 0 0 1
2014   2 28  5 50  9  72083    5.33062  -73.32621     4313  13.8  0  0  6 12 0 0 0 1 1 0 0 1 0 0 1 1 0 1
2014   2 28  5 50  9 529979  -22.07531  -45.89418     2604  20.7  0  0  6 15 0 0 1 1 0 0 0 1 0 1 1 0 0 1
2014   2 28  5 50  9 571647  -20.59721  -49.09337     3102  10.6  0  0  5  7 0 0 1 1 1 0 0 1 0 0 1 0 0 0
2014   2 28  5 50  9 590935  -20.63748  -49.05036     3232   2.6  0  0  5  7 0 0 1 1 1 0 0 0 0 0 1 0 0 1
2014   2 28  5 50  9 675266  -22.10834  -45.85867     2493  13.6  0  0  6 14 0 0 1 1 1 0 0 1 0 0 1 0 0 1
2014   2 28  5 50 10  76351  -30.18120  -42.57748     6216   8.8  0  0  5  9 0 0 0 1 1 0 0 1 0 1 0 0 0 1
2014   2 28  5 50 10 115345  -30.02767  -42.57076     2947  14.4  0  0  6 15 0 0 1 1 1 0 0 1 0 0 1 0 0 1
2014   2 28  5 50 10 498006  -20.84195  -46.93701     2728  11.7  0  0  5 10 0 0 1 0 1 0 0 1 0 0 1 0 0 1
2014   2 28  5 50 10 505695  -14.96245  160.60994   126053  32.0  1  0  5 10 0 0 1 1 0 0 0 1 0 0 1 0 0 1
2014   2 28  5 50 10 602806    2.36201  152.45274    15416  23.8  0  0  5  8 0 0 1 1 1 0 0 0 1 0 0 0 0 1
2014   2 28  5 50 10 681641  -13.90020  159.39720    10303  33.7  1  0  5 10 0 0 1 1 1 0 0 1 0 0 0 1 0 0
2014   2 28  5 50 10 780515  -14.28515  160.78241     7751  28.1  0  0  6 15 0 0 1 1 0 0 0 1 0 0 1 1 0 1
2014   2 28  5 50 11  11475    6.26000  -77.82902    15005  22.3  0  0  5 10 0 0 0 1 1 0 0 1 0 0 1 0 0 1
2014   2 28  5 50 11 518565   -5.71848  -74.56124     4157  22.7  0  0  5 10 0 0 0 1 0 0 0 1 0 0 1 1 0 1
2014   2 28  5 50 11 609553    2.93083  -84.46998     4000  34.1  0  0  7 21 0 0 1 1 1 0 0 1 0 0 1 1 0 1
2014   2 28  5 50 11 815658  -33.62235  -39.21418     3895  26.3  0  0  6 15 0 0 1 1 1 0 0 1 0 0 1 0 0 1
2014   2 28  5 50 11 855644  -20.72409  -46.61557     2967  12.7  0  0  5 10 0 0 1 1 1 0 0 0 0 0 1 0 0 1
2014   2 28  5 50 11 886765  -33.57034  -39.42701     3613  10.3  0  0  5 10 0 0 1 1 1 0 0 1 0 0 0 0 0 1
2014   2 28  5 50 12 175298    7.45334  -74.31990     8376  35.8  1  0  5  7 0 0 0 1 1 0 0 1 0 0 1 1 0 0
2014   2 28  5 50 12 497998  -24.74164  -44.99342     3455  31.2  0  0  6 13 0 0 1 1 1 0 0 1 0 0 1 1 0 0
2014   2 28  5 50 13 240555  -33.69873  -39.22305     4409  14.3  0  0  4  6 0 0 1 1 0 0 0 1 0 0 1 0 0 0
2014   2 28  5 50 13 661273  -33.52782  -39.63852     4632  11.3  0  0  4  6 0 0 1 1 1 0 0 1 0 0 0 0 0 0
2014   2 28  5 50 13 668790  -33.61312  -39.31529     4658  38.0  0  0  6 15 0 0 1 1 1 0 0 1 0 0 1 0 0 1
2014   2 28  5 50 13 680099  -33.60034  -39.33531     4694  38.6  0  0  6 15 0 0 1 1 1 0 0 1 0 0 1 0 0 1
2014   2 28  5 50 13 993215  -20.83436  -47.17453     3680  41.7  1  0  6 13 0 0 1 1 1 0 0 1 0 0 1 0 0 1
2014   2 28  5 50 14  83334  -20.79489  -47.30098     3127  45.7  1  0  6 15 0 0 1 1 1 0 0 1 0 1 0 0 0 1
2014   2 28  5 50 14 489457  -33.62378  -39.40874     5002  43.1  1  0  6 15 0 0 1 1 1 0 0 1 0 0 1 0 0 1
2014   2 28  5 50 14 565805  -33.62379  -39.40992     5021  43.4  1  0  6 15 0 0 1 1 1 0 0 1 0 0 1 0 0 1
2014   2 28  5 50 15 593386  -24.91380 -137.93816    23599  57.4  1  0  6 15 0 0 0 1 1 0 0 1 0 0 1 1 0 1
2014   2 28  5 50 15 602077  -24.93878 -135.58398    20020  66.3  2  0  6 14 0 0 1 1 1 0 0 0 0 0 1 1 0 1
2014   2 28  5 50 15 627209  -30.27962 -122.84557   132513  52.0  2  0  5 10 0 0 1 1 1 0 0 0 0 0 1 0 0 1
2014   2 28  5 50 15 766804  -24.94295 -135.97389    13223  63.0  1  0  7 20 0 0 1 1 1 0 0 1 0 0 1 1 0 1
2014   2 28  5 50 15 890286   -6.05605  -74.85139     6251  73.5  2  0  7 21 0 0 0 1 1 0 0 1 0 1 1 1 0 1
2014   2 28  5 50 15 993750   -5.90639  -74.93752     7514  79.5  2  0  6 15 0 0 0 1 1 0 0 1 0 1 1 1 0 0
2014   2 28  5 50 16 162735   -5.99732  -74.29014     4345  63.1  1  0  7 21 0 0 1 0 1 0 0 1 0 1 1 1 0 1
2014   2 28  5 50 16 275563  -28.58799  -42.76815     5207  48.0  1  0  5 10 0 0 1 1 1 0 0 0 0 0 1 0 0 1
2014   2 28  5 50 16 289394  -28.48683  -43.17617     5491  40.4  1  0  5  9 0 0 1 1 0 0 0 1 0 0 0 1 0 1
2014   2 28  5 50 16 300011  -28.59263  -42.77495     4275  43.8  1  0  6 15 0 0 1 1 1 0 0 1 0 0 1 0 0 1
2014   2 28  5 50 16 522940  -12.00458  -73.24934     6889  73.7  2  0  6 15 0 0 0 1 1 0 0 1 0 0 1 1 0 1
2014   2 28  5 50 17 116724  -23.66008  -46.01324     3144  21.1  0  0  5 10 0 0 1 1 1 0 0 1 0 0 1 0 0 0
2014   2 28  5 50 17 134310    7.20088  -74.27685     6512  94.0  2  0  7 20 0 0 1 1 1 0 0 1 0 0 1 1 0 1
2014   2 28  5 50 17 192798  -20.80056  -46.98807     3807  62.2  2  0  6 15 0 0 1 1 1 0 0 1 0 0 1 0 0 1
2014   2 28  5 50 17 742486  -24.04362  -45.94111     3039   7.0  0  0  4  6 0 0 1 1 1 0 0 1 0 0 0 0 0 0
2014   2 28  5 50 17 765492  -21.82479  -46.36316     3840  66.0  2  0  6 15 0 0 1 1 1 0 0 1 0 0 1 0 0 1
2014   2 28  5 50 21 448819   -8.11317    4.20560    30748  65.5  2  0  5  7 0 0 1 0 1 0 0 1 0 0 1 0 0 1
2014   2 28  5 50 22 426606  -12.37201  169.57832    60837 117.8  2  0  6 15 0 0 1 1 1 0 0 0 0 0 1 1 0 1
2014   2 28  5 50 22 864746    4.46099  -83.30605    11480 148.5  2  0  7 16 0 0 1 1 1 0 0 1 0 0 1 1 1 0
2014   2 28  5 50 22 901173  -29.21000 -134.18504    22167 108.2  2  0  7 21 0 0 1 0 1 0 0 1 0 1 1 1 0 1
2014   2 28  5 50 22 951490  -16.03741  -51.63484     5116 130.0  2  0  7 17 0 0 1 1 1 0 0 1 0 1 0 1 1 0
2014   2 28  5 50 23  89490  -16.02116  -51.58664     4374 124.3  2  0  7 21 0 0 0 1 1 0 0 1 0 1 1 1 0 1
2014   2 28  5 50 23 281776  -16.10034  -51.22656     5655 115.8  2  0  6 15 0 0 1 1 1 0 0 1 0 0 1 0 0 1
2014   2 28  5 50 23 480336  -14.02309  -42.56605     9717  44.7  1  0  5 10 0 0 1 0 1 0 0 1 0 0 1 0 0 1
2014   2 28  5 50 24 131873  -21.92994  -45.89105     2407   7.8  0  0  6 15 0 0 1 1 1 0 0 1 0 0 1 0 0 1
2014   2 28  5 50 24 477144  -21.93318  -45.90644     2393   7.4  0  0  6 15 0 0 1 1 1 0 0 1 0 0 1 0 0 1
2014   2 28  5 50 24 813321   -7.25268    5.87831    12606  19.8  0  0  5  9 0 0 1 1 0 0 0 1 0 0 1 0 0 1
2014   2 28  5 50 25 633597  -33.65210  -39.29817     3475  10.8  0  0  5 10 0 0 1 1 0 0 0 1 0 1 0 0 0 1
2014   2 28  5 50 25 679739  -13.28014  -38.90415     3221  14.3  0  0  7 21 0 0 1 1 1 0 0 1 0 0 1 1 0 1
2014   2 28  5 50 25 792858  -13.95665  159.56352    10323  32.7  1  0  5 10 0 0 1 0 1 0 0 1 0 0 0 1 0 1
2014   2 28  5 50 26  80830  -33.65821  -39.25852     2989  18.5  0  0  7 21 0 0 1 1 1 0 0 1 0 1 1 0 0 1
2014   2 28  5 50 26 427351  -20.69914  -46.96990     2570  16.6  0  0  6 15 0 0 1 1 1 0 0 1 0 0 1 0 0 1
2014   2 28  5 50 26 474855  -20.71317  -46.91482     2812  14.1  0  0  5 10 0 0 1 0 1 0 0 1 0 0 1 0 0 1
2014   2 28  5 50 26 548240  -20.66785  -47.04827     2629  33.0  0  0  7 20 0 0 0 1 1 0 0 1 0 1 1 1 0 1
2014   2 28  5 50 26 599752  -20.63460  -47.04403     2623  31.3  0  0  7 21 0 0 1 1 1 0 0 0 0 1 1 1 0 1
2014   2 28  5 50 26 702878  -20.68369  -47.01553     3162  12.6  0  0  5  8 0 0 1 1 0 0 0 1 0 0 1 0 0 1
2014   2 28  5 50 26 981509  -13.08383  156.77652     6343  33.8  0  0  7 21 0 0 1 1 1 0 0 1 0 0 1 1 0 1
2014   2 28  5 50 27  50242  -20.72780  -46.96350     2653  20.1  0  0  6 15 0 0 1 1 1 0 0 1 0 0 1 0 0 1
2014   2 28  5 50 27 121339   -6.21813  -74.59083     3861  25.0  0  0  6 15 0 0 0 1 1 0 0 1 0 0 1 1 0 1
2014   2 28  5 50 27 425950   -6.13147  -74.46880     3316  21.9  0  0  6 14 0 0 1 1 0 0 0 1 0 0 1 1 0 1
2014   2 28  5 50 27 536775   -6.15908  -74.36640     5165  47.8  1  0  5 10 0 0 1 1 1 0 0 0 0 1 0 1 0 0
2014   2 28  5 50 27 549016   -6.09989  -74.37380     4217  43.9  1  0  6 15 0 0 1 1 1 0 0 0 0 1 1 1 0 0
2014   2 28  5 50 27 593300  -20.54804  -49.09856     3051   5.1  0  0  4  6 0 0 1 1 0 0 0 1 0 0 1 0 0 0
2014   2 28  5 50 27 733560   -6.18480  -74.51149     5854  37.7  1  0  5 10 0 0 0 0 0 0 0 1 0 1 1 1 0 1
2014   2 28  5 50 27 823704  -14.05786  -43.86378     2692  31.1  0  0  7 20 0 0 1 1 1 0 0 1 0 1 1 0 0 1
2014   2 28  5 50 28 171924  -14.07000  -43.85324     2755  32.7  0  0  7 20 0 0 1 1 1 0 0 1 0 0 1 1 0 1
2014   2 28  5 50 28 236550    7.06248  -73.69357    19041  33.3  1  0  5 10 0 0 0 1 1 0 0 1 0 0 1 0 0 1
2014   2 28  5 50 28 339389  -20.41105  -47.23162     3450  33.5  1  0  5 10 0 0 0 1 1 0 0 1 0 0 1 0 0 1
2014   2 28  5 50 28 676680    6.67731  -73.30042    20330  37.0  1  0  5 10 0 0 0 1 1 0 0 1 0 0 1 0 0 1
2014   2 28  5 50 29 500723   -5.78311  -43.47660     4576  53.1  1  0  6 15 0 0 1 1 1 0 0 1 0 0 0 1 0 1
2014   2 28  5 50 29 522479   -5.86015  -43.51829     2963  23.0  0  0  5  9 0 0 1 1 0 0 0 1 0 0 0 0 1 1
2014   2 28  5 50 29 910406  -22.60085  -48.19844     3164  34.2  0  0  6 11 0 0 1 1 0 0 0 1 0 1 0 1 0 1
2014   2 28  5 50 29 920537  -22.77437  -47.84261     3079  36.7  0  0  6 14 0 0 1 1 1 0 0 1 0 0 1 0 0 1
2014   2 28  5 50 29 947555  -22.72169  -47.93754     3621  60.2  2  0  6 14 0 0 1 1 1 0 0 1 0 1 1 0 0 0
2014   2 28  5 50 30 142450  -20.45248  -49.13162     4233  26.7  0  0  5  8 0 0 1 0 0 0 0 1 0 1 1 1 0 0
2014   2 28  5 50 31 313303  -13.98232  -43.28568     5985  23.4  0  0  5  8 0 0 1 0 0 0 0 1 0 0 1 1 0 1
2014   2 28  5 50 31 327474  -14.02546  -43.62138     3480  40.8  1  0  5 10 0 0 0 1 1 0 0 1 0 0 1 0 0 1
2014   2 28  5 50 31 473730  -22.96247  -47.84543     3604  41.6  1  0  6 12 0 0 1 1 0 0 0 1 0 0 1 1 0 1
2014   2 28  5 50 33   5035  -23.50805  -46.60012     4104  21.1  1  0  4  6 0 0 1 1 0 0 0 1 0 0 1 0 0 0
2014   2 28  5 50 33 340515  -23.26791  -46.65821     4102  84.4  2  0  7 17 0 0 1 1 1 0 0 0 0 1 1 1 0 1
2014   2 28  5 50 33 649037  -20.44083  -47.22350     3851  63.6  2  0  6 15 0 0 1 1 1 0 0 1 0 0 1 0 0 1
2014   2 28  5 50 33 907324  -20.64532  -47.20940     3367  14.8  0  0  4  6 0 0 1 1 0 0 0 1 0 0 1 0 0 0
2014   2 28  5 50 34 135136  -21.03972  -46.76132     3299  21.2  0  0  5 10 0 0 1 1 1 0 0 0 0 0 1 0 0 1
2014   2 28  5 50 34 917432   -6.98450  -10.71331    71501  55.5  2  0  5  8 0 0 1 1 1 0 0 0 0 0 1 0 0 1
2014   2 28  5 50 35  18480  -20.64645  -49.50278     3083  59.6  1  0  7 21 0 0 1 1 1 0 0 1 0 1 1 1 0 0
2014   2 28  5 50 35 174445   35.95863 -102.18698    41155 113.6  2  0  6 15 0 0 1 1 1 0 0 1 0 0 0 1 0 1
2014   2 28  5 50 35 278860  -20.68559  -49.42629     5336  91.3  2  0  6 11 0 0 1 1 0 0 0 1 0 1 0 1 0 1
2014   2 28  5 50 35 348450  -20.83225  -49.32645     3705  82.8  2  0  7 21 0 0 1 1 1 0 0 1 0 1 1 0 1 0
2014   2 28  5 50 35 374710  -20.78418  -49.38317     3820  75.5  2  0  7 17 0 0 1 1 1 0 0 1 0 1 1 0 0 1
2014   2 28  5 50 35 419458  -21.05728  -49.16452     7292  38.4  1  0  5  7 0 0 1 1 1 0 0 0 0 0 1 0 0 1
2014   2 28  5 50 35 762689   -8.14495    5.99993    25097  78.1  2  0  6 15 0 0 1 1 1 0 0 1 0 0 1 0 0 1
2014   2 28  5 50 36 262529  -33.49906  -39.58628     7453  79.2  2  0  6 15 0 0 1 1 1 0 0 1 0 0 1 0 0 1
2014   2 28  5 50 36 271707  -33.49690  -39.57859     7419  78.6  2  0  6 15 0 0 1 1 1 0 0 1 0 0 1 0 0 1
2014   2 28  5 50 36 321192  -33.33602  -40.24551     4135   5.6  0  0  4  6 0 0 1 1 1 0 0 1 0 0 0 0 0 0
2014   2 28  5 50 36 346961  -33.44949  -39.67186     5600  75.8  2  0  7 21 0 0 1 1 1 0 0 1 0 1 1 0 0 1
2014   2 28  5 50 36 670414  -33.48707  -39.59007     7587  81.4  2  0  6 15 0 0 1 1 1 0 0 1 0 0 1 0 0 1
2014   2 28  5 50 37 167613  -13.52241  158.93829    13298  31.7  1  0  4  6 0 0 1 1 0 0 0 1 0 0 0 1 0 0
2014   2 28  5 50 37 475874    4.26369  -82.80827     7410  87.0  2  0  7 20 0 0 1 0 1 0 0 1 0 1 1 1 0 1
2014   2 28  5 50 37 525473    4.44345  -83.34739    11896 119.5  2  0  6 14 0 0 1 1 1 0 0 0 0 0 1 1 0 1
2014   2 28  5 50 37 573081  -21.12531  -46.72255     5044  28.3  0  0  5  8 0 0 1 1 1 0 0 0 0 0 1 0 0 1
2014   2 28  5 50 37 700855    4.44182  -83.35162    11227 117.6  2  0  6 15 0 0 1 1 1 0 0 0 0 0 1 1 0 1
2014   2 28  5 50 38 226001  -29.44230  -43.39161     7790  28.7  1  0  4  6 0 0 0 1 0 0 0 1 0 0 1 0 0 1
2014   2 28  5 50 38 337359   -1.76308  -71.81806    12704 109.5  2  0  6 15 0 0 1 1 1 0 0 1 0 0 1 0 0 1
2014   2 28  5 50 39 209858  -22.37126  -45.89354     4828 104.0  2  0  6 15 0 0 1 1 1 0 0 1 0 0 1 0 0 1
2014   2 28  5 50 39 997709  -16.84456  -50.70823     5028  41.1  1  0  5 10 0 0 1 1 1 0 0 0 0 0 1 0 0 1
2014   2 28  5 50 40  54388  -15.99137  -51.16089     2469  10.1  0  0  6 15 0 0 1 1 1 0 0 1 0 0 1 0 0 1
2014   2 28  5 50 40  77519    1.51760    1.03952    23441  14.5  0  0  5  7 0 0 1 1 1 0 0 1 0 0 1 0 0 0
2014   2 28  5 50 40 243104  -22.32736 -139.95343    12840   7.0  0  0  5 10 0 0 1 1 1 0 0 1 0 0 1 0 0 0
2014   2 28  5 50 40 270352  -22.02264 -140.72395     7412  12.7  0  0  6 14 0 0 1 1 1 0 0 1 0 0 1 1 0 0
2014   2 28  5 50 40 288542  -22.34866 -139.94241    15273   6.2  0  0  5  8 0 0 1 1 1 0 0 1 0 0 1 0 0 0
2014   2 28  5 50 40 558255  -15.90130  -51.03665     2451   8.5  0  0  6 15 0 0 1 1 1 0 0 1 0 0 1 0 0 1
2014   2 28  5 50 40 584573    1.65258   -3.07093    12633  55.9  1  0  6 15 0 0 1 1 0 0 0 1 0 0 1 1 0 1
2014   2 28  5 50 41 119578  -23.72600  -45.74294     2577  20.8  0  0  7 21 0 0 1 1 0 0 0 1 0 1 1 1 0 1
2014   2 28  5 50 41 215139  -23.76858  -45.70468     2710  16.7  0  0  6 15 0 0 1 1 1 0 0 1 0 0 1 0 0 1
2014   2 28  5 50 41 512639  -23.71497  -45.75675     2865  24.1  0  0  6 15 0 0 1 0 0 0 0 1 0 1 1 1 0 1
2014   2 28  5 50 41 935330  -20.78157  -49.22191     2813  21.1  0  0  6 11 0 0 1 1 1 0 0 1 0 1 0 0 0 1
2014   2 28  5 50 42 277606  -20.66284  -46.95982     2494  11.7  0  0  6 15 0 0 1 1 1 0 0 1 0 0 1 0 0 1
2014   2 28  5 50 42 299096  -20.66246  -46.95340     2531  13.5  0  0  6 15 0 0 1 1 1 0 0 1 0 0 1 0 0 1
2014   2 28  5 50 42 864685  -20.79256  -49.37521     2713  28.0  0  0  7 19 0 0 1 1 0 0 0 0 0 1 1 1 1 1
2014   2 28  5 50 43  44523   -4.74008  -71.49798     4661  20.1  0  0  5 10 0 0 0 1 1 0 0 0 0 0 1 1 0 1
2014   2 28  5 50 43  53294   -4.75397  -71.53773     3214  22.4  0  0  7 21 0 0 0 1 1 0 0 1 0 1 1 1 0 1
2014   2 28  5 50 43 276784  -24.75337  -44.92886     3115  21.6  0  0  5 10 0 0 1 1 1 0 0 1 0 0 0 0 0 1
2014   2 28  5 50 43 306791  -24.69173  -44.96992     2885  28.3  0  0  7 20 0 0 0 1 1 0 0 1 0 1 1 1 0 1
2014   2 28  5 50 43 313797  -24.73401  -44.93726     3879  23.4  0  0  5  9 0 0 0 1 1 0 0 1 0 0 1 0 0 1
2014   2 28  5 50 43 716705   -6.36626  -74.12948     5029  33.0  0  0  6 15 0 0 1 1 0 0 0 1 0 1 1 0 0 1
2014   2 28  5 50 43 727317   -6.10011  -74.52595     4329  31.3  1  0  5  8 0 0 1 1 0 0 0 1 0 0 0 1 0 1
2014   2 28  5 50 43 962024   -6.11359  -74.43147     3295  34.7  0  0  7 21 0 0 1 1 1 0 0 1 0 0 1 1 0 1
2014   2 28  5 50 44 125935  -20.39445  -47.29657     4617  29.1  0  0  5  7 0 0 1 1 1 0 0 1 0 0 0 0 0 1
2014   2 28  5 50 44 604712  -24.28559  -45.75825     3600  34.2  1  0  5 10 0 0 1 1 1 0 0 0 0 0 1 0 0 1
2014   2 28  5 50 44 929482  -24.33757  -45.77933     3156  43.1  0  0  7 20 0 0 1 1 1 0 0 1 0 0 1 1 0 1
2014   2 28  5 50 45 235797  -21.68022  -46.49055     3167  58.2  1  0  7 19 0 0 1 1 0 0 0 1 0 1 1 1 0 1
2014   2 28  5 50 45 321472   -5.83588  -74.54517     3621  44.6  0  0  7 21 0 0 1 1 1 0 0 1 0 0 1 1 0 1
2014   2 28  5 50 45 491826   -5.86146  -74.67075     7425 132.1  2  0  7 16 0 0 1 1 0 0 0 1 0 1 0 1 1 1
2014   2 28  5 50 45 704999  -20.53766  -47.11258     3123   3.7  0  0  4  6 0 0 1 1 0 0 0 0 0 0 1 0 0 1
2014   2 28  5 50 46  67801    4.89730  -72.56889     5495  43.0  1  0  6 14 0 0 0 1 1 0 0 1 0 0 1 1 0 1
2014   2 28  5 50 46 475273   -6.22417    1.00049    44210  32.0  1  0  5  9 0 0 1 1 1 0 0 0 0 0 1 0 0 1
2014   2 28  5 50 48 723681  -20.55592  -46.75216     5825 106.0  2  0  6 13 0 0 1 0 1 0 0 1 0 0 1 0 1 1
2014   2 28  5 50 48 864126  -20.77495  -46.98477     3696  57.2  1  0  6 15 0 0 1 1 1 0 0 1 0 0 1 0 0 1
2014   2 28  5 50 49  52588  -33.43654  -40.71640     4164  52.1  1  0  7 21 0 0 1 1 1 0 0 1 0 1 1 0 1 0
2014   2 28  5 50 49  61470  -33.40998  -40.74903     4583  56.1  1  0  7 21 0 0 1 1 1 0 0 1 0 1 1 0 0 1
2014   2 28  5 50 49 212613  -33.39202  -40.72964     4661  58.0  1  0  7 21 0 0 1 1 1 0 0 1 0 1 1 0 0 1
2014   2 28  5 50 49 568370  -32.77746  -41.31769     5538  21.0  0  0  5 10 0 0 0 1 1 0 0 1 0 0 1 0 0 1
2014   2 28  5 50 49 730684  -32.84491  -39.74681     4946  14.2  0  0  5 10 0 0 0 1 1 0 0 1 0 0 1 0 0 1
2014   2 28  5 50 50   3268  -21.92415  -46.09225     5065 108.2  2  0  6 14 0 0 1 1 0 0 0 1 0 1 0 1 0 1
2014   2 28  5 50 50  45196  -21.94601  -46.08136     5245  57.4  2  0  5 10 0 0 1 1 1 0 0 1 0 0 1 0 0 0
2014   2 28  5 50 50 120298   35.47371 -171.38960    19582 105.0  2  0  7 21 0 0 1 1 1 0 0 1 0 0 1 1 0 1
2014   2 28  5 50 51 297204  -28.47368  -42.97048     3884  55.9  1  0  7 21 0 0 1 1 1 0 0 1 0 1 1 0 0 1
2014   2 28  5 50 52 647451  -22.46985  -47.49736     4194  78.2  2  0  6 14 0 0 1 1 1 0 0 1 0 0 1 0 0 1
2014   2 28  5 50 52 994481  -13.01427  -71.62677     5775 128.1  2  0  7 21 0 0 1 1 0 0 0 1 0 1 1 1 0 1
2014   2 28  5 50 53 692432   -5.96176  -74.62811     6420 130.3  2  0  7 21 0 0 1 1 0 0 0 1 0 1 1 1 0 1
2014   2 28  5 50 53 765316   -5.91237  -74.57422     7924 118.7  2  0  6 15 0 0 1 1 1 0 0 0 0 0 1 1 0 1
2014   2 28  5 50 54 648541  -18.93999 -143.06332    32846 119.5  2  0  6 15 0 0 1 1 1 0 0 0 0 0 1 1 0 1
2014   2 28  5 50 54 674756  -18.90545 -143.59444    25950 114.8  2  0  7 20 0 0 1 1 1 0 0 1 0 0 1 1 0 1
2014   2 28  5 50 54 687176  -19.29038 -141.40991    19232  96.8  2  0  7 21 0 0 1 0 1 0 0 1 0 1 1 1 0 1
2014   2 28  5 50 54 727469  -23.52548 -121.13789    27641  11.5  0  0  5 10 0 0 0 0 1 0 0 1 0 1 1 0 0 1
2014   2 28  5 50 54 771113    6.38804  -34.25289    14809  11.1  0  0  4  6 0 0 1 0 0 0 0 0 0 0 1 1 0 1
2014   2 28  5 50 55  13233  -33.42533  -39.73072     8300  92.9  2  0  6 15 0 0 1 1 1 0 0 1 0 0 1 0 0 1
2014   2 28  5 50 55 489914  -21.75913  -48.76809     3563  15.3  0  0  5  7 0 0 1 1 1 0 0 0 0 0 1 0 0 1
2014   2 28  5 50 56   9324  -14.46574  161.47441    38458  35.4  0  0  6 15 0 0 1 1 1 0 0 1 0 1 1 0 0 0
2014   2 28  5 50 56 478225  -20.35077  -47.25788     3096   5.0  0  0  4  6 0 0 1 1 0 0 0 1 0 0 1 0 0 0
2014   2 28  5 50 57 414212    7.53070  -73.86988     4466   4.3  0  0  5  7 0 0 0 1 0 0 0 1 0 0 1 1 0 1
2014   2 28  5 50 58 313173  -24.68250  -44.98582     2467  14.7  0  0  7 21 0 0 1 1 1 0 0 1 0 1 1 0 0 1
2014   2 28  5 50 58 342192    4.43135  -72.47272     3876  24.0  0  0  6 15 0 0 0 1 1 0 0 1 0 1 1 1 0 0
2014   2 28  5 50 58 380351    4.43399  -72.37705     4702  20.1  0  0  5  9 0 0 0 0 1 0 0 1 0 0 1 1 0 1
2014   2 28  5 50 58 522079    5.15850  -73.02579     3670  23.5  0  0  6 14 0 0 1 0 0 0 0 1 0 1 1 1 0 1
2014   2 28  5 50 59 150896  -13.26307  -39.00219     4064  10.9  0  0  5  9 0 0 1 1 0 0 0 1 0 0 1 0 0 1
2014   2 28  5 50 59 227257  -13.36822  -39.07290     4142  46.7  0  0  7 21 0 0 1 1 1 0 0 1 0 0 1 1 0 1
2014   2 28  5 50 59 479878  -13.29201  -39.11534     4301  38.1  0  0  6 11 0 0 1 1 1 0 0 1 0 0 0 1 0 1
2014   2 28  5 51  0  71179  -16.05958  -51.14046     3783  33.3  1  0  5  9 0 0 1 0 1 0 0 1 0 0 0 1 0 1
2014   2 28  5 51  0  79561  -16.06102  -51.21829     2844  38.8  0  0  7 21 0 0 1 1 1 0 0 1 0 0 1 1 0 1
2014   2 28  5 51  0 119083  -16.04900  -51.23156     3186  41.5  1  0  6 15 0 0 1 1 1 0 0 1 0 0 1 1 0 0
2014   2 28  5 51  0 514902  -20.67101  -49.08843     4834  87.5  2  0  6 13 0 0 1 1 1 0 0 1 0 0 1 1 0 0
2014   2 28  5 51  0 964021  -20.64072 -138.85471    91798  47.3  1  0  5 10 0 0 0 1 0 0 0 1 0 1 1 0 0 1
2014   2 28  5 51  0 973180  -19.86772 -141.40704     9260  40.8  0  0  7 21 0 0 1 1 1 0 0 1 0 0 1 1 0 1
2014   2 28  5 51  0 988755  -19.73872 -142.95534    98368  42.0  1  0  5 10 0 0 0 1 1 0 0 1 0 0 1 0 0 1
2014   2 28  5 51  1   8577  -19.85639 -141.35866     9477  40.4  0  0  7 20 0 0 1 1 1 0 0 1 0 0 1 1 0 1
2014   2 28  5 51  1  46823  -19.88272 -141.46745     9296  41.0  0  0  7 21 0 0 1 1 1 0 0 1 0 0 1 1 0 1
2014   2 28  5 51  1  69399  -19.84515 -141.41925     9353  41.5  0  0  7 21 0 0 1 1 1 0 0 1 0 0 1 1 0 1
2014   2 28  5 51  1 343515  -27.20548 -135.73045    17867  16.0  0  0  4  6 0 0 0 1 0 0 0 1 0 0 1 1 0 0
2014   2 28  5 51  1 823324  -20.64544  -47.09964     3249  53.6  1  0  7 17 0 0 1 1 0 0 0 0 0 1 1 1 1 1
2014   2 28  5 51  1 849936  -20.75849  -46.93771     3185  41.2  1  0  6 15 0 0 1 1 1 0 0 1 0 0 1 0 0 1
2014   2 28  5 51  1 860281  -20.75499  -46.98824     3187  41.4  1  0  6 15 0 0 1 1 1 0 0 1 0 0 1 0 0 1
2014   2 28  5 51  1 901331  -20.56087  -47.25360     2698  32.0  0  0  7 18 0 0 0 1 0 0 0 1 0 1 1 1 1 1
2014   2 28  5 51  1 995700  -15.98524  -51.04428     3417  43.7  1  0  6 15 0 0 1 1 1 0 0 1 0 0 1 0 0 1
2014   2 28  5 51  2 101889  -20.74927  -47.03096     4434  47.3  1  0  5 10 0 0 1 1 1 0 0 1 0 0 1 0 0 0
2014   2 28  5 51  2 126310  -12.82973  -71.54343     4057  70.3  2  0  7 21 0 0 1 1 0 0 0 1 0 1 1 1 0 1
2014   2 28  5 51  2 335412  -20.70817  -46.96484     3324  46.3  1  0  6 15 0 0 1 1 1 0 0 1 0 0 1 0 0 1
2014   2 28  5 51  2 349108  -20.58850  -47.13902     3033   3.4  0  0  4  6 0 0 1 1 0 0 0 1 0 0 1 0 0 0
2014   2 28  5 51  2 939503  -20.39028  -47.24660     4732  54.9  2  0  5 10 0 0 1 1 1 0 0 1 0 0 1 0 0 0
2014   2 28  5 51  3 677182    0.59545  -69.97352     5334  71.3  2  0  7 21 0 0 0 1 1 0 0 1 0 1 1 1 0 1
2014   2 28  5 51  3 835018    4.25862  -83.77516     9881  78.0  2  0  7 21 0 0 0 1 1 0 0 1 0 1 1 1 0 1
2014   2 28  5 51  3 882758  -18.94538 -142.41617    12661  62.2  1  0  7 21 0 0 1 1 1 0 0 1 0 0 1 1 0 1
2014   2 28  5 51  3 899825  -18.94256 -142.42407    12679  62.3  1  0  7 21 0 0 1 1 1 0 0 1 0 0 1 1 0 1
2014   2 28  5 51  3 941189    4.23931  -83.23480    11932  53.0  2  0  5 10 0 0 0 0 1 0 0 1 0 0 1 1 0 1
2014   2 28  5 51  4 123211   -4.29538  -72.00745     5844  64.1  2  0  6 15 0 0 0 1 1 0 0 1 0 0 1 1 0 1
2014   2 28  5 51  4 233697   -5.92530  -70.45979    17872  68.6  2  0  5 10 0 0 1 1 1 0 0 0 0 1 1 0 0 0
2014   2 28  5 51  5  31661  -28.49484  -42.89632     3774  52.1  1  0  7 21 0 0 1 1 1 0 0 1 0 1 1 0 0 1
2014   2 28  5 51  5  54031  -28.54008  -42.78477     4465  47.2  1  0  6 15 0 0 1 1 1 0 0 1 0 0 1 0 0 1
2014   2 28  5 51  5 386524  -22.29317  -45.90481     3828  68.9  2  0  6 15 0 0 1 1 1 0 0 1 0 0 1 0 0 1
2014   2 28  5 51  5 394090  -22.29291  -45.90679     3822  68.5  2  0  6 15 0 0 1 1 1 0 0 1 0 0 1 0 0 1
2014   2 28  5 51  5 408639  -20.98239  -48.69502     4347  23.7  0  0  5  7 0 0 1 1 1 0 0 0 0 0 1 0 0 1
2014   2 28  5 51  5 509488  -20.63418  -49.50842     2931  31.6  0  0  6 14 0 0 1 1 0 0 0 0 0 1 1 1 0 1
2014   2 28  5 51  5 601037   -1.18286  -72.03085     8701 105.4  2  0  7 18 0 0 1 1 1 0 0 1 0 1 0 1 0 1
2014   2 28  5 51  8 100628    6.62589  -73.67944    33150 105.6  2  0  7 21 0 0 0 1 1 0 0 1 0 1 1 0 1 1
2014   2 28  5 51  8 159811    7.77697  -74.28931     8505 105.9  2  0  7 17 0 0 1 1 1 0 0 1 0 0 1 1 0 1
2014   2 28  5 51  8 223177    7.88956  -77.34126     6983  14.9  0  0  5 10 0 0 0 1 1 0 0 0 0 1 0 1 0 1
2014   2 28  5 51  9  75728  -22.06375  -45.90792     4440  90.8  2  0  6 15 0 0 1 1 1 0 0 1 0 0 1 0 0 1
2014   2 28  5 51  9 171723  -21.80350  -46.27763     3742  19.1  0  0  4  6 0 0 1 1 0 0 0 1 0 0 1 0 0 0
2014   2 28  5 51  9 608865  -20.62612  -46.89022     5736 103.2  2  0  6 13 0 0 1 0 1 0 0 1 0 0 1 1 0 1
2014   2 28  5 51  9 674877  -15.90013  -51.49663     4438 124.3  2  0  7 21 0 0 1 1 1 0 0 0 0 1 1 1 0 1
2014   2 28  5 51  9 726309  -15.89418  -51.10604     5159  99.0  2  0  6 15 0 0 1 0 1 0 0 1 0 0 1 1 0 1
2014   2 28  5 51  9 833674  -15.89002  -51.49266     4510 127.7  2  0  7 21 0 0 1 1 1 0 0 0 0 1 1 1 0 1
2014   2 28  5 51  9 882028  -16.07148  -51.44597     4537 115.2  2  0  7 20 0 0 1 1 1 0 0 1 0 1 1 0 0 1
2014   2 28  5 51  9 966625  -15.90022  -51.07338     5163  86.1  2  0  6 13 0 0 1 0 1 0 0 1 0 0 1 1 0 1
2014   2 28  5 51 10 236096  -22.51892  -45.94000     5166 100.8  2  0  6 14 0 0 1 1 1 0 0 1 0 0 1 0 0 1
2014   2 28  5 51 10 247833    0.13253  -71.53738     8336 130.1  2  0  7 17 0 0 1 1 1 0 0 1 0 0 1 1 0 1
2014   2 28  5 51 11 310622  -20.75280  -46.68976     5050 105.0  2  0  6 15 0 0 1 1 1 0 0 1 0 0 1 0 0 1
2014   2 28  5 51 12 523729   -6.33615    7.46127    18418   3.9  0  0  5  9 0 0 1 1 1 0 0 0 0 0 1 0 0 1
2014   2 28  5 51 12 548620   -7.41884    5.59574    12032  18.1  0  0  5  9 0 0 1 1 1 0 0 1 0 0 0 0 0 1
2014   2 28  5 51 12 934836   -6.17581  -74.45435     3661   2.8  0  0  4  6 0 0 0 1 0 0 0 1 0 0 1 1 0 0
2014   2 28  5 51 12 941830   -6.18184  -74.47309     2952   6.4  0  0  6 14 0 0 0 1 1 0 0 1 0 0 1 1 0 1
2014   2 28  5 51 13 143110  -29.54086 -134.43764    17839  12.1  0  0  5 10 0 0 0 1 0 0 0 0 0 1 1 1 0 1
2014   2 28  5 51 13 155439  -29.52369 -134.76437     6258   9.3  0  0  6 15 0 0 1 1 0 0 0 1 0 0 1 1 0 1
2014   2 28  5 51 13 604254  -29.48335 -134.16080     7626   4.5  0  0  5  9 0 0 1 0 1 0 0 0 0 1 0 1 0 1
2014   2 28  5 51 13 674579  -29.47987 -135.55577    10271   8.4  0  0  5 10 0 0 0 1 0 0 0 1 0 0 1 1 0 1
2014   2 28  5 51 13 728526  -29.70301 -134.08434    15937  12.9  0  0  5 10 0 0 1 1 1 0 0 1 0 0 0 0 0 1
2014   2 28  5 51 13 798796  -29.65136 -134.22633    16042  12.0  0  0  5 10 0 0 1 1 1 0 0 1 0 0 1 0 0 0
2014   2 28  5 51 14  57878  -21.96519  -45.88094     2673  11.2  0  0  5  9 0 0 0 1 1 0 0 1 0 0 1 0 0 1
2014   2 28  5 51 15 120524    1.80732  -84.16389     4099  28.9  0  0  6 15 0 0 1 1 1 0 0 1 0 0 0 1 0 1
2014   2 28  5 51 15 304893    1.50779    1.03927    15270   1.9  0  0  4  6 0 0 1 0 0 0 0 1 0 0 1 0 0 1
2014   2 28  5 51 16 140779   -6.06362  -74.37347    11301  41.9  1  0  6 15 0 0 0 1 1 0 0 1 0 1 1 0 0 1
2014   2 28  5 51 17 392604   -6.15141  -74.30743     3660  44.3  0  0  7 21 0 0 1 0 1 0 0 1 0 1 1 1 0 1
2014   2 28  5 51 17 458543  -20.40934  -47.22255     3049  34.2  0  0  6 15 0 0 1 1 1 0 0 1 0 0 1 0 0 1
2014   2 28  5 51 17 464893  -13.53621  171.43820    13437  47.3  1  0  6 15 0 0 0 1 1 0 0 1 0 1 0 1 0 1
2014   2 28  5 51 17 500335  -20.42410  -47.23730     3652  38.1  1  0  5 10 0 0 0 1 1 0 0 1 0 0 1 0 0 1
2014   2 28  5 51 17 902825  -14.06291  -43.45108     5161  14.5  0  0  5 10 0 0 1 0 1 0 0 1 0 0 0 1 0 1
2014   2 28  5 51 17 964621   -6.11232  -74.47099     4041  49.7  0  0  7 20 0 0 1 1 1 0 0 1 0 0 1 1 0 1
2014   2 28  5 51 18 142313   -6.17935  -74.52773     6048  48.4  1  0  6 15 0 0 0 0 1 0 0 1 0 1 1 1 0 1
2014   2 28  5 51 18 904023   -7.00534    6.99041    23294  48.3  1  0  6 12 0 0 1 1 1 0 0 1 0 0 1 0 0 1
2014   2 28  5 51 19 833358    7.73246  -74.37313     8135  98.8  2  0  7 19 0 0 1 1 1 0 0 1 0 1 1 1 0 0
2014   2 28  5 51 22  13442  -12.48983  -72.69373     6610  51.0  2  0  5 10 0 0 1 0 1 0 0 1 0 1 0 0 0 1
2014   2 28  5 51 23 600255  -21.16530  -49.50132     3198   9.2  0  0  4  6 0 0 1 1 0 0 0 1 0 0 1 0 0 0
2014   2 28  5 51 23 607822  -21.10702  -49.59341     4069  50.7  1  0  6 11 0 0 1 1 0 0 0 1 0 1 1 0 0 1
2014   2 28  5 51 23 618519  -21.17155  -49.47458     3342  11.7  0  0  4  6 0 0 1 1 0 0 0 1 0 0 1 0 0 0
2014   2 28  5 51 23 882804  -20.47818  -49.50522     5202  34.3  1  0  5  7 0 0 1 1 0 0 0 1 0 0 1 1 0 0
2014   2 28  5 51 24 320694  -22.48704  -47.26490     4429 126.6  2  0  7 21 0 0 1 1 0 0 0 1 0 1 1 1 0 1
2014   2 28  5 51 24 409872   35.85589 -167.38370    23932  99.5  2  0  6 15 0 0 1 0 1 0 0 1 0 0 1 1 0 1
2014   2 28  5 51 24 528643   -6.36648  -76.08855    12344  89.8  2  0  6 13 0 0 0 1 1 0 0 1 0 1 0 1 0 1
2014   2 28  5 51 24 689322    7.32184  -74.60033    10475 115.7  2  0  7 21 0 0 0 1 1 0 0 1 0 1 1 1 0 1
2014   2 28  5 51 25 463161  -28.49948  -42.96353     5667  72.4  2  0  6 15 0 0 1 1 1 0 0 1 0 0 1 0 0 1
2014   2 28  5 51 25 488546  -28.49866  -42.95232     5630  71.4  2  0  6 15 0 0 1 1 1 0 0 1 0 0 1 0 0 1
2014   2 28  5 51 25 846787  -23.27495   60.07109    72860  85.9  2  0  5 10 0 0 1 1 1 0 0 0 0 0 1 0 0 1
2014   2 28  5 51 28 231948  -20.58692  -49.07028     2275   6.7  0  0  7 19 0 0 1 1 1 0 0 1 0 1 1 0 0 1
2014   2 28  5 51 28 310288    7.33446  -73.75622     4866   8.7  0  0  5  8 0 0 0 1 1 0 0 1 0 0 0 1 0 1
2014   2 28  5 51 28 749558  -21.74179  -46.43229     2761  24.2  0  0  6 15 0 0 1 1 1 0 0 1 0 0 1 0 0 1
2014   2 28  5 51 29 146165    2.72097  -68.14236     3516   7.9  0  0  5 10 0 0 0 1 1 0 0 0 0 0 1 1 0 1
2014   2 28  5 51 31 116372  -20.68377  -49.00383     2814  20.2  0  0  6 12 0 0 1 1 1 0 0 1 0 1 1 0 0 0
2014   2 28  5 51 31 192375  -20.63607  -49.06821     3231  56.1  1  0  7 18 0 0 1 1 1 0 0 1 0 0 1 1 0 1
2014   2 28  5 51 31 431437  -20.69373  -48.98527     3521  19.6  0  0  5  7 0 0 1 1 1 0 0 1 0 0 1 0 0 0
2014   2 28  5 51 32 526604    2.36777  -83.09135    15473  21.2  0  0  5 10 0 0 0 0 1 0 0 1 0 1 1 0 0 1
2014   2 28  5 51 33 279301  -15.85403  -51.19146     2790  38.4  0  0  7 21 0 0 1 1 0 0 0 1 0 1 1 1 0 1
2014   2 28  5 51 34 423933  -33.70725  -39.22862     5468  35.3  1  0  5 10 0 0 1 1 0 0 0 1 0 0 1 0 0 1
2014   2 28  5 51 34 454374  -33.71798  -39.02818     6026  31.6  1  0  5 10 0 0 1 0 1 0 0 1 0 0 1 0 0 1
2014   2 28  5 51 34 745935  -30.26193  -42.53772     4292  39.4  0  0  6 15 0 0 1 1 1 0 0 1 0 0 1 0 0 1
2014   2 28  5 51 34 776134  -33.64128  -39.36250     4954  41.4  1  0  6 15 0 0 1 1 1 0 0 1 0 0 1 0 0 1
2014   2 28  5 51 34 941685  -29.90179  -42.83013     3770  11.5  0  0  5 10 0 0 0 1 1 0 0 1 0 0 1 0 0 1
2014   2 28  5 51 34 980697  -24.50704  -45.11297     7183  42.3  1  0  6 11 0 0 0 1 1 0 0 1 0 1 0 1 0 1
2014   2 28  5 51 35 380764  -21.56743 -142.17558    13041  48.6  1  0  6 15 0 0 1 1 1 0 0 1 0 0 1 1 0 0
2014   2 28  5 51 35 444666  -21.61753 -143.67798    33021  59.5  2  0  5 10 0 0 0 1 0 0 0 1 0 1 0 1 0 1
2014   2 28  5 51 35 488316  -21.63820 -141.89922    12354  52.5  1  0  7 20 0 0 1 1 1 0 0 1 0 0 1 1 0 1
2014   2 28  5 51 35 558359  -21.74756 -141.56618    12410  61.7  1  0  7 21 0 0 1 1 1 0 0 1 0 1 0 1 0 1
2014   2 28  5 51 35 615337  -24.89523 -135.02286    10491  44.3  0  0  7 20 0 0 1 0 1 0 0 1 0 1 1 1 0 1
2014   2 28  5 51 35 654851  -29.36026 -125.36172   125789  47.7  1  0  5 10 0 0 1 1 1 0 0 0 0 0 1 0 0 1
2014   2 28  5 51 35 885012   -3.24719    6.53948    42340  50.7  2  0  5  7 0 0 1 1 0 0 0 1 0 0 1 0 0 1
2014   2 28  5 51 35 956174  -12.61914  169.51274    16922  99.9  2  0  7 16 0 0 1 1 1 0 0 1 0 0 1 1 0 1
2014   2 28  5 51 36 180677    4.56573  -72.02069    28999  64.5  2  0  5 10 0 0 0 1 1 0 0 1 0 0 1 0 0 1
2014   2 28  5 51 36 194681    5.01137  -72.49949     6378  59.4  1  0  6 15 0 0 0 1 1 0 0 1 0 0 1 1 0 1
2014   2 28  5 51 36 356266   -6.10791  -74.84916    11495  70.3  2  0  5 10 0 0 0 1 1 0 0 0 0 0 1 1 0 1
2014   2 28  5 51 36 366786   -6.09063  -74.36683     4046  55.2  1  0  7 21 0 0 1 0 1 0 0 1 0 1 1 1 0 1
2014   2 28  5 51 36 374808   -6.11002  -74.83095     6350  63.0  2  0  6 15 0 0 0 1 1 0 0 1 0 0 1 1 0 1
2014   2 28  5 51 36 626450   -6.11558  -74.85883    11821  72.7  2  0  5 10 0 0 0 1 1 0 0 0 0 0 1 1 0 1
2014   2 28  5 51 36 877704  -16.44361  -51.97656     3129  14.9  0  0  5 10 0 0 0 1 1 0 0 1 0 0 0 1 0 1
2014   2 28  5 51 37 912266  -20.43448  -47.24145     4063  64.4  2  0  6 14 0 0 1 1 1 0 0 1 0 0 1 0 0 1
2014   2 28  5 51 38 187902    3.07413  -84.48134     6471  57.7  1  0  6 15 0 0 1 0 1 0 0 1 0 0 1 1 0 1
2014   2 28  5 51 38 206903  -20.42874 -175.21828    22311  40.1  1  0  5  9 0 0 1 0 0 0 0 0 0 1 1 1 0 1
2014   2 28  5 51 38 725366   -6.27743  -74.00340     9213  71.5  2  0  6 15 0 0 1 1 1 0 0 0 0 0 1 0 1 1
2014   2 28  5 51 38 774730  -20.76195  -47.21240     3652  86.3  2  0  7 19 0 0 1 1 1 0 0 1 0 1 0 1 0 1
2014   2 28  5 51 38 810723   -5.61483  -74.44406     4762  74.8  2  0  7 21 0 0 1 0 1 0 0 1 0 1 1 1 0 1
2014   2 28  5 51 38 846419  -20.62711  -47.25791     3323  13.5  0  0  4  6 0 0 1 1 0 0 0 1 0 0 1 0 0 0
2014   2 28  5 51 38 890363  -20.77139  -47.10355     3529  82.3  2  0  7 21 0 0 1 1 1 0 0 1 0 1 1 0 0 1
2014   2 28  5 51 38 944474  -28.52800  -43.06261     3252  14.2  0  0  5 10 0 0 1 1 1 0 0 1 0 0 0 0 0 1
2014   2 28  5 51 38 971426  -28.54104  -42.81763     4827  54.5  1  0  6 15 0 0 1 1 1 0 0 1 0 0 1 0 0 1
2014   2 28  5 51 39  59452  -15.89900  160.40070   100849  12.1  0  0  4  6 0 0 1 1 0 0 0 1 0 0 1 0 0 0
2014   2 28  5 51 39 119188  -12.03973  -73.25500     4875  91.8  2  0  7 21 0 0 1 1 1 0 0 1 0 0 1 1 0 1
2014   2 28  5 51 39 319931  -14.18300  161.48650   101389  87.8  2  0  6 14 0 0 1 1 1 0 0 0 0 0 1 1 0 1
2014   2 28  5 51 39 623807  -18.50765 -143.60661    16664  85.7  2  0  7 21 0 0 1 1 1 0 0 1 0 0 1 1 0 1
2014   2 28  5 51 40 422816  -13.63244  160.26234     8844   4.7  0  0  4  6 0 0 1 0 0 0 0 1 0 0 1 1 0 0
2014   2 28  5 51 40 438198  -20.45598  -49.49085     3721  20.9  0  0  5  8 0 0 1 1 0 0 0 1 0 1 1 0 0 0
2014   2 28  5 51 42 648829  -21.77818 -141.88179    26202 136.1  2  0  7 19 0 0 1 1 1 0 0 1 0 1 0 1 0 1
2014   2 28  5 51 42 649964    6.25066  179.88826    12751  35.2  1  0  5 10 0 0 1 0 1 0 0 0 0 0 1 1 0 1
2014   2 28  5 51 43 168618  -28.39399  -43.15651     5414  82.0  2  0  6 15 0 0 1 1 1 0 0 0 0 1 1 0 0 1
2014   2 28  5 51 43 241019  -28.47093  -43.28642     7034 150.6  2  0  7 19 0 0 1 1 1 0 0 1 0 0 1 0 1 1
2014   2 28  5 51 43 436026  -27.97832  -43.42741     3867  21.2  0  0  5 10 0 0 0 1 1 0 0 1 0 0 1 0 0 1
2014   2 28  5 51 43 505325  -28.23601  -43.43637     9797  24.1  1  0  4  6 0 0 0 1 0 0 0 1 0 1 0 0 0 1
2014   2 28  5 51 43 649820  -33.62553  -38.68391     9228 109.1  2  0  7 21 0 0 1 0 1 0 0 1 0 1 1 1 0 1
2014   2 28  5 51 43 660213  -33.62450  -39.24449     8723  96.2  2  0  6 15 0 0 1 1 1 0 0 1 0 0 1 0 0 1
2014   2 28  5 51 44 195075   -6.07116  -74.31562     2513   7.7  0  0  7 21 0 0 1 1 1 0 0 0 0 1 1 1 0 1
2014   2 28  5 51 44 248996  -24.43855  -45.59861     2820  19.0  0  0  6 15 0 0 1 1 1 0 0 1 0 0 1 0 0 1
2014   2 28  5 51 44 533210   -6.08893  -74.39459     3184  15.5  0  0  7 21 0 0 0 1 1 0 0 1 0 1 1 1 0 1
2014   2 28  5 51 44 741818   -6.04132  -74.42970     3204  16.0  0  0  7 21 0 0 0 1 1 0 0 1 0 1 1 1 0 1
2014   2 28  5 51 44 846949   -6.01223  -74.38731     4671  14.9  0  0  5  8 0 0 0 1 1 0 0 1 0 0 1 1 0 0
2014   2 28  5 51 44 897427   -6.23261  -74.20052     3984   1.7  0  0  5  8 0 0 1 1 0 0 0 1 0 1 0 0 0 1
2014   2 28  5 51 45 158359  -22.25255  -45.73714     2908   7.4  0  0  5 10 0 0 1 1 1 0 0 1 0 0 1 0 0 0
2014   2 28  5 51 45 213142  -22.09305 -140.64377     5069  10.7  0  0  7 21 0 0 1 1 1 0 0 0 0 1 1 1 0 1
2014   2 28  5 51 45 279476  -22.02845 -141.13588     8738  14.5  0  0  5 10 0 0 1 1 0 0 0 1 0 0 1 1 0 0
2014   2 28  5 51 45 357218  -22.04144 -141.09009     9521  18.5  0  0  5 10 0 0 1 0 0 0 0 1 0 1 1 1 0 0
2014   2 28  5 51 45 777169  -23.04885  -46.89671     2539  28.1  0  0  7 21 0 0 1 0 1 0 0 1 0 1 1 1 0 1
2014   2 28  5 51 46 673577   -5.61736  -74.52440     2941  23.2  0  0  7 21 0 0 1 1 1 0 0 0 0 1 1 1 0 1
2014   2 28  5 51 46 798358   -5.62629  -74.60223     3175  29.0  0  0  7 21 0 0 1 0 1 0 0 1 0 1 1 1 0 1
2014   2 28  5 51 46 816306  -20.73522  -46.88164     2934   8.4  0  0  5  8 0 0 1 1 1 0 0 0 0 0 1 0 0 1
2014   2 28  5 51 46 870959  -20.68942  -46.90393     2948  13.9  0  0  5  9 0 0 0 1 1 0 0 1 0 0 1 0 0 1
2014   2 28  5 51 47  12473  -23.77409  -45.74049     4094  37.0  1  0  5 10 0 0 0 1 1 0 0 1 0 0 1 0 0 1
2014   2 28  5 51 47  21234  -23.78622  -45.73645     3180  31.8  0  0  6 15 0 0 1 1 1 0 0 1 0 0 1 0 0 1
2014   2 28  5 51 47 107225  -20.38245  -47.19864     2582  16.0  0  0  6 15 0 0 1 1 1 0 0 1 0 0 1 0 0 1
2014   2 28  5 51 47 798507  -11.94156  -72.80785     3855  23.0  0  0  5  9 0 0 1 1 1 0 0 0 0 0 1 1 0 0
2014   2 28  5 51 48  84839  -10.70528  -57.48089     3396  36.3  0  0  6 14 0 0 0 1 1 0 0 1 0 0 1 1 0 1
2014   2 28  5 51 48  99357    1.29400  -22.98647     3390  23.1  0  0  6 13 0 0 0 0 1 0 0 0 1 1 1 1 0 1
2014   2 28  5 51 48 287373  -16.12104  -51.31258     2802  37.2  0  0  7 21 0 0 0 0 1 0 0 1 0 1 1 1 1 1
2014   2 28  5 51 48 422921  -16.09834  -51.27053     2843  37.0  0  0  7 21 0 0 1 0 1 0 0 1 0 1 1 1 0 1
2014   2 28  5 51 48 460371  -16.15273  -51.22381     2807  24.5  0  0  6 15 0 0 1 0 1 0 0 1 0 1 1 0 0 1
2014   2 28  5 51 48 490166  -16.15791  -51.23337     3497  27.2  0  0  5 10 0 0 0 1 1 0 0 1 0 0 1 0 0 1
2014   2 28  5 51 48 497779  -16.10545  -51.31295     2940  38.5  0  0  7 19 0 0 1 1 1 0 0 1 0 0 1 1 0 1
2014   2 28  5 51 48 630201  -16.06257  -51.29225     2838  40.3  0  0  7 21 0 0 1 1 0 0 0 1 0 1 1 1 0 1
2014   2 28  5 51 49 138132  -20.66667  -49.01539     3523  30.3  1  0  5  9 0 0 0 1 1 0 0 1 0 0 1 0 0 1
2014   2 28  5 51 49 226603  -20.61591  -49.12828     3828  26.4  0  0  5  7 0 0 1 1 1 0 0 1 0 0 1 0 0 0
2014   2 28  5 51 49 896959  -20.46404  -47.30460     3221  24.3  0  0  5  9 0 0 1 1 1 0 0 1 0 0 0 0 0 1
2014   2 28  5 51 50 215630   -6.15687  -74.69685     5421  48.5  1  0  6 15 0 0 0 1 1 0 0 1 0 0 1 1 0 1
2014   2 28  5 51 50 375751   -6.13720  -74.78951     6140  57.7  1  0  6 14 0 0 0 1 0 0 0 1 0 1 1 1 0 1
2014   2 28  5 51 50 522790    8.80793  -75.21327     7081  50.4  1  0  6 15 0 0 0 1 1 0 0 1 0 0 1 1 0 1
2014   2 28  5 51 50 553695   -6.39378  -74.11552    16742  51.7  2  0  5 10 0 0 0 1 1 0 0 1 0 0 1 0 0 1
2014   2 28  5 51 50 732521    3.20341  -70.83376    13574  26.8  0  0  5 10 0 0 0 0 1 0 0 1 0 1 1 0 0 1
2014   2 28  5 51 50 745575    4.55594  -72.63553     5853  51.9  1  0  6 15 0 0 0 1 1 0 0 1 0 0 1 1 0 1
2014   2 28  5 51 50 807200    4.51475  -72.56444     6449  50.2  1  0  6 15 0 0 0 0 1 0 0 1 0 1 1 1 0 1
2014   2 28  5 51 50 850148  -27.12801 -134.35538    15118  50.9  1  0  6 15 0 0 1 1 1 0 0 0 0 0 1 1 0 1
2014   2 28  5 51 50 937657  -21.74801  -46.44383     3471  57.0  1  0  6 15 0 0 1 1 0 0 0 1 0 1 1 0 0 1
2014   2 28  5 51 51  38012  -21.80552  -46.33846     3126  38.6  0  0  6 15 0 0 1 1 1 0 0 1 0 0 1 0 0 1
2014   2 28  5 51 51  82901  -21.81416  -46.34292     3184  40.7  1  0  6 15 0 0 1 1 1 0 0 1 0 0 1 0 0 1
2014   2 28  5 51 51 497115  -13.34971  -39.25246     4190  39.7  0  0  6 15 0 0 1 1 1 0 0 1 0 0 1 0 0 1
2014   2 28  5 51 51 828327    7.56393  -73.88714     5777  70.0  2  0  7 21 0 0 1 1 1 0 0 0 0 1 1 1 0 1
2014   2 28  5 51 51 841414    2.08708  -66.96903    10126  65.1  2  0  5  9 0 0 0 1 1 0 0 0 0 0 1 1 0 1
2014   2 28  5 51 52  31539  -20.82780  -46.92275     3357  44.9  1  0  6 15 0 0 1 1 1 0 0 1 0 0 1 0 0 1
2014   2 28  5 51 52  40232  -20.47192  -49.39271     2577  17.2  0  0  6 15 0 0 1 1 1 0 0 1 0 0 1 0 0 1
2014   2 28  5 51 52  77812   -5.90970  -74.89296     6175  71.2  2  0  7 21 0 0 0 1 1 0 0 1 0 1 1 1 0 1
2014   2 28  5 51 52 285973  -20.83219  -46.93210     3399  46.4  1  0  6 15 0 0 1 1 1 0 0 1 0 0 1 0 0 1
2014   2 28  5 51 52 349862   31.04039 -129.86949    13670  65.2  1  0  7 21 0 0 1 0 1 0 0 1 0 1 1 1 0 1
2014   2 28  5 51 52 447601  -33.63201  -39.31897     5946  58.8  1  0  6 15 0 0 1 1 1 0 0 1 0 0 1 0 0 1
2014   2 28  5 51 52 459046  -33.63482  -39.31497     5884  57.8  1  0  6 15 0 0 1 1 1 0 0 1 0 0 1 0 0 1
2014   2 28  5 51 52 562908   -5.28268    9.25386    16453  67.7  1  0  7 17 0 0 1 1 1 0 0 1 0 0 1 1 0 1
2014   2 28  5 51 52 655890  -24.39204  -45.81926     4737  73.0  2  0  6 14 0 0 0 1 1 0 0 1 0 0 1 1 0 1
2014   2 28  5 51 52 725966  -33.63146  -39.34288     5950  58.9  1  0  6 15 0 0 1 1 1 0 0 1 0 0 1 0 0 1
2014   2 28  5 51 52 879618  -33.48220  -39.88988     4438  23.7  0  0  5 10 0 0 1 1 1 0 0 1 0 0 0 0 0 1
2014   2 28  5 51 53 132416  -24.44968  -45.90404     3705  21.8  1  0  4  6 0 0 1 1 0 0 0 1 0 1 0 0 0 0
2014   2 28  5 51 53 706432  -21.00325  -50.95998     3578  67.6  1  0  7 17 0 0 1 1 1 0 0 1 0 1 1 0 0 1
2014   2 28  5 51 53 747565    4.26887  -83.29831     7642  82.1  2  0  6 15 0 0 1 1 1 0 0 1 0 0 0 1 0 1
2014   2 28  5 51 53 913744    4.38043  -83.81494    11483  77.6  2  0  6 15 0 0 0 1 1 0 0 1 0 0 1 1 0 1
2014   2 28  5 51 54  73863    2.63486    6.58505    26818  84.7  2  0  6 12 0 0 1 1 1 0 0 1 0 0 1 1 0 0
2014   2 28  5 51 54 516422    6.14210  -77.43526     7626  91.8  2  0  6 15 0 0 1 1 0 0 0 1 0 1 0 1 0 1
2014   2 28  5 51 55 198859  -20.64182  -47.22178     3792  23.8  1  0  4  6 0 0 1 1 0 0 0 1 0 0 1 0 0 0
2014   2 28  5 51 55 635259   -6.05807  -74.63322     5748  95.3  2  0  7 20 0 0 1 1 1 0 0 1 0 0 1 1 0 1
2014   2 28  5 51 55 727206  -28.51132  -42.87827     4937  69.6  2  0  6 15 0 0 1 1 1 0 0 0 0 1 1 0 0 1
2014   2 28  5 51 57 233976  -24.01405  -45.78678     5083  95.5  2  0  6 15 0 0 1 1 1 0 0 1 0 0 1 0 0 1
2014   2 28  5 51 57 488455  -20.53885 -139.46086    37280 108.7  2  0  7 21 0 0 1 1 1 0 0 1 0 1 1 0 0 1
2014   2 28  5 51 57 505085  -18.56174 -144.92282    14214  34.2  1  0  5  8 0 0 1 1 0 0 0 1 0 0 1 1 0 0
2014   2 28  5 51 58 338903  -24.77352  -45.79863     3893  21.3  1  0  4  6 0 0 1 1 1 0 0 1 0 0 0 0 0 0
2014   2 28  5 51 58 596241  -13.07098  158.34497    19256 108.8  2  0  6 15 0 0 0 1 1 0 0 1 0 0 1 1 0 1
2014   2 28  5 51 58 737836  -13.15869  158.44493    18872 109.5  2  0  6 15 0 0 1 1 1 0 0 1 0 0 0 1 0 1
2014   2 28  5 51 58 800026  -13.10571  158.56110    16392  90.9  2  0  6 15 0 0 1 1 0 0 0 1 0 0 1 1 0 1
2014   2 28  5 51 59 310011  -20.73063  -49.00433     5735  97.4  2  0  6 12 0 0 1 1 1 0 0 1 0 0 1 0 0 1
2014   2 28  5 51 59 562192  -11.71481  171.05334    25665 116.2  2  0  6 15 0 0 1 1 0 0 0 1 0 1 1 1 0 0
2014   2 28  5 52  0 322311  -20.67669  -46.93721     2538  13.0  0  0  6 15 0 0 1 1 1 0 0 1 0 0 1 0 0 1
2014   2 28  5 52  0 350002   -6.29899  -74.47481     3154  16.5  0  0  7 21 0 0 0 1 1 0 0 1 0 1 1 1 0 1
2014   2 28  5 52  0 411996  -20.67050  -47.02259     2494  12.0  0  0  6 14 0 0 1 1 1 0 0 0 0 1 1 0 0 1
2014   2 28  5 52  0 656155  -20.71802  -47.00723     2847  19.1  0  0  6 12 0 0 1 1 1 0 0 1 0 0 0 1 0 1
2014   2 28  5 52  0 723324   -6.26115  -74.47595     4350  14.6  0  0  5  9 0 0 0 1 0 0 0 1 0 0 1 1 0 1
2014   2 28  5 52  0 766006  -20.73371  -46.96751     2856  13.2  0  0  5  9 0 0 1 1 1 0 0 1 0 0 0 0 0 1
2014   2 28  5 52  0 853888  -20.73191  -46.97285     2448  13.7  0  0  7 18 0 0 1 1 1 0 0 1 0 0 1 0 1 1
2014   2 28  5 52  1  19032  -20.29593  -47.29428     2936  10.4  0  0  5  8 0 0 1 0 0 0 0 0 0 1 1 1 0 1
2014   2 28  5 52  1 180304   -8.43231  -74.18075     3476  21.8  0  0  7 20 0 0 0 1 1 0 0 1 0 1 1 1 0 1
2014   2 28  5 52  1 386610   -8.46023  -74.31570     4190   9.0  0  0  5  9 0 0 0 1 1 0 0 1 0 0 0 1 0 1
2014   2 28  5 52  1 600718   -7.26312    8.65995    21115  12.3  0  0  5 10 0 0 1 1 1 0 0 0 0 0 1 0 0 1
2014   2 28  5 52  1 830834    7.30203  -73.30398     4778  31.0  0  0  6 13 0 0 1 1 1 0 0 0 0 0 1 1 0 1
2014   2 28  5 52  2 315741  -20.56054  -49.16571     3710  49.1  1  0  6 12 0 0 1 1 0 0 0 1 0 1 0 1 0 1
2014   2 28  5 52  2 508347  -20.52096  -49.20068     3070  39.2  0  0  6 14 0 0 1 1 0 0 0 0 0 1 1 1 0 1
2014   2 28  5 52  2 598851  -20.74049  -47.00447     3146  13.2  0  0  5  8 0 0 1 1 1 0 0 1 0 0 0 0 0 1
2014   2 28  5 52  2 665745  -20.65583  -49.05199     3094  10.1  0  0  5  7 0 0 1 1 1 0 0 1 0 0 1 0 0 0
2014   2 28  5 52  3  40631  -12.51537  -72.85455     6953  19.5  0  0  5 10 0 0 1 1 1 0 0 0 0 0 1 0 0 1
2014   2 28  5 52  3  48417  -12.26074  -73.42352     3585  25.0  0  0  7 21 0 0 0 1 1 0 0 1 0 1 1 1 0 1
2014   2 28  5 52  3 423620  -12.22502  -73.36432     5342  17.2  0  0  4  6 0 0 0 1 0 0 0 0 0 0 1 1 0 1
2014   2 28  5 52  3 529359  -22.28033  -45.90588     2819  19.3  0  0  5 10 0 0 1 1 1 0 0 1 0 0 0 0 0 1
2014   2 28  5 52  3 540309  -22.26812  -45.86316     2876  22.7  0  0  5 10 0 0 1 0 1 0 0 1 0 0 1 0 0 1
2014   2 28  5 52  3 590200  -12.29795  -73.46614     3754  28.2  0  0  7 21 0 0 0 1 1 0 0 1 0 1 1 1 0 1
2014   2 28  5 52  3 763590  -12.30391  -73.48116     3864  30.1  0  0  7 21 0 0 0 1 1 0 0 1 0 1 1 1 0 1
2014   2 28  5 52  3 771802  -12.20338  -73.25799     3224  36.9  0  0  7 21 0 0 1 1 1 0 0 1 0 0 1 1 0 1
2014   2 28  5 52  3 909920  -20.80275  -47.15277     2631  19.8  0  0  6 15 0 0 1 1 1 0 0 1 0 0 1 0 0 1
2014   2 28  5 52  4 711544  -10.72855  172.50520     7912  32.8  0  0  7 21 0 0 1 1 1 0 0 1 0 0 1 1 0 1
2014   2 28  5 52  4 767075  -14.11152  160.34076     7623  38.0  0  0  7 21 0 0 1 0 1 0 0 1 0 1 1 1 0 1
2014   2 28  5 52  4 787433  -21.81013  169.76080   188129  30.5  1  0  4  6 0 0 1 1 1 0 0 1 0 0 0 0 0 0
2014   2 28  5 52  5  44086  -13.99336  160.52412     7139  12.1  0  0  5 10 0 0 1 1 0 0 0 1 0 0 1 1 0 0
2014   2 28  5 52  5 422614   28.71802   74.86843    20732  26.5  1  0  4  6 0 0 0 1 0 0 0 1 0 0 0 1 0 1
2014   2 28  5 52  5 745345   -5.98523  -74.79537     7420  46.9  1  0  5  9 0 0 0 1 1 0 0 1 0 0 1 1 0 0
2014   2 28  5 52  6 679040   -4.59786  -62.93182     4534  36.6  0  0  6 11 0 0 1 0 0 0 0 1 0 1 1 1 0 1
2014   2 28  5 52  7 705354   31.60918 -133.22282    17930  13.9  0  0  4  6 0 0 1 1 0 0 0 1 0 0 0 1 0 0
2014   2 28  5 52  7 772314   -6.13190  -74.78938     6180  58.6  1  0  6 14 0 0 0 1 1 0 0 1 0 0 1 1 0 1
2014   2 28  5 52  8 353299   -6.10686  -74.55984     4331  67.6  1  0  7 21 0 0 1 1 1 0 0 1 0 0 1 1 0 1
2014   2 28  5 52  8 435344   -6.12106  -74.86459     6335  51.0  2  0  5 10 0 0 0 1 0 0 0 1 0 0 1 1 0 1
2014   2 28  5 52  8 702957  -30.21186  -42.81123     5963  27.7  1  0  4  6 0 0 1 0 0 0 0 1 0 1 0 0 0 1
2014   2 28  5 52  8 711535  -30.29632  -42.50489     5652  47.0  1  0  5 10 0 0 1 1 0 0 0 1 0 0 1 0 0 1
2014   2 28  5 52  8 838582  -24.23662  -45.84381     5307  67.4  2  0  5 10 0 0 0 1 1 0 0 1 0 0 1 0 0 1
2014   2 28  5 52  9  24375  -30.21737  -42.63305     5038  55.4  1  0  6 15 0 0 1 1 1 0 0 1 0 0 1 0 0 1
2014   2 28  5 52  9 387098    3.10257  -84.72563     6242  76.4  2  0  7 21 0 0 1 1 1 0 0 1 0 0 1 1 0 1
2014   2 28  5 52  9 476702  -21.98609  -46.00405     3732  51.9  1  0  6 15 0 0 1 1 1 0 0 1 0 0 1 1 0 0
2014   2 28  5 52  9 749984  -22.10216  -45.91072     3550  58.6  1  0  6 15 0 0 1 1 1 0 0 1 0 0 1 0 0 1
2014   2 28  5 52 10  92546    6.80355  -78.71806    14746  50.0  1  0  5  7 0 0 0 1 1 0 0 1 0 0 0 1 0 1
2014   2 28  5 52 10 434885    7.73476  -74.64463     9847  78.9  2  0  6 14 0 0 0 1 1 0 0 1 0 0 1 1 0 1
2014   2 28  5 52 10 811231    7.75484  -74.62273     9383  81.5  2  0  6 15 0 0 0 1 1 0 0 1 0 0 1 1 0 1
2014   2 28  5 52 12 895765   -6.19759  -75.19508     8361 108.0  2  0  7 21 0 0 0 1 1 0 0 1 0 1 1 1 0 1
2014   2 28  5 52 13  12402   -4.50071  -71.51022     8301  87.2  2  0  6 15 0 0 0 0 1 0 0 1 0 1 1 1 0 1
2014   2 28  5 52 13 334350  -24.79983 -140.96286    42825 109.1  2  0  6 15 0 0 0 1 1 0 0 1 0 1 0 1 0 1
2014   2 28  5 52 13 354097  -24.57698 -137.33727    23140  98.5  2  0  6 15 0 0 1 1 1 0 0 1 0 0 1 1 0 0
2014   2 28  5 52 13 363493  -24.57241 -137.30310    23066  98.0  2  0  6 15 0 0 1 1 1 0 0 1 0 0 1 1 0 0
2014   2 28  5 52 13 920024  -30.62174 -110.54508    14164 109.0  2  0  7 21 0 0 1 1 1 0 0 1 0 0 1 1 0 1
2014   2 28  5 52 14  28103  -30.40168 -108.28133     6827  21.6  0  0  5 10 0 0 1 0 1 0 0 0 0 1 0 1 0 1
2014   2 28  5 52 14 180081    7.53168  -73.52184     7921 110.5  2  0  7 21 0 0 1 0 1 0 0 1 0 1 1 1 0 1
2014   2 28  5 52 14 554264  -28.57572  -42.55257     9362  70.4  2  0  5 10 0 0 1 0 1 0 0 1 0 0 1 0 0 1
2014   2 28  5 52 15 145326    7.22984   97.74902     8277  26.2  0  0  5  7 0 0 0 1 1 0 0 1 0 0 0 1 0 1
2014   2 28  5 52 15 813650  -16.04822  -51.22718     5482 110.4  2  0  6 15 0 0 1 1 1 0 0 1 0 0 1 0 0 1
2014   2 28  5 52 15 991198  -15.97694  -51.47863     5189 111.1  2  0  7 16 0 0 1 1 0 0 0 1 0 1 1 1 0 1
2014   2 28  5 52 16  87180  -21.27986  -49.21423     3041  18.1  0  0  5  8 0 0 1 0 1 0 0 1 0 1 1 0 0 0
2014   2 28  5 52 16 231350  -21.28269  -49.09068     3145   9.4  0  0  5  7 0 0 1 1 1 0 0 1 0 0 1 0 0 0
2014   2 28  5 52 17 434028   21.25837 -112.53099    30847  14.7  0  0  4  6 0 0 0 1 0 0 0 1 0 0 0 1 0 1
2014   2 28  5 52 18  46617  -20.70831  -46.98307     3538  23.0  0  0  6 11 0 0 1 1 1 0 0 1 0 0 1 1 0 0
2014   2 28  5 52 18  61713    6.90626  -73.59386     6351  19.2  0  0  6 13 0 0 1 1 0 0 0 1 0 1 1 0 0 1
2014   2 28  5 52 18 106182   -6.25646  -74.70683     3873   1.0  0  0  5  9 0 0 0 1 1 0 0 1 0 0 0 1 0 1
2014   2 28  5 52 19 119008    7.33622  -73.94854     5774  27.3  0  0  5  8 0 0 0 1 1 0 0 1 0 0 1 1 0 0
2014   2 28  5 52 19 586941  -20.40110  -47.17458     2634  18.4  0  0  6 15 0 0 1 1 1 0 0 1 0 0 1 0 0 1
2014   2 28  5 52 19 666837  -20.41543  -47.15309     2846  20.7  0  0  6 13 0 0 1 1 1 0 0 1 0 0 1 0 0 1
2014   2 28  5 52 20 616148   -0.50712    6.36960    14358   3.4  0  0  4  6 0 0 1 1 0 0 0 1 0 0 1 0 0 0
2014   2 28  5 52 21  21062  -21.78050 -141.76239    10642  36.1  0  0  6 15 0 0 1 1 0 0 0 1 0 0 1 1 0 1
2014   2 28  5 52 21  31375  -21.85264 -141.21301    10626  49.4  0  0  7 21 0 0 1 1 0 0 0 1 0 1 1 1 0 1
2014   2 28  5 52 21 508371  -21.76419 -141.38402    13932  52.9  1  0  6 15 0 0 1 1 0 0 0 1 0 1 1 1 0 0
2014   2 28  5 52 21 541890  -21.66401 -142.20673     9437   5.4  0  0  4  6 0 0 1 1 0 0 0 1 0 0 0 1 0 0
2014   2 28  5 52 21 682572  -22.72145  -47.34039     3439  33.2  1  0  5  8 0 0 0 1 1 0 0 1 0 0 1 0 0 1
2014   2 28  5 52 21 896302  -16.01026  -51.10086     3017  47.9  0  0  7 21 0 0 1 1 1 0 0 1 0 1 1 0 0 1
2014   2 28  5 52 21 947110  -16.01102  -51.02916     3234  37.0  0  0  6 15 0 0 1 1 1 0 0 1 0 0 1 0 0 1
2014   2 28  5 52 22 402650  -16.00257  -51.06528     3338  40.7  1  0  6 15 0 0 1 1 1 0 0 1 0 0 1 0 0 1
2014   2 28  5 52 22 999031    7.23139  -75.42908     7856  29.2  0  0  5 10 0 0 0 1 1 0 0 1 0 0 0 1 0 1
2014   2 28  5 52 23 472754  -20.81409  -47.12032     3540  80.4  2  0  7 20 0 0 1 1 0 0 0 1 0 1 1 1 0 1
2014   2 28  5 52 23 647574  -20.73343  -46.88369     3357  45.6  1  0  6 15 0 0 1 1 1 0 0 1 0 0 1 0 0 1
2014   2 28  5 52 23 856157  -20.71632  -46.95425     4517  48.9  1  0  5 10 0 0 1 1 1 0 0 1 0 0 1 0 0 0
2014   2 28  5 52 23 930790  -20.90273  -46.76115     3239  17.9  0  0  5  9 0 0 1 1 1 0 0 0 0 0 1 0 0 1
2014   2 28  5 52 23 964988  -29.29510 -135.34865    17006  56.8  1  0  6 15 0 0 1 0 1 0 0 1 0 0 1 1 0 1
2014   2 28  5 52 24 412190   -7.52840    5.61820    26207  84.4  2  0  6 14 0 0 1 1 1 0 0 1 0 0 1 0 0 1
2014   2 28  5 52 24 973670  -33.54583  -39.48882     4985  64.0  1  0  7 21 0 0 1 1 1 0 0 1 0 1 1 0 0 1
2014   2 28  5 52 25 117854  -20.99142  -46.79192     3227  17.9  0  0  5  9 0 0 1 1 1 0 0 0 0 0 1 0 0 1
2014   2 28  5 52 25 285332  -20.81875  -46.95117     4579  62.0  2  0  5 10 0 0 0 1 1 0 0 1 0 0 1 0 0 1
2014   2 28  5 52 25 733861   -6.12710  -74.97887     8587  95.2  2  0  6 15 0 0 0 1 1 0 0 1 0 1 1 1 0 0
2014   2 28  5 52 25 962949  -16.35976  -51.45352     4377  68.9  2  0  6 14 0 0 1 1 1 0 0 1 0 0 1 0 0 1
2014   2 28  5 52 26 145333  -22.10786  -45.89395     4421  66.2  2  0  5 10 0 0 0 1 1 0 0 1 0 0 1 0 0 1
2014   2 28  5 52 27    395  -22.13867  -45.98239     3820  93.8  2  0  7 21 0 0 1 1 1 0 0 1 0 1 1 0 0 1
2014   2 28  5 52 28 404684    5.24307  -80.76469    37834  81.0  2  0  5 10 0 0 1 1 1 0 0 0 0 0 1 0 0 1
2014   2 28  5 52 28 575449  -14.13769  -42.70720     8065  34.8  1  0  5 10 0 0 1 0 1 0 0 1 0 0 1 0 0 1
2014   2 28  5 52 29   3349   -2.91531    6.79006    32530 122.9  2  0  7 16 0 0 1 1 1 0 0 1 0 0 1 1 0 1
2014   2 28  5 52 29 160932   -4.71542    3.64479    30821  91.8  2  0  6 15 0 0 1 1 1 0 0 1 0 0 1 0 0 1
2014   2 28  5 52 30  22493   -6.00055  -74.30320     5913 108.0  2  0  7 21 0 0 1 0 1 0 0 1 0 1 1 1 0 1
2014   2 28  5 52 30  98099   -5.98121  -75.11758     9881 113.7  2  0  6 15 0 0 0 1 1 0 0 1 0 0 1 1 0 1
2014   2 28  5 52 30 433816   -5.90599  -74.45283     7241 140.1  2  0  7 21 0 0 1 1 1 0 0 0 0 1 1 1 0 1
2014   2 28  5 52 30 548200   -6.73926  -77.92646     8348  15.3  0  0  4  6 0 0 0 1 1 0 0 0 0 1 0 1 0 0
2014   2 28  5 52 31 399227  -20.41469  -46.91086     4001  44.4  1  0  5 10 0 0 1 0 1 0 0 1 0 0 1 0 0 1
2014   2 28  5 52 31 559766  -20.83591  -47.13667     4298 124.2  2  0  7 21 0 0 1 1 1 0 0 1 0 1 1 0 0 1
2014   2 28  5 52 32  63767   -7.30829    8.07274    16642  64.0  2  0  6 14 0 0 1 1 0 0 0 1 0 0 1 1 0 1
2014   2 28  5 52 32 121529  -28.81592  -42.45490     3085  28.2  0  0  7 21 0 0 1 1 1 0 0 1 0 1 1 0 0 1
2014   2 28  5 52 33 220607  -20.71415  -46.97445     2453   8.6  0  0  6 14 0 0 1 1 1 0 0 1 0 0 1 0 0 1
2014   2 28  5 52 33 538895  -20.73018  -46.90986     3067   4.3  0  0  4  6 0 0 1 1 0 0 0 1 0 0 1 0 0 0
2014   2 28  5 52 33 597877  -25.40609  -44.74179     5259  27.4  0  0  5  7 0 0 0 1 1 0 0 0 0 0 1 1 0 1
2014   2 28  5 52 33 606765  -25.37928  -44.77350     2831  19.0  0  0  6 15 0 0 1 1 1 0 0 1 0 0 1 0 0 1
2014   2 28  5 52 33 869107  -21.74322  -46.37766     2392   6.8  0  0  6 15 0 0 1 1 1 0 0 1 0 0 1 0 0 1
2014   2 28  5 52 33 879114  -21.71367  -46.49447     2705  37.2  0  0  7 21 0 0 0 1 1 0 0 1 0 1 1 1 0 1
2014   2 28  5 52 33 946118  -21.67977  -46.33931     3540  45.2  1  0  6 13 0 0 1 1 1 0 0 1 0 0 1 0 0 1
2014   2 28  5 52 34 637067  -15.82294  -51.21093     2696  32.7  0  0  7 21 0 0 0 1 1 0 0 1 0 1 1 1 0 1
2014   2 28  5 52 34 984272  -20.67387  -46.91644     2423   8.5  0  0  6 15 0 0 1 1 1 0 0 1 0 0 1 0 0 1
2014   2 28  5 52 36 109124  -24.43260  -45.70868     3180  44.1  0  0  7 20 0 0 1 1 1 0 0 1 0 1 1 0 0 1
2014   2 28  5 52 36 325243  -22.23327  -46.00153     3367  53.4  1  0  6 15 0 0 1 1 1 0 0 1 0 1 0 0 0 1
2014   2 28  5 52 36 421373   -6.36348  -74.17841     9480  24.6  0  0  5 10 0 0 0 1 1 0 0 1 0 0 1 0 0 1
2014   2 28  5 52 36 578795  -24.38536  -45.72083     3255  24.5  0  0  5 10 0 0 1 1 1 0 0 0 0 0 1 0 0 1
2014   2 28  5 52 36 701109  -33.29781  -39.47816     7171  22.3  0  0  5  9 0 0 0 1 1 0 0 1 0 0 1 0 0 1
2014   2 28  5 52 36 720714  -33.68464  -39.07432     3734   2.4  0  0  4  6 0 0 1 1 0 0 0 1 0 0 1 0 0 0
2014   2 28  5 52 37  26969   -6.15927  -74.78770     5306  60.1  1  0  7 21 0 0 0 1 1 0 0 1 0 1 1 1 0 1
2014   2 28  5 52 37 210289  -28.55211  -42.63756     3930  18.4  0  0  5 10 0 0 0 1 1 0 0 1 0 0 1 0 0 1
2014   2 28  5 52 37 245484  -28.65806  -42.62199     3613  16.5  0  0  5  9 0 0 1 1 1 0 0 1 0 0 0 0 0 1
2014   2 28  5 52 37 265004   -6.05374  -74.70145     4481  34.1  0  0  6 15 0 0 0 1 1 0 0 1 0 0 1 1 0 1
2014   2 28  5 52 37 433761  -28.65771  -42.56141     3298  24.8  0  0  6 15 0 0 1 1 1 0 0 1 0 0 1 0 0 1
2014   2 28  5 52 38 677422  -13.37945  171.41161     9561  34.4  0  0  6 15 0 0 1 1 0 0 0 1 0 0 1 1 0 1
2014   2 28  5 52 38 803639  -12.85838  170.69949     7576  10.5  0  0  5 10 0 0 1 1 0 0 0 1 0 0 1 1 0 0
2014   2 28  5 52 38 945930  -12.89469  170.64796    10194  37.4  0  0  6 15 0 0 1 1 0 0 0 1 0 0 1 1 0 1
2014   2 28  5 52 39 183354   -4.25273  -71.16796     4663  45.1  1  0  6 15 0 0 0 1 1 0 0 1 0 0 1 1 0 1
2014   2 28  5 52 39 265813  -13.43559  171.56557     9997  46.5  0  0  7 21 0 0 1 1 1 0 0 1 0 0 1 1 0 1
2014   2 28  5 52 39 372914   -4.10673  -70.93240     6503  55.4  2  0  5  9 0 0 0 1 0 0 0 1 0 0 1 1 0 1
2014   2 28  5 52 39 767200  -20.69744  -47.08171     3503  72.6  2  0  7 21 0 0 1 1 1 0 0 1 0 0 1 1 0 1
2014   2 28  5 52 40  24021  -20.79758  -47.11363     4666  36.4  1  0  5  7 0 0 1 1 1 0 0 1 0 0 0 0 0 1
2014   2 28  5 52 41 336077    7.24196  -74.48380     7031  80.1  2  0  6 13 0 0 1 1 1 0 0 1 0 0 0 1 0 1
2014   2 28  5 52 41 763970  -15.93994  -51.28764     5058  90.7  2  0  6 14 0 0 1 0 0 0 0 1 0 1 1 1 0 1
2014   2 28  5 52 41 822398  -15.93482  -51.30809     4976  91.8  2  0  6 15 0 0 1 0 0 0 0 1 0 1 1 1 0 1
2014   2 28  5 52 43  65676  -29.91870  -43.21321     3528  47.7  0  0  7 21 0 0 1 1 1 0 0 1 0 1 0 1 0 1
2014   2 28  5 52 43 922815    4.39407  -72.03551    61367  66.2  2  0  5 10 0 0 1 0 1 0 0 0 0 1 1 0 0 1
2014   2 28  5 52 44 292944  -21.06453  -49.60783     3372  30.4  1  0  5 10 0 0 1 1 0 0 0 1 0 1 1 0 0 0
2014   2 28  5 52 45 153643  -20.70074  -46.73073     3648  37.1  1  0  5 10 0 0 1 0 1 0 0 1 0 0 1 0 0 1
2014   2 28  5 52 45 242942  -20.83475  -46.93941     4228  76.9  2  0  6 15 0 0 1 1 1 0 0 1 0 0 1 0 0 1
2014   2 28  5 52 45 261306  -20.83422  -46.94761     4223  76.6  2  0  6 15 0 0 1 1 1 0 0 1 0 0 1 0 0 1
2014   2 28  5 52 46  69709  -12.10352  -73.39448     6110 132.8  2  0  7 21 0 0 1 1 0 0 0 1 0 1 1 1 0 1
2014   2 28  5 52 46 142872  -23.02708  -46.73327     3571  22.3  1  0  4  6 0 0 1 0 0 0 0 0 0 1 1 0 0 1
2014   2 28  5 52 46 645635  -12.13313  -73.04288     5397 106.4  2  0  7 21 0 0 1 0 1 0 0 1 0 1 1 1 0 1
2014   2 28  5 52 46 740755  -12.66342  -72.34951     5655  44.0  1  0  5  9 0 0 1 0 1 0 0 1 0 1 0 0 0 1
2014   2 28  5 52 46 855997  -14.03685  -43.71193     3438  78.1  2  0  7 18 0 0 1 1 1 0 0 1 0 0 1 1 0 1
2014   2 28  5 52 47 109678  -12.31875  -73.90308     9815 136.6  2  0  7 21 0 0 0 1 1 0 0 1 0 1 1 1 0 1
2014   2 28  5 52 47 699582  -11.52195   -0.55271    75636  86.2  2  0  5 10 0 0 1 1 1 0 0 0 0 0 1 0 0 1
2014   2 28  5 52 48  64095   -6.18628  -74.31461     2649  11.9  0  0  7 20 0 0 1 1 1 0 0 1 0 0 1 1 0 1
2014   2 28  5 52 48  74397   -6.18820  -74.31880     2586  12.1  0  0  7 21 0 0 1 1 1 0 0 1 0 0 1 1 0 1
2014   2 28  5 52 48 125588   -6.19024  -74.27765     2512   7.6  0  0  7 21 0 0 1 1 1 0 0 0 0 1 1 1 0 1
2014   2 28  5 52 48 159619   -6.24742  -74.24748     3149   2.9  0  0  6 15 0 0 1 1 1 0 0 1 0 1 1 0 0 0
2014   2 28  5 52 48 214533   -6.18259  -74.24632     3021   7.2  0  0  5 10 0 0 1 0 1 0 0 0 0 0 1 1 0 1
2014   2 28  5 52 48 368056   -6.17879  -74.32652     3095  15.5  0  0  6 13 0 0 1 1 0 0 0 1 0 1 0 1 0 1
2014   2 28  5 52 48 681587   -6.17483  -74.30984     2822  21.1  0  0  7 21 0 0 1 1 1 0 0 1 0 1 1 1 0 0
2014   2 28  5 52 48 862269   -6.15214  -74.26733     3348  13.9  0  0  5  9 0 0 1 1 1 0 0 0 0 0 0 1 0 1
2014   2 28  5 52 49  97856  -22.92650  170.18454   106456  19.9  0  0  5 10 0 0 1 1 1 0 0 1 0 0 0 0 0 1
2014   2 28  5 52 49 147820  -14.01726  159.75232     9907  12.4  0  0  4  6 0 0 1 0 0 0 0 1 0 0 1 1 0 0
2014   2 28  5 52 49 157382  -20.52516  -49.28524     4296  45.0  1  0  6 11 0 0 1 1 1 0 0 1 0 0 1 0 0 1
2014   2 28  5 52 49 349720   -6.20029  -74.39236     3016  19.9  0  0  6 15 0 0 1 1 1 0 0 1 0 0 0 1 0 1
2014   2 28  5 52 49 354923  -13.07447  157.52019    51108  38.6  1  0  5  9 0 0 1 1 0 0 0 0 0 0 1 1 0 1
2014   2 28  5 52 49 894199  -25.08504 -134.78000     5960  18.4  0  0  7 21 0 0 1 1 1 0 0 0 0 1 1 1 0 1
2014   2 28  5 52 49 953547  -25.09402 -134.79643     6065  19.1  0  0  7 21 0 0 1 1 1 0 0 0 0 1 1 1 0 1
2014   2 28  5 52 49 976438  -25.01078 -135.53455     9037   4.6  0  0  4  6 0 0 1 1 0 0 0 1 0 0 0 1 0 0
2014   2 28  5 52 50  37453  -25.11711 -136.13728    33217  21.0  0  0  5 10 0 0 0 1 1 0 0 0 0 1 0 1 0 1
2014   2 28  5 52 50  57172  -25.05597 -135.23270    12554  15.2  0  0  5  8 0 0 1 0 1 0 0 1 0 0 1 1 0 0
2014   2 28  5 52 50 109436  -25.03629 -135.18979     6437  21.5  0  0  7 21 0 0 1 1 1 0 0 1 0 0 1 1 0 1
2014   2 28  5 52 50 157710  -25.07672 -135.81827    12738  25.1  0  0  6 15 0 0 0 1 0 0 0 1 0 1 1 1 0 1
2014   2 28  5 52 50 321939  -25.05952 -135.22905     8281  25.3  0  0  6 15 0 0 1 1 1 0 0 1 0 0 0 1 0 1
2014   2 28  5 52 53  28341  -21.78991  -46.35304     3462  36.1  1  0  5 10 0 0 0 1 1 0 0 1 0 0 1 0 0 1
2014   2 28  5 52 53 155399   -8.32282  -74.29309    10997  49.4  1  0  5  7 0 0 0 1 0 0 0 1 0 0 1 1 0 1
2014   2 28  5 52 53 262351  -33.14934   16.82021    23526  34.3  1  0  5 10 0 0 1 1 1 0 0 0 0 0 1 0 0 1
2014   2 28  5 52 54 901277    4.87649  -72.67146     6815  60.5  2  0  6 14 0 0 0 1 1 0 0 1 0 1 1 1 0 0
2014   2 28  5 52 55 234846  -13.10018  156.92358     9953  59.5  1  0  7 21 0 0 0 1 1 0 0 1 0 1 1 1 0 1
2014   2 28  5 52 55 242088    1.10314    3.03243    17786  58.5  1  0  6 12 0 0 1 1 0 0 0 1 0 0 1 1 0 1
2014   2 28  5 52 55 279177  -13.01431  156.88190    12336  50.6  2  0  5 10 0 0 1 1 1 0 0 1 0 0 0 1 0 0
2014   2 28  5 52 55 396601  -13.01172  157.03366     6500   5.3  0  0  5  8 0 0 1 1 0 0 0 1 0 0 1 1 0 0
2014   2 28  5 52 55 732752    7.66003  -75.31788    12265  49.7  1  0  5  8 0 0 0 1 1 0 0 1 0 0 0 1 0 1
2014   2 28  5 52 55 911743  -15.67268 -179.41452    25390  60.7  2  0  5 10 0 0 0 1 0 0 0 1 0 0 1 1 0 1
2014   2 28  5 52 56  58239  -14.55566  179.10825    43127  21.9  1  0  4  6 0 0 1 1 0 0 0 1 0 0 1 0 0 0
2014   2 28  5 52 56  60715    7.71012  -74.60215    14568  83.6  2  0  6 11 0 0 0 1 1 0 0 0 0 1 1 1 0 1
2014   2 28  5 52 56 683811  -22.18058  -45.95908     3899  91.9  2  0  7 21 0 0 1 1 1 0 0 1 0 0 1 1 0 1
2014   2 28  5 52 56 696867  -22.39075  -45.66817     6692  97.1  2  0  6 13 0 0 1 1 1 0 0 1 0 0 1 0 0 1
2014   2 28  5 52 57 484856  -22.74143  -47.27385     3673  58.9  1  0  6 14 0 0 1 1 1 0 0 1 0 0 1 0 0 1
2014   2 28  5 52 57 495042  -20.79605  -46.96340     3879  62.6  2  0  6 15 0 0 1 1 1 0 0 1 0 0 1 0 0 1
2014   2 28  5 52 57 704188    5.15704  -73.25371     6026  80.9  2  0  7 18 0 0 1 1 1 0 0 1 0 0 1 1 0 1
2014   2 28  5 52 58 281285  -22.08463  -45.87208     3961  69.6  2  0  6 15 0 0 1 1 1 0 0 1 0 0 1 0 0 1
2014   2 28  5 52 58 682169   -6.06930  -74.57693     5752 110.3  2  0  7 21 0 0 1 1 1 0 0 1 0 1 1 1 0 0
2014   2 28  5 52 58 708455   -6.71139  -77.09586     8872  19.3  0  0  4  6 0 0 0 1 1 0 0 0 0 1 0 1 0 0
2014   2 28  5 52 58 845303   -6.01834  -74.69785     5644  81.9  2  0  6 15 0 0 1 1 0 0 0 1 0 0 1 1 0 1
2014   2 28  5 52 59 654880  -23.70550  -46.07694     2946   1.5  0  0  4  6 0 0 1 1 1 0 0 1 0 0 0 0 0 0
2014   2 28  5 53  0  40671   32.03885 -136.13725    15104   4.7  0  0  4  6 0 0 1 1 0 0 0 1 0 0 0 1 0 0
2014   2 28  5 53  0  94773   29.65933 -129.89658    30332 149.2  2  0  7 21 0 0 1 1 1 0 0 1 0 1 1 1 0 0
2014   2 28  5 53  0 130735  -33.34270  -40.23520     6704  24.2  1  0  4  6 0 0 1 0 0 0 0 1 0 1 0 0 0 1
2014   2 28  5 53  0 148747  -33.52216  -39.55758     7535  81.7  2  0  6 15 0 0 1 1 1 0 0 1 0 0 1 0 0 1
2014   2 28  5 53  0 159437  -33.52457  -39.56794     7604  82.9  2  0  6 15 0 0 1 1 1 0 0 1 0 0 1 0 0 1
2014   2 28  5 53  0 182338  -33.51187  -39.56179     7619  82.9  2  0  6 15 0 0 1 1 1 0 0 1 0 0 1 0 0 1
2014   2 28  5 53  0 192710  -33.34362  -40.26593     4562  24.1  0  0  5 10 0 0 1 1 1 0 0 1 0 0 0 0 0 1
2014   2 28  5 53  0 266812  -33.29335  -40.38760     6666  22.5  1  0  4  6 0 0 1 1 0 0 0 1 0 0 0 0 0 1
2014   2 28  5 53  1 709559  -11.96423  -73.29598     5343 104.6  2  0  7 21 0 0 1 0 1 0 0 1 0 1 1 1 0 1
2014   2 28  5 53  2 197828  -28.49359  -42.97298     6023  80.7  2  0  6 15 0 0 1 1 1 0 0 1 0 0 1 0 0 1
2014   2 28  5 53  2 305027  -27.88905  -43.46745     6113  66.5  2  0  6 12 0 0 0 1 1 0 0 1 0 0 1 1 0 1
2014   2 28  5 53  2 718093  -24.16522  -46.07112     4978 102.0  2  0  6 14 0 0 1 1 1 0 0 0 0 1 1 0 0 1
2014   2 28  5 53  2 984212  -22.36185  -45.84151     4879 104.4  2  0  6 15 0 0 1 1 1 0 0 1 0 0 1 0 0 1
2014   2 28  5 53  3 215177  -14.10027  -42.67735    10580  33.4  1  0  5  8 0 0 1 0 1 0 0 1 0 0 1 0 0 1
2014   2 28  5 53  3 227833  -15.84846  -51.37236     4456 124.1  2  0  7 21 0 0 1 1 1 0 0 1 0 1 1 1 0 0
2014   2 28  5 53  3 489471  -14.14150  -43.83632     4133  86.3  2  0  6 15 0 0 1 1 1 0 0 1 0 0 1 0 0 1
2014   2 28  5 53  3 628701  -16.32381  -51.01897     8229 129.6  2  0  6 15 0 0 1 1 1 0 0 0 0 1 1 0 0 1
2014   2 28  5 53  3 768587  -16.11193  -51.34155     4738  74.0  2  0  6 11 0 0 0 1 1 0 0 1 0 1 0 1 0 1
2014   2 28  5 53  3 959850   -6.09695  -74.32510     6322 120.4  2  0  7 21 0 0 1 0 1 0 0 1 0 1 1 1 0 1
2014   2 28  5 53  4  37076   -6.34311  -74.31841     5505   3.7  0  0  5 10 0 0 0 1 1 0 0 1 0 1 1 0 0 0
2014   2 28  5 53  4  58746   -6.34185  -74.34213     7350   2.8  0  0  4  6 0 0 0 1 0 0 0 1 0 1 1 0 0 0
2014   2 28  5 53  4  66830   -6.27560  -74.49312     2956   6.8  0  0  6 15 0 0 0 1 1 0 0 1 0 0 1 1 0 1
2014   2 28  5 53  4  89748   -6.30741  -74.57324     4391   2.6  0  0  4  6 0 0 0 1 1 0 0 1 0 0 0 1 0 0
2014   2 28  5 53  5  96472    7.01037  -74.32732     3880  19.7  0  0  7 18 0 0 1 1 1 0 0 1 0 0 1 1 0 1
2014   2 28  5 53  5 283733    7.01602  -74.28130     3302  19.6  0  0  7 21 0 0 1 0 1 0 0 1 0 1 1 1 0 1
2014   2 28  5 53  5 404649    5.46318  144.66518     6571  55.3  1  0  6 15 0 0 1 0 1 0 0 1 0 1 0 1 0 1
2014   2 28  5 53  5 888801  -20.70828  -47.05201     2594  19.9  0  0  7 19 0 0 0 1 1 0 0 1 0 0 1 1 1 1
2014   2 28  5 53  6 261488  -21.98916  -45.83585     2938  18.2  0  0  5 10 0 0 1 1 1 0 0 0 0 0 1 0 0 1
2014   2 28  5 53  6 317183  -20.72595  -47.05039     2675  21.7  0  0  6 15 0 0 1 1 1 0 0 1 0 1 1 0 0 0
2014   2 28  5 53  6 338155  -20.40748  -47.25241     2837  16.8  0  0  5 10 0 0 0 1 1 0 0 1 0 0 1 0 0 1
2014   2 28  5 53  6 439126  -20.74006  -47.04239     2596  22.0  0  0  6 15 0 0 1 1 1 0 0 1 0 1 0 0 0 1
2014   2 28  5 53  6 447748  -21.96473  -45.86411     2579  19.1  0  0  6 15 0 0 1 1 1 0 0 1 0 0 1 0 0 1
2014   2 28  5 53  6 586906  -20.83998  -50.86604     3306  26.8  0  0  6 11 0 0 1 0 1 0 0 0 0 1 1 1 0 1
2014   2 28  5 53  6 625823  -20.85937  -50.96236     2602  28.0  0  0  7 20 0 0 1 1 1 0 0 1 0 1 1 1 0 0
2014   2 28  5 53  7 151606  -29.97410 -133.68021    56861  30.4  0  0  6 15 0 0 0 1 1 0 0 1 0 1 1 0 0 1
2014   2 28  5 53  7 219049  -29.53965 -135.83153    14396  30.1  0  0  6 15 0 0 0 1 0 0 0 1 0 1 1 1 0 1
2014   2 28  5 53  7 247036  -29.49264 -135.11942     9984  30.5  0  0  6 15 0 0 1 1 1 0 0 1 0 0 1 1 0 0
2014   2 28  5 53  7 307276  -29.52787 -136.21152    14289  18.9  0  0  5 10 0 0 0 0 1 0 0 1 0 0 1 1 0 1
2014   2 28  5 53  7 500933  -29.40961 -135.56110     9151  17.3  0  0  5 10 0 0 1 1 0 0 0 1 0 0 1 1 0 0
2014   2 28  5 53  8 629432  -20.68725  -46.94228     2922  28.4  0  0  6 14 0 0 1 1 1 0 0 1 0 0 1 0 0 1
2014   2 28  5 53  8 753418  -20.69473  -46.97070     3408  28.3  0  0  5  9 0 0 0 1 1 0 0 1 0 0 1 0 0 1
2014   2 28  5 53  8 832135  -20.70243  -46.94925     3381  31.7  1  0  5 10 0 0 0 1 1 0 0 1 0 0 1 0 0 1
2014   2 28  5 53  8 907050  -33.70590  -40.18866     5689  31.5  1  0  5 10 0 0 1 0 1 0 0 1 0 0 1 0 0 1
2014   2 28  5 53  9 132342  -33.68413  -40.39928     5350  37.8  1  0  5 10 0 0 1 1 1 0 0 0 0 0 1 0 0 1
2014   2 28  5 53  9 727623  -33.68105  -40.43184     4609  39.2  0  0  6 15 0 0 1 1 1 0 0 1 0 0 1 0 0 1
2014   2 28  5 53  9 911147  -20.53222  -49.26017     2429  14.1  0  0  7 17 0 0 1 1 1 0 0 1 0 1 1 0 0 1
2014   2 28  5 53  9 974422  -33.62901  -40.52146     5463  40.0  1  0  5 10 0 0 1 1 1 0 0 1 0 0 1 0 0 0
2014   2 28  5 53 10 482704  -30.19866  -42.68151     4225  55.2  1  0  7 21 0 0 1 1 1 0 0 1 0 0 1 1 0 1
2014   2 28  5 53 10 764634   -8.80661    3.06347    43799  39.6  1  0  5 10 0 0 1 1 1 0 0 0 0 0 1 0 0 1
2014   2 28  5 53 10 920351   -6.19401  -74.84271     9276  59.1  2  0  5  8 0 0 0 1 1 0 0 1 0 0 1 1 0 0
2014   2 28  5 53 11 594684   -5.91951  -74.96307     5948  67.6  1  0  7 21 0 0 0 1 1 0 0 1 0 1 1 1 0 1
2014   2 28  5 53 11 905633   -5.93417  -43.73616     5888  53.9  2  0  5 10 0 0 0 1 1 0 0 1 0 0 1 0 0 1
2014   2 28  5 53 11 910739    4.95358  -72.76633     7643  71.0  2  0  6 13 0 0 0 1 1 0 0 1 0 1 1 1 0 0
2014   2 28  5 53 12 569129  -21.76240 -142.30554    11705  55.5  1  0  7 21 0 0 1 0 1 0 0 1 0 1 1 1 0 1
2014   2 28  5 53 12 753005  -21.52460 -144.25175    34431  67.3  2  0  5 10 0 0 0 1 1 0 0 1 0 0 1 1 0 0
2014   2 28  5 53 12 886385  -12.30045  -73.19719     4579  79.9  2  0  7 20 0 0 1 1 1 0 0 1 0 0 1 1 0 1
2014   2 28  5 53 12 906213  -12.30255  -73.19933     4559  81.1  2  0  7 21 0 0 1 1 1 0 0 1 0 0 1 1 0 1
2014   2 28  5 53 13 416871   -9.86810    1.34457    54621  54.6  2  0  5 10 0 0 1 1 1 0 0 0 0 0 1 0 0 1
2014   2 28  5 53 14  32276    2.01409  -85.09416    11967  82.2  2  0  6 15 0 0 0 1 1 0 0 1 0 0 1 1 0 1
2014   2 28  5 53 14  68544    1.07864  -83.51953    38667  92.5  2  0  6 15 0 0 0 1 1 0 0 1 0 1 1 0 0 1
2014   2 28  5 53 14 421654  -15.87141  -51.45843     3875  93.1  2  0  7 21 0 0 1 1 1 0 0 0 0 1 1 1 0 1
2014   2 28  5 53 14 586215    7.62751  -74.73605    10288  84.2  2  0  6 14 0 0 0 1 1 0 0 1 0 0 1 1 0 1
2014   2 28  5 53 15  81644  -21.06692  -46.79416     3894  22.8  0  0  5  7 0 0 1 1 1 0 0 0 0 0 1 0 0 1
2014   2 28  5 53 15 239314  -22.31456  -45.87018     4120  78.3  2  0  6 15 0 0 1 1 1 0 0 1 0 0 1 0 0 1
2014   2 28  5 53 15 290614  -21.09593  -46.74043     3982  24.2  0  0  5  7 0 0 1 1 1 0 0 0 0 0 1 0 0 1
2014   2 28  5 53 15 682704  -21.16622  -49.49231     3070   3.8  0  0  4  6 0 0 1 1 0 0 0 1 0 0 1 0 0 0
2014   2 28  5 53 15 738427  -13.00470  -71.47929     5513 115.9  2  0  7 21 0 0 1 1 1 0 0 0 0 1 1 1 0 1
2014   2 28  5 53 16 512717  -28.49824  -42.94851     6772  73.3  2  0  5 10 0 0 1 1 1 0 0 0 0 0 1 0 0 1
2014   2 28  5 53 16 538901  -28.57282  -42.77397     5311  60.7  2  0  6 13 0 0 1 1 1 0 0 1 0 0 1 0 0 1
2014   2 28  5 53 16 822066  -28.11096  -43.28838     4148  24.7  0  0  5 10 0 0 0 1 1 0 0 1 0 0 1 0 0 1
2014   2 28  5 53 17 112374  -24.17473  -46.21973     3404  64.9  1  0  7 21 0 0 1 1 1 0 0 1 0 1 1 1 0 0
2014   2 28  5 53 17 684815   -6.00120  -74.47778     7133 135.0  2  0  7 21 0 0 1 1 1 0 0 0 0 1 1 1 0 1
2014   2 28  5 53 17 747737   -6.09611  -75.18285     9814 112.7  2  0  6 15 0 0 0 1 1 0 0 1 0 0 1 1 0 1
2014   2 28  5 53 18 931784  -20.68928  -49.19440     5319  95.2  2  0  6 12 0 0 1 1 1 0 0 1 0 0 1 0 0 1
2014   2 28  5 53 18 943846  -21.78569  -46.08480     2824   2.5  0  0  4  6 0 0 1 0 0 0 0 1 0 0 1 0 0 1
2014   2 28  5 53 19 379639    2.69951  -68.04314     8013  92.0  2  0  6 13 0 0 1 0 1 0 0 1 0 0 1 1 0 1
2014   2 28  5 53 20 566782    5.16706  -72.16940     5626  12.1  0  0  5  7 0 0 0 1 1 0 0 0 0 0 1 1 0 1
2014   2 28  5 53 21 216914  -21.93515  -45.80273     2629  10.2  0  0  5 10 0 0 1 1 0 0 0 1 0 0 1 0 0 1
2014   2 28  5 53 22 892865  -22.24376  -45.85328     2720  24.4  0  0  6 15 0 0 1 1 1 0 0 1 0 0 1 0 0 1
2014   2 28  5 53 23  37077  -22.24631  -45.86330     2722  24.5  0  0  6 15 0 0 1 1 1 0 0 1 0 0 1 0 0 1
2014   2 28  5 53 23 158207  -22.25064  -45.86515     3071  26.2  0  0  5 10 0 0 1 1 1 0 0 1 0 0 0 0 0 1
2014   2 28  5 53 24  82467  -20.49946  -46.84054     3540  20.2  0  0  5  7 0 0 1 0 1 0 0 1 0 0 1 0 0 1
2014   2 28  5 53 25 577466   -5.84611  -74.75280     5859  45.4  1  0  5 10 0 0 0 1 0 0 0 1 0 0 1 1 0 1
2014   2 28  5 53 25 731915  -25.67450 -133.27660    19552  52.0  1  0  7 20 0 0 1 1 1 0 0 1 0 1 1 0 0 1
2014   2 28  5 53 25 771061  -24.95696 -135.84259    11702  42.8  1  0  6 15 0 0 1 1 1 0 0 1 0 0 1 1 0 0
2014   2 28  5 53 26  78285  -28.62031  -42.64284     3879  37.0  0  0  6 15 0 0 1 1 1 0 0 1 0 0 1 0 0 1
2014   2 28  5 53 26 130058  -13.59405  158.91548    15085  58.1  2  0  5 10 0 0 1 0 1 0 0 1 0 0 0 1 0 1
2014   2 28  5 53 26 271019    6.42874  -78.35149     6736  54.5  1  0  7 21 0 0 0 1 1 0 0 1 0 1 1 1 0 1
2014   2 28  5 53 26 356989    6.37254  -77.92286     5387  62.8  1  0  7 20 0 0 1 1 1 0 0 1 0 1 1 1 0 0
2014   2 28  5 53 26 849032  -20.77365  -46.95813     3573  48.5  1  0  6 14 0 0 1 1 1 0 0 1 0 0 1 0 0 1
2014   2 28  5 53 26 971021  -31.74272   19.19757    32169  73.3  2  0  5 10 0 0 1 1 0 0 0 1 0 0 1 0 0 1
2014   2 28  5 53 27  41448  -20.80597  -46.96260     4188  51.6  2  0  5 10 0 0 0 1 1 0 0 1 0 0 1 0 0 1
2014   2 28  5 53 27 152359   -4.73240  -72.03170     4353  72.3  2  0  7 21 0 0 1 1 1 0 0 1 0 1 1 1 0 0
2014   2 28  5 53 27 293033   -4.72080  -71.87771     4943  51.2  1  0  6 14 0 0 1 0 1 0 0 1 0 0 1 1 0 1
2014   2 28  5 53 27 351037  -20.67515  -47.15541     4149  38.1  1  0  5  7 0 0 1 1 1 0 0 1 0 0 1 0 0 0
2014   2 28  5 53 27 367415  -12.86326  170.45052    13984  64.8  1  0  7 21 0 0 0 1 1 0 0 1 0 1 1 1 0 1
2014   2 28  5 53 27 517721   -6.39721  -74.10209     7270  61.4  2  0  6 15 0 0 1 1 1 0 0 1 0 0 1 0 0 1
2014   2 28  5 53 27 826269   -6.13077  -74.83171     6656  67.6  2  0  6 15 0 0 0 1 1 0 0 1 0 0 1 1 0 1
2014   2 28  5 53 28 130639   -6.05381  -74.55927     5524  80.0  2  0  6 15 0 0 1 1 0 0 0 1 0 1 1 1 0 0
2014   2 28  5 53 28 540924  -22.41848  -47.71169     3622  88.2  2  0  7 20 0 0 1 1 1 0 0 1 0 1 0 1 0 1
2014   2 28  5 53 28 550689  -22.45732  -47.54915     4583  59.5  2  0  5 10 0 0 1 1 1 0 0 1 0 0 1 0 0 0
2014   2 28  5 53 29 131922   -6.13787  -74.44377     6713  97.9  2  0  6 15 0 0 1 1 1 0 0 0 0 1 0 1 0 1
2014   2 28  5 53 29 684661  -23.59746  -46.37737     5343  79.0  2  0  6 13 0 0 1 1 0 0 0 1 0 0 1 1 0 1
2014   2 28  5 53 29 833742  -20.33451  -47.41311     3864  83.0  2  0  7 19 0 0 1 1 1 0 0 1 0 1 1 1 0 0
2014   2 28  5 53 30 245774  -23.55822  -46.53140     5341 104.0  2  0  6 15 0 0 1 1 1 0 0 1 0 0 1 0 0 1
2014   2 28  5 53 30 760256   -8.89682  -76.08889     5046  73.5  2  0  7 19 0 0 1 0 1 0 0 1 0 1 1 1 0 1
2014   2 28  5 53 31 307462  -13.18234  -34.89388     9719  45.7  1  0  5 10 0 0 0 1 1 0 0 1 0 0 1 0 0 1
2014   2 28  5 53 31 379096  -13.26161  -37.88156    22044  41.2  1  0  5 10 0 0 1 0 0 0 0 1 0 0 1 1 0 1
2014   2 28  5 53 31 485028  -13.33018  -38.80777    25400  57.0  1  0  6 15 0 0 1 0 1 0 0 1 0 0 1 1 0 1
2014   2 28  5 53 32  12339    4.69697 -126.85092    19418  21.3  1  0  4  6 0 0 0 1 0 0 0 1 0 0 1 1 0 0
2014   2 28  5 53 32 474410   -6.51183  -73.88703     9285 105.7  2  0  7 21 0 0 1 1 1 0 0 1 0 1 1 0 1 0
2014   2 28  5 53 32 525562  -22.17183  -45.99718     4647 129.9  2  0  7 21 0 0 1 1 1 0 0 1 0 0 1 1 0 1
2014   2 28  5 53 32 534394  -22.32890  -45.84296     4449  89.9  2  0  6 15 0 0 1 1 1 0 0 1 0 0 1 0 0 1
2014   2 28  5 53 32 620869  -22.32873  -45.84138     4460  90.2  2  0  6 15 0 0 1 1 1 0 0 1 0 0 1 0 0 1
2014   2 28  5 53 33 719657  -22.14514  -45.87012     4658  97.2  2  0  6 15 0 0 1 1 1 0 0 1 0 0 1 0 0 1
2014   2 28  5 53 35  72701  -24.32656  -45.88108     5595 106.7  2  0  6 15 0 0 1 1 1 0 0 1 0 0 1 0 0 1
2014   2 28  5 53 36  42693    7.15817  -73.74433     4590   6.8  0  0  5  8 0 0 0 1 1 0 0 0 0 0 1 1 0 1
2014   2 28  5 53 36 332487   -9.05272  -76.17194     2821   4.8  0  0  5 10 0 0 1 1 1 0 0 0 0 0 0 1 0 1
2014   2 28  5 53 36 343411   -9.29302  -75.97019     6016   7.9  0  0  5  9 0 0 1 1 1 0 0 0 0 0 1 0 0 1
2014   2 28  5 53 36 391437   -9.04915  -76.21070     3254  10.7  0  0  5  8 0 0 1 1 1 0 0 1 0 0 0 1 0 0
2014   2 28  5 53 36 767548  -26.96198  -42.03834     3205   6.1  0  0  5  8 0 0 1 1 1 0 0 0 0 0 1 0 0 1
2014   2 28  5 53 37  29631  -32.78856   18.10312     8969   7.8  0  0  6 11 0 0 1 1 0 0 0 1 0 0 1 1 0 1
2014   2 28  5 53 37 476536  -20.73387  -46.96844     2825   9.7  0  0  5 10 0 0 1 1 1 0 0 0 0 0 1 0 0 1
2014   2 28  5 53 37 625262  -28.73612  -42.47751     4799   9.9  0  0  4  6 0 0 0 1 0 0 0 1 0 0 1 0 0 1
2014   2 28  5 53 37 975182   -6.20381  -74.57310     3618   1.0  0  0  4  6 0 0 0 1 0 0 0 1 0 0 1 1 0 0
2014   2 28  5 53 38 164697    4.12453  -83.22291     5440  15.9  0  0  6 15 0 0 0 1 1 0 0 0 0 1 1 1 0 1
2014   2 28  5 53 38 292011    4.13528  -83.32169     3996  16.2  0  0  7 21 0 0 0 1 1 0 0 1 0 1 1 1 0 1
2014   2 28  5 53 38 299807    3.86158  -82.82687    10800  11.3  0  0  5 10 0 0 0 1 1 0 0 1 0 0 1 0 0 1
2014   2 28  5 53 39 171437    2.07303  -66.77428     3332  16.3  0  0  5 10 0 0 0 1 1 0 0 1 0 0 1 1 0 0
2014   2 28  5 53 39 224623    2.05001  -66.88330     3794  14.9  0  0  5 10 0 0 0 1 1 0 0 1 0 0 0 1 0 1
2014   2 28  5 53 40 658299    3.46869    6.95817    19213  32.7  0  0  6 12 0 0 1 1 1 0 0 1 0 0 1 0 0 1
2014   2 28  5 53 40 728058    0.93594    0.29921    10013  43.1  0  0  7 19 0 0 1 1 1 0 0 1 0 0 1 1 0 1
2014   2 28  5 53 42 639676  -13.87515  160.49980     8485   6.0  0  0  4  6 0 0 1 1 0 0 0 1 0 0 0 1 0 0
2014   2 28  5 53 42 784390    3.12970  -84.54573     6579  68.1  1  0  7 19 0 0 1 1 1 0 0 1 0 0 1 1 0 1
2014   2 28  5 53 42 808662    7.59814  -74.30240     6419  48.6  1  0  6 15 0 0 0 1 1 0 0 1 0 0 1 1 0 1
2014   2 28  5 53 42 848303    7.58974  -74.32253     6893  49.3  1  0  6 14 0 0 0 1 1 0 0 1 0 0 1 1 0 1
2014   2 28  5 53 43 104970  -11.74695  -56.60949     4554  58.8  1  0  6 15 0 0 1 1 0 0 0 1 0 1 1 0 0 1
2014   2 28  5 53 43 194468  -11.76610  -56.59622     6259  53.3  2  0  5  9 0 0 0 1 1 0 0 1 0 0 1 0 0 1
2014   2 28  5 53 43 528511  -20.72679  -46.95078     3402  46.4  1  0  6 15 0 0 1 1 1 0 0 1 0 0 1 0 0 1
2014   2 28  5 53 43 630683   -6.02076  -74.49280     5374  66.4  2  0  6 15 0 0 1 1 1 0 0 0 0 0 1 1 0 1
2014   2 28  5 53 44 256070  -24.71465  -45.11723     4542  60.1  2  0  6 14 0 0 1 1 1 0 0 1 0 0 1 1 0 0
2014   2 28  5 53 44 454039  -22.87846  -45.88337     5376  46.4  1  0  5 10 0 0 1 1 1 0 0 0 0 0 1 0 0 1
2014   2 28  5 53 44 463495  -24.80583  -44.99438     4651  36.6  1  0  5  7 0 0 1 1 1 0 0 1 0 0 0 0 0 1
2014   2 28  5 53 44 761799  -20.65417  -47.20300     3929  75.1  2  0  7 17 0 0 1 1 1 0 0 1 0 1 1 1 0 0
2014   2 28  5 53 44 775230  -20.78053  -46.94687     3643  55.3  1  0  6 15 0 0 1 1 1 0 0 1 0 0 1 0 0 1
2014   2 28  5 53 44 959790  -22.62070  -46.16517     3907  74.6  2  0  6 15 0 0 0 1 1 0 0 1 0 1 1 0 0 1
2014   2 28  5 53 45 116967  -20.69049  -47.08020     4080  89.0  2  0  7 19 0 0 1 1 1 0 0 1 0 0 1 1 0 1
2014   2 28  5 53 45 207225   11.16958  -42.79176    11990  24.5  1  0  4  6 0 0 1 0 0 0 0 0 0 0 1 1 0 1
2014   2 28  5 53 45 240754  -22.61595  -47.34892     3404  76.2  2  0  7 21 0 0 1 1 1 0 0 1 0 0 1 1 0 1
2014   2 28  5 53 45 247870  -22.68465  -47.32875     4608  60.0  2  0  5 10 0 0 1 1 1 0 0 1 0 0 1 0 0 0
2014   2 28  5 53 45 632502  -14.09375  -39.69302     7090  41.6  1  0  5  9 0 0 1 1 1 0 0 0 0 1 0 0 0 1
2014   2 28  5 53 45 712363    1.34044  -23.41355    33981  39.1  1  0  5  9 0 0 1 0 1 0 0 0 0 0 1 1 0 1
2014   2 28  5 53 46   5628  -16.37107  -51.53052     5817  75.3  2  0  5 10 0 0 0 1 1 0 0 1 0 0 1 0 0 1
2014   2 28  5 53 46 490816  -12.06486  -73.39664     4904  90.9  2  0  7 21 0 0 1 1 1 0 0 1 0 0 1 1 0 1
2014   2 28  5 53 46 573967  -12.08898  -73.12625     4555  77.1  2  0  7 21 0 0 1 0 1 0 0 1 0 1 1 1 0 1
2014   2 28  5 53 46 671237  -33.54244  -39.26562     7040  56.6  1  0  6 15 0 0 1 0 1 0 0 1 0 1 1 0 0 1
2014   2 28  5 53 46 724599  -33.47257  -39.63071     4956  62.3  1  0  7 21 0 0 1 1 1 0 0 1 0 1 1 0 0 1
2014   2 28  5 53 46 733526  -33.51922  -39.52999     6371  63.9  2  0  6 15 0 0 1 1 1 0 0 1 0 0 1 0 0 1
2014   2 28  5 53 46 741373  -33.61891  -39.03613     8009  49.3  1  0  5 10 0 0 1 0 1 0 0 1 0 0 1 0 0 1
2014   2 28  5 53 46 955283  -12.07387  -73.21899     5220  72.9  2  0  6 15 0 0 1 0 1 0 0 1 0 0 1 1 0 1
2014   2 28  5 53 47  99990  -13.87182  159.24945    19636  77.6  2  0  7 21 0 0 1 1 1 0 0 0 0 1 1 1 0 1
2014   2 28  5 53 47 164895  -17.84024  162.58986   115777  13.4  0  0  4  6 0 0 1 1 0 0 0 1 0 0 1 0 0 0
2014   2 28  5 53 47 256707  -13.74976  158.96944    97950  85.8  2  0  6 15 0 0 1 1 1 0 0 0 0 0 1 1 0 1
2014   2 28  5 53 47 279493    7.34607  -75.17146    10522  85.9  2  0  6 14 0 0 0 1 1 0 0 1 0 0 1 1 0 1
2014   2 28  5 53 47 507439    6.87622  -78.42426     9959 113.1  2  0  7 18 0 0 1 1 1 0 0 1 0 1 1 1 0 0
2014   2 28  5 53 47 590131  -22.08994  -46.05531     7933 124.8  2  0  6 12 0 0 1 1 1 0 0 1 0 0 1 0 1 0
2014   2 28  5 53 48 592807  -21.82177  -46.39718     3913 100.1  2  0  7 21 0 0 1 1 1 0 0 1 0 1 1 0 0 1
2014   2 28  5 53 49  53425   -4.70568  -72.04164     7356 106.9  2  0  7 21 0 0 0 1 1 0 0 1 0 1 1 1 0 1
2014   2 28  5 53 49 199277   -4.61415  -71.29165     5264  91.0  2  0  7 21 0 0 1 0 1 0 0 1 0 1 1 1 0 1
2014   2 28  5 53 49 302216   -4.70424  -72.06348     7462 108.9  2  0  7 21 0 0 0 1 1 0 0 1 0 1 1 1 0 1
2014   2 28  5 53 49 840390  -20.55258  -49.37004     3111  23.2  0  0  5 10 0 0 1 1 0 0 0 1 0 1 1 0 0 0
2014   2 28  5 53 49 840823    0.75207  -16.55843    34226 103.0  2  0  6 14 0 0 1 1 1 0 0 0 0 0 1 1 0 1
2014   2 28  5 53 50 886556  -20.72227  -46.74424     2900   3.1  0  0  4  6 0 0 1 0 0 0 0 1 0 0 1 0 0 1
2014   2 28  5 53 51 466991   -5.93945  -74.31895     5992 107.1  2  0  7 21 0 0 1 0 1 0 0 1 0 1 1 1 0 1
2014   2 28  5 53 52 749440    8.70135  -74.91310     5887  12.3  0  0  5  7 0 0 0 1 1 0 0 1 0 0 0 1 0 1
2014   2 28  5 53 53 210752   -1.59025  -72.04227     4353   2.7  0  0  4  6 0 0 0 1 0 0 0 1 0 0 0 1 0 1
2014   2 28  5 53 53 489069    7.07908  -74.30103     6489  27.4  0  0  5  7 0 0 1 0 0 0 0 1 0 1 0 1 0 1
2014   2 28  5 53 54 223222   -6.18732  -74.59628     4754   6.3  0  0  4  6 0 0 0 1 0 0 0 1 0 0 0 1 0 1
2014   2 28  5 53 54 628237    6.61028  -76.43350     4327  48.8  0  0  7 21 0 0 1 1 1 0 0 1 0 1 0 1 1 0
2014   2 28  5 53 54 683954    6.68892  -77.14882     4315  13.4  0  0  6 14 0 0 0 1 1 0 0 1 0 1 0 1 0 1
2014   2 28  5 53 54 718522    6.60824  -76.57070     7805  48.5  1  0  6 12 0 0 1 1 1 0 0 1 0 1 0 1 0 0
2014   2 28  5 53 54 885808  -21.95813  -45.89157     2769  16.2  0  0  5 10 0 0 1 1 1 0 0 1 0 0 0 0 0 1
2014   2 28  5 53 55   6745   -8.45549  -74.55096     7039  18.0  0  0  5  8 0 0 0 1 1 0 0 1 0 0 0 1 0 1
2014   2 28  5 53 55 208175   -8.28603  -74.05128     3559  32.9  0  0  6 15 0 0 1 1 1 0 0 0 0 1 0 1 0 1
2014   2 28  5 53 56 189413  -22.23116  -45.92954     3006  24.5  0  0  5 10 0 0 1 1 1 0 0 1 0 0 0 0 0 1
2014   2 28  5 53 56 267370  -20.70660  -47.08659     3280  43.5  1  0  6 15 0 0 1 1 1 0 0 1 0 0 0 1 0 1
2014   2 28  5 53 56 572031   -2.67388  -72.37760     3493  42.0  0  0  7 21 0 0 1 1 1 0 0 1 0 1 0 1 0 1
2014   2 28  5 53 57 181225  -33.52417  -39.54610     3763  11.5  0  0  5 10 0 0 1 1 1 0 0 1 0 0 0 0 0 1
2014   2 28  5 53 57 206663  -13.36023  171.41467    13172  39.5  1  0  5  9 0 0 1 1 1 0 0 1 0 0 0 1 0 0
2014   2 28  5 53 57 408420  -28.68562  -42.73765     3805  11.6  0  0  4  6 0 0 1 1 1 0 0 1 0 0 0 0 0 0
2014   2 28  5 53 57 563094  -33.51975  -39.55125     3791  10.7  0  0  5  9 0 0 1 1 1 0 0 1 0 0 0 0 0 1
2014   2 28  5 53 57 981873    7.19608  -74.34275     7103  30.8  1  0  5 10 0 0 0 1 0 0 0 1 0 1 0 1 0 1
2014   2 28  5 54  0 138131  -16.10950  -51.17030     4700  59.5  2  0  5 10 0 0 1 1 1 0 0 1 0 0 0 0 0 1
2014   2 28  5 54  0 215173  -16.11681  -51.26014     4163  72.1  2  0  6 15 0 0 1 1 1 0 0 1 0 0 0 1 0 1
2014   2 28  5 54  0 614563  -22.07571  -46.04523     4913  72.6  2  0  6 11 0 0 1 1 1 0 0 1 0 0 0 1 0 1
2014   2 28  5 54  0 754188  -30.17679  -42.96215     3514  15.8  0  0  5 10 0 0 1 1 1 0 0 1 0 0 0 0 0 1
2014   2 28  5 54  0 965724  -13.40083  -71.09929     8300  75.0  2  0  5 10 0 0 1 1 1 0 0 1 0 0 0 0 0 1
2014   2 28  5 54  1  17806   -6.28824  -75.12665     4231  14.9  0  0  5 10 0 0 0 0 1 0 0 1 0 1 0 1 0 1
2014   2 28  5 54  1 225584    9.68732  -77.95374    51716  45.1  1  0  5 10 0 0 0 1 1 0 0 1 0 1 0 0 0 1
2014   2 28  5 54  1 545625   -5.83819  -43.74971     5927  84.4  2  0  6 15 0 0 1 1 1 0 0 1 0 0 0 1 0 1
2014   2 28  5 54  3 836552  -18.88035 -142.60016    18913 104.7  2  0  7 21 0 0 1 1 1 0 0 1 0 1 0 1 0 1
2014   2 28  5 54  3 958634   -6.35679  -75.86629     9665  69.7  2  0  6 15 0 0 0 1 1 0 0 1 0 1 0 1 0 1
2014   2 28  5 54  4 273823  -12.85645  169.99156    26869 100.2  2  0  6 11 0 0 1 1 1 0 0 1 0 0 0 1 0 1
2014   2 28  5 54  5 357867  -24.27205  -46.03555     4127  84.9  2  0  7 19 0 0 1 1 1 0 0 1 0 1 0 1 0 1
2014   2 28  5 54  6 411310  -29.11882 -135.93245    23887 130.3  2  0  7 21 0 0 1 1 1 0 0 1 0 1 0 1 0 1
2014   2 28  5 54  6 487383  -12.01475  -72.81134     4306  40.7  1  0  5 10 0 0 1 0 1 0 0 0 0 1 0 1 0 1
2014   2 28  5 54  6 732533   -7.65292    6.43087    21496  39.6  1  0  5  8 0 0 1 0 1 0 0 1 0 1 0 0 0 1
2014   2 28  5 54  6 801449  -29.09369 -136.23700    24601 133.7  2  0  7 21 0 0 1 1 1 0 0 1 0 1 0 1 0 1
2014   2 28  5 54  7 533988    2.46019  -69.75500    10251  92.3  2  0  6 14 0 0 0 1 1 0 0 1 0 1 0 1 0 1
2014   2 28  5 54  8 104122  -28.75406  -42.34138     3057   8.0  0  0  5 10 0 0 1 1 1 0 0 1 0 0 0 0 0 1
2014   2 28  5 54  8 124397  -28.74084  -42.36423     3884   7.1  0  0  5  8 0 0 1 1 1 0 0 1 0 0 0 0 0 1
2014   2 28  5 54  8 152036  -28.78162  -42.36559     3044   7.2  0  0  5 10 0 0 1 1 1 0 0 1 0 0 0 0 0 1
2014   2 28  5 54  9 677011   -6.34282  -74.30486     4531  12.1  0  0  5  9 0 0 1 1 1 0 0 1 0 0 0 0 0 1
2014   2 28  5 54  9 717466   -6.37402  -74.27908     3392  11.0  0  0  6 15 0 0 1 1 1 0 0 1 0 1 0 0 0 1
2014   2 28  5 54 10 318280  -22.54228  -47.09901     3080  15.3  0  0  4  6 0 0 1 0 0 0 0 1 0 1 0 0 0 1
2014   2 28  5 54 12  38767  -14.37168  159.78322    34357  23.8  0  0  5 10 0 0 0 1 1 0 0 1 0 1 0 0 0 1
2014   2 28  5 54 12  85980  -22.01165  169.13730   168367  21.0  1  0  4  6 0 0 1 1 1 0 0 1 0 0 0 0 0 0
2014   2 28  5 54 12 220361  -15.85078  -51.12047     2783  25.6  0  0  6 15 0 0 1 1 1 0 0 1 0 1 0 0 0 1
2014   2 28  5 54 12 230362  -15.85637  -51.10234     3474  30.3  1  0  5 10 0 0 1 1 1 0 0 1 0 0 0 0 0 1
2014   2 28  5 54 12 504111  -29.84623  -42.74006     2791  12.9  0  0  6 15 0 0 1 1 1 0 0 1 0 1 0 0 0 1
2014   2 28  5 54 13 129672  -20.76104  -47.00179     3422  30.9  1  0  5 10 0 0 1 1 1 0 0 1 0 0 0 0 0 1
2014   2 28  5 54 13 139483  -20.76097  -47.00167     3379  30.1  1  0  5 10 0 0 1 1 1 0 0 1 0 0 0 0 0 1
2014   2 28  5 54 13 697111  -16.49312  163.23735    43990  42.3  1  0  6 15 0 0 1 1 1 0 0 1 0 1 0 0 0 1
2014   2 28  5 54 14 657841  -20.64226  -49.20710     3965  52.3  1  0  6 11 0 0 1 1 1 0 0 1 0 1 0 0 0 1
2014   2 28  5 54 14 669579   -7.73603  174.52286    51895  59.3  2  0  5  9 0 0 1 1 1 0 0 1 0 0 0 0 0 1
2014   2 28  5 54 16  60211   29.60891 -127.67021    31362  57.6  2  0  5 10 0 0 1 1 1 0 0 1 0 0 0 0 0 1
2014   2 28  5 54 16 768027  -22.29982  -45.90730     4188  58.0  2  0  5 10 0 0 1 1 1 0 0 1 0 0 0 0 0 1
2014   2 28  5 54 16 785178  -22.26785  -45.99523     3568  62.5  2  0  6 15 0 0 1 1 1 0 0 1 0 1 0 0 0 1
2014   2 28  5 54 20 887065  -33.27177  -40.45055     5969  18.0  0  0  4  6 0 0 1 1 0 0 0 1 0 0 0 0 0 1
2014   2 28  5 54 20 895315  -33.29377  -40.38866     3937  16.5  0  0  5 10 0 0 1 1 1 0 0 1 0 0 0 0 0 1
2014   2 28  5 54 21 115511  -33.30976  -40.44959     3987  17.6  0  0  5 10 0 0 1 1 1 0 0 1 0 0 0 0 0 1
2014   2 28  5 54 21 142887  -33.32727  -40.41479     3930  16.4  0  0  5 10 0 0 1 1 1 0 0 1 0 0 0 0 0 1
2014   2 28  5 54 21 204650  -33.28382  -40.47352     6017  18.2  0  0  4  6 0 0 1 1 0 0 0 1 0 0 0 0 0 1
2014   2 28  5 54 21 218158  -33.31340  -40.43749     3957  16.5  0  0  5 10 0 0 1 1 1 0 0 1 0 0 0 0 0 1
2014   2 28  5 54 21 537856    4.07297  -70.81861     9005   1.9  0  0  4  6 0 0 1 1 0 0 0 0 0 1 0 0 0 1
2014   2 28  5 54 23 517771  -11.24320  -57.14268     7522 124.0  2  0  6 15 0 0 1 1 1 0 0 1 0 1 0 0 0 1
