2014   2 28  8 54 25 767925   -4.83728  146.62993    10066   6.0  0  0  4  6 0 0 1 0 0 0 0 0 0 1 1 1 0 0
2014   2 28  8 54 27 382092   -4.81831  -71.69406     5015  21.2  1  0  4  6 0 0 1 0 0 0 0 0 0 1 1 1 0 0
2014   2 28  8 54 40 375701  -22.42205  -46.17943     2563   7.8  0  0  5 10 0 0 0 1 1 0 0 1 0 0 1 0 0 1
2014   2 28  8 54 41 482532    4.29026  -83.66843     3771  19.9  0  0  6 15 0 0 1 1 1 0 0 1 0 0 1 1 0 0
2014   2 28  8 54 41 644420  -14.58402  -44.15461     2524   7.8  0  0  5 10 0 0 0 1 1 0 0 1 0 0 1 0 0 1
2014   2 28  8 54 41 681354  -14.58410  -44.16283     2437  10.1  0  0  6 15 0 0 1 1 1 0 0 1 0 0 1 0 0 1
2014   2 28  8 54 43 350173  -21.64333  -46.19776     2965  13.6  0  0  5 10 0 0 1 1 1 0 0 0 0 0 1 1 0 0
2014   2 28  8 54 43 903414  -22.87794 -139.24870     9184  39.8  0  0  7 21 0 0 1 1 1 0 0 1 0 1 1 1 0 0
2014   2 28  8 54 44 388937   -8.23677  178.00922     7239  25.5  0  0  7 21 0 0 1 0 1 0 0 1 0 1 1 1 0 1
2014   2 28  8 54 44 617125  -20.82004  -48.25874     3099  44.2  1  0  6 15 0 0 0 1 1 0 0 1 0 1 0 1 0 1
2014   2 28  8 54 44 692082   -8.38202  178.64595     7600   5.5  0  0  5 10 0 0 1 0 1 0 0 0 0 1 0 1 0 1
2014   2 28  8 54 44 783852   -9.37033 -179.92677    30795  35.2  1  0  5 10 0 0 1 1 1 0 0 1 0 0 1 0 0 0
2014   2 28  8 54 44 798507    5.34292  -72.74489     5199  44.0  0  0  7 20 0 0 0 1 1 0 0 1 0 1 1 1 0 1
2014   2 28  8 54 44 814713   -8.30330  178.12816    11905  37.9  0  0  6 15 0 0 1 1 1 0 0 1 0 0 0 1 0 1
2014   2 28  8 54 45   1040  -21.62568  -45.95153     3703  45.8  1  0  6 15 0 0 1 1 1 0 0 1 0 0 1 1 0 0
2014   2 28  8 54 46 100098   24.96469  -77.78187    18791  53.7  1  0  7 16 0 0 1 1 1 0 0 1 0 1 1 1 0 0
2014   2 28  8 54 46 358332  -21.53479  -46.95438     3609  54.2  1  0  6 15 0 0 1 1 1 0 0 1 0 1 1 0 0 0
2014   2 28  8 54 46 398012  -21.49099  -46.97989     2960  55.5  1  0  7 21 0 0 1 1 0 0 0 1 0 1 1 1 0 1
2014   2 28  8 54 46 499647  -21.41830  -46.95551     3644  29.0  0  0  5 10 0 0 1 0 1 0 0 0 0 1 1 0 0 1
2014   2 28  8 54 46 602664  -21.47893  -46.90637     3740  49.5  1  0  6 12 0 0 0 1 1 0 0 1 0 0 1 1 0 1
2014   2 28  8 54 46 680018    4.95297  154.00435    17072  19.5  0  0  4  6 0 0 1 1 1 0 0 1 0 0 0 0 0 0
2014   2 28  8 54 47 591509  -14.46575  -44.33820     3715  69.6  2  0  6 15 0 0 1 1 0 0 0 1 0 1 1 1 0 0
2014   2 28  8 54 47 838010   -0.91832  149.83299    10631  81.3  2  0  6 15 0 0 1 1 1 0 0 1 0 0 1 1 0 0
2014   2 28  8 54 48 245711   -4.86327  -72.28623     3981  54.1  1  0  7 21 0 0 1 0 1 0 0 1 0 1 1 1 0 1
2014   2 28  8 54 48 825494  -33.26778  -39.49319     3743  43.8  0  0  7 21 0 0 1 1 1 0 0 0 0 1 1 1 0 1
2014   2 28  8 54 48 880953    2.86583  149.26811     6621  10.9  0  0  4  6 0 0 1 0 0 0 0 1 0 0 1 1 0 0
2014   2 28  8 54 49 198266  -21.59236  -47.34716     3987  78.4  2  0  6 14 0 0 0 1 0 0 0 1 0 1 1 1 0 1
2014   2 28  8 54 49 284813  -21.73451  -47.07047     3332  24.4  0  0  5 10 0 0 1 1 1 0 0 1 0 0 1 0 0 0
2014   2 28  8 54 49 313900  -21.67334  -47.24867     3311  45.0  1  0  6 15 0 0 1 1 1 0 0 1 0 0 1 0 0 1
2014   2 28  8 54 49 538552   -9.16283  -66.99289     4445  32.9  1  0  5 10 0 0 0 1 0 0 0 0 0 1 1 1 0 1
2014   2 28  8 54 49 558980   -9.22186  -67.19850     3118  37.7  0  0  7 21 0 0 1 1 1 0 0 0 0 1 1 1 0 1
2014   2 28  8 54 49 743701   -9.31929  -67.35461     4268  79.0  2  0  7 21 0 0 1 1 1 0 0 1 0 1 1 1 0 0
2014   2 28  8 54 50  43251   -9.21545  -67.18535     4126  39.5  1  0  5 10 0 0 1 1 1 0 0 0 0 0 1 1 0 0
2014   2 28  8 54 50 189156    7.64633  -74.31352    13669  40.0  1  0  6 15 0 0 1 1 1 0 0 0 0 1 1 0 0 1
2014   2 28  8 54 51  23415    3.66885  -85.47047     5028  50.1  1  0  7 21 0 0 1 1 1 0 0 0 0 1 1 1 0 1
2014   2 28  8 54 51  47923    3.63584  -85.46613     5209  50.1  1  0  7 20 0 0 1 1 1 0 0 0 0 1 1 1 0 1
2014   2 28  8 54 51  76954    3.69681  -85.83517     6749  82.5  2  0  7 21 0 0 1 1 1 0 0 1 0 0 1 1 0 1
2014   2 28  8 54 51 146731    3.71337  -85.84551     9013  90.6  2  0  6 15 0 0 1 1 1 0 0 1 0 0 1 1 0 0
2014   2 28  8 54 51 518676  -14.57492  -43.60307     6249  29.4  0  0  5 10 0 0 1 0 1 0 0 1 0 0 1 0 0 1
2014   2 28  8 54 51 569145  -14.86211  -43.61951     8180  29.5  0  0  5  8 0 0 1 1 1 0 0 0 0 0 1 0 0 1
2014   2 28  8 54 51 838203  -14.56920  -43.80979     2791   0.4  0  0  4  6 0 0 1 1 0 0 0 1 0 0 0 0 0 1
2014   2 28  8 54 52 268120  -33.51408  -39.38457     7782  66.0  2  0  6 15 0 0 1 0 1 0 0 1 0 1 1 0 0 1
2014   2 28  8 54 52 284890  -33.67694  -38.62213     3950  22.1  0  0  5 10 0 0 1 1 1 0 0 0 0 0 1 0 0 1
2014   2 28  8 54 52 286172   22.88119  -86.53700    12829  86.7  2  0  7 21 0 0 1 1 1 0 0 1 0 0 1 1 0 1
2014   2 28  8 54 52 294797  -33.67467  -38.62534     3956  22.1  0  0  5 10 0 0 1 1 1 0 0 0 0 0 1 0 0 1
2014   2 28  8 54 52 320920  -33.55102  -39.13514     5963  86.3  2  0  7 21 0 0 1 1 1 0 0 1 0 1 0 1 0 1
2014   2 28  8 54 52 417422  -33.72021  -38.70004     5920  69.0  2  0  6 15 0 0 1 1 1 0 0 1 0 0 1 0 0 1
2014   2 28  8 54 52 703560  -33.58164  -38.93669     5899  95.9  2  0  7 21 0 0 1 1 0 0 0 1 0 1 1 1 0 1
2014   2 28  8 54 52 969040  -33.86499  -38.44361     4061  23.4  0  0  5 10 0 0 1 1 1 0 0 0 0 0 1 0 0 1
2014   2 28  8 54 53 119192  -23.62676  -45.37567     2896  25.1  0  0  6 15 0 0 1 1 1 0 0 0 0 1 1 1 0 0
2014   2 28  8 54 53 172982  -23.79507  -45.56556     4724  59.6  2  0  5 10 0 0 1 0 1 0 0 1 0 1 0 0 0 1
2014   2 28  8 54 53 297323  -17.49803  -61.66984     3405  10.6  0  0  4  6 0 0 1 1 1 0 0 1 0 0 0 0 0 0
2014   2 28  8 54 53 308300  -33.63428  -38.75758     5875  91.3  2  0  7 20 0 0 1 1 1 0 0 1 0 0 1 1 0 1
2014   2 28  8 54 53 428008  -23.81529  -45.19959     5069  93.2  2  0  6 14 0 0 1 1 1 0 0 1 0 0 1 1 0 0
2014   2 28  8 54 53 484980  -23.80450  -45.37370     4217  87.9  2  0  7 21 0 0 1 1 1 0 0 1 0 1 1 0 0 1
2014   2 28  8 54 53 493287  -33.73767  -38.61696     4634  62.3  1  0  7 21 0 0 1 1 1 0 0 0 0 1 1 1 0 1
2014   2 28  8 54 53 544114  -33.59164  -39.02010     8055  81.9  2  0  5 10 0 0 1 1 1 0 0 1 0 0 1 0 0 0
2014   2 28  8 54 53 672983    6.90264  -77.26168    13162 107.3  2  0  7 18 0 0 0 1 1 0 0 1 0 1 1 1 0 1
2014   2 28  8 54 53 809103  -33.60841  -38.73788     4118  24.8  0  0  5 10 0 0 1 1 1 0 0 0 0 0 1 0 0 1
2014   2 28  8 54 54  74647   -2.12006    4.07074    21413  88.9  2  0  6 14 0 0 1 1 1 0 0 1 0 0 1 1 0 0
2014   2 28  8 54 54 916325   -3.38573  143.36563     5550   7.4  0  0  4  6 0 0 1 0 0 0 0 1 0 0 1 1 0 0
2014   2 28  8 54 55 493547   -4.33591  -71.39020     4243  64.5  1  0  7 21 0 0 1 1 1 0 0 0 0 1 1 1 0 1
2014   2 28  8 54 55 680129   -3.37168  -71.50745     6881 113.9  2  0  6 15 0 0 1 1 1 0 0 1 0 0 0 1 0 1
2014   2 28  8 54 55 763137   -3.31866  -71.14962     4309  65.9  1  0  7 21 0 0 1 1 1 0 0 0 0 1 1 1 0 1
2014   2 28  8 54 55 841761   -5.09542  176.13518    16688  79.9  2  0  7 21 0 0 1 1 1 0 0 0 0 1 1 1 0 1
2014   2 28  8 54 55 901886   -8.84070 -179.45107    54379  99.0  2  0  6 15 0 0 1 1 1 0 0 1 0 0 1 0 0 1
2014   2 28  8 55 12 681531  -21.65588 -141.16803     7197   8.3  0  0  5 10 0 0 1 1 1 0 0 1 0 0 0 1 0 0
2014   2 28  8 55 12 909943  -31.94487   19.94224    14163   9.3  0  0  4  6 0 0 1 1 0 0 0 1 0 0 0 0 0 1
2014   2 28  8 55 13 254709  -21.58190  -47.02941     2611  11.5  0  0  5 10 0 0 1 1 1 0 0 0 0 1 0 0 0 1
2014   2 28  8 55 13 329615  -21.64638  -46.26554     2586   5.7  0  0  5 10 0 0 1 1 1 0 0 1 0 0 0 0 0 1
2014   2 28  8 55 13 356953  -21.59227  -47.00524     2598   6.8  0  0  5 10 0 0 1 1 1 0 0 1 0 0 0 0 0 1
2014   2 28  8 55 13 596523  -21.58342  -47.02138     3019  13.7  0  0  4  6 0 0 1 0 0 0 0 1 0 1 0 0 0 1
2014   2 28  8 55 14 249147  -21.83282  -46.15798     4182  80.9  2  0  6 14 0 0 1 1 1 0 0 0 0 1 0 0 1 1
2014   2 28  8 55 14 258711  -21.72397  -46.10609     2716  11.5  0  0  5 10 0 0 1 1 1 0 0 1 0 0 0 0 0 1
2014   2 28  8 55 14 484406  -21.73369  -46.19194     2735  28.5  0  0  6 15 0 0 0 1 1 0 0 1 0 1 0 1 0 1
2014   2 28  8 55 14 584564  -21.72285  -46.04254     2770  13.3  0  0  5 10 0 0 1 1 1 0 0 1 0 0 0 0 0 1
2014   2 28  8 55 14 633852  -21.60991  -46.06421     2976  31.9  0  0  6 15 0 0 1 1 1 0 0 1 0 0 0 1 0 1
2014   2 28  8 55 16 418674  -31.35472 -133.20209    17798  39.9  0  0  6 15 0 0 0 1 1 0 0 1 0 1 0 1 0 1
2014   2 28  8 55 16 455170   29.27130  -58.69999    34985  91.4  2  0  6 12 0 0 1 1 1 0 0 1 0 0 0 1 0 1
2014   2 28  8 55 16 662251   -4.06591  -71.56733     7374  39.5  1  0  5  9 0 0 1 1 1 0 0 1 0 0 0 0 0 1
2014   2 28  8 55 17 371123   -5.68811  -60.72495     6042  42.6  1  0  5  8 0 0 1 1 1 0 0 1 0 0 0 0 0 1
2014   2 28  8 55 17 880885   -9.86251 -179.93295    27586  48.6  1  0  6 15 0 0 1 1 1 0 0 1 0 1 0 0 0 1
2014   2 28  8 55 19 125070    3.58017   10.32479    14177  97.8  2  0  7 21 0 0 1 1 1 0 0 1 1 0 0 1 0 1
2014   2 28  8 55 19 894452  -21.46658 -142.02303    16373  64.9  2  0  6 15 0 0 1 1 1 0 0 1 0 0 0 1 0 1
2014   2 28  8 55 21 147129    7.71082  -74.00217     7324  87.7  2  0  7 19 0 0 1 1 1 0 0 1 0 1 0 1 0 1
2014   2 28  8 55 21 210445    7.64278  -73.75423     6297  61.6  2  0  6 15 0 0 1 0 1 0 0 1 0 1 0 1 0 1
2014   2 28  8 55 21 234638    7.84110  -75.09824     9199  53.4  1  0  6 14 0 0 0 1 1 0 0 1 0 1 0 1 0 1
2014   2 28  8 55 21 286405  -32.46029 -135.41940    24254  71.3  2  0  5 10 0 0 1 1 1 0 0 1 0 0 0 1 0 0
2014   2 28  8 55 21 325705  -23.36419  -45.74634     6907  81.4  2  0  5 10 0 0 0 1 1 0 0 1 0 1 0 0 0 1
2014   2 28  8 55 21 738692  -30.71980  -41.61523     2958  16.6  0  0  6 15 0 0 1 1 1 0 0 1 0 1 0 0 0 1
2014   2 28  8 55 21 988134  -18.05908 -143.72946    15551  25.7  1  0  4  6 0 0 1 1 0 0 0 1 0 0 0 1 0 0
2014   2 28  8 55 22 698061  -12.15799  -72.10930     5798  99.9  2  0  6 15 0 0 1 1 1 0 0 1 0 0 0 1 0 1
2014   2 28  8 55 23  92958  -12.13859  -71.67650     3627  28.5  0  0  5 10 0 0 1 0 1 0 0 0 0 1 0 1 0 1
2014   2 28  8 55 23 100257  -12.12001  -72.05901     6340 105.2  2  0  6 14 0 0 1 1 1 0 0 1 0 0 0 1 0 1
2014   2 28  8 55 23 161890  -12.19249  -72.12849     5968 104.4  2  0  6 15 0 0 1 1 1 0 0 1 0 0 0 1 0 1
2014   2 28  8 55 23 200182  -14.47699  -69.94527     7425  23.6  0  0  5 10 0 0 1 1 1 0 0 0 0 1 0 0 0 1
2014   2 28  8 55 23 544482   21.70404 -114.87316    13609  17.9  0  0  4  6 0 0 1 1 0 0 0 1 0 0 0 1 0 0
2014   2 28  8 55 23 597655   14.32945 -133.63701    55586  57.1  2  0  5 10 0 0 0 1 1 0 0 1 0 0 0 1 0 1
2014   2 28  8 55 23 849217  -14.66742  -44.49048     2502   7.5  0  0  5 10 0 0 0 1 1 0 0 1 0 1 0 0 0 1
2014   2 28  8 55 25 249724   -3.60646  150.13083     4745 104.8  2  0  7 21 0 0 0 1 1 0 0 1 1 1 0 1 0 1
2014   2 28  8 55 25 339029   -3.28829  149.51875    10147  96.4  2  0  7 21 0 0 1 1 1 0 0 1 0 1 0 1 0 1
2014   2 28  8 55 26 454786  -21.81011  -46.17738     4435  97.9  2  0  6 15 0 0 1 1 1 0 0 1 0 1 0 0 0 1
2014   2 28  8 55 26 544319  -33.12112  -40.72025     6689  77.1  2  0  6 15 0 0 1 1 0 0 0 1 0 1 0 1 0 1
2014   2 28  8 55 26 562831  -33.13358  -40.81850     5479  14.7  0  0  4  6 0 0 1 1 0 0 0 1 0 0 0 0 0 1
2014   2 28  8 55 26 736269  -21.79141  -46.18812     4476  99.3  2  0  6 15 0 0 1 1 1 0 0 1 0 1 0 0 0 1
2014   2 28  8 55 28 180488    8.33477  -73.07121     3565   8.5  0  0  5  9 0 0 1 1 1 0 0 0 0 0 0 1 0 1
2014   2 28  8 55 28 303970  -12.49245  -71.79544     2834  10.4  0  0  5 10 0 0 1 1 1 0 0 0 0 0 0 1 0 1
2014   2 28  8 55 28 954952    4.36694  -73.56705     3216  16.2  0  0  6 14 0 0 1 1 1 0 0 1 0 0 0 1 0 1
2014   2 28  8 55 28 994818  -29.13009 -133.54617     7539  17.7  0  0  6 15 0 0 1 1 1 0 0 1 0 0 0 1 0 1
2014   2 28  8 55 31 117522  -20.63161  -46.27738     2783  27.5  0  0  6 15 0 0 1 1 1 0 0 1 0 1 0 0 0 1
2014   2 28  8 55 31 319775   -7.10918    7.69809    12870   7.3  0  0  4  6 0 0 1 1 1 0 0 1 0 0 0 0 0 0
2014   2 28  8 55 31 506510   -9.43140  -66.83212     2640  13.5  0  0  6 15 0 0 1 1 1 0 0 0 0 1 0 1 0 1
2014   2 28  8 55 31 935776  -11.81517  -73.03053     3498  36.0  0  0  6 15 0 0 1 1 1 0 0 1 0 0 0 1 0 1
2014   2 28  8 55 31 943522  -11.81473  -73.04991     4185  39.1  1  0  5 10 0 0 1 1 0 0 0 1 0 0 0 1 0 1
2014   2 28  8 55 32 103303  -11.83070  -72.93159     3956  30.7  1  0  5  8 0 0 1 1 1 0 0 1 0 0 0 1 0 0
2014   2 28  8 55 32 128362  -11.90245  -72.98148     4292  38.5  1  0  5 10 0 0 1 0 1 0 0 1 0 0 0 1 0 1
2014   2 28  8 55 32 673162  -12.06036  -73.23428     4852  40.6  1  0  5  9 0 0 1 0 1 0 0 1 0 1 0 1 0 0
2014   2 28  8 55 32 736509  -12.07250  -73.21374     3692  41.0  1  0  6 15 0 0 1 1 1 0 0 1 0 0 0 1 0 1
2014   2 28  8 55 32 745215  -22.89871 -138.32582     5742   8.3  0  0  6 15 0 0 1 1 1 0 0 0 0 1 0 1 0 1
2014   2 28  8 55 32 786645  -22.84859 -141.72418    31982  32.6  1  0  4  6 0 0 0 1 1 0 0 1 0 0 0 1 0 0
2014   2 28  8 55 32 920868  -12.21167  -73.54749     7219  30.5  1  0  5  9 0 0 0 1 1 0 0 1 0 0 0 1 0 1
2014   2 28  8 55 32 932846  -12.08118  -73.18145     3524  37.9  0  0  6 14 0 0 1 1 1 0 0 1 0 0 0 1 0 1
2014   2 28  8 55 33 449769  -21.50371  -46.98490     3067  41.7  1  0  6 15 0 0 1 1 1 0 0 1 0 1 0 0 0 1
2014   2 28  8 55 33 528760  -24.97783  -44.72028     4351  20.8  1  0  4  6 0 0 1 1 0 0 0 0 0 0 0 1 0 1
2014   2 28  8 55 33 628128   -5.01561  -71.74322     3642  46.0  0  0  7 21 0 0 1 1 1 0 0 1 0 1 0 1 0 1
2014   2 28  8 55 34 297760  -21.69373  -45.89229     3422  32.6  1  0  5 10 0 0 1 1 1 0 0 1 0 0 0 0 0 1
2014   2 28  8 55 34 317154  -21.67686  -45.87777     3693  24.2  1  0  4  6 0 0 1 1 0 0 0 1 0 0 0 0 0 1
2014   2 28  8 55 34 565379  -21.68101  -45.83064     3771  25.5  1  0  4  6 0 0 1 1 0 0 0 1 0 0 0 0 0 1
2014   2 28  8 55 34 706015    1.83227    5.73861    14902  19.8  0  0  5 10 0 0 1 1 1 0 0 1 0 0 0 0 0 1
2014   2 28  8 55 35  36705  -21.61821  -45.98309     4046  59.4  2  0  5 10 0 0 1 1 0 0 0 1 0 1 0 0 0 1
2014   2 28  8 55 35 156119  -21.68254  -46.01995     3665  47.7  1  0  5 10 0 0 0 1 1 0 0 1 0 1 0 0 0 1
2014   2 28  8 55 36  31637  -19.07382 -139.94366    13406  18.4  0  0  4  6 0 0 1 1 0 0 0 0 0 0 0 1 0 1
2014   2 28  8 55 36  41601  -19.01193 -141.10080    16972  64.1  2  0  6 15 0 0 1 1 1 0 0 1 0 0 0 1 0 1
2014   2 28  8 55 36 130520  -18.99238 -141.18800    24439  72.0  2  0  5 10 0 0 1 1 1 0 0 1 0 0 0 1 0 0
2014   2 28  8 55 36 263613   -4.50091  144.67804     4670   6.9  0  0  4  6 0 0 1 1 0 0 0 1 0 0 0 1 0 0
2014   2 28  8 55 36 360140  -19.05079 -141.09509    17480  66.5  2  0  6 15 0 0 1 1 1 0 0 1 0 0 0 1 0 1
2014   2 28  8 55 36 926909  -34.30754  -37.35089     8272  58.5  2  0  5 10 0 0 1 1 1 0 0 1 0 0 0 0 0 1
2014   2 28  8 55 38 181310  -11.81008  -72.45293     3859  19.3  0  0  4  6 0 0 1 1 0 0 0 0 0 0 0 1 0 1
2014   2 28  8 55 39 483311  -23.80937  -45.44775     4615  80.1  2  0  6 15 0 0 1 1 1 0 0 1 0 1 0 0 0 1
2014   2 28  8 55 40 540795   -3.02569  148.54436     8848  73.7  2  0  6 15 0 0 1 1 1 0 0 1 0 0 0 1 0 1
2014   2 28  8 55 40 626255  -21.70138 -140.25197    24902  96.3  2  0  6 15 0 0 1 1 1 0 0 1 0 0 0 1 0 1
2014   2 28  8 55 40 653752  -21.70945 -140.24690    25035  96.9  2  0  6 15 0 0 1 1 1 0 0 1 0 0 0 1 0 1
2014   2 28  8 55 41 438932  -21.63685 -140.32594    26233 101.9  2  0  6 15 0 0 1 1 1 0 0 1 0 0 0 1 0 1
2014   2 28  8 55 41 779018  -21.52456  -47.29302     3626  44.1  1  0  5 10 0 0 1 1 1 0 0 0 0 0 0 1 0 1
2014   2 28  8 55 42 204643  -20.83001 -165.80806    25898  29.0  1  0  4  6 0 0 1 1 1 0 0 0 0 0 0 1 0 0
2014   2 28  8 55 43 244167  -32.36186   16.31564    33515  80.4  2  0  5 10 0 0 1 1 1 0 0 1 0 0 0 0 0 1
2014   2 28  8 55 43 997677  -21.63510  -47.10194     4897  71.8  2  0  5 10 0 0 1 1 1 0 0 1 0 0 0 0 0 1
2014   2 28  8 55 44 310709  -21.63603  -47.37816     2873   3.4  0  0  5  7 0 0 1 1 1 0 0 1 0 0 0 0 0 1
2014   2 28  8 55 44 879253  -33.81238  -39.02221     8421  19.9  0  0  6 14 0 0 0 1 1 0 0 1 0 1 0 1 0 1
2014   2 28  8 55 44 994613  -33.85897  -38.98818     3888  10.6  0  0  5  9 0 0 1 1 1 0 0 1 0 0 0 0 0 1
2014   2 28  8 55 45 103309  -20.21367  -82.55162     4740   1.2  0  0  4  6 0 0 1 1 0 0 0 1 0 0 0 0 0 1
2014   2 28  8 55 45 624959  -33.82841  -39.17256     3884  14.3  0  0  5 10 0 0 1 1 1 0 0 1 0 0 0 0 0 1
2014   2 28  8 55 46 417162  -21.98479   49.43906     8669   4.7  0  0  5 10 0 0 1 1 1 0 0 1 0 0 0 0 0 1
2014   2 28  8 55 47 165155  -33.28118  -41.00414     3407  20.7  0  0  6 15 0 0 1 1 1 0 0 1 0 1 0 0 0 1
2014   2 28  8 55 47 699137  -34.20346  -37.57635     7676  24.8  0  0  5 10 0 0 1 0 1 0 0 0 0 1 0 1 0 1
2014   2 28  8 55 47 895263  -34.27609  -37.57889     7169  28.9  1  0  4  6 0 0 1 1 1 0 0 1 0 0 0 0 0 0
2014   2 28  8 55 48   7120   -7.10235    8.49582    16306  14.9  0  0  4  6 0 0 1 1 1 0 0 1 0 0 0 0 0 0
2014   2 28  8 55 48 184525  -25.22432  -44.46278     3599  28.8  0  0  5 10 0 0 1 1 0 0 0 1 0 1 0 0 0 1
2014   2 28  8 55 48 368482  -34.30432  -37.55550     7489  31.0  1  0  4  6 0 0 1 1 1 0 0 1 0 0 0 0 0 0
2014   2 28  8 55 48 955863   -7.21120    7.98524    12161  19.8  0  0  5 10 0 0 1 1 1 0 0 1 0 0 0 0 0 1
2014   2 28  8 55 49  82212   -7.21006    7.99116    12565  20.9  0  0  5 10 0 0 1 1 1 0 0 1 0 0 0 0 0 1
2014   2 28  8 55 49 863371   -9.96368  160.44827    10550  30.5  1  0  5  8 0 0 0 1 1 0 0 1 0 1 0 1 0 0
2014   2 28  8 55 50 141435  -11.88891  -71.75568     2833   9.7  0  0  5 10 0 0 1 1 1 0 0 0 0 0 0 1 0 1
2014   2 28  8 55 50 666427    6.79929  -73.76134     4370  47.9  0  0  7 21 0 0 1 1 1 0 0 1 0 1 0 1 0 1
2014   2 28  8 55 50 835969    6.79038  -73.58612     3480  19.2  0  0  6 14 0 0 1 1 1 0 0 0 0 1 0 1 0 1
2014   2 28  8 55 51 198746   -9.92762  160.92680    10998  44.4  1  0  6 13 0 0 1 0 1 0 0 1 0 1 0 1 0 1
2014   2 28  8 55 51 296554  -22.09568  -50.09077     3272  44.7  1  0  6 13 0 0 1 0 1 0 0 1 0 1 0 1 0 1
2014   2 28  8 55 52 280072  -21.52044  -46.98597     4138  62.3  2  0  5 10 0 0 1 1 0 0 0 1 0 1 0 0 0 1
2014   2 28  8 55 52 769350    0.61864   -0.05710    20525  65.9  2  0  5 10 0 0 1 1 0 0 0 1 0 0 0 1 0 1
2014   2 28  8 55 52 928571    6.00519  -82.93599     4694  15.5  0  0  5  8 0 0 1 0 1 0 0 1 0 0 0 1 0 1
2014   2 28  8 55 53  58954   -0.18204   -0.90692    19565  17.9  0  0  4  6 0 0 1 1 1 0 0 1 0 0 0 0 0 0
2014   2 28  8 55 53 415530   -0.75048   -3.06498    46320  35.6  1  0  5  7 0 0 1 1 1 0 0 1 0 0 0 0 0 1
2014   2 28  8 55 54 922858   -0.03856   -0.63499    22777  39.4  1  0  5 10 0 0 1 1 1 0 0 1 0 0 0 0 0 1
2014   2 28  8 55 56  43822   -6.96276  172.05263    25920  70.5  2  0  5 10 0 0 0 1 1 0 0 1 0 0 0 1 0 1
2014   2 28  8 55 56 112486   -7.41607  174.34872    22410  90.7  2  0  6 15 0 0 1 1 1 0 0 1 0 1 0 1 0 0
2014   2 28  8 55 56 148730   -7.95276  176.92387    15317  28.5  0  0  5 10 0 0 1 1 1 0 0 0 0 0 0 1 0 1
2014   2 28  8 55 56 220733   -8.01352  177.08400    19833  27.1  1  0  4  6 0 0 1 1 1 0 0 0 0 0 0 1 0 0
2014   2 28  8 55 57 568873    7.63879  -73.55935     6736  94.1  2  0  7 20 0 0 1 1 1 0 0 1 0 1 0 1 0 1
2014   2 28  8 55 57 637579    7.53260  -73.10425     5698  32.5  1  0  5  7 0 0 1 1 1 0 0 0 0 0 0 1 0 1
2014   2 28  8 55 58 295273  -34.52776  -37.03818    11134  83.8  2  0  5 10 0 0 1 1 1 0 0 1 0 0 0 0 0 1
2014   2 28  8 55 59 853061  -18.87611 -140.86826    28336 115.9  2  0  6 15 0 0 1 1 1 0 0 1 0 0 0 1 0 1
2014   2 28  8 56  0 222122    3.25718    1.46884     7985   6.2  0  0  5 10 0 0 0 1 0 0 0 1 0 0 1 1 0 1
2014   2 28  8 56  0 653152  -21.78777 -141.22029    11113  10.3  0  0  5  9 0 0 0 1 1 0 0 1 0 0 1 1 0 0
2014   2 28  8 56  0 674319  -21.81022 -140.78780     7918  12.9  0  0  5 10 0 0 1 1 1 0 0 1 0 0 0 1 0 0
2014   2 28  8 56  0 676398    1.13358    9.98394    11943  13.1  0  0  5 10 0 0 1 1 1 0 0 1 0 0 0 0 0 1
2014   2 28  8 56  0 696375  -21.80311 -141.21484     8320   9.9  0  0  6 15 0 0 0 1 1 0 0 1 0 0 1 1 0 1
2014   2 28  8 56  1  52700  -21.80048 -140.83694     8225  14.6  0  0  5 10 0 0 1 1 1 0 0 1 0 0 0 1 0 0
2014   2 28  8 56  1 369182  -22.13259   23.36104    22096  24.0  1  0  4  6 0 0 1 1 1 0 0 1 0 0 0 0 0 0
2014   2 28  8 56  1 401901  -21.63364  -47.84160     2455  21.8  0  0  7 21 0 0 1 0 1 0 0 1 0 1 1 1 0 1
2014   2 28  8 56  1 416582  -21.63105  -47.94094     3234   3.5  0  0  4  6 0 0 1 0 0 0 0 1 0 1 1 0 0 0
2014   2 28  8 56  1 433486  -21.68406  -46.03706     2719  14.5  0  0  5 10 0 0 0 1 1 0 0 1 0 0 1 0 0 1
2014   2 28  8 56  1 446329  -21.67387  -47.88300     2922  26.7  0  0  6 13 0 0 0 1 1 0 0 1 0 0 1 1 0 1
2014   2 28  8 56  1 656620  -21.64223  -46.01706     2856  16.8  0  0  5  9 0 0 0 1 1 0 0 1 0 0 1 0 0 1
2014   2 28  8 56  1 751163  -21.72024  -46.11315     2544  15.6  0  0  6 15 0 0 1 1 1 0 0 1 0 0 1 0 0 1
2014   2 28  8 56  1 843042  -21.59747  -46.37127     2635  24.5  0  0  7 20 0 0 1 1 1 0 0 1 0 1 1 1 0 0
2014   2 28  8 56  1 851734  -21.63731  -46.26804     2563  16.6  0  0  6 15 0 0 1 1 1 0 0 1 0 0 1 0 0 1
2014   2 28  8 56  1 895050  -21.65759  -46.24329     2570  16.7  0  0  6 15 0 0 1 1 1 0 0 1 0 0 1 0 0 1
2014   2 28  8 56  1 905496  -21.64623  -46.24528     2585  17.6  0  0  6 15 0 0 1 1 1 0 0 1 0 0 1 0 0 1
2014   2 28  8 56  3 359458  -10.64277  -57.38743     3836  38.6  1  0  5 10 0 0 1 1 1 0 0 0 0 0 0 1 0 1
2014   2 28  8 56  3 618622   -6.84839  147.00441     6498   7.5  0  0  4  6 0 0 1 0 0 0 0 1 0 0 1 1 0 0
2014   2 28  8 56  3 634391  -10.62960  -57.41966     2971  28.0  0  0  6 14 0 0 1 1 0 0 0 1 0 0 1 1 0 1
2014   2 28  8 56  4 315104  -10.75344  -57.36934     3305  48.9  0  0  7 21 0 0 1 1 1 0 0 0 0 1 1 1 0 1
2014   2 28  8 56  4 353199  -10.79345  -57.47015     3148  41.5  0  0  7 21 0 0 0 1 1 0 0 1 0 1 1 1 0 1
2014   2 28  8 56  4 368123  -17.62068 -136.62428    14459  40.5  0  0  7 21 0 0 1 1 1 0 0 1 0 1 1 0 0 1
2014   2 28  8 56  4 455493  -17.19441 -137.51851     7929  35.2  0  0  7 21 0 0 1 0 1 0 0 1 0 1 1 1 0 1
2014   2 28  8 56  4 664939  -14.50550  -39.37998     2951  29.4  0  0  6 15 0 0 1 1 1 0 0 1 0 0 1 0 0 1
2014   2 28  8 56  4 683602    0.96889  -65.29694     3974  51.2  1  0  7 21 0 0 1 1 1 0 0 0 0 1 1 1 0 1
2014   2 28  8 56  4 764277  -18.75282 -141.31064    13822  33.5  1  0  5 10 0 0 1 0 1 0 0 1 0 0 0 1 0 1
2014   2 28  8 56  4 851442  -14.39958  -38.70531     4581   2.6  0  0  4  6 0 0 1 0 0 0 0 0 0 1 0 1 0 1
2014   2 28  8 56  4 858583  -14.53469  -37.98085     4941  24.5  0  0  5 10 0 0 0 1 1 0 0 1 0 0 1 0 0 1
2014   2 28  8 56  5 322095  -21.38889 -141.65610    19643  47.4  1  0  5 10 0 0 1 1 1 0 0 0 0 0 1 1 0 0
2014   2 28  8 56  5 511957   -5.15789  -71.82850     5024  63.9  2  0  6 15 0 0 1 1 1 0 0 0 0 1 0 1 0 1
2014   2 28  8 56  5 679275   -5.28668  -72.47543     5394  36.6  0  0  6 15 0 0 0 1 1 0 0 1 0 1 0 1 0 1
2014   2 28  8 56  5 970217   -2.38156   -2.24709    59591  36.1  1  0  5 10 0 0 1 1 1 0 0 0 0 0 1 0 0 1
2014   2 28  8 56  6 320483  -20.66177  -46.37952     2958  49.6  0  0  7 21 0 0 1 1 1 0 0 1 0 1 1 0 0 1
2014   2 28  8 56  6 453896  -21.60633  -47.00988     4051  52.4  2  0  5 10 0 0 0 1 1 0 0 1 0 0 1 0 0 1
2014   2 28  8 56  6 557340  -21.61075  -46.98685     3060  47.6  0  0  7 19 0 0 1 1 1 0 0 1 0 0 1 1 0 1
2014   2 28  8 56  6 758592  -21.68237  -47.00473     3392  49.8  1  0  6 15 0 0 1 1 1 0 0 1 0 0 1 0 0 1
2014   2 28  8 56  6 902419    5.49530    8.26508    33618  28.8  1  0  4  6 0 0 1 1 0 0 0 1 0 0 1 0 0 0
2014   2 28  8 56  7  30552  -21.76394  -46.08681     3141  58.9  1  0  7 21 0 0 1 1 1 0 0 1 0 1 1 0 0 1
2014   2 28  8 56  7 169164    7.09276  -77.06496     4873  52.8  1  0  7 21 0 0 1 0 1 0 0 1 0 1 1 1 0 1
2014   2 28  8 56  7 416320    7.91736  -74.00951     6168  66.5  2  0  6 12 0 0 1 1 1 0 0 1 0 0 1 1 0 0
2014   2 28  8 56  7 915472  -14.54060  162.85115    11252  50.2  1  0  6 15 0 0 1 1 0 0 0 1 0 0 1 1 0 1
2014   2 28  8 56  8 135535  -10.53091  -57.99567     3556  74.1  2  0  7 21 0 0 1 1 0 0 0 0 0 1 1 1 1 1
2014   2 28  8 56  8 214613  -10.54784  -57.96632     4998  82.9  2  0  7 16 0 0 1 1 1 0 0 1 0 1 0 1 0 1
2014   2 28  8 56  8 222323  -10.71859  -58.30892     4865  41.0  1  0  5 10 0 0 0 1 1 0 0 1 0 0 0 1 0 1
2014   2 28  8 56  8 242720  -10.52603  -57.93870     3710  75.0  2  0  7 21 0 0 1 1 1 0 0 1 0 0 1 1 0 1
2014   2 28  8 56  8 388176  -10.50105  -57.93981     3720  75.4  2  0  7 21 0 0 1 1 1 0 0 1 0 0 1 1 0 1
2014   2 28  8 56  8 397691  -10.58651  -58.09214     4071  74.5  2  0  7 21 0 0 0 1 1 0 0 1 0 1 1 1 0 1
2014   2 28  8 56  8 795950   -6.78681  147.10155     8599  85.5  2  0  7 21 0 0 1 1 1 0 0 1 0 1 1 1 0 0
2014   2 28  8 56  9 110965    2.68078  -69.56501     9815  69.7  2  0  5 10 0 0 0 1 1 0 0 1 0 0 0 1 0 1
2014   2 28  8 56  9 394086   34.45946 -172.19556    43643  93.6  2  0  7 20 0 0 0 1 1 0 0 1 0 1 1 1 0 1
2014   2 28  8 56  9 544734   19.33427  -92.41368    15901  84.2  2  0  6 15 0 0 1 1 1 0 0 1 0 0 1 1 0 0
2014   2 28  8 56 10   4857  -33.52369  -38.92252     7677  55.6  1  0  6 14 0 0 1 0 1 0 0 0 0 1 1 1 0 1
2014   2 28  8 56 10 271474  -33.35355  -39.86174     6268  97.5  2  0  7 21 0 0 1 1 1 0 0 1 0 1 1 1 0 0
2014   2 28  8 56 10 316065  -33.54989  -39.54393     8426  68.8  2  0  5 10 0 0 1 1 0 0 0 1 0 0 1 0 0 1
2014   2 28  8 56 10 373952  -33.36139  -39.84345     6455  97.6  2  0  7 21 0 0 1 1 0 0 0 1 0 1 1 1 0 1
2014   2 28  8 56 10 449783  -32.07542  -40.89878     7213  50.5  1  0  6 15 0 0 0 1 0 0 0 1 0 1 1 1 0 1
2014   2 28  8 56 10 520763  -31.95759  -40.86541    18909  45.8  1  0  5  9 0 0 0 1 1 0 0 0 0 1 0 1 0 1
2014   2 28  8 56 10 648217  -22.17290  -46.65205     3155  50.0  0  0  7 17 0 0 1 1 1 0 0 1 0 1 1 1 0 0
2014   2 28  8 56 10 680658  -22.22857  -46.60261     4074  30.1  1  0  4  6 0 0 1 1 0 0 0 0 0 1 1 0 0 0
2014   2 28  8 56 10 735041  -22.55174  -46.12870     5293  87.1  2  0  5 10 0 0 0 1 1 0 0 1 0 0 1 0 0 1
2014   2 28  8 56 10 739748  -33.28793  -40.37215     3415   6.4  0  0  5 10 0 0 1 1 1 0 0 1 0 0 0 0 0 1
2014   2 28  8 56 10 834655  -33.50226  -39.66791     8974  78.3  2  0  5 10 0 0 1 1 1 0 0 1 0 0 1 0 0 0
2014   2 28  8 56 12  78105  -17.12363  178.93303   237972 124.1  2  0  6 11 0 0 0 1 1 0 0 1 0 1 1 0 0 1
2014   2 28  8 56 13  29804    0.17541    7.00576    31332  56.7  2  0  5 10 0 0 1 0 1 0 0 1 0 0 1 0 0 1
2014   2 28  8 56 13 889806  -21.78721  -46.10503     5585  95.4  2  0  6 11 0 0 1 1 1 0 0 1 0 0 0 1 0 1
2014   2 28  8 56 14  33750    7.85314  -79.95849    14331 126.7  2  0  7 21 0 0 0 1 1 0 0 1 0 1 1 1 0 1
2014   2 28  8 56 15 265292    7.30786  -77.87702    10213 132.4  2  0  7 19 0 0 1 1 1 0 0 1 0 0 1 1 0 1
2014   2 28  8 56 15 305300    1.33781  -73.90942     9776   7.9  0  0  4  6 0 0 1 1 0 0 0 0 0 1 0 0 0 1
2014   2 28  8 56 15 368481  -21.29437 -140.85512    19704 101.3  2  0  7 21 0 0 1 0 1 0 0 1 0 1 1 1 0 1
2014   2 28  8 56 16 622989    0.96268    1.38900     6950   7.5  0  0  7 16 0 0 1 1 1 0 0 1 0 0 1 1 0 1
2014   2 28  8 56 16 980326  -32.54123   20.38718     6623   9.3  0  0  6 15 0 0 1 1 1 0 0 1 0 0 1 0 0 1
2014   2 28  8 56 17 318792  -32.10649 -136.06490     7954   7.3  0  0  5 10 0 0 1 1 0 0 0 1 0 0 1 1 0 0
2014   2 28  8 56 17 329306  -32.12522 -136.07927    10197  15.3  0  0  5 10 0 0 1 0 1 0 0 1 0 0 1 1 0 0
2014   2 28  8 56 18 996570  -13.22241  -38.65505     3643  12.7  0  0  6 15 0 0 1 0 1 0 0 0 0 1 1 1 0 1
2014   2 28  8 56 19  49335  -13.25768  -38.77733     3448  28.1  0  0  7 20 0 0 0 1 1 0 0 1 0 1 1 1 0 1
2014   2 28  8 56 19  86112  -13.19739  -38.81934     4385  12.8  0  0  5 10 0 0 1 1 1 0 0 0 0 0 1 1 0 0
2014   2 28  8 56 19 254213  -13.29317  -38.88626     4478  28.6  0  0  6 14 0 0 1 1 1 0 0 1 0 0 0 1 0 1
2014   2 28  8 56 19 327552  -24.17280  -45.23281     3095  31.4  0  0  6 15 0 0 1 1 1 0 0 1 0 0 1 0 0 1
2014   2 28  8 56 19 364523  -13.27006  -38.78736     4413  32.8  0  0  6 12 0 0 1 1 0 0 0 1 0 1 0 1 0 1
2014   2 28  8 56 19 415944    2.77739  -96.05628    10418  35.5  1  0  5 10 0 0 0 1 0 0 0 1 0 0 1 1 0 1
2014   2 28  8 56 20 323789    1.07789    1.16115    17360  34.8  0  0  6 14 0 0 1 1 1 0 0 1 0 0 1 0 0 1
2014   2 28  8 56 20 563911   20.67882 -112.04328    23979  42.2  1  0  5 10 0 0 0 1 1 0 0 1 0 0 1 1 0 0
2014   2 28  8 56 21 750100  -32.73790 -134.24753    11876  48.2  0  0  7 20 0 0 1 1 1 0 0 1 0 0 1 1 0 1
2014   2 28  8 56 21 805064  -22.52740  -46.08657     3213  40.1  1  0  6 15 0 0 1 1 1 0 0 1 0 0 1 0 0 1
2014   2 28  8 56 22 770432  -21.78757  -46.23326     3082  54.5  1  0  7 21 0 0 1 1 1 0 0 1 0 1 1 0 0 1
2014   2 28  8 56 22 788961  -21.88098  -46.15241     4084  42.1  1  0  5  8 0 0 1 1 1 0 0 1 0 0 0 0 0 1
2014   2 28  8 56 22 887515  -23.76711  -45.59946     3566  59.5  1  0  7 20 0 0 1 1 0 0 0 1 0 1 1 1 0 1
2014   2 28  8 56 22 902521  -23.82244  -45.52567     3883  55.8  1  0  6 15 0 0 1 1 1 0 0 1 0 0 1 0 0 1
2014   2 28  8 56 22 915846  -23.84165  -45.47717     6285  61.7  2  0  5 10 0 0 1 1 0 0 0 1 0 0 1 0 0 1
2014   2 28  8 56 22 973503    5.77914  -72.55474     4715  82.2  2  0  7 16 0 0 1 1 1 0 0 1 0 0 1 1 1 0
2014   2 28  8 56 23  23964  -21.66202  -46.21949     3395  49.9  1  0  6 15 0 0 1 0 1 0 0 1 0 1 1 0 0 1
2014   2 28  8 56 23  77957  -21.70087  -46.28158     3119  56.6  1  0  7 21 0 0 1 1 1 0 0 1 0 1 1 0 0 1
2014   2 28  8 56 23 129119  -21.69987  -46.32773     3130  57.4  1  0  7 21 0 0 1 1 1 0 0 1 0 1 1 0 0 1
2014   2 28  8 56 23 214155  -21.74912  -46.22496     3856  46.5  1  0  5 10 0 0 0 1 1 0 0 1 0 0 1 0 0 1
2014   2 28  8 56 23 263241  -21.75426  -46.18829     3801  53.6  1  0  6 12 0 0 1 0 1 0 0 1 0 1 1 0 0 1
2014   2 28  8 56 23 713397  -23.76121  -45.61209     5205  60.9  2  0  5  9 0 0 0 1 1 0 0 1 0 0 1 0 0 1
2014   2 28  8 56 23 876683  -18.89956 -141.79927    15567  55.3  1  0  6 15 0 0 1 0 1 0 0 1 0 0 1 1 0 1
2014   2 28  8 56 23 957666   -6.28468   10.82776    31501  34.6  1  0  4  6 0 0 1 1 0 0 0 1 0 0 1 0 0 0
2014   2 28  8 56 24  83127  -14.51382  -44.59755     3209  63.3  1  0  7 21 0 0 1 1 1 0 0 1 0 0 1 1 0 1
2014   2 28  8 56 24 307964  -21.54008 -141.56897    19973  51.3  2  0  5 10 0 0 1 0 1 0 0 1 0 0 1 1 0 0
2014   2 28  8 56 24 327009  -21.42252 -142.17033    15872  62.3  2  0  6 15 0 0 1 1 0 0 0 1 0 0 1 1 0 1
2014   2 28  8 56 24 334662  -21.51038 -141.88278    14085  69.0  1  0  7 21 0 0 1 1 1 0 0 1 0 0 1 1 0 1
2014   2 28  8 56 24 639602  -10.70100  -57.03018     3716  71.6  2  0  7 21 0 0 0 1 1 0 0 0 0 1 1 1 1 1
2014   2 28  8 56 24 663214  -10.65428  -56.75453     3833  67.1  1  0  7 21 0 0 1 0 1 0 0 1 0 1 1 1 0 1
2014   2 28  8 56 24 822629  -10.64309  -56.94639     3748  76.4  2  0  7 21 0 0 1 1 1 0 0 1 0 1 1 1 0 0
2014   2 28  8 56 24 898021  -21.79561  -46.04404     4377  60.6  2  0  5 10 0 0 0 1 1 0 0 1 0 0 1 0 0 1
2014   2 28  8 56 24 925023    3.86014  -73.21719    11420  70.7  2  0  6 15 0 0 1 1 1 0 0 1 0 0 1 0 0 1
2014   2 28  8 56 25  65519  -11.93597  -55.96376    10226  47.2  1  0  5 10 0 0 0 1 1 0 0 0 0 1 1 0 0 1
2014   2 28  8 56 25 112533  -32.63466  -40.84896    10757  24.3  0  0  5 10 0 0 0 1 1 0 0 1 0 1 0 0 0 1
2014   2 28  8 56 25 151590  -32.35502  -40.92844     5956  26.0  0  0  5 10 0 0 0 1 1 0 0 1 0 0 1 0 0 1
2014   2 28  8 56 25 515083   -3.23520  149.00755    11544  85.2  2  0  6 15 0 0 1 1 1 0 0 1 0 1 0 1 0 0
2014   2 28  8 56 25 557642   -3.21404  149.15929     7195  69.4  1  0  7 21 0 0 1 1 1 0 0 1 0 0 1 1 0 1
2014   2 28  8 56 25 589489   -1.87220  144.90308    19149  22.0  1  0  4  6 0 0 1 0 0 0 0 0 0 0 1 1 0 1
2014   2 28  8 56 25 695128  -20.80027  -46.46973     3436  73.6  2  0  7 21 0 0 1 1 1 0 0 1 0 1 1 0 0 1
2014   2 28  8 56 26 427339  -21.70278  -46.86155     5472  65.3  2  0  5 10 0 0 1 1 1 0 0 1 0 0 1 0 0 0
2014   2 28  8 56 26 779847  -18.93944 -140.92896    21132  49.0  1  0  5  8 0 0 1 0 1 0 0 0 0 0 1 1 0 1
2014   2 28  8 56 26 816597    2.89207    0.63290    38705  87.0  2  0  6 15 0 0 1 1 1 0 0 1 0 0 1 0 0 1
2014   2 28  8 56 26 862672  -18.18287 -144.69012    15096  24.1  1  0  4  6 0 0 1 1 0 0 0 1 0 0 0 1 0 0
2014   2 28  8 56 27 341071  -18.42410 -142.21855    26154  96.7  2  0  6 15 0 0 1 1 1 0 0 0 0 0 1 1 0 1
2014   2 28  8 56 27 599684    6.87489  -74.54832     6752 106.4  2  0  7 21 0 0 1 1 1 0 0 1 0 1 1 1 0 0
2014   2 28  8 56 27 610985    6.75427  -74.16183     5986  79.9  2  0  7 21 0 0 1 0 1 0 0 1 0 1 1 1 0 1
2014   2 28  8 56 28 223485   -3.68229  143.38846     5451   3.4  0  0  4  6 0 0 1 0 0 0 0 1 0 0 1 1 0 0
2014   2 28  8 56 28 845903  -12.39486  -72.06772     5714 115.8  2  0  7 20 0 0 1 1 1 0 0 1 0 0 1 1 0 1
2014   2 28  8 56 29 241368  -32.99531 -114.02647    16157  89.2  2  0  6 15 0 0 1 1 1 0 0 0 0 0 1 1 0 1
2014   2 28  8 56 29 266311  -22.24908 -141.73151    19697  34.5  1  0  4  6 0 0 1 1 0 0 0 1 0 0 0 1 0 0
2014   2 28  8 56 30 234484  -12.25248  -72.41890     5478  52.4  2  0  5  9 0 0 1 1 0 0 0 1 0 0 1 1 0 0
2014   2 28  8 56 30 254774  -12.36283  -72.05181     5780 126.2  2  0  7 21 0 0 1 1 1 0 0 1 0 0 1 1 0 1
2014   2 28  8 56 30 449976   -4.15322  -71.67050     5547  99.9  2  0  7 21 0 0 1 0 1 0 0 1 0 1 1 1 0 1
2014   2 28  8 56 30 477271   -4.22579  -72.44801     8430 125.8  2  0  7 21 0 0 0 1 1 0 0 1 0 1 1 1 0 1
2014   2 28  8 56 30 701249   -4.77143  -71.21448     9624 124.9  2  0  7 21 0 0 1 1 1 0 0 1 0 1 1 0 0 1
2014   2 28  8 56 31 236563   -9.80235  160.78897    16221 100.0  2  0  7 21 0 0 1 0 1 0 0 1 0 1 1 1 0 1
2014   2 28  8 56 31 710412  -10.56075  -57.01667     5893 146.8  2  0  7 21 0 0 1 1 1 0 0 0 0 1 1 1 0 1
2014   2 28  8 56 31 751051  -10.61273  -56.81273     5147 117.6  2  0  7 21 0 0 1 0 1 0 0 1 0 1 1 1 0 1
2014   2 28  8 56 31 955864  -14.31610  166.77602    99446 134.3  2  0  6 15 0 0 1 1 1 0 0 1 0 1 0 0 0 1
2014   2 28  8 56 32 106193    0.20655    0.13474    14061   5.3  0  0  4  6 0 0 1 1 1 0 0 1 0 0 0 0 0 0
2014   2 28  8 56 32 316045  -10.79326  -56.69158     2569   9.6  0  0  6 14 0 0 0 1 1 0 0 1 0 0 1 1 0 1
2014   2 28  8 56 32 333302  -10.75695  -56.65183     2566   4.6  0  0  5 10 0 0 1 1 0 0 0 0 0 0 1 1 0 1
2014   2 28  8 56 32 685190   -1.25659  150.62370     8658  44.3  1  0  5 10 0 0 1 1 0 0 0 1 0 0 1 1 0 0
2014   2 28  8 56 32 695871   -1.25865  150.59732     6593  40.6  1  0  6 15 0 0 1 1 1 0 0 1 0 0 1 1 0 0
2014   2 28  8 56 32 732481   -1.24759  150.61911     8747  45.0  1  0  5 10 0 0 1 1 0 0 0 1 0 0 1 1 0 0
2014   2 28  8 56 33 254637   -7.00558    8.69358    13084   7.7  0  0  4  6 0 0 1 1 0 0 0 1 0 0 0 0 0 1
2014   2 28  8 56 33 546214   -6.85945  146.72063     6715  40.7  1  0  6 15 0 0 1 0 1 0 0 1 0 1 1 1 0 0
2014   2 28  8 56 35   3355  -22.45410  -46.11597     2958  22.1  0  0  5 10 0 0 0 1 1 0 0 1 0 0 1 0 0 1
2014   2 28  8 56 35 473737  -22.39152  -46.01571     2755  24.7  0  0  6 15 0 0 1 1 1 0 0 1 0 0 1 0 0 1
2014   2 28  8 56 35 539449  -22.44321  -46.07024     3084  26.0  0  0  5 10 0 0 0 1 1 0 0 1 0 0 1 0 0 1
2014   2 28  8 56 35 567084  -22.45443  -46.10849     3065  25.6  0  0  5 10 0 0 0 1 1 0 0 1 0 0 1 0 0 1
2014   2 28  8 56 36  20214  -21.54992  -46.91644     3037  23.9  0  0  5 10 0 0 0 1 1 0 0 1 0 0 1 0 0 1
2014   2 28  8 56 36 226983  -21.56874  -46.91134     3542  24.8  1  0  4  6 0 0 0 1 0 0 0 1 0 0 1 0 0 1
2014   2 28  8 56 36 582773   31.10452 -177.76930    11390  58.2  1  0  7 20 0 0 1 1 1 0 0 1 0 1 1 1 0 0
2014   2 28  8 56 36 716876  -21.68519  -45.99245     3546  44.6  1  0  6 15 0 0 1 1 1 0 0 1 0 1 1 0 0 0
2014   2 28  8 56 36 808914  -21.68615  -45.98684     2826  41.4  0  0  7 21 0 0 1 1 1 0 0 1 0 1 1 0 0 1
2014   2 28  8 56 36 831620  -34.33547  -37.44957     4400  37.5  0  0  6 15 0 0 1 1 1 0 0 1 0 0 1 0 0 1
2014   2 28  8 56 36 908193  -21.70050  -46.14370     4421  38.6  1  0  5 10 0 0 1 0 1 0 0 1 0 1 1 0 0 0
2014   2 28  8 56 36 920973  -33.78481  -38.93879     3817  39.2  0  0  7 20 0 0 1 1 1 0 0 1 0 1 1 0 0 1
2014   2 28  8 56 36 937388  -21.72211  -45.91626     3383  33.2  1  0  5 10 0 0 0 1 1 0 0 1 0 0 1 0 0 1
2014   2 28  8 56 36 963326  -30.97497 -108.93063     4858  24.0  0  0  7 21 0 0 1 1 1 0 0 0 0 1 1 1 0 1
2014   2 28  8 56 37   9594  -21.73843  -45.70949     5377  71.3  2  0  6 15 0 0 1 1 1 0 0 1 0 0 1 0 1 0
2014   2 28  8 56 37  18396  -30.99052 -108.93253     4872  24.3  0  0  7 21 0 0 1 1 1 0 0 0 0 1 1 1 0 1
2014   2 28  8 56 37  54974  -33.79976  -38.79200     3405  12.9  0  0  5 10 0 0 1 1 1 0 0 0 0 0 1 0 0 1
2014   2 28  8 56 37  81208  -33.82107  -38.84023     4276  38.7  0  0  6 15 0 0 1 1 1 0 0 1 0 0 1 0 0 1
2014   2 28  8 56 37  89203  -31.08572 -109.53157    13260  51.3  2  0  5 10 0 0 1 1 0 0 0 1 0 0 1 1 0 0
2014   2 28  8 56 37  94285  -22.85659 -139.45999    17399  43.2  1  0  5 10 0 0 1 0 1 0 0 1 0 0 0 1 0 1
2014   2 28  8 56 37 122972  -22.88585 -139.09422    14677  52.1  1  0  6 15 0 0 1 1 1 0 0 1 0 0 1 1 0 0
2014   2 28  8 56 37 169135  -21.71976  -45.90287     2979  31.5  0  0  6 15 0 0 1 1 1 0 0 1 0 0 1 0 0 1
2014   2 28  8 56 37 181674  -22.91543 -138.12370    12468  28.7  0  0  5 10 0 0 1 1 1 0 0 0 0 0 1 1 0 0
2014   2 28  8 56 37 296038  -21.73570  -46.05203     3493  39.5  1  0  5 10 0 0 0 0 1 0 0 1 0 1 1 0 0 1
2014   2 28  8 56 37 368659   -4.63171  146.29747     6421  12.4  0  0  4  6 0 0 1 0 0 0 0 1 0 0 1 1 0 0
2014   2 28  8 56 37 566104   -0.01778    7.37558    17255  12.6  0  0  4  6 0 0 1 1 1 0 0 1 0 0 0 0 0 0
2014   2 28  8 56 37 679556  -14.54515  -44.10154     2888  44.0  0  0  7 21 0 0 1 1 1 0 0 1 0 0 1 1 0 1
2014   2 28  8 56 37 703564  -20.85274  -48.07431     2818  26.1  0  0  6 15 0 0 1 1 1 0 0 1 0 0 1 0 0 1
2014   2 28  8 56 37 716417  -20.87813  -48.07227     2814  25.9  0  0  6 15 0 0 1 1 1 0 0 1 0 0 1 0 0 1
2014   2 28  8 56 37 938658  -21.75131  -45.93620     3982  30.3  1  0  4  6 0 0 1 1 0 0 0 1 0 0 0 0 0 1
2014   2 28  8 56 37 957164  -21.77235  -45.96421     3076  35.6  0  0  6 15 0 0 1 1 1 0 0 1 0 0 1 0 0 1
2014   2 28  8 56 38  66516  -20.82604  -48.07027     2935  27.7  0  0  6 14 0 0 1 1 1 0 0 1 0 0 1 0 0 1
2014   2 28  8 56 39 493354  -31.14625 -155.09296    38913  81.0  2  0  6 15 0 0 1 1 1 0 0 0 0 0 1 1 0 1
2014   2 28  8 56 39 567908  -10.43043  177.88307    48700  50.7  2  0  5  9 0 0 1 1 0 0 0 1 0 0 1 0 0 1
2014   2 28  8 56 39 767929    1.92126    7.02827    28147  45.1  1  0  5 10 0 0 1 1 0 0 0 1 0 0 1 0 0 1
2014   2 28  8 56 40 818256  -25.55700  -44.12008     3747  62.2  1  0  7 21 0 0 1 1 1 0 0 1 0 1 1 0 0 1
2014   2 28  8 56 40 827412  -25.52542  -44.15977     3751  62.7  1  0  7 21 0 0 1 1 1 0 0 1 0 1 1 0 0 1
2014   2 28  8 56 40 849705  -25.59254  -44.01402     4292  55.7  1  0  6 15 0 0 1 1 1 0 0 1 0 0 1 0 0 1
2014   2 28  8 56 40 922933   -5.13975  -71.69984     5273  76.0  2  0  6 15 0 0 1 1 1 0 0 1 0 0 1 1 0 0
2014   2 28  8 56 41 911661  -31.94699   18.59430    31567  70.0  2  0  5 10 0 0 1 1 0 0 0 1 0 0 1 0 0 1
2014   2 28  8 56 42 406847    4.49239  -71.56145    11144  65.6  2  0  6 15 0 0 1 1 1 0 0 1 0 0 1 0 0 1
2014   2 28  8 56 42 942523  -21.48707  -45.72418     4526  78.1  2  0  6 14 0 0 0 1 1 0 0 1 0 0 1 0 1 1
2014   2 28  8 56 43 172933  -21.65770  -46.00524     3816  60.2  2  0  6 15 0 0 1 1 1 0 0 1 0 0 1 0 0 1
2014   2 28  8 56 43 198292  -21.41464  -46.23661     3921  32.7  1  0  4  6 0 0 1 1 0 0 0 0 0 1 0 0 0 1
2014   2 28  8 56 43 556651   38.28312 -163.07243    26272  98.1  2  0  6 15 0 0 1 1 0 0 0 1 0 1 1 1 0 0
2014   2 28  8 56 43 750085   39.15057 -158.22723    42851  40.3  1  0  5 10 0 0 0 1 0 0 0 0 0 1 1 1 0 1
2014   2 28  8 56 44 380146    6.27186   14.51664    71877  17.8  0  0  4  6 0 0 1 1 0 0 0 0 0 0 1 0 0 1
2014   2 28  8 56 45 804492    7.01960  -73.61333     5301  62.2  1  0  7 18 0 0 1 1 1 0 0 0 0 1 1 1 0 1
2014   2 28  8 56 46 413593   -2.86226   -4.46184    23590   8.6  0  0  4  6 0 0 0 1 0 0 0 1 0 0 1 0 0 1
2014   2 28  8 56 46 781429   -5.10167  -70.91875     9331  88.0  2  0  6 15 0 0 1 1 1 0 0 1 0 0 1 0 0 1
2014   2 28  8 56 46 816392  -30.82253  -40.38425     4339  31.9  1  0  5 10 0 0 1 1 1 0 0 0 0 0 1 0 0 1
2014   2 28  8 56 46 852651  -30.81363  -40.41468     4363  32.4  1  0  5 10 0 0 1 1 1 0 0 0 0 0 1 0 0 1
2014   2 28  8 56 47 206163   -4.19151  -70.84602     4278  24.0  0  0  5 10 0 0 0 1 1 0 0 0 0 0 1 1 0 1
2014   2 28  8 56 47 406969  -10.39301  -57.13798     2958   1.9  0  0  4  6 0 0 0 1 0 0 0 0 0 0 1 1 0 1
2014   2 28  8 56 47 485197   -7.43893    5.40958    29280  91.7  2  0  6 15 0 0 1 1 1 0 0 1 0 0 1 0 0 1
2014   2 28  8 56 47 555111  -17.90161 -143.84467    13266  16.8  0  0  4  6 0 0 1 0 0 0 0 1 0 0 1 1 0 0
2014   2 28  8 56 47 588760    2.48130    0.89396    36240  86.0  2  0  6 15 0 0 1 1 1 0 0 1 0 0 1 0 0 1
2014   2 28  8 56 47 936471  -23.71853  -45.39276     4795 110.3  2  0  7 21 0 0 1 1 1 0 0 1 0 1 1 0 0 1
2014   2 28  8 56 47 955636  -23.80662  -45.22160     6457 104.9  2  0  6 15 0 0 1 1 1 0 0 1 0 0 1 0 0 1
2014   2 28  8 56 48  43680  -24.42724 -132.67575    11187  15.1  0  0  4  6 0 0 1 1 0 0 0 1 0 0 0 1 0 0
2014   2 28  8 56 48 143168  -22.08177  -50.10778     2761   6.1  0  0  4  6 0 0 1 0 0 0 0 1 0 1 0 0 0 1
2014   2 28  8 56 48 165877  -22.09033  -50.11187     2612   8.3  0  0  5  9 0 0 0 1 1 0 0 1 0 0 1 0 0 1
2014   2 28  8 56 48 224548  -22.09021  -50.10507     2564   7.6  0  0  5 10 0 0 0 1 1 0 0 1 0 0 1 0 0 1
2014   2 28  8 56 48 257153  -22.08898  -50.07857     2431   9.9  0  0  6 15 0 0 1 1 1 0 0 1 0 0 1 0 0 1
2014   2 28  8 56 48 376984  -22.11497  -50.08356     2537  10.9  0  0  6 13 0 0 1 1 1 0 0 1 0 0 1 0 0 1
2014   2 28  8 56 48 393286  -22.03020  -50.13133     3799   9.7  0  0  4  6 0 0 1 1 0 0 0 0 0 0 1 0 0 1
2014   2 28  8 56 48 757926   -6.58877  145.97528     8512  32.0  0  0  6 15 0 0 1 0 1 0 0 0 0 1 1 1 0 1
2014   2 28  8 56 49 230317  -13.71853  173.36754     5828  15.4  0  0  7 21 0 0 0 1 1 0 0 1 0 1 1 1 0 1
2014   2 28  8 56 49 431900    6.60043  -77.56687     3996  20.1  0  0  6 12 0 0 1 1 1 0 0 1 0 0 0 1 0 1
2014   2 28  8 56 49 546662  -15.52564  176.41946    35487  11.0  0  0  4  6 0 0 1 1 1 0 0 1 0 0 0 0 0 0
2014   2 28  8 56 49 696756   -0.22266  -15.64467     4846  14.3  0  0  7 21 0 0 1 1 1 0 0 1 0 0 1 1 0 1
2014   2 28  8 56 50 444830   -7.97923   11.28799    13841   9.4  0  0  4  6 0 0 1 1 1 0 0 1 0 0 0 0 0 0
2014   2 28  8 56 50 657426  -29.09554 -133.52504    10207  29.7  0  0  6 15 0 0 1 1 1 0 0 1 0 0 1 1 0 0
2014   2 28  8 56 51 463777  -21.64619  -47.38295     2582  31.9  0  0  7 21 0 0 1 1 0 0 0 1 0 1 1 1 0 1
2014   2 28  8 56 51 500854  -21.68450  -47.35925     3092  34.2  0  0  6 13 0 0 1 1 1 0 0 1 0 0 0 1 0 1
2014   2 28  8 56 51 673002  -21.70304  -47.31929     2972  22.6  0  0  5 10 0 0 0 1 1 0 0 1 0 0 1 0 0 1
2014   2 28  8 56 51 775474  -21.70630  -47.31769     2684  21.2  0  0  6 15 0 0 1 1 1 0 0 1 0 0 1 0 0 1
2014   2 28  8 56 51 899102  -21.69029  -47.31759     2987  23.0  0  0  5 10 0 0 0 1 1 0 0 1 0 0 1 0 0 1
2014   2 28  8 56 51 953967   -4.98713  -71.86183     3906  32.1  0  0  7 21 0 0 0 1 1 0 0 1 0 1 1 1 0 1
2014   2 28  8 56 52 282831  -23.36432  -45.71420     3156  31.5  0  0  6 15 0 0 1 1 0 0 0 1 0 1 1 0 0 1
2014   2 28  8 56 52 344481    0.73225    7.57425    24451  21.4  1  0  4  6 0 0 1 1 0 0 0 1 0 0 1 0 0 0
2014   2 28  8 56 52 450795   -5.00083  -71.78453     4746  46.6  1  0  5 10 0 0 1 1 0 0 0 1 0 1 0 1 0 0
2014   2 28  8 56 52 537133   -9.57215 -179.49709    18763  26.3  0  0  6 15 0 0 1 1 1 0 0 1 0 0 1 0 0 1
2014   2 28  8 56 52 946042  -22.44535  -46.10517     3309  32.1  1  0  5 10 0 0 0 1 1 0 0 1 0 0 1 0 0 1
2014   2 28  8 56 52 996383  -22.43601  -46.11426     3353  33.3  1  0  5 10 0 0 0 1 1 0 0 1 0 0 1 0 0 1
2014   2 28  8 56 54 619639  -10.15389  161.12227     8339  42.2  0  0  7 21 0 0 1 0 1 0 0 1 0 1 1 1 0 1
2014   2 28  8 56 57 577305    1.76512    5.03895    34054  55.8  2  0  5 10 0 0 1 1 0 0 0 1 0 0 1 0 0 1
2014   2 28  8 56 58 103706  -21.35654 -141.03291    21695  82.5  2  0  6 15 0 0 1 1 1 0 0 1 0 0 0 1 0 1
2014   2 28  8 56 58 184262  -14.61630  -43.93668     3044  28.8  0  0  5 10 0 0 0 1 1 0 0 1 0 0 1 0 0 1
2014   2 28  8 56 58 850235  -22.36648  -46.07000     4907  82.3  2  0  6 15 0 0 1 1 1 0 0 1 0 1 1 0 0 0
2014   2 28  8 56 59  93847  -11.99615  -72.42209     9403  74.8  2  0  5 10 0 0 1 1 0 0 0 1 0 0 1 0 0 1
2014   2 28  8 56 59 255008  -20.30392 -136.81946    32431  71.4  2  0  6 15 0 0 1 1 1 0 0 1 0 0 1 0 0 1
2014   2 28  8 56 59 318612  -22.22577  -46.24053     5085 166.3  2  0  7 19 0 0 0 1 1 0 0 1 0 1 1 1 0 1
2014   2 28  8 56 59 463022  -22.21647  -46.15603     3781  52.3  2  0  5 10 0 0 0 1 1 0 0 0 0 1 1 0 0 1
2014   2 28  8 57  0 699338  -18.85975 -141.00531    19262  98.5  2  0  7 21 0 0 1 1 1 0 0 1 0 0 1 1 0 1
2014   2 28  8 57  0 725079  -18.85484 -141.02144    19259  98.6  2  0  7 21 0 0 1 1 1 0 0 1 0 0 1 1 0 1
2014   2 28  8 57  0 755230  -18.86744 -141.01288    19346  99.3  2  0  7 21 0 0 1 1 1 0 0 1 0 0 1 1 0 1
2014   2 28  8 57  1 143679  -21.67913  -45.93970     3810  91.2  2  0  7 20 0 0 1 1 1 0 0 1 0 0 1 1 0 1
2014   2 28  8 57  1 624156  -27.54125 -131.06351    28006  80.8  2  0  5 10 0 0 1 1 1 0 0 0 0 0 1 1 0 0
2014   2 28  8 57  3 570434  -15.71256   72.88005    15935   5.0  0  0  4  6 0 0 1 1 0 0 0 0 0 0 1 0 0 1
2014   2 28  8 57  3 639661   19.78785 -110.23903    10929  69.3  1  0  7 21 0 0 1 1 1 0 0 0 0 1 1 1 0 1
2014   2 28  8 57  4  27228   -9.90448   -5.09720     9966  30.1  1  0  5 10 0 0 1 0 1 0 0 0 0 0 1 1 0 1
2014   2 28  8 57  4  81675   -0.10317    9.06594    13605   2.9  0  0  4  6 0 0 1 1 0 0 0 1 0 0 0 0 0 1
2014   2 28  8 57  4 613733  -14.37662  -44.27523     2330  12.4  0  0  7 21 0 0 1 1 1 0 0 1 0 1 1 0 0 1
2014   2 28  8 57  6 110598   -0.13557    8.78927    26154  26.3  1  0  4  6 0 0 1 1 1 0 0 1 0 0 0 0 0 0
2014   2 28  8 57  6 142427  -23.93536  -45.64629     3451  26.4  0  0  5 10 0 0 0 1 1 0 0 1 0 0 1 0 0 1
2014   2 28  8 57  6 175533  -18.78631 -141.21204     7147  25.4  0  0  7 21 0 0 1 1 1 0 0 1 0 0 1 1 0 1
2014   2 28  8 57  6 668618  -14.58890  -44.25449     2575  10.2  0  0  5 10 0 0 0 1 1 0 0 1 0 0 1 0 0 1
2014   2 28  8 57  6 707510   -7.18992  179.36176    19733  21.5  0  0  5 10 0 0 1 1 1 0 0 1 0 0 0 0 0 1
2014   2 28  8 57  6 771794  -22.38026 -139.42233    15578  25.0  0  0  6 15 0 0 1 1 1 0 0 1 0 0 1 0 0 1
2014   2 28  8 57  6 829490  -21.87203 -140.53365     9886  30.2  0  0  6 15 0 0 1 0 1 0 0 1 0 1 0 1 0 1
2014   2 28  8 57  6 912892  -21.76145 -140.82205    13400  29.0  0  0  5 10 0 0 1 0 1 0 0 1 0 0 1 1 0 0
2014   2 28  8 57  6 924267  -12.88637  157.01952     4714  19.0  0  0  7 21 0 0 0 1 1 0 0 1 0 1 1 1 0 1
2014   2 28  8 57  7 310929    1.82303  -84.43751    10369   0.9  0  0  4  6 0 0 1 1 1 0 0 0 0 1 0 0 0 0
2014   2 28  8 57  7 318059    3.53090  -85.88940     4276  33.4  0  0  7 21 0 0 1 0 1 0 0 1 0 1 1 1 0 1
2014   2 28  8 57  7 342807  -21.69649 -141.15746     9987  32.2  0  0  6 15 0 0 1 1 1 0 0 1 0 0 1 1 0 0
2014   2 28  8 57  7 422564  -21.90813  -45.90028     3332  27.9  0  0  5  9 0 0 0 1 1 0 0 0 0 0 1 1 0 1
2014   2 28  8 57  7 524101  -21.80301 -140.53514     8408  30.9  0  0  7 21 0 0 1 0 1 0 0 1 0 1 1 1 0 1
2014   2 28  8 57  7 757206  -21.74267  -45.96464     2987  22.2  0  0  5 10 0 0 0 1 1 0 0 1 0 0 1 0 0 1
2014   2 28  8 57  7 908588  -22.61964 -138.45251    15515  15.3  0  0  5 10 0 0 1 0 1 0 0 1 0 0 1 0 0 1
2014   2 28  8 57  8 324340  -14.55791  -44.28839     2835  20.2  0  0  5 10 0 0 0 1 1 0 0 1 0 0 1 0 0 1
2014   2 28  8 57  8 472125  -14.49578  -44.01730     4731   7.7  0  0  4  6 0 0 1 0 0 0 0 1 0 0 1 0 0 1
2014   2 28  8 57  8 619250  -22.05966 -140.16508    22246  41.4  1  0  6 15 0 0 1 1 0 0 0 1 0 1 1 0 0 1
2014   2 28  8 57  8 690671  -21.27790 -143.80173     9475  34.3  0  0  7 17 0 0 1 1 1 0 0 1 0 0 1 1 0 1
2014   2 28  8 57  8 799159   21.37153  138.04408     7625  48.6  1  0  5  9 0 0 1 1 1 0 0 0 0 0 1 0 0 1
2014   2 28  8 57  8 951729  -12.34885  -71.95842     4942  49.0  1  0  5 10 0 0 1 1 0 0 0 0 0 0 1 1 0 1
2014   2 28  8 57  9 546203  -13.19630  -71.15099    10678  40.2  1  0  5 10 0 0 1 1 1 0 0 0 0 0 1 0 0 1
2014   2 28  8 57  9 666251  -12.66801  -71.76646    14017  56.3  2  0  5 10 0 0 0 1 1 0 0 1 0 0 1 0 0 1
2014   2 28  8 57 10 757730   29.94398 -125.66322    20529  51.4  1  0  6 15 0 0 1 1 1 0 0 1 0 0 1 0 0 1
2014   2 28  8 57 11 690322   33.44574 -143.98036    56038  18.6  0  0  4  6 0 0 0 1 1 0 0 1 0 0 0 1 0 0
2014   2 28  8 57 12 616748    1.28825    3.69670    44084  80.0  2  0  5 10 0 0 1 1 1 0 0 1 0 0 0 0 0 1
2014   2 28  8 57 12 752026    4.12247  -85.32914    36733  34.1  1  0  5 10 0 0 1 0 1 0 0 0 0 1 1 0 0 1
2014   2 28  8 57 13 492050  -12.62689  157.21634     6780  14.6  0  0  5 10 0 0 1 1 0 0 0 1 0 0 1 1 0 0
2014   2 28  8 57 13 726193  -21.74850  -46.12269     3507  77.5  2  0  7 21 0 0 1 1 1 0 0 1 0 1 1 0 0 1
2014   2 28  8 57 13 866499  -21.74841  -46.12624     3525  78.5  2  0  7 21 0 0 1 1 1 0 0 1 0 1 1 0 0 1
2014   2 28  8 57 14 117360    6.74090  -77.49133     8892  92.5  2  0  7 18 0 0 1 1 1 0 0 1 0 0 1 1 0 1
2014   2 28  8 57 14 603640  -33.45944  -39.65171     8671  77.5  2  0  5 10 0 0 1 1 1 0 0 0 0 0 1 0 0 1
2014   2 28  8 57 14 783261  -33.45568  -39.66078     8763  78.6  2  0  5 10 0 0 1 1 1 0 0 0 0 0 1 0 0 1
2014   2 28  8 57 15 471985  -33.31319  -40.41469     4176   6.5  0  0  4  6 0 0 1 1 1 0 0 1 0 0 0 0 0 0
2014   2 28  8 57 16  95969  -22.16072  -50.18044     4839 116.1  2  0  6 15 0 0 0 1 1 0 0 1 0 1 1 0 0 1
2014   2 28  8 57 16 457500  -21.27427 -142.45415    26264 111.2  2  0  6 15 0 0 1 1 1 0 0 1 0 0 0 1 0 1
2014   2 28  8 57 16 686361  -13.02165  -70.78972     6763 120.5  2  0  6 15 0 0 1 1 1 0 0 0 0 0 1 1 0 1
2014   2 28  8 57 16 798335  -22.22908  -50.05811     4538  94.5  2  0  6 15 0 0 1 1 1 0 0 1 0 0 1 0 0 1
2014   2 28  8 57 17  26853  -22.36196  -49.99509     4607  96.8  2  0  6 15 0 0 1 1 1 0 0 1 0 0 1 0 0 1
2014   2 28  8 57 18  64232   -5.02189  -72.13793     7228 131.3  2  0  6 15 0 0 1 1 1 0 0 1 0 0 0 1 0 1
2014   2 28  8 57 18 197604   -5.04194  -71.98057     7209 139.7  2  0  7 21 0 0 1 1 1 0 0 0 0 1 1 1 0 1
2014   2 28  8 57 18 524650    3.31737  -85.42941    10210 143.3  2  0  7 21 0 0 1 1 1 0 0 1 0 1 1 1 0 0
2014   2 28  8 57 18 857958    3.13123  -84.47106     8333  53.2  2  0  5  8 0 0 1 0 1 0 0 0 0 0 1 1 0 1
2014   2 28  8 57 20 490194  -14.54267  -44.42199     2395   6.7  0  0  6 15 0 0 1 1 1 0 0 1 0 0 1 0 0 1
2014   2 28  8 57 20 524416   -4.62691  144.61583     5729   4.7  0  0  4  6 0 0 1 0 0 0 0 1 0 0 1 1 0 0
2014   2 28  8 57 21 334928  -22.44234  -46.17297     2607   8.1  0  0  5 10 0 0 1 1 1 0 0 1 0 0 0 0 0 1
2014   2 28  8 57 21 344872  -22.40308  -46.19360     2567  24.4  0  0  7 21 0 0 1 1 1 0 0 1 0 0 1 1 0 1
2014   2 28  8 57 21 402874  -22.44903  -46.17374     3054  10.6  0  0  4  6 0 0 1 1 0 0 0 1 0 0 0 0 0 1
2014   2 28  8 57 21 432435  -22.38850  -46.20003     3128  26.8  0  0  5 10 0 0 0 1 1 0 0 0 0 0 1 1 0 1
2014   2 28  8 57 21 471433  -22.42437  -46.19048     2434  18.9  0  0  7 21 0 0 1 1 1 0 0 1 0 1 1 0 0 1
2014   2 28  8 57 21 556367  -22.41687  -46.21788     2489  22.7  0  0  7 20 0 0 1 1 1 0 0 1 0 1 0 1 0 1
2014   2 28  8 57 21 657385  -22.41625  -46.17442     2892  19.1  0  0  6 11 0 0 1 0 1 0 0 1 0 1 1 0 0 1
2014   2 28  8 57 21 730422  -22.45184  -46.15143     2516  13.5  0  0  6 15 0 0 1 1 1 0 0 1 0 0 1 0 0 1
2014   2 28  8 57 21 953153  -22.43118  -46.19306     2503  22.8  0  0  7 21 0 0 1 1 1 0 0 1 0 1 1 0 0 1
2014   2 28  8 57 22 159712  -33.31524  -41.10215     3356  18.6  0  0  6 15 0 0 1 1 1 0 0 1 0 0 1 0 0 1
2014   2 28  8 57 22 194359  -33.32032  -41.09161     3817  19.0  0  0  5 10 0 0 1 1 1 0 0 1 0 0 1 0 0 0
2014   2 28  8 57 22 206640  -33.30048  -41.09135     3405  19.3  0  0  6 15 0 0 1 1 1 0 0 1 0 0 1 0 0 1
2014   2 28  8 57 22 228936  -33.25058  -41.19887     3446  34.7  0  0  7 21 0 0 1 1 1 0 0 1 0 1 1 1 0 0
2014   2 28  8 57 22 277743  -33.30052  -41.09350     4010  21.9  0  0  5 10 0 0 1 1 1 0 0 0 0 0 1 0 0 1
2014   2 28  8 57 22 398698  -33.28468  -41.14252     4371  37.0  0  0  6 14 0 0 1 1 1 0 0 0 0 0 1 1 0 1
2014   2 28  8 57 22 432070  -21.64690  -46.26632     3098  23.2  0  0  5 10 0 0 0 1 0 0 0 1 0 1 1 1 0 0
2014   2 28  8 57 22 446304  -33.30143  -41.12185     3486  20.7  0  0  6 15 0 0 1 1 1 0 0 1 0 0 1 0 0 1
2014   2 28  8 57 22 502330  -33.27967  -41.18536     3502  25.1  0  0  6 15 0 0 1 1 1 0 0 1 0 1 1 0 0 0
2014   2 28  8 57 22 605324  -33.27468  -41.18647     3212  24.8  0  0  7 21 0 0 1 1 1 0 0 1 0 1 1 0 0 1
2014   2 28  8 57 22 630948  -21.77325  -46.15680     2745  12.7  0  0  5 10 0 0 1 1 1 0 0 1 0 0 0 0 0 1
2014   2 28  8 57 22 734766  -33.29452  -41.13310     4249  25.3  0  0  5 10 0 0 1 1 1 0 0 0 0 0 1 0 0 1
2014   2 28  8 57 22 760255  -21.70990  -46.20209     2849  29.1  0  0  6 14 0 0 1 1 1 0 0 0 0 1 0 1 0 1
2014   2 28  8 57 22 832551  -21.76909  -46.11550     2630  18.6  0  0  6 15 0 0 1 1 1 0 0 1 0 0 1 0 0 1
2014   2 28  8 57 22 939431  -21.70132  -46.13135     2671  31.4  0  0  7 21 0 0 1 0 1 0 0 1 0 1 1 1 0 1
2014   2 28  8 57 23  17995  -21.77719  -46.14302     2766  13.3  0  0  5 10 0 0 1 1 1 0 0 1 0 0 0 0 0 1
2014   2 28  8 57 23 101562   58.36031  -60.42507    59659   1.1  0  0  4  6 0 0 1 1 0 0 0 1 0 0 0 1 0 0
2014   2 28  8 57 23 114187  -21.83072  -46.07072     2810  10.9  0  0  5 10 0 0 1 1 1 0 0 0 0 0 1 0 0 1
2014   2 28  8 57 23 378570  -21.69524  -46.26627     2694  21.3  0  0  6 15 0 0 1 1 1 0 0 1 0 0 1 0 0 1
2014   2 28  8 57 23 405837  -21.66917  -46.22688     3569  24.9  1  0  4  6 0 0 0 1 0 0 0 1 0 0 1 0 0 1
2014   2 28  8 57 23 507976  -32.40314   19.99840    10933  28.3  0  0  6 15 0 0 1 1 1 0 0 1 0 0 1 0 0 1
2014   2 28  8 57 23 800728  -21.50368  -47.10997     2899  46.9  0  0  7 21 0 0 1 1 0 0 0 1 0 1 1 1 0 1
2014   2 28  8 57 23 828074  -21.56046  -46.98194     2755  14.5  0  0  5 10 0 0 1 0 1 0 0 1 0 0 1 0 0 1
2014   2 28  8 57 23 895277  -21.55142  -47.12503     3272  44.7  1  0  6 15 0 0 1 1 1 0 0 1 0 0 0 1 0 1
2014   2 28  8 57 23 917938  -21.53003  -47.06935     3550  39.6  1  0  5 10 0 0 1 0 1 0 0 1 0 0 0 1 0 1
2014   2 28  8 57 23 950969  -31.68342 -137.90468    25209   8.0  0  0  4  6 0 0 1 1 0 0 0 1 0 0 1 0 0 0
2014   2 28  8 57 23 960437  -31.84152 -137.35751    11190   8.5  0  0  4  6 0 0 1 1 0 0 0 1 0 0 0 1 0 0
2014   2 28  8 57 24  38974  -32.02736 -136.64316    29715  29.6  0  0  5 10 0 0 1 1 1 0 0 1 0 0 1 0 0 0
2014   2 28  8 57 24 903296   -5.54635  -60.97120     3322  44.9  0  0  7 21 0 0 0 1 1 0 0 1 0 1 1 1 0 1
2014   2 28  8 57 24 934177   -5.49827  -60.90524     3016  40.7  0  0  7 20 0 0 1 1 1 0 0 1 0 0 1 1 0 1
2014   2 28  8 57 25   4096   -4.23586  171.54208    10057  60.4  1  0  7 21 0 0 1 1 1 0 0 1 0 1 1 1 0 0
2014   2 28  8 57 25  52917   -4.16144  171.92770    12820  32.2  1  0  5 10 0 0 0 1 0 0 0 1 0 0 1 1 0 1
2014   2 28  8 57 25 135663   -4.26291  171.48770    11751  14.3  0  0  4  6 0 0 0 1 0 0 0 1 0 0 1 1 0 0
2014   2 28  8 57 25 545931   -5.17920  173.43701    25602  34.6  1  0  5 10 0 0 1 1 0 0 0 1 0 0 1 0 0 1
2014   2 28  8 57 25 616604  -10.59526  -56.84695     3826  57.0  1  0  6 15 0 0 1 1 1 0 0 0 0 1 1 1 0 0
2014   2 28  8 57 26 436782  -18.79978 -141.78459    22103  31.4  1  0  4  6 0 0 1 0 0 0 0 0 0 0 1 1 0 1
2014   2 28  8 57 26 726301  -28.99656 -134.61299    40537  50.8  2  0  5 10 0 0 1 1 1 0 0 1 0 0 1 0 0 0
2014   2 28  8 57 27 547387    2.74113    9.16986    37496  64.1  2  0  5 10 0 0 1 1 1 0 0 1 0 0 0 0 0 1
2014   2 28  8 57 28 400385  -23.34089   45.96544    50396  56.3  2  0  5 10 0 0 1 1 1 0 0 0 0 0 1 0 0 1
2014   2 28  8 57 28 465117   21.84228 -134.63866    40273  77.1  2  0  6 15 0 0 0 1 1 0 0 1 0 0 1 1 0 1
2014   2 28  8 57 28 566374  -21.67535  -50.08424     3401  79.1  2  0  7 21 0 0 1 1 1 0 0 1 0 1 1 0 0 1
2014   2 28  8 57 28 684635  -21.30067  -46.39583     4564  62.7  2  0  5 10 0 0 0 1 1 0 0 1 0 0 1 0 0 1
2014   2 28  8 57 29   1004  -21.20855  -46.35760     4720  65.9  2  0  5 10 0 0 0 1 1 0 0 1 0 0 1 0 0 1
2014   2 28  8 57 31 160012  -21.83533  -45.97894     4108  73.6  2  0  6 15 0 0 1 1 1 0 0 1 0 0 1 0 0 1
2014   2 28  8 57 31 171278  -17.16600  -51.07099     3093  14.5  0  0  4  6 0 0 1 1 0 0 0 0 0 0 1 1 0 0
2014   2 28  8 57 31 181794  -21.84912  -45.98904     4101  73.3  2  0  6 15 0 0 1 1 1 0 0 1 0 0 1 0 0 1
2014   2 28  8 57 31 201297  -21.84259  -45.98183     4119  73.8  2  0  6 15 0 0 1 1 1 0 0 1 0 0 1 0 0 1
2014   2 28  8 57 32 639609    5.95618  -72.41623     6094  69.9  2  0  6 14 0 0 1 0 1 0 0 1 0 0 1 1 0 1
2014   2 28  8 57 33 268020  -22.58004  -46.11917     4752  94.2  2  0  6 15 0 0 1 1 1 0 0 1 0 0 1 0 0 1
2014   2 28  8 57 33 389958  -22.57236  -46.04871     4750  97.0  2  0  6 15 0 0 1 1 1 0 0 1 0 0 1 0 0 1
2014   2 28  8 57 33 553064  -22.59090  -46.11239     4787  95.7  2  0  6 15 0 0 1 1 1 0 0 1 0 0 1 0 0 1
2014   2 28  8 57 33 650806  -22.34044  -46.62008     5837 125.4  2  0  6 14 0 0 0 1 1 0 0 1 0 1 1 1 0 0
2014   2 28  8 57 33 842680  -22.86862  -45.85886     6432  60.2  2  0  5 10 0 0 1 1 1 0 0 0 0 0 1 0 0 1
2014   2 28  8 57 34 221432   21.55133  -75.98289    32077 121.1  2  0  7 21 0 0 1 1 1 0 0 1 0 1 1 0 0 1
2014   2 28  8 57 34 528373  -21.06509 -143.25958    20976 111.1  2  0  7 21 0 0 1 1 1 0 0 1 0 0 1 1 0 1
2014   2 28  8 57 34 547949  -20.92756 -143.73531    24577 103.2  2  0  6 15 0 0 1 1 1 0 0 1 0 0 1 1 0 0
2014   2 28  8 57 35 491740   -5.62947  -61.93275     5808  31.7  1  0  4  6 0 0 0 1 0 0 0 0 0 1 0 1 0 1
2014   2 28  8 57 35 860809   15.30880 -133.89426    23731 139.6  2  0  7 21 0 0 1 1 1 0 0 1 0 0 1 1 0 1
2014   2 28  8 57 35 889986    7.05046  -74.66687     7490 126.3  2  0  7 21 0 0 1 1 1 0 0 1 0 0 1 1 0 1
2014   2 28  8 57 36 293976    6.59399  -74.07417     2972   8.0  0  0  6 15 0 0 1 1 1 0 0 0 0 0 1 1 0 1
2014   2 28  8 57 36 451124  -10.23432  161.27193     6640  21.9  0  0  6 15 0 0 0 1 1 0 0 1 0 1 1 1 0 0
2014   2 28  8 57 36 548628  -21.79205  177.65865    33192  91.7  2  0  6 14 0 0 1 1 1 0 0 1 0 0 1 1 0 0
2014   2 28  8 57 36 668715    6.49790  -74.31922     3004  11.6  0  0  6 15 0 0 1 1 0 0 0 1 0 0 1 1 0 1
2014   2 28  8 57 36 803048  -22.99034 -139.23016     5507  14.2  0  0  7 21 0 0 1 1 1 0 0 1 0 0 1 1 0 1
2014   2 28  8 57 36 827940  -23.24198 -138.56989    14984  13.1  0  0  5 10 0 0 1 1 0 0 0 1 0 0 1 0 0 1
2014   2 28  8 57 36 835568  -23.00504 -139.23930     5544  14.3  0  0  7 21 0 0 1 1 1 0 0 1 0 0 1 1 0 1
2014   2 28  8 57 36 882095    1.36855    9.28649    26364   5.7  0  0  5 10 0 0 1 1 1 0 0 0 0 0 1 0 0 1
2014   2 28  8 57 36 906061  -22.98067 -139.20331     6656  13.7  0  0  6 15 0 0 1 1 1 0 0 1 0 0 0 1 0 1
2014   2 28  8 57 37  24930  -23.00851 -138.97156     6445  11.7  0  0  6 15 0 0 1 1 1 0 0 0 0 0 1 1 0 1
2014   2 28  8 57 37  50433  -10.21387  161.37399     8542  24.2  0  0  5  9 0 0 1 1 0 0 0 1 0 0 1 1 0 0
2014   2 28  8 57 37 929919    2.74417    9.14164    12991  11.9  0  0  5  9 0 0 1 1 1 0 0 1 0 0 1 0 0 0
2014   2 28  8 57 38  63209  -33.70698  -39.11863     2851  17.1  0  0  7 21 0 0 1 1 1 0 0 1 0 1 1 0 0 1
2014   2 28  8 57 38  85072  -33.66898  -39.07962     3104  14.1  0  0  6 15 0 0 1 1 1 0 0 0 0 1 1 1 0 0
2014   2 28  8 57 38 111603  -33.69504  -39.09410     3387  11.1  0  0  5 10 0 0 1 1 1 0 0 0 0 0 1 0 0 1
2014   2 28  8 57 38 120974  -33.69149  -39.08715     3337  20.2  0  0  6 15 0 0 1 1 1 0 0 1 0 0 1 0 0 1
2014   2 28  8 57 38 478528  -23.89816  -45.33061     4483  23.0  0  0  5  7 0 0 1 1 0 0 0 1 0 0 0 1 0 1
2014   2 28  8 57 38 720779  -23.90873  -45.39288     2971  22.1  0  0  6 15 0 0 1 1 1 0 0 1 0 0 1 0 0 1
2014   2 28  8 57 39  47725  -21.52982  -46.97767     2583  21.3  0  0  6 15 0 0 0 1 1 0 0 1 0 1 1 0 0 1
2014   2 28  8 57 39 161339  -33.76199  -39.10065     3055  23.0  0  0  7 21 0 0 1 1 1 0 0 1 0 1 1 0 0 1
2014   2 28  8 57 39 399714  -33.25716  -39.75942    10436  13.0  0  0  4  6 0 0 0 0 0 0 0 1 0 1 1 0 0 1
2014   2 28  8 57 39 839787  -33.97042  -38.97485     4491  30.3  1  0  5 10 0 0 1 1 1 0 0 1 0 0 1 0 0 0
2014   2 28  8 57 39 872777  -33.93693  -38.92490     4506  30.4  1  0  5 10 0 0 1 1 1 0 0 1 0 0 1 0 0 0
2014   2 28  8 57 40  64921  -33.99016  -38.70235     5410  23.8  1  0  4  6 0 0 1 1 0 0 0 1 0 0 1 0 0 0
2014   2 28  8 57 40 411352   -6.82980  146.77644     9280  53.4  2  0  5  9 0 0 1 0 1 0 0 1 0 0 1 1 0 0
2014   2 28  8 57 41  56978   -6.93713    7.73195    12134  30.7  0  0  6 15 0 0 1 1 1 0 0 1 0 0 1 0 0 1
2014   2 28  8 57 41  88811   -6.93377    7.73565    12186  31.0  0  0  6 15 0 0 1 1 1 0 0 1 0 0 1 0 0 1
2014   2 28  8 57 41 456553   -4.64400  -72.08658     3979  45.4  1  0  6 15 0 0 1 1 1 0 0 1 0 0 1 1 0 0
2014   2 28  8 57 41 677565   -4.67176  -72.10117     3483  43.4  0  0  7 21 0 0 1 1 0 0 0 1 0 1 1 1 0 1
2014   2 28  8 57 41 725465  -20.50448  -46.27818     3511  16.6  0  0  4  6 0 0 1 1 0 0 0 0 0 1 1 0 0 0
2014   2 28  8 57 42 314496  -21.67090  -45.86156     3091  24.4  0  0  5 10 0 0 1 1 0 0 0 1 0 0 1 0 0 1
2014   2 28  8 57 42 392220  -21.68850  -45.85277     3449  35.8  1  0  5 10 0 0 0 1 1 0 0 1 0 0 1 0 0 1
2014   2 28  8 57 42 448854  -21.62525  -45.95191     3059  49.1  0  0  7 21 0 0 1 1 1 0 0 1 0 1 1 1 0 0
2014   2 28  8 57 42 547299  -21.64100  -45.93025     3605  46.4  1  0  5 10 0 0 0 1 0 0 0 1 0 1 1 0 0 1
2014   2 28  8 57 42 620546  -21.62732  -45.95248     2868  50.0  0  0  7 21 0 0 0 1 1 0 0 1 0 1 1 1 0 1
2014   2 28  8 57 42 834009  -21.71751  -45.86381     2952  44.4  0  0  7 21 0 0 1 1 1 0 0 1 0 0 1 0 1 1
2014   2 28  8 57 43 246355  -21.58577 -141.32506    44174  72.3  2  0  5 10 0 0 0 1 1 0 0 1 0 0 1 1 0 0
2014   2 28  8 57 43 366920    6.84414  -76.87291     4823  49.1  0  0  7 20 0 0 1 1 1 0 0 1 0 1 0 1 0 1
2014   2 28  8 57 43 529140    5.52539  -72.48440     4675  57.5  1  0  7 19 0 0 1 1 1 0 0 1 0 0 1 1 0 1
2014   2 28  8 57 43 540593    5.49458  -72.24568     3530  30.6  0  0  7 19 0 0 1 1 1 0 0 0 0 1 1 1 0 1
2014   2 28  8 57 43 570292  -33.67875  -38.71466     3921  19.5  0  0  5 10 0 0 1 1 1 0 0 0 0 0 1 0 0 1
2014   2 28  8 57 43 884791  -20.72602  -46.22874     4100  58.6  2  0  5 10 0 0 1 1 0 0 0 1 0 0 0 1 0 1
2014   2 28  8 57 43 949190  -12.44906  -71.71098     5881  63.7  1  0  7 21 0 0 0 1 1 0 0 1 0 1 1 1 0 1
2014   2 28  8 57 43 958272  -12.44116  -71.72902     4617  67.3  2  0  6 15 0 0 1 1 1 0 0 1 0 0 1 1 0 0
2014   2 28  8 57 44 244786  -11.66552  -72.79691     8796  72.3  2  0  5  9 0 0 0 1 1 0 0 1 0 0 1 1 0 0
2014   2 28  8 57 44 263526  -11.67393  -72.96283     4780  68.8  2  0  6 15 0 0 1 1 1 0 0 1 0 0 1 1 0 0
2014   2 28  8 57 44 415870  -21.67547  -46.09600     3912  44.8  1  0  5 10 0 0 1 1 1 0 0 1 0 0 0 0 0 1
2014   2 28  8 57 44 431731  -21.61006  -46.16184     3704  63.0  2  0  6 15 0 0 1 0 1 0 0 1 0 0 1 1 0 1
2014   2 28  8 57 44 468328  -21.66438  -46.20640     3344  50.5  1  0  6 15 0 0 1 0 1 0 0 1 0 1 1 0 0 1
2014   2 28  8 57 44 831417    7.65738  -73.68593     6838  58.6  1  0  6 13 0 0 1 0 1 0 0 1 0 0 1 1 0 1
2014   2 28  8 57 44 873402  -21.63396  -46.14768     3514  61.9  2  0  6 15 0 0 0 1 1 0 0 1 0 1 1 0 0 1
2014   2 28  8 57 45 162846  -11.76597  -72.85430     3550  47.3  0  0  7 19 0 0 1 1 0 0 0 0 1 1 1 1 0 1
2014   2 28  8 57 45 180973  -11.72492  -72.81936     3738  41.5  1  0  6 15 0 0 1 1 1 0 0 0 0 0 1 1 0 1
2014   2 28  8 57 45 195124  -12.00000  -72.73719     7284  48.6  1  0  5  9 0 0 1 0 0 0 0 1 0 1 1 0 0 1
2014   2 28  8 57 45 237497  -11.72878  -72.80990     3739  41.3  1  0  6 15 0 0 1 1 0 0 0 0 0 1 1 1 0 1
2014   2 28  8 57 45 301913  -11.84971  -73.13757     7964  67.9  2  0  6 15 0 0 0 0 1 0 0 1 0 1 1 1 0 1
2014   2 28  8 57 45 324183  -11.07503  -73.41665     8809  26.6  0  0  5 10 0 0 1 1 1 0 0 0 0 0 1 0 0 1
2014   2 28  8 57 45 372623  -11.84630  -72.94576     5111  77.0  2  0  6 15 0 0 1 1 1 0 0 1 0 0 1 1 0 0
2014   2 28  8 57 45 632293    3.04739    2.61211    27301  25.6  1  0  4  6 0 0 1 1 1 0 0 1 0 0 0 0 0 0
2014   2 28  8 57 45 729375    1.15056   -3.94415    25745   4.6  0  1  4  6 0 0 0 1 0 0 0 1 0 0 1 0 0 1
2014   2 28  8 57 45 768467  -11.71938  -72.78371     3845  44.5  1  0  6 15 0 0 1 1 1 0 0 0 0 1 1 1 0 0
2014   2 28  8 57 45 831254  -12.24627  -71.18095     6454  19.4  0  0  5 10 0 0 0 1 1 0 0 1 0 0 1 0 0 1
2014   2 28  8 57 45 996542  -11.77979  -72.95466     5290  81.9  2  0  6 15 0 0 1 1 1 0 0 1 0 0 1 1 0 0
2014   2 28  8 57 46 651208  -20.34208 -137.63759    53258  82.5  2  0  5 10 0 0 1 1 1 0 0 1 0 0 1 0 0 0
2014   2 28  8 57 46 668433  -19.02304 -141.01573    14417  72.4  2  0  7 21 0 0 1 1 1 0 0 1 0 1 0 1 0 1
2014   2 28  8 57 46 697191  -18.44274 -143.40799     9186   1.7  0  0  4  6 0 0 1 0 0 0 0 1 0 0 1 1 0 0
2014   2 28  8 57 46 920860   -4.34905  144.42520     5766   6.9  0  0  4  6 0 0 1 0 0 0 0 1 0 0 1 1 0 0
2014   2 28  8 57 46 988670   -7.50221    7.00073    34751  74.9  2  0  5 10 0 0 1 1 1 0 0 1 0 0 1 0 0 0
2014   2 28  8 57 47 180776   -8.76641    0.03794    17573  15.6  0  0  5 10 0 0 0 1 1 0 0 1 0 0 1 0 0 1
2014   2 28  8 57 48  97536  -14.50628  -44.18568     3669  80.3  2  0  7 20 0 0 1 1 1 0 0 1 0 0 1 1 0 1
2014   2 28  8 57 49  99978  -18.07360 -143.47791     9291   3.0  0  0  4  6 0 0 1 0 0 0 0 1 0 0 1 1 0 0
2014   2 28  8 57 50   3241    0.41860  -13.53448    22576  74.4  2  0  5 10 0 0 0 0 1 0 0 1 0 0 1 1 0 1
2014   2 28  8 57 50 270010   -4.62750  -71.35383     4025  58.0  1  0  7 21 0 0 1 1 1 0 0 0 0 1 1 1 0 1
2014   2 28  8 57 50 710753   18.68576  -91.10622    12661 103.4  2  0  7 21 0 0 1 1 1 0 0 1 0 0 1 1 0 1
2014   2 28  8 57 50 903689   -0.54209   -1.93613    27921  51.6  2  0  5 10 0 0 1 1 1 0 0 1 0 0 0 0 0 1
2014   2 28  8 57 50 905462  -14.23820  -44.18047     2890   6.6  0  0  4  6 0 0 0 1 1 0 0 0 0 1 0 1 0 0
2014   2 28  8 57 51 828128  -21.67457  -45.97644     4000 104.2  2  0  7 21 0 0 1 1 1 0 0 1 0 1 1 0 0 1
2014   2 28  8 57 52 597514  -21.22218  -47.87663     2556   7.8  0  0  5 10 0 0 1 1 1 0 0 0 0 1 1 0 0 0
2014   2 28  8 57 52 639930   11.64312  145.39949     7232  25.5  0  0  6 13 0 0 1 1 1 0 0 0 0 0 1 1 0 1
2014   2 28  8 57 53 263627  -22.07276  -50.09480     2433   9.9  0  0  6 15 0 0 1 1 1 0 0 1 0 0 1 0 0 1
2014   2 28  8 57 53 382747  -21.74664  -46.00411     2659   2.9  0  0  5 10 0 0 1 1 1 0 0 0 0 0 1 0 0 1
2014   2 28  8 57 53 426166  -21.74452  -46.00862     2657   2.7  0  0  5 10 0 0 1 1 1 0 0 0 0 0 1 0 0 1
2014   2 28  8 57 53 566203  -21.71780  -46.02579     2485  10.8  0  0  6 15 0 0 1 1 1 0 0 1 0 0 1 0 0 1
2014   2 28  8 57 53 615420  -21.69851  -46.05350     2523  19.4  0  0  7 20 0 0 1 1 1 0 0 1 0 0 1 1 0 1
2014   2 28  8 57 53 701669  -30.09915 -134.20825     6182   9.9  0  0  6 15 0 0 1 1 1 0 0 1 0 0 1 1 0 0
2014   2 28  8 57 53 711168  -21.66884  -46.10706     3001   7.4  0  0  4  6 0 0 0 1 0 0 0 1 0 1 1 0 0 0
2014   2 28  8 57 53 715968  -30.11939 -134.10550     7917   9.1  0  0  5 10 0 0 1 0 1 0 0 1 0 0 1 1 0 0
2014   2 28  8 57 53 717729   -8.02263  172.49577     5766  10.9  0  0  6 15 0 0 1 1 1 0 0 1 0 0 0 1 0 1
2014   2 28  8 57 53 727403   -8.95258  173.39284    16228   8.8  0  0  5 10 0 0 1 1 1 0 0 1 0 0 1 0 0 0
2014   2 28  8 57 54 177887   -8.00490  172.60307     7499  15.6  0  0  6 15 0 0 1 1 1 0 0 0 0 1 0 1 0 1
2014   2 28  8 57 55 533031   -4.57564  144.02411     4335  20.1  0  0  6 15 0 0 1 0 1 0 0 1 0 1 1 1 0 0
2014   2 28  8 57 56 309454  -32.53274   20.65122    12719  35.2  0  0  6 15 0 0 1 1 1 0 0 1 0 0 1 0 0 1
2014   2 28  8 57 56 566670    1.31974    9.77690    21549  31.7  1  0  5 10 0 0 1 1 0 0 0 1 0 0 1 0 0 1
2014   2 28  8 57 56 674527   -1.67549    5.13974    41854  23.2  0  0  5 10 0 0 1 1 1 0 0 0 0 0 1 0 0 1
2014   2 28  8 57 56 942117   -3.44321  -71.71387     4115  38.4  1  0  5 10 0 0 1 1 0 0 0 1 0 0 0 1 0 1
2014   2 28  8 57 58 807702  -18.36409 -142.89322    12849  18.6  0  0  4  6 0 0 1 1 0 0 0 1 0 0 0 1 0 0
2014   2 28  8 57 59 271017  -13.27024  -39.00470     5220  50.7  1  0  7 21 0 0 1 0 1 0 0 1 0 1 1 1 0 1
2014   2 28  8 57 59 654758  -19.21728 -172.29593    32435  54.4  2  0  5 10 0 0 1 1 0 0 0 0 0 0 1 1 0 1
2014   2 28  8 58  0  46983  -12.47340  -71.78851     6344  67.9  2  0  6 15 0 0 1 1 1 0 0 1 0 0 1 0 0 1
2014   2 28  8 58  0  70897  -12.29134  -72.06986     4906  76.4  2  0  6 15 0 0 1 1 1 0 0 1 0 0 0 1 0 1
2014   2 28  8 58  0 149935  -21.64661  -47.53299     3796  83.2  2  0  7 20 0 0 1 1 0 0 0 1 0 1 1 1 0 1
2014   2 28  8 58  0 183242  -21.79012  -47.35983     3573  57.1  1  0  6 15 0 0 1 1 1 0 0 1 0 0 1 0 0 1
2014   2 28  8 58  0 443376    2.42845   -2.64254    13116  56.7  1  0  6 15 0 0 1 1 1 0 0 1 0 0 1 1 0 0
2014   2 28  8 58  0 920285  -12.35099  -72.33846     6923  77.0  2  0  6 15 0 0 0 1 1 0 0 1 0 0 1 1 0 1
2014   2 28  8 58  1   2477  -12.10078  -72.18140     4986  73.8  2  0  6 15 0 0 1 1 1 0 0 1 0 0 1 1 0 0
2014   2 28  8 58  1  86689  -23.59692  -45.60398     5762  70.5  2  0  5 10 0 0 0 1 1 0 0 1 0 0 1 0 0 1
2014   2 28  8 58  1 221226  -12.18734  -72.03528     4864  96.0  2  0  7 21 0 0 1 1 1 0 0 1 0 1 0 1 0 1
2014   2 28  8 58  1 300884  -12.38739  -71.60025     5965  85.5  2  0  7 21 0 0 1 1 1 0 0 1 0 1 1 0 0 1
2014   2 28  8 58  1 368683  -13.04501  -71.10680    16793  70.3  2  0  5 10 0 0 1 1 1 0 0 0 0 0 1 0 0 1
2014   2 28  8 58  1 600756  -12.19076  -72.37481     8319  99.0  2  0  6 15 0 0 0 1 1 0 0 1 0 1 1 1 0 0
2014   2 28  8 58  1 841861  -11.96169  -72.25624     5687  82.1  2  0  6 14 0 0 1 1 1 0 0 1 0 0 1 1 0 0
2014   2 28  8 58  2 597499  -20.27472 -172.60393    29395 106.7  2  0  7 20 0 0 1 0 1 0 0 1 0 1 1 1 0 1
2014   2 28  8 58  2 743248  -17.94854 -176.36214    56686  29.1  1  0  4  6 0 0 1 1 0 0 0 1 0 0 1 0 0 0
2014   2 28  8 58  2 905035   -7.89187  -67.91299     6710  96.7  2  0  7 21 0 0 1 1 1 0 0 1 0 1 1 0 0 1
2014   2 28  8 58  3  64233   -7.56735  -68.11864     4369  77.4  2  0  7 21 0 0 1 0 1 0 0 1 0 1 1 1 0 1
2014   2 28  8 58  3 150879   -8.00966  -67.92495     6740  92.3  2  0  7 21 0 0 1 1 1 0 0 1 0 1 0 0 1 1
2014   2 28  8 58  3 159916   -7.78326  -68.05520     8067  90.4  2  0  6 15 0 0 1 1 1 0 0 1 0 0 1 0 0 1
2014   2 28  8 58  4   8600  -17.94560 -144.05234    15064  39.3  1  0  5 10 0 0 1 1 0 0 0 1 0 0 1 1 0 0
2014   2 28  8 58  4  59921    3.50539  -80.89943    36457  80.9  2  0  5 10 0 0 1 1 1 0 0 0 0 0 1 0 0 1
2014   2 28  8 58  4 147733  -26.57342 -133.16853    26690 100.0  2  0  6 15 0 0 1 1 1 0 0 0 0 0 1 1 0 1
2014   2 28  8 58  4 245880  -26.33478 -134.69189    16002  43.3  1  0  5 10 0 0 1 1 0 0 0 1 0 0 1 1 0 0
2014   2 28  8 58  4 379076   -9.03631  159.99712    70301  96.6  2  0  6 15 0 0 1 1 1 0 0 0 0 0 1 1 0 1
2014   2 28  8 58  4 458599  -19.03288 -142.81465    23846 102.5  2  0  6 15 0 0 1 1 1 0 0 1 0 0 0 1 0 1
2014   2 28  8 58  5 551307   -9.54911  160.15346    16019  98.9  2  0  7 20 0 0 1 1 1 0 0 1 0 0 1 1 0 1
2014   2 28  8 58  5 729093   11.21260  -85.66292    13694   6.9  0  0  4  6 0 0 1 1 0 0 0 0 0 1 0 0 0 1
2014   2 28  8 58  6 388738   -9.85770  160.80618    15056  91.2  2  0  7 21 0 0 1 0 1 0 0 1 0 1 1 1 0 1
2014   2 28  8 58  6 658980  -14.65193  -44.49345     4981  84.9  2  0  5 10 0 0 0 1 1 0 0 1 0 0 1 0 0 1
2014   2 28  8 58  7    676  -20.77927  -46.32191     5040  98.2  2  0  6 15 0 0 1 1 1 0 0 1 0 0 1 0 0 1
2014   2 28  8 58  7 178209  -23.55134  -45.83442     6267 120.6  2  0  6 15 0 0 0 1 1 0 0 1 0 0 1 1 0 1
2014   2 28  8 58  7 555234  -23.75119  -45.70001     5486 107.4  2  0  6 15 0 0 1 1 1 0 0 1 0 0 1 0 0 1
2014   2 28  8 58  8  19072  -27.06502  -81.89042     5147   6.9  0  0  4  6 0 0 1 1 0 0 0 1 0 0 1 0 0 0
2014   2 28  8 58  8 203473  -24.99333  -44.72030     2601  20.0  0  0  7 21 0 0 1 1 1 0 0 1 0 0 1 1 0 1
2014   2 28  8 58  8 353262  -25.08402  -44.71503     2821  21.0  0  0  6 15 0 0 1 1 1 0 0 1 0 0 1 0 0 1
2014   2 28  8 58  9 287390   -4.90189  -72.26540     3373  12.9  0  0  5  8 0 0 1 1 0 0 0 1 0 0 1 1 0 0
2014   2 28  8 58  9 650483   -4.91457  -72.18958     3672  20.2  0  0  5  9 0 0 1 1 0 0 0 0 0 0 1 1 0 1
2014   2 28  8 58  9 820405  -32.90417  -41.36823     4271  26.4  0  0  7 21 0 0 0 1 1 0 0 1 0 1 1 1 0 1
2014   2 28  8 58  9 831475  -32.89943  -41.36563     4214  25.6  0  0  7 21 0 0 0 1 1 0 0 1 0 1 1 1 0 1
2014   2 28  8 58 10 106806  -32.85019  -41.48252     9288  22.1  0  0  5 10 0 0 0 0 1 0 0 1 0 1 1 0 0 1
2014   2 28  8 58 10 116493  -33.29324  -41.15434     3559  26.2  0  0  6 15 0 0 1 1 1 0 0 1 0 0 1 0 0 1
2014   2 28  8 58 10 301527  -32.86539  -41.41976     4310  27.3  0  0  7 21 0 0 0 1 1 0 0 1 0 1 1 1 0 1
2014   2 28  8 58 10 325968  -33.30224  -41.15112     4187  24.6  0  0  5 10 0 0 1 1 1 0 0 0 0 0 1 0 0 1
2014   2 28  8 58 11 343854  -21.67219  -46.31490     2836  40.9  0  0  7 21 0 0 1 1 1 0 0 0 0 1 1 1 0 1
2014   2 28  8 58 11 406960  -21.68903  -46.22166     2629  18.3  0  0  6 15 0 0 1 1 1 0 0 1 0 0 1 0 0 1
2014   2 28  8 58 11 525754   -2.02228   -2.65136    58202  18.5  0  1  4  6 0 0 1 1 0 0 0 0 0 0 1 0 0 1
2014   2 28  8 58 11 669981  -18.69696 -141.69142    14068  32.1  1  0  5 10 0 0 1 1 1 0 0 0 0 0 1 1 0 0
2014   2 28  8 58 11 854839    0.96664    8.82766    22779  37.8  1  0  5 10 0 0 1 1 1 0 0 1 0 0 0 0 0 1
2014   2 28  8 58 12 257512  -20.82552  -48.19821     2840  43.9  0  0  7 21 0 0 1 0 1 0 0 1 0 1 1 1 0 1
2014   2 28  8 58 12 267703  -20.87621  -48.26664     2996  53.1  1  0  7 20 0 0 0 1 1 0 0 1 0 1 1 1 0 1
2014   2 28  8 58 12 735074  -20.98838  -48.24118     3372  32.1  1  0  5 10 0 0 1 1 1 0 0 1 0 0 0 0 0 1
2014   2 28  8 58 12 762776  -20.94181  -48.32475     3024  37.5  0  0  6 15 0 0 1 1 1 0 0 1 0 1 1 0 0 0
2014   2 28  8 58 12 862690  -20.98343  -48.31993     4252  37.0  1  0  4  6 0 0 0 1 0 0 0 1 0 0 1 0 0 1
2014   2 28  8 58 14 332702   -4.84269    0.17474    52858  38.3  1  0  5 10 0 0 1 1 1 0 0 0 0 0 1 0 0 1
2014   2 28  8 58 14 363787    7.72897  -73.97567     4785  60.4  1  0  7 21 0 0 1 1 0 0 0 1 0 1 1 1 0 1
2014   2 28  8 58 14 397432   -4.87267    0.14634    52544  38.2  1  0  5 10 0 0 1 1 1 0 0 0 0 0 1 0 0 1
2014   2 28  8 58 15  82735  -21.76591  -46.18045     3646  78.2  2  0  7 21 0 0 1 1 1 0 0 1 0 0 1 1 0 1
2014   2 28  8 58 15 106705  -21.87307  -46.08553     3885  48.3  1  0  5 10 0 0 0 1 1 0 0 1 0 0 1 0 0 1
2014   2 28  8 58 15 301117  -18.36788 -142.86224    13200  16.9  0  0  4  6 0 0 1 0 0 0 0 1 0 0 1 1 0 0
2014   2 28  8 58 15 408562  -21.86665  -46.11575     3921  46.8  1  0  5 10 0 0 1 1 1 0 0 1 0 0 0 0 0 1
2014   2 28  8 58 15 416881  -21.86938  -46.11327     3906  46.6  1  0  5 10 0 0 1 1 1 0 0 1 0 0 0 0 0 1
2014   2 28  8 58 15 765485  -33.00421  -40.02855     6173  24.5  0  0  5 10 0 0 0 1 1 0 0 1 0 0 1 0 0 1
2014   2 28  8 58 16 125117  -33.90337  -39.32918     6630  71.6  2  0  6 12 0 0 1 1 1 0 0 1 0 1 1 0 0 0
2014   2 28  8 58 16 241724  -23.79376  -45.58358     5791  73.1  2  0  5 10 0 0 0 1 1 0 0 1 0 0 1 0 0 1
2014   2 28  8 58 17 169243  -18.67434 -142.45941    22638  81.8  2  0  6 15 0 0 1 1 1 0 0 0 0 0 1 1 0 1
2014   2 28  8 58 18 421795  -21.88213  -46.00055     4815  73.4  2  0  5 10 0 0 0 1 1 0 0 1 0 0 1 0 0 1
2014   2 28  8 58 18 468830  -21.87981  -46.02631     4642  65.9  2  0  5 10 0 0 1 1 1 0 0 1 0 0 0 0 0 1
2014   2 28  8 58 18 769511  -21.50751  -46.96693     3668  88.7  2  0  7 21 0 0 1 0 1 0 0 1 0 1 1 1 0 1
2014   2 28  8 58 18 819749  -21.55004  -47.15811     4120 112.8  2  0  7 21 0 0 1 1 0 0 0 1 0 1 1 1 0 1
2014   2 28  8 58 18 958727  -21.68845  -46.97223     4010  71.9  2  0  6 15 0 0 1 1 1 0 0 1 0 0 1 0 0 1
2014   2 28  8 58 19 423619  -31.11070  -42.53177    23877  57.8  2  0  5 10 0 0 0 0 1 0 0 1 0 0 1 1 0 1
2014   2 28  8 58 19 494716  -33.16698  -40.34655     7415  83.5  2  0  6 15 0 0 1 1 1 0 0 1 0 0 1 0 0 1
2014   2 28  8 58 19 615754  -31.62458  -41.56747    20189  67.1  2  0  5 10 0 0 0 1 0 0 0 1 0 1 0 1 0 1
2014   2 28  8 58 20 986583    3.78913  -73.04212    16954 111.5  2  0  6 15 0 0 1 1 0 0 0 1 0 1 1 0 0 1
2014   2 28  8 58 21  24923    4.77678  -73.90732     6683 113.3  2  0  7 20 0 0 1 1 1 0 0 1 0 0 1 1 0 1
2014   2 28  8 58 21 223932  -21.52574 -141.00589    18459  91.3  2  0  7 21 0 0 1 0 1 0 0 1 0 1 1 1 0 1
2014   2 28  8 58 21 259403  -21.66569 -139.22435     6780   5.9  0  0  5 10 0 0 1 0 1 0 0 0 0 1 0 1 0 1
2014   2 28  8 58 21 295901  -21.37762 -142.09866    22807 125.8  2  0  7 21 0 0 1 1 1 0 0 1 0 1 0 1 0 1
2014   2 28  8 58 21 348756  -22.81600 -138.35104    41774 118.6  2  0  7 21 0 0 1 1 1 0 0 1 0 1 1 0 0 1
2014   2 28  8 58 21 386015  -21.04154 -143.41122    24336 101.4  2  0  6 15 0 0 1 1 1 0 0 1 0 0 1 1 0 0
2014   2 28  8 58 21 550801  -23.18378 -136.86272    44681  66.6  2  0  5 10 0 0 1 0 1 0 0 1 0 0 1 0 0 1
2014   2 28  8 58 21 645282  -21.23368 -142.35350    29684  80.4  2  0  5 10 0 0 1 0 0 0 0 1 0 0 1 1 0 1
2014   2 28  8 58 21 737167  -21.02590 -143.49481    24937 103.9  2  0  6 15 0 0 1 1 1 0 0 1 0 0 1 1 0 0
2014   2 28  8 58 21 832369   -4.22964  145.89458     5777   4.6  0  0  4  6 0 0 1 0 0 0 0 1 0 0 1 1 0 0
2014   2 28  8 58 22  79093  -21.02542 -143.57291    25511 106.6  2  0  6 15 0 0 1 1 1 0 0 1 0 0 1 1 0 0
2014   2 28  8 58 22 110786  -20.90266 -146.61768    43938 112.2  2  0  6 15 0 0 0 1 1 0 0 1 0 0 1 1 0 1
2014   2 28  8 58 22 137244  -21.01604 -143.57549    25511 106.7  2  0  6 15 0 0 1 1 1 0 0 1 0 0 1 1 0 0
2014   2 28  8 58 22 255794  -20.91117 -143.69408    13962  17.9  0  0  4  6 0 0 1 0 0 0 0 1 0 0 1 1 0 0
2014   2 28  8 58 22 473933  -12.54464 -174.91429    15211   9.8  0  0  5 10 0 0 1 0 1 0 0 1 0 1 0 0 0 1
2014   2 28  8 58 22 549199  -11.08832  -57.28729     3902  72.4  2  0  7 21 0 0 0 1 1 0 0 1 0 1 0 1 1 1
2014   2 28  8 58 22 898274  -21.86348  -46.21815     4545 103.1  2  0  6 15 0 0 1 1 1 0 0 1 0 1 0 0 0 1
2014   2 28  8 58 23  13414  -21.82450  -46.16058     4243 116.4  2  0  7 21 0 0 1 1 1 0 0 1 0 1 1 0 0 1
2014   2 28  8 58 23 188481  -21.80962  -45.88383     4852  99.2  2  0  6 15 0 0 1 1 1 0 0 1 0 0 1 0 0 1
2014   2 28  8 58 23 270508  -21.82926  -46.16409     4283 118.5  2  0  7 21 0 0 1 1 1 0 0 1 0 1 1 0 0 1
2014   2 28  8 58 23 279994  -21.71595  -46.89542     4260 122.7  2  0  7 21 0 0 1 1 1 0 0 1 0 1 1 0 0 1
2014   2 28  8 58 23 557749  -12.07292  -56.46635    11548  80.3  2  0  5 10 0 0 1 1 1 0 0 0 0 0 1 0 0 1
2014   2 28  8 58 23 725547  -10.47131  -57.28653     6072 117.4  2  0  6 15 0 0 1 0 1 0 0 1 0 0 1 1 0 1
2014   2 28  8 58 25 278681  -18.87368 -141.37912     6703  15.4  0  0  6 15 0 0 1 1 1 0 0 1 0 0 0 1 0 1
2014   2 28  8 58 25 384317  -33.69576  -39.15228     3362  12.1  0  0  5 10 0 0 1 1 1 0 0 1 0 0 1 0 0 0
2014   2 28  8 58 25 395705  -33.69041  -39.16978     4917  13.9  0  0  4  6 0 0 1 1 1 0 0 1 0 0 0 0 0 0
2014   2 28  8 58 25 988827  -23.45468  -45.71595     3494  24.7  0  0  5 10 0 0 0 1 1 0 0 1 0 0 1 0 0 1
2014   2 28  8 58 25 999259  -23.44149  -45.71912     2942  22.8  0  0  6 15 0 0 1 1 1 0 0 1 0 0 1 0 0 1
2014   2 28  8 58 26  96966  -23.45845  -45.71070     3394  26.3  0  0  5 10 0 0 1 1 1 0 0 1 0 0 0 0 0 1
2014   2 28  8 58 26 242345  -23.45351  -45.59908     4870  29.2  1  0  4  6 0 0 0 1 0 0 0 1 0 0 1 0 0 1
2014   2 28  8 58 26 427027   12.29053  -76.53107     9455  11.0  0  0  4  6 0 0 0 1 0 0 0 1 0 0 0 1 0 1
2014   2 28  8 58 26 675720   -8.45785  178.02632    12101  19.0  0  0  5 10 0 0 1 1 0 0 0 0 0 0 1 1 0 1
2014   2 28  8 58 26 687705   -8.46956  178.00909     5906  17.9  0  0  7 21 0 0 1 1 1 0 0 1 0 0 1 1 0 1
2014   2 28  8 58 26 697738   -8.30012  177.72212    21467   7.4  0  0  4  6 0 0 1 1 0 0 0 1 0 0 1 0 0 0
2014   2 28  8 58 26 917901  -25.02217 -103.96502    12384  15.8  0  0  4  6 0 0 1 1 1 0 0 1 0 0 0 0 0 0
2014   2 28  8 58 27 636930    6.66979  -77.28494     4879  34.1  0  0  6 14 0 0 1 1 1 0 0 0 0 0 1 1 0 1
2014   2 28  8 58 28 124803    3.99633  -83.43456     9811  29.0  0  0  5  9 0 0 1 1 0 0 0 1 0 0 1 0 0 1
2014   2 28  8 58 28 216242    6.39509  -76.92270     6981  29.6  0  0  6 15 0 0 1 1 1 0 0 1 0 0 1 0 0 1
2014   2 28  8 58 28 362955   -8.15152    6.08535    25033  17.5  0  0  5 10 0 0 1 1 1 0 0 0 0 0 1 0 0 1
2014   2 28  8 58 28 515468   -6.79433  146.62845     8444  44.0  1  0  5  9 0 0 1 0 1 0 0 1 0 0 1 1 0 0
2014   2 28  8 58 28 749239  -14.34215  -44.38187     2784  18.2  0  0  5 10 0 0 0 1 1 0 0 1 0 0 1 0 0 1
2014   2 28  8 58 28 905869  -21.66786  -46.08073     2907  17.3  0  0  5 10 0 0 1 0 1 0 0 0 0 0 1 1 0 1
2014   2 28  8 58 29  34331   -5.06986  -72.14627     7328  43.4  1  0  5 10 0 0 0 1 1 0 0 0 0 0 1 1 0 1
2014   2 28  8 58 29  65699  -21.75842  -46.13888     3443  37.1  1  0  5 10 0 0 1 0 0 0 0 1 0 1 1 0 0 1
2014   2 28  8 58 29 135684  -21.71989  -46.13696     2883  42.2  0  0  7 21 0 0 1 0 1 0 0 1 0 1 1 1 0 1
2014   2 28  8 58 29 226252  -21.78004  -46.20490     3546  24.5  0  0  5 10 0 0 1 1 1 0 0 1 0 0 1 0 0 0
2014   2 28  8 58 29 261828  -21.82618  -46.12159     3284  30.8  1  0  5 10 0 0 0 1 1 0 0 1 0 0 1 0 0 1
2014   2 28  8 58 29 419527  -21.99294  -46.03280     4487  52.5  1  0  6 11 0 0 1 1 1 0 0 0 1 0 1 0 0 1
2014   2 28  8 58 29 453872  -21.79316  -46.17828     2839  41.0  0  0  7 21 0 0 1 1 1 0 0 1 0 1 1 0 0 1
2014   2 28  8 58 29 578134  -21.75623  -46.17610     3422  56.5  1  0  7 20 0 0 1 1 1 0 0 1 0 0 1 1 0 1
2014   2 28  8 58 29 631284  -21.82847  -46.12756     3393  32.2  1  0  5 10 0 0 1 1 1 0 0 1 0 0 0 0 0 1
2014   2 28  8 58 29 780522   -3.25698  148.92657     6759  55.0  1  0  7 21 0 0 1 1 1 0 0 1 0 1 0 1 0 1
2014   2 28  8 58 30  23404  -34.33337  -37.91645     4801  37.3  0  0  6 15 0 0 1 1 1 0 0 1 0 0 1 0 0 1
2014   2 28  8 58 30  53846  -34.33347  -37.90799     5961  41.2  1  0  5 10 0 0 1 1 1 0 0 0 0 0 1 0 0 1
2014   2 28  8 58 31 866764  -22.75325  -45.96050     3557  24.1  0  0  5 10 0 0 1 1 1 0 0 0 0 0 1 0 0 1
2014   2 28  8 58 31 892839  -22.55882  -46.12333     4186  55.9  2  0  5 10 0 0 0 1 1 0 0 1 0 0 1 0 0 1
2014   2 28  8 58 31 963459   -3.87203  -71.75163     4363  49.2  1  0  6 15 0 0 1 0 1 0 0 1 0 0 1 1 0 1
2014   2 28  8 58 32  22034  -22.54777  -46.11657     3577  52.7  1  0  6 15 0 0 1 1 1 0 0 1 0 0 1 0 0 1
2014   2 28  8 58 32  71228  -21.81692  -46.20332     3205  60.7  1  0  7 21 0 0 1 1 1 0 0 1 0 1 1 0 0 1
2014   2 28  8 58 33 486747  -22.50607  -49.76344     3349  18.3  0  0  5 10 0 0 1 1 1 0 0 0 0 0 1 0 0 1
2014   2 28  8 58 33 511999  -22.07544  -50.15827     4703 104.6  2  0  6 15 0 0 0 1 1 0 0 1 0 0 1 1 0 1
2014   2 28  8 58 33 699917  -10.70683  -57.82578     4018  87.0  2  0  7 21 0 0 1 1 1 0 0 1 0 1 1 1 0 0
2014   2 28  8 58 33 759056  -22.19464  -50.00789     3817  67.4  2  0  6 15 0 0 1 1 1 0 0 1 0 0 1 0 0 1
2014   2 28  8 58 34   4133  -21.99482  -50.44301     2611   9.7  0  0  5 10 0 0 1 1 0 0 0 1 0 1 1 0 0 0
2014   2 28  8 58 34 203581    1.25728   10.78827    44351  73.7  2  0  5 10 0 0 1 1 0 0 0 1 0 0 1 0 0 1
2014   2 28  8 58 34 296777   -9.70158  160.62292    12040  66.0  2  0  6 15 0 0 1 1 1 0 0 1 0 0 1 1 0 0
2014   2 28  8 58 34 376571   -9.64372  160.34668    14614  78.9  2  0  6 15 0 0 0 1 1 0 0 1 0 0 1 1 0 1
2014   2 28  8 58 35 637508   -0.75667  -72.47701    10988  73.7  2  0  5 10 0 0 0 1 1 0 0 1 0 0 0 1 0 1
2014   2 28  8 58 35 740895  -21.85703  -45.99700     4980  77.1  2  0  5 10 0 0 0 1 1 0 0 1 0 0 1 0 0 1
2014   2 28  8 58 35 864127  -21.68352  -46.27337     3899  66.1  2  0  6 15 0 0 1 1 1 0 0 1 0 1 1 0 0 0
2014   2 28  8 58 36 891906  -17.82807 -144.45572    18020  31.2  1  0  4  6 0 0 1 1 0 0 0 1 0 0 0 1 0 0
2014   2 28  8 58 37  75023    2.72585  -70.83635    29249  79.0  2  0  5 10 0 0 1 1 1 0 0 0 0 0 1 0 0 1
2014   2 28  8 58 37 604466  -18.44602 -143.53372    20154 106.6  2  0  7 21 0 0 1 1 1 0 0 1 0 0 1 1 0 1
2014   2 28  8 58 37 637184  -18.53034 -142.31442    31315 124.8  2  0  6 15 0 0 1 1 0 0 0 0 0 1 1 1 0 1
2014   2 28  8 58 37 655832  -18.06338 -144.79555    16526  45.7  1  0  5 10 0 0 1 1 0 0 0 1 0 0 1 1 0 0
2014   2 28  8 58 39 114159   -4.59356  -71.46672    12120 119.7  2  0  6 15 0 0 1 1 1 0 0 1 0 0 1 0 0 1
2014   2 28  8 58 41 403929  -23.80316  -45.46067     3185  19.2  0  0  5 10 0 0 1 1 1 0 0 1 0 0 0 0 0 1
2014   2 28  8 58 41 646262  -23.69007  -45.47799     2643  23.1  0  0  7 21 0 0 1 1 0 0 0 1 0 1 1 1 0 1
2014   2 28  8 58 41 667708  -23.67523  -45.50174     2832  11.7  0  0  5 10 0 0 1 0 1 0 0 0 0 1 1 0 0 1
2014   2 28  8 58 41 690633  -23.77480  -45.45737     4673  23.6  0  0  5 10 0 0 0 1 1 0 0 1 0 0 0 1 0 1
2014   2 28  8 58 41 705240  -23.72308  -45.43852     2974  20.7  0  0  6 15 0 0 1 1 1 0 0 1 0 0 1 0 0 1
2014   2 28  8 58 41 713579  -23.94370  -45.44128     2956  21.4  0  0  6 15 0 0 1 1 1 0 0 1 0 0 1 0 0 1
2014   2 28  8 58 41 862135    7.51609  -73.71568     5663  30.6  1  0  5  8 0 0 1 1 1 0 0 1 0 0 0 1 0 0
2014   2 28  8 58 42 134767  -14.50265  -44.36199     2744  26.6  0  0  6 15 0 0 1 1 0 0 0 1 0 0 1 1 0 1
2014   2 28  8 58 42 339924    7.53639  -73.85085     5542  33.0  0  0  6 13 0 0 0 1 1 0 0 1 0 1 1 1 0 0
2014   2 28  8 58 42 393229  -21.82752 -142.10716     9284  21.9  0  0  6 13 0 0 1 1 1 0 0 0 0 1 0 1 0 1
2014   2 28  8 58 42 446367    7.54289  -73.77048     7253  35.8  1  0  5  8 0 0 0 1 1 0 0 1 0 0 1 1 0 0
2014   2 28  8 58 42 488049  -19.32113 -144.79846    51310  15.0  0  0  5 10 0 0 1 1 1 0 0 0 0 0 1 0 0 1
2014   2 28  8 58 42 513209  -21.81828 -140.73654    10562  34.1  0  0  6 15 0 0 1 1 1 0 0 1 0 0 1 1 0 0
2014   2 28  8 58 42 602565  -12.58519   57.09948     8908  17.9  0  0  6 15 0 0 1 1 1 0 0 1 0 0 1 0 0 1
2014   2 28  8 58 42 636343  -21.85081 -140.09991     6282  20.7  0  0  7 21 0 0 1 1 1 0 0 0 0 1 1 1 0 1
2014   2 28  8 58 42 669626   12.66392 -123.74151    18433  38.9  0  0  6 15 0 0 0 1 0 0 0 1 0 1 1 1 0 1
2014   2 28  8 58 42 813313  -21.74883  -46.04415     2766  23.4  0  0  6 15 0 0 1 1 1 0 0 1 0 0 1 0 0 1
2014   2 28  8 58 42 838053  -21.75010  -46.04116     3176  28.4  0  0  5 10 0 0 0 1 1 0 0 1 0 0 1 0 0 1
2014   2 28  8 58 43  57286  -20.60787  -46.24990     3697  35.3  1  0  5 10 0 0 1 1 0 0 0 1 0 0 1 1 0 0
2014   2 28  8 58 43  69540  -20.65749  -46.20164     3070  23.3  0  0  5 10 0 0 0 1 1 0 0 1 0 0 1 0 0 1
2014   2 28  8 58 44   8930   -1.00073  151.28392     9968  52.5  2  0  5 10 0 0 0 1 1 0 0 1 0 0 1 1 0 0
2014   2 28  8 58 44 418994    3.78388  -85.47213     4914  29.7  0  0  6 12 0 0 1 1 1 0 0 0 0 1 1 1 0 0
2014   2 28  8 58 44 443617   -0.94753  151.47845     8937  63.2  2  0  6 15 0 0 1 1 0 0 0 1 0 0 1 1 0 1
2014   2 28  8 58 44 709538  -14.43961  -38.88331     5140  40.2  1  0  6 15 0 0 1 0 1 0 0 1 0 1 0 1 0 1
2014   2 28  8 58 45 826482   23.14426  -91.09505    16043   6.6  0  0  4  6 0 0 1 1 0 0 0 0 0 0 1 0 0 1
2014   2 28  8 58 45 993907  -21.57970  -47.41482     3024  53.8  1  0  7 21 0 0 1 1 1 0 0 1 0 1 1 0 0 1
2014   2 28  8 58 45 997920  -21.62737 -140.80557    12420  57.1  1  0  7 21 0 0 1 1 1 0 0 1 0 0 1 1 0 1
2014   2 28  8 58 46 115604  -22.96543 -137.36867    22164  28.6  0  0  5 10 0 0 1 1 1 0 0 1 0 0 0 0 0 1
2014   2 28  8 58 46 268373  -21.58248 -141.60789    43031  70.1  2  0  5 10 0 0 0 1 1 0 0 1 0 0 1 1 0 0
2014   2 28  8 58 46 398108  -14.56848  -44.00962     2779   7.3  0  0  4  6 0 0 0 1 0 0 0 1 0 0 1 0 0 1
2014   2 28  8 58 46 427639   -4.98708  144.87910     6591  46.3  1  0  6 15 0 0 1 0 1 0 0 1 0 1 1 1 0 0
2014   2 28  8 58 46 519566  -21.62110  -47.29576     3053  35.3  0  0  6 15 0 0 1 1 1 0 0 1 0 0 1 0 0 1
2014   2 28  8 58 46 529542  -21.60408  -47.29584     3515  38.4  1  0  5 10 0 0 0 1 1 0 0 1 0 0 1 0 0 1
2014   2 28  8 58 47 462190  -21.61657  -46.26840     3082  62.4  1  0  7 21 0 0 1 1 1 0 0 1 0 1 0 1 0 1
2014   2 28  8 58 47 744998  -17.13610 -137.51628    14838  59.4  1  0  6 15 0 0 1 0 1 0 0 1 0 1 0 1 0 1
2014   2 28  8 58 47 801448  -21.71587  -46.11112     4126  53.9  2  0  5 10 0 0 0 1 1 0 0 1 0 0 1 0 0 1
2014   2 28  8 58 47 930470   -9.60396  -69.40107     3208  42.0  0  0  7 21 0 0 1 1 1 0 0 0 0 1 1 1 0 1
2014   2 28  8 58 48 547732  -21.42617  -47.48744     3259  67.4  1  0  7 21 0 0 1 1 1 0 0 1 0 0 1 1 0 1
2014   2 28  8 58 48 560959  -21.50651  -47.40065     3287  44.1  1  0  6 15 0 0 1 1 1 0 0 1 0 0 1 0 0 1
2014   2 28  8 58 49 537543  -10.03028  -20.08825    10124  41.5  1  0  5  9 0 0 0 1 1 0 0 0 1 0 1 0 0 1
2014   2 28  8 58 49 657619    1.52453    5.69839    25334  60.6  2  0  6 15 0 0 1 1 1 0 0 1 0 0 1 0 0 1
2014   2 28  8 58 49 732087  -23.10589  -45.71391     4550  71.3  2  0  6 15 0 0 1 1 1 0 0 1 0 0 1 0 0 1
2014   2 28  8 58 50 300143  -33.72203  -38.61572     5711  64.5  2  0  6 15 0 0 1 1 1 0 0 1 0 0 1 0 0 1
2014   2 28  8 58 50 649464  -11.86862  -72.60120     9098  94.7  2  0  6 15 0 0 0 1 1 0 0 1 0 0 1 1 0 1
2014   2 28  8 58 50 691775  -18.77020 -140.84579    21717  86.9  2  0  6 15 0 0 1 1 1 0 0 1 0 0 0 1 0 1
2014   2 28  8 58 50 931753  -18.42307 -142.25984    26401  74.4  2  0  5 10 0 0 1 0 1 0 0 1 0 0 1 1 0 0
2014   2 28  8 58 51 461771  -21.55136  -47.06752     5143  86.7  2  0  5 10 0 0 1 0 0 0 0 1 0 1 1 0 0 1
2014   2 28  8 58 51 570733  -21.47690  -45.97821     4188  31.3  1  0  4  6 0 0 1 0 0 0 0 0 0 1 0 1 0 1
2014   2 28  8 58 51 592680  -21.59117  -46.77354     3788  60.1  2  0  6 15 0 0 1 1 1 0 0 1 0 0 1 0 0 1
2014   2 28  8 58 51 603821  -21.71340  -45.75819     5033  77.1  2  0  5 10 0 0 0 1 1 0 0 1 0 0 1 0 0 1
2014   2 28  8 58 51 626008  -31.86224  -41.44516     5715   7.7  0  0  5 10 0 0 0 0 1 0 0 1 0 1 1 0 0 1
2014   2 28  8 58 51 635119  -21.40286  -46.04314     3620  36.8  1  0  5 10 0 0 1 1 0 0 0 0 0 1 1 1 0 0
2014   2 28  8 58 51 669189  -21.64896  -45.92480     3805  93.3  2  0  7 21 0 0 1 1 1 0 0 1 0 1 1 0 0 1
2014   2 28  8 58 51 695245  -21.59830  -45.95652     4199 101.6  2  0  7 21 0 0 1 1 1 0 0 1 0 1 1 1 0 0
2014   2 28  8 58 51 826855  -21.68656  -45.74339     5036  76.8  2  0  5 10 0 0 0 1 1 0 0 1 0 0 1 0 0 1
2014   2 28  8 58 52 199307   30.22951 -126.72865    19924 102.3  2  0  7 21 0 0 1 1 0 0 0 1 0 1 1 1 0 1
2014   2 28  8 58 53 134793  -31.82220 -135.79300    23874 108.0  2  0  7 21 0 0 1 1 1 0 0 1 0 0 1 1 0 1
2014   2 28  8 58 54 105913  -22.53864  -45.98500     5731 105.2  2  0  6 12 0 0 1 1 1 0 0 1 0 0 1 0 0 1
2014   2 28  8 58 54 765427  -12.68837  -32.86565    29125  45.4  1  0  5  7 0 0 0 0 1 0 0 1 0 0 1 1 0 1
2014   2 28  8 58 54 817096  -13.12701  -39.34297     5554  79.0  2  0  7 19 0 0 1 1 1 0 0 1 0 1 1 0 0 1
2014   2 28  8 58 55  47801    5.30612  -85.76963     6744  80.2  2  0  7 21 0 0 1 1 1 0 0 0 0 1 1 1 0 1
2014   2 28  8 58 55 286227    5.24820  -85.66049     5434  27.6  0  0  5  9 0 0 1 1 1 0 0 0 0 1 0 1 0 0
2014   2 28  8 58 56 270366   12.28483 -122.46481    12196   4.6  0  0  4  6 0 0 1 1 0 0 0 1 0 0 0 0 0 1
2014   2 28  8 58 57 373088   -4.65368  -71.70324     5525   4.8  0  0  5 10 0 0 1 1 1 0 0 0 0 1 0 0 0 1
2014   2 28  8 58 57 384917   -4.70282  -71.66461     3697   6.5  0  0  5 10 0 0 1 1 1 0 0 1 0 0 0 0 0 1
2014   2 28  8 58 57 397676   -4.73816  -71.63451     4895   7.5  0  0  4  6 0 0 1 1 1 0 0 1 0 0 0 0 0 0
2014   2 28  8 58 57 713430  -19.73654 -139.84705    18843   9.2  0  0  4  6 0 0 1 1 0 0 0 1 0 1 0 0 0 0
2014   2 28  8 58 57 778000  -21.71915  -46.02427     2509   7.0  0  0  5 10 0 0 1 1 1 0 0 0 0 1 0 0 0 1
2014   2 28  8 58 57 868643  -21.71788  -46.03782     2533   8.4  0  0  5 10 0 0 1 1 1 0 0 0 0 1 0 0 0 1
2014   2 28  8 58 57 940938  -21.75844  -45.98674     2692  10.8  0  0  5 10 0 0 1 1 1 0 0 1 0 0 0 0 0 1
2014   2 28  8 58 58  50066  -21.74888  -46.02829     2541  18.1  0  0  6 15 0 0 1 1 1 0 0 1 0 1 0 0 0 1
2014   2 28  8 58 58 163348  -19.75882 -139.75334    12409   9.4  0  0  5 10 0 0 1 1 0 0 0 1 0 1 0 0 0 1
2014   2 28  8 58 59 417619  -21.53617  -50.05188     2802  16.7  0  0  5 10 0 0 1 1 1 0 0 1 0 0 0 0 0 1
2014   2 28  8 59  0 824125  -19.96131 -138.05049    27646  21.7  1  0  4  6 0 0 1 1 1 0 0 1 0 0 0 0 0 0
2014   2 28  8 59  0 976657  -33.12913 -131.97598    31412  19.1  0  0  4  6 0 0 1 1 1 0 0 1 0 0 0 0 0 0
2014   2 28  8 59  4 136080   -5.43627  -70.54645    15411  31.3  1  0  5 10 0 0 0 1 1 0 0 1 0 1 0 0 0 1
2014   2 28  8 59  4 228489  -21.76373  -46.10707     3965  57.4  2  0  5 10 0 0 0 1 1 0 0 1 0 1 0 0 0 1
2014   2 28  8 59  4 432307  -21.73643  -46.08302     3538  61.3  2  0  6 15 0 0 1 1 1 0 0 1 0 1 0 0 0 1
2014   2 28  8 59  4 687415  -21.74392  -46.05448     5002  69.2  2  0  5 10 0 0 1 1 1 0 0 1 0 1 0 0 0 0
2014   2 28  8 59  4 742425  -21.76447  -46.10732     4094  61.3  2  0  5 10 0 0 0 1 1 0 0 1 0 1 0 0 0 1
2014   2 28  8 59  5 502208    3.28610  -72.76690     7473  42.8  1  0  6 15 0 0 1 1 1 0 0 1 0 1 0 0 0 1
2014   2 28  8 59  5 910395  -33.22842  -40.97597     6027  65.5  2  0  6 15 0 0 1 1 1 0 0 1 0 1 0 0 0 1
2014   2 28  8 59  5 922095  -33.33400  -40.65793     7831  59.4  2  0  5 10 0 0 1 1 1 0 0 1 0 0 0 0 0 1
2014   2 28  8 59  6 366467  -21.48407  -45.94762     3731  29.0  1  0  4  6 0 0 1 1 0 0 0 0 0 1 0 0 0 1
2014   2 28  8 59  9  72179  -22.09794  -49.84065     4354  63.7  2  0  5 10 0 0 1 1 1 0 0 1 0 0 0 0 0 1
2014   2 28  8 59  9 598326  -22.07741  -50.09754     4433  95.2  2  0  6 15 0 0 1 1 1 0 0 1 0 1 0 0 0 1
2014   2 28  8 59  9 613245  -22.13238  -49.89824     4452  66.5  2  0  5 10 0 0 1 1 1 0 0 1 0 0 0 0 0 1
2014   2 28  8 59  9 805785  -22.11259  -49.89072     5363  70.6  2  0  5  9 0 0 1 1 1 0 0 1 0 0 0 0 0 1
2014   2 28  8 59 10 331344  -23.82259  -45.36555     5191  96.9  2  0  6 15 0 0 1 1 1 0 0 1 0 1 0 0 0 1
2014   2 28  8 59 10 697188  -24.03338  -44.71466     4987  29.7  1  0  4  6 0 0 1 1 0 0 0 1 0 0 0 0 0 1
2014   2 28  8 59 12 585233   -4.28760  -71.72062     9045  11.7  0  0  5 10 0 0 0 1 1 0 0 1 0 1 0 0 0 1
2014   2 28  8 59 12 846570  -28.32844 -132.43646    19941   8.4  0  0  4  6 0 0 1 1 0 0 0 1 0 0 0 0 0 1
2014   2 28  8 59 13 105770  -19.47205 -139.64809    16163   1.6  0  0  4  6 0 0 1 1 1 0 0 1 0 0 0 0 0 0
2014   2 28  8 59 13 578678   -6.88765    8.97003    15316  12.7  0  0  4  6 0 0 1 1 0 0 0 1 0 0 0 0 0 1
2014   2 28  8 59 13 940062   -3.57919  -71.24768     4609   1.6  0  0  4  6 0 0 1 1 1 0 0 1 0 0 0 0 0 0
2014   2 28  8 59 14  55341   -3.48529  -71.35641     6003  14.5  0  0  4  6 0 0 1 1 0 0 0 1 0 0 0 0 0 1
2014   2 28  8 59 14  83267   -3.54961  -71.29565     3740  15.2  0  0  6 15 0 0 1 1 1 0 0 1 0 1 0 0 0 1
2014   2 28  8 59 15    972   -5.22276  -71.52321     3752  17.6  0  0  6 15 0 0 1 1 1 0 0 1 0 1 0 0 0 1
2014   2 28  8 59 16  12320  -32.93014 -132.27225    13896  16.5  0  0  6 14 0 0 1 1 1 0 0 1 0 1 0 0 0 1
2014   2 28  8 59 16 414169    6.84478  -73.11179     6200  24.1  0  0  6 15 0 0 1 1 1 0 0 1 0 1 0 0 0 1
2014   2 28  8 59 16 440546    6.83134  -73.10493     6212  24.1  0  0  6 15 0 0 1 1 1 0 0 1 0 1 0 0 0 1
2014   2 28  8 59 16 853835    6.64866  -72.93851     6717  16.6  0  0  5 10 0 0 1 1 1 0 0 1 0 1 0 0 0 0
2014   2 28  8 59 17 331529  -23.04341 -137.03519    23175  14.6  0  0  4  6 0 0 1 1 1 0 0 1 0 0 0 0 0 0
2014   2 28  8 59 17 521276  -23.02355 -136.96295    23815  15.6  0  0  4  6 0 0 1 1 1 0 0 1 0 0 0 0 0 0
2014   2 28  8 59 19 854390    1.10333  -83.43869    10342  40.5  1  0  5 10 0 0 1 1 1 0 0 1 0 0 0 0 0 1
2014   2 28  8 59 20 102786  -21.73899  -45.98860     4004  58.4  2  0  5 10 0 0 0 1 1 0 0 1 0 1 0 0 0 1
2014   2 28  8 59 22  79811   -0.44091    5.00938    24245  24.4  1  0  4  6 0 0 1 1 1 0 0 1 0 0 0 0 0 0
2014   2 28  8 59 22 500872  -33.22354  -40.67049     8590  65.3  2  0  5 10 0 0 1 1 1 0 0 1 0 0 0 0 0 1
2014   2 28  8 59 22 518305  -61.62909  -30.82752    28455  45.2  1  0  5 10 0 0 1 1 1 0 0 1 0 0 0 0 0 1
2014   2 28  8 59 23  64138  -30.14393   -6.00210    12581  44.8  1  0  5 10 0 0 0 1 1 0 0 1 1 0 0 0 0 1
2014   2 28  8 59 24 813597  -25.67609 -131.35541    28101  79.8  2  0  7 21 0 0 1 1 1 0 0 1 0 1 0 0 1 1
2014   2 28  8 59 24 894283  -29.90728   -6.29272     8148  12.3  0  0  4  6 0 0 0 1 1 0 0 1 1 0 0 0 0 0
2014   2 28  8 59 24 985345  -20.83902  -48.14171     3931  90.3  2  0  7 18 0 0 1 1 1 0 0 1 1 1 0 0 0 1
2014   2 28  8 59 24 994775  -20.84360  -48.16122     4397  96.3  2  0  6 15 0 0 1 1 1 0 0 1 0 1 0 0 0 1
2014   2 28  8 59 25 187842  -20.87568  -47.91833     4559  63.4  2  0  5 10 0 0 1 1 1 0 0 1 0 0 0 0 0 1
2014   2 28  8 59 25 647102  -30.94289 -125.86074    24685  51.2  1  0  6 15 0 0 1 1 1 0 0 1 0 1 0 0 0 1
2014   2 28  8 59 26 870731    7.27007  160.95357    10913  99.2  2  0  6 15 0 0 1 1 1 0 0 0 1 1 0 0 0 1
2014   2 28  8 59 27 474996  -33.61158  -38.99727     8944  82.4  2  0  6 11 0 0 1 1 1 0 0 1 0 1 0 0 0 1
2014   2 28  8 59 27 951055   27.39050  171.69615     4830  15.2  0  0  4  6 0 0 1 1 0 0 0 1 1 0 0 0 0 0
