2014   2 28  6 44 32 750369   29.90088 -131.63310    16246   2.1  0  0  4  6 0 0 1 1 0 0 0 0 0 0 1 0 0 1
2014   2 28  6 44 33 633721  -21.01817  -46.97304     3456  14.4  0  0  5  7 0 0 1 1 0 0 0 0 0 1 1 0 0 1
2014   2 28  6 44 33 732117  -20.99930  -46.99500     3733  21.0  0  0  5  7 0 0 1 1 0 0 0 0 0 0 1 1 0 1
2014   2 28  6 44 34 554871    2.55403    5.30264    11312  15.6  0  0  5  8 0 0 1 1 0 0 0 0 0 0 1 1 0 1
2014   2 28  6 44 34 781544    2.72211  -84.53873     4102  25.4  0  0  6 15 0 0 1 1 0 0 0 0 0 1 1 1 0 1
2014   2 28  6 44 36 250382  -29.26014  -42.19112     3780  27.0  0  0  5 10 0 0 1 1 0 0 0 0 0 1 1 0 0 1
2014   2 28  6 44 36 482223  -24.24516  -45.63890     4112  55.5  1  0  6 15 0 0 1 1 0 0 0 0 0 1 1 1 0 1
2014   2 28  6 44 39 146800   -0.00347   -8.30466    34669  55.9  2  0  5  7 0 0 1 1 0 0 0 0 0 0 1 1 0 1
2014   2 28  6 44 43 297563  -12.91722  -71.66628     6401 111.5  2  0  6 15 0 0 1 1 0 0 0 0 0 1 1 1 0 1
2014   2 28  6 44 43 979370   31.67605 -130.42667    29285 136.2  2  0  7 21 0 0 1 1 0 0 0 0 0 1 1 1 1 1
2014   2 28  6 44 48 390378  -21.96154  -46.01083     2865  16.1  0  0  5  9 0 0 1 1 1 0 0 1 0 0 0 0 0 1
2014   2 28  6 44 48 415208    3.05367  -84.37654     4039  22.0  0  0  6 14 0 0 1 1 1 0 0 1 0 0 1 1 0 0
2014   2 28  6 44 48 497533  -22.04654 -140.53622     7324  16.1  0  0  6 14 0 0 1 1 0 0 0 1 0 1 1 1 0 0
2014   2 28  6 44 48 525799  -22.04807 -140.68208     9387  18.1  0  0  5 10 0 0 1 1 0 0 0 1 0 0 0 1 0 1
2014   2 28  6 44 48 605906  -22.09321 -140.57559     7900  19.2  0  0  6 15 0 0 1 1 1 0 0 1 0 0 1 1 0 0
2014   2 28  6 44 48 636084  -25.21749 -134.62373    10069  18.2  0  0  6 13 0 0 1 0 1 0 0 1 0 0 1 1 0 1
2014   2 28  6 44 48 799915  -30.03450  -41.76795     3122  19.3  0  0  6 15 0 0 1 1 1 0 0 1 0 0 1 0 0 1
2014   2 28  6 44 48 914512  -30.08568  -41.83566     3632  10.4  0  0  5 10 0 0 0 1 1 0 0 0 0 1 1 0 0 1
2014   2 28  6 44 49  24356  -22.04019 -141.47383     8182  14.1  0  0  7 21 0 0 0 1 1 0 0 1 0 1 1 1 0 1
2014   2 28  6 44 49 227903  -20.77868  -47.18628     2396  19.4  0  0  7 21 0 0 0 1 1 0 0 1 0 1 1 1 0 1
2014   2 28  6 44 49 700595  -22.20561 -140.53926     6694  20.3  0  0  7 21 0 0 1 1 1 0 0 1 0 0 1 1 0 1
2014   2 28  6 44 50  19787  -22.21498 -140.63556     5823  15.7  0  0  7 21 0 0 1 1 0 0 0 1 0 1 1 1 0 1
2014   2 28  6 44 50 260170    1.78773  -84.81379     6398   1.3  0  0  4  6 0 0 0 1 1 0 0 1 0 0 0 1 0 0
2014   2 28  6 44 51 680697   -6.25478  -74.77217     3663  26.6  0  0  7 21 0 0 0 1 1 0 0 1 0 1 1 1 0 1
2014   2 28  6 44 51 764910   -4.35525  -71.37557     3494  29.4  0  0  6 15 0 0 1 1 1 0 0 0 0 0 1 1 0 1
2014   2 28  6 44 51 922863   -6.48062  -74.16202     5144  17.0  0  0  5  7 0 0 1 0 1 0 0 1 0 1 1 0 0 0
2014   2 28  6 44 52 212837    4.25909  -73.49662     5311  13.9  0  0  5 10 0 0 0 1 1 0 0 0 0 1 0 1 0 1
2014   2 28  6 44 52 388597  -20.97335  -47.16790     3751  21.6  0  0  5  8 0 0 1 0 0 0 0 1 0 1 1 1 0 0
2014   2 28  6 44 52 425619  -21.10717  -46.92710     2951  21.6  0  0  5 10 0 0 0 1 1 0 0 1 0 0 1 0 0 1
2014   2 28  6 44 52 536975  -21.11213  -46.99921     2642   1.7  0  0  5  8 0 0 0 1 1 0 0 1 0 1 0 0 0 1
2014   2 28  6 44 52 607981   -4.68387  -71.72211     5734  31.2  1  0  5 10 0 0 0 1 0 0 0 0 0 1 1 1 0 1
2014   2 28  6 44 52 634106  -21.08097  -46.85385     2699  23.2  0  0  6 15 0 0 1 1 1 0 0 1 0 0 1 0 0 1
2014   2 28  6 44 52 717995  -29.37955  -42.17426     3781  23.1  0  0  5 10 0 0 1 1 1 0 0 0 0 0 1 0 0 1
2014   2 28  6 44 52 772177  -29.37672  -42.28642     3748  20.5  0  0  5 10 0 0 1 1 1 0 0 1 0 0 0 0 0 1
2014   2 28  6 44 52 864383  -21.00913  -47.03167     3283  16.0  0  0  5  9 0 0 1 1 0 0 0 1 0 1 1 0 0 0
2014   2 28  6 44 53  26265  -29.43353  -42.11400     3713  20.1  0  0  5 10 0 0 1 1 0 0 0 1 0 0 1 0 0 1
2014   2 28  6 44 54  10324    6.50112  -77.89837     4704  45.3  0  0  7 21 0 0 1 0 1 0 0 1 0 1 1 1 0 1
2014   2 28  6 44 54 250229    3.58353    3.15244    14659  23.5  0  0  5  8 0 0 1 0 1 0 0 0 0 0 1 1 0 1
2014   2 28  6 44 54 276713  -29.21678  -42.40004     4743  21.8  1  0  4  6 0 0 1 1 1 0 0 1 0 0 0 0 0 0
2014   2 28  6 44 54 284625    1.62244    1.15453    22105  43.8  1  0  6 13 0 0 1 1 1 0 0 1 0 0 1 0 0 1
2014   2 28  6 44 54 285631  -29.24591  -42.27592     3730  32.5  0  0  6 15 0 0 1 1 1 0 0 1 0 0 1 0 0 1
2014   2 28  6 44 54 374081  -29.25048  -42.25935     4651  36.2  1  0  5 10 0 0 1 1 1 0 0 1 0 0 1 0 0 0
2014   2 28  6 44 55 217142   33.46907 -174.27234    21562  80.0  2  0  6 15 0 0 1 1 1 0 0 1 0 0 1 1 0 0
2014   2 28  6 44 56 446707   -0.27282  154.42413     8404  63.5  1  0  7 16 0 0 1 1 1 0 0 1 0 0 1 1 0 1
2014   2 28  6 44 56 563471  -20.85543  -47.32815     3023  41.7  0  0  7 21 0 0 1 1 1 0 0 1 0 0 1 1 1 0
2014   2 28  6 44 56 569684   13.75567  140.77693     5867  92.8  2  0  7 19 0 0 1 1 1 0 0 1 0 1 1 0 0 1
2014   2 28  6 44 56 599111  -20.95772  -47.10647     3663  82.3  2  0  7 21 0 0 1 1 1 0 0 1 0 0 1 1 0 1
2014   2 28  6 44 56 778658  -15.86771  -51.49813     3645  74.0  2  0  7 19 0 0 1 1 1 0 0 0 0 0 1 1 1 1
2014   2 28  6 44 56 813492  -15.95685  -51.55134     4106  75.0  2  0  7 21 0 0 1 1 1 0 0 1 0 1 1 0 1 0
2014   2 28  6 44 57  56863  -21.00198  -47.17500     3824  66.2  2  0  6 15 0 0 1 1 1 0 0 1 0 1 1 0 0 0
2014   2 28  6 44 57 368563  -21.06032  -47.14376     3621  67.9  2  0  6 15 0 0 0 1 1 0 0 1 0 1 1 0 0 1
2014   2 28  6 44 58 270447  -16.38908  -51.64862     4197  69.2  2  0  6 15 0 0 1 1 1 0 0 1 0 0 1 0 0 1
2014   2 28  6 44 58 853318    5.02924  -73.74106     8239  80.5  2  0  6 15 0 0 0 1 1 0 0 1 0 0 1 1 0 1
2014   2 28  6 44 59  29121  -27.58165 -130.82838    32922  47.6  1  0  5 10 0 0 1 0 1 0 0 1 0 0 1 0 0 1
2014   2 28  6 44 59 859891  -10.77730    1.58259    63904  67.7  2  0  5 10 0 0 1 1 1 0 0 0 0 0 1 0 0 1
2014   2 28  6 44 59 910196  -22.30896  -46.13071     5118  89.7  2  0  6 15 0 0 1 1 1 0 0 1 0 0 1 1 0 0
2014   2 28  6 45  0 306096    7.38875  -73.98912     7187  93.6  2  0  6 15 0 0 1 1 1 0 0 1 0 0 1 1 0 0
2014   2 28  6 45  0 402934  -22.57136  -45.71154     4191  80.5  2  0  6 15 0 0 1 1 1 0 0 1 0 0 1 0 0 1
2014   2 28  6 45  1 586281  -29.12929  -42.58887     5836  73.2  2  0  6 15 0 0 1 1 1 0 0 1 0 0 1 0 0 1
2014   2 28  6 45  1 596266  -29.06310  -42.92843     3569  59.0  1  0  7 20 0 0 1 1 1 0 0 1 0 1 0 1 0 1
2014   2 28  6 45  1 651867  -28.45360  -43.20944     5622  61.6  2  0  6 15 0 0 0 1 0 0 0 1 0 1 1 1 0 1
2014   2 28  6 45  1 680438  -18.56198 -143.40047    19953 105.0  2  0  7 21 0 0 1 1 1 0 0 1 0 0 1 1 0 1
2014   2 28  6 45  1 713591  -18.43210 -143.77605    24276 102.4  2  0  6 15 0 0 1 1 1 0 0 1 0 0 1 1 0 0
2014   2 28  6 45  1 727597  -18.55987 -142.82373    29931 110.2  2  0  6 15 0 0 1 1 1 0 0 0 0 0 1 1 0 1
2014   2 28  6 45  1 854550  -20.23104 -138.92532    39342 116.7  2  0  7 21 0 0 1 1 1 0 0 1 0 1 1 0 0 1
2014   2 28  6 45  1 968167  -29.10822  -42.59501     5937  75.2  2  0  6 15 0 0 1 1 1 0 0 1 0 0 1 0 0 1
2014   2 28  6 45  2  15480  -18.54520 -145.34344    37748 121.4  2  0  7 21 0 0 0 1 1 0 0 1 0 1 1 1 0 1
2014   2 28  6 45  2 115818  -29.07131  -42.73264     4567  74.6  2  0  7 21 0 0 1 1 1 0 0 1 0 1 1 0 0 1
2014   2 28  6 45  2 257004  -29.06772  -42.74464     4601  75.6  2  0  7 21 0 0 1 1 1 0 0 1 0 1 1 0 0 1
2014   2 28  6 45  3 483442  -29.07984  -42.67716     6362  83.7  2  0  6 15 0 0 1 1 1 0 0 1 0 0 1 0 0 1
2014   2 28  6 45  3 578963  -21.06695  -47.05383     6916 106.5  2  0  6 11 0 0 1 0 1 0 0 1 0 1 1 1 0 0
2014   2 28  6 45  3 616601  -21.20867  -46.90862     4689  96.3  2  0  6 15 0 0 1 1 1 0 0 1 0 0 1 0 0 1
2014   2 28  6 45  4 130713  -29.34353  -41.92612     3400  18.0  0  0  5 10 0 0 1 1 1 0 0 1 0 0 1 0 0 0
2014   2 28  6 45  4 140618  -21.98379  -45.93213     2747  12.8  0  0  5  9 0 0 0 1 1 0 0 1 0 0 1 0 0 1
2014   2 28  6 45  4 158336  -16.03215  -51.47940     2399  12.7  0  0  7 21 0 0 1 0 1 0 0 1 0 1 1 1 0 1
2014   2 28  6 45  4 641660  -30.04492  -41.70911     3408  17.7  0  0  5 10 0 0 1 1 1 0 0 1 0 0 1 0 0 0
2014   2 28  6 45  4 656176  -30.02401  -41.73109     2975  16.9  0  0  6 15 0 0 1 1 1 0 0 1 0 0 1 0 0 1
2014   2 28  6 45  5 697891  -25.00796  -45.14562     3036  23.9  0  0  6 14 0 0 1 1 1 0 0 1 0 0 1 0 0 1
2014   2 28  6 45  7   1143  -20.68166  -47.15540     2579  16.9  0  0  6 15 0 0 1 1 1 0 0 1 0 0 1 0 0 1
2014   2 28  6 45  7  79598  -20.92483  -46.46708     3058   2.2  0  0  4  6 0 0 1 1 0 0 0 1 0 0 1 0 0 0
2014   2 28  6 45  7 684973  -29.35143  -42.01615     3795  22.3  0  0  5  9 0 0 1 1 0 0 0 1 0 0 1 0 0 1
2014   2 28  6 45  7 964310  -29.30713  -42.12521     3969  25.4  0  0  5 10 0 0 1 1 1 0 0 1 0 0 1 0 0 0
2014   2 28  6 45  8  52425  -29.31130  -42.09524     5241  29.2  0  0  5 10 0 0 1 0 1 0 0 1 0 0 1 0 0 1
2014   2 28  6 45  8  72193  -29.28659  -42.14129     3408  26.8  0  0  6 15 0 0 1 1 1 0 0 1 0 0 1 0 0 1
2014   2 28  6 45  8  92930  -29.31649  -42.26407     3563  19.5  0  0  5 10 0 0 1 1 1 0 0 1 0 0 0 0 0 1
2014   2 28  6 45  8 280474  -21.00850  -46.77190     2895  44.9  0  0  7 20 0 0 1 1 1 0 0 0 0 1 1 1 0 1
2014   2 28  6 45  8 311368  -21.09070  -46.66890     2719  22.9  0  0  6 15 0 0 1 1 1 0 0 1 0 0 1 0 0 1
2014   2 28  6 45  8 350687  -21.10751  -46.67361     2775  23.7  0  0  6 14 0 0 1 1 1 0 0 1 0 0 1 0 0 1
2014   2 28  6 45  8 992476    7.29917  -73.80933     5127  41.1  1  0  6 13 0 0 1 1 1 0 0 1 0 0 1 1 0 0
2014   2 28  6 45  9 136531    7.31867  -73.99598     5743  41.1  1  0  6 15 0 0 0 1 1 0 0 1 0 0 1 1 0 1
2014   2 28  6 45  9 375401    6.65997  -73.23799     7780  35.0  0  0  6 15 0 0 1 1 1 0 0 1 0 0 1 0 0 1
2014   2 28  6 45  9 863729    5.08247  -72.08976     3871  43.0  0  0  7 19 0 0 1 1 0 0 0 1 0 1 1 1 0 1
2014   2 28  6 45 10 542771  -29.23830  -42.63247     4796  82.9  2  0  7 21 0 0 1 1 1 0 0 1 1 0 1 0 0 1
2014   2 28  6 45 10 559721  -14.34156  -43.86678     3279  62.9  1  0  7 21 0 0 0 1 1 0 0 1 0 1 1 0 1 1
2014   2 28  6 45 10 586487  -29.35367  -42.21407     4091  39.9  0  0  6 15 0 0 1 1 1 0 0 1 0 0 1 0 0 1
2014   2 28  6 45 10 615212  -29.35033  -42.22067     4127  40.7  1  0  6 15 0 0 1 1 1 0 0 1 0 0 1 0 0 1
2014   2 28  6 45 10 679087  -29.08421  -42.46844     4469  24.5  0  0  5 10 0 0 0 1 1 0 0 1 0 0 1 0 0 1
2014   2 28  6 45 10 754463  -29.37857  -42.06366     6416  41.4  1  0  5 10 0 0 1 0 1 0 0 1 0 0 1 0 0 1
2014   2 28  6 45 10 811214   -6.07827  -74.66124     4055  58.6  1  0  7 21 0 0 1 1 1 0 0 1 0 1 1 1 0 0
2014   2 28  6 45 10 940940   -6.13951  -74.66314     6037  52.2  1  0  6 11 0 0 1 1 0 0 0 1 0 1 1 1 0 0
2014   2 28  6 45 11 266302  -20.88506  -47.02784     2967  12.9  0  0  5 10 0 0 1 1 1 0 0 0 0 0 1 0 0 1
2014   2 28  6 45 13 282956  -21.12680  -46.97620     3601  56.1  1  0  6 15 0 0 1 1 1 0 0 1 0 0 1 0 0 1
2014   2 28  6 45 13 400192   -8.88552  160.84523     7192  16.9  0  0  5 10 0 0 1 1 0 0 0 1 0 0 1 1 0 0
2014   2 28  6 45 13 572883   -5.94724    8.66412    17101  60.0  2  0  6 11 0 0 1 1 0 0 0 1 0 0 1 1 0 1
2014   2 28  6 45 13 854290  -21.12087  -46.87696     3753  61.4  2  0  6 15 0 0 1 1 1 0 0 1 0 0 1 0 0 1
2014   2 28  6 45 13 948875  -15.99564 -136.97685     8769   7.4  0  0  4  6 0 0 1 0 1 0 0 0 0 1 0 1 0 0
2014   2 28  6 45 14 613635  -21.93534  -45.59983     3061   8.6  0  0  4  6 0 0 1 0 0 0 0 1 0 0 1 0 0 1
2014   2 28  6 45 14 674238  -29.25612  -42.47135     4053  59.1  1  0  7 21 0 0 1 1 1 0 0 1 0 1 1 0 0 1
2014   2 28  6 45 14 828119  -13.00029  -41.23336     2939  12.5  0  0  5  8 0 0 1 1 1 0 0 1 0 0 1 0 0 0
2014   2 28  6 45 14 889202  -29.46375  -42.14666     6167  34.7  1  0  4  6 0 0 1 1 0 0 0 1 0 0 1 0 0 0
2014   2 28  6 45 15  31860  -29.26271  -42.70063     4434  18.5  0  0  4  6 0 0 1 1 1 0 0 1 0 0 0 0 0 0
2014   2 28  6 45 15 767103   -4.47968  -72.20615     4121   6.2  0  0  4  6 0 0 0 0 0 0 0 1 0 1 0 1 0 1
2014   2 28  6 45 16 249631  -29.12207  -42.46792     7234  77.6  2  0  5 10 0 0 1 1 1 0 0 0 0 0 1 0 0 1
2014   2 28  6 45 16 367555    3.28897  -16.64904    21370  93.0  2  0  6 14 0 0 1 1 1 0 0 1 0 0 0 1 0 1
2014   2 28  6 45 16 676367  -30.69950  -42.41778     5982  81.7  2  0  6 15 0 0 1 1 0 0 0 1 0 1 1 0 0 1
2014   2 28  6 45 16 683195  -30.69208  -42.77414     5598  90.6  2  0  6 15 0 0 1 1 1 0 0 1 0 1 0 0 0 1
2014   2 28  6 45 16 698005  -30.64275  -42.75234     3643  35.5  0  0  6 15 0 0 1 1 1 0 0 1 0 1 0 0 0 1
2014   2 28  6 45 16 710394  -30.63650  -42.81364     5203  23.3  1  0  4  6 0 0 1 1 1 0 0 1 0 0 0 0 0 0
2014   2 28  6 45 16 732019  -29.86622  -43.03889     4648  54.5  1  0  7 20 0 0 0 1 1 0 0 1 0 1 1 1 0 1
2014   2 28  6 45 16 984788    2.61675  -85.62625    13887 111.5  2  0  7 21 0 0 0 1 1 0 0 1 0 1 1 1 0 1
2014   2 28  6 45 17 160976  -15.90969  -51.58673     3923  94.2  2  0  7 21 0 0 1 1 1 0 0 1 0 1 1 1 0 0
2014   2 28  6 45 17 478241   10.69203  -62.55377     4638  25.0  0  0  5 10 0 0 1 0 1 0 0 0 0 0 1 1 0 1
2014   2 28  6 45 17 758683  -29.11892  -42.57786     6162  80.2  2  0  6 15 0 0 1 1 1 0 0 1 0 0 1 0 0 1
2014   2 28  6 45 17 772240  -29.17584  -42.53267     7542  77.9  2  0  5 10 0 0 1 1 1 0 0 1 0 0 1 0 0 0
2014   2 28  6 45 18 416415  -10.90825  -57.67819     5492 131.3  2  0  7 21 0 0 1 1 1 0 0 0 0 1 1 1 0 1
2014   2 28  6 45 18 456697  -10.98336  -57.55404     5928 104.6  2  0  6 15 0 0 1 0 1 0 0 1 0 1 0 1 0 1
2014   2 28  6 45 19 709561  -11.08768  -57.70599     5317 140.6  2  0  7 20 0 0 1 1 1 0 0 1 0 1 1 1 0 0
2014   2 28  6 45 19 846323  -13.07791  -71.54207     5916 133.6  2  0  7 21 0 0 1 1 1 0 0 1 0 0 1 1 0 1
2014   2 28  6 45 20 102496    5.42303  -71.93472     3443  19.5  0  0  6 13 0 0 1 1 1 0 0 1 0 0 1 1 0 0
2014   2 28  6 45 20 109844    5.42296  -71.93246     3192  19.0  0  0  7 18 0 0 1 1 1 0 0 1 0 1 1 1 0 0
2014   2 28  6 45 20 281530  -22.68653 -138.97586    18958   5.6  0  0  4  6 0 0 1 1 0 0 0 1 0 0 1 0 0 0
2014   2 28  6 45 20 322079  -22.15065 -140.08449     7567   6.2  0  0  5 10 0 0 1 1 0 0 0 0 0 0 1 1 0 1
2014   2 28  6 45 20 336497  -22.60141 -139.22702    13214   8.2  0  0  5 10 0 0 1 1 1 0 0 1 0 0 1 0 0 0
2014   2 28  6 45 20 804966  -22.58901 -139.25632     7420   5.7  0  0  7 21 0 0 1 1 1 0 0 1 0 1 1 0 0 1
2014   2 28  6 45 21   4699  -22.64664 -138.93683    30767   3.6  0  0  5 10 0 0 0 1 1 0 0 1 0 0 1 0 0 1
2014   2 28  6 45 21 585238   -5.10460  -72.46584     5511  17.7  0  0  5 10 0 0 0 0 1 0 0 0 0 1 1 1 0 1
2014   2 28  6 45 21 627563    5.91662  -82.98518     4245  11.2  0  0  6 15 0 0 0 1 1 0 0 1 0 0 1 1 0 1
2014   2 28  6 45 21 665442    5.89162  -82.73743     4999  22.1  0  0  6 13 0 0 1 1 1 0 0 1 0 0 1 1 0 0
2014   2 28  6 45 21 732345    7.22996  -73.65884     3492  22.8  0  0  7 20 0 0 1 0 1 0 0 1 0 1 1 1 0 1
2014   2 28  6 45 21 754938    5.92967  -83.04380     4861  10.7  0  0  5 10 0 0 0 1 0 0 0 1 0 0 1 1 0 1
2014   2 28  6 45 22  45599   -2.69842  -71.90941     3968  16.5  0  0  6 15 0 0 1 0 1 0 0 1 0 1 1 0 0 1
2014   2 28  6 45 22 370915  -21.20294  -49.28835     2533   7.0  0  0  6 12 0 0 1 1 1 0 0 1 0 0 1 0 0 1
2014   2 28  6 45 22 501532    7.15474  -73.69898     5275  24.8  0  0  5  8 0 0 1 1 1 0 0 1 0 0 0 1 0 0
2014   2 28  6 45 22 550276  -21.04868  -46.97707     2827  20.8  0  0  5 10 0 0 0 1 0 0 0 1 0 1 1 0 0 1
2014   2 28  6 45 22 596702  -21.04330  -46.96262     2747   2.7  0  0  4  6 0 0 0 1 0 0 0 1 0 0 1 0 0 1
2014   2 28  6 45 23 391064    7.66430  -83.91833     7446   3.5  0  0  4  6 0 0 0 1 1 0 0 1 0 0 0 1 0 0
2014   2 28  6 45 23 834032   -8.47706  152.02751    79151  38.5  1  0  5 10 0 0 1 0 1 0 0 1 0 0 1 0 0 1
2014   2 28  6 45 24 351290  -12.79204  156.68608     6954   5.3  0  0  4  6 0 0 0 1 0 0 0 1 0 0 1 1 0 0
2014   2 28  6 45 24 944232  -29.29515  -42.29136     3366  15.3  0  0  5 10 0 0 1 1 1 0 0 1 0 0 0 0 0 1
2014   2 28  6 45 25 344569  -29.29021  -42.24598     5011  17.9  0  0  4  6 0 0 1 1 0 0 0 1 0 0 0 0 0 1
2014   2 28  6 45 26  96131    3.02583  -16.54469     4612  39.9  0  0  7 19 0 0 1 1 1 0 0 0 1 0 1 1 0 1
2014   2 28  6 45 26 182176  -22.18997  -45.69801     2949  34.6  0  0  6 15 0 0 1 1 1 0 0 1 0 0 1 0 0 1
2014   2 28  6 45 26 225446   38.17335 -166.05676    25883  54.5  2  0  5  9 0 0 1 1 0 0 0 0 0 0 1 1 0 1
2014   2 28  6 45 26 304655   37.94559 -168.65944    68030  61.6  2  0  5 10 0 0 0 1 1 0 0 1 0 0 1 1 0 0
2014   2 28  6 45 26 495069    2.89903  -84.79282     4849  49.8  0  0  7 21 0 0 1 1 1 0 0 1 0 0 1 1 0 1
2014   2 28  6 45 26 518955    2.80880  -84.55893     5199  53.7  1  0  7 21 0 0 1 0 1 0 0 1 0 1 1 1 0 1
2014   2 28  6 45 26 734508   -2.82150  -72.43256     4067  11.6  0  0  4  6 0 0 0 1 0 0 0 1 0 0 1 1 0 0
2014   2 28  6 45 28 650550  -29.86776  -42.16529     3752  47.8  0  0  7 21 0 0 1 1 1 0 0 1 0 1 1 0 0 1
2014   2 28  6 45 28 672313  -29.93411  -42.05288     5231  42.9  1  0  5 10 0 0 1 1 1 0 0 1 0 0 1 0 0 0
2014   2 28  6 45 28 846686   -1.94350  149.62848     6649  18.0  0  0  4  6 0 0 0 1 0 0 0 1 0 0 1 1 0 0
2014   2 28  6 45 29 701974    6.83426  -79.77361     5964  39.9  0  0  7 21 0 0 0 1 1 0 0 1 0 1 0 1 1 1
2014   2 28  6 45 30  15329  -29.16729  -42.38332     5703  54.4  2  0  5 10 0 0 1 1 1 0 0 0 0 0 1 0 0 1
2014   2 28  6 45 31  59953  -29.27359  -42.42060     6209  61.2  2  0  5 10 0 0 1 1 1 0 0 0 0 0 1 0 0 1
2014   2 28  6 45 31 100770  -29.26927  -42.42902     6254  62.0  2  0  5 10 0 0 1 1 1 0 0 0 0 0 1 0 0 1
2014   2 28  6 45 31 377146  -29.27787  -42.41970     5081  58.1  1  0  6 15 0 0 1 1 1 0 0 1 0 0 1 0 0 1
2014   2 28  6 45 31 402326  -21.17049  -48.67029     4599  73.1  2  0  6 13 0 0 1 1 1 0 0 1 0 0 1 0 0 1
2014   2 28  6 45 33 199363  -20.90624  -49.19933     4320 122.5  2  0  7 21 0 0 1 1 1 0 0 1 0 1 1 1 0 0
2014   2 28  6 45 33 210517  -20.99648  -49.15634     4096 100.0  2  0  7 18 0 0 1 1 1 0 0 1 0 1 1 0 0 1
2014   2 28  6 45 34   1267   33.41183 -169.15587    26547 148.3  2  0  7 21 0 0 1 1 1 0 0 1 0 1 1 1 0 0
2014   2 28  6 45 34  90103  -12.40273  -74.68884    10418  75.8  2  0  6 15 0 0 0 1 1 0 0 1 0 1 0 1 0 1
2014   2 28  6 45 34 289011    5.41663  -75.87402    13311 105.0  2  0  7 21 0 0 1 1 1 0 0 1 0 1 1 0 0 1
2014   2 28  6 45 34 393218  -11.49791  -72.03687     7713  40.1  1  0  5 10 0 0 0 0 1 0 0 0 0 1 1 1 0 1
2014   2 28  6 45 34 885768  -21.18179  -46.82278     4546  89.6  2  0  6 15 0 0 1 1 1 0 0 1 0 0 1 0 0 1
2014   2 28  6 45 34 899045  -21.19749  -46.61003     4572  89.7  2  0  6 15 0 0 1 1 1 0 0 1 0 0 1 0 0 1
2014   2 28  6 45 35 427926  -21.01405  -47.21400     4051  85.8  2  0  7 16 0 0 1 0 1 0 0 1 0 1 1 0 1 1
2014   2 28  6 45 36 139310  -21.02424  -46.94657     2666  15.3  0  0  6 13 0 0 1 1 0 0 0 1 0 0 1 1 0 1
2014   2 28  6 45 36 324482  -20.97654  -46.98389     2300   8.9  0  0  7 21 0 0 1 1 1 0 0 0 0 1 1 1 0 1
2014   2 28  6 45 36 361704  -21.02755  -46.93237     2541   6.5  0  0  5 10 0 0 0 1 1 0 0 1 0 0 1 0 0 1
2014   2 28  6 45 36 384977   -5.78094  -74.36421     3366   8.9  0  0  6 15 0 0 1 1 0 0 0 1 0 1 1 0 0 1
2014   2 28  6 45 36 601674   -5.70385  -74.77580     3053  17.2  0  0  6 15 0 0 1 0 1 0 0 1 0 0 1 1 0 1
2014   2 28  6 45 36 665667  -21.03533  -46.93683     2369   4.1  0  0  6 15 0 0 1 1 1 0 0 1 0 0 1 0 0 1
2014   2 28  6 45 36 731463  -21.03217  -46.93452     2500   3.5  0  0  5 10 0 0 0 1 1 0 0 1 0 0 1 0 0 1
2014   2 28  6 45 36 831115  -21.03519  -46.93328     2624   2.7  0  0  5 10 0 0 1 1 1 0 0 1 0 0 1 0 0 0
2014   2 28  6 45 38  50918    1.06064    0.33546     5363  15.8  0  0  7 21 0 0 1 1 1 0 0 1 0 0 1 1 0 1
2014   2 28  6 45 38 112350   -0.98573   -2.26595    11820  13.0  0  0  5 10 0 0 1 0 1 0 0 1 0 0 1 0 0 1
2014   2 28  6 45 39 218844   -9.57143  159.89508     6811  25.0  0  0  6 15 0 0 1 1 1 0 0 1 0 0 1 1 0 0
2014   2 28  6 45 39 775655  -29.28123  -42.09433     3197  22.4  0  0  6 15 0 0 1 1 1 0 0 1 0 0 1 0 0 1
2014   2 28  6 45 39 928704  -29.78652  -42.14334     9833  17.8  0  0  4  6 0 0 0 1 0 0 0 1 0 1 0 0 0 1
2014   2 28  6 45 39 938368  -29.30394  -42.06479     3524  18.0  0  0  5 10 0 0 1 1 1 0 0 1 0 0 1 0 0 0
2014   2 28  6 45 39 946369  -29.27504  -42.09394     3243  23.2  0  0  6 15 0 0 1 1 1 0 0 1 0 0 1 0 0 1
2014   2 28  6 45 39 954335  -29.28136  -42.09426     3269  24.0  0  0  6 15 0 0 1 1 1 0 0 1 0 0 1 0 0 1
2014   2 28  6 45 39 968229  -20.86526  -47.04612     2994  19.6  0  0  5 10 0 0 1 1 1 0 0 1 0 0 0 0 0 1
2014   2 28  6 45 40 247387  -29.27038  -42.09816     3388  26.3  0  0  6 15 0 0 1 1 1 0 0 1 0 0 1 0 0 1
2014   2 28  6 45 41 371909  -13.71385  -39.55291     5166  37.0  0  0  6 15 0 0 1 0 1 0 0 1 0 1 1 0 0 1
2014   2 28  6 45 41 479320  -13.73232  -39.15135     4064  21.2  0  0  5 10 0 0 1 1 1 0 0 1 0 0 0 0 0 1
2014   2 28  6 45 41 874538   -8.85957  -76.08388     4437  51.7  1  0  6 15 0 0 1 0 1 0 0 0 0 1 1 1 0 1
2014   2 28  6 45 42  73362  -21.99028  -45.94593     3382  33.6  1  0  5 10 0 0 1 1 0 0 0 1 0 0 1 0 0 1
2014   2 28  6 45 42 244768   -4.71029  -72.34891     6276  41.4  1  0  5  9 0 0 0 1 1 0 0 1 0 0 1 1 0 0
2014   2 28  6 45 42 253702   -4.77518  -72.35017     5532  70.4  2  0  7 21 0 0 0 1 1 0 0 1 0 1 1 1 0 1
2014   2 28  6 45 42 342967  -21.11021  -46.66756     3100  35.9  0  0  6 15 0 0 1 1 1 0 0 1 0 0 1 0 0 1
2014   2 28  6 45 43  93437  -23.27405 -135.66293    19653  51.3  2  0  5 10 0 0 1 1 0 0 0 0 0 0 1 1 0 1
2014   2 28  6 45 43 312729  -29.27411  -42.41661     3989  56.2  1  0  7 21 0 0 1 1 1 0 0 1 0 1 1 0 0 1
2014   2 28  6 45 43 374689  -10.69200  -57.07088     3479  63.3  1  0  7 20 0 0 1 1 1 0 0 1 0 0 1 1 0 1
2014   2 28  6 45 43 400684  -10.63995  -57.02536     4067  61.7  2  0  6 15 0 0 1 1 1 0 0 0 0 0 1 1 0 1
2014   2 28  6 45 43 444744  -29.33121  -42.24692     5147  45.8  1  0  5 10 0 0 1 1 1 0 0 0 0 0 1 0 0 1
2014   2 28  6 45 43 979496  -16.37663  -51.93437     3430  74.5  2  0  7 21 0 0 0 1 1 0 0 1 0 1 1 1 0 1
2014   2 28  6 45 43 998346  -16.42359  -51.64472     3713  52.1  1  0  6 15 0 0 1 1 1 0 0 1 0 0 1 0 0 1
2014   2 28  6 45 44  52998  -16.37654  -51.90734     2857  37.0  0  0  7 19 0 0 0 1 1 0 0 1 0 1 0 1 1 1
2014   2 28  6 45 44  75110  -20.91595  -47.30560     4282  49.3  1  0  5 10 0 0 1 1 0 0 0 1 0 1 1 0 0 0
2014   2 28  6 45 44 204996  -21.03337  -47.09849     4453  88.9  2  0  6 14 0 0 1 1 0 0 0 1 0 1 1 0 0 1
2014   2 28  6 45 44 228031  -16.30238  -51.83759     3479  77.2  2  0  7 21 0 0 0 1 1 0 0 1 0 1 1 1 0 1
2014   2 28  6 45 44 252842  -21.09811  -46.78651     3141  19.8  0  0  5  9 0 0 1 0 1 0 0 1 0 0 1 0 0 1
2014   2 28  6 45 44 440322  -21.14332  -46.89188     3465  49.6  1  0  6 15 0 0 1 1 1 0 0 1 0 0 1 0 0 1
2014   2 28  6 45 44 519506  -21.14320  -46.89297     3487  50.5  1  0  6 15 0 0 1 1 1 0 0 1 0 0 1 0 0 1
2014   2 28  6 45 44 675207  -34.00570   14.82559    34070  55.0  2  0  5 10 0 0 1 1 1 0 0 0 0 0 1 0 0 1
2014   2 28  6 45 45 303051    3.41943  -85.28712    11393  73.9  2  0  6 15 0 0 0 1 1 0 0 1 0 0 1 1 0 1
2014   2 28  6 45 45 349739  -29.13801  -42.83393     7417  35.4  1  0  5  7 0 0 1 0 1 0 0 1 0 1 0 1 0 0
2014   2 28  6 45 45 357355  -29.18900  -42.35872     5824  56.7  2  0  5 10 0 0 1 1 1 0 0 0 0 0 1 0 0 1
2014   2 28  6 45 45 412399  -29.12438  -42.52305     5487  73.7  2  0  6 15 0 0 1 1 0 0 0 1 0 1 1 0 0 1
2014   2 28  6 45 45 490619  -29.12642  -42.52018     4356  67.4  1  0  7 21 0 0 1 1 1 0 0 1 0 1 1 0 0 1
2014   2 28  6 45 45 552313  -28.46450  -43.32396     8002  46.3  1  0  6 12 0 0 0 0 1 0 0 1 0 1 1 1 0 1
2014   2 28  6 45 45 594884  -29.36065  -42.11074     5825  31.1  1  0  4  6 0 0 1 1 0 0 0 1 0 0 1 0 0 0
2014   2 28  6 45 45 632477  -28.73258  -42.82545     5099  46.5  1  0  6 15 0 0 0 1 1 0 0 1 0 1 1 0 0 1
2014   2 28  6 45 45 741923    7.41668  -73.80039     9306  60.5  2  0  5  7 0 0 1 0 1 0 0 1 0 0 1 1 0 0
2014   2 28  6 45 46 914976  -20.60718  -47.38598     4076 111.5  2  0  7 21 0 0 1 1 1 0 0 0 0 1 1 1 0 1
2014   2 28  6 45 47   8407  -21.05174  -46.94424     2884  10.9  0  0  5 10 0 0 1 1 1 0 0 0 0 0 1 0 0 1
2014   2 28  6 45 48 164555  -21.06197  -47.19826     4145 114.9  2  0  7 21 0 0 1 1 1 0 0 1 0 1 1 0 0 1
2014   2 28  6 45 48 492570  -29.13187  -42.49187     5658  70.5  2  0  6 15 0 0 1 1 1 0 0 1 0 0 1 0 0 1
2014   2 28  6 45 52 768316  -20.48291  -51.96680     2445  19.8  0  0  7 20 0 0 0 1 1 0 0 1 0 1 1 1 0 1
2014   2 28  6 45 52 791010  -20.50610  -51.94032     2850   8.6  0  0  5  7 0 0 1 1 0 0 0 1 0 0 1 0 0 1
2014   2 28  6 45 53  50215  -20.46002  -51.88099     2549   3.6  0  0  5 10 0 0 0 1 1 0 0 1 0 0 1 0 0 1
2014   2 28  6 45 53 681342  -22.48069  -45.65014     3519  10.5  0  0  4  6 0 0 1 1 1 0 0 1 0 0 0 0 0 0
2014   2 28  6 45 54  73288  -19.05729 -141.95918     6024  18.5  0  0  7 21 0 0 1 1 1 0 0 1 0 1 0 1 0 1
2014   2 28  6 45 54 147057  -19.03920 -142.04887     6086  18.1  0  0  7 21 0 0 1 1 1 0 0 1 0 0 1 1 0 1
2014   2 28  6 45 54 188219  -19.01396 -143.45786    13587   1.1  0  0  4  6 0 0 0 1 1 0 0 1 0 0 0 1 0 0
2014   2 28  6 45 54 200670  -18.97344 -142.32259    11095  12.9  0  0  4  6 0 0 1 1 0 0 0 1 0 0 0 1 0 0
2014   2 28  6 45 54 208470  -19.04026 -142.08107     6078  18.0  0  0  7 21 0 0 1 1 1 0 0 1 0 0 1 1 0 1
2014   2 28  6 45 54 221539  -18.93046 -142.30516    11255  13.4  0  0  4  6 0 0 1 1 0 0 0 1 0 0 0 1 0 0
2014   2 28  6 45 54 301955  -19.52544 -140.91571    13151   9.0  0  0  5  9 0 0 1 1 1 0 0 1 0 0 0 0 0 1
2014   2 28  6 45 54 607460  -24.44474  -45.59905     4558  36.3  1  0  5  9 0 0 1 1 0 0 0 1 0 0 0 1 0 1
2014   2 28  6 45 54 635914  -24.45997  -45.53706     2963  24.1  0  0  6 15 0 0 1 1 1 0 0 1 0 0 1 0 0 1
2014   2 28  6 45 55  12702  -14.36769  -43.85113     2711  25.2  0  0  6 15 0 0 1 1 1 0 0 1 0 0 1 0 0 1
2014   2 28  6 45 55  28466  -14.35284  -43.84029     2907  22.0  0  0  5  9 0 0 1 1 1 0 0 1 0 0 1 0 0 0
2014   2 28  6 45 55 365884  -27.95280  -43.23170     3110  19.2  0  0  6 15 0 0 1 1 1 0 0 1 0 0 1 0 0 1
2014   2 28  6 45 55 506433  -13.06375  -71.73312     4755  28.1  0  0  6 15 0 0 0 1 1 0 0 0 0 1 1 1 0 1
2014   2 28  6 45 55 899893  -24.88979  -44.79976     4003  18.6  0  0  4  6 0 0 0 1 0 0 0 1 0 1 1 0 0 0
2014   2 28  6 45 55 940079  -18.97249 -142.56519    17708   2.7  0  0  4  6 0 0 1 1 0 0 0 1 0 0 1 0 0 0
2014   2 28  6 45 56  28647  -13.19391  -71.53243     4687  21.6  0  0  5 10 0 0 1 0 0 0 0 0 0 1 1 0 1 1
2014   2 28  6 45 56  56403  -13.07215  -71.78558     3037  32.6  0  0  7 21 0 0 1 1 1 0 0 1 0 0 1 1 0 1
2014   2 28  6 45 56 129310  -12.98817  -71.80162     3061  15.4  0  0  5 10 0 0 1 1 0 0 0 1 0 0 1 1 0 0
2014   2 28  6 45 56 424197  -29.39524  -41.97393     3683   7.2  0  0  4  6 0 0 1 1 0 0 0 1 0 0 1 0 0 0
2014   2 28  6 45 56 570311  -29.32781  -42.11923     3377  24.8  0  0  6 15 0 0 1 1 1 0 0 1 0 0 1 0 0 1
2014   2 28  6 45 56 597541  -29.28757  -42.24055     3314  14.7  0  0  5 10 0 0 1 1 1 0 0 1 0 0 0 0 0 1
2014   2 28  6 45 56 619164  -13.07021  -71.72346     3734  41.0  1  0  6 15 0 0 1 0 1 0 0 1 0 1 1 1 0 0
2014   2 28  6 45 56 886280  -29.27022  -42.14486     5326  28.2  0  0  5  8 0 0 1 1 1 0 0 0 0 0 1 0 0 1
2014   2 28  6 45 57 219566  -21.07767  -46.98012     2680  34.8  0  0  7 21 0 0 1 1 1 0 0 1 0 1 1 0 0 1
2014   2 28  6 45 57 238066  -21.10221  -46.93327     3174  26.8  0  0  5 10 0 0 0 1 1 0 0 1 0 0 1 0 0 1
2014   2 28  6 45 57 347173  -21.10442  -46.91300     2792  24.9  0  0  6 15 0 0 1 1 1 0 0 1 0 0 1 0 0 1
2014   2 28  6 45 57 368061  -21.06537  -46.97311     3022  36.7  0  0  6 14 0 0 1 1 0 0 0 1 0 1 1 0 0 1
2014   2 28  6 45 57 443572    6.96428  -74.03127     4094  43.6  0  0  7 20 0 0 1 1 1 0 0 1 0 1 1 1 0 0
2014   2 28  6 45 57 461955  -21.08133  -46.92700     3184  23.7  0  0  5  9 0 0 1 1 0 0 0 1 0 0 1 0 0 1
2014   2 28  6 45 57 497559  -21.10484  -46.91269     2816  25.9  0  0  6 15 0 0 1 1 1 0 0 1 0 0 1 0 0 1
2014   2 28  6 45 58 285257  -21.05396  -47.04848     2856  44.7  0  0  7 21 0 0 1 1 1 0 0 1 0 1 1 0 0 1
2014   2 28  6 45 59 443696  -29.10501  -42.46279     3981  17.9  0  0  5 10 0 0 0 1 1 0 0 1 0 0 1 0 0 1
2014   2 28  6 45 59 504690  -29.38086  -42.25991     4160  40.3  1  0  6 15 0 0 1 1 1 0 0 1 0 0 1 0 0 1
2014   2 28  6 45 59 995518  -10.92587  -57.68147     3748  58.3  1  0  6 14 0 0 1 1 1 0 0 1 0 0 1 1 0 0
2014   2 28  6 46  0 301177  -24.96310  -44.89329     3558  34.1  1  0  5 10 0 0 1 1 1 0 0 0 0 1 1 0 0 0
2014   2 28  6 46  0 906250  -29.33690  -42.34106     5595  58.2  2  0  5 10 0 0 1 1 0 0 0 0 0 1 1 0 0 1
2014   2 28  6 46  0 944893  -29.32613  -42.37099     3729  48.6  0  0  7 21 0 0 1 1 1 0 0 1 0 1 1 0 0 1
2014   2 28  6 46  0 952127  -29.37944  -42.23092     6005  51.5  2  0  5  9 0 0 1 1 1 0 0 0 0 0 1 0 0 1
2014   2 28  6 46  0 992857  -29.35598  -42.30370     4584  48.4  1  0  6 15 0 0 1 1 1 0 0 1 0 0 1 0 0 1
2014   2 28  6 46  1 817709  -12.89121  -71.59679     5534  89.1  2  0  6 15 0 0 1 1 0 0 0 0 0 1 1 1 0 1
2014   2 28  6 46  1 902792  -12.85257  -71.42207     3771  30.9  1  0  5 10 0 0 1 0 1 0 0 0 0 0 1 1 0 1
2014   2 28  6 46  2 448863  -15.86245  -51.59079     3577  78.0  2  0  7 21 0 0 1 1 1 0 0 1 0 1 1 1 0 0
2014   2 28  6 46  2 501047  -15.98325  -51.42772     3441  67.0  1  0  7 21 0 0 1 1 1 0 0 1 0 1 1 0 0 1
2014   2 28  6 46  2 568158  -15.94124  -51.35675     4088  64.3  2  0  6 15 0 0 1 1 1 0 0 1 0 0 1 0 0 1
2014   2 28  6 46  2 697047  -15.97062  -51.30799     4151  66.7  2  0  6 15 0 0 1 1 1 0 0 1 0 0 1 0 0 1
2014   2 28  6 46  3 727851  -29.21737  -42.40991     5324  62.9  2  0  6 15 0 0 1 1 1 0 0 1 0 0 1 0 0 1
2014   2 28  6 46  4  26926  -21.14739  -46.83407     3973  67.8  2  0  6 15 0 0 1 1 1 0 0 1 0 0 1 0 0 1
2014   2 28  6 46  4 247249  -21.07133  -46.70357     3319  18.6  0  0  4  6 0 0 1 0 0 0 0 1 0 0 1 0 0 1
2014   2 28  6 46  4 473572  -29.81921  -42.18761     5769  95.5  2  0  7 19 0 0 1 1 1 0 0 1 0 0 1 1 0 1
2014   2 28  6 46  4 552650  -29.83210  -42.30746     4601  70.9  2  0  7 21 0 0 1 1 1 0 0 1 0 1 1 0 0 1
2014   2 28  6 46  4 700380  -20.76455  -47.33559     3733  93.5  2  0  7 21 0 0 1 1 1 0 0 1 0 1 1 0 0 1
2014   2 28  6 46  4 726178  -29.86928  -42.20013     7630  80.5  2  0  5 10 0 0 1 1 1 0 0 0 0 0 1 0 0 1
2014   2 28  6 46  4 917887  -20.76194  -47.14524     4223  76.4  2  0  6 15 0 0 1 1 1 0 0 1 0 0 1 0 0 1
2014   2 28  6 46  5   3675  -24.47924 -137.31932    24897  85.0  2  0  6 14 0 0 1 1 1 0 0 1 0 0 1 1 0 0
2014   2 28  6 46  5 188324  -16.23095  -51.93419     4379 112.6  2  0  7 21 0 0 1 1 1 0 0 1 0 0 1 1 0 1
2014   2 28  6 46  5 373958  -21.18005  -46.70027     4239  76.7  2  0  6 15 0 0 1 1 1 0 0 1 0 0 1 0 0 1
2014   2 28  6 46  5 768448  -16.36671  -51.67447     4855  89.9  2  0  6 15 0 0 1 1 1 0 0 1 0 0 1 0 0 1
2014   2 28  6 46  5 864303  -16.40688  -51.63297     4532  84.0  2  0  6 15 0 0 1 0 1 0 0 1 0 1 1 0 0 1
2014   2 28  6 46  6 657646   -8.00890  -74.92204     4929  44.5  1  0  5  9 0 0 1 1 0 0 0 1 0 0 1 1 0 0
2014   2 28  6 46  7   5310  -25.25277  -45.13835     4299  45.0  1  0  5  9 0 0 0 1 1 0 0 0 0 1 1 0 0 1
2014   2 28  6 46  8 204524  -27.91240  -43.18898     2912  17.4  0  0  6 14 0 0 1 1 1 0 0 1 0 1 1 0 0 0
2014   2 28  6 46  8 213161  -27.88238  -43.24713     2739  11.5  0  0  6 15 0 0 1 1 1 0 0 1 0 0 1 0 0 1
2014   2 28  6 46  8 423179  -21.97865  -45.93227     2389   5.5  0  0  6 15 0 0 1 1 1 0 0 1 0 0 1 0 0 1
2014   2 28  6 46  8 457672  -21.97543  -45.93864     2378   4.6  0  0  6 15 0 0 1 1 1 0 0 1 0 0 1 0 0 1
2014   2 28  6 46  9 642773  -29.40912  -41.91300     3739  32.4  0  0  6 12 0 0 1 1 1 0 0 1 0 1 0 1 0 0
2014   2 28  6 46  9 691697  -29.39008  -41.94921     3197  31.7  0  0  7 19 0 0 1 1 1 0 0 1 0 1 1 1 0 0
2014   2 28  6 46  9 800204  -29.37508  -41.95698     3298  31.9  0  0  7 18 0 0 1 1 1 0 0 0 0 1 1 1 0 1
2014   2 28  6 46  9 897281  -21.10709  -46.83875     3305   2.7  0  0  4  6 0 0 1 0 0 0 0 1 0 1 1 0 0 0
2014   2 28  6 46  9 975841  -21.11128  -46.94903     2369   3.4  0  0  6 15 0 0 1 1 1 0 0 1 0 0 1 0 0 1
2014   2 28  6 46 10 150924  -21.06515  -46.91260     2379   4.3  0  0  6 15 0 0 1 1 1 0 0 1 0 0 1 0 0 1
2014   2 28  6 46 10 373028  -20.80513  -47.10398     2376  10.0  0  0  6 15 0 0 0 1 1 0 0 1 0 1 1 0 0 1
2014   2 28  6 46 10 379782  -20.82094  -47.10101     2675   1.2  0  0  5 10 0 0 1 1 1 0 0 0 0 0 1 0 0 1
2014   2 28  6 46 10 841593    3.17967    4.04304    14059  30.0  0  0  6 11 0 0 1 1 0 0 0 1 0 0 1 1 0 1
2014   2 28  6 46 10 906688  -30.40910  -41.33079     5930  84.3  2  0  7 19 0 0 1 0 1 0 0 1 0 1 1 1 0 1
2014   2 28  6 46 10 936275  -30.29886  -41.57854     3070  27.2  0  0  7 21 0 0 1 1 1 0 0 1 0 1 1 0 0 1
2014   2 28  6 46 10 963465  -30.28436  -41.58883     3363  35.4  0  0  7 21 0 0 1 1 0 0 0 1 0 1 1 1 0 1
2014   2 28  6 46 11   6392  -30.25620  -41.64032     4366  20.3  0  0  5 10 0 0 1 0 1 0 0 1 0 0 1 0 0 1
2014   2 28  6 46 11 300807    6.81249  -73.73604     4771  26.0  0  0  5  9 0 0 1 1 1 0 0 0 0 0 0 1 0 1
2014   2 28  6 46 11 830589    8.58725  -73.31365     9083  21.3  0  0  5  9 0 0 1 1 0 0 0 1 0 0 1 0 0 1
2014   2 28  6 46 12  22315  -29.41740  -42.12290     3221  22.7  0  0  6 15 0 0 1 1 1 0 0 1 0 0 1 0 0 1
2014   2 28  6 46 12  76263  -29.42784  -42.04932     4733  24.8  0  0  5 10 0 0 1 0 1 0 0 1 0 0 1 0 0 1
2014   2 28  6 46 12  81636  -22.32036 -140.34134    16310  26.9  0  0  6 15 0 0 1 1 0 0 0 1 0 1 1 0 0 1
2014   2 28  6 46 12 103151  -22.01440 -141.01563     9917  32.5  0  0  6 15 0 0 1 1 1 0 0 1 0 0 0 1 0 1
2014   2 28  6 46 12 157895  -20.61611  -47.30198     3409  30.7  0  0  6 12 0 0 1 1 1 0 0 1 0 0 1 1 0 0
2014   2 28  6 46 12 172810  -29.32312  -42.11522     4911  29.0  0  0  5 10 0 0 0 1 1 0 0 0 0 1 1 0 0 1
2014   2 28  6 46 12 239202  -21.96196 -141.05492     8085  31.0  0  0  7 21 0 0 1 1 1 0 0 0 0 1 1 1 0 1
2014   2 28  6 46 12 358737  -22.11758 -140.85902    21422   9.4  0  0  4  6 0 0 1 1 0 0 0 1 0 0 1 0 0 0
2014   2 28  6 46 12 456401  -22.14216  -45.72940     2428  20.0  0  0  7 21 0 0 1 1 1 0 0 1 0 1 1 0 0 1
2014   2 28  6 46 12 758743  -21.97801 -141.08105     8177  31.8  0  0  7 21 0 0 1 0 1 0 0 1 0 1 1 1 0 1
2014   2 28  6 46 13 169305    6.82779  -73.64968    10566  30.7  1  0  5  9 0 0 1 1 1 0 0 1 0 0 1 0 0 0
2014   2 28  6 46 13 527739   -0.95975   -1.94821    44703  29.8  0  0  5  9 0 0 0 1 1 0 0 1 0 0 1 0 0 1
2014   2 28  6 46 13 816616   29.01400   40.35833    18737  39.2  1  0  5 10 0 0 1 0 1 0 0 0 0 0 1 1 0 1
2014   2 28  6 46 14 909084  -20.78254  -48.64064     3099  40.5  1  0  6 15 0 0 1 1 1 0 0 1 0 1 1 0 0 0
2014   2 28  6 46 15   1471  -10.72509  -57.09829     3330  51.3  1  0  7 19 0 0 1 1 1 0 0 1 0 1 0 1 0 1
2014   2 28  6 46 15  47543  -10.72077  -57.13757     4118  51.0  1  0  6 15 0 0 0 1 1 0 0 0 0 1 1 1 0 1
2014   2 28  6 46 15 630949    6.73440  -78.20046     5378  50.6  1  0  6 15 0 0 1 1 1 0 0 1 0 0 1 1 0 0
2014   2 28  6 46 16 234907   -6.16888  -75.02740     6293  61.4  2  0  6 15 0 0 0 1 1 0 0 1 0 0 1 1 0 1
2014   2 28  6 46 16 293265    5.48931  149.56433     5242   6.1  0  0  5 10 0 0 1 1 0 0 0 1 0 0 1 1 0 0
2014   2 28  6 46 16 386889  -29.26867  -42.29213     3951  42.4  1  0  6 15 0 0 1 1 0 0 0 1 0 1 1 0 0 1
2014   2 28  6 46 16 508712  -29.21423  -42.52235     3681  22.2  0  0  5  9 0 0 1 1 1 0 0 1 0 0 0 0 0 1
2014   2 28  6 46 16 934139    5.83529  -72.41876     7771  53.0  2  0  5  8 0 0 0 1 0 0 0 1 0 1 1 1 0 0
2014   2 28  6 46 18 374320  -20.99878  -47.04340     3776  93.3  2  0  7 21 0 0 1 1 0 0 0 1 0 1 1 1 0 1
2014   2 28  6 46 19 365547  -29.34695  -42.04457     7504  52.8  2  0  5 10 0 0 1 0 1 0 0 1 0 0 1 0 0 1
2014   2 28  6 46 20 672165    7.33482  -74.07082     7189 103.3  2  0  7 19 0 0 1 1 1 0 0 1 0 1 1 1 0 0
2014   2 28  6 46 20 751870    6.29761  -73.26395    39337  98.8  2  0  6 15 0 0 0 1 1 0 0 1 0 1 1 0 0 1
2014   2 28  6 46 20 861556    7.38162  -74.04989     6431  99.3  2  0  7 21 0 0 1 1 0 0 0 1 0 1 1 1 0 1
2014   2 28  6 46 20 927122  -22.11878  -45.93829     4237  80.2  2  0  6 15 0 0 1 1 1 0 0 1 0 0 1 0 0 1
2014   2 28  6 46 21 175084    7.40610  -73.94315     9363 107.1  2  0  6 15 0 0 1 1 1 0 0 0 0 0 1 1 0 1
2014   2 28  6 46 21 637450  -16.38630  -51.88866     4905  91.7  2  0  6 15 0 0 1 1 1 0 0 1 0 1 1 0 0 0
2014   2 28  6 46 22 142028  -28.58647  -43.01317     3681  28.5  0  0  6 15 0 0 0 1 1 0 0 1 0 1 1 0 0 1
2014   2 28  6 46 24 176628  -22.52630  -45.75756     2544   6.2  0  0  5 10 0 0 1 1 0 0 0 1 0 0 1 0 0 1
2014   2 28  6 46 25 469023  -14.33313  -43.87016     2650  19.2  0  0  6 14 0 0 1 1 1 0 0 1 0 0 1 0 0 1
2014   2 28  6 46 25 485983  -14.32985  -43.86769     2677  14.3  0  0  5 10 0 0 1 1 1 0 0 1 0 0 1 0 0 0
2014   2 28  6 46 25 739454  -13.89198  -43.74812     2756  24.5  0  0  6 13 0 0 1 1 0 0 0 1 0 1 1 1 0 0
2014   2 28  6 46 26 647001   -2.68665  -72.03963     3054  18.1  0  0  7 21 0 0 0 1 1 0 0 1 0 1 1 1 0 1
2014   2 28  6 46 26 654380   -1.88152    4.35444    45536  13.9  0  0  4  6 0 0 1 1 0 0 0 0 0 0 1 0 0 1
2014   2 28  6 46 27  73117    7.66803  -73.86470     3226  18.1  0  0  7 20 0 0 1 0 1 0 0 1 0 1 1 1 0 1
2014   2 28  6 46 27 594949   -5.76477  -74.61155     4536  37.9  1  0  5 10 0 0 1 1 1 0 0 0 0 0 0 1 0 1
2014   2 28  6 46 27 989336  -13.62534  -43.21842     2531  17.9  0  0  7 19 0 0 1 1 1 0 0 1 0 0 1 1 0 1
2014   2 28  6 46 28 838284  -24.56854  -45.51830     2888  36.4  0  0  7 21 0 0 1 1 1 0 0 1 0 1 1 1 0 0
2014   2 28  6 46 30 124980  -28.97999  -42.52179     5387  14.7  0  0  4  6 0 0 0 1 0 0 0 1 0 0 1 0 0 1
2014   2 28  6 46 30 192941  -11.19301  -57.23076     3699  51.2  1  0  7 20 0 0 1 1 1 0 0 1 0 1 1 0 0 1
2014   2 28  6 46 31 297959  -15.95500  -51.46706     4105  69.2  2  0  6 15 0 0 1 1 1 0 0 1 0 0 0 1 0 1
2014   2 28  6 46 31 925119  -13.61023  -70.98974    15033  62.8  2  0  5 10 0 0 1 1 1 0 0 0 0 0 1 0 0 1
2014   2 28  6 46 32 133487  -12.73590  -71.62915     3840  60.1  1  0  7 21 0 0 1 0 1 0 0 1 0 1 1 1 0 1
2014   2 28  6 46 32 190770  -12.52608  -71.09174     5106  20.7  0  0  5 10 0 0 0 0 1 0 0 0 0 1 1 1 0 1
2014   2 28  6 46 32 373954  -21.14672  -46.77241     4390  56.1  2  0  5 10 0 0 1 1 1 0 0 1 0 0 0 0 0 1
2014   2 28  6 46 32 467179  -12.91289  -72.10775     6445  82.1  2  0  7 21 0 0 0 1 1 0 0 1 0 1 1 1 0 1
2014   2 28  6 46 32 579876  -12.76449  -71.80287     4634  88.2  2  0  7 21 0 0 1 1 1 0 0 1 0 1 1 1 0 0
2014   2 28  6 46 32 897841  -20.69474  -47.35450     4414  96.3  2  0  7 17 0 0 0 1 1 0 0 1 0 1 1 1 0 1
2014   2 28  6 46 33 189768  -29.86074  -42.43287     3761   8.2  0  0  4  6 0 0 1 1 1 0 0 1 0 0 0 0 0 0
2014   2 28  6 46 33 204332  -29.88708  -42.12454     5328  59.8  1  0  6 15 0 0 1 1 1 0 0 1 0 0 1 0 0 1
2014   2 28  6 46 33 846109  -20.87484  -47.05686     3861  53.6  1  0  6 11 0 0 0 1 1 0 0 1 0 1 1 1 0 0
2014   2 28  6 46 33 870423  -20.95348  -47.00249     3056  23.0  0  0  5 10 0 0 1 1 0 0 0 1 0 1 1 0 0 0
2014   2 28  6 46 33 880938  -21.18151  -46.63475     4034  70.3  2  0  6 15 0 0 1 1 1 0 0 1 0 0 1 0 0 1
2014   2 28  6 46 33 911657  -21.15341  -46.77324     3938  81.1  2  0  6 15 0 0 0 1 1 0 0 1 0 1 1 0 0 1
2014   2 28  6 46 33 924262  -21.17256  -46.71904     4899  62.8  2  0  5  9 0 0 1 1 1 0 0 1 0 0 0 0 0 1
2014   2 28  6 46 34 179807  -20.95302  -47.00677     3519  24.9  0  0  5  9 0 0 1 1 0 0 0 1 0 1 1 0 0 0
2014   2 28  6 46 34 248684  -21.11419  -46.66641     4987  63.2  2  0  5  9 0 0 1 1 0 0 0 1 0 0 1 0 0 1
2014   2 28  6 46 34 343128  -21.14609  -47.04479     3534  83.4  2  0  7 21 0 0 1 1 1 0 0 1 0 1 1 0 0 1
2014   2 28  6 46 34 544269  -21.08500  -47.05063     3655  86.2  2  0  7 20 0 0 1 1 1 0 0 1 0 1 1 0 0 1
2014   2 28  6 46 34 663811  -20.94890  -47.24133     3848  23.7  1  0  4  6 0 0 1 1 0 0 0 1 0 0 1 0 0 0
2014   2 28  6 46 34 712381  -21.17696  -46.92938     4159  75.9  2  0  6 15 0 0 1 1 1 0 0 1 0 0 1 0 0 1
2014   2 28  6 46 35 404019    5.86884  -85.49411     6988  79.3  2  0  7 21 0 0 1 0 1 0 0 1 0 1 1 1 0 1
2014   2 28  6 46 37 112229  -30.68629  -42.35995     7258  91.8  2  0  6 15 0 0 1 1 1 0 0 1 0 0 1 0 0 1
2014   2 28  6 46 37 294994  -28.82965  -43.02750     7206  22.6  0  0  5 10 0 0 0 1 1 0 0 1 0 1 0 0 0 1
2014   2 28  6 46 37 318504  -30.60907  -42.91720     4318  14.1  0  0  4  6 0 0 1 1 1 0 0 1 0 0 0 0 0 0
2014   2 28  6 46 37 341962  -29.20920  -42.88140     3731  15.6  0  0  4  6 0 0 1 1 1 0 0 0 0 1 0 0 0 0
2014   2 28  6 46 37 448790  -30.72724  -42.35609     7428  94.3  2  0  6 15 0 0 1 1 1 0 0 1 0 0 1 0 0 1
2014   2 28  6 46 37 594768   -8.93346  159.54633    13360  53.6  2  0  5 10 0 0 1 1 0 0 0 1 0 0 1 1 0 0
2014   2 28  6 46 38 115379    6.80283  -89.07230    10720  16.7  0  0  5 10 0 0 0 1 1 0 0 0 0 1 0 1 0 1
2014   2 28  6 46 38 164731   -8.77400  -76.31480     5622 100.0  2  0  7 21 0 0 1 0 1 0 0 1 0 1 1 1 0 1
2014   2 28  6 46 38 201491   -8.76547  -76.65489     7063 143.2  2  0  7 21 0 0 1 1 1 0 0 1 0 1 1 1 0 0
2014   2 28  6 46 38 230315   -8.71583  -76.69461     6463 122.4  2  0  7 20 0 0 1 1 1 0 0 1 0 0 1 1 0 1
2014   2 28  6 46 38 859502   -8.64404  -76.87537     7285 105.9  2  0  6 14 0 0 1 1 0 0 0 1 0 0 1 1 0 1
2014   2 28  6 46 39 207045  -22.15364  -45.95037     4967 108.8  2  0  6 15 0 0 1 1 1 0 0 1 0 0 1 0 0 1
2014   2 28  6 46 39 416874  -22.15191  -45.95070     4967 108.6  2  0  6 15 0 0 1 1 1 0 0 1 0 0 1 0 0 1
2014   2 28  6 46 39 771002    4.53651  -83.74953     9400 134.4  2  0  7 21 0 0 1 1 1 0 0 1 0 0 1 1 0 1
2014   2 28  6 46 40 872176  -31.96299 -136.73105    45986   6.6  0  0  5 10 0 0 0 1 1 0 0 1 0 0 1 0 0 1
2014   2 28  6 46 41  87751   -4.38127  -71.41550     2847  16.1  0  0  6 15 0 0 1 1 1 0 0 1 0 0 1 1 0 0
2014   2 28  6 46 41 159721  -20.81022  -47.15134     2432   9.7  0  0  6 15 0 0 1 1 1 0 0 1 0 0 1 0 0 1
2014   2 28  6 46 41 293766  -20.84037  -47.14148     2861   8.1  0  0  5  9 0 0 1 1 1 0 0 0 0 0 1 0 0 1
2014   2 28  6 46 41 593372   -4.64189  -71.18415     4524  14.8  0  0  5  9 0 0 1 1 0 0 0 1 0 1 0 0 0 1
2014   2 28  6 46 42 502048  -29.34844  -42.14541     3076  13.7  0  0  5 10 0 0 1 1 1 0 0 0 0 1 1 0 0 0
2014   2 28  6 46 42 519685  -29.34524  -42.12243     3157  12.7  0  0  6 15 0 0 1 0 1 0 0 1 0 1 1 0 0 1
2014   2 28  6 46 42 568417  -29.32688  -42.12079     4360  28.7  0  0  5  8 0 0 1 1 0 0 0 0 0 0 1 1 0 1
2014   2 28  6 46 42 617710  -29.32571  -42.20286     3425  29.6  0  0  6 15 0 0 1 1 0 0 0 1 0 1 0 1 0 1
2014   2 28  6 46 42 671708  -29.32241  -42.14809     3472  29.6  0  0  6 13 0 0 1 1 1 0 0 0 0 0 1 1 0 1
2014   2 28  6 46 42 935002  -29.38492  -42.15503     3527  17.5  0  0  5 10 0 0 1 1 1 0 0 1 0 0 1 0 0 0
2014   2 28  6 46 43 307087  -21.06959  -48.80897     2651  30.7  0  0  7 19 0 0 1 1 1 0 0 1 0 1 1 0 0 1
2014   2 28  6 46 43 327933  -22.16175  -45.73008     2715  23.7  0  0  6 15 0 0 1 1 1 0 0 1 0 0 1 0 0 1
2014   2 28  6 46 43 367111   -4.81981  -72.21224     3079  20.6  0  0  7 21 0 0 0 0 1 0 0 1 0 1 1 1 1 1
2014   2 28  6 46 43 621592   -4.77970  -72.09425     3446  35.8  0  0  7 21 0 0 1 1 1 0 0 0 0 1 1 1 0 1
2014   2 28  6 46 43 675709   -4.96463  -71.90490     7000  32.4  1  0  5  9 0 0 1 1 0 0 0 1 0 1 1 0 0 0
2014   2 28  6 46 43 740690   -4.82202  -72.31161     3622  30.4  0  0  7 21 0 0 0 1 1 0 0 1 0 1 1 1 0 1
2014   2 28  6 46 43 775963   -5.02727  -71.78634     4384  15.0  0  0  5  9 0 0 1 0 1 0 0 1 0 1 0 0 0 1
2014   2 28  6 46 43 919539   -4.81352  -72.32262     3414  31.7  0  0  7 21 0 0 0 1 1 0 0 1 0 1 1 1 1 0
2014   2 28  6 46 44  26299   -4.76994  -72.14982     3661  39.1  0  0  6 15 0 0 1 1 0 0 0 1 0 1 0 1 0 1
2014   2 28  6 46 44  76374   -4.95867  -71.95052     6797  39.0  1  0  5 10 0 0 1 1 0 0 0 1 0 1 0 0 0 1
2014   2 28  6 46 45 120168  -20.68204  -47.25304     3625  38.2  1  0  5 10 0 0 0 1 1 0 0 1 0 0 1 0 0 1
2014   2 28  6 46 45 338535  -20.63300  -47.32427     4698  37.2  1  0  5  8 0 0 1 1 1 0 0 1 0 0 1 0 0 0
2014   2 28  6 46 45 662759  -29.12052  -42.45386     3119   1.6  0  0  5 10 0 0 0 1 1 0 0 0 0 1 1 0 0 1
2014   2 28  6 46 45 782914  -29.17156  -42.41158     4635   7.2  0  0  4  6 0 0 0 1 0 0 0 1 0 0 1 0 0 1
2014   2 28  6 46 46 502520    7.26645  -74.65823    10278  43.7  1  0  5  9 0 0 0 1 1 0 0 1 0 0 0 1 0 1
2014   2 28  6 46 46 698011    7.34827  -74.16465     7280  44.5  1  0  5  9 0 0 0 1 0 0 0 1 0 0 1 1 0 1
2014   2 28  6 46 47 690143    1.17638    1.63580    19033  52.9  1  0  6 11 0 0 1 1 0 0 0 1 0 0 1 1 0 1
2014   2 28  6 46 47 904025  -29.23640  -42.39638     4429  44.1  1  0  6 15 0 0 1 1 1 0 0 1 0 0 1 0 0 1
2014   2 28  6 46 47 913196  -29.23588  -42.39542     4436  44.2  1  0  6 15 0 0 1 1 1 0 0 1 0 0 1 0 0 1
2014   2 28  6 46 48  69927  -29.22908  -42.41764     4479  44.9  1  0  6 15 0 0 1 1 1 0 0 1 0 0 1 0 0 1
2014   2 28  6 46 48  91988   -7.57383    5.46161    17230  50.3  1  0  6 15 0 0 1 1 1 0 0 1 0 0 1 0 0 1
2014   2 28  6 46 48 111312  -13.84644  159.98499    10297  47.7  1  0  6 15 0 0 1 1 0 0 0 1 0 0 1 1 0 1
2014   2 28  6 46 48 430002  -20.63441  -47.10935     3270  27.7  0  0  5 10 0 0 1 0 1 0 0 1 0 0 1 0 0 1
2014   2 28  6 46 49   6308  -15.83078  -51.47159     3529  68.3  1  0  7 21 0 0 1 0 1 0 0 1 0 1 1 1 0 1
2014   2 28  6 46 49 163091  -15.92553  -51.19671     3376  24.4  0  0  5 10 0 0 1 0 1 0 0 1 0 0 1 0 0 1
2014   2 28  6 46 49 383328    2.97593  -85.55575    11846  78.0  2  0  6 15 0 0 0 1 1 0 0 1 0 0 1 1 0 1
2014   2 28  6 46 49 442119  -15.94449  -51.44947     4219  68.9  2  0  6 15 0 0 1 1 1 0 0 1 0 0 1 0 0 1
2014   2 28  6 46 50 275794  -20.90886  -49.20090     3984 103.9  2  0  7 21 0 0 1 1 1 0 0 1 0 1 1 1 0 0
2014   2 28  6 46 50 332955  -14.44582  -44.20193     3382  17.7  0  0  5  8 0 0 0 1 1 0 0 1 0 0 0 1 0 1
2014   2 28  6 46 50 651865  -29.27479  -42.72423     3179  11.2  0  0  5 10 0 0 1 1 1 0 0 1 0 0 0 0 0 1
2014   2 28  6 46 51 560652  -12.95580  -71.52681     4298  74.9  2  0  7 21 0 0 1 0 1 0 0 1 0 1 1 1 0 1
2014   2 28  6 46 51 613796  -12.93621  -71.59070     4985  73.1  2  0  6 15 0 0 1 0 1 0 0 1 0 0 1 1 0 1
2014   2 28  6 46 51 815796  -12.99442  -71.56848     4329  75.9  2  0  7 21 0 0 1 0 1 0 0 1 0 1 1 1 0 1
2014   2 28  6 46 52 481016    2.64350  -79.60957    10736   7.7  0  0  4  6 0 0 1 1 1 0 0 0 0 1 0 0 0 0
2014   2 28  6 46 52 643749  -10.64461  -57.22281     5037 113.1  2  0  7 21 0 0 1 1 1 0 0 0 0 1 1 1 0 1
2014   2 28  6 46 52 691424  -10.64213  -57.29183     5993 117.5  2  0  6 15 0 0 1 1 1 0 0 0 0 1 1 1 0 0
2014   2 28  6 46 55  71294  -11.67293  -72.76189     4889  49.3  1  0  5 10 0 0 1 0 1 0 0 0 0 0 1 1 0 1
2014   2 28  6 46 55 266289  -21.12597  -47.04418     4136 116.4  2  0  7 21 0 0 1 1 1 0 0 1 0 1 1 0 0 1
2014   2 28  6 46 56 356482  -13.20491  -70.99019     2769  10.4  0  0  7 21 0 0 0 1 1 0 0 0 0 1 1 1 1 1
2014   2 28  6 46 56 519948  -29.98123  -41.90747     3018   5.7  0  0  6 15 0 0 0 1 1 0 0 1 0 1 1 0 0 1
2014   2 28  6 46 56 624408  -25.06391  -44.64805     2949   8.7  0  0  5  9 0 0 0 1 0 0 0 1 0 1 1 0 0 1
2014   2 28  6 46 57 191813  -29.35961  -42.05262     2883  12.3  0  0  6 15 0 0 1 1 1 0 0 1 0 0 1 0 0 1
2014   2 28  6 46 57 205696  -21.08313  -46.98212     2806  11.9  0  0  5  7 0 0 0 0 1 0 0 1 0 1 0 1 0 1
2014   2 28  6 46 57 292521  -21.04449  -47.00414     2448  18.1  0  0  7 20 0 0 1 1 1 0 0 1 0 1 1 1 0 0
2014   2 28  6 46 57 363165  -29.27937  -42.14022     3381   5.2  0  0  5 10 0 0 0 1 1 0 0 1 0 0 1 0 0 1
2014   2 28  6 46 57 491000  -29.37889  -42.01273     3480  14.2  0  0  5 10 0 0 1 1 0 0 0 1 0 0 1 0 0 1
2014   2 28  6 46 57 533775    7.12657  -73.58789     7239  15.5  0  0  5  9 0 0 1 1 0 0 0 1 0 0 1 0 0 1
2014   2 28  6 46 57 752053  -20.92568  -47.09969     2492  21.4  0  0  7 21 0 0 1 1 1 0 0 1 0 1 1 1 0 0
2014   2 28  6 46 57 771302  -20.96008  -47.08915     2558  26.0  0  0  7 20 0 0 0 1 1 0 0 1 0 1 1 1 0 1
2014   2 28  6 46 58 124761  -27.59968 -134.27924     6175  20.0  0  0  7 21 0 0 1 1 1 0 0 1 0 0 1 1 0 1
2014   2 28  6 46 58 464342  -20.60262  -47.26669     2735  27.8  0  0  7 18 0 0 1 1 1 0 0 1 0 0 1 1 0 1
2014   2 28  6 46 58 820611    7.11483  -74.03628     5349  28.1  0  0  5  8 0 0 1 1 1 0 0 0 0 0 1 1 0 0
2014   2 28  6 47  0 416688  -22.46246  -45.69764     3102  46.7  0  0  7 18 0 0 1 1 1 0 0 1 0 0 1 1 0 1
2014   2 28  6 47  0 425844  -22.49979  -45.65202     3091  38.2  0  0  6 15 0 0 1 1 1 0 0 1 0 0 1 0 0 1
2014   2 28  6 47  0 964966  -20.66563  -47.23434     3697  41.4  1  0  6 11 0 0 1 1 1 0 0 1 0 0 0 1 0 1
2014   2 28  6 47  1 486780  -22.08240  -46.17708     3618  47.0  1  0  6 13 0 0 1 1 1 0 0 0 0 1 1 1 0 0
2014   2 28  6 47  2 643462  -13.18166  -71.08314     3559  52.6  1  0  7 21 0 0 1 0 1 0 0 0 0 1 1 1 1 1
2014   2 28  6 47  2 672248  -13.19323  -71.20467     6864  48.2  1  0  5 10 0 0 0 0 1 0 0 1 0 0 1 1 0 1
2014   2 28  6 47  2 706445  -13.16403  -71.23537     3765  60.0  1  0  7 21 0 0 1 1 1 0 0 1 0 0 1 1 0 1
2014   2 28  6 47  2 721816  -13.16325  -71.23450     3763  60.0  1  0  7 21 0 0 1 1 1 0 0 1 0 0 1 1 0 1
2014   2 28  6 47  2 914895  -29.29726  -42.34211     3607  44.3  0  0  7 21 0 0 1 1 1 0 0 1 0 1 1 0 0 1
2014   2 28  6 47  3 123946  -20.74652  -47.24908     4280  81.5  2  0  6 15 0 0 1 1 1 0 0 0 0 0 1 1 0 1
2014   2 28  6 47  3 143332  -20.67037  -47.45330     4380  27.1  0  0  5  7 0 0 1 1 0 0 0 1 0 0 1 1 0 0
2014   2 28  6 47  3 472112  -20.79250  -47.32356     3309  69.8  1  0  7 20 0 0 1 1 1 0 0 1 0 1 0 1 0 1
2014   2 28  6 47  3 508714  -21.05140  -47.03814     4420  84.8  2  0  6 15 0 0 0 1 1 0 0 1 0 0 1 1 0 1
2014   2 28  6 47  3 730157  -20.80222  -47.24880     3738  74.8  2  0  7 19 0 0 1 1 1 0 0 1 0 0 1 1 0 1
2014   2 28  6 47  6 796665  -20.58746  -47.38464     4085 110.8  2  0  7 21 0 0 1 1 1 0 0 0 0 1 1 1 0 1
2014   2 28  6 47  7 197189    7.28038  -73.97018     7038 108.4  2  0  7 21 0 0 1 1 1 0 0 1 0 1 0 1 0 1
2014   2 28  6 47  7 279535    7.33925  -73.97643     7243  96.0  2  0  7 19 0 0 1 1 1 0 0 1 0 0 1 1 0 1
2014   2 28  6 47  7 557509    0.05458  -14.46128    13106  84.3  2  0  7 21 0 0 1 1 1 0 0 1 0 0 1 1 0 1
2014   2 28  6 47  7 616587    7.14262  -73.60298     6708  80.7  2  0  7 18 0 0 1 0 1 0 0 1 0 1 1 1 0 1
2014   2 28  6 47  8 125966   10.66684   20.93899    13845  12.4  0  0  4  6 0 0 1 0 0 0 0 0 0 0 1 1 0 1
2014   2 28  6 47  8 478577  -29.09544  -42.90506     3915  46.0  0  0  7 18 0 0 1 1 1 0 0 1 0 1 0 1 0 1
2014   2 28  6 47  8 545844  -28.63170  -42.96146     4080  21.4  0  0  5 10 0 0 0 1 1 0 0 1 0 0 1 0 0 1
2014   2 28  6 47  8 587612  -29.11926  -42.92421     3846  23.8  0  0  5 10 0 0 1 1 1 0 0 1 0 0 0 0 0 1
2014   2 28  6 47  8 671340  -20.73643  -47.19162     4658  91.8  2  0  6 15 0 0 1 1 1 0 0 1 0 0 1 0 0 1
2014   2 28  6 47 10 409019  -29.19526  -42.67535     6432  94.8  2  0  6 15 0 0 1 1 0 0 0 1 0 1 1 0 0 1
2014   2 28  6 47 10 705377  -29.16342  -42.71519     6249  97.3  2  0  6 15 0 0 1 1 1 0 0 0 0 1 1 0 0 1
2014   2 28  6 47 10 736909  -29.21917  -42.59737     6859  91.4  2  0  6 15 0 0 1 1 1 0 0 1 0 0 1 0 0 1
2014   2 28  6 47 10 802665  -29.21829  -42.59752     6894  92.0  2  0  6 15 0 0 1 1 1 0 0 1 0 0 1 0 0 1
2014   2 28  6 47 10 829990    5.51164  -73.14999    11691 125.2  2  0  6 14 0 0 0 1 1 0 0 1 0 0 1 1 0 1
2014   2 28  6 47 11 568569  -18.37007 -143.56091    24737 139.8  2  0  7 21 0 0 1 1 0 0 0 1 0 1 1 1 0 1
2014   2 28  6 47 11 892232  -13.91898  -43.92636     6181 146.8  2  0  7 16 0 0 1 1 1 0 0 1 0 0 1 0 1 1
2014   2 28  6 47 11 903955  -13.90969  -44.03804     4051 101.2  2  0  7 18 0 0 1 1 1 0 0 1 0 0 1 1 0 1
2014   2 28  6 47 12 235318   -3.11620 -103.84407    15977  38.4  1  0  5 10 0 0 0 0 1 0 0 1 0 0 1 1 0 1
2014   2 28  6 47 12 352729  -34.26194  -37.41121     3704  14.8  0  0  5 10 0 0 1 1 0 0 0 1 0 0 1 0 0 1
2014   2 28  6 47 12 440632  -24.53338  -45.28470     2708  16.2  0  0  6 15 0 0 1 1 1 0 0 1 0 0 1 0 0 1
2014   2 28  6 47 12 504998  -21.05136  -46.98396     2466  19.8  0  0  7 21 0 0 1 1 1 0 0 1 0 0 1 1 0 1
2014   2 28  6 47 12 704350  -21.05740  -46.96515     2760  22.7  0  0  6 14 0 0 1 0 1 0 0 1 0 0 1 1 0 1
2014   2 28  6 47 12 803907  -21.08501  -46.95127     2556   2.3  0  0  5 10 0 0 1 0 1 0 0 1 0 0 1 0 0 1
2014   2 28  6 47 13 435125  -29.47152  -42.01674     4062  13.4  0  0  4  6 0 0 1 1 1 0 0 1 0 0 0 0 0 0
2014   2 28  6 47 13 599351  -30.25721  -41.66553     2860  13.5  0  0  6 15 0 0 1 1 1 0 0 1 0 0 1 0 0 1
2014   2 28  6 47 13 684144  -20.64907  -47.21516     2592   5.4  0  0  5 10 0 0 1 1 1 0 0 1 0 0 0 0 0 1
2014   2 28  6 47 13 696962  -30.22903  -41.67410     4180  15.6  0  0  5 10 0 0 0 1 1 0 0 1 0 0 1 0 0 1
2014   2 28  6 47 13 751140  -20.62471  -47.23016     3039  20.3  0  0  6 11 0 0 1 1 0 0 0 1 0 0 1 1 0 1
2014   2 28  6 47 13 779654   31.80649 -130.59245     8283   9.8  0  0  5 10 0 0 1 0 1 0 0 0 0 0 1 1 0 1
2014   2 28  6 47 14 120671  -29.41628  -42.09500     2872  14.1  0  0  6 15 0 0 1 1 1 0 0 1 0 0 1 0 0 1
2014   2 28  6 47 14 178539    4.29596  -73.09114     3993  12.8  0  0  5  8 0 0 0 1 0 0 0 1 0 0 1 1 0 1
2014   2 28  6 47 14 387192  -20.59729  -46.42897     2444   7.9  0  0  6 15 0 0 1 1 1 0 0 1 0 0 1 0 0 1
2014   2 28  6 47 14 854824    4.68374  150.62128    15492  22.5  0  0  5 10 0 0 1 1 1 0 0 0 0 0 0 1 0 1
2014   2 28  6 47 16  30896  -29.27016  -42.22276     4185  22.3  0  0  5  9 0 0 1 1 1 0 0 0 0 0 1 0 0 1
2014   2 28  6 47 16 304866    2.13124  -96.78198    23754  61.7  2  0  6 12 0 0 0 1 1 0 0 1 0 0 1 1 0 1
2014   2 28  6 47 16 944687   -9.47223  159.69841     6571  34.8  0  0  7 21 0 0 1 1 1 0 0 1 0 0 1 1 0 1
2014   2 28  6 47 17  17961   -9.43421  159.79338     9522  34.1  1  0  5 10 0 0 1 1 1 0 0 1 0 0 0 1 0 0
2014   2 28  6 47 17 309677  -20.57421  -47.36391     3741  60.3  2  0  6 15 0 0 1 1 1 0 0 1 0 0 0 1 0 1
2014   2 28  6 47 17 325919  -20.58439  -47.31863     3294  49.4  0  0  7 18 0 0 1 1 1 0 0 1 0 0 1 1 0 1
2014   2 28  6 47 17 394751  -21.82913 -141.31937    12267  36.9  0  0  6 15 0 0 1 0 1 0 0 1 0 0 1 1 0 1
2014   2 28  6 47 17 500562  -20.87305  -47.11314     2917  29.4  0  0  6 15 0 0 1 1 1 0 0 1 0 0 1 0 0 1
2014   2 28  6 47 18 354738  -21.59896 -142.42802     9716   7.2  0  0  4  6 0 0 1 1 0 0 0 1 0 0 0 1 0 0
2014   2 28  6 47 19  62990  -12.11891  -73.35564     4006  62.2  1  0  7 21 0 0 1 1 1 0 0 1 0 0 1 1 0 1
2014   2 28  6 47 19 145732  -12.19610  -73.69321     6471  53.4  2  0  5 10 0 0 0 1 1 0 0 1 0 0 1 1 0 0
2014   2 28  6 47 19 301708  -12.12704  -73.19624     4800  63.8  2  0  6 15 0 0 1 1 1 0 0 0 0 0 1 1 0 1
2014   2 28  6 47 19 428185  -12.06961  -73.28557     4831  64.6  2  0  6 15 0 0 1 1 1 0 0 0 0 0 1 1 0 1
2014   2 28  6 47 19 733467   -8.91477  -12.60061    22677  91.1  2  0  6 11 0 0 1 1 1 0 0 0 0 0 0 1 1 1
2014   2 28  6 47 19 872065  -16.34334  -51.81205     3514  70.9  2  0  7 21 0 0 1 1 1 0 0 1 0 0 1 1 0 1
2014   2 28  6 47 20 472698  -16.12482  -51.80890     4194  76.6  2  0  6 15 0 0 1 1 1 0 0 0 0 0 1 1 0 1
2014   2 28  6 47 21 473784  -28.95376  -42.70351     4510  23.3  0  0  5  9 0 0 0 1 1 0 0 1 0 0 1 0 0 1
2014   2 28  6 47 21 518425  -34.32963   13.97267    34375  56.5  2  0  5 10 0 0 1 1 1 0 0 0 0 0 1 0 0 1
2014   2 28  6 47 21 535209  -33.51151   17.25789    28839  64.2  2  0  5 10 0 0 1 1 0 0 0 1 0 0 1 0 0 1
2014   2 28  6 47 21 648344  -29.26334  -42.77710     5857  25.3  1  0  4  6 0 0 1 1 0 0 0 1 0 0 0 0 0 1
2014   2 28  6 47 21 729690  -29.30714  -42.47916     4891  54.8  1  0  6 15 0 0 1 1 1 0 0 1 0 0 1 0 0 1
2014   2 28  6 47 21 874560  -29.34369  -42.45587     5820  52.4  2  0  5 10 0 0 1 1 1 0 0 1 0 0 1 0 0 0
2014   2 28  6 47 21 945251  -29.29046  -42.49863     6175  61.0  2  0  5 10 0 0 1 1 1 0 0 0 0 0 1 0 0 1
2014   2 28  6 47 21 977017  -29.29953  -42.49432     4897  54.8  1  0  6 15 0 0 1 1 1 0 0 1 0 0 1 0 0 1
2014   2 28  6 47 22 242236  -29.29631  -42.50527     5015  57.4  1  0  6 15 0 0 1 1 1 0 0 1 0 0 1 0 0 1
2014   2 28  6 47 22 345752  -20.73048  -47.24720     4729  64.0  2  0  5 10 0 0 1 1 1 0 0 1 0 0 0 0 0 1
2014   2 28  6 47 23 203006  -22.56307  -45.62040     3941  67.6  2  0  6 14 0 0 1 1 1 0 0 1 0 0 1 0 0 1
2014   2 28  6 47 23 928763  -22.20530  -45.61260     3731  50.4  2  0  5 10 0 0 1 0 1 0 0 1 0 0 1 0 0 1
2014   2 28  6 47 26 214730  -24.14426  -45.72310     5109  95.6  2  0  6 15 0 0 1 1 1 0 0 1 0 0 1 0 0 1
2014   2 28  6 47 27 550007  -29.13318  -42.66772     6578  87.7  2  0  6 15 0 0 1 1 1 0 0 1 0 0 1 0 0 1
2014   2 28  6 47 27 775867  -28.51855  -43.17957     4772  32.5  1  0  5 10 0 0 0 1 1 0 0 1 0 0 1 0 0 1
2014   2 28  6 47 27 867912  -28.53020  -43.16518     4664  31.9  0  0  6 11 0 0 0 1 1 0 0 1 0 0 1 1 0 1
2014   2 28  6 47 28 472480  -20.64938  -47.15913     2557   7.0  0  0  5 10 0 0 0 1 1 0 0 1 0 0 1 0 0 1
2014   2 28  6 47 28 601924  -21.07804  -46.97851     2767  25.6  0  0  7 19 0 0 1 1 1 0 0 1 0 1 1 0 0 1
2014   2 28  6 47 29 842627  -19.06810 -141.78296     9765  28.6  0  0  6 15 0 0 1 0 1 0 0 1 0 0 1 1 0 1
2014   2 28  6 47 30  51151  -19.49647 -140.91930    18397  20.7  0  0  5 10 0 0 1 1 1 0 0 1 0 0 1 0 0 0
2014   2 28  6 47 30 153270  -10.74552  -57.05730     2802  28.5  0  0  7 20 0 0 0 1 1 0 0 1 0 1 1 1 0 1
2014   2 28  6 47 30 177324  -10.72921  -57.03022     2722  28.9  0  0  7 21 0 0 1 1 1 0 0 1 0 1 1 1 0 0
2014   2 28  6 47 30 688851  -11.85074   16.61840    29699  25.9  0  0  5 10 0 0 1 1 1 0 0 0 0 0 1 0 0 1
2014   2 28  6 47 30 817635  -20.81310  -47.12809     2691  21.3  0  0  6 15 0 0 1 1 1 0 0 1 0 0 1 0 0 1
2014   2 28  6 47 30 871303  -20.76584  -47.19691     3857  35.3  1  0  5  7 0 0 0 0 0 0 0 1 0 1 1 1 0 1
2014   2 28  6 47 31 131104  -20.82283  -47.13172     2739  23.2  0  0  6 15 0 0 1 1 1 0 0 1 0 0 1 0 0 1
2014   2 28  6 47 31 212394  -29.49159  -41.97257     3579   5.0  0  0  4  6 0 0 1 1 0 0 0 1 0 0 1 0 0 0
2014   2 28  6 47 31 225362  -20.82289  -47.13158     2784  24.9  0  0  6 15 0 0 1 1 1 0 0 1 0 0 1 0 0 1
2014   2 28  6 47 31 244265  -29.38785  -42.20167     2909  18.1  0  0  6 15 0 0 1 1 1 0 0 1 0 1 0 0 0 1
2014   2 28  6 47 31 255621  -29.40653  -42.13337     4505  27.5  0  0  5  9 0 0 1 1 1 0 0 1 0 0 1 0 0 0
2014   2 28  6 47 31 443341  -20.82838  -47.16319     3157  24.9  0  0  5 10 0 0 1 1 1 0 0 1 0 0 0 0 0 1
2014   2 28  6 47 31 513026   -0.86858  -71.00259    14891  26.7  1  0  4  6 0 0 1 1 0 0 0 0 0 1 1 0 0 0
2014   2 28  6 47 31 655118   -0.60022  -71.08687     4523  31.4  0  0  7 21 0 0 1 1 1 0 0 1 0 1 1 0 0 1
2014   2 28  6 47 32 499309  -31.43490   18.80833    26248  59.3  2  0  5 10 0 0 1 1 1 0 0 1 0 0 0 0 0 1
2014   2 28  6 47 32 666224  -14.36877  -43.66463     3053  27.4  0  0  6 11 0 0 1 1 1 0 0 1 0 0 0 1 0 1
2014   2 28  6 47 32 966287    7.11440  -74.59151     5193  47.8  1  0  6 13 0 0 1 1 1 0 0 1 0 0 1 1 0 0
2014   2 28  6 47 33 885013   -2.72317  150.66222     8112  25.4  1  0  4  6 0 0 0 1 0 0 0 1 0 0 1 1 0 0
2014   2 28  6 47 33 952020    6.53004  -73.34554    31504  56.2  2  0  5 10 0 0 0 1 0 0 0 1 0 1 1 0 0 1
2014   2 28  6 47 34  18050  -33.91915  -37.90368     3275  33.7  0  0  7 21 0 0 1 1 1 0 0 1 1 1 0 0 0 1
2014   2 28  6 47 34  66564  -33.96851  -37.80053     6663  46.1  1  0  5 10 0 0 1 1 0 0 0 1 0 0 1 0 0 1
2014   2 28  6 47 34 511939    8.17044  -72.62247     8643  53.1  1  0  7 21 0 0 1 1 1 0 0 1 0 1 1 0 0 1
2014   2 28  6 47 34 640005  -15.93412  -51.38574     4080  55.7  1  0  6 14 0 0 1 1 1 0 0 1 0 0 1 0 0 1
2014   2 28  6 47 34 977994  -15.92201  -51.34702     5236  70.1  2  0  6 11 0 0 1 1 1 0 0 1 0 0 0 1 0 1
2014   2 28  6 47 36 684762  -20.75050  -47.16326     4816  68.0  2  0  5 10 0 0 0 1 1 0 0 1 0 0 1 0 0 1
2014   2 28  6 47 36 805763    6.23622  150.63586    13138  69.8  2  0  6 12 0 0 1 1 0 0 0 0 0 1 1 1 0 1
2014   2 28  6 47 37 390798  -29.17633  -42.45163     5653  69.1  2  0  6 13 0 0 1 1 1 0 0 0 0 0 1 1 0 1
2014   2 28  6 47 37 424279  -29.18711  -42.48593     4076  59.7  1  0  7 21 0 0 1 1 1 0 0 1 0 1 1 0 0 1
2014   2 28  6 47 37 433291   60.10780  -94.84609   183100  51.6  2  0  5  9 0 0 0 1 1 0 0 1 0 0 1 0 0 1
2014   2 28  6 47 37 474408  -29.18400  -42.48502     4098  60.5  1  0  7 21 0 0 1 1 1 0 0 1 0 1 1 0 0 1
2014   2 28  6 47 37 519950  -29.18326  -42.48903     4090  60.3  1  0  7 21 0 0 1 1 1 0 0 1 0 1 1 0 0 1
2014   2 28  6 47 37 596360  -28.76901  -42.81887     3686  26.7  0  0  6 15 0 0 0 1 1 0 0 1 0 1 1 0 0 1
2014   2 28  6 47 37 707877  -28.64904  -42.91355     4313  52.8  1  0  7 21 0 0 0 1 1 0 0 1 0 1 1 1 0 1
2014   2 28  6 47 37 881916  -29.13978  -42.45091     5701  65.2  2  0  6 14 0 0 1 1 1 0 0 1 0 0 1 0 0 1
2014   2 28  6 47 37 905751  -28.73081  -42.88139     3672  26.8  0  0  6 15 0 0 0 1 1 0 0 1 0 1 1 0 0 1
2014   2 28  6 47 38      5  -29.19266  -42.48555     5484  67.0  2  0  6 15 0 0 1 1 1 0 0 1 0 0 1 0 0 1
2014   2 28  6 47 38 170044  -28.93180  -42.82537     8427  28.7  0  0  5 10 0 0 0 1 1 0 0 1 0 1 0 0 0 1
2014   2 28  6 47 39  17659  -32.38029  -39.85310    12936  60.0  2  0  6 15 0 0 0 0 1 0 0 1 0 1 1 1 0 1
2014   2 28  6 47 39 174367   20.91084   93.38506     3717   3.3  0  0  4  6 0 0 1 1 1 0 0 0 0 0 0 1 0 0
2014   2 28  6 47 39 204298   -4.68226  -72.22731     5780 112.4  2  0  7 21 0 0 1 1 1 0 0 1 0 1 0 1 0 1
2014   2 28  6 47 39 618056  -20.75763  -47.17186     4641  83.4  2  0  6 14 0 0 1 1 1 0 0 1 0 0 1 0 0 1
2014   2 28  6 47 39 673293  -13.49368  -39.52323     3916  62.6  1  0  7 19 0 0 1 1 1 0 0 1 0 1 1 0 0 1
2014   2 28  6 47 40 554724    7.80323  -77.25317    58459  56.6  2  0  5 10 0 0 0 1 1 0 0 1 0 1 0 0 0 1
2014   2 28  6 47 40 622570    5.12124  -73.00877     4316   6.3  0  0  5  7 0 0 0 0 1 0 0 1 0 1 0 1 0 1
2014   2 28  6 47 40 648857  -36.61464  -97.01521     6270   3.6  0  0  4  6 0 0 1 1 0 0 0 0 0 0 0 1 0 1
2014   2 28  6 47 41 156966  -29.20978  -42.54520     6430  84.9  2  0  6 15 0 0 1 1 1 0 0 1 0 0 1 0 0 1
2014   2 28  6 47 41 230066  -29.21677  -42.57696     7531  86.7  2  0  6 14 0 0 1 1 1 0 0 1 0 0 1 0 0 1
2014   2 28  6 47 42 524993    6.84153  -78.59865     9488 142.7  2  0  7 21 0 0 1 1 1 0 0 1 0 1 0 1 0 1
2014   2 28  6 47 43  38284    7.12752  -79.14392    14486 112.5  2  0  6 11 0 0 1 1 0 0 0 1 0 0 1 1 0 1
2014   2 28  6 47 43 860107  -14.39495  -44.12896     4351 116.3  2  0  7 19 0 0 1 1 1 0 0 1 0 0 1 1 0 1
2014   2 28  6 47 45 404793  -29.35600  -42.10432     4153  14.8  0  0  4  6 0 0 1 1 1 0 0 1 0 0 0 0 0 0
2014   2 28  6 47 45 477697  -29.34852  -42.11032     3541  13.4  0  0  5 10 0 0 1 0 0 0 0 1 0 1 1 0 0 1
2014   2 28  6 47 45 497908  -29.34291  -42.12479     3283  13.2  0  0  5 10 0 0 1 1 1 0 0 1 0 0 0 0 0 1
2014   2 28  6 47 45 531163  -29.34272  -42.09186     2870  13.9  0  0  6 15 0 0 1 1 1 0 0 1 0 0 1 0 0 1
2014   2 28  6 47 45 771981  -21.04926  -47.01387     2920  26.5  0  0  6 15 0 0 1 1 1 0 0 1 0 0 1 1 0 0
2014   2 28  6 47 45 789292  -21.06890  -46.97985     3083   2.4  0  0  4  6 0 0 1 1 0 0 0 1 0 0 1 0 0 0
2014   2 28  6 47 45 810990  -21.08120  -46.93783     2830   1.8  0  0  4  6 0 0 1 0 0 0 0 1 0 0 1 0 0 1
2014   2 28  6 47 45 936129  -21.05686  -46.99873     2634  22.4  0  0  7 16 0 0 1 1 1 0 0 0 0 1 1 1 0 1
2014   2 28  6 47 45 953524  -29.33162  -42.12794     3239   4.2  0  0  4  6 0 0 1 1 0 0 0 0 0 1 0 0 0 1
2014   2 28  6 47 45 969733  -21.06318  -46.98384     2678  27.2  0  0  7 20 0 0 1 1 1 0 0 1 0 0 1 1 0 1
2014   2 28  6 47 46 446475    5.66721  -72.12360     3719  19.3  0  0  6 15 0 0 0 1 1 0 0 1 0 0 1 1 0 1
2014   2 28  6 47 46 468820  -22.00730  -45.94859     2724  15.7  0  0  5 10 0 0 0 1 1 0 0 1 0 0 1 0 0 1
2014   2 28  6 47 47 181679   -8.94399  -76.30963     3360  33.5  0  0  7 21 0 0 1 0 1 0 0 1 0 1 1 1 0 1
2014   2 28  6 47 47 530973  -20.66763  -47.26566     2830  32.2  0  0  6 15 0 0 1 1 1 0 0 1 0 1 0 0 0 1
2014   2 28  6 47 47 706696  -16.40635  -51.72741     2679  29.8  0  0  7 21 0 0 1 1 1 0 0 1 0 1 1 0 0 1
2014   2 28  6 47 48  60172  -29.98728  -41.91506     4034  26.3  0  0  5 10 0 0 1 1 1 0 0 0 0 0 1 0 0 1
2014   2 28  6 47 48 132184  -29.84691  -42.04336     3997  14.6  0  0  5 10 0 0 0 1 1 0 0 1 0 0 1 0 0 1
2014   2 28  6 47 48 395945  -30.00350  -41.97824     4817  20.7  0  0  5  7 0 0 1 1 1 0 0 1 0 0 1 0 0 0
2014   2 28  6 47 48 419592  -29.81652  -41.94614     3546  39.2  0  0  7 21 0 0 1 1 1 0 0 1 0 0 1 1 0 1
2014   2 28  6 47 48 664473  -29.39739  -42.18976     3531  27.9  0  0  6 15 0 0 1 1 1 0 0 1 0 0 1 0 0 1
2014   2 28  6 47 48 762618  -29.39447  -42.18497     3534  27.9  0  0  6 15 0 0 1 1 1 0 0 1 0 0 1 0 0 1
2014   2 28  6 47 48 858876  -29.37745  -42.34415     2811  14.8  0  0  6 15 0 0 1 1 1 0 0 1 0 1 0 0 0 1
2014   2 28  6 47 48 903641  -29.44171  -42.12982     4371  28.6  0  0  5 10 0 0 1 1 0 0 0 1 0 0 1 0 0 1
2014   2 28  6 47 49 102247  -29.37905  -42.33276     5089  18.3  0  0  4  6 0 0 1 1 0 0 0 1 0 0 0 0 0 1
2014   2 28  6 47 49 230515  -29.38825  -42.21208     3666  30.4  0  0  6 15 0 0 1 1 1 0 0 1 0 0 1 0 0 1
2014   2 28  6 47 49 239540  -12.13391  -72.92795     7323  37.0  1  0  5  8 0 0 1 1 1 0 0 1 0 0 1 0 0 0
2014   2 28  6 47 49 672965  -24.89719  -44.93148     3520  33.1  1  0  5 10 0 0 1 1 1 0 0 1 0 0 0 0 0 1
2014   2 28  6 47 51  37185   -4.28339  145.38127    10843  59.3  2  0  5  9 0 0 1 0 1 0 0 1 0 1 0 1 0 0
2014   2 28  6 47 53 359066   -6.01896  -74.40765     5085  24.4  1  0  4  6 0 0 1 0 0 0 0 0 0 0 1 1 0 1
2014   2 28  6 47 53 626403  -15.44141 -140.25230    13696  31.1  1  0  5  9 0 0 1 1 0 0 0 1 0 0 1 1 0 0
2014   2 28  6 47 54   8935  -29.27277  -42.41496     5057  57.8  1  0  6 15 0 0 1 1 1 0 0 1 0 0 1 0 0 1
2014   2 28  6 47 54 289695  -29.25981  -42.41499     6495  66.2  2  0  5 10 0 0 1 1 1 0 0 0 0 0 1 0 0 1
2014   2 28  6 47 54 321011  -29.26652  -42.70103     3657  22.4  0  0  5 10 0 0 1 1 1 0 0 1 0 0 0 0 0 1
2014   2 28  6 47 54 458736  -29.21624  -42.70429     3607  21.4  0  0  5 10 0 0 1 1 1 0 0 1 0 0 0 0 0 1
2014   2 28  6 47 54 475727  -14.32021  -44.00522     3888  75.8  2  0  6 15 0 0 1 1 1 0 0 1 0 0 1 0 0 1
2014   2 28  6 47 55 268389  -12.93753  157.60117    22906  83.2  2  0  6 11 0 0 0 1 1 0 0 1 0 1 1 1 0 0
2014   2 28  6 47 55 813674    4.45218  -73.12800     5635  94.6  2  0  7 21 0 0 1 1 1 0 0 1 0 0 1 1 0 1
2014   2 28  6 47 56 392540  -21.08541  -46.94285     6134 124.0  2  0  6 14 0 0 1 1 1 0 0 1 0 0 0 1 0 1
2014   2 28  6 47 56 502268    7.15574  -73.93247     7152  90.8  2  0  7 18 0 0 1 0 1 0 0 1 0 1 1 1 0 1
2014   2 28  6 47 56 601569  -20.79597  -47.29346     4654 100.4  2  0  6 14 0 0 1 1 0 0 0 1 0 1 1 0 0 1
2014   2 28  6 47 56 655794  -20.87606  -47.28682     4718 111.4  2  0  7 19 0 0 1 1 1 0 0 1 0 1 1 0 0 1
2014   2 28  6 47 57 351826    2.90009  -85.30391     7254  49.1  1  0  5 10 0 0 1 1 0 0 0 1 0 0 1 1 0 0
2014   2 28  6 47 58 876052  -14.36854  -42.80782    10697  76.7  2  0  6 12 0 0 1 0 1 0 0 1 0 0 1 1 0 1
2014   2 28  6 48 16  21473    7.26377  -73.79224     3577  24.8  0  0  7 18 0 0 1 1 1 0 0 1 0 1 0 1 0 1
2014   2 28  6 48 16 138325    7.34753  -74.31754     5764  11.7  0  0  5  8 0 0 0 1 1 0 0 1 0 0 0 1 0 1
2014   2 28  6 48 17  63009  -24.68197  -45.39149     3255  23.8  0  0  5 10 0 0 1 1 1 0 0 1 0 0 0 0 0 1
2014   2 28  6 48 18 297913   -2.71734  -71.49828     3096  29.3  0  0  7 21 0 0 1 1 1 0 0 1 0 1 0 1 0 1
2014   2 28  6 48 19  32704  -20.87396  -47.23132     2898   9.4  0  0  5  7 0 0 1 1 1 0 0 1 0 0 0 0 0 1
2014   2 28  6 48 19 541440  -20.83919  -47.22021     3828  28.9  0  0  5  7 0 0 1 1 0 0 0 1 0 1 0 0 0 1
2014   2 28  6 48 19 592991    6.23229  143.90910     8473  58.8  1  0  6 14 0 0 1 1 1 0 0 1 0 1 0 0 0 1
2014   2 28  6 48 19 950635  -21.93046 -142.84755    19945  31.8  1  0  5 10 0 0 0 1 0 0 0 1 0 1 0 1 0 1
2014   2 28  6 48 20   4807  -21.99661 -140.80952     9361  41.5  0  0  7 21 0 0 1 1 1 0 0 1 0 1 0 1 0 1
2014   2 28  6 48 20  50835  -21.91363 -143.42351    19130  26.4  0  0  5 10 0 0 0 1 1 0 0 1 0 0 0 1 0 1
2014   2 28  6 48 20 702871   -4.63317  -71.54675     3761  51.5  1  0  7 21 0 0 1 1 1 0 0 1 0 1 0 1 0 1
2014   2 28  6 48 21 698328  -20.70015  -47.18414     3868  43.3  1  0  5 10 0 0 1 1 1 0 0 1 0 0 0 0 0 1
2014   2 28  6 48 22 289519  -14.47997  160.63222    19209  49.2  1  0  5  9 0 0 1 1 0 0 0 1 0 0 0 1 0 1
2014   2 28  6 48 23   1062  -29.24310  -42.55215     3404  16.9  0  0  5 10 0 0 1 1 1 0 0 1 0 0 0 0 0 1
2014   2 28  6 48 23 289838  -22.19961  -46.06038     4166  84.2  2  0  6 14 0 0 1 1 0 0 0 1 0 1 0 1 0 1
2014   2 28  6 48 24 625517    2.96680  -84.89315     7851  84.3  2  0  6 15 0 0 1 1 1 0 0 1 0 0 0 1 0 1
2014   2 28  6 48 25  87878   29.80972 -129.97272    28014 102.2  2  0  6 15 0 0 1 1 1 0 0 1 0 0 0 1 0 1
2014   2 28  6 48 26 873255  -13.15085  -71.15253     5454  87.0  2  0  6 15 0 0 1 0 1 0 0 1 0 1 0 1 0 1
2014   2 28  6 48 28 886948  -21.07490  -47.23245     4370  99.1  2  0  6 15 0 0 1 1 1 0 0 1 0 1 0 0 0 1
2014   2 28  6 48 29 148221  -10.81718  -57.16856     5283  58.6  2  0  5  9 0 0 1 0 1 0 0 0 0 1 0 1 0 1
2014   2 28  6 48 31 677846    7.91939  -82.82476    11599 113.6  2  0  6 15 0 0 1 0 1 0 0 1 0 1 0 1 0 1
2014   2 28  6 48 32 331000  -12.23013  -73.09878     2877  10.1  0  0  5  9 0 0 1 1 1 0 0 1 0 0 0 1 0 0
2014   2 28  6 48 32 547701  -21.07092  -46.95737     2808   8.5  0  0  5  9 0 0 1 1 1 0 0 1 0 0 0 1 0 0
2014   2 28  6 48 32 559673  -21.08495  -46.97403     2497   9.4  0  0  6 11 0 0 0 1 1 0 0 1 0 1 0 1 0 1
2014   2 28  6 48 32 815915  -24.70410  -45.05773     2906  13.6  0  0  5  9 0 0 1 1 0 0 0 1 0 1 0 1 0 0
2014   2 28  6 48 32 865624  -24.70049  -45.11291     3975  10.8  0  0  4  6 0 0 1 0 0 0 0 1 0 1 0 1 0 0
2014   2 28  6 48 32 882309  -24.71725  -44.94851     6508  54.7  1  0  6 13 0 0 0 1 1 0 0 1 0 1 0 1 0 1
2014   2 28  6 48 32 931859  -12.31701  -73.09215     2530  11.6  0  0  7 19 0 0 1 1 1 0 0 1 0 1 0 1 0 1
2014   2 28  6 48 32 949372  -24.70147  -45.08148     2650  13.4  0  0  6 15 0 0 1 1 1 0 0 1 0 0 0 1 0 1
2014   2 28  6 48 32 971217  -12.38291  -73.27395     3880  10.3  0  0  5 10 0 0 0 0 1 0 0 1 0 1 0 1 0 1
2014   2 28  6 48 32 984993  -12.30168  -73.14075     2771   4.9  0  0  5  9 0 0 1 1 0 0 0 1 0 0 0 1 0 1
2014   2 28  6 48 33 579520  -21.99365  -45.98711     2539   4.4  0  0  5 10 0 0 1 1 1 0 0 1 0 0 0 0 0 1
2014   2 28  6 48 35 664454  -29.40844  -42.21627     3121   8.6  0  0  5 10 0 0 1 1 1 0 0 1 0 0 0 0 0 1
2014   2 28  6 48 35 720875  -29.40072  -42.21709     2797   4.2  0  0  5 10 0 0 1 1 1 0 0 0 0 1 0 0 0 1
2014   2 28  6 48 36 135241  -20.99090  -46.58921     2974  19.2  0  0  5 10 0 0 1 1 1 0 0 1 0 0 0 0 0 1
2014   2 28  6 48 36 436853  -33.84298  -39.58882     3546  25.6  0  0  7 20 0 0 1 1 1 0 0 1 0 0 0 1 1 1
2014   2 28  6 48 36 677073  -20.77478  -47.29618     2713  38.6  0  0  7 21 0 0 1 1 1 0 0 1 0 1 0 1 0 1
2014   2 28  6 48 36 765150  -20.75481  -47.29000     3023  39.8  0  0  6 15 0 0 1 1 1 0 0 0 0 1 0 1 0 1
2014   2 28  6 48 36 815636  -20.75387  -47.24755     3282  39.0  0  0  6 14 0 0 1 0 1 0 0 1 0 1 0 1 0 1
2014   2 28  6 48 37 570324   30.55524 -133.22025    20371  82.1  2  0  7 17 0 0 1 1 1 0 0 0 0 1 0 1 1 1
2014   2 28  6 48 38 169371  -21.20389  -46.78045     2920  36.7  0  0  6 15 0 0 1 1 1 0 0 1 0 1 0 0 0 1
2014   2 28  6 48 42 848538   -6.36489  -75.47289     5137  23.2  0  0  5  9 0 0 0 0 1 0 0 1 0 1 0 1 0 1
2014   2 28  6 48 43  74810  -13.97025  -43.91464     7045  59.4  2  0  5  7 0 0 1 1 1 0 0 1 0 0 0 0 0 1
2014   2 28  6 48 43 554453  -14.41069  -44.11856     3423  52.8  1  0  6 14 0 0 1 1 1 0 0 1 0 0 0 1 0 1
2014   2 28  6 48 44 506043  -29.97164  -42.48572     7000  17.5  0  0  5 10 0 0 0 1 1 0 0 1 0 1 0 0 0 1
2014   2 28  6 48 44 579614  -29.18529  -42.81787     3670   8.1  0  0  4  6 0 0 1 1 1 0 0 1 0 0 0 0 0 0
2014   2 28  6 48 44 691393  -29.16408  -42.84068     3480  18.4  0  0  5 10 0 0 1 1 1 0 0 1 0 0 0 0 0 1
2014   2 28  6 48 47 562056  -18.29252 -144.31030    29409 128.2  2  0  6 15 0 0 1 1 1 0 0 1 0 0 0 1 0 1
2014   2 28  6 48 47 693797    4.41362  -73.31783     8435 144.0  2  0  7 20 0 0 1 1 1 0 0 1 0 1 0 1 0 1
2014   2 28  6 48 48   7009    6.90291  -74.87593     3014   8.7  0  0  6 14 0 0 1 1 1 0 0 1 0 0 0 1 0 1
2014   2 28  6 48 48 286171  -21.07740  -46.95240     2852   4.6  0  0  4  6 0 0 1 1 0 0 0 1 0 0 0 0 0 1
2014   2 28  6 48 50 757838  -20.66497  -47.20692     2771  13.0  0  0  5 10 0 0 1 1 1 0 0 1 0 0 0 0 0 1
2014   2 28  6 48 51 149955    8.74574  -75.14590     4004  26.5  0  0  6 14 0 0 1 1 1 0 0 1 0 0 0 1 0 1
2014   2 28  6 48 51 504512  -33.45425   17.33277    12864  23.7  0  0  5 10 0 0 1 1 1 0 0 1 0 0 0 0 0 1
2014   2 28  6 48 51 643408  -29.39516  -42.23596     4563  13.2  0  0  4  6 0 0 1 1 0 0 0 1 0 0 0 0 0 1
2014   2 28  6 48 51 670523  -29.40599  -42.20270     3210  11.8  0  0  5 10 0 0 1 1 1 0 0 1 0 0 0 0 0 1
2014   2 28  6 48 51 688746  -29.39974  -42.21430     3169  10.6  0  0  5 10 0 0 1 1 1 0 0 1 0 0 0 0 0 1
2014   2 28  6 48 51 698051  -29.41435  -42.18732     3266  13.1  0  0  5 10 0 0 1 1 1 0 0 1 0 0 0 0 0 1
2014   2 28  6 48 51 968791    6.47753  -78.07302     4216  33.2  0  0  6 15 0 0 1 1 1 0 0 1 0 0 0 1 0 1
2014   2 28  6 48 52 822954  -21.09191  -46.91994     3282  27.3  0  0  5 10 0 0 1 1 1 0 0 1 0 0 0 0 0 1
2014   2 28  6 48 53  48371  -21.09667  -46.92846     3319  28.2  0  0  5 10 0 0 1 1 1 0 0 1 0 0 0 0 0 1
2014   2 28  6 48 55 801437  -18.54399 -143.56754    12796  18.6  0  0  4  6 0 0 1 1 0 0 0 1 0 0 0 1 0 0
2014   2 28  6 48 57 955072  -38.31801  -42.56386     6572  12.9  0  0  4  6 0 0 1 1 0 0 0 1 0 0 0 0 0 1
2014   2 28  6 48 57 994912  -29.23392  -42.66103     3729  22.0  0  0  5 10 0 0 1 1 1 0 0 1 0 0 0 0 0 1
2014   2 28  6 48 58  70491  -29.26545  -42.61167     3588   6.2  0  0  4  6 0 0 1 1 1 0 0 1 0 0 0 0 0 0
2014   2 28  6 48 58 211598  -29.27255  -42.62715     3542   5.1  0  0  4  6 0 0 1 1 1 0 0 1 0 0 0 0 0 0
2014   2 28  6 48 59 329612    5.39117  145.35529     5715   1.1  0  0  4  6 0 0 1 1 0 0 0 1 0 0 0 1 0 0
2014   2 28  6 48 59 820036  -21.59859 -142.29118    23181  97.0  2  0  6 15 0 0 1 1 1 0 0 1 0 0 0 1 0 1
2014   2 28  6 49  1 201119  -20.85424  -47.41427     5747 111.8  2  0  6 13 0 0 1 1 1 0 0 1 0 0 0 1 0 1
2014   2 28  6 49  3 188207  -29.16734  -43.02333     4156  30.0  1  0  5 10 0 0 1 1 1 0 0 1 0 0 0 0 0 1
2014   2 28  6 49  3 315441  -29.19789  -43.03931     4188  30.8  1  0  5 10 0 0 1 1 1 0 0 1 0 0 0 0 0 1
2014   2 28  6 49  5 512506  -10.77740  -56.96106     3197  13.3  0  0  5  9 0 0 1 1 0 0 0 1 0 1 0 0 0 1
2014   2 28  6 49  5 843992  -10.76108  -56.97705     4097  19.2  0  0  4  6 0 0 1 1 0 0 0 1 0 1 0 0 0 0
2014   2 28  6 49  7 200938  -23.01844 -139.70853    17965  19.6  0  0  5 10 0 0 1 1 1 0 0 1 0 0 0 0 0 1
2014   2 28  6 49  7 378396  -25.05251  -44.70561     2970  16.4  0  0  5 10 0 0 1 1 1 0 0 1 0 0 0 0 0 1
2014   2 28  6 49  7 696415  -22.02758  -45.94937     4710  30.7  1  0  5  7 0 0 1 1 1 0 0 1 0 0 0 0 0 1
2014   2 28  6 49  8 640399  -29.43513  -42.22209     3112   8.5  0  0  5 10 0 0 1 1 1 0 0 1 0 0 0 0 0 1
2014   2 28  6 49  8 712416  -29.44141  -42.22804     3091   8.1  0  0  5 10 0 0 1 1 1 0 0 1 0 0 0 0 0 1
2014   2 28  6 49  8 745419  -20.81410  -47.20001     3145  23.7  0  0  5 10 0 0 1 1 1 0 0 1 0 0 0 0 0 1
2014   2 28  6 49  8 792888  -20.81478  -47.22963     3181  23.0  0  0  5  9 0 0 1 1 1 0 0 1 0 0 0 0 0 1
2014   2 28  6 49  8 863854  -29.43462  -42.22252     3263   8.5  0  0  5  9 0 0 1 1 1 0 0 1 0 0 0 0 0 1
2014   2 28  6 49  8 937119  -22.16798  -45.71715     3115  26.1  0  0  5 10 0 0 1 1 1 0 0 1 0 0 0 0 0 1
2014   2 28  6 49  9 161605  -20.66023  -47.24236     3225  25.8  0  0  5 10 0 0 1 1 1 0 0 1 0 0 0 0 0 1
2014   2 28  6 49  9 193531  -20.65986  -47.22809     3314  28.4  0  0  5 10 0 0 1 1 1 0 0 1 0 0 0 0 0 1
2014   2 28  6 49  9 205175  -20.65724  -47.25676     4041  28.2  0  0  5  8 0 0 1 1 1 0 0 1 0 0 0 0 0 1
2014   2 28  6 49  9 497633  -24.84758  -44.90553     3245  23.4  0  0  5  9 0 0 1 1 1 0 0 1 0 0 0 0 0 1
2014   2 28  6 49 10 452127  -21.08077  -47.09410     3933  45.7  1  0  5  9 0 0 1 1 1 0 0 0 0 1 0 0 0 1
2014   2 28  6 49 11 324083  -27.82899  -43.62695     3252  15.4  0  0  5 10 0 0 1 1 1 0 0 1 0 0 0 0 0 1
2014   2 28  6 49 11 332297  -29.14512 -132.49591    32044  63.7  2  0  6 15 0 0 1 1 1 0 0 1 0 1 0 0 0 1
2014   2 28  6 49 11 661779  -29.92656  -42.23819     2996   9.4  0  0  5 10 0 0 1 1 1 0 0 1 0 1 0 0 0 0
2014   2 28  6 49 11 683239  -29.91521  -42.23986     2991  11.7  0  0  5 10 0 0 1 1 1 0 0 0 0 1 0 0 0 1
2014   2 28  6 49 11 793107  -29.92417  -42.24804     3432   8.0  0  0  4  6 0 0 1 1 0 0 0 1 0 1 0 0 0 0
2014   2 28  6 49 12 802499  -29.23468  -42.56285     3750  13.9  0  0  5  9 0 0 1 1 1 0 0 1 0 0 0 0 0 1
2014   2 28  6 49 12 873320  -29.23175  -42.56522     3354  14.6  0  0  5 10 0 0 1 1 1 0 0 1 0 0 0 0 0 1
2014   2 28  6 49 12 938768  -29.24814  -42.54174     3456   1.7  0  0  4  6 0 0 1 1 1 0 0 1 0 0 0 0 0 0
2014   2 28  6 49 13 156984  -24.48518  -45.34109     4291  50.7  2  0  5 10 0 0 1 1 1 0 0 1 0 0 0 0 0 1
2014   2 28  6 49 17  80932  -13.54308  -40.08568     3265  38.6  0  0  6 14 0 0 1 1 1 0 0 1 0 1 0 0 0 1
2014   2 28  6 49 17 130646  -13.54014  -39.68736     3208  33.5  0  0  6 13 0 0 1 1 1 0 0 1 0 1 0 0 0 1
2014   2 28  6 49 17 277745  -13.53294  -39.67329     3221  35.2  0  0  6 15 0 0 1 1 1 0 0 1 0 1 0 0 0 1
2014   2 28  6 49 18 575713  -20.73922  -47.44131     4508 104.8  2  0  6 15 0 0 1 1 1 0 0 1 0 1 0 0 0 1
2014   2 28  6 49 21 691745    7.30000  -74.53651    12412   3.2  0  0  5 10 0 0 0 1 1 0 0 1 0 1 0 0 0 1
2014   2 28  6 49 22 145215  -21.91467  -45.85398     2591   9.3  0  0  5  9 0 0 0 1 1 0 0 1 0 1 0 0 0 1
2014   2 28  6 49 22 595407    6.02158  143.21446     5808  20.8  0  0  5 10 0 0 0 1 1 0 0 1 0 1 0 0 0 1
2014   2 28  6 49 24 478015  -15.97337  -51.51339     2951  17.2  0  0  5  9 0 0 0 1 1 0 0 1 0 1 0 0 0 1
2014   2 28  6 49 27 448225  -20.90755  -47.35822     3074  26.5  0  0  5  9 0 0 0 1 1 0 0 1 0 1 0 0 0 1
2014   2 28  6 49 33 406787   -2.79264  -77.51967    18760  15.1  0  0  4  6 0 0 0 1 1 0 0 1 0 1 0 0 0 0
2014   2 28  6 49 33 780901  -21.31456  -47.26588     3893  55.2  2  0  5 10 0 0 0 1 1 0 0 1 0 1 0 0 0 1
2014   2 28  6 49 33 803337  -13.95511  -39.80471     4005  41.5  1  0  5  9 0 0 0 1 1 0 0 1 0 1 0 0 0 1
2014   2 28  6 49 34 751997  -13.37005  -78.79787    28865  42.6  1  0  5 10 0 0 0 1 1 0 0 1 0 1 0 0 0 1
