2014   2 28  7 44 32 721322  -13.01243  156.78589     8727  11.3  0  0  5 10 0 0 0 1 0 0 0 0 0 1 1 1 0 1
2014   2 28  7 44 33  10687  -13.36620  157.79005    17885  39.8  1  0  5 10 0 0 1 1 0 0 0 0 0 1 0 1 0 1
2014   2 28  7 44 33  91091  -12.44886  155.57623    19005   9.9  0  0  5 10 0 0 1 1 0 0 0 0 0 0 1 1 0 1
2014   2 28  7 44 34 266392   -6.39612    8.06650    29225   7.9  0  0  4  6 0 0 1 1 0 0 0 0 0 0 1 0 0 1
2014   2 28  7 44 34 351486   -6.41029    8.02350    29377   8.1  0  0  4  6 0 0 1 1 0 0 0 0 0 0 1 0 0 1
2014   2 28  7 44 37 619894  -21.60817 -141.93456    16083  36.2  1  0  5 10 0 0 1 1 0 0 0 0 0 0 1 1 0 1
2014   2 28  7 44 37 954339  -21.15125  -46.96973     3653  56.0  1  0  6 13 0 0 1 1 0 0 0 0 0 1 1 1 0 1
2014   2 28  7 44 39 450964    5.33266  148.77156    28568  43.7  1  0  5 10 0 0 1 1 0 0 0 0 0 0 1 1 0 1
2014   2 28  7 44 41 817606  -23.35755  -46.01438     4358  85.8  2  0  6 15 0 0 1 1 0 0 0 0 0 1 1 1 0 1
2014   2 28  7 44 41 838748  -23.34028  -46.01907     4477  89.1  2  0  6 14 0 0 1 1 0 0 0 0 0 1 1 1 0 1
2014   2 28  7 44 43 158247  -23.54581 -177.70305    44773 100.9  2  0  6 15 0 0 1 1 0 0 0 0 0 1 1 1 0 1
2014   2 28  7 44 43 213555  -24.29803 -174.59911    39373  90.8  2  0  6 15 0 0 1 1 0 0 0 0 0 1 1 1 0 1
2014   2 28  7 44 43 240245  -10.60680  169.67838   306096  86.4  2  0  5 10 0 0 1 1 0 0 0 0 0 1 1 0 0 1
2014   2 28  7 44 43 393241  -22.91677 -179.18428    73504  77.0  2  0  5  9 0 0 1 1 0 0 0 0 0 0 1 1 0 1
2014   2 28  7 44 44 861685  -33.66637  -38.89978     9456 124.3  2  0  6 15 0 0 1 1 0 0 0 0 0 1 1 1 0 1
2014   2 28  7 44 44 950552  -32.38702  -40.02391     6825  16.3  0  0  4  6 0 0 0 1 0 0 0 0 0 1 1 0 0 1
2014   2 28  7 44 46 624581   31.81679   48.42859    16869  18.1  0  0  4  6 0 0 1 0 0 0 0 0 0 0 1 1 0 1
2014   2 28  7 44 48   2934  -22.72557  -45.62439     5967  79.0  2  0  6 15 0 0 1 1 1 0 0 1 0 0 1 0 1 0
2014   2 28  7 44 48  67333    6.20914  -77.38713     5163  13.5  0  0  5  7 0 0 1 0 0 0 0 1 0 1 1 1 0 0
2014   2 28  7 44 48 104104  -30.22428  -41.50002     2539   9.8  0  0  7 21 0 0 1 1 1 0 0 1 0 1 1 0 0 1
2014   2 28  7 44 48 128263  -30.25207  -41.46833     3868  11.0  0  0  5 10 0 0 0 1 1 0 0 1 0 0 1 0 0 1
2014   2 28  7 44 48 213516    4.82818  -84.20076     3917  11.7  0  0  5 10 0 0 1 1 0 0 0 1 0 0 1 1 0 0
2014   2 28  7 44 49 446377   -9.79543  159.60880    14895  41.9  0  0  7 16 0 0 1 1 1 0 0 1 0 1 0 1 0 1
2014   2 28  7 44 49 649687  -10.83752  -56.73355     2720  15.7  0  0  6 15 0 0 1 0 1 0 0 1 0 1 0 1 0 1
2014   2 28  7 44 49 655998  -10.84721  -56.76301     3711  15.0  0  0  5  8 0 0 0 1 1 0 0 1 0 0 0 1 0 1
2014   2 28  7 44 50 699986    7.83444  -82.61869     5108  39.1  0  0  6 15 0 0 1 1 1 0 0 1 0 0 0 1 0 1
2014   2 28  7 44 50 810800    7.89354  -83.04588     4538  28.2  0  0  6 15 0 0 1 1 0 0 0 1 0 0 1 1 0 1
2014   2 28  7 44 51 360315   -3.77257  147.92822    11424   6.9  0  0  4  6 0 0 1 1 0 0 0 0 0 0 1 1 0 0
2014   2 28  7 44 51 627631   -0.89594  145.17677     8639  16.7  0  0  6 14 0 0 1 1 1 0 0 1 0 0 1 0 0 1
2014   2 28  7 44 52 928010    6.10151  -82.20309     5564  22.5  0  0  6 15 0 0 0 1 1 0 0 0 0 1 1 1 0 1
2014   2 28  7 44 53 259913   -4.23407   10.70153    25219  13.1  0  0  5 10 0 0 1 1 1 0 0 0 0 0 1 0 0 1
2014   2 28  7 44 53 600318    3.11577  -84.72359     4596  45.7  0  0  7 21 0 0 1 1 1 0 0 1 0 0 1 1 0 1
2014   2 28  7 44 53 610792    3.12526  -84.75547     5768  49.7  1  0  6 15 0 0 1 1 1 0 0 1 0 0 1 1 0 0
2014   2 28  7 44 53 752576    1.69310   -1.80608    19675  27.2  0  0  5  9 0 0 1 1 1 0 0 1 0 0 0 0 0 1
2014   2 28  7 44 53 838048   -4.67042   12.82084    32010   8.7  0  0  4  6 0 0 1 1 0 0 0 0 0 0 1 0 0 1
2014   2 28  7 44 55 259219  -21.27489  -46.73990     3921  62.7  2  0  6 15 0 0 1 1 1 0 0 1 0 1 1 0 0 0
2014   2 28  7 44 55 400857    6.98535  150.35060     9628  48.9  1  0  6 15 0 0 1 0 1 0 0 1 0 0 1 1 0 1
2014   2 28  7 44 55 428892  -21.27971  -46.74886     3164  59.0  1  0  7 21 0 0 1 1 1 0 0 1 0 1 1 0 0 1
2014   2 28  7 44 55 463254    6.70828  152.60204     9202   8.8  0  0  4  6 0 0 1 1 1 0 0 0 0 0 0 1 0 0
2014   2 28  7 44 56 418442    8.34998  -75.01968    12756  10.1  0  0  4  6 0 0 1 1 0 0 0 0 0 0 1 0 0 1
2014   2 28  7 44 56 810993   -3.90063  147.90839     7739  57.8  1  0  6 15 0 0 1 0 1 0 0 1 0 0 1 1 0 1
2014   2 28  7 44 57 171681    5.43969  -72.28264     4957  67.5  1  0  7 20 0 0 1 1 1 0 0 1 0 0 1 1 0 1
2014   2 28  7 44 57 179548    5.44424  -72.28193     4960  67.4  1  0  7 20 0 0 1 1 1 0 0 1 0 0 1 1 0 1
2014   2 28  7 44 57 274828  -21.41080  -45.98001     4222  49.2  1  0  5  9 0 0 0 1 1 0 0 1 0 0 1 0 0 1
2014   2 28  7 44 57 422114  -21.26400  -46.21412     4174  41.5  1  0  5  9 0 0 1 1 1 0 0 1 0 0 0 0 0 1
2014   2 28  7 44 57 746050   -6.91919  -39.70707    13495  39.5  1  0  5 10 0 0 1 0 1 0 0 0 0 0 1 1 0 1
2014   2 28  7 44 57 864276  -21.24316  -46.24668     3441  45.0  1  0  6 15 0 0 1 1 1 0 0 1 0 0 1 0 0 1
2014   2 28  7 44 58 528638   -4.09148  -71.36358     5071  74.1  2  0  6 14 0 0 1 1 1 0 0 1 0 0 0 1 0 1
2014   2 28  7 44 58 565223   -3.95021  -70.82611     6348  43.3  1  0  5 10 0 0 0 1 1 0 0 0 0 1 1 1 0 0
2014   2 28  7 44 58 577511    5.43034  -72.51140     5858  60.3  2  0  6 13 0 0 1 0 1 0 0 1 0 0 1 1 0 1
2014   2 28  7 44 58 712422   -4.03305  -71.49664     4673  75.7  2  0  7 21 0 0 1 0 1 0 0 1 0 1 1 1 0 1
2014   2 28  7 44 58 794873   -3.99436  -71.17066     4217  52.8  1  0  6 15 0 0 1 1 0 0 0 0 0 1 1 1 0 1
2014   2 28  7 44 59 328105  -23.44057  -45.62799     5237  77.4  2  0  6 15 0 0 1 1 1 0 0 1 0 0 1 0 0 1
2014   2 28  7 44 59 402881   -4.02401  -71.49677     4812  80.3  2  0  7 21 0 0 1 0 1 0 0 1 0 1 1 1 0 1
2014   2 28  7 44 59 650523   -5.40192  -69.77004    10229  34.9  1  0  5 10 0 0 0 1 1 0 0 1 0 0 1 0 0 1
2014   2 28  7 45  0 131320    0.15322   -7.72549    28137  13.3  0  0  5  7 0 0 0 1 1 0 0 1 0 0 1 0 0 1
2014   2 28  7 45  0 673220  -25.72842  -44.15143     5211  93.3  2  0  6 15 0 0 1 1 1 0 0 1 0 1 1 0 0 0
2014   2 28  7 45  0 787061  -25.75208  -44.49064     7748  53.4  2  0  5  8 0 0 1 0 1 0 0 1 0 0 1 0 0 1
2014   2 28  7 45  3 190458  -20.63783  -47.32547     4317 122.9  2  0  7 21 0 0 1 1 1 0 0 1 0 1 1 1 0 0
2014   2 28  7 45  3 226647  -20.47701  -47.30386     3939  70.2  2  0  6 15 0 0 1 0 1 0 0 0 0 1 1 1 0 1
2014   2 28  7 45  3 257659  -20.69439  -47.29679     4193 112.0  2  0  7 21 0 0 1 1 1 0 0 1 0 1 1 0 0 1
2014   2 28  7 45  3 816899    6.07446  143.09242    16409 122.9  2  0  6 15 0 0 1 0 1 0 0 1 0 1 1 1 0 0
2014   2 28  7 45  4 477386   18.27044  -91.32061    14090  11.1  0  0  4  6 0 0 1 1 0 0 0 1 0 0 0 0 0 1
2014   2 28  7 45  4 965656  -11.90425  -72.85479     2886   4.9  0  0  5  8 0 0 1 1 1 0 0 0 0 0 1 1 0 0
2014   2 28  7 45  5 164592   -9.63911  161.64896     9298  15.7  0  0  5  8 0 0 0 1 0 0 0 1 0 0 1 1 0 1
2014   2 28  7 45  5 385440  -30.92097 -109.67872     3865   9.7  0  0  7 21 0 0 1 1 1 0 0 0 0 1 1 1 0 1
2014   2 28  7 45  5 511116  -31.02823 -109.82643     5445  17.7  0  0  6 15 0 0 1 1 0 0 0 1 0 0 1 1 0 1
2014   2 28  7 45  5 847885  -30.21570  -41.46672     3662  22.3  0  0  5 10 0 0 1 1 1 0 0 1 0 0 1 0 0 0
2014   2 28  7 45  5 886740  -30.20514  -41.49065     2799  19.4  0  0  7 21 0 0 1 1 1 0 0 1 0 1 1 0 0 1
2014   2 28  7 45  5 894434  -30.20035  -41.48428     3185  20.5  0  0  6 15 0 0 1 1 1 0 0 1 0 0 1 0 0 1
2014   2 28  7 45  5 919711  -30.21559  -41.44499     3697  12.5  0  0  4  6 0 0 1 1 0 0 0 0 0 1 0 0 0 1
2014   2 28  7 45  5 945302  -30.26692  -41.30442     4780  13.5  0  0  4  6 0 0 1 1 0 0 0 1 0 0 0 0 0 1
2014   2 28  7 45  6 799078  -21.28040  -46.81140     3191  18.0  0  0  5  8 0 0 1 1 1 0 0 1 0 0 0 0 0 1
2014   2 28  7 45  6 807374  -21.23978  -46.85825     2636  31.4  0  0  7 21 0 0 1 0 1 0 0 1 0 1 1 1 0 1
2014   2 28  7 45  6 951792   -0.92572  -71.74232     3534  25.7  0  0  7 21 0 0 0 1 1 0 0 1 0 1 1 1 0 1
2014   2 28  7 45  6 972660   -0.90189  -71.55385     3481   6.7  0  0  4  6 0 0 1 1 0 0 0 0 0 0 1 1 0 0
2014   2 28  7 45  7 845819  -24.54611  -45.04883     2837  30.6  0  0  7 21 0 0 1 1 1 0 0 1 0 1 1 0 0 1
2014   2 28  7 45  9 792564    6.87397  -74.36906     4143  44.3  0  0  7 21 0 0 1 1 1 0 0 1 0 0 1 1 0 1
2014   2 28  7 45 10 602480  -30.49472  -41.16561     5447  53.1  2  0  5 10 0 0 1 1 0 0 0 1 0 1 1 0 0 0
2014   2 28  7 45 10 627395  -30.53188  -41.09071     4221  43.8  1  0  6 15 0 0 1 1 1 0 0 1 0 0 1 0 0 1
2014   2 28  7 45 10 921991  -30.59573  -41.11345     6290  50.9  2  0  5 10 0 0 1 1 1 0 0 1 0 0 0 0 0 1
2014   2 28  7 45 11 687449  -21.41717  -46.01975     4246  45.4  1  0  5  9 0 0 1 1 1 0 0 1 0 0 0 0 0 1
2014   2 28  7 45 11 768122  -17.74674   65.88003    21691  25.8  0  0  5 10 0 0 1 1 1 0 0 0 0 0 1 0 0 1
2014   2 28  7 45 11 835981   19.43898 -116.22350    13578  62.0  2  0  6 15 0 0 1 1 0 0 0 1 0 0 1 1 0 1
2014   2 28  7 45 12 933465  -32.72128 -132.24646    40696  26.5  1  0  4  6 0 0 1 0 0 0 0 1 0 0 1 0 0 1
2014   2 28  7 45 13 241230    0.88294  -64.89335     6368  71.0  2  0  7 18 0 0 0 1 1 0 0 1 0 1 1 1 0 1
2014   2 28  7 45 13 676244  -19.54486 -141.25618    20447  79.1  2  0  6 15 0 0 1 1 0 0 0 1 0 0 1 1 0 1
2014   2 28  7 45 13 687662  -19.33371 -142.25264    14100  40.8  1  0  6 12 0 0 1 1 0 0 0 1 0 0 1 1 0 1
2014   2 28  7 45 17  81092  -12.00571  -71.69279     5079  98.0  2  0  7 20 0 0 1 1 0 0 0 1 0 1 1 1 0 1
2014   2 28  7 45 17  89095  -11.92943  -71.50800     3718  57.8  1  0  7 21 0 0 1 1 1 0 0 0 0 1 1 1 0 1
2014   2 28  7 45 17 709204  -31.10432 -130.95389    29026 114.4  2  0  6 15 0 0 1 1 1 0 0 1 0 0 1 1 0 0
2014   2 28  7 45 18 167139  -25.20388  -44.46330     4279  67.4  2  0  6 15 0 0 1 1 1 0 0 0 0 1 1 0 0 1
2014   2 28  7 45 18 228233  -25.21037  -44.49902     4510 103.3  2  0  7 21 0 0 1 1 1 0 0 1 0 1 1 1 0 0
2014   2 28  7 45 18 288529  -25.14734  -44.96577     4555  79.4  2  0  7 21 0 0 1 0 1 0 0 1 0 1 1 1 0 1
2014   2 28  7 45 18 339973  -30.23938  -41.51649     4325  70.2  2  0  7 21 0 0 1 1 1 0 0 0 0 1 1 1 0 1
2014   2 28  7 45 18 839779   -9.67904  159.92780    16969 107.6  2  0  7 21 0 0 1 1 1 0 0 1 0 1 0 1 0 1
2014   2 28  7 45 18 987930   30.25407 -128.02618    23365 109.3  2  0  7 20 0 0 1 1 1 0 0 1 0 0 1 1 0 1
2014   2 28  7 45 19  47248  -39.35976 -116.62362   196360  52.4  2  0  5 10 0 0 0 1 1 0 0 1 0 0 1 0 0 1
2014   2 28  7 45 19 121444   -9.43033  158.99031    15217  77.0  2  0  6 15 0 0 0 1 1 0 0 1 0 1 0 1 0 1
2014   2 28  7 45 19 502073  -18.88961 -140.93785    21797 122.4  2  0  7 21 0 0 1 1 0 0 0 1 0 1 1 1 0 1
2014   2 28  7 45 19 723140   13.43534  145.16234    10561  83.8  2  0  6 11 0 0 1 1 1 0 0 0 0 0 1 1 0 1
2014   2 28  7 45 20  75245  -19.27794 -141.62216     4770   8.2  0  0  7 21 0 0 1 0 1 0 0 1 0 1 1 1 0 1
2014   2 28  7 45 20  94155  -19.27779 -141.68771     7114   9.0  0  0  5 10 0 0 1 0 0 0 0 1 0 1 1 1 0 0
2014   2 28  7 45 20 154227  -19.19536 -141.79070     4775   8.3  0  0  7 21 0 0 1 0 1 0 0 1 0 1 1 1 0 1
2014   2 28  7 45 20 198581  -19.19887 -141.67192     5643   4.4  0  0  6 15 0 0 1 1 1 0 0 0 0 0 1 1 0 1
2014   2 28  7 45 20 228126  -19.38328 -141.36755    12200   6.3  0  0  5 10 0 0 1 1 0 0 0 1 0 0 1 0 0 1
2014   2 28  7 45 20 360058   -5.58828  149.82304     6707  29.8  0  0  5 10 0 0 1 0 1 0 0 1 0 0 0 1 0 1
2014   2 28  7 45 20 393196  -19.15921 -141.94730     7070   7.0  0  0  5 10 0 0 1 1 0 0 0 1 0 0 1 1 0 0
2014   2 28  7 45 20 461320  -19.18015 -141.75005     7269   5.7  0  0  5 10 0 0 1 1 1 0 0 0 0 0 1 1 0 0
2014   2 28  7 45 20 477113   -5.61234  150.06757     6463   6.0  0  0  4  6 0 0 1 0 0 0 0 1 0 0 1 1 0 0
2014   2 28  7 45 20 531797  -19.17456 -141.77751     4684   6.6  0  0  7 21 0 0 1 1 1 0 0 0 0 1 1 1 0 1
2014   2 28  7 45 20 549442  -19.17526 -141.85461     7751   9.5  0  0  5 10 0 0 1 1 1 0 0 0 0 0 0 1 0 1
2014   2 28  7 45 20 580956  -19.35279 -141.52408    12325   6.8  0  0  5 10 0 0 1 1 1 0 0 1 0 0 1 0 0 0
2014   2 28  7 45 20 635902   -5.54001  149.75807     4721  28.2  0  0  7 21 0 0 1 0 1 0 0 1 0 1 1 1 0 1
2014   2 28  7 45 20 651136  -19.20408 -142.20647     7730  12.1  0  0  7 21 0 0 0 1 1 0 0 1 0 1 1 1 0 1
2014   2 28  7 45 20 710321    6.44951  -78.16276     4571  10.4  0  0  5 10 0 0 0 0 1 0 0 1 0 0 1 1 0 1
2014   2 28  7 45 21 180243  -21.40129  -46.04383     2873  13.7  0  0  5  9 0 0 0 1 1 0 0 1 0 0 1 0 0 1
2014   2 28  7 45 21 188650  -21.38291  -46.08084     2364  13.5  0  0  7 19 0 0 1 1 1 0 0 1 0 1 1 0 0 1
2014   2 28  7 45 21 705121   33.94084 -167.59895    22982  11.2  0  0  6 15 0 0 0 1 1 0 0 1 0 1 0 1 0 1
2014   2 28  7 45 22 126081    6.47833  -77.12823     5398  18.3  0  0  5 10 0 0 0 0 1 0 0 1 0 0 1 1 0 1
2014   2 28  7 45 23 505819    5.05425  -72.91386     4300  33.2  0  0  7 20 0 0 0 1 1 0 0 1 0 1 1 1 0 1
2014   2 28  7 45 24 365025  -14.68198  -43.95190     4108  46.1  1  0  5  9 0 0 0 1 1 0 0 1 0 0 1 0 0 1
2014   2 28  7 45 24 720702   -8.22857  160.00113    44527   5.4  0  0  4  6 0 0 1 1 0 0 0 1 0 0 1 0 0 0
2014   2 28  7 45 25 134961   -8.96239  160.28381     6282   6.7  0  0  5  9 0 0 1 1 0 0 0 1 0 0 1 1 0 0
2014   2 28  7 45 26 124313  -21.45690  -49.03182     3611  38.8  0  0  6 11 0 0 1 0 0 0 0 1 0 1 1 1 0 1
2014   2 28  7 45 26 203654    6.99744  -74.24496     4912  54.4  1  0  7 18 0 0 1 1 1 0 0 1 0 0 1 1 0 1
2014   2 28  7 45 27 985812  -32.90819  -40.81703     3679  13.7  0  0  5 10 0 0 1 1 1 0 0 1 0 0 0 0 0 1
2014   2 28  7 45 28 114571    9.99746 -133.93488    35300  67.9  2  0  5 10 0 0 1 1 0 0 0 1 0 0 1 0 0 1
2014   2 28  7 45 28 894290    7.60416  145.67857    32398  45.0  1  0  5 10 0 0 0 1 1 0 0 0 0 0 1 1 0 1
2014   2 28  7 45 28 924728    5.19267  -85.17915     8559  70.7  2  0  7 21 0 0 0 1 1 0 0 1 0 0 1 1 1 1
2014   2 28  7 45 28 988820    5.11107  -84.54809     7058  88.2  2  0  7 21 0 0 1 1 0 0 0 1 0 1 1 1 0 1
2014   2 28  7 45 29  19207    5.14085  -84.56207     6429  76.7  2  0  7 21 0 0 1 1 1 0 0 1 0 0 1 1 0 1
2014   2 28  7 45 29 137469    7.18584  149.77135     9844  60.3  2  0  6 15 0 0 1 1 1 0 0 1 0 0 1 1 0 0
2014   2 28  7 45 29 345526  -21.30232  -46.75303     5523  60.3  2  0  5  7 0 0 0 1 1 0 0 1 0 0 1 0 0 1
2014   2 28  7 45 30 233184  -22.82627  -45.74629     4554  83.7  2  0  6 15 0 0 1 1 1 0 0 1 0 0 1 0 0 1
2014   2 28  7 45 31 565702    2.05095  -85.35547    15676 112.2  2  0  6 15 0 0 0 1 0 0 0 1 0 1 1 1 0 1
2014   2 28  7 45 31 786492  -23.26597  -45.87199     3739  81.6  2  0  7 21 0 0 1 0 1 0 0 1 0 1 1 1 0 1
2014   2 28  7 45 31 806563  -23.41823  -45.87197     5505 101.5  2  0  6 15 0 0 1 1 1 0 0 1 0 0 1 0 0 1
2014   2 28  7 45 32 113431    4.38881  -74.81264     7083  67.6  1  0  7 20 0 0 0 1 1 0 0 1 0 1 0 1 1 1
2014   2 28  7 45 32 267748  -30.04366  -41.99740     6400  78.7  2  0  6 15 0 0 1 1 1 0 0 1 0 0 1 0 0 1
2014   2 28  7 45 32 276102  -30.04200  -41.98870     6372  78.2  2  0  6 15 0 0 1 1 1 0 0 1 0 0 1 0 0 1
2014   2 28  7 45 32 419178  -30.15683  -41.46421     8541  61.4  2  0  5 10 0 0 1 0 1 0 0 1 0 0 1 0 0 1
2014   2 28  7 45 32 769355  -25.01404  -44.97941     3587  63.0  1  0  7 21 0 0 1 1 1 0 0 1 0 1 1 0 0 1
2014   2 28  7 45 33 570695  -30.25829  -41.83850     6967  87.6  2  0  6 15 0 0 1 1 1 0 0 1 0 0 1 0 0 1
2014   2 28  7 45 33 627579  -10.73113  -58.12303     4768 105.8  2  0  7 21 0 0 1 0 1 0 0 1 0 1 1 1 0 1
2014   2 28  7 45 33 843088  -12.47894  -57.31190     4742  18.9  0  0  5 10 0 0 1 1 1 0 0 0 0 1 0 0 0 1
2014   2 28  7 45 35 349908  -27.90576 -134.03889    19979 101.9  2  0  7 21 0 0 1 0 1 0 0 1 0 1 1 1 0 1
2014   2 28  7 45 38 265824    6.44431  -76.44234    12568  14.9  0  0  5  9 0 0 0 1 1 0 0 1 0 0 1 0 0 1
2014   2 28  7 45 38 697391    6.94862  -77.08546     6295  26.5  0  0  5  9 0 0 0 1 0 0 0 1 0 0 1 1 0 1
2014   2 28  7 45 38 963100    6.76159  -78.17500     4338  26.9  0  0  6 13 0 0 1 1 0 0 0 1 0 0 1 1 0 1
2014   2 28  7 45 39 100305  -21.35995  -46.16315     2521  23.6  0  0  7 21 0 0 1 1 1 0 0 1 0 1 1 0 0 1
2014   2 28  7 45 39 401186  -21.34554  -46.13769     3092  15.7  0  0  5  9 0 0 1 1 1 0 0 0 0 0 1 0 0 1
2014   2 28  7 45 39 480385  -13.17737  157.06970     6588  36.3  0  0  7 21 0 0 1 1 1 0 0 1 0 1 0 1 0 1
2014   2 28  7 45 40 613218  -16.52508  -51.75467     2775  22.0  0  0  6 15 0 0 1 1 1 0 0 1 0 0 1 0 0 1
2014   2 28  7 45 42 715500    3.80167  -71.00069    13892  28.0  0  0  5 10 0 0 0 1 1 0 0 1 0 0 1 0 0 1
2014   2 28  7 45 43 400271  -22.39517 -128.54088    50713  14.3  0  0  4  6 0 0 0 1 0 0 0 1 0 0 1 0 0 1
2014   2 28  7 45 46 107493    4.70016  -73.36496     9275  76.9  2  0  6 14 0 0 0 1 1 0 0 1 0 0 1 1 0 1
2014   2 28  7 45 46 160272    1.26067   12.19740    44586  23.2  0  0  5 10 0 0 1 1 1 0 0 0 0 0 1 0 0 1
2014   2 28  7 45 46 638045   -3.69134  -70.84787     7737  64.0  2  0  6 15 0 0 1 1 1 0 0 1 0 0 1 0 0 1
2014   2 28  7 45 47 133176  -21.22645  -46.79704     3526  43.8  1  0  6 14 0 0 1 1 1 0 0 1 0 0 1 0 0 1
2014   2 28  7 45 47 159768  -21.22714  -46.79530     3387  41.2  0  0  7 16 0 0 1 1 1 0 0 1 0 0 1 1 0 1
2014   2 28  7 45 47 167219  -21.14985  -46.97075     3550  79.8  2  0  7 21 0 0 1 1 1 0 0 1 0 1 1 0 0 1
2014   2 28  7 45 47 506942  -12.12911  -71.46471     4994  52.2  2  0  5 10 0 0 1 1 0 0 0 0 0 0 1 1 0 1
2014   2 28  7 45 47 732339  -21.09303  -47.02589     4456 119.0  2  0  7 19 0 0 1 0 1 0 0 1 0 1 1 1 0 1
2014   2 28  7 45 51 111229   24.11047  -84.25923    15602 100.2  2  0  7 21 0 0 1 1 1 0 0 1 0 0 1 1 0 1
2014   2 28  7 45 51 306291   22.21340  -81.09689    17318  30.1  1  0  5 10 0 0 0 1 1 0 0 0 0 0 1 1 0 1
2014   2 28  7 45 52 246603  -14.60818  -43.88015     3248  13.8  0  0  5  7 0 0 1 1 1 0 0 1 0 0 1 0 0 0
2014   2 28  7 45 53 270537  -21.85713  -50.51501     3114   4.1  0  0  4  6 0 0 1 0 0 0 0 1 0 1 1 0 0 0
2014   2 28  7 45 53 464195   -9.80722  162.03438     8206  22.2  0  0  6 14 0 0 1 1 0 0 0 1 0 0 1 1 0 1
2014   2 28  7 45 53 808707  -33.96528  -38.03443     4867  17.6  0  0  4  6 0 0 1 1 0 0 0 1 0 0 1 0 0 0
2014   2 28  7 45 53 821211  -22.68164 -139.49963     5087   9.8  0  0  7 21 0 0 1 1 1 0 0 0 0 1 1 1 0 1
2014   2 28  7 45 53 865765  -22.66998 -139.47826     5050   9.5  0  0  7 21 0 0 1 1 1 0 0 0 0 1 1 1 0 1
2014   2 28  7 45 53 869784  -33.91565  -38.21844     3462  18.7  0  0  7 21 0 0 1 0 1 0 0 1 0 1 1 1 0 1
2014   2 28  7 45 53 913668  -33.90785  -38.11170     3320  18.2  0  0  6 15 0 0 1 1 1 0 0 1 0 0 1 0 0 1
2014   2 28  7 45 53 959738  -33.93190  -38.13517     3355  18.8  0  0  6 15 0 0 1 1 1 0 0 1 0 0 1 0 0 1
2014   2 28  7 45 53 981575  -33.88846  -38.10935     3337  18.7  0  0  6 15 0 0 1 1 1 0 0 1 0 0 1 0 0 1
2014   2 28  7 45 54  28043  -33.89925  -38.11564     3957  21.1  0  0  5 10 0 0 1 1 1 0 0 1 0 0 1 0 0 0
2014   2 28  7 45 54  90595  -33.88218  -38.24353     4601  16.9  0  0  5 10 0 0 1 0 1 0 0 1 0 0 1 0 0 1
2014   2 28  7 45 54 232217  -33.85900  -38.23713     5175  18.0  0  0  5  8 0 0 1 0 1 0 0 1 0 0 1 0 0 1
2014   2 28  7 45 54 929832  -21.38627  -46.11366     2674  20.3  0  0  6 15 0 0 1 1 1 0 0 1 0 0 1 0 0 1
2014   2 28  7 45 55 196929  -12.09805  -73.00164     3451   6.8  0  0  4  6 0 0 1 0 0 0 0 0 0 1 1 1 0 0
2014   2 28  7 45 55 211740  -12.09001  -72.97869     2923  10.3  0  0  5  9 0 0 1 1 1 0 0 0 0 0 1 1 0 0
2014   2 28  7 45 55 357907  -12.10921  -73.01380     2871  26.4  0  0  7 20 0 0 1 1 1 0 0 1 0 0 1 1 0 1
2014   2 28  7 45 55 827514   -5.72135   10.70017    26021   0.7  0  0  4  6 0 0 1 1 0 0 0 0 0 0 1 0 0 1
2014   2 28  7 45 56  49223   -7.99729    4.90480    20673  15.8  0  0  5  9 0 0 0 1 1 0 0 1 0 0 1 0 0 1
2014   2 28  7 45 56 954551  -20.59646  -48.46070     2967  35.9  0  0  6 14 0 0 0 1 1 0 0 1 0 1 0 1 0 1
2014   2 28  7 45 57 410913   -0.15484  150.54836     7250  47.2  1  0  6 15 0 0 1 0 1 0 0 1 0 0 1 1 0 1
2014   2 28  7 45 57 421435   -0.25159  150.82817     6900  51.5  1  0  7 21 0 0 1 0 1 0 0 1 0 1 1 1 0 1
2014   2 28  7 45 57 935140    5.80077  -73.33067    11023  20.9  1  0  4  6 0 0 1 1 1 0 0 1 0 0 0 0 0 0
2014   2 28  7 45 58   5971  -10.99977  -57.33304     2836  20.9  0  0  6 14 0 0 1 1 1 0 0 0 0 0 1 1 0 1
2014   2 28  7 45 58  72614  -11.05437  -57.29207     2731  26.0  0  0  7 19 0 0 1 1 1 0 0 0 0 1 1 1 0 1
2014   2 28  7 45 58 224535  -33.11842  -39.84602     4339  42.2  1  0  6 15 0 0 1 1 1 0 0 1 0 0 1 0 0 1
2014   2 28  7 45 58 265907  -33.17138  -39.74445     4850  35.4  1  0  5 10 0 0 1 1 0 0 0 1 0 0 1 0 0 1
2014   2 28  7 45 58 968378  -12.70228  -71.48772     3497  29.2  0  0  6 14 0 0 1 1 1 0 0 0 0 0 1 1 0 1
2014   2 28  7 45 59 148911    2.52357  -84.48531     5964  51.6  1  0  6 15 0 0 1 0 1 0 0 1 0 1 0 1 0 1
2014   2 28  7 45 59 278194    4.14769  -85.38486    32902  29.0  0  0  5 10 0 0 1 0 1 0 0 0 0 1 1 0 0 1
2014   2 28  7 45 59 832912  -20.67805  -47.20968     3110  36.0  0  0  6 15 0 0 1 1 1 0 0 1 0 0 1 0 0 1
2014   2 28  7 46  0  11258  -23.91635  -45.14606     3277  13.2  0  0  5 10 0 0 1 1 0 0 0 1 0 0 1 0 0 1
2014   2 28  7 46  1 312090   -4.72138  -96.12140    21902  28.6  0  0  5 10 0 0 0 1 1 0 0 1 0 0 1 0 0 1
2014   2 28  7 46  1 343555  -27.77736 -139.43733    15229  70.6  2  0  7 21 0 0 1 1 0 0 0 1 0 1 1 1 0 1
2014   2 28  7 46  1 398162  -27.75800 -141.36559    37267  76.2  2  0  6 15 0 0 0 1 1 0 0 1 0 0 1 1 0 1
2014   2 28  7 46  1 831954  -14.66678  -43.64096     3283  52.9  1  0  6 15 0 0 1 1 1 0 0 1 0 0 1 0 0 1
2014   2 28  7 46  2 252383  -20.60397  -47.40134     4041  91.2  2  0  7 18 0 0 0 1 1 0 0 1 0 1 1 1 0 1
2014   2 28  7 46  2 304964  -20.70158  -47.34542     4299  80.5  2  0  6 13 0 0 1 1 0 0 0 1 0 1 0 1 0 1
2014   2 28  7 46  2 487694  -20.72096  -47.34210     3605  80.3  2  0  7 19 0 0 1 1 1 0 0 1 0 1 0 1 0 1
2014   2 28  7 46  2 522440    6.76429  -73.64094     9905  81.2  2  0  6 15 0 0 0 1 1 0 0 1 0 0 1 1 0 1
2014   2 28  7 46  2 973798   -2.63054  -13.55456    14194  11.4  0  0  4  6 0 0 1 1 1 0 0 1 0 0 0 0 0 0
2014   2 28  7 46  4 181905  -30.06087  -41.27397     3603  47.6  0  0  7 21 0 0 1 1 1 0 0 0 0 1 1 1 0 1
2014   2 28  7 46  4 192992  -30.17311  -41.20387     5484  71.7  2  0  6 15 0 0 1 1 1 0 0 1 0 0 1 0 0 1
2014   2 28  7 46  4 205348  -29.33209  -42.70617     7122  17.3  0  0  4  6 0 0 0 0 0 0 0 1 0 1 1 0 0 1
2014   2 28  7 46  4 220216  -30.09209  -41.60249     8748  63.3  2  0  5 10 0 0 1 0 1 0 0 1 0 0 1 0 0 1
2014   2 28  7 46  4 245265  -30.19081  -41.18604    11277  80.7  2  0  5 10 0 0 0 1 1 0 0 1 0 0 1 0 0 1
2014   2 28  7 46  4 288633  -30.07107  -41.27113     4134  48.2  1  0  6 15 0 0 1 1 1 0 0 0 0 1 1 0 0 1
2014   2 28  7 46  4 321608  -30.12045  -41.15488     4542  37.2  1  0  5 10 0 0 1 1 1 0 0 0 0 0 1 0 0 1
2014   2 28  7 46  4 337623  -30.11526  -41.31785     5405  76.3  2  0  7 17 0 0 1 1 0 0 0 1 0 1 1 1 0 1
2014   2 28  7 46  4 534396  -25.04241  -44.39363     4672  47.3  1  0  5  9 0 0 1 1 1 0 0 0 0 0 1 0 0 1
2014   2 28  7 46  4 846337  -30.05387  -41.39261     8902  88.6  2  0  6 15 0 0 0 1 1 0 0 1 0 1 1 0 0 1
2014   2 28  7 46  4 887805    5.13126  -73.27086     8908 110.9  2  0  6 13 0 0 1 1 0 0 0 1 0 1 1 1 0 0
2014   2 28  7 46  6 703271  -21.20770  -48.94970     3304  66.7  1  0  7 20 0 0 1 1 1 0 0 0 0 1 1 1 0 1
2014   2 28  7 46  8  38654    2.09232   -1.21717    13996   9.1  0  0  5  8 0 0 1 1 0 0 0 1 0 0 1 0 0 1
2014   2 28  7 46  8 809299  -21.38578  -46.12672     2736   6.0  0  0  5  8 0 0 0 1 1 0 0 1 0 0 1 0 0 1
2014   2 28  7 46  9 355983   -7.13699    8.54992     8263  15.1  0  0  6 15 0 0 1 1 1 0 0 1 0 0 1 0 0 1
2014   2 28  7 46  9 524750  -32.58712   20.21591    17479  11.1  0  0  4  6 0 0 1 1 0 0 0 0 0 0 1 0 0 1
2014   2 28  7 46 10  32423    1.02332    3.19585    15918   9.4  0  0  4  6 0 0 1 1 1 0 0 1 0 0 0 0 0 0
2014   2 28  7 46 10  48707    1.11566  -82.95174     6889   7.8  0  0  6 15 0 0 0 1 1 0 0 1 0 1 1 0 0 1
2014   2 28  7 46 10 557544  -10.75297  -56.93876     3315  19.1  0  0  5 10 0 0 1 0 1 0 0 0 0 1 1 1 0 0
2014   2 28  7 46 10 574763  -10.79483  -57.00082     2770  25.5  0  0  7 21 0 0 0 1 1 0 0 1 0 1 1 1 0 1
2014   2 28  7 46 10 683005  -10.79267  -56.95352     2432  15.4  0  0  7 21 0 0 1 1 1 0 0 0 0 1 1 1 0 1
2014   2 28  7 46 10 701168  -10.75594  -57.01360     2766  24.2  0  0  7 19 0 0 1 0 1 0 0 1 0 1 1 1 0 1
2014   2 28  7 46 11   8064  -10.85141  -56.84689     3471  20.8  0  0  6 14 0 0 0 1 1 0 0 1 0 1 1 0 0 1
2014   2 28  7 46 11 506896  -22.74885  -45.79022     3824  23.9  0  0  5  8 0 0 1 1 1 0 0 0 0 0 1 0 0 1
2014   2 28  7 46 12  46518  -25.75346  -44.21167     3073  31.4  0  0  7 21 0 0 0 1 1 0 0 1 0 1 1 1 0 1
2014   2 28  7 46 12 310718  -24.89781  -44.81106     3711  33.0  1  0  5 10 0 0 1 1 0 0 0 1 0 1 0 0 0 1
2014   2 28  7 46 12 467605  -32.24445 -132.55684     9274  11.9  0  0  5 10 0 0 1 1 1 0 0 0 0 0 0 1 0 1
2014   2 28  7 46 12 484973  -32.19547 -133.75742    17574  43.1  1  0  5 10 0 0 1 1 0 0 0 1 0 0 1 1 0 0
2014   2 28  7 46 13 992455  -10.34620  178.30362    17248  61.1  2  0  6 15 0 0 1 1 0 0 0 1 0 0 1 1 0 1
2014   2 28  7 46 14 624949  -13.18778  -70.99679     7399  60.6  2  0  5 10 0 0 0 1 0 0 0 1 0 0 1 1 0 1
2014   2 28  7 46 15  16997   30.92415 -130.08401    14173  63.3  1  0  7 20 0 0 1 1 1 0 0 1 0 0 1 1 0 1
2014   2 28  7 46 15 185255  -21.25024  -49.21449     3651  60.7  2  0  6 14 0 0 1 1 1 0 0 1 0 1 1 0 0 0
2014   2 28  7 46 15 211058  -21.20348  -49.31160     3671  67.1  1  0  7 16 0 0 1 1 1 0 0 1 0 1 1 0 0 1
2014   2 28  7 46 15 242330  -19.65647 -140.85382    12123  57.6  1  0  7 21 0 0 1 1 1 0 0 1 0 0 1 1 0 1
2014   2 28  7 46 15 576621  -21.46423  -45.96656     3832  30.8  1  0  5  7 0 0 1 1 1 0 0 1 0 0 0 0 0 1
2014   2 28  7 46 15 938370  -20.91187 -137.80574    18703  50.4  1  0  7 21 0 0 1 1 1 0 0 1 0 1 1 0 0 1
2014   2 28  7 46 16 102560    8.58713   16.80560    87147  21.4  1  0  4  6 0 0 1 1 0 0 0 0 0 0 1 0 0 1
2014   2 28  7 46 16 766016    2.06057    7.24270    46437  64.0  2  0  5  9 0 0 1 1 0 0 0 1 0 0 1 0 0 1
2014   2 28  7 46 17  49595    6.18057  142.80930     6608   5.5  0  0  4  6 0 0 1 0 0 0 0 1 0 0 1 1 0 0
2014   2 28  7 46 17  96875  -14.73260  -43.72995     3976  68.0  2  0  6 15 0 0 1 1 1 0 0 1 0 0 0 0 1 1
2014   2 28  7 46 17 122854  -22.50502  -45.54774     3447  31.4  1  0  5  9 0 0 1 1 0 0 0 0 0 1 1 0 0 1
2014   2 28  7 46 17 696607    4.48571  -83.76875     4712  47.8  0  0  7 21 0 0 1 1 1 0 0 0 0 1 1 1 0 1
2014   2 28  7 46 19 952506  -21.29607  -46.07598     4230 116.1  2  0  7 19 0 0 0 1 1 0 0 0 0 1 1 1 1 1
2014   2 28  7 46 21 114856  -22.00874  -45.76447     4021  98.2  2  0  7 20 0 0 1 1 1 0 0 1 0 1 1 0 0 1
2014   2 28  7 46 21 295785    9.38404  -72.71660     4785  59.1  1  0  7 21 0 0 1 1 1 0 0 0 0 1 1 1 0 1
2014   2 28  7 46 21 612652   -3.83409  -70.94617     3970  59.3  1  0  7 21 0 0 1 1 1 0 0 0 0 1 1 1 0 1
2014   2 28  7 46 21 620583   -3.83611  -70.94806     3992  60.6  1  0  7 21 0 0 1 1 1 0 0 0 0 1 1 1 0 1
2014   2 28  7 46 22  33023  -12.75400  156.93587    13863  91.8  2  0  7 21 0 0 1 0 1 0 0 1 0 1 1 1 0 1
2014   2 28  7 46 22 168489  -12.34635  155.75609    16532 101.1  2  0  6 15 0 0 1 1 1 0 0 1 0 0 0 1 0 1
2014   2 28  7 46 22 258210  -12.46685  156.34541    14490  82.8  2  0  6 15 0 0 1 0 1 0 0 1 0 0 1 1 0 1
2014   2 28  7 46 22 459209    6.89485  151.11375    18779 130.9  2  0  7 21 0 0 1 1 1 0 0 1 0 0 1 1 0 1
2014   2 28  7 46 22 557039  -43.86227 -152.80402   182862  65.6  2  0  5 10 0 0 1 1 1 0 0 1 0 0 0 0 0 1
2014   2 28  7 46 22 619076  -33.10114  -39.35516     4257  25.8  0  0  5 10 0 0 1 1 1 0 0 0 0 0 1 0 0 1
2014   2 28  7 46 22 682558  -33.13921  -39.42686     6028  75.6  2  0  6 15 0 0 1 1 1 0 0 1 0 0 1 0 0 1
2014   2 28  7 46 22 691990  -33.14173  -39.42850     6058  76.4  2  0  6 15 0 0 1 1 1 0 0 1 0 0 1 0 0 1
2014   2 28  7 46 22 898649  -12.11894  -72.15456     8321  94.5  2  0  6 15 0 0 1 1 1 0 0 1 0 0 1 0 0 1
2014   2 28  7 46 22 988634  -11.60697  -72.42828     4029  65.6  1  0  7 21 0 0 1 1 1 0 0 0 0 1 1 1 0 1
2014   2 28  7 46 23 484462  -12.38465  -69.73779    17160  41.2  1  0  5  9 0 0 0 1 1 0 0 1 0 1 0 0 0 1
2014   2 28  7 46 23 577947  -12.12548  -72.13471     7204  94.6  2  0  7 20 0 0 1 1 1 0 0 1 0 1 1 0 0 1
2014   2 28  7 46 23 599820  -33.87893  -37.39069     4848  29.7  0  0  5 10 0 0 1 1 1 0 0 0 0 0 1 0 0 1
2014   2 28  7 46 23 882592  -33.94790  -37.24887     5356  83.9  2  0  7 21 0 0 1 1 1 0 0 1 0 0 1 0 1 1
2014   2 28  7 46 23 898871  -11.76377  -72.69467     6708 110.5  2  0  6 14 0 0 1 1 1 0 0 1 0 1 0 1 0 0
2014   2 28  7 46 24  15696   -1.16436  -71.79742     4394   8.1  0  0  5 10 0 0 1 1 0 0 0 1 0 1 1 0 0 0
2014   2 28  7 46 24  61535  -21.20127  -46.38181     2830  10.1  0  0  5 10 0 0 1 1 1 0 0 0 0 0 1 0 0 1
2014   2 28  7 46 25 557737  -21.26968  -46.78774     2713  10.3  0  0  5  9 0 0 1 1 0 0 0 1 0 0 1 0 0 1
2014   2 28  7 46 25 594866  -21.26198  -46.84122     2665  28.1  0  0  7 19 0 0 1 1 1 0 0 1 0 1 1 0 0 1
2014   2 28  7 46 25 816502  -14.61866  -43.71119     2928  19.8  0  0  5  9 0 0 0 1 1 0 0 1 0 0 1 0 0 1
2014   2 28  7 46 25 883546  -14.61882  -43.72391     2670  20.6  0  0  6 14 0 0 1 1 1 0 0 1 0 0 1 0 0 1
2014   2 28  7 46 26 326384  -14.64814  -43.48230     4394  12.0  0  0  5 10 0 0 1 0 1 0 0 1 0 0 1 0 0 1
2014   2 28  7 46 26 648191  -20.60778  -46.27270     2927  17.0  0  0  5 10 0 0 1 1 1 0 0 1 0 0 0 0 0 1
2014   2 28  7 46 26 992476    2.23805    5.55738    17584  38.7  0  0  6 15 0 0 0 1 1 0 0 1 0 0 1 1 0 1
2014   2 28  7 46 27  68228  -31.30048 -131.43599    10774  30.2  0  0  6 15 0 0 1 0 1 0 0 1 0 0 1 1 0 1
2014   2 28  7 46 27 131541  -20.50089 -143.67421    13777  30.0  0  0  5 10 0 0 1 0 1 0 0 1 0 0 1 1 0 0
2014   2 28  7 46 29 121019  -14.40674  160.31569     9421  50.2  1  0  7 21 0 0 1 1 1 0 0 1 0 1 0 1 0 1
2014   2 28  7 46 29 696064  -21.29006  -46.69633     3475  31.3  1  0  5  9 0 0 0 1 1 0 0 1 0 0 1 0 0 1
2014   2 28  7 46 30 136724  -30.47540  -41.22063     3944  52.2  1  0  7 21 0 0 1 1 1 0 0 1 0 1 1 0 0 1
2014   2 28  7 46 30 168728  -30.53214  -41.07976     4120  43.0  1  0  6 15 0 0 1 1 1 0 0 1 0 0 1 0 0 1
2014   2 28  7 46 30 183993  -30.53741  -41.08420     4111  43.0  1  0  6 15 0 0 1 1 1 0 0 1 0 0 1 0 0 1
2014   2 28  7 46 31   4560  -15.78885  168.63263    86485  58.3  1  0  6 14 0 0 1 1 1 0 0 1 0 0 1 0 0 1
2014   2 28  7 46 32 228446  -30.15312  -41.40690     4327  63.9  1  0  7 21 0 0 1 1 1 0 0 1 0 1 1 0 0 1
2014   2 28  7 46 32 406317  -25.43985  -44.38185     4916  70.4  2  0  6 15 0 0 1 1 0 0 0 1 0 1 1 0 0 1
2014   2 28  7 46 32 463617  -25.38598  -44.45221     4357  73.4  2  0  7 20 0 0 0 1 1 0 0 1 0 1 1 1 0 1
2014   2 28  7 46 33 944875  -25.18269  -44.30077     4981  67.8  2  0  6 14 0 0 1 1 1 0 0 1 0 0 1 0 0 1
2014   2 28  7 46 34 931399    6.22899  -82.81700    16248 101.9  2  0  6 15 0 0 0 1 0 0 0 1 0 1 1 1 0 1
2014   2 28  7 46 35  76733  -12.67432  -71.76307     5161  76.6  2  0  6 15 0 0 1 0 1 0 0 1 0 0 1 1 0 1
2014   2 28  7 46 35 121281  -13.12290  -70.04706     9586  37.9  1  0  5  9 0 0 0 0 1 0 0 1 0 1 1 0 0 1
2014   2 28  7 46 35 179092  -12.57922  -71.42530     3513  51.0  1  0  7 21 0 0 1 1 1 0 0 0 0 1 1 1 0 1
2014   2 28  7 46 35 239782  -12.57639  -71.46066     4955  51.8  2  0  5  9 0 0 1 1 1 0 0 0 0 0 1 1 0 0
2014   2 28  7 46 35 886572  -12.98934  -71.26059     7029  52.4  2  0  5  9 0 0 1 0 1 0 0 1 0 0 1 0 0 1
2014   2 28  7 46 36 749861   -4.38293  -71.67696     5224  96.8  2  0  7 21 0 0 1 1 1 0 0 1 0 0 1 1 0 1
2014   2 28  7 46 37 279008   -4.42138  -71.87907     8341 111.2  2  0  7 21 0 0 0 1 1 0 0 1 0 1 1 1 0 1
2014   2 28  7 46 37 668381   -9.01063 -161.12558    40045  38.0  1  0  5  8 0 0 0 1 1 0 0 0 0 0 1 1 0 1
2014   2 28  7 46 37 917176  -23.49578  -45.62978     5979  95.8  2  0  6 15 0 0 1 1 1 0 0 1 0 0 1 0 0 1
2014   2 28  7 46 38 154220  -10.71265  -56.43920     3611  76.4  2  0  7 21 0 0 1 1 1 0 0 0 0 1 1 1 0 1
2014   2 28  7 46 38 231017  -23.79305  -44.93862     3683  10.7  0  0  4  6 0 0 1 1 0 0 0 1 0 0 0 0 0 1
2014   2 28  7 46 38 747861  -16.61449  -51.65265     5628 123.2  2  0  6 15 0 0 1 1 1 0 0 1 0 1 1 0 0 0
2014   2 28  7 46 38 812958   -5.46006  -68.77512    15714  69.6  2  0  5 10 0 0 0 1 0 0 0 1 0 1 1 0 0 1
2014   2 28  7 46 38 874324   -5.57474  -68.53800    12357  54.9  2  0  5 10 0 0 0 1 1 0 0 1 0 1 1 0 0 0
2014   2 28  7 46 38 969528   -3.99889  -71.31852     6240 127.8  2  0  7 21 0 0 1 1 1 0 0 1 0 1 1 1 0 0
2014   2 28  7 46 39 285476   -3.98991  -71.49390     5903 111.4  2  0  7 21 0 0 1 0 1 0 0 1 0 1 1 1 0 1
2014   2 28  7 46 39 371897   -4.06171  -71.31622     5778 114.2  2  0  7 21 0 0 1 1 1 0 0 1 0 0 1 1 0 1
2014   2 28  7 46 39 748729   -3.88455  -71.05519     4807  58.5  1  0  6 15 0 0 1 1 1 0 0 0 0 0 1 1 0 1
2014   2 28  7 46 40 939236  -21.42853  -46.17612     2655  26.5  0  0  6 15 0 0 0 1 1 0 0 1 0 1 0 1 0 1
2014   2 28  7 46 41  21638   -8.01782  -61.60883     2743   2.2  0  0  5 10 0 0 1 0 1 0 0 0 0 0 1 1 0 1
2014   2 28  7 46 41 168599  -21.46396  -46.11321     2601   8.5  0  0  5 10 0 0 0 1 1 0 0 1 0 0 1 0 0 1
2014   2 28  7 46 41 601623  -21.82869 -142.02136    15784  20.9  0  0  5 10 0 0 0 0 0 0 0 1 0 1 1 1 0 1
2014   2 28  7 46 41 612844  -32.26788 -133.94763    10078  25.4  0  0  6 15 0 0 1 1 1 0 0 1 0 0 1 1 0 0
2014   2 28  7 46 41 619964  -21.85742 -140.93987    12801  28.8  0  0  5 10 0 0 1 1 0 0 0 1 0 0 1 1 0 0
2014   2 28  7 46 41 640524  -32.27554 -133.84291     8460  25.5  0  0  7 21 0 0 1 1 1 0 0 1 0 0 1 1 0 1
2014   2 28  7 46 42 720902    6.97569  -74.68967     7540  35.4  1  0  5  7 0 0 0 1 1 0 0 1 0 0 1 1 0 0
2014   2 28  7 46 43 146517    5.17422  -72.69186     5249  32.7  0  0  6 14 0 0 0 1 1 0 0 1 0 0 1 1 0 1
2014   2 28  7 46 44  30876   -3.81009    5.05985    12318  16.0  0  0  5  9 0 0 1 0 1 0 0 1 0 0 1 0 0 1
2014   2 28  7 46 44  31497  -18.86556   64.43243    16643   4.0  0  0  4  6 0 0 1 1 0 0 0 0 0 0 1 0 0 1
2014   2 28  7 46 44 653471   -3.14403  -71.78713     6098  22.1  0  0  5  8 0 0 1 1 1 0 0 1 0 0 0 0 0 1
2014   2 28  7 46 44 743765    6.08105  -73.10371    11163  32.9  1  0  5  9 0 0 1 1 0 0 0 1 0 0 1 0 0 1
2014   2 28  7 46 44 982552    6.40127  -76.83139     5830  29.4  0  0  7 21 0 0 1 1 1 0 0 1 0 1 1 0 0 1
2014   2 28  7 46 45 464853  -22.20194  -45.91764     3445  32.5  1  0  5  8 0 0 0 1 1 0 0 1 0 0 1 0 0 1
2014   2 28  7 46 49 260515  -12.23419  -72.45005     5062  54.1  1  0  7 20 0 0 1 1 1 0 0 1 0 1 1 0 0 1
2014   2 28  7 46 49 315870   -0.85189  -71.78393     7888  83.2  2  0  6 15 0 0 0 1 0 0 0 1 0 1 1 1 0 1
2014   2 28  7 46 49 521745  -12.27481  -72.39448     4853  55.2  1  0  7 21 0 0 1 1 1 0 0 1 0 1 1 0 0 1
2014   2 28  7 46 49 646330  -11.85928  -72.79552     3417  30.8  0  0  6 13 0 0 1 1 1 0 0 0 0 0 1 1 0 1
2014   2 28  7 46 49 741851  -11.92029  -73.03039     5354  72.1  2  0  6 14 0 0 1 0 1 0 0 1 0 1 0 1 0 1
2014   2 28  7 46 49 895621  -33.05843  -40.04694     8424  57.5  2  0  5 10 0 0 1 0 1 0 0 1 0 0 1 0 0 1
2014   2 28  7 46 49 913064  -33.13315  -39.68415     5330  62.9  2  0  6 15 0 0 1 1 1 0 0 1 0 0 1 0 0 1
2014   2 28  7 46 50  28321  -33.13593  -39.66834     5367  63.7  2  0  6 15 0 0 1 1 1 0 0 1 0 0 1 0 0 1
2014   2 28  7 46 50  39172  -11.95124  -73.44751     9048  80.3  2  0  6 15 0 0 0 0 1 0 0 1 0 1 1 1 0 1
2014   2 28  7 46 50 343046  -32.98706  -39.91455    10947  79.4  2  0  6 15 0 0 0 1 1 0 0 1 0 1 1 0 0 1
2014   2 28  7 46 50 829116  -21.82106  -50.95608     3063   2.1  0  0  4  6 0 0 1 0 0 0 0 1 0 1 1 0 0 0
2014   2 28  7 46 51 131454   -2.52429  144.62100    11033  36.2  1  0  5  9 0 0 1 1 1 0 0 0 0 0 1 1 0 0
2014   2 28  7 46 51 694108   -9.32692   -1.61077    26665  16.3  0  0  4  6 0 0 0 1 0 0 0 1 0 0 1 0 0 1
2014   2 28  7 46 51 723028  -13.66918  159.44540    14485  96.7  2  0  7 21 0 0 1 1 1 0 0 1 0 0 1 1 0 1
2014   2 28  7 46 52 824056  -30.49300  -40.81079     3497   4.6  0  0  4  6 0 0 1 1 0 0 0 0 0 0 1 0 0 1
2014   2 28  7 46 52 890650  -30.41913  -41.37877     8941  66.1  2  0  5 10 0 0 1 0 1 0 0 1 0 0 1 0 0 1
2014   2 28  7 46 52 902888  -32.78040 -155.84369    14119  16.3  0  0  5 10 0 0 0 1 1 0 0 1 0 0 0 1 0 1
2014   2 28  7 46 52 953744  -13.65855  159.31544    19831 106.7  2  0  7 20 0 0 1 1 1 0 0 1 0 0 1 1 0 1
2014   2 28  7 46 53 118487  -30.44130  -40.88387     3706  22.3  0  0  5 10 0 0 1 1 1 0 0 0 0 0 1 0 0 1
2014   2 28  7 46 53 225643  -30.28038  -42.29089     4924  14.1  0  0  4  6 0 0 1 0 1 0 0 1 0 1 0 0 0 0
2014   2 28  7 46 53 938773  -31.05523   23.19776    26224  34.7  1  0  5 10 0 0 1 1 1 0 0 0 0 0 1 0 0 1
2014   2 28  7 46 53 959595   -4.57836  -71.67921     5671 102.5  2  0  7 21 0 0 1 0 1 0 0 1 0 1 1 1 0 1
2014   2 28  7 46 54  19190   -4.53521  -71.74696     6172  90.2  2  0  6 15 0 0 1 0 1 0 0 1 0 0 1 1 0 1
2014   2 28  7 46 54  68447   -4.49032  -71.19848     3825  56.5  1  0  7 21 0 0 1 1 1 0 0 0 0 1 1 1 0 1
2014   2 28  7 46 54 115399   -4.52819  -71.58906     6833 113.2  2  0  6 15 0 0 1 1 0 0 0 1 0 0 1 1 0 1
2014   2 28  7 46 54 638341   -4.51679  -19.17961    25011  29.1  0  0  5 10 0 0 0 1 1 0 0 1 0 0 1 0 0 1
2014   2 28  7 46 55 233394  -19.48991 -138.95166    13749  71.2  2  0  7 21 0 0 1 1 1 0 0 0 0 1 1 1 0 1
2014   2 28  7 46 55 417598  -32.03279 -133.52126    34717 122.3  2  0  6 15 0 0 1 1 1 0 0 1 0 0 0 1 0 1
2014   2 28  7 46 55 582922  -21.27320  -46.11619     4182 125.5  2  0  7 21 0 0 1 1 0 0 0 1 0 1 1 1 0 1
2014   2 28  7 46 55 824510  -21.19977  -46.12779     3765  75.3  2  0  6 14 0 0 0 1 1 0 0 0 0 1 1 1 0 1
2014   2 28  7 46 55 886869  -21.28158  -45.81584     4389 119.4  2  0  7 21 0 0 1 1 1 0 0 1 0 0 1 1 0 1
2014   2 28  7 46 56 581271  -21.29918  -46.21476     2468  10.8  0  0  6 15 0 0 1 1 1 0 0 1 0 0 1 0 0 1
2014   2 28  7 46 56 886582  -21.28878  -46.99019     3025  10.6  0  0  5  7 0 0 1 1 0 0 0 1 0 0 1 0 0 1
2014   2 28  7 46 57 872895    2.31091   -1.52217    32790  11.3  0  0  4  6 0 0 0 1 0 0 0 1 0 0 1 0 0 1
2014   2 28  7 46 57 906453  -31.44365 -132.12582    21339  20.8  1  0  4  6 0 0 0 1 0 0 0 1 0 0 1 1 0 0
2014   2 28  7 46 57 969828    2.55742   -0.77008    18068  12.1  0  0  4  6 0 0 1 1 1 0 0 1 0 0 0 0 0 0
2014   2 28  7 46 58 348716    6.78507  -74.64577     4055  24.0  0  0  7 21 0 0 0 1 1 0 0 1 0 1 1 1 0 1
2014   2 28  7 46 58 642967  -30.17969  -41.51369     3117  27.7  0  0  7 21 0 0 1 1 1 0 0 1 0 1 1 0 0 1
2014   2 28  7 46 59 130970  -30.16985  -41.51269     3237  31.6  0  0  7 21 0 0 1 1 1 0 0 1 0 1 1 0 0 1
2014   2 28  7 46 59 141814  -30.08905  -41.51346     4942  39.6  1  0  5 10 0 0 1 1 0 0 0 1 0 1 0 0 0 1
2014   2 28  7 46 59 203579    2.54166  -18.56318     2947  12.2  0  0  7 21 0 0 1 0 1 0 0 0 1 1 1 1 0 1
2014   2 28  7 47  0 447031  -11.94263  -72.83771     3452  38.7  0  0  7 20 0 0 1 0 1 0 0 1 0 1 1 1 0 1
2014   2 28  7 47  1 406977   -4.53694  -71.69322     4029  46.3  1  0  6 15 0 0 1 1 1 0 0 1 0 0 0 1 0 1
2014   2 28  7 47  1 792303   -5.18381  -70.82571    12866  31.1  1  0  5  7 0 0 0 0 1 0 0 1 0 1 1 0 0 1
2014   2 28  7 47  2 243935   -4.50964    9.83746    21048   8.2  0  0  5 10 0 0 1 1 1 0 0 0 0 0 1 0 0 1
2014   2 28  7 47  2 414166  -20.75681  -47.33682     4024  52.0  2  0  5 10 0 0 1 0 1 0 0 1 0 1 0 0 0 1
2014   2 28  7 47  3  95127    7.30499  -78.17361     3725  32.3  0  0  7 21 0 0 1 1 1 0 0 0 0 1 1 1 0 1
2014   2 28  7 47  3 196588  -27.94319 -133.75807    15831  56.5  1  0  6 15 0 0 1 0 1 0 0 1 0 1 1 1 0 0
2014   2 28  7 47  3 276302  -29.24710 -129.40143    24391  32.4  1  0  5 10 0 0 1 1 1 0 0 1 0 0 0 0 0 1
2014   2 28  7 47  3 499003  -21.35755  -46.04119     3152  57.6  1  0  7 21 0 0 1 1 1 0 0 1 0 0 1 1 0 1
2014   2 28  7 47  3 684011   -0.65107   -0.27313    17919  41.3  1  0  6 15 0 0 1 1 1 0 0 1 0 0 1 0 0 1
2014   2 28  7 47  4 335339  -20.67368  -47.19084     4822  39.5  1  0  5  7 0 0 0 1 1 0 0 1 0 0 1 0 0 1
2014   2 28  7 47  6 965786   30.49699 -124.69112    26155  44.2  1  0  5  9 0 0 1 0 1 0 0 1 0 0 1 0 0 1
2014   2 28  7 47  6 975851    1.62387  -66.91264     6389  69.2  2  0  6 14 0 0 0 0 1 0 0 1 0 1 1 1 0 1
2014   2 28  7 47  7  67939   -9.80173  160.46404    13097  73.8  2  0  7 21 0 0 1 0 1 0 0 1 0 1 1 1 0 1
2014   2 28  7 47  7 874149  -21.87096 -138.58554    11493  53.6  1  0  7 21 0 0 1 1 1 0 0 0 0 1 1 1 0 1
2014   2 28  7 47  8  32882  -21.75616 -140.41888    25741 100.1  2  0  6 15 0 0 1 1 0 0 0 1 0 0 1 1 0 1
2014   2 28  7 47  8 817564  -20.64926  -47.24952     3705  89.6  2  0  7 21 0 0 1 1 1 0 0 1 0 0 1 1 0 1
2014   2 28  7 47  8 857920  -20.72158  -47.30001     5358 102.7  2  0  6 12 0 0 0 1 1 0 0 1 0 1 1 0 0 1
2014   2 28  7 47  8 916816  -20.51845  -47.36376     3068  55.9  1  0  7 20 0 0 1 1 1 0 0 0 0 1 1 1 0 1
2014   2 28  7 47  8 963206  -20.68255  -47.39621     3933 104.6  2  0  7 20 0 0 1 1 1 0 0 1 0 1 0 1 0 1
2014   2 28  7 47  9 230194   -1.57586   -4.36267    27369  72.1  2  0  6 15 0 0 1 1 1 0 0 1 0 0 1 0 0 1
2014   2 28  7 47  9 421918   -1.82408   -4.70716    27556  53.9  2  0  5 10 0 0 1 1 1 0 0 1 0 0 0 0 0 1
2014   2 28  7 47 11  46261  -21.68923 -138.39864    13965  69.3  1  0  7 21 0 0 1 1 1 0 0 0 0 1 1 1 0 1
2014   2 28  7 47 11  81531  -21.68587 -138.37001    14036  69.7  1  0  7 21 0 0 1 1 1 0 0 0 0 1 1 1 0 1
2014   2 28  7 47 13     98  -21.28094  -46.36426     2593   8.9  0  0  5 10 0 0 0 1 1 0 0 1 0 0 1 0 0 1
2014   2 28  7 47 13  41556  -21.28922  -46.34613     2799   9.2  0  0  5 10 0 0 1 1 1 0 0 1 0 0 1 0 0 0
2014   2 28  7 47 13  86604    7.28153  -73.56072     5954   9.7  0  0  4  6 0 0 0 1 1 0 0 1 0 0 0 1 0 0
2014   2 28  7 47 13 181962    7.28718  -73.54532     4616   9.6  0  0  5 10 0 0 0 1 1 0 0 1 0 0 0 1 0 1
2014   2 28  7 47 14 381084  -24.58907  -45.10416     2747  29.1  0  0  7 21 0 0 1 1 1 0 0 1 0 1 1 0 0 1
2014   2 28  7 47 16  29719  -22.63511 -139.44771     6733  24.9  0  0  7 21 0 0 1 1 1 0 0 0 0 1 1 1 0 1
2014   2 28  7 47 16  45983  -24.70679 -130.49477    42346   5.5  0  0  4  6 0 0 0 1 0 0 0 1 0 0 1 0 0 1
2014   2 28  7 47 16 400284    1.83210  -83.87605     5171  18.6  0  0  6 15 0 0 1 1 1 0 0 1 0 1 0 0 0 1
2014   2 28  7 47 17 117971    2.20285   -1.55323    23960  39.9  1  0  5 10 0 0 1 1 1 0 0 1 0 0 1 0 0 0
2014   2 28  7 47 17 781311  -30.22632  -41.31379     4191  44.9  1  0  6 15 0 0 1 1 1 0 0 1 0 0 1 0 0 1
2014   2 28  7 47 17 809291  -30.23561  -41.31830     4206  45.4  1  0  6 15 0 0 1 1 1 0 0 1 0 0 1 0 0 1
2014   2 28  7 47 18 574904   -3.53332   11.85144    47840  18.5  0  0  4  6 0 0 1 1 0 0 0 0 0 0 1 0 0 1
2014   2 28  7 47 18 784282   20.93571 -109.74565    47568  69.7  2  0  5 10 0 0 0 0 1 0 0 1 0 0 1 1 0 1
2014   2 28  7 47 19 946549  -20.62980  -48.22748     2991  33.1  0  0  6 15 0 0 1 1 1 0 0 1 0 0 1 0 0 1
2014   2 28  7 47 19 965713  -20.56865  -48.38837     3429  68.3  1  0  7 20 0 0 1 1 1 0 0 1 0 1 1 0 0 1
2014   2 28  7 47 20 182215    6.38317  -77.85598     5342  66.7  1  0  7 21 0 0 1 1 1 0 0 1 0 0 1 1 0 1
2014   2 28  7 47 20 373394  -33.56955   17.55624    21406  63.5  2  0  6 15 0 0 1 1 1 0 0 1 0 0 1 0 0 1
2014   2 28  7 47 20 556661    7.35341  -72.80190     6670  26.7  0  0  5  9 0 0 0 1 1 0 0 0 0 0 1 1 0 1
2014   2 28  7 47 22 432620  -20.72866  -47.11892     3409  46.5  1  0  6 15 0 0 1 1 1 0 0 1 0 0 1 0 0 1
2014   2 28  7 47 22 554948  -21.15289  -46.78787     4307  53.1  2  0  5  8 0 0 1 1 1 0 0 0 0 1 0 0 0 1
2014   2 28  7 47 22 601257  -21.36827  -46.62715     3900  47.5  1  0  5 10 0 0 1 0 1 0 0 1 0 0 1 0 0 1
2014   2 28  7 47 22 626463  -21.34159  -46.53722     3703  51.4  1  0  6 14 0 0 1 1 1 0 0 1 0 0 1 0 0 1
2014   2 28  7 47 23  22135  -16.08671  -51.91596     5849  66.5  2  0  6 14 0 0 1 1 1 0 0 0 0 1 1 0 0 1
2014   2 28  7 47 23 225872  -11.90467  -71.48035     4115  55.2  1  0  6 15 0 0 1 1 0 0 0 0 0 1 1 1 0 1
2014   2 28  7 47 23 284811  -11.95733  -71.48797     3572  27.0  0  0  5 10 0 0 1 0 1 0 0 0 0 1 0 1 0 1
2014   2 28  7 47 23 350045  -12.03660  -71.63397     5487  91.8  2  0  6 15 0 0 1 1 1 0 0 1 0 0 0 1 0 1
2014   2 28  7 47 23 432539  -16.57728  -51.42861     4082  32.6  1  0  5  7 0 0 0 1 1 0 0 1 0 0 1 0 0 1
2014   2 28  7 47 23 454825  -11.97307  -71.47498     3021  26.4  0  0  6 15 0 0 1 1 1 0 0 0 0 1 0 1 0 1
2014   2 28  7 47 23 540736  -16.56956  -51.40628     3630  31.8  1  0  5  8 0 0 0 1 1 0 0 1 0 0 1 0 0 1
2014   2 28  7 47 23 552621  -11.89696  -71.44077     3609  54.2  1  0  7 21 0 0 1 1 1 0 0 0 0 1 1 1 0 1
2014   2 28  7 47 24 768479  -11.98257  -71.68987     5015 104.1  2  0  7 21 0 0 1 1 1 0 0 1 0 0 1 1 0 1
2014   2 28  7 47 24 777609  -11.87609  -71.51788     4306  59.2  1  0  6 15 0 0 1 1 1 0 0 0 0 0 1 1 0 1
2014   2 28  7 47 25   8872    4.96674  -83.56100     5677  66.3  1  0  7 21 0 0 1 1 1 0 0 0 0 1 1 1 0 1
2014   2 28  7 47 25 218380  -21.46717  -45.83383     4259  75.2  2  0  6 15 0 0 1 1 1 0 0 1 0 0 1 0 0 1
2014   2 28  7 47 25 340731  -32.99150  -39.63966     4708  65.3  1  0  7 21 0 0 1 1 1 0 0 0 0 1 1 1 0 1
2014   2 28  7 47 25 356085   -4.71354 -113.74355     6500   8.6  0  0  4  6 0 0 1 1 1 0 0 0 0 0 0 1 0 0
2014   2 28  7 47 26 357157  -30.38864  -41.10260     5634 101.7  2  0  7 21 0 0 1 1 1 0 0 1 0 1 1 0 0 1
2014   2 28  7 47 26 494627  -30.39030  -41.09216     5595 100.8  2  0  7 21 0 0 1 1 1 0 0 1 0 1 1 0 0 1
2014   2 28  7 47 26 811819  -30.39991  -41.29155    11396  88.7  2  0  5 10 0 0 1 0 1 0 0 1 0 0 1 0 0 1
2014   2 28  7 47 28  67276  -22.88301  -45.65876     2593   3.9  0  0  5 10 0 0 1 1 0 0 0 1 0 1 1 0 0 0
2014   2 28  7 47 28 575660  -22.79847  -45.68064     2295   7.5  0  0  7 21 0 0 1 1 1 0 0 1 0 1 1 0 0 1
2014   2 28  7 47 28 718684  -22.77201  -45.71608     2959   3.5  0  0  4  6 0 0 0 1 0 0 0 1 0 1 1 0 0 0
2014   2 28  7 47 28 754800  -22.81089  -45.66692     2758  10.2  0  0  5  9 0 0 0 1 1 0 0 1 0 0 1 0 0 1
2014   2 28  7 47 30  96199  -31.80721  -41.44178     4355  12.0  0  0  4  6 0 0 1 0 0 0 0 1 0 1 1 0 0 0
2014   2 28  7 47 30 556550  -20.39435 -144.19722     9115   2.5  0  0  4  6 0 0 1 1 0 0 0 1 0 0 0 1 0 0
2014   2 28  7 47 32 336475    4.17671  -73.13708     5933  16.4  0  0  5 10 0 0 1 0 1 0 0 1 0 0 1 0 0 1
2014   2 28  7 47 32 693083   30.18579 -133.92700    17694  76.6  2  0  7 20 0 0 1 1 1 0 0 1 0 1 0 1 0 1
2014   2 28  7 47 32 898688  -12.05891  -73.21667     3444  41.8  0  0  7 20 0 0 1 1 1 0 0 1 0 0 1 1 0 1
2014   2 28  7 47 34  36490   -2.21026  150.36494    47824  45.5  1  0  6 15 0 0 1 1 1 0 0 1 0 0 1 0 0 1
2014   2 28  7 47 34 790298  -20.87162  -47.32713     4730 108.3  2  0  7 16 0 0 1 1 1 0 0 1 0 0 1 0 1 1
2014   2 28  7 47 35  19061    6.86707  -73.98628     4564  56.3  1  0  7 20 0 0 1 1 1 0 0 1 0 0 1 1 0 1
2014   2 28  7 47 36 748381    2.61880  -18.62720    14981  33.9  1  0  5  7 0 0 1 0 1 0 0 1 0 0 0 1 0 1
2014   2 28  7 47 37  29627  -21.33754  -46.44588     3731  58.9  1  0  6 15 0 0 1 1 1 0 0 1 0 0 1 0 0 1
2014   2 28  7 47 38 109562  -18.61082 -146.71239    33844  82.6  2  0  6 15 0 0 0 1 1 0 0 1 0 1 0 1 0 1
2014   2 28  7 47 38 195386  -12.51809  156.82565    13735  35.8  1  0  5  9 0 0 1 1 0 0 0 1 0 0 1 1 0 0
2014   2 28  7 47 39 192588   -9.30224  161.36469    11613  66.5  1  0  7 21 0 0 1 0 1 0 0 1 0 1 1 1 0 1
2014   2 28  7 47 39 797972  -23.21270  -46.29032     3735  68.3  1  0  7 20 0 0 1 1 1 0 0 1 0 1 1 1 0 0
2014   2 28  7 47 44 309827  -24.94040  -44.88784     2558  16.6  0  0  7 21 0 0 1 1 1 0 0 1 0 0 1 1 0 1
2014   2 28  7 47 44 463739  -10.76940  163.38954    24830  11.5  0  0  6 15 0 0 1 1 1 0 0 1 0 0 1 0 0 1
2014   2 28  7 47 44 568577   -9.66511  161.76102     4680  13.7  0  0  7 21 0 0 1 1 1 0 0 1 0 1 0 1 0 1
2014   2 28  7 47 45 417817    7.41811  -73.93121     5602  13.6  0  0  5  7 0 0 0 1 1 0 0 1 0 0 0 1 0 1
2014   2 28  7 47 45 752321  -14.62415  -43.70551     3824   4.9  0  0  5 10 0 0 1 0 1 0 0 1 0 0 1 0 0 1
2014   2 28  7 47 46   2229  -33.17608  -39.94805     4442  22.9  0  0  5 10 0 0 1 1 1 0 0 1 0 0 0 0 0 1
2014   2 28  7 47 46 187755  -33.17359  -39.90072     3746  23.8  0  0  6 13 0 0 1 1 1 0 0 1 0 0 1 0 0 1
2014   2 28  7 47 46 366776  -33.25915  -39.81020     3355  22.5  0  0  6 15 0 0 1 1 1 0 0 1 0 0 1 0 0 1
2014   2 28  7 47 46 375394  -33.16880  -39.89460     3225  20.0  0  0  6 15 0 0 1 1 1 0 0 1 0 0 1 0 0 1
2014   2 28  7 47 46 747421  -23.52342  -45.77589     2731  27.9  0  0  7 19 0 0 1 1 0 0 0 1 0 1 1 1 0 1
2014   2 28  7 47 47 423067  -30.98434 -109.69259     5448  28.6  0  0  7 21 0 0 1 1 1 0 0 1 0 1 0 1 0 1
2014   2 28  7 47 47 433918  -30.97880 -109.84488     7010  30.1  0  0  6 15 0 0 1 1 1 0 0 1 0 0 1 1 0 0
2014   2 28  7 47 47 473495  -30.97639 -109.79431     5624  28.4  0  0  7 21 0 0 1 1 1 0 0 1 0 0 1 1 0 1
2014   2 28  7 47 47 792676  -10.54164  -57.67343     2624  17.9  0  0  6 15 0 0 1 1 1 0 0 0 0 1 1 1 0 0
2014   2 28  7 47 47 822459  -21.51038  -48.86972     3627  42.8  1  0  5 10 0 0 0 0 1 0 0 1 0 1 1 1 0 0
2014   2 28  7 47 48  23877  -21.32481  -46.10823     6044  22.4  0  0  5  7 0 0 1 0 1 0 0 0 0 1 1 1 0 0
2014   2 28  7 47 48 435010  -22.72727  -45.81978     2799  40.8  0  0  7 21 0 0 0 1 1 0 0 1 0 1 1 1 0 1
2014   2 28  7 47 48 637704  -22.80124  -45.74197     3303  28.1  0  0  5  9 0 0 0 1 1 0 0 1 0 0 1 0 0 1
2014   2 28  7 47 48 650679    6.20755  -82.56673     5081  38.5  0  0  6 15 0 0 1 1 1 0 0 1 0 0 1 1 0 0
2014   2 28  7 47 49   2657   -5.48331   10.84381    21371   9.7  0  0  5 10 0 0 1 1 1 0 0 0 0 0 1 0 0 1
2014   2 28  7 47 49 211202    5.36473  -76.78313     6218  32.1  0  0  6 15 0 0 0 1 1 0 0 1 0 1 0 1 0 1
2014   2 28  7 47 49 603726  -25.84488  -44.11074     3573  38.5  0  0  6 15 0 0 1 1 1 0 0 1 0 0 1 0 0 1
2014   2 28  7 47 49 841487  -30.54455  -41.07349     3800  36.3  0  0  6 15 0 0 1 1 1 0 0 1 0 0 1 0 0 1
2014   2 28  7 47 49 903765  -30.57834  -41.05037     6654  38.7  1  0  5 10 0 0 0 1 1 0 0 1 0 0 1 0 0 1
2014   2 28  7 47 50  90603   31.31339 -124.68311    15202   5.4  0  0  5 10 0 0 0 1 1 0 0 0 0 0 1 1 0 1
2014   2 28  7 47 50 254910  -20.68661  -47.28204     2739  11.5  0  0  5 10 0 0 1 0 1 0 0 1 0 0 1 0 0 1
2014   2 28  7 47 50 321445  -30.57120  -41.04197     5908  43.6  1  0  5  9 0 0 1 1 1 0 0 1 0 0 0 0 0 1
2014   2 28  7 47 51 238829  -12.78991  -71.66963     4353  59.2  1  0  6 13 0 0 1 1 1 0 0 1 0 0 0 1 0 1
2014   2 28  7 47 51 353540  -12.79107  -71.63988     3681  57.1  1  0  7 21 0 0 1 1 1 0 0 1 0 0 1 1 0 1
2014   2 28  7 47 51 841238  -24.63689  -44.96815     4738  52.9  2  0  5 10 0 0 1 1 1 0 0 1 0 0 0 0 0 1
2014   2 28  7 47 52 410380  -13.15938  -70.97329     3025  33.6  0  0  7 21 0 0 1 1 1 0 0 0 0 1 1 1 0 1
2014   2 28  7 47 52 494186  -13.49006  -70.80119     4420  51.1  1  0  7 21 0 0 1 1 1 0 0 1 0 1 1 0 0 1
2014   2 28  7 47 52 569618  -21.18492  -46.98661     3301  63.4  1  0  7 20 0 0 1 1 1 0 0 1 0 1 1 0 0 1
2014   2 28  7 47 52 616668  -21.22671  -47.01238     3838  63.9  2  0  6 13 0 0 1 1 1 0 0 1 0 1 0 0 0 1
2014   2 28  7 47 52 854832  -21.14563  -47.04490     4025  74.0  2  0  7 16 0 0 1 0 1 0 0 1 0 1 1 1 0 1
2014   2 28  7 47 53  74385  -12.93907  157.04646     9596  56.4  1  0  7 21 0 0 1 0 1 0 0 1 0 1 1 1 0 1
2014   2 28  7 47 53  88889  -33.97919  -37.75404     5158  52.9  1  0  6 15 0 0 1 1 1 0 0 1 0 0 1 0 0 1
2014   2 28  7 47 53  98479  -33.97964  -37.76406     5190  53.6  1  0  6 15 0 0 1 1 1 0 0 1 0 0 1 0 0 1
2014   2 28  7 47 53 378729  -32.36984   20.11790    15876  40.8  1  0  5 10 0 0 1 1 1 0 0 0 0 0 1 1 0 0
2014   2 28  7 47 53 760862  -12.73606  156.53194    11957  84.0  2  0  7 21 0 0 1 1 0 0 0 1 0 1 1 1 0 1
2014   2 28  7 47 53 783127  -33.92384  -37.80316     3483  12.3  0  0  5 10 0 0 1 1 1 0 0 0 0 0 1 0 0 1
2014   2 28  7 47 53 889289  -10.86427  154.31960    80726  86.1  2  0  6 14 0 0 1 1 1 0 0 1 0 1 1 0 0 0
2014   2 28  7 47 54  20537    0.09920  149.88779    11374  88.9  2  0  6 15 0 0 1 1 1 0 0 1 0 0 1 1 0 0
2014   2 28  7 47 56 445027  -21.33045  -46.14976     3676  96.2  2  0  7 21 0 0 1 1 0 0 0 1 0 1 1 1 0 1
2014   2 28  7 47 56 463294  -21.60133  -45.64705     3570  19.0  0  0  5  8 0 0 1 1 1 0 0 1 0 0 1 0 0 0
2014   2 28  7 47 56 520286  -21.44534  -46.24478     4522  94.7  2  0  6 13 0 0 0 1 1 0 0 1 0 1 0 1 0 1
2014   2 28  7 47 56 547277  -21.59975  -45.67301     3437  19.6  0  0  5  9 0 0 1 1 1 0 0 1 0 0 1 0 0 0
2014   2 28  7 47 58 242196    8.06382  -72.20328    17409  90.6  2  0  6 15 0 0 1 1 1 0 0 1 0 0 1 0 0 1
2014   2 28  7 47 59 943284  -30.05017  -41.47791     7707 119.1  2  0  6 15 0 0 1 1 0 0 0 1 0 1 0 1 0 1
2014   2 28  7 47 59 981316  -30.21572  -40.99047     5939  83.0  2  0  6 15 0 0 1 1 1 0 0 1 0 0 1 0 0 1
2014   2 28  7 48  0   4436  -30.28393  -41.43742     3245  15.6  0  0  7 19 0 0 0 1 1 0 0 1 0 1 1 1 0 1
2014   2 28  7 48  0  39648  -30.24850  -41.51322     2781   8.7  0  0  6 15 0 0 1 1 1 0 0 1 0 0 1 0 0 1
2014   2 28  7 48  0  94922  -30.23824  -41.49454     3181  10.1  0  0  6 11 0 0 1 1 1 0 0 1 0 0 0 1 0 1
2014   2 28  7 48  0 151435  -30.44215  -41.33518     3690  17.2  0  0  5  9 0 0 1 1 1 0 0 1 0 0 1 0 0 0
2014   2 28  7 48  0 207810  -30.24895  -41.49823     2550   8.7  0  0  7 21 0 0 1 1 1 0 0 1 0 1 1 0 0 1
2014   2 28  7 48  0 255495  -30.24253  -41.51068     3197   8.0  0  0  5 10 0 0 1 1 1 0 0 1 0 0 0 0 0 1
2014   2 28  7 48  0 435941  -30.16208  -41.83806     6173  37.3  0  0  6 11 0 0 1 1 1 0 0 1 0 1 1 0 0 0
2014   2 28  7 48  0 897009    2.56691  -84.79723     5299   8.4  0  0  5 10 0 0 0 1 1 0 0 0 0 1 1 1 0 0
2014   2 28  7 48  1 543339    3.03447  152.39299    17593  11.1  0  0  5 10 0 0 1 0 1 0 0 1 0 0 1 0 0 1
2014   2 28  7 48  1 646569   30.02233 -128.47385     9984  27.8  0  0  6 15 0 0 1 1 1 0 0 1 0 0 0 1 0 1
2014   2 28  7 48  1 939397  -12.29732  -71.67672     3076   7.1  0  0  5  8 0 0 1 0 1 0 0 0 0 0 1 1 0 1
2014   2 28  7 48  2 222533  -12.49439  -71.63142     3427  17.7  0  0  6 15 0 0 1 1 1 0 0 1 0 0 1 0 0 1
2014   2 28  7 48  2 654309  -32.89480   18.85139    12176  12.0  0  0  5 10 0 0 1 1 1 0 0 0 0 0 1 0 0 1
2014   2 28  7 48  4 947680    0.23239    7.22942     9554  33.5  0  0  6 15 0 0 1 1 0 0 0 1 0 0 1 1 0 1
2014   2 28  7 48  5 450557  -31.13065 -133.23541    25216  26.7  1  0  4  6 0 0 0 1 0 0 0 1 0 0 1 1 0 0
2014   2 28  7 48  5 484129    6.92689  -74.51154     4004  35.5  0  0  7 21 0 0 1 0 1 0 0 1 0 1 1 1 0 1
2014   2 28  7 48  6  10983    5.29564  -71.73918     8671  45.4  1  0  6 15 0 0 1 1 1 0 0 1 0 0 1 0 0 1
2014   2 28  7 48  6  48394  -11.89510  -72.97416     3866  41.7  1  0  6 15 0 0 1 0 1 0 0 1 0 0 1 1 0 1
2014   2 28  7 48  6  88942  -21.40887  -46.04350     2823  41.1  0  0  7 21 0 0 1 1 1 0 0 1 0 1 1 0 0 1
2014   2 28  7 48  6 173992   -4.74389  -72.36900     3800  41.4  1  0  6 15 0 0 1 1 0 0 0 1 0 0 1 1 0 1
2014   2 28  7 48  6 274421  -12.16011  -72.59077     3764  13.3  0  0  5  9 0 0 1 0 1 0 0 1 0 1 0 0 0 1
2014   2 28  7 48  6 774493  -34.26334   16.25100    32485  32.7  1  0  4  6 0 0 1 1 0 0 0 0 0 0 1 0 0 1
2014   2 28  7 48  6 815785  -11.88255  -73.08456     3938  60.7  1  0  7 21 0 0 1 1 1 0 0 1 0 0 1 1 0 1
2014   2 28  7 48  7 549627   -4.89414  -64.15412     3937  55.0  1  0  7 20 0 0 0 1 1 0 0 1 0 1 1 1 0 1
2014   2 28  7 48  7 735763  -10.51117    3.08757    20347  43.3  1  0  5  7 0 0 1 1 0 0 0 0 0 0 1 1 0 1
2014   2 28  7 48  8 439971   -2.26577  150.60147     6367  12.8  0  0  4  6 0 0 1 1 0 0 0 1 0 0 0 1 0 0
2014   2 28  7 48  8 683898   -5.99717   10.50411    83762  66.6  2  0  5 10 0 0 0 1 1 0 0 1 0 0 1 0 0 1
2014   2 28  7 48  9  55332  -32.31028   18.05943    21671  69.5  2  0  6 15 0 0 1 1 1 0 0 1 0 0 1 0 0 1
2014   2 28  7 48  9 347635   -4.57191  -71.89879     6722  94.0  2  0  6 15 0 0 1 1 1 0 0 0 0 1 1 1 0 0
2014   2 28  7 48  9 370117   -9.98781    2.70777    50992  50.2  2  0  5 10 0 0 1 1 1 0 0 0 0 0 1 0 0 1
2014   2 28  7 48  9 421714   -4.44362  -71.97964     4438  75.7  2  0  7 21 0 0 1 1 1 0 0 1 0 0 1 1 0 1
2014   2 28  7 48  9 608303  -32.18314  -41.13984     4908  16.8  0  0  5 10 0 0 0 1 1 0 0 1 0 0 1 0 0 1
2014   2 28  7 48  9 636289  -32.99404  -40.47507     7730  69.0  2  0  5 10 0 0 1 1 1 0 0 0 0 0 1 0 0 1
2014   2 28  7 48  9 867614  -33.06248  -40.35777     7250  59.0  2  0  5 10 0 0 1 1 0 0 0 1 0 0 1 0 0 1
2014   2 28  7 48 11 495368  -21.14288  -47.60877     3458  73.3  2  0  7 20 0 0 1 1 1 0 0 1 0 1 1 1 0 0
2014   2 28  7 48 11 518757  -21.17175  -47.40948     5437 113.5  2  0  6 14 0 0 1 1 0 0 0 1 0 0 1 1 0 1
2014   2 28  7 48 11 538398  -21.20275  -47.39654     4197 117.5  2  0  7 21 0 0 1 1 1 0 0 0 0 1 1 1 0 1
2014   2 28  7 48 11 953261  -20.99718  -46.71537     3644  87.5  2  0  7 21 0 0 1 1 1 0 0 1 0 1 1 0 0 1
2014   2 28  7 48 12 302498   -0.78732  -72.30323     8033  96.5  2  0  6 15 0 0 0 1 1 0 0 1 0 0 1 1 0 1
2014   2 28  7 48 12 490555    1.74254    6.53557    28542  47.8  1  0  5 10 0 0 1 0 1 0 0 1 0 0 1 0 0 1
2014   2 28  7 48 12 561577    6.48830  151.57338    25299  77.8  2  0  5 10 0 0 1 1 0 0 0 0 0 0 1 1 0 1
2014   2 28  7 48 13  53657    4.45703  -73.12843     5972  84.0  2  0  7 20 0 0 1 0 1 0 0 1 0 1 1 1 0 1
2014   2 28  7 48 14  74184  -21.22302  -46.62826     3700  80.9  2  0  7 20 0 0 1 1 1 0 0 1 0 1 1 1 0 0
2014   2 28  7 48 14  85063  -21.53485  -46.07135     4673  91.8  2  0  6 15 0 0 1 1 1 0 0 1 0 0 1 0 0 1
2014   2 28  7 48 15 591506  -21.33517  -46.22364     4199  54.9  2  0  5 10 0 0 1 0 1 0 0 1 0 0 1 0 0 1
2014   2 28  7 48 16 285733  -14.72316  161.10732     9680  17.0  0  0  5  9 0 0 0 1 0 0 0 1 0 0 1 1 0 1
2014   2 28  7 48 17 185860  -12.00562  -73.02599     4526  17.3  0  0  5  8 0 0 1 1 0 0 0 1 0 1 1 0 0 0
2014   2 28  7 48 17 344702  -22.02802 -140.73117     5496  15.7  0  0  7 21 0 0 1 1 0 0 0 1 0 1 1 1 0 1
2014   2 28  7 48 17 480613  -22.78604  -45.79088     2539  22.3  0  0  7 21 0 0 1 1 1 0 0 1 0 1 1 0 0 1
2014   2 28  7 48 17 604180  -22.79833  -45.77742     2672  17.7  0  0  6 15 0 0 1 1 1 0 0 1 0 0 1 0 0 1
2014   2 28  7 48 17 884088  -30.52166  -41.32548     3090  16.3  0  0  6 15 0 0 1 1 1 0 0 1 0 0 1 0 0 1
2014   2 28  7 48 17 906649  -30.52520  -41.30498     4567  19.1  0  0  4  6 0 0 1 1 0 0 0 0 0 0 1 0 0 1
2014   2 28  7 48 18 113132   32.09182 -128.14845    12281  28.9  0  0  6 15 0 0 1 1 1 0 0 1 0 0 1 1 0 0
2014   2 28  7 48 18 166085   31.56048 -127.08409     8442  25.2  0  0  7 20 0 0 1 1 1 0 0 1 0 0 1 1 0 1
2014   2 28  7 48 18 220957   32.02477 -127.66741    27750  31.8  1  0  5  7 0 0 1 1 0 0 0 1 0 0 1 1 0 0
2014   2 28  7 48 18 278615   31.67491 -127.34065    15865  29.0  0  0  5 10 0 0 1 1 1 0 0 1 0 0 0 1 0 0
2014   2 28  7 48 18 683860   29.95837 -128.68275    11163  30.1  0  0  6 15 0 0 1 1 0 0 0 1 0 0 1 1 0 1
2014   2 28  7 48 18 694731   29.95865 -128.68068    11314  30.4  0  0  6 15 0 0 1 1 1 0 0 1 0 0 1 1 0 0
2014   2 28  7 48 19 844695    2.51619  -18.36540     6147  30.0  0  0  7 20 0 0 1 1 1 0 0 1 0 0 1 1 0 1
2014   2 28  7 48 20 110894  -16.53449  -51.90168     3112  33.3  0  0  6 15 0 0 1 1 1 0 0 1 0 0 1 0 0 1
2014   2 28  7 48 20 319281  -16.49488  -51.88726     2867  39.2  0  0  7 21 0 0 1 1 1 0 0 1 0 1 1 0 0 1
2014   2 28  7 48 20 392784  -16.39614  -51.82940     3179  35.2  0  0  6 15 0 0 1 1 1 0 0 1 0 0 1 0 0 1
2014   2 28  7 48 20 605268  -21.44621  -46.65370     3181  59.8  1  0  7 20 0 0 1 1 1 0 0 1 0 0 1 1 0 1
2014   2 28  7 48 21 180306  -21.36062  -46.23323     3193  39.8  0  0  6 15 0 0 1 1 1 0 0 1 0 0 1 0 0 1
2014   2 28  7 48 21 193378  -20.61698 -143.80171    15831  45.7  1  0  5 10 0 0 1 1 1 0 0 1 0 0 0 1 0 0
2014   2 28  7 48 21 583299  -10.78957  -57.21914     3383  50.9  1  0  7 21 0 0 0 1 1 0 0 1 0 1 1 1 0 1
2014   2 28  7 48 21 636243  -10.83694  -57.31150     2914  31.0  0  0  7 19 0 0 0 1 1 0 0 1 0 1 0 1 1 1
2014   2 28  7 48 21 742268  -35.42530 -118.98762   152525  47.6  1  0  5 10 0 0 1 1 1 0 0 0 0 0 1 0 0 1
2014   2 28  7 48 22 171968  -27.62535 -141.15625    13771  49.0  1  0  6 15 0 0 1 1 1 0 0 1 0 0 1 1 0 0
2014   2 28  7 48 22 695659  -24.96266  -44.81681     3087  23.3  0  0  6 15 0 0 0 1 1 0 0 0 0 1 1 1 0 1
2014   2 28  7 48 22 854887  -25.01806  -44.77903     4477  32.6  1  0  5  9 0 0 0 1 1 0 0 1 0 0 1 0 0 1
2014   2 28  7 48 23 410227   -8.00223  -61.79293     3546  65.1  1  0  7 21 0 0 1 1 1 0 0 1 0 0 1 1 0 1
2014   2 28  7 48 23 470367   -8.04326  -61.83366     3888  71.0  2  0  7 21 0 0 1 1 1 0 0 1 0 1 0 1 0 1
2014   2 28  7 48 23 872161    5.25820  -73.57127    10989  56.1  2  0  5  9 0 0 0 1 1 0 0 1 0 0 0 1 0 1
2014   2 28  7 48 23 898571    5.28714  -72.75346     4649  68.8  1  0  7 21 0 0 1 1 1 0 0 1 0 0 1 1 0 1
2014   2 28  7 48 24  81826    5.28596  -72.78246     4873  71.8  2  0  7 20 0 0 1 1 1 0 0 1 0 0 1 1 0 1
2014   2 28  7 48 24 446037  -23.43525  -45.84531     4776  79.3  2  0  6 15 0 0 1 1 1 0 0 1 0 0 1 0 0 1
2014   2 28  7 48 24 614982    3.25267  -85.27587     8200  84.2  2  0  6 15 0 0 1 1 0 0 0 1 0 1 1 1 0 0
2014   2 28  7 48 26 734974    9.30182  -84.34988     8275  95.6  2  0  7 21 0 0 1 1 1 0 0 1 0 0 1 1 0 1
2014   2 28  7 48 27 366711    6.74712  -79.04823    11464 105.3  2  0  7 20 0 0 0 1 1 0 0 1 0 1 1 1 0 1
2014   2 28  7 48 27 373500    2.10496   -1.85737    33743  56.1  2  0  5 10 0 0 1 0 1 0 0 1 0 0 1 0 0 1
2014   2 28  7 48 27 535393    6.41086  -83.00712     8741 116.5  2  0  7 21 0 0 1 1 1 0 0 1 0 1 0 1 0 1
2014   2 28  7 48 28  97624  -32.95086  -40.54854     7928  91.0  2  0  6 15 0 0 1 1 1 0 0 1 0 0 1 0 0 1
2014   2 28  7 48 28 110050   -6.61365    7.82445    33061 100.1  2  0  6 15 0 0 1 1 1 0 0 1 0 0 1 0 0 1
2014   2 28  7 48 28 795489  -12.99068  157.76355    30019 114.3  2  0  6 13 0 0 1 1 1 0 0 1 0 1 0 1 0 0
2014   2 28  7 48 29 438741   36.12450 -165.44418    25597 133.7  2  0  7 21 0 0 1 1 1 0 0 1 0 0 1 1 0 1
2014   2 28  7 48 29 713042    1.86204  -71.06442     8463   2.2  0  0  4  6 0 0 1 1 0 0 0 0 0 1 0 0 0 1
2014   2 28  7 48 30 500061  -24.64145  -46.16434     7198 106.9  2  0  6 11 0 0 1 1 1 0 0 1 0 0 1 1 0 0
2014   2 28  7 48 33 201532  -21.20981  -46.37859     2517  12.3  0  0  6 14 0 0 1 1 1 0 0 1 0 0 1 0 0 1
2014   2 28  7 48 33 621147    5.00507  -72.66650     3197  14.6  0  0  7 21 0 0 0 1 1 0 0 1 0 1 1 1 0 1
2014   2 28  7 48 33 632609    5.00945  -72.67144     3808  16.5  0  0  6 13 0 0 0 1 1 0 0 1 0 0 1 1 0 1
2014   2 28  7 48 33 675118  -13.15371  157.18848     6963  25.7  0  0  6 15 0 0 0 1 0 0 0 1 0 1 1 1 0 1
2014   2 28  7 48 33 795488    5.03660  -72.78324     4738  15.2  0  0  5 10 0 0 0 1 1 0 0 1 0 0 0 1 0 1
2014   2 28  7 48 33 950454    0.18740  -14.48016     5323  14.7  0  0  7 17 0 0 1 1 1 0 0 1 0 0 1 1 0 1
2014   2 28  7 48 34  18012    1.17315  -12.63424    10960  35.1  0  0  6 13 0 0 1 1 0 0 0 1 0 0 1 1 0 1
2014   2 28  7 48 35 306932    4.87912  -84.04208     3590  16.0  0  0  6 15 0 0 1 1 0 0 0 0 0 1 1 1 0 1
2014   2 28  7 48 35 377775  -25.50226  -44.38490     6863  31.4  1  0  5  7 0 0 0 1 1 0 0 1 0 0 1 0 0 1
2014   2 28  7 48 35 402061  -25.42973  -44.47544     3949  32.5  0  0  6 12 0 0 0 1 1 0 0 1 0 0 1 1 0 1
2014   2 28  7 48 35 421314    4.57980  -83.87016     7299  18.6  0  0  5  9 0 0 1 0 1 0 0 1 0 0 1 0 0 1
2014   2 28  7 48 35 455986  -25.48078  -44.40971     3142  16.6  0  0  5 10 0 0 1 1 1 0 0 0 0 0 1 0 0 1
2014   2 28  7 48 35 518529  -25.45881  -44.41539     3321  28.4  0  0  6 14 0 0 0 1 1 0 0 1 1 1 1 0 0 0
2014   2 28  7 48 35 805584  -21.31556  -46.29647     4780 104.1  2  0  7 16 0 0 1 1 1 0 0 1 0 0 1 1 0 1
2014   2 28  7 48 35 823663  -16.01852  -51.64683     3225  18.5  0  0  5  7 0 0 0 1 1 0 0 0 1 0 1 1 0 0
2014   2 28  7 48 35 951941  -15.97927  -51.61349     2464  20.5  0  0  7 21 0 0 1 1 1 0 0 0 0 1 1 1 0 1
2014   2 28  7 48 35 981540  -15.97880  -51.82048     5390  10.0  0  0  4  6 0 0 1 0 0 0 0 0 0 1 1 1 0 0
2014   2 28  7 48 36  42973  -16.09853  -51.39579     3403  15.6  0  0  5  7 0 0 0 1 1 0 0 1 0 0 1 0 0 1
2014   2 28  7 48 36 327341   -7.14481  -49.24194     7682   5.7  0  0  4  6 0 0 1 0 0 0 0 0 0 1 1 1 0 0
2014   2 28  7 48 36 375237  -24.62420  -45.06105     3941  35.1  1  0  5 10 0 0 1 1 1 0 0 1 0 0 0 0 0 1
2014   2 28  7 48 36 385206  -24.61944  -45.07279     4534  35.9  1  0  5  9 0 0 0 1 1 0 0 1 0 0 1 0 0 1
2014   2 28  7 48 36 979114  -11.87964  -72.86003     3232  38.8  0  0  7 21 0 0 1 1 0 0 0 1 0 1 1 1 0 1
2014   2 28  7 48 37   1824  -11.85112  -72.95911     3920  21.2  0  0  5  8 0 0 1 0 0 0 0 1 0 0 1 1 0 1
2014   2 28  7 48 37 230774    4.54396  -73.21520     8287  22.5  0  0  6 15 0 0 1 1 1 0 0 0 0 1 1 0 0 1
2014   2 28  7 48 37 494743   -3.55298  -71.00387     2964  19.4  0  0  6 15 0 0 1 1 1 0 0 0 0 1 1 1 0 0
2014   2 28  7 48 37 507411   -3.53809  -71.06740     3615  21.5  0  0  5 10 0 0 1 1 0 0 0 0 0 0 1 1 0 1
2014   2 28  7 48 37 579595  -11.87674  -72.88509     3357  41.1  0  0  7 21 0 0 1 0 1 0 0 1 0 1 1 1 0 1
2014   2 28  7 48 37 799676  -23.64219  -45.48705     2800  17.4  0  0  6 14 0 0 1 1 0 0 0 1 0 1 1 0 0 1
2014   2 28  7 48 37 819902  -23.52115  -45.73366     3787  43.0  1  0  6 15 0 0 1 1 1 0 0 1 0 0 1 0 0 1
2014   2 28  7 48 37 833899  -23.54194  -45.69531     3191  42.9  0  0  7 20 0 0 1 1 1 0 0 1 0 1 1 0 0 1
2014   2 28  7 48 37 871169  -23.47872  -45.80201     3204  45.5  0  0  7 21 0 0 0 1 1 0 0 1 0 1 1 1 0 1
2014   2 28  7 48 37 978127  -20.64948  -47.38372     2915  30.7  0  0  6 14 0 0 1 1 1 0 0 0 0 0 1 1 0 1
2014   2 28  7 48 38 201323  -23.50353  -45.76720     3079  43.6  0  0  7 21 0 0 1 1 1 0 0 1 0 1 1 0 0 1
2014   2 28  7 48 38 268168  -23.53249  -45.71008     4839  49.2  1  0  5 10 0 0 1 1 1 0 0 1 0 0 1 0 0 0
2014   2 28  7 48 38 520473  -23.52798  -45.73150     3955  47.2  1  0  6 15 0 0 1 1 1 0 0 1 0 0 1 0 0 1
2014   2 28  7 48 38 565161  -23.53147  -45.73055     3989  48.3  1  0  6 15 0 0 1 1 1 0 0 1 0 0 1 0 0 1
2014   2 28  7 48 38 600893  -23.55170  -45.73061     4610  49.2  1  0  5 10 0 0 1 1 1 0 0 1 0 0 0 0 0 1
2014   2 28  7 48 38 759602  -23.40041  -45.71731     5622  54.8  2  0  5  9 0 0 1 1 1 0 0 1 0 0 1 0 0 0
2014   2 28  7 48 38 836583  -34.30015  -37.61353     7257  46.4  1  0  5 10 0 0 1 1 1 0 0 1 0 0 0 0 0 1
2014   2 28  7 48 38 883106  -21.15479  -47.15112     3721  38.0  1  0  5  9 0 0 1 1 1 0 0 1 0 0 0 0 0 1
2014   2 28  7 48 39  70352  -34.27892  -37.72428     7317  47.1  1  0  5 10 0 0 1 1 1 0 0 1 0 0 0 0 0 1
2014   2 28  7 48 39 613271    5.65506  -82.75922     5146  55.0  1  0  7 21 0 0 1 1 1 0 0 1 0 1 0 1 0 1
2014   2 28  7 48 39 793540    8.41622 -100.92117    25438  67.8  2  0  5 10 0 0 0 1 0 0 0 1 0 0 1 1 0 1
2014   2 28  7 48 40 388427  -22.20864  -45.90833     4097  52.3  2  0  5  9 0 0 1 1 1 0 0 1 0 0 0 0 0 1
2014   2 28  7 48 41 697678   -0.74176  -71.01192     4220  21.0  0  0  5 10 0 0 0 1 1 0 0 0 0 0 1 1 0 1
2014   2 28  7 48 42 255002  -12.15508  -71.42409     3297  42.7  0  0  7 21 0 0 1 1 1 0 0 0 0 1 1 1 0 1
2014   2 28  7 48 42 266064    3.67526  -84.87547    14458  86.6  2  0  6 15 0 0 0 1 0 0 0 1 0 1 1 1 0 1
2014   2 28  7 48 42 324033  -12.18598  -71.46031     4801  31.2  1  0  4  6 0 0 1 0 0 0 0 0 0 1 0 1 0 1
2014   2 28  7 48 42 361212  -12.21831  -71.56337     4284  77.8  2  0  7 21 0 0 1 1 1 0 0 1 0 0 1 1 0 1
2014   2 28  7 48 42 422381  -12.50881  -71.21798     5329  51.0  1  0  6 14 0 0 1 0 1 0 0 1 0 1 1 0 0 1
2014   2 28  7 48 42 640795    6.29602  141.91649    10187  64.1  2  0  6 15 0 0 1 0 1 0 0 1 0 0 1 1 0 1
2014   2 28  7 48 42 687590    6.28028  142.10873    13920  67.6  2  0  5 10 0 0 1 0 1 0 0 1 0 0 1 1 0 0
2014   2 28  7 48 43  34182  -12.18140  -71.50706     4402  82.0  2  0  7 21 0 0 1 1 1 0 0 1 0 0 1 1 0 1
2014   2 28  7 48 43 322848    3.52193  -85.28664     5042  52.6  1  0  7 21 0 0 1 1 1 0 0 0 0 1 1 1 0 1
2014   2 28  7 48 43 427863  -28.80975  -43.02277    33748  32.3  1  0  5  7 0 0 0 0 1 0 0 1 0 1 0 1 0 1
2014   2 28  7 48 43 432428    6.06417  153.37320    11023  79.3  2  0  7 21 0 0 1 0 1 0 0 1 0 1 1 1 0 1
2014   2 28  7 48 44 888010  -20.54875  -51.71774     3511  30.8  1  0  5  9 0 0 1 0 1 0 0 1 0 0 1 0 0 1
2014   2 28  7 48 45 618890  -23.15203  -81.63210     9873  19.3  0  0  4  6 0 0 0 1 0 0 0 1 0 0 0 1 0 1
2014   2 28  7 48 46  50720   -4.06367  -70.63156     9768  89.0  2  0  6 15 0 0 1 1 0 0 0 1 0 1 1 0 0 1
2014   2 28  7 48 46 604801  -23.96565  -94.58141     6792  82.0  2  0  7 21 0 0 1 1 1 0 0 0 0 1 1 1 0 1
2014   2 28  7 48 46 663618   30.02269 -127.85275    20569 107.7  2  0  7 21 0 0 1 1 0 0 0 1 0 1 1 1 0 1
2014   2 28  7 48 46 767883   30.07812 -128.02919    19583 103.4  2  0  7 21 0 0 1 1 1 0 0 1 0 0 1 1 0 1
2014   2 28  7 48 47 713080  -11.07138  -56.58900     5056  95.2  2  0  7 21 0 0 1 0 1 0 0 1 0 1 1 0 1 1
2014   2 28  7 48 47 780407  -10.58425  -56.51907     3612  76.1  2  0  7 21 0 0 1 1 1 0 0 0 0 1 1 1 0 1
2014   2 28  7 48 47 910735  -30.17975  -40.98727     6095  84.3  2  0  6 15 0 0 1 1 1 0 0 1 0 0 1 0 0 1
2014   2 28  7 48 48 114578  -30.27491  -41.43892     3625   3.6  0  0  4  6 0 0 1 1 1 0 0 1 0 0 0 0 0 0
2014   2 28  7 48 48 126329  -30.21936  -41.50038     2709   6.0  0  0  6 15 0 0 1 1 1 0 0 1 0 0 1 0 0 1
2014   2 28  7 48 48 147129   -7.88182  -39.14831     4139  19.9  0  0  6 14 0 0 1 1 1 0 0 1 0 0 0 1 0 1
2014   2 28  7 48 48 229236  -30.22663  -41.50817     2731  16.3  0  0  7 21 0 0 1 1 1 0 0 1 0 0 1 1 0 1
2014   2 28  7 48 48 247270  -30.36347  -41.37475     5246  52.3  1  0  7 20 0 0 0 1 1 0 0 1 0 1 1 1 0 1
2014   2 28  7 48 49 341007  -22.94256  -45.53715     2580  10.2  0  0  6 14 0 0 1 1 1 0 0 1 0 0 1 0 0 1
2014   2 28  7 48 49 489398  -21.74470  -50.75576     2849  27.8  0  0  6 14 0 0 1 0 0 0 0 1 0 1 1 1 0 1
2014   2 28  7 48 49 497917   -6.63366    9.35955    17240   3.3  0  0  5 10 0 0 1 1 1 0 0 0 0 0 1 0 0 1
2014   2 28  7 48 50 327970  -25.85243  -44.23183     3577  13.1  0  0  5 10 0 0 1 0 1 0 0 1 0 0 1 0 0 1
2014   2 28  7 48 50 692606   -0.85619  -71.62999     2974  15.3  0  0  6 15 0 0 1 0 1 0 0 1 0 0 1 1 0 1
2014   2 28  7 48 51 300254    4.13571    4.29621    17122  16.9  0  0  5  9 0 0 1 1 0 0 0 1 0 0 1 0 0 1
2014   2 28  7 48 51 435502   -4.52308  -71.66109     2894   2.6  0  0  5 10 0 0 1 0 1 0 0 0 0 0 1 1 0 1
2014   2 28  7 48 51 664649  -33.13915  -39.88951     3381  34.1  0  0  7 20 0 0 1 1 1 0 0 1 0 0 1 1 0 1
2014   2 28  7 48 51 674459  -33.14795  -39.85572     2993   3.2  0  0  5 10 0 0 1 1 1 0 0 0 0 0 1 0 0 1
2014   2 28  7 48 51 691075  -33.13284  -39.94829     3143  25.0  0  0  7 21 0 0 1 1 1 0 0 1 0 1 1 0 0 1
2014   2 28  7 48 51 710444  -33.16170  -39.87525     3283  20.4  0  0  6 15 0 0 1 1 1 0 0 1 0 0 1 0 0 1
2014   2 28  7 48 51 790230  -33.16286  -39.86535     3285  20.4  0  0  6 15 0 0 1 1 1 0 0 1 0 0 1 0 0 1
2014   2 28  7 48 52 708703   20.45170 -112.79449    26951  35.2  1  0  5 10 0 0 0 0 1 0 0 1 0 0 1 1 0 1
2014   2 28  7 48 53 432006   31.06745 -177.05302    15902  45.2  1  0  5 10 0 0 1 1 0 0 0 1 0 0 1 1 0 0
2014   2 28  7 48 53 443095   31.38115 -178.02979     5430  20.5  0  0  7 21 0 0 1 1 1 0 0 0 0 1 1 1 0 1
2014   2 28  7 48 53 651289  -21.44852  -49.33306     3124   3.2  0  0  4  6 0 0 1 0 0 0 0 1 0 1 1 0 0 0
2014   2 28  7 48 53 937758  -21.24627  -46.82876     2956  50.5  1  0  7 19 0 0 1 1 1 0 0 1 0 1 0 1 0 1
2014   2 28  7 48 54 105761  -21.16390  -46.28427     3241  15.1  0  0  5  9 0 0 1 1 1 0 0 0 0 0 1 0 0 1
2014   2 28  7 48 54 476016   -2.09551  150.93477    10986  45.9  1  0  6 15 0 0 1 0 1 0 0 0 0 1 1 1 0 1
2014   2 28  7 48 54 603967   -7.55723    5.04262    18116  52.0  1  0  6 15 0 0 1 1 1 0 0 1 0 0 1 0 0 1
2014   2 28  7 48 55 109147   31.05040 -134.27910    12163  55.5  1  0  7 21 0 0 1 1 0 0 0 1 0 1 1 1 0 1
2014   2 28  7 48 55 127233   27.68985 -123.02664   113004  33.1  1  0  5 10 0 0 0 1 1 0 0 1 0 1 0 0 0 1
2014   2 28  7 48 56 314175  -21.23841  -46.23451     3004  29.4  0  0  6 15 0 0 1 1 1 0 0 1 0 0 1 0 0 1
2014   2 28  7 48 57 766017    5.31746  -84.93819     6115  70.4  2  0  7 21 0 0 1 1 1 0 0 1 0 1 0 1 0 1
2014   2 28  7 48 57 846684    6.30521  -85.43031    16081  42.0  1  0  6 15 0 0 1 1 1 0 0 0 0 1 1 0 0 1
2014   2 28  7 49  0  99226  -22.45225 -138.17519    16517  41.5  1  0  5 10 0 0 1 1 1 0 0 0 0 0 0 1 0 1
2014   2 28  7 49  0 170318  -23.97729 -135.94902    50979  83.8  2  0  6 12 0 0 1 1 1 0 0 1 0 0 1 0 0 1
2014   2 28  7 49  0 840680  -23.46586  -45.56686     5201  75.4  2  0  6 15 0 0 1 1 1 0 0 1 0 0 1 0 0 1
2014   2 28  7 49  0 898436    4.95035  147.69958     8183  21.3  1  0  4  6 0 0 0 1 0 0 0 1 0 1 0 1 0 0
2014   2 28  7 49  3 214486   -2.54783  145.50452    14103  36.1  0  0  6 15 0 0 1 1 1 0 0 1 0 0 1 0 0 1
2014   2 28  7 49  3 274421   -2.85031  145.75948    20813  34.0  1  0  5  9 0 0 1 1 1 0 0 1 0 0 1 0 0 0
2014   2 28  7 49  4 427838    8.28841  -74.93668     8090   5.4  0  0  4  6 0 0 1 1 0 0 0 1 0 0 0 0 0 1
2014   2 28  7 49  4 696238  -21.26778  -46.42095     2854  15.6  0  0  5  9 0 0 1 1 1 0 0 1 0 0 0 0 0 1
2014   2 28  7 49  6  29495  -32.71426 -132.55234    38751  26.1  1  0  4  6 0 0 1 1 1 0 0 1 0 0 0 0 0 0
2014   2 28  7 49  6 442476  -21.45604  -46.19093     2495  17.8  0  0  6 15 0 0 1 1 1 0 0 1 0 1 0 0 0 1
2014   2 28  7 49  7 573386  -30.22740  -41.75568     3654  16.5  0  0  5 10 0 0 1 1 1 0 0 1 0 0 0 0 0 1
2014   2 28  7 49  7 631233  -30.17967  -41.75025     4712  18.8  0  0  5  7 0 0 1 1 1 0 0 1 0 0 0 0 0 1
2014   2 28  7 49  8 133236  -22.90088  -45.82592     3974  57.3  1  0  6 14 0 0 1 1 1 0 0 1 0 0 0 0 1 1
2014   2 28  7 49  9 136961    6.14171  -73.56792    11326  43.4  1  0  5 10 0 0 1 1 1 0 0 1 0 0 0 0 0 1
2014   2 28  7 49  9 354258   28.32721 -130.23277    24625  43.4  1  0  5 10 0 0 1 1 1 0 0 1 0 0 0 0 0 1
2014   2 28  7 49 10 175994  -30.40962  -41.81586     3688  17.7  0  0  5 10 0 0 1 1 1 0 0 1 0 0 0 0 0 1
2014   2 28  7 49 10 291004  -30.41429  -41.81020     3700  17.9  0  0  5 10 0 0 1 1 1 0 0 1 0 0 0 0 0 1
2014   2 28  7 49 13  95371  -33.69054  -40.05023     3527  22.1  0  0  6 15 0 0 1 1 1 0 0 1 0 1 0 0 0 1
2014   2 28  7 49 13 102994  -33.63805  -40.20432     4113  17.7  0  0  5 10 0 0 1 1 1 0 0 1 0 0 0 0 0 1
2014   2 28  7 49 13 237316  -33.68188  -40.16695     4074  17.1  0  0  5 10 0 0 1 1 1 0 0 1 0 0 0 0 0 1
2014   2 28  7 49 13 542683   -5.13652  -71.36290     8604  83.2  2  0  6 15 0 0 1 1 1 0 0 1 0 1 0 0 0 1
2014   2 28  7 49 13 608224  -33.70348  -40.01554     3551  22.4  0  0  6 15 0 0 1 1 1 0 0 1 0 1 0 0 0 1
2014   2 28  7 49 14 156932  -20.89765 -138.83653    33129  87.8  2  0  7 21 0 0 1 1 1 0 0 1 0 1 0 0 1 1
2014   2 28  7 49 14 560559  -21.43227  -47.27695     3324  27.7  0  0  5  7 0 0 0 1 1 0 0 1 0 1 0 0 0 1
2014   2 28  7 49 14 700779  -20.79824 -138.89578    43912  98.4  2  0  6 15 0 0 1 1 1 0 0 1 0 1 0 0 0 1
2014   2 28  7 49 17  57043  -12.57921  -71.25303     7244 108.1  2  0  7 21 0 0 1 1 1 0 0 1 0 1 0 0 1 1
2014   2 28  7 49 20 647054  -33.46970  -39.87226     9577  17.3  0  0  5 10 0 0 0 1 1 0 0 1 0 1 0 0 0 1
2014   2 28  7 49 20 804117  -33.49460  -39.85416     9692  17.8  0  0  5 10 0 0 0 1 1 0 0 1 0 1 0 0 0 1
2014   2 28  7 49 20 945858  -33.52357  -39.84720    10149  19.2  0  0  5 10 0 0 0 1 1 0 0 1 0 1 0 0 0 1
2014   2 28  7 49 21 538236   -9.39868  161.16612    30102   9.7  0  0  4  6 0 0 0 1 1 0 0 1 0 1 0 0 0 0
2014   2 28  7 49 22 745543    1.46486  -82.95667    19489  14.2  0  0  5 10 0 0 0 1 1 0 0 1 0 1 0 0 0 1
2014   2 28  7 49 24 285034  -31.07692  -41.08988    10311  27.2  0  0  5 10 0 0 0 1 1 0 0 1 0 1 0 0 0 1
2014   2 28  7 49 24 493509  -31.13279  -41.07201    10647  28.6  0  0  5 10 0 0 0 1 1 0 0 1 0 1 0 0 0 1
2014   2 28  7 49 24 575770  -31.10106  -41.08691    10756  29.3  0  0  5 10 0 0 0 1 1 0 0 1 0 1 0 0 0 1
2014   2 28  7 49 33 710238    5.37963  -78.71214    63999  65.6  2  0  5 10 0 0 0 1 1 0 0 1 0 1 0 0 0 1
