2014   2 28  7 29 21 551535  -10.58070  -57.53947     5054  14.3  0  0  4  6 0 0 1 0 0 0 0 0 0 1 1 1 0 0
2014   2 28  7 29 22 898014   -4.10289  -71.28981     4735  17.4  0  0  4  6 0 0 1 0 0 0 0 0 0 1 1 1 0 0
2014   2 28  7 29 38 303738   -4.43671  148.77211     9531  14.5  0  0  5  7 0 0 1 1 0 0 0 0 0 1 1 1 0 0
2014   2 28  7 29 39 309474   -4.13404  -71.47429     4489  34.7  1  0  5 10 0 0 1 1 0 0 0 0 0 1 1 1 0 0
2014   2 28  7 29 39 332256  -20.65064  -46.46394     3458  33.7  1  0  5 10 0 0 1 1 0 0 0 0 0 1 1 0 0 1
2014   2 28  7 29 40 162349  -15.96455  -51.54634     3215  23.7  0  0  5  9 0 0 1 0 0 0 0 0 0 1 1 1 0 1
2014   2 28  7 29 40 172315  -15.97428  -51.62755     3609  32.7  1  0  5  9 0 0 1 1 0 0 0 0 0 0 1 1 0 1
2014   2 28  7 29 40 374194  -15.90629  -51.66867     3088  38.1  0  0  6 15 0 0 1 1 0 0 0 0 0 1 1 1 0 1
2014   2 28  7 29 40 801771  -15.81318  -51.24664     3042  42.4  0  0  7 17 0 0 1 1 0 0 0 0 0 1 1 1 1 1
2014   2 28  7 29 40 922380  -15.90277  -51.23438     3207  43.7  1  0  6 15 0 0 1 1 0 0 0 0 0 1 1 1 0 1
2014   2 28  7 29 44 305589  -21.25285 -142.93176    20119  29.7  1  0  4  6 0 0 1 1 0 0 0 0 0 0 1 1 0 0
2014   2 28  7 29 44 621260  -30.33498  -41.77360     5787  59.1  2  0  5 10 0 0 1 1 0 0 0 0 0 1 1 0 0 1
2014   2 28  7 29 45 620149   -4.56269  -71.74346     6564  94.5  2  0  6 15 0 0 1 1 0 0 0 0 0 1 1 1 0 1
2014   2 28  7 29 45 697084   -5.01441  -73.49684     7445  18.2  0  0  4  6 0 0 0 1 0 0 0 0 0 1 0 1 0 1
2014   2 28  7 29 46  98849    1.89225  153.00395   156908  61.7  2  0  5 10 0 0 1 1 0 0 0 0 0 1 1 0 0 1
2014   2 28  7 29 46 472891  -22.20835 -140.55150    24689  93.6  2  0  6 15 0 0 1 1 0 0 0 0 0 1 1 1 0 1
2014   2 28  7 29 47 947793  -29.99890  -42.14074     6705 100.9  2  0  6 15 0 0 1 1 0 0 0 0 0 1 1 1 0 1
2014   2 28  7 29 48 303880  -29.98864  -42.15695     6842 104.2  2  0  6 15 0 0 1 1 0 0 0 0 0 1 1 1 0 1
2014   2 28  7 29 50 515071   -3.79797  -72.08266     4627  43.3  1  0  5  9 0 0 1 1 0 0 0 0 0 0 1 1 1 0
2014   2 28  7 29 50 808176  -12.51170  -71.36075     5477  63.0  2  0  5 10 0 0 1 0 0 0 0 0 0 1 1 1 0 1
2014   2 28  7 29 51 255638  -12.49589  -71.35112     5639  65.9  2  0  5 10 0 0 1 0 0 0 0 0 0 1 1 1 0 1
2014   2 28  7 29 52  95042  -12.96891  169.44150    57361   4.2  0  0  5 10 0 0 0 1 1 0 0 1 0 0 1 0 0 1
2014   2 28  7 29 52 206402   -6.35077    7.50283    31836  10.4  0  0  4  6 0 0 1 1 0 0 0 0 0 0 1 0 0 1
2014   2 28  7 29 53 333348  -13.30978  157.16608     4522   7.7  0  0  6 15 0 0 0 1 0 0 0 1 0 1 1 1 0 1
2014   2 28  7 29 53 435592  -14.46622  158.60284    37221  22.1  0  0  5 10 0 0 1 0 1 0 0 1 0 1 1 0 0 0
2014   2 28  7 29 53 539742   -7.25209  173.53078     8581  13.0  0  0  6 15 0 0 1 1 1 0 0 0 0 0 1 1 0 1
2014   2 28  7 29 53 637092   -7.00948  172.26881     6368  10.8  0  0  6 15 0 0 0 1 1 0 0 1 0 1 0 1 0 1
2014   2 28  7 29 53 736109    2.56048  -85.10407     3969  11.8  0  0  7 21 0 0 0 1 1 0 0 1 0 1 0 1 1 1
2014   2 28  7 29 53 806620  -23.40813  -45.78856     3632  26.5  0  0  5 10 0 0 0 1 1 0 0 1 0 0 1 0 0 1
2014   2 28  7 29 53 809029    2.23746  -84.17807     4290   8.5  0  0  6 15 0 0 1 1 1 0 0 1 0 0 1 0 0 1
2014   2 28  7 29 54  45531  -23.37286  -45.79371     3447  26.3  0  0  5 10 0 0 1 1 1 0 0 1 0 0 0 0 0 1
2014   2 28  7 29 54 303879  -29.01860 -135.73901    13114   3.8  0  0  4  6 0 0 0 1 0 0 0 1 0 0 1 1 0 0
2014   2 28  7 29 55 634165    6.97800  -74.60587     5677  32.4  1  0  5  7 0 0 1 1 0 0 0 1 0 0 0 1 0 1
2014   2 28  7 29 55 806106    6.92382  -74.48729     4298  39.7  0  0  7 21 0 0 1 1 1 0 0 0 0 1 1 1 0 1
2014   2 28  7 29 57 290102  -19.34838 -142.50627     9806  22.5  0  0  5 10 0 0 1 1 0 0 0 1 0 0 1 1 0 0
2014   2 28  7 29 57 397193  -21.27417  -46.92628     3115  42.5  1  0  6 14 0 0 0 1 1 0 0 1 0 1 1 0 0 1
2014   2 28  7 29 58  10851  -21.30873  -46.20394     3991  35.0  1  0  5 10 0 0 1 1 1 0 0 1 0 0 1 0 0 0
2014   2 28  7 29 58 426565  -21.34782  -46.17067     3167  38.6  0  0  6 15 0 0 1 1 1 0 0 1 0 0 1 0 0 1
2014   2 28  7 29 58 734398  -20.63835 -142.98816    11508  47.9  0  0  7 21 0 0 1 0 1 0 0 1 0 1 1 1 0 1
2014   2 28  7 29 58 763318  -20.20221 -144.72765     9961   8.2  0  0  4  6 0 0 1 1 0 0 0 1 0 0 0 1 0 0
2014   2 28  7 29 59 488719  -21.13916  -46.88192     2825   1.7  0  0  4  6 0 0 1 0 0 0 0 1 0 0 1 0 0 1
2014   2 28  7 29 59 950383   -9.26484  159.56769     8876  57.5  1  0  7 21 0 0 1 1 1 0 0 1 0 0 1 1 0 1
2014   2 28  7 30  0 465588   30.64818 -133.03110    45887  83.9  2  0  7 21 0 0 0 1 1 0 0 1 0 1 1 1 0 1
2014   2 28  7 30  0 682047  -21.59084 -141.37759    16151  53.3  1  0  6 15 0 0 1 0 1 0 0 1 0 0 1 1 0 1
2014   2 28  7 30  1 317227  -16.49646  -51.93359     3494  68.1  1  0  7 21 0 0 1 1 1 0 0 1 0 1 1 0 0 1
2014   2 28  7 30  1 329944  -16.38083  -51.99298     3844  86.4  2  0  7 21 0 0 1 1 1 0 0 1 0 0 1 1 0 1
2014   2 28  7 30  2   7019    0.91037    3.92023    26437  58.9  2  0  5 10 0 0 0 1 0 0 0 1 0 0 1 1 0 1
2014   2 28  7 30  4 192099  -22.69333  -45.61720     2803   1.3  0  0  4  6 0 0 1 0 0 0 0 1 0 0 1 0 0 1
2014   2 28  7 30  4 598506  -14.51274  -44.03283     4481  80.8  2  0  6 13 0 0 0 1 1 0 0 1 0 0 1 1 0 1
2014   2 28  7 30  5  71314    7.49900  -78.98510     7565 104.5  2  0  7 21 0 0 1 1 1 0 0 1 0 0 1 1 0 1
2014   2 28  7 30  5 990345  -14.45063  -40.69842     5646  17.6  0  0  4  6 0 0 1 0 0 0 0 1 0 1 1 0 0 0
2014   2 28  7 30  7 252587  -21.42858  -46.37228     4130 112.1  2  0  7 21 0 0 1 1 1 0 0 1 0 1 1 0 0 1
2014   2 28  7 30  7 941063   -4.07886  -71.44071     5791 105.1  2  0  7 21 0 0 1 0 1 0 0 1 0 1 1 1 0 1
2014   2 28  7 30  8 137216   -4.24992  -71.46507     3865  16.4  0  0  4  6 0 0 1 0 1 0 0 1 0 0 0 1 0 0
2014   2 28  7 30  8 182077   -4.25921  -71.48538     2872  12.3  0  0  7 21 0 0 0 1 1 0 0 1 0 1 1 1 0 1
2014   2 28  7 30  8 374555   -4.25903  -71.48653     2935  13.6  0  0  7 21 0 0 0 1 1 0 0 1 0 1 1 1 0 1
2014   2 28  7 30  8 700090    5.11189  -72.45386     3998  18.5  0  0  6 14 0 0 0 1 1 0 0 1 0 0 1 1 0 1
2014   2 28  7 30  9 761485  -29.98223  -41.64612     4014  24.4  0  0  6 15 0 0 0 1 1 0 0 1 0 1 1 0 0 1
2014   2 28  7 30  9 854979  -29.98076  -41.54514     3527  12.5  0  0  5  8 0 0 1 1 1 0 0 0 0 0 1 0 0 1
2014   2 28  7 30  9 981168  -13.23283  -71.10880     2672  13.5  0  0  6 15 0 0 1 1 0 0 0 0 0 1 1 1 0 1
2014   2 28  7 30 10 128792  -24.36323 -175.81331    10964  31.6  0  0  7 21 0 0 1 1 1 0 0 1 0 0 1 1 0 1
2014   2 28  7 30 10 256812  -29.94606  -42.06475     6543  16.5  0  0  5  7 0 0 1 0 1 0 0 1 0 0 0 1 0 1
2014   2 28  7 30 10 308038  -29.94841  -41.62130     5135  26.1  0  0  5  9 0 0 0 1 1 0 0 1 0 0 1 0 0 1
2014   2 28  7 30 10 327243  -13.23098  -71.23748     3501  32.0  0  0  6 12 0 0 1 1 1 0 0 1 0 0 1 1 0 0
2014   2 28  7 30 10 409965  -20.43015 -139.80377    14120  24.0  0  0  6 15 0 0 1 1 1 0 0 1 0 0 1 0 0 1
2014   2 28  7 30 10 486860  -19.79346 -141.95421    17877  33.0  0  0  6 15 0 0 0 1 1 0 0 1 0 0 1 1 0 1
2014   2 28  7 30 10 523468  -19.86667 -139.51958    15626  12.3  0  0  5 10 0 0 0 1 0 0 0 0 0 1 1 1 0 1
2014   2 28  7 30 10 691206  -30.43876  -41.58902     3237  39.0  0  0  7 20 0 0 1 0 0 0 0 1 1 1 1 1 0 1
2014   2 28  7 30 10 732979  -30.49702  -41.46803     5855  26.9  1  0  4  6 0 0 1 0 0 0 0 1 0 1 1 0 0 0
2014   2 28  7 30 10 743902  -30.50397  -41.31285     3533  29.6  0  0  6 15 0 0 1 1 1 0 0 1 0 0 1 0 0 1
2014   2 28  7 30 10 793525  -30.40590  -41.39317     5965  32.5  1  0  5 10 0 0 0 1 1 0 0 1 0 0 1 0 0 1
2014   2 28  7 30 10 917869  -30.48072  -41.30278     3585  30.8  0  0  6 15 0 0 1 1 1 0 0 1 0 0 1 0 0 1
2014   2 28  7 30 11  67001  -25.33719  -44.52980     3474  22.7  0  0  5  9 0 0 1 1 1 0 0 0 0 0 1 0 0 1
2014   2 28  7 30 11 458781    4.49174  -83.72876     7676  32.3  0  0  6 15 0 0 1 1 0 0 0 1 0 1 1 0 0 1
2014   2 28  7 30 11 469312    4.84878  -84.07305    10949  51.4  2  0  5  7 0 0 1 1 1 0 0 1 0 0 0 1 0 0
2014   2 28  7 30 11 560597    4.86236  -83.98091     3437  22.5  0  0  7 21 0 0 1 1 1 0 0 0 0 1 1 1 0 1
2014   2 28  7 30 11 608603  -25.37261  -44.50529     3566  37.9  0  0  6 15 0 0 1 1 1 0 0 1 0 0 1 0 0 1
2014   2 28  7 30 11 750371    7.05584  150.22878     8523  42.7  1  0  6 15 0 0 1 0 1 0 0 1 0 0 1 1 0 1
2014   2 28  7 30 12 202272  -21.17837  -46.79868     3695  52.0  1  0  6 11 0 0 0 1 1 0 0 1 0 0 1 1 0 1
2014   2 28  7 30 12 254641  -21.29723  -46.80981     3565  22.9  0  0  5  7 0 0 1 1 1 0 0 1 0 0 0 0 0 1
2014   2 28  7 30 12 769379   -4.68069  -71.87441     2906  25.1  0  0  7 21 0 0 1 1 1 0 0 0 0 1 1 1 0 1
2014   2 28  7 30 13 142167   -4.73438  -72.18394     5826  52.9  1  0  6 15 0 0 0 1 1 0 0 1 0 0 1 1 0 1
2014   2 28  7 30 13 249731  -21.18189  -48.73623     4717  63.4  2  0  6 11 0 0 1 0 0 0 0 1 0 1 1 1 0 1
2014   2 28  7 30 13 506674  -21.42845  -46.07025     3893  49.7  1  0  6 13 0 0 1 1 1 0 0 1 0 0 1 0 0 1
2014   2 28  7 30 13 566731    5.23512  148.23148     6263   9.6  0  0  4  6 0 0 0 0 1 0 0 1 0 1 0 1 0 0
2014   2 28  7 30 14 324309  -20.53895  -47.30898     3217  65.0  1  0  7 21 0 0 1 1 1 0 0 1 0 1 1 1 0 0
2014   2 28  7 30 15 135086  -22.30763 -140.42511    22562  73.5  2  0  6 12 0 0 1 1 0 0 0 1 0 0 1 1 0 1
2014   2 28  7 30 15 176638  -22.59707 -138.35614     9943   4.7  0  0  4  6 0 0 1 1 1 0 0 0 0 0 0 1 0 0
2014   2 28  7 30 15 189352  -24.30363 -134.89970    24159  16.2  0  0  4  6 0 0 1 1 1 0 0 1 0 0 0 0 0 0
2014   2 28  7 30 16 873171  -31.39450  -41.48650     8813  77.8  2  0  6 15 0 0 0 1 1 0 0 1 0 0 1 1 0 1
2014   2 28  7 30 16 922742  -31.60351  -41.28679    11356  69.0  2  0  5 10 0 0 0 1 1 0 0 1 0 0 1 0 0 1
2014   2 28  7 30 16 948369  -31.57264  -41.63022     6537  62.9  2  0  6 15 0 0 1 0 1 0 0 1 0 1 1 0 0 1
2014   2 28  7 30 17 704383  -33.59307  -38.38628    10439  80.3  2  0  7 20 0 0 0 1 1 0 0 1 0 1 1 1 0 1
2014   2 28  7 30 17 790618  -33.52264  -40.13746    14707  54.6  2  0  5 10 0 0 1 0 1 0 0 1 0 0 0 1 0 1
2014   2 28  7 30 17 815683  -34.20700  -37.64351     6909  59.5  2  0  5 10 0 0 1 1 0 0 0 1 0 0 1 0 0 1
2014   2 28  7 30 18 153864  -33.98325  -37.87009     4410  50.8  1  0  7 21 0 0 1 1 1 0 0 0 0 1 1 1 0 1
2014   2 28  7 30 18 341967  -34.11594  -37.80743     8672  82.4  2  0  5 10 0 0 1 1 1 0 0 1 0 0 1 0 0 0
2014   2 28  7 30 18 721639   -0.68360    4.79515    21018  60.4  2  0  5 10 0 0 1 0 1 0 0 0 0 0 1 1 0 1
2014   2 28  7 30 19 247989   -7.46362  175.31284    14092  65.4  1  0  7 21 0 0 1 1 1 0 0 0 0 1 1 1 0 1
2014   2 28  7 30 19 383178  -21.31596  -45.92586     4996  69.2  2  0  5 10 0 0 1 1 1 0 0 1 0 0 0 0 0 1
2014   2 28  7 30 19 441747   -2.34653  156.26855    37446  98.4  2  0  6 15 0 0 1 1 0 0 0 1 0 1 1 0 0 1
2014   2 28  7 30 19 615230   -9.07210  160.48975    13560  91.9  2  0  7 21 0 0 0 1 1 0 0 1 0 1 1 1 0 1
2014   2 28  7 30 19 812519  -10.53441  179.17361    44344  76.8  2  0  6 15 0 0 1 1 1 0 0 1 0 0 1 0 0 1
2014   2 28  7 30 19 889320   -3.40877  -71.41677    12356  55.1  1  0  6 15 0 0 1 1 1 0 0 0 0 1 1 0 0 1
2014   2 28  7 30 19 902564   -3.99122  -71.36032     6435 105.3  2  0  6 15 0 0 1 1 1 0 0 1 0 0 1 1 0 0
2014   2 28  7 30 20   5998  -11.48737 -179.42691    27897  14.6  0  0  4  6 0 0 1 1 1 0 0 1 0 0 0 0 0 0
2014   2 28  7 30 20  12660   -3.40482  -71.41941    12558  56.1  1  0  6 15 0 0 1 1 1 0 0 0 0 1 1 0 0 1
2014   2 28  7 30 20  87088   -3.93275  -71.06302     4446  54.7  1  0  6 15 0 0 1 1 1 0 0 0 0 0 1 1 0 1
2014   2 28  7 30 20 210695   -4.26577  -72.30728     6015  80.3  2  0  7 21 0 0 0 1 1 0 0 1 0 1 0 1 1 1
2014   2 28  7 30 20 353841   -3.93570  -71.01488     3830  55.7  1  0  7 21 0 0 1 1 1 0 0 0 0 1 1 1 0 1
2014   2 28  7 30 20 378567  -30.49174  -40.98317     5941  81.0  2  0  6 15 0 0 1 1 1 0 0 1 0 0 1 0 0 1
2014   2 28  7 30 20 725235  -21.08982  -46.37296     3923  99.0  2  0  7 21 0 0 1 1 1 0 0 1 0 1 1 0 0 1
2014   2 28  7 30 21   3060   -5.80314  -73.60075     5419  33.4  1  0  5 10 0 0 0 1 1 0 0 0 0 0 1 1 0 1
2014   2 28  7 30 21  49260   -4.34543  -71.35706     4045  34.4  1  0  5 10 0 0 1 1 1 0 0 0 0 0 0 1 0 1
2014   2 28  7 30 21 956507  -11.90690  -56.28586     3660  15.2  0  0  4  6 0 0 1 0 0 0 0 1 0 0 1 1 0 0
2014   2 28  7 30 23 838880  -21.35515  -45.82508     4708  89.3  2  0  6 15 0 0 1 1 1 0 0 1 0 0 1 0 0 1
2014   2 28  7 30 24   7849   -0.47830  179.22842    19153   2.2  0  0  4  6 0 0 0 1 0 0 0 0 0 1 0 1 0 1
2014   2 28  7 30 24  12730  -19.18146 -141.62671     4712   6.2  0  0  7 21 0 0 1 1 1 0 0 1 0 0 1 1 0 1
2014   2 28  7 30 24 411982   -2.29851  150.62154     5767  31.2  0  0  6 15 0 0 1 1 1 0 0 1 0 0 1 1 0 0
2014   2 28  7 30 24 593328  -19.40325 -141.24014    11098  12.8  0  0  6 15 0 0 1 1 0 0 0 1 0 0 1 0 1 1
2014   2 28  7 30 24 634507  -19.46113 -141.24188    11470   2.0  0  0  5 10 0 0 1 1 0 0 0 1 0 0 1 0 0 1
2014   2 28  7 30 24 806580  -24.60815  -45.19184     2958  14.2  0  0  5  9 0 0 1 1 1 0 0 1 0 0 0 0 0 1
2014   2 28  7 30 26 241143  -11.99915  -73.09526     3442  21.0  0  0  5  9 0 0 1 1 1 0 0 1 0 0 0 1 0 0
2014   2 28  7 30 26 921646   -5.30848  -72.53317     3340  27.8  0  0  6 15 0 0 1 0 0 0 0 1 0 1 1 1 0 1
2014   2 28  7 30 26 954703   -5.29322  -72.57957     4053  25.6  0  0  5  9 0 0 1 1 1 0 0 0 0 0 1 1 0 0
2014   2 28  7 30 27 319844  -21.38642  -46.19684     2882  16.6  0  0  5 10 0 0 1 1 1 0 0 1 0 0 0 0 0 1
2014   2 28  7 30 27 436414  -22.66831  -45.80554     2831  40.9  0  0  7 20 0 0 1 1 0 0 0 1 0 1 1 1 0 1
2014   2 28  7 30 28 389761  -12.35851  -71.69468     4397  37.4  0  0  6 15 0 0 0 1 1 0 0 1 0 0 1 1 0 1
2014   2 28  7 30 28 497528    4.15179   21.91635    40380 100.3  2  0  6 15 0 0 0 1 1 0 0 1 1 0 1 0 0 1
2014   2 28  7 30 28 839221    6.70568  -78.28229     6327  31.8  1  0  5 10 0 0 0 1 0 0 0 1 0 0 1 1 0 1
2014   2 28  7 30 28 846994    6.68731  -78.10137     4315  31.5  0  0  6 14 0 0 1 1 0 0 0 1 0 0 1 1 0 1
2014   2 28  7 30 28 855810    6.67174  -78.31277     5877  35.7  0  0  6 15 0 0 0 1 1 0 0 1 0 0 1 1 0 1
2014   2 28  7 30 29 419341  -22.71121  -45.58834     3767  44.5  1  0  5 10 0 0 0 1 1 0 0 1 0 0 1 0 0 1
2014   2 28  7 30 31 103819    4.81088  149.71767    10516  52.9  1  0  7 21 0 0 1 1 1 0 0 1 0 1 1 0 0 1
2014   2 28  7 30 31 377842  -22.79046  -45.68465     4258  54.9  2  0  5 10 0 0 1 1 1 0 0 1 0 0 0 0 0 1
2014   2 28  7 30 31 531107    4.89899  -72.65598    21446  52.7  2  0  5 10 0 0 1 1 0 0 0 0 0 1 1 0 0 1
2014   2 28  7 30 31 748244  -22.41148 -139.92789    11739  53.1  1  0  7 21 0 0 1 0 1 0 0 1 0 1 1 1 0 1
2014   2 28  7 30 31 840652  -21.84275 -140.75458    12069  54.7  1  0  7 21 0 0 1 0 1 0 0 1 0 1 1 1 0 1
2014   2 28  7 30 32 334911    6.91300  150.36902    10361  70.7  2  0  7 21 0 0 0 1 1 0 0 1 0 1 1 1 0 1
2014   2 28  7 30 32 769278    7.04829  -74.74053     5055  68.6  1  0  7 21 0 0 1 1 1 0 0 1 0 0 1 1 0 1
2014   2 28  7 30 32 783217    7.06018  149.92212     9207  55.2  1  0  6 15 0 0 1 1 1 0 0 1 0 0 1 1 0 0
2014   2 28  7 30 32 837657    7.08898  149.57625    13408  55.7  2  0  5 10 0 0 0 1 1 0 0 1 0 0 1 1 0 0
2014   2 28  7 30 33 546713    6.34347  -77.41296     5843  76.2  2  0  7 20 0 0 1 1 1 0 0 1 0 0 1 1 0 1
2014   2 28  7 30 34 553561  -30.24906  -42.28487     3653  47.7  0  0  7 21 0 0 1 1 1 0 0 1 0 1 0 1 0 1
2014   2 28  7 30 34 701501  -30.30774  -42.00165     4547  66.8  1  0  7 21 0 0 1 1 1 0 0 1 0 1 1 0 0 1
2014   2 28  7 30 34 727754  -33.03526  -39.47522     5101  14.4  0  0  5 10 0 0 0 1 1 0 0 1 0 0 1 0 0 1
2014   2 28  7 30 34 740999  -30.39267  -41.85954     7182  68.3  2  0  5 10 0 0 1 1 1 0 0 1 0 0 1 0 0 0
2014   2 28  7 30 34 846036    6.27991  -82.57542     6526  76.6  2  0  7 21 0 0 1 0 1 0 0 1 0 1 1 1 0 1
2014   2 28  7 30 35 739354  -23.30642  -45.98859     4264  97.2  2  0  7 21 0 0 1 1 1 0 0 1 0 1 1 0 0 1
2014   2 28  7 30 35 956693  -23.40439  -45.89185     5433  99.2  2  0  6 15 0 0 1 1 1 0 0 1 0 0 1 0 0 1
2014   2 28  7 30 36 171642  -20.97780 -143.85760    15379  39.8  1  0  5 10 0 0 1 1 0 0 0 1 0 0 1 1 0 0
2014   2 28  7 30 36 267274  -16.66274  -51.82939     4662  73.7  2  0  6 13 0 0 1 1 1 0 0 1 0 0 1 0 0 1
2014   2 28  7 30 37 608959  -21.35669  -45.97646     3363  17.3  0  0  4  6 0 0 1 0 0 0 0 1 0 0 1 0 0 1
2014   2 28  7 30 37 793903   -4.48359  -72.09403     4914 100.2  2  0  7 21 0 0 1 1 1 0 0 1 0 0 1 1 1 0
2014   2 28  7 30 37 913728   -5.03666  -71.37811    12553 125.6  2  0  6 15 0 0 1 1 0 0 0 1 0 1 1 0 0 1
2014   2 28  7 30 37 985241   -7.96657  -69.42155     7731  11.3  0  0  4  6 0 0 1 1 1 0 0 0 0 1 0 0 0 0
2014   2 28  7 30 38 230960    3.62216 -174.01178    12241  25.7  0  0  5  9 0 0 1 0 1 0 0 0 0 0 1 1 0 1
2014   2 28  7 30 38 305156   -5.71324  -69.58174    17191  62.0  2  0  5 10 0 0 0 0 1 0 0 1 0 1 1 0 0 1
2014   2 28  7 30 39   6036   -8.94085  159.27124    18372 110.6  2  0  6 14 0 0 1 1 1 0 0 1 0 0 1 1 0 0
2014   2 28  7 30 40 448319    4.24992  -73.00314     5071   8.3  0  0  5 10 0 0 1 1 1 0 0 1 0 0 0 0 0 1
2014   2 28  7 30 40 476577    4.41884  -73.03052     3206   9.4  0  0  6 15 0 0 0 1 1 0 0 1 0 0 1 1 0 1
2014   2 28  7 30 40 605173   -4.18738  -71.47272     2688   8.3  0  0  7 21 0 0 0 1 1 0 0 1 0 1 1 1 0 1
2014   2 28  7 30 40 766274   -4.17491  -71.41618     2567  11.9  0  0  7 21 0 0 1 1 1 0 0 1 0 0 1 1 0 1
2014   2 28  7 30 41 658807  -21.91207 -140.78342     7970  20.1  0  0  6 15 0 0 1 1 0 0 0 1 0 0 1 1 0 1
2014   2 28  7 30 41 672588  -21.90741 -140.77592    10328  21.7  0  0  5 10 0 0 1 1 0 0 0 1 0 0 0 1 0 1
2014   2 28  7 30 43 724059  -21.24557  -46.07677     2605  26.9  0  0  7 21 0 0 1 1 1 0 0 1 0 1 1 0 0 1
2014   2 28  7 30 44   6636    1.78457  -84.22290     3548  25.4  0  0  7 21 0 0 1 0 1 0 0 1 0 0 1 1 1 1
2014   2 28  7 30 44  30634    1.75078  -84.14146     4177  37.1  0  0  7 20 0 0 1 1 1 0 0 1 0 0 0 1 1 1
2014   2 28  7 30 44  62088    1.73469  -84.08419     5108  40.4  1  0  6 14 0 0 1 1 0 0 0 1 0 1 1 1 0 0
2014   2 28  7 30 44 103685  -30.03459 -133.54721     8366  22.4  0  0  6 15 0 0 1 1 1 0 0 0 0 1 1 1 0 0
2014   2 28  7 30 44 143843  -25.12196  -44.45798     3037  16.2  0  0  5 10 0 0 1 1 1 0 0 0 0 0 0 1 0 1
2014   2 28  7 30 44 246100    1.74344  -83.96854     3205  18.5  0  0  7 21 0 0 1 1 1 0 0 0 0 1 1 1 0 1
2014   2 28  7 30 44 425098  -33.96317  -38.19479     3539  32.2  0  0  7 21 0 0 1 1 1 0 0 1 0 1 1 0 0 1
2014   2 28  7 30 44 451885  -34.12737  -37.97808     8256  32.2  1  0  5 10 0 0 0 1 1 0 0 1 0 0 1 0 0 1
2014   2 28  7 30 44 684280  -33.95967  -38.13982     4558  30.5  1  0  5  9 0 0 1 1 1 0 0 1 0 0 1 0 0 0
2014   2 28  7 30 45 948938   29.73141 -128.36751     7009  24.7  0  0  7 21 0 0 1 1 1 0 0 0 0 1 1 1 0 1
2014   2 28  7 30 46  75615    7.06995  -73.43237     5405  53.5  1  0  6 15 0 0 1 1 1 0 0 1 0 0 1 1 0 0
2014   2 28  7 30 46 144299   -0.80377  -72.16425     4434  53.3  1  0  7 21 0 0 0 1 1 0 0 1 0 1 1 1 1 0
2014   2 28  7 30 46 185816  -10.84377  -56.43185     2771   3.8  0  0  5  9 0 0 0 1 1 0 0 0 0 0 1 1 0 1
2014   2 28  7 30 46 256945  -30.02503 -133.95750    11023  47.4  0  0  7 21 0 0 1 1 1 0 0 1 0 1 0 1 0 1
2014   2 28  7 30 46 426464   -1.13376  -71.63891     6668  29.2  0  0  5  9 0 0 1 0 0 0 0 1 0 1 1 0 0 1
2014   2 28  7 30 46 437562  -13.58375  174.39638    53737  44.3  1  0  5 10 0 0 1 1 1 0 0 1 0 0 1 0 0 0
2014   2 28  7 30 46 850725    7.32917  -78.55458     8697  52.4  1  0  6 15 0 0 0 1 1 0 0 1 0 0 1 1 0 1
2014   2 28  7 30 47 133407   -4.16473  -71.46735     3694  46.2  0  0  7 21 0 0 1 0 1 0 0 1 0 1 1 1 0 1
2014   2 28  7 30 47 615793  -11.84599  -72.77780     3777  57.6  1  0  7 21 0 0 1 1 1 0 0 1 0 1 0 1 0 1
2014   2 28  7 30 47 633711  -11.76615  -72.70857     4234  32.3  1  0  5  9 0 0 1 1 1 0 0 0 0 0 1 1 0 0
2014   2 28  7 30 47 677076  -11.84612  -72.84089     3723  53.1  1  0  7 21 0 0 1 0 1 0 0 1 0 1 1 1 0 1
2014   2 28  7 30 47 716623  -12.05466  -72.50423     6063  46.2  1  0  6 12 0 0 1 1 1 0 0 1 0 0 1 0 0 1
2014   2 28  7 30 47 812256  -11.78044  -72.69421     4003  33.0  1  0  5 10 0 0 1 0 0 0 0 0 0 1 1 1 0 1
2014   2 28  7 30 47 910409  -11.67734  -72.36269     4445  23.2  0  0  5  9 0 0 0 1 1 0 0 0 0 1 1 1 0 0
2014   2 28  7 30 48 233181  -21.15676  -46.87446     3407  32.8  1  0  5 10 0 0 0 1 1 0 0 1 0 0 1 0 0 1
2014   2 28  7 30 48 711794  -21.22014  -46.82312     3254  24.3  0  0  6 11 0 0 1 1 1 0 0 1 0 0 1 0 0 1
2014   2 28  7 30 49 808211  -21.22246  -46.02019     3529  21.2  0  0  5  7 0 0 1 1 1 0 0 0 0 0 1 0 0 1
2014   2 28  7 30 50  86711  -21.31614  -46.43640     3254  27.9  0  0  6 13 0 0 1 1 1 0 0 1 0 0 1 1 0 0
2014   2 28  7 30 50 135804   -8.69636  159.63216    10714  54.0  1  0  6 15 0 0 1 0 1 0 0 1 0 0 1 1 0 1
2014   2 28  7 30 50 477237  -42.99372  -65.86721    26669  47.9  1  0  5 10 0 0 1 1 1 0 0 0 0 0 1 0 0 1
2014   2 28  7 30 50 701051  -30.44152  -41.25669     4563  69.0  1  0  7 21 0 0 1 1 1 0 0 1 0 1 1 0 0 1
2014   2 28  7 30 50 718558   -9.40529  161.34918    13123  77.5  2  0  7 21 0 0 1 1 1 0 0 1 0 1 0 1 0 1
2014   2 28  7 30 50 910662  -30.46674  -41.01558     2970   6.9  0  0  5 10 0 0 1 1 1 0 0 0 0 0 1 0 0 1
2014   2 28  7 30 51 408773  -30.37729  -41.21590     4745  73.9  2  0  7 21 0 0 1 1 1 0 0 1 0 1 1 0 0 1
2014   2 28  7 30 51 524907  -30.35970  -41.47627     7727  66.1  2  0  6 11 0 0 1 0 1 0 0 1 0 0 1 1 0 1
2014   2 28  7 30 51 626221  -30.46242  -41.00023     4780  58.2  1  0  6 15 0 0 1 1 1 0 0 1 0 0 1 0 0 1
2014   2 28  7 30 53 635292    9.00109  -73.18457     7516  99.7  2  0  7 19 0 0 1 1 1 0 0 1 0 1 0 1 0 1
2014   2 28  7 30 54 689521    1.08490  -64.18381     4030   7.9  0  0  5  8 0 0 0 1 1 0 0 0 0 0 1 1 0 1
2014   2 28  7 30 54 700936    1.02641  -64.48993     5974  49.6  1  0  6 13 0 0 1 1 1 0 0 0 0 0 1 1 0 1
2014   2 28  7 30 54 899961    1.05666  -64.63347     7651  87.1  2  0  6 12 0 0 1 1 1 0 0 1 0 0 1 1 0 0
2014   2 28  7 30 55 393402   -4.84249  -70.55296     7743  92.3  2  0  7 21 0 0 1 1 1 0 0 1 0 1 1 0 0 1
2014   2 28  7 30 55 455205    7.92965  -85.94418    16516  15.2  0  0  4  6 0 0 1 1 0 0 0 0 0 0 1 0 0 1
2014   2 28  7 30 55 746968    7.52769  -72.84275     5703  78.0  2  0  7 20 0 0 1 1 1 0 0 0 0 1 1 1 0 1
2014   2 28  7 30 56 334612  -22.64747  -45.81054     2602  14.9  0  0  6 15 0 0 1 1 0 0 0 1 0 1 1 1 0 0
2014   2 28  7 30 56 576878  -33.21555  -39.98545     3891   8.8  0  0  4  6 0 0 1 1 0 0 0 1 0 0 1 0 0 0
2014   2 28  7 30 56 631734  -33.23110  -39.91363     3882   8.5  0  0  4  6 0 0 1 1 0 0 0 1 0 0 1 0 0 0
2014   2 28  7 30 57 767354  -22.85234 -138.98300    30568  21.2  1  0  4  6 0 0 1 1 0 0 0 1 0 0 1 0 0 0
2014   2 28  7 30 57 857708  -22.53513 -139.93951    11153  24.3  0  0  5 10 0 0 1 1 0 0 0 1 0 0 1 1 0 0
2014   2 28  7 30 57 904876  -20.60646  -46.40495     2579  25.8  0  0  7 21 0 0 1 1 1 0 0 1 0 0 1 1 0 1
2014   2 28  7 31  0 246702    0.62214  -64.42270     4867  32.6  0  0  7 19 0 0 1 1 1 0 0 1 0 1 1 0 0 1
2014   2 28  7 31  0 290355  -20.61454 -143.59555    17612  25.6  0  0  5  7 0 0 1 0 0 0 0 1 0 0 1 1 0 1
2014   2 28  7 31  0 323115  -20.75438 -142.24228     9889  29.2  0  0  6 15 0 0 1 1 1 0 0 0 0 0 1 1 0 1
2014   2 28  7 31  0 609162  -20.74772 -142.90373    16757  43.8  1  0  5 10 0 0 1 1 0 0 0 1 0 0 0 1 0 1
2014   2 28  7 31  1 611701  -20.46517  -46.23640     3068  47.0  0  0  7 20 0 0 1 1 1 0 0 1 0 0 1 1 0 1
2014   2 28  7 31  2 415443   -6.89592  -40.41271     3304  41.5  1  0  6 14 0 0 1 0 1 0 0 1 0 0 1 0 1 1
2014   2 28  7 31  2 861777  -30.03303  -41.39777     4074  41.8  1  0  6 15 0 0 1 1 1 0 0 1 0 0 1 0 0 1
2014   2 28  7 31  2 943894  -30.00744  -41.38797     5810  47.4  1  0  5 10 0 0 1 1 1 0 0 1 0 0 0 0 0 1
2014   2 28  7 31  3 164127  -21.32251  -46.03448     3834  44.6  1  0  5 10 0 0 0 1 1 0 0 1 0 0 1 0 0 1
2014   2 28  7 31  3 628646   -9.28917  159.05554    11792  65.1  2  0  6 15 0 0 0 1 1 0 0 1 0 0 1 1 0 1
2014   2 28  7 31  3 775527   -3.98413  -71.16094     3346  40.7  0  0  7 21 0 0 1 1 1 0 0 0 0 1 1 1 0 1
2014   2 28  7 31  3 799248   -4.04396  -71.43595     6511  64.9  2  0  6 15 0 0 0 1 1 0 0 1 0 0 1 1 0 1
2014   2 28  7 31  3 815880   -3.99042  -71.16569     3344  40.7  0  0  7 21 0 0 1 1 1 0 0 0 0 1 1 1 0 1
2014   2 28  7 31  3 934768   -4.03265  -71.33650     4299  69.3  1  0  7 21 0 0 1 1 1 0 0 1 0 1 1 1 0 0
2014   2 28  7 31  4 137438   -3.97452  -71.16073     3953  46.4  1  0  6 15 0 0 1 1 0 0 0 0 0 1 1 1 0 1
2014   2 28  7 31  4 478761  -13.64459  -42.95994     3073  39.9  0  0  7 16 0 0 1 1 1 0 0 1 0 0 1 1 0 1
2014   2 28  7 31  4 729708   -0.95012  -71.51900     3580  45.4  0  0  7 21 0 0 1 1 1 0 0 0 0 1 1 1 0 1
2014   2 28  7 31  4 742884  -24.18936 -175.85893    22069  78.5  2  0  7 21 0 0 1 1 1 0 0 1 0 0 1 1 0 1
2014   2 28  7 31  4 957097  -24.19491 -175.85587    30169  88.8  2  0  6 14 0 0 1 1 1 0 0 1 0 0 1 1 0 0
2014   2 28  7 31  4 981071  -30.69131 -163.55133    86797  33.4  1  0  4  6 0 0 1 1 0 0 0 1 0 0 0 0 0 1
2014   2 28  7 31  6 308694   -7.88388  -74.30840     6508  94.4  2  0  6 13 0 0 1 1 0 0 0 1 0 1 1 1 0 0
2014   2 28  7 31  6 669468  -21.31685  -45.88667     3713  51.5  1  0  6 14 0 0 1 1 1 0 0 1 0 0 1 0 0 1
2014   2 28  7 31  6 808362  -21.32930  -46.03162     4084  50.6  2  0  5 10 0 0 1 0 1 0 0 1 0 0 1 0 0 1
2014   2 28  7 31  8  98725   32.28515 -129.50682    12629  57.7  1  0  7 21 0 0 1 1 1 0 0 0 0 1 1 1 0 1
2014   2 28  7 31  8 328627    3.90285  149.27020    15836 121.9  2  0  6 15 0 0 1 1 1 0 0 1 0 0 1 1 0 0
2014   2 28  7 31  9 168949  -21.38145 -167.55745    19398  71.8  2  0  7 21 0 0 1 1 1 0 0 0 0 1 1 1 0 1
2014   2 28  7 31  9 740741  -22.01597  -45.78694     3976 107.2  2  0  7 21 0 0 1 1 1 0 0 1 0 0 1 1 0 1
2014   2 28  7 31 10 281668   -7.33428    4.14580    30511  96.8  2  0  6 15 0 0 1 1 1 0 0 1 0 0 1 0 0 1
2014   2 28  7 31 10 451248  -19.47069 -140.89020    21473 113.3  2  0  7 21 0 0 1 1 1 0 0 1 0 0 1 1 0 1
2014   2 28  7 31 12 608081  -33.58071   18.18476     9723   5.4  0  0  5 10 0 0 1 1 1 0 0 0 0 0 1 0 0 1
2014   2 28  7 31 13  25014  -21.32539  -46.18655     2636  10.0  0  0  5 10 0 0 0 1 1 0 0 1 0 0 1 0 0 1
2014   2 28  7 31 13 349792  -12.34877  -72.68162     6936   4.1  0  0  5  8 0 0 1 1 1 0 0 0 0 1 0 0 0 1
2014   2 28  7 31 13 417920  -21.19019  -46.97684     3565  15.7  0  0  5  7 0 0 1 0 0 0 0 1 0 1 1 1 0 0
2014   2 28  7 31 13 441447    4.86549  -84.16322     3858  18.3  0  0  6 15 0 0 1 0 1 0 0 1 0 1 1 1 0 0
2014   2 28  7 31 13 624740  -21.17722  -46.90397     2902  25.5  0  0  7 16 0 0 1 1 1 0 0 0 0 1 1 1 0 1
2014   2 28  7 31 13 737333  -11.96380  -73.06174     2703  16.6  0  0  7 19 0 0 1 1 1 0 0 1 0 0 1 1 0 1
2014   2 28  7 31 13 963151  -12.03938  -72.91772     4194  20.0  0  0  6 11 0 0 1 1 1 0 0 1 0 0 1 0 0 1
2014   2 28  7 31 14  58651   -4.24767  -71.43822     3235  22.6  0  0  6 15 0 0 1 0 1 0 0 1 0 1 1 1 0 0
2014   2 28  7 31 14 108953   -4.39240  -71.28194     6338  23.1  0  0  5  7 0 0 1 1 1 0 0 1 0 0 0 0 0 1
2014   2 28  7 31 14 262772  -22.44942 -140.18686    20541   8.2  0  0  4  6 0 0 1 1 0 0 0 1 0 0 1 0 0 0
2014   2 28  7 31 14 771229    4.49207  -84.38026     5062  31.1  0  0  6 13 0 0 1 1 1 0 0 1 0 0 1 1 0 0
2014   2 28  7 31 15 214843    7.12918  -74.98005     6893  35.5  0  0  6 11 0 0 0 1 1 0 0 1 0 0 1 1 0 1
2014   2 28  7 31 15 838007    8.27928  -75.00227     5920  36.0  0  0  6 14 0 0 0 1 1 0 0 1 0 0 1 1 0 1
2014   2 28  7 31 16  26765  -21.74757 -141.30450    14961  33.0  1  0  5 10 0 0 1 1 0 0 0 0 0 0 1 1 0 1
2014   2 28  7 31 16  53993  -21.75076 -141.45032    14219  40.1  1  0  5 10 0 0 1 1 1 0 0 1 0 0 0 1 0 0
2014   2 28  7 31 16  74853  -21.74009 -141.47992    10137  34.3  0  0  6 15 0 0 1 1 1 0 0 1 0 0 1 1 0 0
2014   2 28  7 31 16 224223  -22.65490  -45.76543     2789  41.5  0  0  7 21 0 0 1 0 1 0 0 1 0 1 1 1 0 1
2014   2 28  7 31 16 315996  -22.74509  -45.72959     3221  40.6  1  0  6 15 0 0 1 1 1 0 0 1 0 0 1 0 0 1
2014   2 28  7 31 16 628677  -24.87360  -45.14587     3263  31.7  0  0  6 14 0 0 1 1 1 0 0 1 0 0 1 0 0 1
2014   2 28  7 31 16 696152  -24.93154  -44.95963     4402  68.5  1  0  7 19 0 0 1 1 1 0 0 1 0 0 1 1 0 1
2014   2 28  7 31 18 405789  -16.49347  -51.83126     3629  38.4  1  0  5 10 0 0 1 0 1 0 0 1 0 1 0 0 0 1
2014   2 28  7 31 18 542879  -20.15098 -142.55435    24143  60.5  2  0  5 10 0 0 1 1 1 0 0 0 0 0 1 1 0 0
2014   2 28  7 31 18 939287   -7.18497    8.79606    33609  60.6  2  0  5  9 0 0 1 1 1 0 0 1 0 0 1 0 0 0
2014   2 28  7 31 19 222019  -12.90541  -71.54454     6955  64.0  2  0  6 15 0 0 1 1 0 0 0 1 0 1 1 0 1 0
2014   2 28  7 31 19 749647  -22.69541  -45.53546     3868  66.1  2  0  6 15 0 0 1 1 1 0 0 1 0 0 1 0 0 1
2014   2 28  7 31 21 683157  -21.70032  -50.78432     3138  58.5  1  0  7 16 0 0 1 1 1 0 0 1 0 1 1 0 0 1
2014   2 28  7 31 23 107873  -20.97971  -47.00229     5542  98.6  2  0  6 12 0 0 1 1 0 0 0 1 0 1 1 1 0 0
2014   2 28  7 31 23 177627  -22.22697  -46.00041     4282  84.3  2  0  6 15 0 0 1 1 1 0 0 1 0 0 1 0 0 1
2014   2 28  7 31 23 397494  -10.86088  -56.73926     4430  90.7  2  0  7 21 0 0 1 0 1 0 0 1 0 1 1 1 0 1
2014   2 28  7 31 23 605812  -10.88053  -57.05275     6083 108.3  2  0  6 13 0 0 0 1 1 0 0 1 0 0 1 1 0 1
2014   2 28  7 31 23 689773  -21.89305 -141.98134    22661  94.4  2  0  6 15 0 0 1 1 1 0 0 1 0 0 1 1 0 0
2014   2 28  7 31 24  38722   -6.42029  171.49002    16444  98.2  2  0  7 21 0 0 1 1 1 0 0 1 0 0 1 1 0 1
2014   2 28  7 31 24 258762    4.22953  -83.59776    18114 103.4  2  0  6 15 0 0 1 1 1 0 0 1 0 0 1 0 0 1
2014   2 28  7 31 24 282816    3.98249  -83.41185    19775 104.7  2  0  6 14 0 0 1 1 1 0 0 1 0 0 1 0 0 1
2014   2 28  7 31 24 388394   -6.39372  171.43622    16779 100.8  2  0  7 21 0 0 1 1 1 0 0 1 0 0 1 1 0 1
2014   2 28  7 31 24 397858  -20.67363  -47.47527     3931 106.1  2  0  7 21 0 0 1 1 1 0 0 1 0 1 1 0 0 1
2014   2 28  7 31 24 422181  -20.70848  -47.50812     4540 107.1  2  0  6 15 0 0 0 1 1 0 0 1 0 1 1 0 0 1
2014   2 28  7 31 24 489583  -43.96041  -78.76257    26815  68.0  2  0  5 10 0 0 1 1 0 0 0 1 0 0 1 0 0 1
2014   2 28  7 31 24 735173   -7.05708  172.78644    18773 114.8  2  0  7 21 0 0 1 1 1 0 0 1 0 1 0 1 0 1
2014   2 28  7 31 24 832491   -7.48258    8.29108    34751 107.2  2  0  6 15 0 0 1 1 1 0 0 1 0 0 1 0 0 1
2014   2 28  7 31 25 938744  -29.54816  -42.64848     3824  34.1  0  0  7 21 0 0 0 1 1 0 0 1 0 1 1 0 1 1
2014   2 28  7 31 25 980526  -30.25326  -42.04005     7233  92.6  2  0  6 15 0 0 1 1 1 0 0 1 0 0 1 0 0 1
2014   2 28  7 31 25 994236  -30.16023  -42.21812     6882 117.0  2  0  7 21 0 0 1 1 1 0 0 1 0 0 1 1 0 1
2014   2 28  7 31 26  15350  -30.22351  -42.18725     5332  88.3  2  0  7 21 0 0 1 1 1 0 0 1 0 1 1 0 0 1
2014   2 28  7 31 26  79874  -29.53006  -42.66083     3859  35.2  0  0  7 21 0 0 0 1 1 0 0 1 0 1 1 0 1 1
2014   2 28  7 31 26 113191  -30.26754  -42.09272     7331  94.4  2  0  6 15 0 0 1 1 1 0 0 1 0 0 1 0 0 1
2014   2 28  7 31 26 123158  -30.23588  -42.04340     7291  93.8  2  0  6 15 0 0 1 1 1 0 0 1 0 0 1 0 0 1
2014   2 28  7 31 26 193434  -30.20260  -42.15316     5355  89.1  2  0  7 21 0 0 1 1 1 0 0 1 0 1 1 0 0 1
2014   2 28  7 31 26 250104  -30.26543  -42.09649     7357  94.7  2  0  6 15 0 0 1 1 1 0 0 1 0 0 1 0 0 1
2014   2 28  7 31 26 608495  -29.72631  -42.73230     7994  24.1  0  0  5 10 0 0 0 1 1 0 0 1 0 1 0 0 0 1
2014   2 28  7 31 27 768149    4.94238  151.66536    15662  78.3  2  0  5 10 0 0 1 0 0 0 0 0 0 1 1 1 0 1
2014   2 28  7 31 27 981850    5.16335  150.03746    16064 143.5  2  0  7 21 0 0 1 1 1 0 0 1 0 1 1 1 0 0
2014   2 28  7 31 28  27313    4.28737  151.73666    11992   4.5  0  0  5 10 0 0 1 1 1 0 0 1 0 0 0 0 0 1
2014   2 28  7 31 28  48956    4.76230  151.26553    10326  10.3  0  0  6 14 0 0 1 1 1 0 0 1 0 0 1 0 0 1
2014   2 28  7 31 28 297424    4.76133  150.59325     6935  20.5  0  0  5 10 0 0 1 1 1 0 0 1 0 0 0 1 0 0
2014   2 28  7 31 28 439476  -21.30282  -46.19740     2838  12.2  0  0  5  8 0 0 1 1 1 0 0 1 0 0 0 0 0 1
2014   2 28  7 31 28 461348  -21.31315  -46.21699     2808   8.6  0  0  5  7 0 0 0 1 1 0 0 1 0 0 1 0 0 1
2014   2 28  7 31 28 481463  -21.30790  -46.21147     2456  11.2  0  0  6 15 0 0 1 1 1 0 0 1 0 0 1 0 0 1
2014   2 28  7 31 28 849339   -1.87256 -122.61196     4414  17.4  0  0  7 21 0 0 1 1 1 0 0 0 0 1 1 1 0 1
2014   2 28  7 31 29 137120   14.19357  -77.64181     7641  12.2  0  0  5 10 0 0 0 1 1 0 0 1 0 0 0 1 0 1
2014   2 28  7 31 30 582231  -19.76911 -141.97527    20318  17.7  0  0  5 10 0 0 0 1 0 0 0 0 0 1 1 1 0 1
2014   2 28  7 31 30 602049  -19.83076 -141.19466    10674  21.2  0  0  5 10 0 0 1 0 1 0 0 1 0 0 1 1 0 0
2014   2 28  7 31 30 629375  -19.81056 -141.32970     6499  24.2  0  0  7 21 0 0 1 1 1 0 0 1 0 1 0 1 0 1
2014   2 28  7 31 30 691742  -22.66219  -45.93649     2708  26.3  0  0  7 20 0 0 1 1 1 0 0 1 0 1 1 1 0 0
2014   2 28  7 31 30 698788  -20.04036 -140.86235    12402  18.3  0  0  6 15 0 0 1 1 0 0 0 1 0 1 1 0 0 1
2014   2 28  7 31 30 736625  -11.06005  -57.44745     2744  12.7  0  0  6 15 0 0 1 0 1 0 0 0 0 1 1 1 0 1
2014   2 28  7 31 30 736704  -19.78275 -141.50206     8435  25.9  0  0  6 15 0 0 1 1 1 0 0 1 0 0 1 1 0 0
2014   2 28  7 31 30 803751  -19.74714 -141.60472     6906  16.8  0  0  6 15 0 0 1 1 0 0 0 1 0 0 1 1 0 1
2014   2 28  7 31 30 861758  -19.73961 -141.53152     9109  20.8  0  0  5 10 0 0 1 1 0 0 0 1 0 1 0 1 0 0
2014   2 28  7 31 30 929863  -11.09569  -57.57579     2587  20.7  0  0  7 20 0 0 1 1 0 0 0 1 0 1 1 1 0 1
2014   2 28  7 31 30 963341  -19.34188 -141.36909     6174  19.3  0  0  7 21 0 0 1 0 1 0 0 1 0 1 1 1 0 1
2014   2 28  7 31 31 143340  -22.71492  -45.72957     2980  29.2  0  0  6 14 0 0 1 1 1 0 0 1 0 0 1 0 0 1
2014   2 28  7 31 31 229063  -22.59981  -45.86259     2861   2.1  0  0  5  8 0 0 1 1 0 0 0 1 0 1 1 0 0 0
2014   2 28  7 31 31 238667  -22.59766  -45.88958     2741  26.7  0  0  7 20 0 0 1 1 1 0 0 1 0 1 1 1 0 0
2014   2 28  7 31 31 253216  -19.65503 -142.27364    16060  13.1  0  0  4  6 0 0 0 1 0 0 0 1 0 0 1 1 0 0
2014   2 28  7 31 31 253995   -4.22513  -71.63442     3995  22.7  0  0  5 10 0 0 0 1 0 0 0 1 0 1 1 1 0 0
2014   2 28  7 31 31 319555   -6.11698  -74.45728     2929  13.7  0  0  6 15 0 0 1 0 1 0 0 0 0 1 1 1 0 1
2014   2 28  7 31 31 449431   -4.21428  -71.41871     3343  26.6  0  0  6 15 0 0 1 0 1 0 0 1 0 1 0 1 0 1
2014   2 28  7 31 31 459834  -19.72634 -141.61198     9403  30.9  0  0  6 15 0 0 1 1 1 0 0 1 0 0 1 1 0 0
2014   2 28  7 31 31 493807   -4.20630  -71.48817     3223  35.4  0  0  7 21 0 0 1 1 1 0 0 1 0 1 1 1 0 0
2014   2 28  7 31 31 536735   -4.22535  -71.64294     3660  25.2  0  0  6 15 0 0 0 1 0 0 0 1 0 1 1 1 0 1
2014   2 28  7 31 31 975192   -0.84678    5.72961    21899  35.7  1  0  5  9 0 0 1 1 1 0 0 1 0 0 0 0 0 1
2014   2 28  7 31 32  31434   -0.18961    8.02702    45378  31.6  1  0  5 10 0 0 0 1 1 0 0 1 0 0 1 0 0 1
2014   2 28  7 31 33 341230   18.84043  -92.03616     9152  40.2  1  0  6 14 0 0 1 1 0 0 0 1 0 0 1 1 0 1
2014   2 28  7 31 33 367199   18.94452  -92.08276    12855  58.5  1  0  6 13 0 0 1 1 1 0 0 1 0 0 0 1 0 1
2014   2 28  7 31 33 676591    6.48094  -77.99419     6002  36.9  0  0  6 12 0 0 1 0 1 0 0 1 0 0 1 1 0 1
2014   2 28  7 31 33 703977    6.48442  -77.98438     4176  36.7  0  0  7 21 0 0 1 0 1 0 0 1 0 1 1 1 0 1
2014   2 28  7 31 34 381346  -10.99754  162.33229     7858  39.2  0  0  7 21 0 0 1 0 1 0 0 1 0 1 1 1 0 1
2014   2 28  7 31 34 813902  -11.19269  162.41113    33853  46.5  1  0  6 14 0 0 1 1 0 0 0 1 0 1 1 0 0 1
2014   2 28  7 31 34 862644   -9.88159  160.49736    13329  33.5  1  0  5  9 0 0 1 0 0 0 0 1 0 0 1 1 0 1
2014   2 28  7 31 35 284554  -21.40965  -46.25598     4803  53.6  2  0  5  9 0 0 1 1 1 0 0 1 0 0 0 0 0 1
2014   2 28  7 31 35 501932  -21.39553  -46.20755     3576  54.7  1  0  6 15 0 0 1 1 1 0 0 1 0 0 1 0 0 1
2014   2 28  7 31 35 684915    6.82862  -77.22340     5647  66.5  1  0  7 19 0 0 1 1 1 0 0 1 0 0 1 1 0 1
2014   2 28  7 31 36 268073    3.07204  -17.80397    11005  41.1  1  0  6 12 0 0 1 1 0 0 0 1 0 0 1 1 0 1
2014   2 28  7 31 36 292336  -25.23633  -45.09586     6229  81.3  2  0  7 16 0 0 1 1 1 0 0 1 0 0 1 1 0 1
2014   2 28  7 31 36 326373  -18.23269 -141.38411    18543  50.0  2  0  5 10 0 0 1 0 0 0 0 1 0 1 1 1 0 0
2014   2 28  7 31 36 446742  -18.22375 -141.59605    20425  54.6  2  0  5 10 0 0 1 0 1 0 0 1 0 0 1 1 0 0
2014   2 28  7 31 36 939282  -25.25249  -44.80350     3497  40.2  1  0  6 15 0 0 1 1 1 0 0 1 0 0 1 0 0 1
2014   2 28  7 31 37 179407  -25.25028  -44.67660     4526  52.0  1  0  6 15 0 0 1 0 0 0 0 1 0 1 1 1 0 1
2014   2 28  7 31 37 242403  -25.20706  -44.87749     3479  51.8  1  0  7 21 0 0 1 1 1 0 0 1 0 0 1 1 0 1
2014   2 28  7 31 37 338101  -25.13371  -44.88678     3624  29.8  0  0  5 10 0 0 0 1 1 0 0 1 0 0 1 0 0 1
2014   2 28  7 31 37 807638  -24.17874   44.52404    58018  66.1  2  0  5 10 0 0 1 1 1 0 0 0 0 0 1 0 0 1
2014   2 28  7 31 37 871633   21.97805 -135.08157    44317  85.2  2  0  6 15 0 0 0 1 1 0 0 1 0 0 1 1 0 1
2014   2 28  7 31 38 375247   30.93214 -132.76596    71232 105.2  2  0  6 14 0 0 0 1 1 0 0 1 0 1 1 1 0 0
2014   2 28  7 31 38 385420    7.13444  149.76993     6329  17.2  0  0  5 10 0 0 1 1 0 0 0 1 0 0 1 1 0 0
2014   2 28  7 31 38 504574   29.71170 -128.52321    40656  75.1  2  0  5 10 0 0 1 1 0 0 0 1 0 0 1 0 0 1
2014   2 28  7 31 38 838458  -24.46975  -45.33688     5162  49.5  1  0  5 10 0 0 1 0 1 0 0 1 0 0 1 0 0 1
2014   2 28  7 31 38 926493  -24.39447  -45.61469     5779  79.4  2  0  6 15 0 0 1 1 1 0 0 1 0 0 1 0 0 1
2014   2 28  7 31 39 538360    4.31928  -73.15005     5738  81.6  2  0  7 20 0 0 1 0 1 0 0 1 0 1 1 1 0 1
2014   2 28  7 31 39 555180    4.39808  -73.40248     5620  93.2  2  0  7 21 0 0 1 1 1 0 0 1 0 0 1 1 0 1
2014   2 28  7 31 39 738281   -3.98203  -71.68328     5542 110.1  2  0  7 21 0 0 1 1 1 0 0 1 0 1 1 1 0 0
2014   2 28  7 31 39 885945  -10.87643  -57.52657     6233  98.2  2  0  6 15 0 0 1 1 1 0 0 1 0 0 1 0 0 1
2014   2 28  7 31 39 922293  -10.78916  -57.80764     4656 104.9  2  0  7 21 0 0 1 1 1 0 0 1 0 1 0 1 0 1
2014   2 28  7 31 40 304795    6.53485  -72.96253    12856  50.1  2  0  5 10 0 0 1 0 1 0 0 1 0 0 1 0 0 1
2014   2 28  7 31 40 449815  -30.17646  -73.24273     7597  19.4  0  0  5 10 0 0 0 1 1 0 0 0 0 0 1 1 0 1
2014   2 28  7 31 40 666105   21.15290  -83.77830    18813  59.2  1  0  6 15 0 0 1 0 1 0 0 1 0 1 1 0 0 1
2014   2 28  7 31 40 946067  -19.06704 -143.34236    23953 101.2  2  0  6 15 0 0 1 1 1 0 0 1 0 0 1 1 0 0
2014   2 28  7 31 41  56673  -23.87245  -45.14919     5973  13.4  0  0  4  6 0 0 1 0 0 0 0 1 0 0 1 0 0 1
2014   2 28  7 31 41  64859  -23.57185  -45.94313     5666 119.0  2  0  6 15 0 0 1 1 1 0 0 1 0 0 0 1 0 1
2014   2 28  7 31 43 450476   -1.82121  -67.19949    26819  41.9  1  0  5 10 0 0 0 1 1 0 0 0 0 1 1 0 0 1
2014   2 28  7 31 43 738579    7.15004  -74.82603     9563 148.4  2  0  7 19 0 0 1 1 1 0 0 1 0 1 1 1 0 0
2014   2 28  7 31 44 207501   -4.66474  -71.66424     5152  40.8  1  0  6 11 0 0 1 1 1 0 0 1 0 0 1 1 0 0
2014   2 28  7 31 44 218076   -4.70181  -71.63829     2906  16.7  0  0  6 15 0 0 1 1 1 0 0 1 0 0 1 1 0 0
2014   2 28  7 31 44 250436   -4.71303  -71.63131     2801  17.5  0  0  7 21 0 0 1 0 1 0 0 1 0 1 1 1 0 1
2014   2 28  7 31 44 320459   -4.83543  -71.46717     4361  10.6  0  0  5 10 0 0 1 1 0 0 0 1 0 0 1 0 1 0
2014   2 28  7 31 45  62114  -16.04215  -51.50916     2640  23.8  0  0  7 20 0 0 1 0 1 0 0 1 0 0 1 1 1 1
2014   2 28  7 31 45 781622    6.62798  152.21532    13843  23.4  0  0  5 10 0 0 0 1 1 0 0 0 0 0 1 1 0 1
2014   2 28  7 31 46 510482  -22.70594  -45.73531     2808  37.1  0  0  7 20 0 0 0 1 1 0 0 1 0 1 1 1 0 1
2014   2 28  7 31 46 520046  -22.73621  -45.68188     2705  21.6  0  0  6 15 0 0 1 1 1 0 0 1 0 0 1 0 0 1
2014   2 28  7 31 46 688550  -22.83834  -45.63385     2879  36.2  0  0  7 19 0 0 0 1 1 0 0 1 0 1 1 1 0 1
2014   2 28  7 31 46 697176  -22.89716  -45.57188     3207  24.7  0  0  5 10 0 0 1 1 1 0 0 1 0 0 0 0 0 1
2014   2 28  7 31 47 699814   -5.22936  -71.20553     5546  18.4  0  0  6 15 0 0 0 1 1 0 0 1 0 1 1 0 0 1
2014   2 28  7 31 47 938311  -16.39662  -51.78439     2923  41.2  0  0  7 21 0 0 1 0 1 0 0 1 0 1 1 1 0 1
2014   2 28  7 31 48 148725  -30.35789  -41.27055     4524  35.0  1  0  5 10 0 0 1 1 0 0 0 1 0 0 1 0 0 1
2014   2 28  7 31 48 336398  -16.43905  -51.62963     2769   9.8  0  0  5 10 0 0 1 0 1 0 0 1 0 0 1 0 0 1
2014   2 28  7 31 48 355577  -16.39774  -51.77133     3352  42.3  1  0  6 15 0 0 1 0 1 0 0 1 0 0 1 1 0 1
2014   2 28  7 31 48 462043  -30.20160  -41.71831     4302  41.6  0  0  7 20 0 0 1 0 1 0 0 1 0 1 1 1 0 1
2014   2 28  7 31 50 184403  -21.35935  -45.98914     3012  29.7  0  0  6 15 0 0 1 1 1 0 0 1 0 0 1 0 0 1
2014   2 28  7 31 50 210251  -21.35884  -46.02020     3496  32.0  1  0  5 10 0 0 1 1 1 0 0 1 0 0 0 0 0 1
2014   2 28  7 31 51 349052    1.32930    0.24832    21288  47.8  1  0  6 15 0 0 1 1 1 0 0 1 0 0 1 0 0 1
2014   2 28  7 31 51 903233   -4.13034  -71.25242     5247  34.2  1  0  5  9 0 0 1 1 0 0 0 0 0 0 1 1 0 1
2014   2 28  7 31 52 831215  -21.33257  -45.96103     3330  39.9  0  0  6 15 0 0 1 1 1 0 0 1 0 0 1 0 0 1
2014   2 28  7 31 52 898187    7.53882  -73.45055     5719  78.3  2  0  7 21 0 0 1 1 1 0 0 1 0 1 1 1 0 0
2014   2 28  7 31 52 906897    7.53197  -73.46075     7287  78.4  2  0  6 13 0 0 1 1 1 0 0 1 0 0 1 1 0 0
2014   2 28  7 31 53 861688  -19.62461 -141.04294    21333  83.3  2  0  6 15 0 0 1 1 1 0 0 1 0 0 0 1 0 1
2014   2 28  7 31 53 883494  -19.67245 -139.65863    13402  32.4  1  0  5 10 0 0 1 1 1 0 0 0 0 0 0 1 0 1
2014   2 28  7 31 53 990589  -21.10743 -137.19507    50544  76.8  2  0  5 10 0 0 1 1 1 0 0 1 0 0 1 0 0 0
2014   2 28  7 31 54  48833  -20.56805  -46.38284     3586  89.5  2  0  7 21 0 0 0 1 1 0 0 1 0 1 1 1 0 1
2014   2 28  7 31 54  73051  -20.73786  -45.98812     5130  79.3  2  0  6 13 0 0 1 1 1 0 0 1 0 0 0 1 0 1
2014   2 28  7 31 54 172830  -30.16387  -41.24707     4991  75.5  2  0  7 17 0 0 1 1 1 0 0 1 0 0 1 1 0 1
2014   2 28  7 31 54 224872  -30.15520  -41.25363     4987  75.7  2  0  7 17 0 0 1 1 1 0 0 1 0 0 1 1 0 1
2014   2 28  7 31 56 499066  -21.34798  -45.90675     3182  53.8  1  0  7 21 0 0 1 1 1 0 0 1 0 0 1 1 0 1
2014   2 28  7 31 56 867895  -32.42520   17.44286    24641  57.3  2  0  5 10 0 0 1 0 1 0 0 1 0 0 1 0 0 1
2014   2 28  7 31 57  42005  -30.44622  -40.99297     5292  91.8  2  0  7 19 0 0 1 1 1 0 0 1 0 0 1 1 0 1
2014   2 28  7 31 57  49302  -30.52281  -40.90131     5537  74.5  2  0  6 15 0 0 1 1 1 0 0 1 0 0 1 0 0 1
2014   2 28  7 31 57  69079  -30.43938  -41.34525     8718  64.2  2  0  5 10 0 0 1 0 1 0 0 1 0 0 1 0 0 1
2014   2 28  7 31 57  78832  -30.51908  -40.90068     5553  74.8  2  0  6 15 0 0 1 1 1 0 0 1 0 0 1 0 0 1
2014   2 28  7 31 57 188267  -30.52142  -40.90115     5558  74.8  2  0  6 15 0 0 1 1 1 0 0 1 0 0 1 0 0 1
2014   2 28  7 31 57 251564   -9.65030  160.18193    14611  88.0  2  0  7 21 0 0 1 0 1 0 0 1 0 1 1 1 0 1
2014   2 28  7 31 57 407122   -9.06924  158.69128    20353 114.9  2  0  6 15 0 0 0 1 1 0 0 1 0 1 1 1 0 0
2014   2 28  7 31 57 646256  -20.95815  -46.80714     3004  57.7  1  0  7 21 0 0 1 1 1 0 0 0 0 1 1 1 0 1
2014   2 28  7 31 57 746888  -21.24164  -46.52892     3900  60.7  2  0  6 15 0 0 1 1 1 0 0 1 0 0 1 0 0 1
2014   2 28  7 31 58 375256  -11.71677  -72.73299     5383 111.7  2  0  7 21 0 0 1 1 1 0 0 1 0 0 1 1 0 1
2014   2 28  7 31 58 940811  -11.71162  -72.74558     5614 117.5  2  0  7 20 0 0 1 1 1 0 0 1 0 0 1 1 0 1
2014   2 28  7 31 58 959289   -6.69743  -73.93327     6260 126.2  2  0  7 21 0 0 1 1 1 0 0 1 0 1 1 1 0 0
2014   2 28  7 31 59 843292  -21.29701  -48.80285     4259  70.1  2  0  6 14 0 0 1 1 1 0 0 1 0 0 1 0 0 1
2014   2 28  7 31 59 977054  -30.48348  -40.75657     3526   5.1  0  0  4  6 0 0 1 1 0 0 0 0 0 0 1 0 0 1
2014   2 28  7 32  0  29592  -23.37835  -45.79092     2925  16.6  0  0  6 14 0 0 0 1 1 0 0 1 0 0 1 1 0 1
2014   2 28  7 32  0 656969  -25.39257  -44.56306     3259  18.1  0  0  5  9 0 0 1 1 1 0 0 1 0 0 0 0 0 1
2014   2 28  7 32  1  36888  -21.31240  -46.18966     2627   4.5  0  0  5  8 0 0 1 1 0 0 0 1 0 0 1 0 0 1
2014   2 28  7 32  1 177449  -32.31184 -134.98248    17447  13.4  0  0  4  6 0 0 0 0 0 0 0 1 0 1 1 1 0 0
2014   2 28  7 32  1 209149  -32.23572 -134.45798    13984  16.2  0  0  4  6 0 0 1 0 0 0 0 1 0 0 1 1 0 0
2014   2 28  7 32  2  28038   -9.54154  161.62843     7340  17.4  0  0  5 10 0 0 1 0 0 0 0 1 0 0 1 1 0 1
2014   2 28  7 32  2 155747   -9.88390  162.65137    18805  16.8  0  0  6 14 0 0 1 1 1 0 0 0 0 0 1 1 0 1
2014   2 28  7 32  3 386940    6.25059  -82.75006     3973  31.2  0  0  7 21 0 0 1 1 1 0 0 1 0 0 1 1 0 1
2014   2 28  7 32  3 406402    6.30960  -83.18802     5134  27.1  0  0  7 21 0 0 0 1 1 0 0 1 0 1 1 1 0 1
2014   2 28  7 32  3 841188  -21.37206  -46.19593     3026  21.4  0  0  5 10 0 0 1 1 1 0 0 1 0 0 0 0 0 1
2014   2 28  7 32  3 890140  -21.37662  -46.21168     2985  21.8  0  0  5 10 0 0 0 1 1 0 0 1 0 0 1 0 0 1
2014   2 28  7 32  4 136447  -28.95872 -136.29556    15256  20.9  0  0  5 10 0 0 0 0 1 0 0 1 0 0 1 1 0 1
2014   2 28  7 32  4 144642   -4.14546  -71.85283     2938   7.4  0  0  6 15 0 0 0 0 1 0 0 1 0 1 0 1 1 1
2014   2 28  7 32  4 249174   -4.10451  -71.78652     3730  33.1  0  0  7 21 0 0 0 1 1 0 0 1 0 1 1 1 0 1
2014   2 28  7 32  4 430213   -4.03282  -71.53205     3858  36.3  0  0  6 15 0 0 1 1 1 0 0 0 0 0 1 1 0 1
2014   2 28  7 32  4 591509   -4.83864  -63.92648     3796  37.7  0  0  7 17 0 0 1 1 1 0 0 1 0 0 1 1 0 1
2014   2 28  7 32  4 859444   -7.68140  173.73810    39128  42.2  1  0  5  9 0 0 1 1 1 0 0 1 0 0 0 0 0 1
2014   2 28  7 32  5 288476   -5.54078  169.21223    65781  34.6  1  0  5 10 0 0 0 1 1 0 0 1 0 0 1 0 0 1
2014   2 28  7 32  5 600428  -42.37203  -65.16377    27364  76.7  2  0  5 10 0 0 1 1 1 0 0 0 0 0 1 0 0 1
2014   2 28  7 32  5 989962  -19.50148 -141.80170    12848  41.1  1  0  6 15 0 0 1 0 1 0 0 1 0 0 1 1 0 1
2014   2 28  7 32  6  10497  -20.30927 -139.80379    28703  20.7  1  0  4  6 0 0 1 0 0 0 0 1 0 0 1 0 0 1
2014   2 28  7 32  6  35703  -19.39641 -142.45602    12474  45.7  1  0  6 15 0 0 1 1 1 0 0 1 0 0 1 1 0 0
2014   2 28  7 32  6 292883  -12.65827  -71.31965     4445  52.2  1  0  7 21 0 0 1 1 1 0 0 1 0 1 1 0 0 1
2014   2 28  7 32  6 875669  -19.29681 -142.62782    12458  45.6  1  0  6 15 0 0 1 1 0 0 0 1 0 0 1 1 0 1
2014   2 28  7 32  7 180283  -21.31079   61.70657    47018  36.0  1  0  4  6 0 0 1 1 0 0 0 0 0 0 1 0 0 1
2014   2 28  7 32  7 426925  -21.42228  -46.20944     3883  43.8  1  0  5 10 0 0 1 1 1 0 0 1 0 0 0 0 0 1
2014   2 28  7 32  7 672534  -21.38305  -46.27227     3125  57.9  1  0  7 21 0 0 1 1 1 0 0 1 0 1 1 0 0 1
2014   2 28  7 32  8  15414  -18.82546 -143.06671    13038  62.6  1  0  7 21 0 0 1 1 1 0 0 1 0 0 1 1 0 1
2014   2 28  7 32  8 170308    8.17543  -83.43090     6264  67.6  1  0  7 21 0 0 1 1 1 0 0 1 0 0 1 1 0 1
2014   2 28  7 32  8 252872    8.08329  -83.18010     6675  52.5  1  0  6 15 0 0 1 0 1 0 0 1 0 0 1 1 0 1
2014   2 28  7 32  8 273586    5.18301  149.16956     6554   3.3  0  0  4  6 0 0 1 1 0 0 0 1 0 0 0 1 0 0
2014   2 28  7 32  9 795747    8.29297  -84.50744    14287  86.2  2  0  6 15 0 0 0 1 1 0 0 1 0 1 1 1 0 0
2014   2 28  7 32 10 160981   -0.73322  -72.03690     4835  72.2  2  0  7 21 0 0 1 0 1 0 0 1 0 1 1 1 0 1
2014   2 28  7 32 10 225317   -0.70955  -72.16275     5993  95.8  2  0  7 21 0 0 1 1 1 0 0 0 0 1 1 1 0 1
2014   2 28  7 32 10 256471  -21.07272 -143.50183    12803  33.0  1  0  5 10 0 0 1 1 0 0 0 1 0 0 1 1 0 0
2014   2 28  7 32 10 389071   30.76169 -130.30157    35105 109.9  2  0  6 13 0 0 1 1 1 0 0 1 0 0 1 1 0 0
2014   2 28  7 32 10 478939   -0.72304  -72.59622     7006  78.4  2  0  6 15 0 0 0 1 1 0 0 1 0 0 1 1 0 1
2014   2 28  7 32 12 390979  -21.48823  -46.17675     4217  76.8  2  0  6 15 0 0 1 1 1 0 0 1 0 0 1 0 0 1
2014   2 28  7 32 12 462503  -19.29749 -175.65611    22502  82.0  2  0  6 15 0 0 1 1 1 0 0 1 0 0 1 1 0 0
2014   2 28  7 32 14 197009  -21.14091 -143.08853    20900 108.0  2  0  7 21 0 0 1 1 1 0 0 1 0 0 1 1 0 1
2014   2 28  7 32 14 281991    2.67070  -68.73897     5539  95.6  2  0  7 21 0 0 1 0 1 0 0 1 0 1 1 1 0 1
2014   2 28  7 32 14 327290   -9.58623  160.07808    14774  89.8  2  0  7 21 0 0 1 0 1 0 0 1 0 1 1 1 0 1
2014   2 28  7 32 14 384360   -9.51972  160.06209    18486 122.5  2  0  7 21 0 0 0 1 1 0 0 1 0 1 1 1 0 1
2014   2 28  7 32 14 485113   -8.99837  159.42494    20531 105.1  2  0  6 12 0 0 1 0 1 0 0 1 0 1 1 1 0 0
2014   2 28  7 32 14 844575   -8.32858  160.05949    15253  91.1  2  0  6 15 0 0 1 1 0 0 0 1 0 0 1 1 0 1
2014   2 28  7 32 15 410790  -22.72257  -45.57375     2901   8.0  0  0  4  6 0 0 1 0 0 0 0 1 0 0 1 0 0 1
2014   2 28  7 32 15 420692  -22.82685  -45.72757     5481 114.5  2  0  6 15 0 0 1 1 1 0 0 1 0 0 1 0 0 1
2014   2 28  7 32 15 976350  -11.77855  -72.78259     5978  68.3  2  0  5 10 0 0 1 0 1 0 0 0 0 1 1 1 0 0
2014   2 28  7 32 16  56882  -12.19416  -73.11261     2651  10.0  0  0  6 15 0 0 1 1 1 0 0 0 0 0 1 1 0 1
2014   2 28  7 32 16  78099  -30.49669  -41.46681     2660  14.0  0  0  7 21 0 0 1 1 1 0 0 1 0 1 1 0 0 1
2014   2 28  7 32 16 219584  -30.45956  -41.62254     4344  14.6  0  0  5  8 0 0 1 0 0 0 0 1 0 0 1 1 0 1
2014   2 28  7 32 16 278680  -30.47334  -41.56824     3711  14.2  0  0  5 10 0 0 1 0 0 0 0 1 0 1 1 1 0 0
2014   2 28  7 32 16 314875  -30.47654  -41.47112     3432   3.2  0  0  4  6 0 0 1 1 0 0 0 0 0 0 1 0 0 1
2014   2 28  7 32 16 451608  -13.08290  169.44012    34528   1.7  0  0  4  6 0 0 1 1 0 0 0 1 0 0 1 0 0 0
2014   2 28  7 32 16 611147  -30.47969  -41.50336     2672  15.2  0  0  7 21 0 0 1 1 1 0 0 1 0 1 1 1 0 0
2014   2 28  7 32 16 651128   -2.83372  -72.25227     2931  17.0  0  0  6 15 0 0 1 1 0 0 0 1 0 0 1 1 0 1
2014   2 28  7 32 16 890869   -3.01962  -72.05018     3163  10.3  0  0  7 21 0 0 1 1 1 0 0 1 0 1 1 0 0 1
2014   2 28  7 32 16 898374   -2.83963  -72.43099     2792  10.2  0  0  7 21 0 0 0 1 1 0 0 1 0 1 1 1 0 1
2014   2 28  7 32 17  46197    4.24652  154.55411    17225  16.8  0  0  4  6 0 0 1 1 0 0 0 1 0 0 0 0 0 1
2014   2 28  7 32 17  84844   -3.71452  -71.36952     3366   4.0  0  0  5 10 0 0 0 1 1 0 0 1 0 0 0 1 0 1
2014   2 28  7 32 17 982391  -24.51553  -45.27432     2934  25.3  0  0  6 15 0 0 1 1 1 0 0 1 0 0 1 0 0 1
2014   2 28  7 32 18 313033    8.56406  -75.37905     5675  23.8  0  0  5  8 0 0 0 1 1 0 0 1 0 0 1 1 0 0
2014   2 28  7 32 18 506262    3.46986  -83.41652    11649  18.8  0  0  5 10 0 0 1 1 1 0 0 0 0 0 1 0 0 1
2014   2 28  7 32 19 193279    4.61344  -84.06834    24469  23.4  1  0  4  6 0 0 0 1 0 0 0 1 0 0 1 0 0 1
2014   2 28  7 32 19 328545    4.77947  149.62717     4984  29.6  0  0  7 21 0 0 0 1 1 0 0 1 0 1 1 1 0 1
2014   2 28  7 32 19 787862  -18.87786 -142.44234     8889  18.6  0  0  5 10 0 0 1 1 0 0 0 1 0 0 1 1 0 0
2014   2 28  7 32 20  46892  -19.81027 -142.29730    24799  38.3  1  0  5 10 0 0 0 0 1 0 0 1 0 1 1 1 0 0
2014   2 28  7 32 20  57067  -21.41210  -46.22311     3545  27.6  0  0  5  8 0 0 0 1 1 0 0 1 0 0 1 0 0 1
2014   2 28  7 32 20  61410  -19.64443 -142.09155     8964  18.7  0  0  5 10 0 0 1 1 0 0 0 1 0 0 1 1 0 0
2014   2 28  7 32 20 180944  -21.68480 -137.29767    73810  42.9  1  0  6 15 0 0 1 1 1 0 0 0 0 1 1 0 0 1
2014   2 28  7 32 20 268876  -19.66975 -143.76907    28429  27.7  1  0  4  6 0 0 0 1 0 0 0 1 0 0 0 1 0 1
2014   2 28  7 32 20 288123  -19.69222 -141.87653    10288  34.2  0  0  6 15 0 0 1 1 0 0 0 1 0 0 1 1 0 1
2014   2 28  7 32 20 560514  -19.57504 -143.03448    15385  11.7  0  0  4  6 0 0 0 1 0 0 0 1 0 0 1 1 0 0
2014   2 28  7 32 20 839206    6.86349  -74.44796     8521  46.8  1  0  6 11 0 0 1 0 1 0 0 1 0 0 1 1 0 1
2014   2 28  7 32 20 904781  -32.40712   17.56222    14195  41.4  1  0  6 15 0 0 1 1 1 0 0 1 0 0 1 0 0 1
2014   2 28  7 32 22  80901   -9.54471    4.47552     9568  37.5  0  0  6 13 0 0 1 1 1 0 0 0 0 0 1 1 0 1
2014   2 28  7 32 22 199036  -21.68300  -50.84315     3784  29.0  0  0  5  9 0 0 1 0 0 0 0 1 0 1 1 1 0 0
2014   2 28  7 32 22 820493  -19.22594 -142.88753    10177  10.2  0  0  4  6 0 0 1 1 0 0 0 1 0 0 0 1 0 0
2014   2 28  7 32 23  31659  -21.62807 -141.60909    13709  65.7  1  0  7 21 0 0 1 1 1 0 0 1 0 0 1 1 0 1
2014   2 28  7 32 24 214159   -4.10097  -71.36880     4491  67.7  1  0  7 21 0 0 1 0 1 0 0 1 0 1 1 1 0 1
2014   2 28  7 32 24 335995   -1.35975  151.87480    64059  16.4  0  0  4  6 0 0 0 1 0 0 0 1 0 0 1 0 0 1
2014   2 28  7 32 24 412167   -4.06108  -71.44687     5378  88.5  2  0  7 21 0 0 1 1 1 0 0 0 0 1 1 1 0 1
2014   2 28  7 32 24 514103   -4.02594  -71.61845     5198  78.6  2  0  6 15 0 0 1 1 1 0 0 1 0 0 1 1 0 0
2014   2 28  7 32 24 764300   -4.02212  -71.50217     6087  85.2  2  0  6 15 0 0 1 1 1 0 0 0 0 0 1 1 0 1
2014   2 28  7 32 24 861088  -20.44995  -52.08759     3397  75.9  2  0  7 21 0 0 1 1 0 0 0 1 0 1 1 1 0 1
2014   2 28  7 32 24 869893  -20.58692  -51.83884     3986  58.8  1  0  6 13 0 0 1 1 1 0 0 1 0 0 1 0 0 1
2014   2 28  7 32 24 880341  -10.64737  169.50719    13379  75.8  2  0  7 21 0 0 1 1 1 0 0 1 0 0 1 1 0 1
2014   2 28  7 32 25 618554  -20.91987  -47.15977     3970  70.3  2  0  6 15 0 0 1 1 1 0 0 1 0 0 1 0 0 1
2014   2 28  7 32 26 899808    6.84882  150.88504    11525  88.1  2  0  7 21 0 0 1 0 1 0 0 1 0 1 1 1 0 1
2014   2 28  7 32 26 974579    7.22862  149.77072     8554  28.8  0  0  5  7 0 0 1 1 0 0 0 1 0 0 1 1 0 0
2014   2 28  7 32 27  15208    6.90854  150.48911    12566 105.0  2  0  7 21 0 0 1 1 1 0 0 1 0 1 0 1 0 1
2014   2 28  7 32 27 314196    7.23076  149.63898     7378  19.3  0  0  5  8 0 0 1 1 0 0 0 1 0 0 1 1 0 0
2014   2 28  7 32 28 456985    6.60289  -76.84751     7749  95.6  2  0  7 19 0 0 1 0 1 0 0 1 0 1 1 1 0 1
2014   2 28  7 32 28 509370  -29.62574  -42.51278     5290  31.1  1  0  5 10 0 0 0 1 1 0 0 1 0 0 1 0 0 1
2014   2 28  7 32 28 517400  -30.27455  -41.96172     6686  82.0  2  0  6 14 0 0 1 1 1 0 0 1 0 0 1 0 0 1
2014   2 28  7 32 29 511546  -28.66561 -136.10251    30330 127.5  2  0  6 15 0 0 1 1 1 0 0 1 0 0 0 1 0 1
2014   2 28  7 32 30   6875   -4.55018  144.53326     8035  94.6  2  0  7 21 0 0 1 1 1 0 0 1 0 1 1 1 0 0
2014   2 28  7 32 30 226398   -3.95249  -71.41898     7193 107.6  2  0  6 15 0 0 1 0 1 0 0 1 0 1 0 1 0 1
2014   2 28  7 32 30 481374   -6.84833  -74.77366     6712 131.5  2  0  7 19 0 0 1 1 1 0 0 1 0 0 1 1 0 1
2014   2 28  7 32 31 886035   -1.10746  -17.15496    44008  75.1  2  0  5 10 0 0 1 0 1 0 0 1 0 0 1 0 0 1
2014   2 28  7 32 31 964872    0.55453  -74.17720     7540  12.7  0  0  5 10 0 0 1 1 1 0 0 0 0 1 0 0 0 1
2014   2 28  7 32 32  13778    1.02388  -12.91651     6591  23.1  0  0  7 20 0 0 1 1 1 0 0 1 0 0 1 1 0 1
2014   2 28  7 32 32 119680    1.07982  -12.53311    12215  22.1  0  0  5  8 0 0 0 1 0 0 0 1 0 0 1 1 0 1
2014   2 28  7 32 32 279343  -30.17822  -41.61640     3558   8.0  0  0  5 10 0 0 1 0 1 0 0 1 0 0 1 0 0 1
2014   2 28  7 32 32 335042  -30.19659  -41.54991     3887  12.4  0  0  5 10 0 0 0 1 1 0 0 1 0 1 1 0 0 0
2014   2 28  7 32 32 366093  -12.78400  -71.51910     2671   2.8  0  0  5 10 0 0 1 0 1 0 0 0 0 1 0 1 1 0
2014   2 28  7 32 32 376851  -30.21271  -41.50936     3861  10.1  0  0  4  6 0 0 1 1 0 0 0 1 0 0 1 0 0 0
2014   2 28  7 32 32 471639  -30.18313  -41.54993     2903   4.8  0  0  5 10 0 0 1 1 1 0 0 0 0 0 1 0 0 1
2014   2 28  7 32 32 518553  -30.23545  -41.43206     5095  46.4  0  0  7 16 0 0 1 1 1 0 0 1 0 0 1 1 0 1
2014   2 28  7 32 32 537462  -30.19370  -41.54053     2791  10.0  0  0  6 15 0 0 1 1 1 0 0 1 0 0 1 0 0 1
2014   2 28  7 32 32 605719  -12.82041  -71.68880     2971  13.7  0  0  7 21 0 0 0 1 1 0 0 1 0 1 1 1 0 1
2014   2 28  7 32 32 688432  -12.81980  -71.72480     2983  14.0  0  0  7 21 0 0 0 1 1 0 0 1 0 1 1 1 0 1
2014   2 28  7 32 32 771536  -12.82122  -71.69865     3032  15.2  0  0  7 21 0 0 0 1 1 0 0 1 0 1 1 1 0 1
2014   2 28  7 32 33   7328  -12.82130  -71.71707     3106  16.7  0  0  7 21 0 0 0 1 1 0 0 1 0 1 1 1 0 1
2014   2 28  7 32 33 200966  -12.78283  -71.61625     2683  19.7  0  0  7 21 0 0 1 1 0 0 0 1 0 1 1 1 0 1
2014   2 28  7 32 33 463734  -21.34332  -46.15904     2828  10.8  0  0  5  8 0 0 1 1 1 0 0 1 0 0 0 0 0 1
2014   2 28  7 32 34 972186  -33.75695  -38.54948     4717  17.3  0  0  4  6 0 0 1 1 0 0 0 0 0 0 1 0 0 1
2014   2 28  7 32 35 185937  -33.73768  -38.68238     3696  23.0  0  0  6 15 0 0 1 1 1 0 0 1 0 0 1 0 0 1
2014   2 28  7 32 35 202420  -11.83938  -72.84190     3146  34.3  0  0  7 21 0 0 1 1 1 0 0 0 0 1 1 1 0 1
2014   2 28  7 32 35 266531  -11.85857  -72.90818     3182  36.6  0  0  7 21 0 0 1 1 0 0 0 1 0 1 1 1 0 1
2014   2 28  7 32 35 613374  -11.91642  -73.10533     4298  32.7  0  0  6 15 0 0 0 1 1 0 0 1 0 0 1 1 0 1
2014   2 28  7 32 35 810305   -9.45047  161.76843    41631   1.0  0  0  4  6 0 0 1 1 0 0 0 1 0 0 1 0 0 0
2014   2 28  7 32 36 165980   -4.25433  -71.73605     3860  36.2  0  0  7 21 0 0 0 1 1 0 0 1 0 1 1 1 0 1
2014   2 28  7 32 36 771561  -31.80855 -136.03462     9826  38.0  0  0  7 21 0 0 1 1 1 0 0 1 0 0 1 1 0 1
2014   2 28  7 32 37 567019    5.04395  -84.42082     4928  36.2  0  0  6 15 0 0 1 1 0 0 0 1 0 0 1 1 0 1
2014   2 28  7 32 37 721313    4.97560  -84.36755     5692  50.7  1  0  7 19 0 0 1 1 1 0 0 1 0 0 1 1 0 1
2014   2 28  7 32 38 156988  -13.68624  -43.42908     3508  35.8  0  0  6 14 0 0 1 0 0 0 0 0 0 1 1 1 1 1
2014   2 28  7 32 38 404243  -22.76233  -45.72203     3741  49.8  1  0  6 12 0 0 1 1 1 0 0 1 0 0 1 0 0 1
2014   2 28  7 32 39  27330  -14.41361  -43.97955     3202  56.9  1  0  7 20 0 0 1 1 1 0 0 1 0 1 1 0 1 0
2014   2 28  7 32 40 189515  -16.41474  -52.01677     3397  71.4  2  0  7 21 0 0 1 1 1 0 0 1 0 1 0 1 0 1
2014   2 28  7 32 40 783930  -22.08026 -143.27666    26861  65.7  2  0  6 15 0 0 0 1 1 0 0 1 0 0 1 1 0 1
2014   2 28  7 32 41 780311  -20.69619  -47.30751     3923  67.2  2  0  6 15 0 0 1 1 1 0 0 1 0 0 1 0 0 1
2014   2 28  7 32 43 730821  -21.44589  -46.16943     4216  77.3  2  0  6 15 0 0 1 1 1 0 0 1 0 0 1 0 0 1
2014   2 28  7 32 43 935033  -21.84084 -142.84460    14237  36.8  1  0  5 10 0 0 1 1 0 0 0 1 0 0 1 1 0 0
2014   2 28  7 32 44 928783  -19.14566 -143.04927    25367 109.1  2  0  6 15 0 0 1 1 1 0 0 1 0 0 0 1 0 1
2014   2 28  7 32 45  35845   -8.92066  160.81718    13166  95.4  2  0  7 21 0 0 1 1 1 0 0 1 0 0 1 1 0 1
2014   2 28  7 32 45  52001   -8.85442  160.56880    18161 102.3  2  0  6 15 0 0 0 1 1 0 0 1 0 0 1 1 0 1
2014   2 28  7 32 45  82812   -8.90407  160.92563    15656  92.9  2  0  6 15 0 0 1 1 1 0 0 1 0 0 1 1 0 0
2014   2 28  7 32 46 423591  -11.28196  -58.32423     4696  56.4  1  0  6 14 0 0 0 1 1 0 0 1 0 1 0 1 0 1
2014   2 28  7 32 47 510801    7.67318  -73.53912     7967 110.0  2  0  7 19 0 0 1 0 1 0 0 1 0 1 1 1 0 1
2014   2 28  7 32 48 191948  -23.39499  -45.79256     3248   9.6  0  0  5  9 0 0 1 1 1 0 0 0 0 0 1 0 0 1
2014   2 28  7 32 48 927378  -16.40144  -51.71054     2894   6.1  0  0  5  7 0 0 0 1 1 0 0 1 0 0 1 0 0 1
2014   2 28  7 32 48 950685   -7.13482  172.88261    15663  24.3  0  0  5  7 0 0 1 1 0 0 0 1 0 0 1 1 0 0
2014   2 28  7 32 49 627988  -16.24383  -51.70787     2440   5.5  0  0  6 15 0 0 1 0 1 0 0 0 0 1 1 1 0 1
2014   2 28  7 32 49 689721  -16.37493  -51.79400     5250 132.8  2  0  7 17 0 0 1 1 1 0 0 0 0 1 1 1 0 1
2014   2 28  7 32 49 961488   -4.21518  -71.49125     2726  15.2  0  0  7 21 0 0 1 0 1 0 0 1 0 1 1 1 0 1
2014   2 28  7 32 50 321011  -21.35007  -46.11819     3149   9.6  0  0  5  7 0 0 0 1 1 0 0 1 0 0 1 0 0 1
2014   2 28  7 32 50 588720  -21.36157  -46.13432     3051  12.6  0  0  5  8 0 0 1 1 1 0 0 1 0 0 0 0 0 1
2014   2 28  7 32 52 357880  -21.19665  -46.13423     3338  13.2  0  0  5  9 0 0 1 0 1 0 0 0 0 1 1 0 0 1
2014   2 28  7 32 52 441139  -21.32885  -46.07787     2698  18.4  0  0  6 15 0 0 1 1 1 0 0 1 0 0 1 0 0 1
2014   2 28  7 32 52 450384  -21.33522  -46.08843     2730  19.5  0  0  6 15 0 0 1 1 1 0 0 1 0 0 1 0 0 1
2014   2 28  7 32 52 647717    6.42191  -76.98738     3765  29.7  0  0  7 21 0 0 1 0 1 0 0 1 0 1 1 1 0 1
2014   2 28  7 32 52 676714    4.57985  -83.86797     9304  20.2  0  0  5  8 0 0 1 0 1 0 0 1 0 0 1 0 0 1
2014   2 28  7 32 52 791214   -4.09903  -71.51903     3225  31.6  0  0  7 21 0 0 1 0 1 0 0 1 0 1 1 1 0 1
2014   2 28  7 32 52 873282    6.43669  -76.92711     8539  45.1  1  0  5 10 0 0 0 1 1 0 0 1 0 0 1 1 0 0
2014   2 28  7 32 52 896285  -24.46595  -45.04713     2869  33.6  0  0  7 21 0 0 1 1 1 0 0 1 0 1 1 0 0 1
2014   2 28  7 32 52 908479  -24.44968  -45.00467     3064  13.6  0  0  5  9 0 0 1 1 1 0 0 0 0 0 1 0 0 1
2014   2 28  7 32 53 384675  -21.13247  -46.89806     2659   9.2  0  0  5 10 0 0 1 0 1 0 0 1 0 0 1 0 0 1
2014   2 28  7 32 53 850356  -20.74630  -46.21695     3026  20.5  0  0  5 10 0 0 0 1 1 0 0 1 0 0 1 0 0 1
2014   2 28  7 32 54 313582  -21.21601  -49.31546     3564  71.4  2  0  7 18 0 0 1 1 1 0 0 1 0 1 1 0 0 1
2014   2 28  7 32 54 557688  -21.33555  -46.10176     2785  12.8  0  0  5 10 0 0 1 0 1 0 0 1 0 0 1 0 0 1
2014   2 28  7 32 54 872842    6.95267  -74.59630     4809  36.6  0  0  6 13 0 0 1 0 1 0 0 1 0 0 1 1 0 1
2014   2 28  7 32 54 892082    4.30880  -72.97820     4163  50.5  1  0  7 21 0 0 1 1 1 0 0 1 0 0 1 1 0 1
2014   2 28  7 32 55 160974   -4.10060  -71.55534     4583  58.1  1  0  6 15 0 0 1 1 1 0 0 1 0 0 1 1 0 0
2014   2 28  7 32 56 304479  -13.22685  -71.92606     7998  58.7  1  0  6 15 0 0 0 1 1 0 0 1 0 1 0 1 0 1
2014   2 28  7 32 57 171572    4.23889  -83.44707     8670  43.7  1  0  6 15 0 0 1 0 1 0 0 1 0 1 1 0 0 1
2014   2 28  7 32 57 499386    4.76422  -71.13861    21062  39.8  1  0  5  9 0 0 0 1 1 0 0 1 0 0 1 0 0 1
2014   2 28  7 32 58 682079  -34.48882 -147.49190   215734  44.9  1  0  5 10 0 0 0 1 1 0 0 1 0 0 1 0 0 1
2014   2 28  7 32 58 688402   -8.52473  159.27518    16930  98.7  2  0  6 14 0 0 1 1 0 0 0 1 0 0 1 1 0 1
2014   2 28  7 32 59 242098  -21.25538 -143.01015    11122  10.0  0  0  4  6 0 0 1 0 0 0 0 1 0 0 1 1 0 0
2014   2 28  7 32 59 465121  -21.74142 -139.85265    12494  15.6  0  0  4  6 0 0 1 0 1 0 0 0 0 1 0 1 0 0
2014   2 28  7 32 59 958938    6.85756  150.77048    21360 121.6  2  0  6 15 0 0 1 1 0 0 0 1 0 0 1 1 0 1
2014   2 28  7 33  0 920043  -21.15342  -45.76482     3872  90.2  2  0  7 21 0 0 1 1 1 0 0 1 0 0 1 1 0 1
2014   2 28  7 33  0 928650  -21.25950  -48.27963     4304  61.2  2  0  6 12 0 0 1 1 1 0 0 1 0 0 1 0 0 1
2014   2 28  7 33  1 541901  -29.96129  -41.23214     4209  58.0  1  0  7 19 0 0 1 1 1 0 0 0 0 1 1 1 0 1
2014   2 28  7 33  1 809645  -16.22428  -51.80540     3323  67.4  1  0  7 21 0 0 1 1 1 0 0 0 0 1 1 1 0 1
2014   2 28  7 33  2 696392   -4.49328  -71.67254     7985 140.7  2  0  7 16 0 0 1 1 0 0 0 1 0 0 1 1 1 1
2014   2 28  7 33  2 748271   -4.56453  -71.71729     6397  91.7  2  0  6 15 0 0 1 0 1 0 0 1 0 1 0 1 0 1
2014   2 28  7 33  2 758051   -4.50452  -71.54431     5479 105.1  2  0  7 21 0 0 1 1 1 0 0 1 0 0 1 1 0 1
2014   2 28  7 33  2 775896   -4.42956  -71.19273     4806  51.4  1  0  6 14 0 0 1 1 1 0 0 0 0 0 1 1 0 1
2014   2 28  7 33  2 894674  -15.24740 -161.89882   111800  30.9  1  0  5 10 0 0 1 1 1 0 0 0 0 0 1 0 0 1
2014   2 28  7 33  3  29482    1.92895  -84.26041     7617  97.3  2  0  7 20 0 0 1 0 1 0 0 1 0 1 1 1 0 1
2014   2 28  7 33  3 136104  -21.34587  -45.81427     4088  63.2  2  0  6 15 0 0 1 1 1 0 0 1 0 0 1 0 0 1
2014   2 28  7 33  3 345876  -11.02288  -56.58890     4583  31.7  1  0  5 10 0 0 0 1 1 0 0 1 0 0 1 0 0 1
2014   2 28  7 33  3 376605  -30.33388  -41.02296     4528  69.4  1  0  7 20 0 0 1 1 1 0 0 0 0 1 1 1 0 1
2014   2 28  7 33  3 388023  -30.36231  -41.13688     5714 114.3  2  0  7 21 0 0 1 1 1 0 0 1 0 1 1 1 0 0
2014   2 28  7 33  3 644596  -19.54247 -132.40730    27181  31.4  1  0  5 10 0 0 0 1 0 0 0 0 0 1 1 1 0 1
2014   2 28  7 33  3 920101  -26.43894 -112.14668    43948  15.8  0  0  4  6 0 0 0 1 0 0 0 1 0 0 1 0 0 1
2014   2 28  7 33  5  56956  -22.71560  -45.73885     2442  17.1  0  0  7 20 0 0 0 1 1 0 0 1 0 1 1 1 0 1
2014   2 28  7 33  5 397254  -22.54710  -46.12855     4338 106.0  2  0  7 20 0 0 1 1 0 0 0 1 0 1 1 1 0 1
2014   2 28  7 33  6 459079  -12.82086  -71.65060     3926  25.7  0  0  6 15 0 0 0 1 1 0 0 1 0 0 1 1 0 1
2014   2 28  7 33  7 474881    1.75719    6.15945    17159  11.0  0  0  4  6 0 0 1 1 1 0 0 1 0 0 0 0 0 0
2014   2 28  7 33  7 618422  -20.76320  -47.18148     2732  21.8  0  0  6 15 0 0 1 1 1 0 0 1 0 0 1 0 0 1
2014   2 28  7 33  8 228697  -21.88214 -140.77010    11512  37.1  0  0  6 15 0 0 1 1 0 0 0 1 0 0 1 1 0 1
2014   2 28  7 33  8 797754  -21.37701  -46.10617     3445  33.9  1  0  5 10 0 0 0 1 1 0 0 1 0 0 1 0 0 1
2014   2 28  7 33  8 860231  -21.14769  -46.35166     3774  25.6  0  0  5  9 0 0 1 1 1 0 0 0 0 0 1 0 0 1
2014   2 28  7 33  8 982637  -21.26475  -46.16441     3561  29.9  0  0  5  8 0 0 0 1 1 0 0 0 0 1 1 0 0 1
2014   2 28  7 33  9  11876  -21.32932  -46.11340     2729  36.8  0  0  7 20 0 0 1 1 1 0 0 1 0 0 1 1 0 1
2014   2 28  7 33 10 462325    6.61249  -77.92120     4792  37.0  0  0  6 15 0 0 1 0 1 0 0 1 0 0 1 1 0 1
2014   2 28  7 33 10 740161   -7.41350    6.44159    16756  46.9  1  0  6 15 0 0 1 1 1 0 0 1 0 0 1 0 0 1
2014   2 28  7 33 10 837798  -10.20069  162.59311    93653  29.9  1  0  4  6 0 0 1 0 0 0 0 1 0 0 1 0 0 1
2014   2 28  7 33 10 961575  -20.82411 -171.59727    17319  60.0  1  0  7 21 0 0 1 1 1 0 0 1 0 0 1 1 0 1
2014   2 28  7 33 11 960776  -21.12440  -46.88176     3094  62.5  1  0  7 21 0 0 1 1 0 0 0 1 0 1 1 1 0 1
2014   2 28  7 33 11 994360  -21.23979  -46.70384     4006  41.6  1  0  5  9 0 0 0 1 1 0 0 1 0 0 1 0 0 1
2014   2 28  7 33 12 677059    4.64060  153.75481    12178  78.3  2  0  7 21 0 0 1 1 1 0 0 1 0 0 1 1 0 1
2014   2 28  7 33 12 946342    4.78665  153.58658    14353  63.9  2  0  5 10 0 0 1 0 1 0 0 1 0 1 0 1 0 0
2014   2 28  7 33 13 347197  -22.73779  -45.62487     3878  74.2  2  0  6 15 0 0 0 1 0 0 0 1 0 1 1 1 0 1
2014   2 28  7 33 13 438015  -21.34675  -45.98011     3632  51.4  1  0  6 15 0 0 1 1 1 0 0 1 0 0 1 0 0 1
2014   2 28  7 33 13 911871  -33.88881  -38.18299     5140  68.5  1  0  7 21 0 0 1 1 1 0 0 1 0 1 1 0 0 1
2014   2 28  7 33 13 969359  -32.49095  -40.24541     5541   1.3  0  0  5 10 0 0 0 0 1 0 0 1 0 1 1 0 0 1
2014   2 28  7 33 14  29863  -33.68029  -38.12389     8697  36.9  1  0  5 10 0 0 0 1 1 0 0 0 0 0 1 1 0 1
2014   2 28  7 33 14 121775  -11.95883  -72.95296     4306  74.8  2  0  7 21 0 0 1 1 1 0 0 1 0 1 0 1 0 1
2014   2 28  7 33 14 363498    5.94041  -73.60320     9459  64.9  1  0  7 21 0 0 1 1 1 0 0 1 0 1 1 0 0 1
2014   2 28  7 33 14 667164    6.93487  -74.46915     7074  79.4  2  0  6 14 0 0 1 1 1 0 0 1 0 0 0 1 0 1
2014   2 28  7 33 15 102260   -3.41653  -70.47533     5542  21.9  1  0  4  6 0 0 0 1 0 0 0 0 0 0 1 1 0 1
2014   2 28  7 33 15 230090   -5.73910  156.37039     5031  71.6  2  0  7 21 0 0 1 0 1 0 0 1 1 0 1 0 1 1
2014   2 28  7 33 15 322757    5.86792  -73.44798    13898  77.3  2  0  6 15 0 0 1 1 0 0 0 1 0 1 1 0 0 1
2014   2 28  7 33 15 703383    7.02978  -74.41227     6060  77.5  2  0  7 20 0 0 1 0 1 0 0 1 0 1 1 1 0 1
2014   2 28  7 33 15 750562   -0.51055  -17.60905     6588  66.9  1  0  7 16 0 0 1 1 1 0 0 0 1 0 1 1 0 1
2014   2 28  7 33 16 609552  -24.79940  -44.81362     5341  80.1  2  0  6 15 0 0 1 1 1 0 0 1 0 0 1 0 0 1
2014   2 28  7 33 17 103701   33.78088 -167.02927    11379  56.1  1  0  7 20 0 0 1 1 1 0 0 0 0 1 1 1 0 1
2014   2 28  7 33 17 573475  -24.91310  -44.93384     5560  84.2  2  0  6 15 0 0 1 1 1 0 0 1 0 0 1 0 0 1
2014   2 28  7 33 17 782233  -28.89773 -134.35736    17979  86.5  2  0  7 21 0 0 1 0 1 0 0 1 0 1 1 1 0 1
2014   2 28  7 33 17 840786  -21.21872  -46.01403     3903  96.1  2  0  7 21 0 0 1 1 1 0 0 1 0 0 1 1 0 1
2014   2 28  7 33 17 925039  -33.94500  -38.20754     7779 100.3  2  0  7 19 0 0 1 1 1 0 0 1 0 1 0 1 0 1
2014   2 28  7 33 17 982015  -33.55323  -38.11235     9453  60.8  2  0  6 15 0 0 0 1 1 0 0 0 0 1 1 1 0 1
2014   2 28  7 33 18  39258  -32.02700  -40.81713     7171   0.5  0  0  4  6 0 0 0 0 0 0 0 1 0 1 1 0 0 1
2014   2 28  7 33 18 480450  -34.01760  -37.95557     6455  96.5  2  0  7 21 0 0 1 1 1 0 0 1 0 1 1 0 0 1
2014   2 28  7 33 18 498330    9.30244  -73.29855     6938  94.3  2  0  7 21 0 0 1 0 1 0 0 1 0 1 1 1 0 1
2014   2 28  7 33 18 585783  -34.12812  -37.66277     7141  85.2  2  0  6 15 0 0 1 1 1 0 0 1 0 0 1 0 0 1
2014   2 28  7 33 18 640878    9.05398  -71.83987     7058  32.8  1  0  5  7 0 0 0 1 1 0 0 0 0 0 1 1 0 1
2014   2 28  7 33 18 829789   -0.09344   16.45363    49498  16.4  0  0  4  6 0 0 1 1 0 0 0 0 0 0 1 0 0 1
2014   2 28  7 33 20 263225   -6.42059    7.44920     8329   4.4  0  0  5 10 0 0 1 1 1 0 0 1 0 0 0 0 0 1
2014   2 28  7 33 20 633919  -10.73625  -56.98355     2536   8.7  0  0  6 14 0 0 0 1 1 0 0 1 0 0 1 1 0 1
2014   2 28  7 33 20 737559  -21.36794  -46.17236     2609   6.6  0  0  5  9 0 0 1 1 0 0 0 1 0 0 1 0 0 1
2014   2 28  7 33 20 752552  -10.75985  -56.96296     2371   8.7  0  0  7 21 0 0 0 1 1 0 0 1 0 1 1 1 0 1
2014   2 28  7 33 20 961576  -21.37776  -46.17431     2455   9.9  0  0  6 15 0 0 1 1 1 0 0 1 0 0 1 0 0 1
2014   2 28  7 33 20 974692   23.27442  -85.76411     8567  11.6  0  0  6 11 0 0 1 1 1 0 0 1 0 0 1 1 0 0
2014   2 28  7 33 21  88143   -6.95761    8.22999    13484   6.5  0  0  4  6 0 0 1 1 0 0 0 1 0 0 1 0 0 0
2014   2 28  7 33 21 496981  -19.90546 -141.04045    14404  12.4  0  0  5 10 0 0 1 1 0 0 0 1 0 0 1 0 0 1
2014   2 28  7 33 21 724264  -19.85030 -141.43121     5280  14.5  0  0  7 21 0 0 1 1 0 0 0 1 0 1 1 1 0 1
2014   2 28  7 33 21 804844  -23.92426  -45.50647     3154  24.8  0  0  6 13 0 0 1 1 1 0 0 1 0 1 0 0 0 1
2014   2 28  7 33 21 954272    4.87020  -84.19972     3599  20.5  0  0  7 19 0 0 1 1 1 0 0 1 0 0 1 1 0 1
2014   2 28  7 33 22 312644  -20.67552  -47.43906     3574  23.6  0  0  5  8 0 0 0 1 1 0 0 1 0 0 1 0 0 1
2014   2 28  7 33 24 475737    5.46127  -72.43087     4257  34.0  0  0  6 13 0 0 1 0 1 0 0 1 0 0 1 1 0 1
2014   2 28  7 33 24 781775    6.86306  -74.08962     3907  43.5  0  0  7 21 0 0 1 1 1 0 0 1 0 0 1 1 0 1
2014   2 28  7 33 26  66736    5.15524  -73.41253     9317  42.8  1  0  5  8 0 0 0 1 1 0 0 1 0 0 0 1 0 1
2014   2 28  7 33 26 916999  -21.16578 -143.11627    30090  19.9  0  0  4  6 0 0 1 1 0 0 0 1 0 0 1 0 0 0
2014   2 28  7 33 27 138575  -21.58380 -141.81181    12503  60.7  1  0  7 21 0 0 1 1 1 0 0 1 0 0 1 1 0 1
2014   2 28  7 33 27 426757  -21.42301  -46.26888     3627  28.4  0  0  5  9 0 0 1 1 1 0 0 0 0 0 1 0 0 1
2014   2 28  7 33 27 529768  -21.19873  -46.56830     4353  64.2  2  0  5 10 0 0 0 1 1 0 0 1 0 1 1 0 0 0
2014   2 28  7 33 27 563282    6.99808  -73.69063     4678  54.3  1  0  7 21 0 0 1 0 1 0 0 1 0 1 1 1 0 1
2014   2 28  7 33 28 209326  -29.49011  -42.47649     5228  13.4  0  0  5 10 0 0 0 0 1 0 0 1 0 1 1 0 0 1
2014   2 28  7 33 28 234666  -30.02261  -42.12945     3401  36.9  0  0  7 18 0 0 1 1 1 0 0 1 0 1 0 1 0 1
2014   2 28  7 33 28 487651    7.02159  -74.68654     6491  80.4  2  0  6 15 0 0 1 1 1 0 0 1 0 0 0 1 0 1
2014   2 28  7 33 28 820373    6.91233  -74.12447     6646  41.2  1  0  5  9 0 0 1 0 1 0 0 0 0 0 1 1 0 1
2014   2 28  7 33 29 958537   -4.65474  -70.79354     5169  13.8  0  0  5  7 0 0 1 0 1 0 0 1 0 1 0 0 0 1
2014   2 28  7 33 30  57483   30.09581 -129.44263    21509 101.3  2  0  7 21 0 0 1 1 1 0 0 1 0 0 1 1 0 1
2014   2 28  7 33 30 192968    6.08921  -76.37429    39258  94.0  2  0  6 15 0 0 0 1 1 0 0 1 0 1 1 0 0 1
2014   2 28  7 33 30 317787    6.94185  -76.88880     5955  71.0  2  0  7 20 0 0 1 0 1 0 0 1 0 1 1 1 0 1
2014   2 28  7 33 30 610416   -6.54222  -69.83303     6713   1.8  0  0  4  6 0 0 1 1 0 0 0 0 0 1 0 0 0 1
2014   2 28  7 33 33 897983   -7.48197    8.38861    37405 116.2  2  0  6 15 0 0 1 1 1 0 0 1 0 0 1 0 0 1
2014   2 28  7 33 34 119668  -21.46591  -46.34892     4128 113.7  2  0  7 21 0 0 1 1 1 0 0 1 0 1 1 0 0 1
2014   2 28  7 33 34 126956  -20.76690 -144.39992    19276  47.1  1  0  5  9 0 0 1 1 0 0 0 1 0 0 1 1 0 0
2014   2 28  7 33 34 352290  -20.80548 -144.30289    18103  47.8  1  0  5 10 0 0 1 1 0 0 0 1 0 0 1 1 0 0
2014   2 28  7 33 34 464896    8.18615  -84.74835    17743 130.9  2  0  7 21 0 0 0 1 1 0 0 1 0 1 1 1 0 1
2014   2 28  7 33 34 508312    7.78716  -83.03240     8152  98.5  2  0  7 21 0 0 1 0 1 0 0 1 0 1 1 1 0 1
2014   2 28  7 33 34 956875  -30.17733  -42.17343     6464 120.0  2  0  7 21 0 0 1 1 0 0 0 1 0 1 1 1 0 1
2014   2 28  7 33 35  69734  -30.24909  -42.06033     7812 103.1  2  0  6 15 0 0 1 1 1 0 0 1 0 0 1 0 0 1
2014   2 28  7 33 35 136678  -30.25102  -42.05568     7811 102.9  2  0  6 15 0 0 1 1 1 0 0 1 0 0 1 0 0 1
2014   2 28  7 33 35 198115    4.56382  -73.65481     7216 129.8  2  0  7 20 0 0 1 1 1 0 0 1 0 0 1 1 0 1
2014   2 28  7 33 35 216751    4.57335  -73.65624     7205 129.7  2  0  7 20 0 0 1 1 1 0 0 1 0 0 1 1 0 1
2014   2 28  7 33 36 471107  -32.33354 -133.80652     6405   8.6  0  0  6 15 0 0 1 1 0 0 0 1 0 0 1 1 0 1
2014   2 28  7 33 36 733053  -20.47059  -46.34855     2353   3.1  0  0  6 15 0 0 1 1 0 0 0 0 0 1 1 1 0 1
2014   2 28  7 33 36 761538  -20.50877  -46.33086     2667   3.5  0  0  5 10 0 0 1 0 1 0 0 1 0 0 1 0 0 1
2014   2 28  7 33 36 838848  -21.33266  -46.17642     2561   6.2  0  0  5 10 0 0 0 1 1 0 0 1 0 0 1 0 0 1
2014   2 28  7 33 37 573595   -4.19819  -71.44804     2832  15.4  0  0  6 15 0 0 1 1 0 0 0 1 0 0 1 1 0 1
2014   2 28  7 33 37 629433   -4.31400  -71.32246     3305  15.3  0  0  7 21 0 0 1 1 1 0 0 1 0 1 1 0 0 1
2014   2 28  7 33 37 663067   -4.21868  -71.49713     3051  18.3  0  0  7 21 0 0 0 1 1 0 0 1 0 1 1 1 0 1
2014   2 28  7 33 37 699041   -4.01786  -71.53050     8223   8.8  0  0  4  6 0 0 1 1 0 0 0 0 0 0 1 0 0 1
2014   2 28  7 33 37 758069  -20.66040  -46.35736     2969   3.5  0  0  5  7 0 0 1 1 1 0 0 1 0 0 1 0 0 0
2014   2 28  7 33 37 766294  -20.63867  -46.39034     2790   9.2  0  0  5  8 0 0 0 1 1 0 0 1 0 0 1 0 0 1
2014   2 28  7 33 37 784325  -20.62289  -46.43497     2471  18.6  0  0  7 21 0 0 1 1 1 0 0 1 0 0 1 1 0 1
2014   2 28  7 33 37 797925   -4.21280  -71.48611     3096  19.2  0  0  7 21 0 0 0 1 1 0 0 1 0 1 1 1 0 1
2014   2 28  7 33 37 856433  -22.69039  -45.70585     3040  12.1  0  0  4  6 0 0 0 1 0 0 0 1 0 0 1 0 0 1
2014   2 28  7 33 38 129053  -22.62159  -45.70463     2564  14.8  0  0  6 15 0 0 1 1 1 0 0 1 0 0 1 0 0 1
2014   2 28  7 33 38 510786  -28.71123 -133.90479     6734  23.1  0  0  7 21 0 0 1 1 1 0 0 1 0 1 0 1 0 1
2014   2 28  7 33 39  96971    4.86446  -84.11695     6170  26.8  0  0  6 15 0 0 0 1 1 0 0 1 0 0 1 1 0 1
2014   2 28  7 33 39 316716  -16.43011  -51.91283     2653  27.6  0  0  7 21 0 0 1 0 1 0 0 1 0 1 1 1 0 1
2014   2 28  7 33 39 326060  -16.36497  -51.85789     2549  21.5  0  0  7 19 0 0 1 1 1 0 0 0 0 1 1 1 0 1
2014   2 28  7 33 39 335325  -16.42350  -51.77459     2737  15.0  0  0  6 13 0 0 1 1 1 0 0 1 0 0 1 0 0 1
2014   2 28  7 33 39 878767    6.49296  -78.24426     8922  31.3  1  0  5 10 0 0 0 1 1 0 0 1 0 0 0 1 0 1
2014   2 28  7 33 40   9455  -21.25449  -46.13558     3104   6.8  0  0  4  6 0 0 1 1 0 0 0 0 0 0 1 0 0 1
2014   2 28  7 33 40 187816  -21.29653  -46.07320     4060 106.6  2  0  7 16 0 0 0 1 1 0 0 1 0 0 1 1 1 1
2014   2 28  7 33 40 521002  -22.59127 -140.02898    17258  44.5  1  0  5 10 0 0 1 1 0 0 0 1 0 0 1 1 0 0
2014   2 28  7 33 40 603940    5.00854  -72.52754     4217  36.6  0  0  6 14 0 0 1 1 1 0 0 1 0 0 1 1 0 0
2014   2 28  7 33 40 977923  -24.53990  -45.08415     2872  24.0  0  0  6 15 0 0 1 1 1 0 0 0 0 1 1 0 0 1
2014   2 28  7 33 41   5335  -25.03317  -44.91805     4543  14.6  0  0  5 10 0 0 0 1 1 0 0 1 0 1 0 0 0 1
2014   2 28  7 33 41 174581  -21.15949  -46.29276     2870  25.1  0  0  6 15 0 0 1 1 1 0 0 1 0 0 1 0 0 1
2014   2 28  7 33 43  50951   -9.97754  160.67334     8320  42.3  0  0  7 21 0 0 1 0 1 0 0 1 0 1 1 1 0 1
2014   2 28  7 33 43 256351  -25.15830  -44.70384     4537  33.7  1  0  5 10 0 0 1 0 0 0 0 0 0 1 1 1 0 1
2014   2 28  7 33 43 309772  -44.14369  -68.84808    73919  34.5  1  0  5 10 0 0 1 1 1 0 0 0 0 0 1 0 0 1
2014   2 28  7 33 43 324297  -17.25020  170.36165    67554  29.8  0  0  5 10 0 0 1 1 1 0 0 1 0 0 0 0 0 1
2014   2 28  7 33 43 430006    6.89704  -74.41002     8184  57.3  1  0  6 14 0 0 0 1 1 0 0 1 0 0 1 1 0 1
2014   2 28  7 33 43 898146  -23.23000  -46.21857     4277  20.1  0  0  5  7 0 0 1 0 1 0 0 1 0 1 1 0 0 0
2014   2 28  7 33 44 261959  -11.19999  -73.51533     6290   2.8  0  0  4  6 0 0 1 1 0 0 0 0 0 0 1 0 0 1
2014   2 28  7 33 44 717147  -20.62739  -47.43283     4039  52.6  2  0  5 10 0 0 1 0 1 0 0 1 0 1 0 0 0 1
2014   2 28  7 33 45 109320  -32.32549   21.23443    16209  19.9  0  0  5 10 0 0 1 1 1 0 0 0 0 0 1 0 0 1
2014   2 28  7 33 45 574854  -21.31791  -46.01274     4670  67.9  2  0  6 14 0 0 1 1 1 0 0 1 0 0 1 1 0 0
2014   2 28  7 33 45 600995    6.20020  -82.47324     6007  70.6  2  0  7 21 0 0 1 1 1 0 0 1 0 1 0 1 0 1
2014   2 28  7 33 45 728961    4.91602  -83.70409     5623  44.2  1  0  6 15 0 0 1 1 1 0 0 0 0 0 1 1 0 1
2014   2 28  7 33 46   6828   -1.53446    3.60785    24399  62.5  2  0  6 15 0 0 1 1 1 0 0 1 0 0 1 0 0 1
2014   2 28  7 33 46 578893   -2.43825   13.00066    39463  24.7  0  0  5 10 0 0 1 1 1 0 0 0 0 0 1 0 0 1
2014   2 28  7 33 46 973956  -25.40233  -44.32265     4628  62.5  2  0  6 15 0 0 1 1 1 0 0 1 0 0 1 0 0 1
2014   2 28  7 33 46 997778  -25.39034  -44.31671     4616  62.4  2  0  6 15 0 0 1 1 1 0 0 1 0 0 1 0 0 1
2014   2 28  7 33 47  71681  -21.75089 -133.72455    28978  21.8  1  0  4  6 0 0 0 1 0 0 0 0 0 1 1 1 0 0
2014   2 28  7 33 48 443744  -21.10143  -46.88930     4566 106.1  2  0  6 14 0 0 0 1 0 0 0 1 0 1 1 1 0 1
2014   2 28  7 33 49 179143   -6.87638  172.89648    21806  90.3  2  0  6 15 0 0 1 0 1 0 0 1 0 1 1 1 0 0
2014   2 28  7 33 49 269274   -6.32851  171.56549     8548   3.7  0  0  4  6 0 0 1 0 0 0 0 1 0 0 1 1 0 0
2014   2 28  7 33 49 827576   -6.84376  172.85767    22305  91.2  2  0  6 15 0 0 1 0 0 0 0 1 0 1 1 1 0 1
2014   2 28  7 33 49 947862   -7.53788  174.03827    19732  95.4  2  0  7 21 0 0 1 1 1 0 0 1 0 1 0 1 0 1
2014   2 28  7 33 50 104619   -7.60952  176.01375    15262  67.4  1  0  7 21 0 0 1 1 1 0 0 0 0 1 1 1 0 1
2014   2 28  7 33 52  25003  -34.15235  -38.21189     6244  23.1  1  0  4  6 0 0 1 1 1 0 0 1 0 0 0 0 0 0
2014   2 28  7 33 52 102264  -22.74564  -45.72790     3553  11.5  0  0  4  6 0 0 1 1 1 0 0 1 0 0 0 0 0 0
2014   2 28  7 33 52 702989  -12.17448  -71.75257     3527  21.8  0  0  5  8 0 0 1 0 1 0 0 1 0 1 0 1 0 0
2014   2 28  7 33 53  11592  -12.13106  -71.76885     3198  11.3  0  0  5  8 0 0 1 1 1 0 0 0 0 1 0 1 0 0
2014   2 28  7 33 54 340213  -19.55328 -142.05573    10386  10.7  0  0  4  6 0 0 1 1 0 0 0 1 0 0 0 1 0 0
2014   2 28  7 33 56 282239  -30.38920  -41.62791     4519  17.0  0  0  4  6 0 0 1 1 1 0 0 1 0 0 0 0 0 0
2014   2 28  7 33 56 312768  -30.38712  -41.63437     4497  16.9  0  0  4  6 0 0 1 1 1 0 0 1 0 0 0 0 0 0
2014   2 28  7 33 56 429902   -3.42817  -71.61940     4093  37.8  1  0  5 10 0 0 1 1 1 0 0 1 0 0 0 1 0 0
2014   2 28  7 33 58 483997  -30.09330  -42.09477     4162   4.9  0  0  4  6 0 0 1 0 1 0 0 1 0 1 0 0 0 0
2014   2 28  7 33 58 712751  -30.18034  -41.86974     4183  13.5  0  0  4  6 0 0 1 1 1 0 0 1 0 0 0 0 0 0
2014   2 28  7 33 59 214427  -12.34399  -71.70427     5044  79.4  2  0  6 15 0 0 1 1 1 0 0 1 0 1 0 1 0 0
2014   2 28  7 33 59 304440  -12.68441  -72.56075     7390  41.9  1  0  5 10 0 0 0 1 1 0 0 1 0 1 0 1 0 0
2014   2 28  7 34  0 717234  -22.08281  -46.35549     4002  57.7  1  0  6 11 0 0 1 1 1 0 0 1 0 1 0 1 0 0
2014   2 28  7 34  1 616320  -17.68509 -143.76376    11690  15.5  0  0  4  6 0 0 1 1 0 0 0 1 0 0 0 1 0 0
2014   2 28  7 34  2 121596  -24.58010  -45.65646     3836  49.9  1  0  6 13 0 0 1 1 1 0 0 1 0 1 0 1 0 0
2014   2 28  7 34  2 129467  -24.64860  -45.58175     3349  13.1  0  0  4  6 0 0 1 1 1 0 0 1 0 0 0 0 0 0
2014   2 28  7 34  3 657449   -4.12977  -71.75290     6784 116.3  2  0  6 15 0 0 1 1 1 0 0 1 0 1 0 1 0 0
2014   2 28  7 34  6 268055  -10.57355  -58.13751     4655 116.4  2  0  7 21 0 0 1 1 1 0 0 1 0 1 0 1 1 0
2014   2 28  7 34  7 431148  -29.82070  -42.60690     2943   9.3  0  0  5 10 0 0 1 1 1 0 0 1 0 1 0 0 0 0
2014   2 28  7 34  9 947024  -33.77456  -38.62859     5410  17.7  0  0  4  6 0 0 1 1 1 0 0 1 0 0 0 0 0 0
2014   2 28  7 34  9 960567  -33.77134  -38.60460     4644  16.3  0  0  4  6 0 0 1 1 0 0 0 1 0 1 0 0 0 0
2014   2 28  7 34 10 426565  -21.86252  -50.58683     3389  23.4  0  0  5  7 0 0 1 1 1 0 0 1 0 1 0 0 0 0
2014   2 28  7 34 11 668370    4.01906  -73.00370     7606  27.6  0  0  5 10 0 0 1 1 1 0 0 1 0 1 0 0 0 0
2014   2 28  7 34 11 983606   -5.09057  -70.75682     6954   2.8  0  0  4  6 0 0 1 1 1 0 0 0 0 1 0 0 0 0
2014   2 28  7 34 12 191463   -4.38297  -71.25266     6460  35.8  1  0  5 10 0 0 1 1 1 0 0 1 0 1 0 0 0 0
2014   2 28  7 34 13 265223   -4.84555  -71.53992     7445  45.3  1  0  5 10 0 0 1 1 1 0 0 1 0 1 0 0 0 0
2014   2 28  7 34 14 171309  -20.47268 -139.88945    37979  56.3  2  0  5 10 0 0 1 1 1 0 0 1 0 1 0 0 0 0
2014   2 28  7 34 14 613272  -21.17799  -47.26846     3327  16.1  0  0  4  6 0 0 1 1 0 0 0 1 0 1 0 0 0 0
2014   2 28  7 34 14 674182  -12.50011  -71.43561     7348  60.8  2  0  5 10 0 0 1 1 1 0 0 1 0 1 0 0 0 0
2014   2 28  7 34 14 907629  -21.28202  -46.99925     3654  40.6  1  0  5  9 0 0 1 1 1 0 0 1 0 1 0 0 0 0
2014   2 28  7 34 16 413905    3.50623  -72.70278    14746  70.4  2  0  5 10 0 0 1 1 1 0 0 1 0 1 0 0 0 0
2014   2 28  7 34 20 669809  -25.67201  -44.89274     3680  16.8  0  0  4  6 0 0 1 1 1 0 0 1 0 0 0 0 0 0
2014   2 28  7 34 20 850705  -21.72066  170.82967    92629  37.5  1  0  4  6 0 0 1 0 1 0 0 1 0 1 0 0 0 0
2014   2 28  7 34 22 524968   -3.25975  -80.00433    10374   8.6  0  0  4  6 0 0 1 1 1 0 0 0 0 1 0 0 0 0
