2014   2 28  1 34 40 160833  -23.97955  -47.08101     2971   6.0  0  0  5  8 0 0 0 1 1 0 0 1 0 0 1 0 0 1
2014   2 28  1 34 40 902879    9.38328  -74.25184     9481   4.3  0  0  5 10 0 0 0 1 1 0 0 1 0 0 1 0 0 1
2014   2 28  1 34 41 440387  -22.51827 -136.09579    11709  50.6  1  0  7 21 0 0 1 1 1 0 0 1 0 0 1 1 0 1
2014   2 28  1 34 41 470904  -22.52040 -135.60146    12932   6.3  0  0  4  6 0 0 0 1 0 0 0 1 0 0 1 1 0 0
2014   2 28  1 34 41 488106  -22.50949 -135.37270     5507   8.1  0  0  6 15 0 0 1 1 1 0 0 1 0 0 1 1 0 0
2014   2 28  1 34 41 553725   -5.45340  -48.90766     2874   5.1  0  0  5  9 0 0 0 1 1 0 0 1 0 0 1 0 0 1
2014   2 28  1 34 41 713211  -22.48838  -48.85141     2653  13.3  0  0  6 11 0 0 1 1 1 0 0 1 0 0 1 0 0 1
2014   2 28  1 34 41 725236  -22.43361  -49.00057     2477  20.5  0  0  7 20 0 0 1 1 1 0 0 1 0 1 1 1 0 0
2014   2 28  1 34 41 745447  -22.46912  -48.91930     3715  40.4  1  0  6 11 0 0 1 1 1 0 0 1 0 0 1 0 0 1
2014   2 28  1 34 41 917826  -22.52542  -48.74772     2961   3.1  0  0  5  7 0 0 1 1 1 0 0 0 0 0 1 0 0 1
2014   2 28  1 34 43 276763    4.13114  -72.12357     5127  23.8  0  0  6 11 0 0 0 1 1 0 0 1 0 0 1 1 0 1
2014   2 28  1 34 43 651664    3.96061  -72.11203     5950  39.4  1  0  5  9 0 0 0 1 0 0 0 1 0 1 1 1 0 0
2014   2 28  1 34 43 967916   -5.43364  -73.79546     3805  21.6  0  0  5 10 0 0 1 0 1 0 0 0 0 1 1 1 0 0
2014   2 28  1 34 44 244562    4.13272  -71.89529     4989  28.7  0  0  5  9 0 0 0 1 0 0 0 1 0 0 1 1 0 1
2014   2 28  1 34 45 846087    4.18359  -71.92126     6602  45.3  1  0  5  8 0 0 0 1 1 0 0 1 0 0 1 1 0 0
2014   2 28  1 34 45 853032    4.18373  -72.08687    10055  48.9  1  0  5  7 0 0 0 1 1 0 0 0 0 0 1 1 0 1
2014   2 28  1 34 45 861321    4.07397  -71.61295     3776  39.9  0  0  7 20 0 0 1 0 1 0 0 1 0 1 1 1 0 1
2014   2 28  1 34 46 259635    4.61855  -71.34544     5094  51.2  1  0  7 20 0 0 0 1 1 0 0 1 0 1 1 1 0 1
2014   2 28  1 34 46 286902    4.67253  -71.22414     6155  43.6  1  0  5  9 0 0 0 1 0 0 0 1 0 0 1 1 0 1
2014   2 28  1 34 46 756769  -19.57246  -50.82245     2954  51.6  1  0  7 21 0 0 1 1 1 0 0 1 0 1 1 0 0 1
2014   2 28  1 34 47 320683  -24.05576  -45.93606     3772  54.5  1  0  6 15 0 0 1 1 1 0 0 1 0 0 1 0 0 1
2014   2 28  1 34 47 341671  -10.03736  -76.50244     4816  59.8  1  0  6 15 0 0 1 1 1 0 0 1 0 0 1 1 0 0
2014   2 28  1 34 47 436336  -24.02364  -45.95348     4833  60.5  2  0  5 10 0 0 0 1 1 0 0 1 0 0 1 0 0 1
2014   2 28  1 34 47 595876  -24.54745  -50.22697     5220  71.7  2  0  6 12 0 0 1 1 1 0 0 1 0 0 1 0 0 1
2014   2 28  1 34 47 725235  -35.84600  -49.51853     5701  16.2  0  0  4  6 0 0 1 1 1 0 0 1 0 0 0 0 0 0
2014   2 28  1 34 48 482105  -24.15684  -46.01906     3102  21.4  0  0  5 10 0 0 1 1 1 0 0 1 0 0 1 0 0 0
2014   2 28  1 34 49   3601  -15.97188  -49.68946     3421  61.5  1  0  7 21 0 0 1 0 1 0 0 1 0 1 1 1 0 1
2014   2 28  1 34 49 189640  -32.75048  -42.90505     5703  61.2  2  0  6 15 0 0 1 1 1 0 0 1 0 0 1 0 0 1
2014   2 28  1 34 49 212354  -32.81711  -42.81492     6498  58.2  2  0  5 10 0 0 1 1 0 0 0 1 0 0 1 0 0 1
2014   2 28  1 34 49 340712  -31.97032  -43.46629     5606  24.5  0  0  5 10 0 0 0 1 1 0 0 1 0 0 1 0 0 1
2014   2 28  1 34 49 392372  -25.69939  -44.76381     3165  43.4  0  0  7 21 0 0 1 1 1 0 0 1 0 1 1 0 0 1
2014   2 28  1 34 49 402998  -25.71661  -44.71234     3749  44.6  1  0  6 15 0 0 1 1 1 0 0 1 0 0 1 0 0 1
2014   2 28  1 34 49 443614  -25.71784  -44.71845     3787  45.4  1  0  6 15 0 0 1 1 1 0 0 1 0 0 1 0 0 1
2014   2 28  1 34 49 464942  -25.71231  -44.71859     3754  44.8  1  0  6 15 0 0 1 1 1 0 0 1 0 0 1 0 0 1
2014   2 28  1 34 49 591800  -25.70236  -44.73366     3782  45.3  1  0  6 15 0 0 1 1 1 0 0 1 0 0 1 0 0 1
2014   2 28  1 34 49 814735  -25.60798  -44.81974     4661  36.5  1  0  5  7 0 0 0 1 1 0 0 1 0 0 1 0 0 1
2014   2 28  1 34 50 355928   -4.08461  -53.35164     4293  76.2  2  0  6 13 0 0 1 1 1 0 0 1 0 0 1 1 0 0
2014   2 28  1 34 50 504902  -10.36961  -75.28950     4524  72.6  2  0  7 21 0 0 1 0 1 0 0 1 0 1 1 1 0 1
2014   2 28  1 34 50 801803  -23.84799  -46.08393     4557  82.4  2  0  6 15 0 0 1 1 1 0 0 1 0 0 1 0 0 1
2014   2 28  1 34 51 590015  -15.67411  -50.16245     3283  44.7  1  0  6 14 0 0 0 1 0 0 0 1 0 1 1 1 1 0
2014   2 28  1 34 54 554896    5.68168  -75.17892    19534 112.8  2  0  6 14 0 0 1 1 1 0 0 1 0 0 1 0 0 1
2014   2 28  1 34 54 883875  -14.67718  -68.75147     4231  33.0  1  0  5  8 0 0 1 0 1 0 0 0 0 1 0 1 0 1
2014   2 28  1 34 55  77080   -4.81741  -76.20406     7511 117.0  2  0  6 15 0 0 1 1 1 0 0 1 0 0 1 1 0 0
2014   2 28  1 34 56 328663  -33.10444 -122.37527    16123  44.7  1  0  5 10 0 0 1 0 1 0 0 1 0 0 0 1 0 1
2014   2 28  1 34 57 561178   -5.04452  -53.59003     2458  12.0  0  0  7 19 0 0 1 1 1 0 0 1 0 0 1 1 0 1
2014   2 28  1 34 57 605317    5.38687  -71.98843     3975   8.7  0  0  5  7 0 0 0 1 1 0 0 1 0 0 1 1 0 0
2014   2 28  1 34 57 646719  -12.48627  -72.74579     3251  14.0  0  0  6 15 0 0 1 1 1 0 0 1 0 0 1 0 0 1
2014   2 28  1 34 57 673454  -12.37636  -72.85818     3278  20.3  0  0  5 10 0 0 1 1 1 0 0 0 0 0 0 1 0 1
2014   2 28  1 34 57 824244  -12.38465  -72.90651     2946  19.3  0  0  6 15 0 0 1 1 1 0 0 1 0 0 1 1 0 0
2014   2 28  1 34 58 772702  -23.63151  -47.01998     3925  93.9  2  0  7 21 0 0 1 1 0 0 0 1 0 1 1 1 0 1
2014   2 28  1 34 58 782172  -23.81573  -46.83182     3604  28.8  0  0  5 10 0 0 1 1 0 0 0 1 0 0 1 0 0 1
2014   2 28  1 34 58 789216  -23.80968  -46.78608     3116   5.7  0  0  4  6 0 0 1 0 0 0 0 1 0 0 1 0 0 1
2014   2 28  1 34 59 321326  -23.96365  -45.95437     3975  37.0  1  0  5  8 0 0 0 1 1 0 0 1 0 0 1 0 0 1
2014   2 28  1 34 59 657190  -12.98847   25.91270    23002  43.6  1  0  5 10 0 0 1 1 0 0 0 1 0 0 1 0 0 1
2014   2 28  1 35  0 177591  -23.46628  -47.37926     2835  29.6  0  0  6 15 0 0 1 0 1 0 0 1 0 1 1 0 0 1
2014   2 28  1 35  0 614985  -13.49292  -51.90545     2743  34.3  0  0  7 21 0 0 0 1 1 0 0 1 0 1 1 1 0 1
2014   2 28  1 35  0 638405  -13.51391  -51.85085     3110  32.5  0  0  6 15 0 0 1 1 1 0 0 1 0 1 1 0 0 0
2014   2 28  1 35  1 412662  -32.68031  -39.78261     4015  33.2  0  0  6 15 0 0 1 1 0 0 0 1 0 1 1 0 0 1
2014   2 28  1 35  1 424191  -23.18459  -47.23108     3565  38.3  1  0  5  9 0 0 0 1 1 0 0 1 0 0 1 0 0 1
2014   2 28  1 35  1 478351   -1.08243 -171.02814    16376  43.5  1  0  5 10 0 0 1 0 1 0 0 0 0 0 1 1 0 1
2014   2 28  1 35  1 485075  -29.09856 -127.18458   126876  32.3  1  0  4  6 0 0 1 1 0 0 0 0 0 0 1 0 0 1
2014   2 28  1 35  1 758605   -5.01457  -70.31826     3752  43.3  1  0  6 15 0 0 1 1 1 0 0 1 0 0 1 1 0 0
2014   2 28  1 35  2 131811  -24.29801  -50.28448     3328   5.5  0  0  4  6 0 0 1 1 0 0 0 1 0 0 1 0 0 0
2014   2 28  1 35  2 148005  -24.39201  -50.05269     4209  57.6  1  0  6 11 0 0 1 1 1 0 0 1 0 0 1 0 0 1
2014   2 28  1 35  2 265662  -13.44192   30.81122    38093  35.2  1  0  5 10 0 0 1 1 1 0 0 0 0 0 1 0 0 1
2014   2 28  1 35  2 406755    3.75686  -61.84299     5160  45.0  1  0  5  9 0 0 0 1 1 0 0 1 0 0 1 1 0 0
2014   2 28  1 35  3 390369  -25.53505  -45.21395     3700  44.2  1  0  6 15 0 0 1 1 1 0 0 1 0 0 1 0 0 1
2014   2 28  1 35  3 647880  -25.58657  -45.10121     3753  45.6  1  0  6 15 0 0 1 1 1 0 0 1 0 0 1 0 0 1
2014   2 28  1 35  3 762425  -25.67191  -44.77559     4213  28.7  0  0  5  8 0 0 0 1 1 0 0 1 0 0 1 0 0 1
2014   2 28  1 35  4  36961   36.63066 -106.50051    30354  82.4  2  0  6 15 0 0 1 1 1 0 0 1 0 0 0 1 0 1
2014   2 28  1 35  4 179380    4.21653  -72.14872     6412  62.6  2  0  6 15 0 0 0 1 1 0 0 1 0 0 1 1 0 1
2014   2 28  1 35  4 498126  -21.73398  -52.10979     3851  95.5  2  0  7 19 0 0 1 1 1 0 0 1 0 1 1 0 0 1
2014   2 28  1 35  4 719985  -25.87884  -44.73892     3145  43.2  0  0  7 21 0 0 1 1 1 0 0 1 0 1 1 0 0 1
2014   2 28  1 35  5 194634  -25.88332  -44.80856     3958  50.1  1  0  6 15 0 0 1 1 1 0 0 1 0 0 1 0 0 1
2014   2 28  1 35  5 266848  -25.88137  -44.82792     3956  50.0  1  0  6 15 0 0 1 1 1 0 0 1 0 0 1 0 0 1
2014   2 28  1 35  5 354434    0.15885  -72.43793     7565  68.8  2  0  5 10 0 0 0 1 1 0 0 1 0 0 1 1 0 0
2014   2 28  1 35  5 399232    0.07983  -72.50385     6119  76.9  2  0  7 21 0 0 0 1 1 0 0 1 0 1 1 1 0 1
2014   2 28  1 35  5 484441    0.15326  -72.17327     5437  80.1  2  0  6 15 0 0 1 1 1 0 0 1 0 0 0 1 0 1
2014   2 28  1 35  7  90769   -4.52933  -74.31219     7399  96.2  2  0  7 21 0 0 0 1 1 0 0 1 0 1 1 1 0 1
2014   2 28  1 35  7 101207   -4.48724  -74.24570     7758  86.5  2  0  6 15 0 0 0 1 1 0 0 1 0 0 1 1 0 1
2014   2 28  1 35  7 136541   -4.47022  -73.93301     8371  60.7  2  0  5 10 0 0 0 0 1 0 0 1 0 0 1 1 0 1
2014   2 28  1 35  7 210622   -4.50291  -73.61471     4873  77.1  2  0  7 21 0 0 1 0 1 0 0 1 0 1 1 1 0 1
2014   2 28  1 35  7 261548   -3.38257  -63.69398     4131  86.4  2  0  7 21 0 0 1 1 1 0 0 1 0 0 1 1 0 1
2014   2 28  1 35  7 281023   -4.50988  -74.34073     8702 100.3  2  0  6 15 0 0 0 1 0 0 0 1 0 1 1 1 0 1
2014   2 28  1 35  7 309966   -4.41455  -73.90572     5097  91.2  2  0  7 21 0 0 1 1 1 0 0 1 0 0 1 1 0 1
2014   2 28  1 35  7 761664    0.73282  -72.08031     5107  90.9  2  0  7 21 0 0 1 1 1 0 0 1 0 0 1 1 0 1
2014   2 28  1 35  7 947729   -4.39335  -73.87347     7244 103.7  2  0  6 15 0 0 1 1 1 0 0 0 0 0 1 1 0 1
2014   2 28  1 35  8  93814   -4.47108  -74.31815     8319  94.7  2  0  6 15 0 0 0 1 1 0 0 1 0 0 1 1 0 1
2014   2 28  1 35 10 276182  -22.30710  -49.23720     3323  10.2  0  0  4  6 0 0 1 1 0 0 0 1 0 0 1 0 0 0
2014   2 28  1 35 10 565643  -23.78691  -46.20340     4394 110.9  2  0  7 21 0 0 1 1 1 0 0 1 0 1 1 0 0 1
2014   2 28  1 35 10 791337  -23.55274  -47.14773     3238  27.3  0  0  5  9 0 0 1 0 1 0 0 1 0 0 1 0 0 1
2014   2 28  1 35 11  40952  -22.99831  -47.68948     3978  21.9  1  0  4  6 0 0 1 1 0 0 0 1 0 0 1 0 0 0
2014   2 28  1 35 11  62905  -22.47820  -49.18827     3686  64.1  2  0  6 15 0 0 1 1 0 0 0 1 0 1 1 1 0 0
2014   2 28  1 35 11 543389  -24.01670  -51.52631     2741  12.8  0  0  5 10 0 0 1 1 0 0 0 1 0 1 1 0 0 0
2014   2 28  1 35 12   2560  -17.34536  -51.43654     2487  11.0  0  0  6 15 0 0 1 1 1 0 0 1 0 0 1 0 0 1
2014   2 28  1 35 12  10537  -17.33913  -51.43354     2469  10.3  0  0  6 15 0 0 1 1 1 0 0 1 0 0 1 0 0 1
2014   2 28  1 35 12  48337  -25.83886  -44.32538     2997   9.4  0  0  5 10 0 0 0 1 1 0 0 1 0 0 1 0 0 1
2014   2 28  1 35 12 262284    4.19716  -71.95184     4070   7.9  0  0  5  8 0 0 0 1 1 0 0 1 0 0 1 1 0 0
2014   2 28  1 35 12 741936    4.08355  -71.83978     3781   2.0  0  0  4  6 0 0 0 1 0 0 0 1 0 0 1 1 0 0
2014   2 28  1 35 13 676839    0.09444  -72.06873     2852   5.2  0  0  6 15 0 0 0 1 1 0 0 1 0 0 1 1 0 1
2014   2 28  1 35 13 757949    0.09744  -72.07356     3618   3.5  0  0  4  6 0 0 0 1 0 0 0 1 0 0 1 1 0 0
2014   2 28  1 35 13 781134    4.09469  -71.77238     7847   8.6  0  0  5 10 0 0 0 1 1 0 0 1 0 0 1 0 0 1
2014   2 28  1 35 13 823282    0.10333  -71.99558     2621  12.0  0  0  7 21 0 0 1 1 1 0 0 1 0 0 1 1 0 1
2014   2 28  1 35 13 852404    0.09252  -72.07627     2897   6.9  0  0  6 15 0 0 0 1 1 0 0 1 0 0 1 1 0 1
2014   2 28  1 35 13 924980    0.15457  -72.15842     8383   5.2  0  0  4  6 0 0 0 1 0 0 0 1 0 0 1 0 0 1
2014   2 28  1 35 13 969008    0.10428  -72.08263     3704   5.5  0  0  4  6 0 0 0 1 0 0 0 1 0 0 1 1 0 0
2014   2 28  1 35 14 233588  -14.58977   26.09776    29370  28.5  0  0  6 11 0 0 1 1 1 0 0 1 0 0 1 0 0 1
2014   2 28  1 35 14 315135  -15.50120   24.50279    14850   7.9  0  0  5 10 0 0 1 1 1 0 0 0 0 0 1 0 0 1
2014   2 28  1 35 14 445787  -20.14914   49.02104     8518  15.3  0  0  6 15 0 0 1 1 1 0 0 1 0 0 1 0 0 1
2014   2 28  1 35 15 109065  -28.32985 -132.42203    11462  14.0  0  0  6 15 0 0 1 1 1 0 0 1 0 0 1 0 0 1
2014   2 28  1 35 15 125941  -26.73447 -136.35597     7282  17.6  0  0  6 15 0 0 1 1 0 0 0 1 0 0 1 1 0 1
2014   2 28  1 35 15 262551  -15.57398   24.44919    21046   6.4  0  0  4  6 0 0 1 1 0 0 0 0 0 0 1 0 0 1
2014   2 28  1 35 15 379529  -26.74880 -136.04318     9427  23.6  0  0  6 15 0 0 1 1 1 0 0 0 0 0 1 1 0 1
2014   2 28  1 35 15 436445  -26.73049 -136.13525    12476  24.2  0  0  5 10 0 0 1 1 1 0 0 0 0 0 1 1 0 0
2014   2 28  1 35 15 776334  -19.51449  -51.01646     3020  26.7  0  0  6 12 0 0 0 1 1 0 0 1 0 1 1 0 0 1
2014   2 28  1 35 15 813695  -19.51567  -50.94648     3181  23.2  0  0  5 10 0 0 1 1 1 0 0 1 0 0 1 0 0 0
2014   2 28  1 35 16   5413  -19.47434  -51.02563     3027   3.8  0  0  4  6 0 0 1 1 0 0 0 1 0 0 1 0 0 0
2014   2 28  1 35 16 768455  -26.17158 -135.84178    11768  34.4  0  0  6 15 0 0 1 1 1 0 0 0 0 0 1 1 0 1
2014   2 28  1 35 17 174635    4.33291  -72.25762     4561  43.1  0  0  7 21 0 0 0 1 1 0 0 1 0 1 1 1 0 1
2014   2 28  1 35 17 187498    4.26304  -72.04680     6233  38.8  1  0  5  7 0 0 0 1 1 0 0 1 0 0 1 1 0 0
2014   2 28  1 35 17 320514    5.87031  -83.47517     8071  60.0  2  0  6 12 0 0 1 1 1 0 0 1 0 0 1 1 0 0
2014   2 28  1 35 17 604207  -17.31256  176.63042    11923  34.6  0  0  6 15 0 0 0 1 1 0 0 1 0 0 1 1 0 1
2014   2 28  1 35 17 730121    4.22982  -72.02563     6167  41.4  1  0  5  8 0 0 0 1 1 0 0 1 0 0 1 1 0 0
2014   2 28  1 35 17 831312  -22.85436  -48.69321     4423  54.5  1  0  6 11 0 0 1 1 1 0 0 1 0 0 1 0 0 1
2014   2 28  1 35 17 874381  -22.76964  -48.81516     3161   3.2  0  0  4  6 0 0 1 1 0 0 0 1 0 0 1 0 0 0
2014   2 28  1 35 17 974162    4.24355  -72.04691     6418  44.1  1  0  5  8 0 0 0 1 1 0 0 1 0 0 1 1 0 0
2014   2 28  1 35 18 301724    3.49580  -15.06302     5910  64.9  1  0  7 20 0 0 0 1 1 0 0 1 1 1 0 1 0 1
2014   2 28  1 35 18 868545  -24.19959  -50.38501     3635  50.6  1  0  6 12 0 0 0 1 1 0 0 1 0 1 1 0 0 1
2014   2 28  1 35 19 368030  -25.73186  -44.77396     4804  28.1  0  0  5  8 0 0 1 0 1 0 0 1 0 1 0 0 0 1
2014   2 28  1 35 19 417768  -25.70413  -44.73110     2906  33.3  0  0  7 21 0 0 1 1 1 0 0 1 0 1 1 0 0 1
2014   2 28  1 35 19 724036    4.27677  -72.02111    14143  46.7  1  0  5  7 0 0 0 0 1 0 0 1 0 0 1 1 0 1
2014   2 28  1 35 19 727828  -25.67332  -44.71446     3343  32.9  0  0  6 13 0 0 1 1 1 0 0 0 0 1 1 0 0 1
2014   2 28  1 35 20 479157  -15.79845  -49.88227     3209  59.1  1  0  7 21 0 0 1 1 1 0 0 1 0 1 1 0 0 1
2014   2 28  1 35 20 540740  -15.80086  -49.79519     3710  53.7  1  0  6 15 0 0 1 1 1 0 0 1 0 0 1 0 0 1
2014   2 28  1 35 20 783741  -15.73554  -49.73734     3705  53.5  1  0  6 15 0 0 1 1 1 0 0 1 0 0 1 0 0 1
2014   2 28  1 35 20 836296  -15.78834  -49.85046     4808  58.3  2  0  5 10 0 0 0 1 1 0 0 1 0 0 1 0 0 1
2014   2 28  1 35 21  86446  -13.21120  -51.82011     5914  56.9  2  0  5  8 0 0 1 0 1 0 0 0 0 1 0 1 0 1
2014   2 28  1 35 21 162857   -5.38064  -42.44874     4783  50.8  1  0  6 15 0 0 1 1 1 0 0 1 0 0 1 0 0 1
2014   2 28  1 35 21 179171  -23.80500  -46.07071     4206  69.8  2  0  6 15 0 0 1 1 1 0 0 1 0 0 1 0 0 1
2014   2 28  1 35 21 313392  -23.77059  -46.12740     3578  71.6  2  0  7 21 0 0 1 1 1 0 0 1 0 1 1 0 0 1
2014   2 28  1 35 21 329959    3.80240  -69.11745     6960  60.8  2  0  5  9 0 0 0 1 0 0 0 1 0 0 1 1 0 1
2014   2 28  1 35 21 469146  -23.79659  -46.07445     4542  74.5  2  0  6 14 0 0 1 1 1 0 0 1 0 0 1 0 0 1
2014   2 28  1 35 21 518028  -23.79966  -46.07663     4287  72.4  2  0  6 15 0 0 1 1 1 0 0 1 0 0 1 0 0 1
2014   2 28  1 35 21 549956  -23.76458  -46.14342     4603  80.2  2  0  6 15 0 0 0 1 1 0 0 1 0 1 1 0 0 1
2014   2 28  1 35 21 578327  -23.79963  -46.07529     4291  72.7  2  0  6 15 0 0 1 1 1 0 0 1 0 0 1 0 0 1
2014   2 28  1 35 21 994250    4.16586  -72.52082     6881  83.2  2  0  7 21 0 0 0 1 1 0 0 1 0 1 1 1 0 1
2014   2 28  1 35 25 834040    4.27192  -72.46649    10087 106.5  2  0  6 14 0 0 0 1 1 0 0 1 0 0 1 1 0 1
2014   2 28  1 35 25 954048  -24.33861 -136.24484    21073  78.3  2  0  6 15 0 0 1 0 1 0 0 1 0 0 1 1 0 1
2014   2 28  1 35 26 709924  -26.18307 -136.07469    20382 100.4  2  0  7 21 0 0 1 0 1 0 0 1 0 1 1 1 0 1
2014   2 28  1 35 27  75090  -17.24843 -150.73138   109352  24.0  1  0  4  6 0 0 1 0 0 0 0 0 0 1 1 0 0 1
2014   2 28  1 35 27 102508  -26.82262 -135.45555    59601 118.7  2  0  6 15 0 0 1 1 1 0 0 1 0 0 1 0 0 1
2014   2 28  1 35 27 149280  -25.79837 -138.46349    22139 114.7  2  0  7 21 0 0 1 1 1 0 0 1 0 0 1 1 0 1
2014   2 28  1 35 27 172584  -25.68206 -138.86986    26739 111.2  2  0  6 15 0 0 1 1 1 0 0 1 0 0 1 1 0 0
2014   2 28  1 35 27 243948  -27.58098 -132.05148    41210  60.0  2  0  5 10 0 0 1 0 1 0 0 1 0 0 1 0 0 1
2014   2 28  1 35 28 288804  -24.12666  -50.36929     2678   2.7  0  0  5  7 0 0 1 1 1 0 0 0 0 1 0 0 0 1
2014   2 28  1 35 28 493795    6.24376  -75.28336     3860   6.3  0  0  5  9 0 0 0 1 0 0 0 1 0 0 1 1 0 1
2014   2 28  1 35 28 677724  -25.80616  -44.38665     3486  10.4  0  0  5  8 0 0 1 1 1 0 0 1 0 0 1 0 0 0
2014   2 28  1 35 29 532251  -22.41383  -48.92913     3166  12.6  0  0  4  6 0 0 0 1 0 0 0 0 0 1 1 1 0 0
2014   2 28  1 35 29 734822    3.63830  -71.86954     3841  25.3  0  0  6 12 0 0 1 1 0 0 0 1 0 1 1 1 0 0
2014   2 28  1 35 30 206989    3.77778  -72.05975     5259  15.8  0  0  5  7 0 0 0 1 1 0 0 1 0 0 1 1 0 0
2014   2 28  1 35 30 534318  -28.40121   19.36333    17586   9.9  0  0  4  6 0 0 1 1 0 0 0 0 0 0 1 0 0 1
2014   2 28  1 35 30 534328  -12.72840  -56.53638     3418  16.2  0  0  5 10 0 0 0 1 1 0 0 1 0 0 1 0 0 1
2014   2 28  1 35 31 396941   -4.82820  -74.29944     6081  25.0  0  0  5  9 0 0 1 1 0 0 0 1 0 0 1 0 0 1
2014   2 28  1 35 31 441735   -4.67018  -74.62315     4040   9.5  0  0  4  6 0 0 0 1 0 0 0 1 0 0 1 1 0 0
2014   2 28  1 35 31 605458  -23.64647  -46.20219     3990  40.4  1  0  5 10 0 0 0 1 1 0 0 1 0 0 1 0 0 1
2014   2 28  1 35 31 689834  -24.60014 -135.68814     7864  13.5  0  0  5 10 0 0 1 1 0 0 0 1 0 0 1 1 0 0
2014   2 28  1 35 31 777681  -25.76497  -44.58373     2694  16.2  0  0  6 15 0 0 1 1 1 0 0 1 0 1 1 0 0 0
2014   2 28  1 35 31 789432  -25.72963  -44.61367     3570  25.6  0  0  5 10 0 0 0 1 1 0 0 1 0 0 1 0 0 1
2014   2 28  1 35 32  99105  -13.93906  -43.94023     2860  32.2  0  0  6 15 0 0 1 1 1 0 0 1 0 0 1 0 0 1
2014   2 28  1 35 32 106904  -13.93199  -43.66703     3212  14.3  0  0  5  7 0 0 0 1 1 0 0 1 0 0 1 0 0 1
2014   2 28  1 35 32 128372  -13.93487  -43.64805     3215  16.5  0  0  6 11 0 0 1 1 1 0 0 1 0 0 1 0 0 1
2014   2 28  1 35 32 289657  -25.71775  -44.62015     2824  18.1  0  0  6 14 0 0 1 1 1 0 0 0 0 1 1 0 0 1
2014   2 28  1 35 32 484543  -25.68869  -44.64503     3538  25.8  0  0  5 10 0 0 0 1 1 0 0 1 0 0 1 0 0 1
2014   2 28  1 35 32 816217  -15.78666  -49.77678     3448  28.3  0  0  5 10 0 0 0 1 1 0 0 1 0 0 1 0 0 1
2014   2 28  1 35 33 452477   -6.84792   14.69550    45275  21.1  1  0  4  6 0 0 1 1 0 0 0 0 0 0 1 0 0 1
2014   2 28  1 35 33 574310  -22.35680 -136.49344    16078  76.5  2  0  7 21 0 0 1 1 1 0 0 1 0 0 1 1 0 1
2014   2 28  1 35 33 648117  -22.23431 -136.19289    10611  19.2  0  0  5  9 0 0 1 1 0 0 0 1 0 0 1 1 0 0
2014   2 28  1 35 33 746180   19.84898  105.42599    14193  54.5  2  0  5  7 0 0 0 0 1 0 0 0 0 1 1 1 0 1
2014   2 28  1 35 33 836536    9.00406 -134.83141    26281  49.5  1  0  5 10 0 0 0 1 1 0 0 1 0 0 1 1 0 0
2014   2 28  1 35 34  96972   -7.54298  -73.71843    16271  53.2  2  0  5 10 0 0 0 1 1 0 0 1 0 0 1 0 0 1
2014   2 28  1 35 34 127225   -7.42176  -73.67441     4055  61.7  1  0  7 21 0 0 1 1 0 0 0 1 0 1 1 1 0 1
2014   2 28  1 35 34 224338   -7.39633  -73.96124     5096  20.4  1  0  4  6 0 0 0 1 0 0 0 1 0 0 1 1 0 0
2014   2 28  1 35 34 404169  -22.49643  -48.83294     4026  85.6  2  0  7 17 0 0 1 1 1 0 0 1 0 1 1 0 0 1
2014   2 28  1 35 34 423985  -22.47650  -48.78157     5727  45.6  1  0  5  8 0 0 1 1 0 0 0 1 0 0 1 0 0 1
2014   2 28  1 35 34 728528  -23.62472  -45.62011     3931  54.2  1  0  6 15 0 0 1 1 1 0 0 1 0 0 1 0 0 1
2014   2 28  1 35 35 295702  -15.73274  -49.59233     2952  12.1  0  0  5 10 0 0 1 0 1 0 0 1 0 0 1 0 0 1
2014   2 28  1 35 35 361892  -12.27773  -72.78283     3882  57.4  1  0  7 21 0 0 1 0 1 0 0 1 0 1 1 1 0 1
2014   2 28  1 35 35 480150    4.22520  -72.08208     6292  49.1  1  0  5 10 0 0 0 1 0 0 0 1 0 0 1 1 0 1
2014   2 28  1 35 35 518039    0.11564  -72.01173     6156  76.8  2  0  6 15 0 0 1 1 1 0 0 0 0 1 0 1 0 1
2014   2 28  1 35 35 604250   -0.09096  -71.99467    21450  59.3  2  0  5 10 0 0 0 1 1 0 0 1 0 0 1 0 0 1
2014   2 28  1 35 35 695666   -1.65819  -70.82384    10919  43.5  1  0  6 15 0 0 1 1 1 0 0 0 0 1 1 0 0 1
2014   2 28  1 35 35 727835  -15.78322  -49.83470     4449  50.0  2  0  5 10 0 0 0 1 1 0 0 1 0 0 1 0 0 1
2014   2 28  1 35 35 894027    0.09610  -72.31523     5630  56.5  1  0  6 15 0 0 0 1 1 0 0 1 0 0 1 1 0 1
2014   2 28  1 35 36 427506  -25.68266  -44.78828     3196  48.2  0  0  7 21 0 0 1 1 1 0 0 1 0 1 1 1 0 0
2014   2 28  1 35 36 564690  -25.64547  -44.79606     4450  48.9  1  0  6 12 0 0 1 1 1 0 0 0 0 0 1 1 0 1
2014   2 28  1 35 36 714841  -25.71548  -44.70787     3633  41.0  1  0  6 14 0 0 1 1 1 0 0 1 0 0 1 0 0 1
2014   2 28  1 35 37 416193  -12.41004  -57.78999     4940  71.4  2  0  6 15 0 0 1 1 1 0 0 1 0 0 1 0 0 1
2014   2 28  1 35 37 434613   -4.07174  -53.28416     3843  64.2  2  0  6 15 0 0 0 1 1 0 0 1 0 0 1 1 0 1
2014   2 28  1 35 38 599783  -13.06039  157.44646    13701  75.0  2  0  6 15 0 0 0 1 1 0 0 1 0 0 1 1 0 1
2014   2 28  1 35 38 783265   -3.28546  -61.50580     4447  94.5  2  0  7 21 0 0 1 1 1 0 0 1 0 1 0 1 0 1
2014   2 28  1 35 38 942670  -17.70750  163.23096    92357   3.8  0  0  4  6 0 0 1 1 0 0 0 1 0 0 1 0 0 0
2014   2 28  1 35 39  19343  -21.80727  -52.29784     4062  84.8  2  0  6 15 0 0 1 1 1 0 0 0 0 1 1 1 0 0
2014   2 28  1 35 39  69772   -1.70662  -64.48825     7530  72.6  2  0  5 10 0 0 0 1 1 0 0 1 0 0 0 1 0 1
2014   2 28  1 35 39 529329    6.50823  -83.81994     8385  80.9  2  0  6 15 0 0 1 1 1 0 0 1 0 0 1 1 0 0
2014   2 28  1 35 39 536419    7.12244  -84.55114     7538  47.2  1  0  5 10 0 0 1 1 0 0 0 1 0 0 1 1 0 0
2014   2 28  1 35 39 589253  -25.64369  -44.83151     4981  56.5  2  0  5 10 0 0 1 1 1 0 0 0 0 0 1 0 0 1
2014   2 28  1 35 39 623210  -19.90477 -136.93408    37828  84.0  2  0  6 15 0 0 1 1 1 0 0 1 0 0 1 0 0 1
2014   2 28  1 35 40 224643  -19.62124  -50.83744     3779  97.9  2  0  7 21 0 0 1 1 1 0 0 1 0 1 1 0 0 1
2014   2 28  1 35 40 342844  -24.85522  -45.93496     3845  23.8  1  0  4  6 0 0 1 1 0 0 0 1 0 1 0 0 0 0
2014   2 28  1 35 41 193066  -24.21766  -46.10527     3394  14.8  0  0  4  6 0 0 1 1 1 0 0 1 0 0 0 0 0 0
2014   2 28  1 35 41 954532    4.41643  -72.13458     8330 119.4  2  0  7 18 0 0 1 1 1 0 0 1 0 0 1 1 0 1
2014   2 28  1 35 42 366862  -32.29295  -43.88658     6197  48.5  1  0  5 10 0 0 1 1 1 0 0 1 0 0 0 0 0 1
2014   2 28  1 35 42 597546  -32.64650  -43.08617     7874 101.0  2  0  6 15 0 0 1 1 1 0 0 1 0 0 1 0 0 1
2014   2 28  1 35 42 790624  -31.35049  -43.89571     8007  49.4  1  0  5 10 0 0 0 1 1 0 0 1 0 0 1 0 0 1
2014   2 28  1 35 42 798423  -31.32661  -44.02682     5788  48.2  1  0  6 15 0 0 0 1 1 0 0 1 0 1 1 0 0 1
2014   2 28  1 35 44 144169  -24.05658  -45.79864     2960  13.1  0  0  5 10 0 0 0 1 1 0 0 1 0 0 1 0 0 1
2014   2 28  1 35 45 133391    3.92785  -10.33323    12277  12.6  0  0  6 13 0 0 1 1 1 0 0 1 0 0 1 0 0 1
2014   2 28  1 35 45 572244   -6.30522  -59.36884     2976   5.2  0  0  4  6 0 0 0 1 0 0 0 1 0 0 1 1 0 0
2014   2 28  1 35 45 775681   -4.61574  -43.23781     3335  22.3  0  0  6 15 0 0 0 1 1 0 0 1 0 0 1 1 0 1
2014   2 28  1 35 46 102242    1.96131  -11.35986    15239   8.8  0  0  5  8 0 0 1 0 1 0 0 1 0 0 1 0 0 1
2014   2 28  1 35 46 121033    4.10651  -71.84749     3806  11.8  0  0  5  8 0 0 0 1 1 0 0 1 0 0 1 1 0 0
2014   2 28  1 35 46 757962    4.10008  -72.14282     5082  22.0  0  0  5  8 0 0 0 1 1 0 0 1 0 0 1 1 0 0
2014   2 28  1 35 46 805968  -15.77882  -49.75360     2867  14.2  0  0  6 15 0 0 1 1 1 0 0 0 0 1 1 0 0 1
2014   2 28  1 35 46 869668  -15.78397  -49.74032     2333  12.1  0  0  7 21 0 0 0 1 1 0 0 1 0 1 1 0 1 1
2014   2 28  1 35 46 882119    0.11357  -71.97243     2850  20.3  0  0  7 21 0 0 1 1 1 0 0 1 0 0 1 1 0 1
2014   2 28  1 35 46 933968  -15.76858  -49.74384     2984  11.7  0  0  5  9 0 0 0 1 1 0 0 1 0 0 1 0 0 1
2014   2 28  1 35 47 184731    0.07299  -72.22687     4158  12.2  0  0  5  9 0 0 0 1 1 0 0 1 0 0 0 1 0 1
2014   2 28  1 35 47 262391    0.10910  -71.98807     2888  21.8  0  0  7 21 0 0 1 1 1 0 0 1 0 0 1 1 0 1
2014   2 28  1 35 47 408664    0.09544  -72.12870     4761  19.2  0  0  5 10 0 0 0 1 1 0 0 0 0 0 1 1 0 1
2014   2 28  1 35 48 981095  -10.45507  -75.75878     4659  42.0  0  0  7 21 0 0 0 1 1 0 0 1 0 1 1 1 0 1
2014   2 28  1 35 49 193021    0.25700  -64.03771     4021  35.4  1  0  5 10 0 0 0 1 1 0 0 1 0 0 1 1 0 0
2014   2 28  1 35 49 963427    4.31467  -72.26275     6574  45.4  1  0  6 12 0 0 0 1 1 0 0 1 0 0 1 1 0 1
2014   2 28  1 35 49 996856  -15.97407  -49.82333     3747  32.8  1  0  5  9 0 0 0 1 1 0 0 1 0 0 1 0 0 1
2014   2 28  1 35 50  66877  -17.39648  -51.41045     3133  35.1  0  0  6 15 0 0 1 1 1 0 0 1 0 0 1 0 0 1
2014   2 28  1 35 50 411722  -13.54910  159.38570    16220  63.4  2  0  5 10 0 0 1 0 1 0 0 1 0 0 0 1 0 1
2014   2 28  1 35 50 669213   -8.83622  -60.60629     3235  50.9  1  0  7 21 0 0 1 1 1 0 0 1 0 0 1 1 0 1
2014   2 28  1 35 50 877886  -13.38632  159.25346    16187  61.1  2  0  5 10 0 0 1 0 1 0 0 1 0 0 1 1 0 0
2014   2 28  1 35 51  35307  -21.56914  169.16286   161932  49.1  1  0  5 10 0 0 1 1 1 0 0 1 0 0 1 0 0 0
2014   2 28  1 35 51 477630  -25.13918 -137.04077    14503  19.9  0  0  4  6 0 0 1 0 0 0 0 1 0 0 1 1 0 0
2014   2 28  1 35 51 710000  -21.92710  -49.54777     3649  52.7  1  0  7 16 0 0 1 1 1 0 0 1 0 1 1 0 0 1
2014   2 28  1 35 51 733655  -21.93374  -49.61132     3379  43.2  1  0  6 11 0 0 1 1 0 0 0 1 0 1 1 0 0 1
2014   2 28  1 35 51 808555  -24.09862  -46.06295     3208  15.1  0  0  5  7 0 0 1 1 1 0 0 1 0 0 1 0 0 0
2014   2 28  1 35 51 829006   -4.49112  -74.53342     5146  77.2  2  0  7 16 0 0 1 1 0 0 0 1 0 1 1 1 0 1
2014   2 28  1 35 51 862868   -4.47118  -74.80401     5905  26.6  1  0  4  6 0 0 0 1 0 0 0 1 0 0 1 1 0 0
2014   2 28  1 35 52   3524  -25.66738  -44.82942     3197  43.5  0  0  7 21 0 0 1 1 0 0 0 1 0 1 1 1 1 0
2014   2 28  1 35 52  90989   -7.41188    2.27936    45407  38.1  1  0  5 10 0 0 1 1 1 0 0 0 0 0 1 0 0 1
2014   2 28  1 35 52 254053  -32.08621  -42.91365     8715  20.9  0  0  5  7 0 0 0 0 1 0 0 1 0 1 1 0 0 1
2014   2 28  1 35 52 262990  -33.09540  -42.01125     5121  50.7  1  0  6 15 0 0 1 1 1 0 0 1 0 0 1 0 0 1
2014   2 28  1 35 52 328044  -25.81833  -44.64199     5415  84.9  2  0  6 14 0 0 1 1 1 0 0 0 0 1 1 0 0 1
2014   2 28  1 35 52 540485  -25.84816  -44.91840     7056  35.2  1  0  5  9 0 0 0 1 1 0 0 1 0 1 0 0 0 1
2014   2 28  1 35 52 577102  -26.50177   14.64096    31347  44.2  1  0  5 10 0 0 1 1 1 0 0 0 0 0 1 0 0 1
2014   2 28  1 35 52 659116  -25.53574   17.13108    18286  58.2  1  0  6 15 0 0 1 1 1 0 0 1 0 0 1 0 0 1
2014   2 28  1 35 52 831822  -24.31643  -50.78040     4421  60.9  2  0  6 14 0 0 1 1 1 0 0 1 0 0 1 0 0 1
2014   2 28  1 35 53 674912  -23.86881  -46.06260     4307  72.1  2  0  6 15 0 0 1 1 1 0 0 1 0 0 1 0 0 1
2014   2 28  1 35 54  60274    4.53246  -11.51922    49577  77.7  2  0  6 12 0 0 1 1 1 0 0 1 0 0 1 0 0 1
2014   2 28  1 35 54 664079  -13.39228  160.31693    15989  84.9  2  0  6 15 0 0 1 1 1 0 0 1 0 0 0 1 0 1
2014   2 28  1 35 54 800273  -23.86500  -46.67457     3240   9.0  0  0  4  6 0 0 1 0 0 0 0 1 0 0 1 0 0 1
2014   2 28  1 35 54 937408  -13.37806  160.67853     9415  20.7  0  0  5  9 0 0 1 1 0 0 0 1 0 0 1 1 0 0
2014   2 28  1 35 55 188140  -15.66066  -50.05964     3918  46.7  1  0  5 10 0 0 1 1 0 0 0 1 0 1 1 0 0 0
2014   2 28  1 35 55 196148  -15.78458  -49.88911     3547  76.2  2  0  7 21 0 0 1 1 1 0 0 1 0 1 1 0 0 1
2014   2 28  1 35 55 589899   -5.43442  -75.37539     4916  28.6  1  0  4  6 0 0 1 1 0 0 0 1 0 0 0 1 0 0
2014   2 28  1 35 55 617954  -13.05093  158.34225    11100  20.9  1  0  4  6 0 0 1 0 0 0 0 1 0 0 1 1 0 0
2014   2 28  1 35 57 488891    3.84034  147.51105    10679  87.1  2  0  7 21 0 0 1 1 1 0 0 0 0 1 1 1 0 1
2014   2 28  1 35 57 511684    2.92928  148.19308    25487   5.5  0  0  4  6 0 0 1 1 0 0 0 1 0 0 1 0 0 0
2014   2 28  1 35 57 732994  -22.46971  -48.87677     4845 132.3  2  0  7 18 0 0 1 1 1 0 0 1 0 1 1 0 0 1
2014   2 28  1 35 58 299390   -8.28785  -48.25031     3154  23.9  0  0  5 10 0 0 0 1 1 0 0 1 0 0 1 0 0 1
2014   2 28  1 35 58 478380   -3.33259  -45.72239     3671  86.7  2  0  7 21 0 0 0 1 1 0 0 0 0 1 1 1 1 1
2014   2 28  1 36  0 105329    3.86493  -71.78826     4405  13.1  0  0  4  6 0 0 0 1 0 0 0 1 0 0 1 1 0 0
2014   2 28  1 36  0 714548   -0.10276  -72.09970     3678   7.4  0  0  5 10 0 0 0 1 1 0 0 1 0 0 0 1 0 1
2014   2 28  1 36  1 123016    4.00963  -13.36717     6354   4.9  0  0  5 10 0 0 0 0 1 0 0 1 0 0 1 1 0 1
2014   2 28  1 36  1 217417  -23.18664  -47.23669     2567   9.0  0  0  5 10 0 0 0 1 1 0 0 1 0 0 1 0 0 1
2014   2 28  1 36  1 329712  -23.17487  -47.21505     2692   5.4  0  0  5  8 0 0 1 1 1 0 0 1 0 0 0 0 0 1
2014   2 28  1 36  1 404091  -23.13470  -47.22569     2654  10.8  0  0  5  9 0 0 1 0 1 0 0 1 0 0 1 0 0 1
2014   2 28  1 36  1 569031    3.65825  -13.20712    19370  12.8  0  0  5  7 0 0 1 1 1 0 0 1 0 0 0 0 0 1
2014   2 28  1 36  1 628605   18.89538    3.39197    37683  46.5  1  0  5  7 0 0 1 1 0 0 0 0 0 0 1 1 0 1
2014   2 28  1 36  2 433056   -7.35153  -58.38030     3793  17.1  0  0  5  9 0 0 1 1 1 0 0 1 0 0 1 0 0 0
2014   2 28  1 36  3 268852  -12.17492  -75.23095     3855  29.8  0  0  7 21 0 0 0 0 1 0 0 1 0 1 1 1 1 1
2014   2 28  1 36  3 595644    4.07588  -71.93578     4601  23.4  0  0  5  9 0 0 0 1 1 0 0 1 0 0 1 1 0 0
2014   2 28  1 36  3 642455  -25.70454  -44.53250     2982  13.3  0  0  5 10 0 0 1 1 1 0 0 0 0 0 1 0 0 1
2014   2 28  1 36  3 651388  -25.70262  -44.53672     2965  13.0  0  0  5 10 0 0 1 1 1 0 0 0 0 0 1 0 0 1
2014   2 28  1 36  3 654879    4.22281  -72.08855     5586  27.3  0  0  5  8 0 0 0 1 1 0 0 1 0 0 1 1 0 0
2014   2 28  1 36  3 695076  -25.72260  -44.54861     2947  24.9  0  0  6 15 0 0 1 1 0 0 0 1 0 1 1 0 0 1
2014   2 28  1 36  3 804997  -25.71669  -44.55444     2644  24.0  0  0  7 21 0 0 1 1 1 0 0 1 0 1 1 0 0 1
2014   2 28  1 36  4  15038  -25.69776  -44.57393     3100  14.1  0  0  5  9 0 0 1 1 1 0 0 0 0 0 1 0 0 1
2014   2 28  1 36  4 106294   -0.20367  -71.74343     6617  25.1  0  0  5 10 0 0 1 1 1 0 0 1 0 0 1 0 0 0
2014   2 28  1 36  4 145386  -25.73725  -44.53565     3376  21.5  0  0  5 10 0 0 1 1 1 0 0 1 0 0 1 0 0 0
2014   2 28  1 36  4 173016    0.01701  -72.21186     4936  35.4  1  0  5 10 0 0 0 1 0 0 0 1 0 1 1 1 0 0
2014   2 28  1 36  4 790934  -17.21000 -137.78944    14104  35.0  1  0  5 10 0 0 1 1 1 0 0 0 0 0 1 1 0 0
2014   2 28  1 36  4 815534  -17.10690 -143.58730    13959   3.5  0  0  4  6 0 0 0 1 1 0 0 1 0 0 0 1 0 0
2014   2 28  1 36  5 515100  -19.54909  -50.71573     3328  23.3  0  0  5  9 0 0 1 1 0 0 0 1 0 0 1 0 0 1
2014   2 28  1 36  5 588659  -30.98829  -48.03037     5884  24.5  1  0  4  6 0 0 1 1 1 0 0 1 0 0 0 0 0 0
2014   2 28  1 36  5 768868  -23.95278  -45.77908     3639  47.1  1  0  6 14 0 0 1 1 1 0 0 1 0 0 1 0 0 1
2014   2 28  1 36  5 817179  -23.78255  -46.13972     2759  31.8  0  0  7 20 0 0 1 1 1 0 0 1 0 1 1 1 0 0
2014   2 28  1 36  5 875784  -23.80693  -45.96519     3480  46.9  1  0  6 15 0 0 1 0 1 0 0 1 0 1 1 0 0 1
2014   2 28  1 36  6 293190  -25.72031  -44.61301     2829  32.3  0  0  7 21 0 0 1 1 1 0 0 1 0 1 1 0 0 1
2014   2 28  1 36  6 349082  -25.77353  -44.64901     3689  32.9  1  0  5  9 0 0 1 1 1 0 0 1 0 0 0 0 0 1
2014   2 28  1 36  6 438927  -25.72842  -44.62051     3543  25.2  0  0  5 10 0 0 1 1 1 0 0 1 0 0 1 0 0 0
2014   2 28  1 36  6 835609  -25.69102  -44.65901     2867  34.1  0  0  7 21 0 0 1 1 1 0 0 1 0 1 1 0 0 1
2014   2 28  1 36  6 902780  -25.63647  -44.66206     3973  35.0  1  0  5 10 0 0 0 1 1 0 0 1 0 0 1 0 0 1
2014   2 28  1 36  7 173505  -10.45023  -75.42106     4704  78.9  2  0  7 21 0 0 1 1 1 0 0 1 0 1 1 1 0 0
2014   2 28  1 36  7 228850  -25.71758  -44.55493     5709  41.8  1  0  5  9 0 0 1 0 1 0 0 1 0 0 1 0 0 1
2014   2 28  1 36  8 692609  -13.80035  -51.65334     6785  57.3  2  0  5 10 0 0 1 1 1 0 0 0 0 1 0 0 0 1
2014   2 28  1 36  9 257987  -13.36164  -51.86033     5674  66.5  2  0  5 10 0 0 0 1 1 0 0 1 0 0 1 0 0 1
2014   2 28  1 36  9 850548    4.86549  -71.67019     8357  76.7  2  0  6 14 0 0 0 1 1 0 0 1 0 0 1 1 0 1
2014   2 28  1 36 12 276502  -25.52745  -44.91549     4823  52.9  2  0  5 10 0 0 0 1 1 0 0 1 0 0 1 0 0 1
2014   2 28  1 36 12 723269  -25.64696  -44.85567     4235  60.8  2  0  6 15 0 0 1 1 1 0 0 1 0 0 1 0 0 1
2014   2 28  1 36 12 790957  -25.68632  -44.86358     4669  47.9  1  0  5 10 0 0 1 1 1 0 0 1 0 0 1 0 0 0
2014   2 28  1 36 12 903636  -25.54806  -44.96926     5912  57.6  2  0  5  9 0 0 0 1 1 0 0 1 0 0 1 0 0 1
2014   2 28  1 36 13 303600  -19.34127  -51.01306     4740 103.1  2  0  6 15 0 0 1 1 0 0 0 1 0 1 1 0 0 1
2014   2 28  1 36 13 614192  -15.80897  -50.04905     5487 112.7  2  0  6 15 0 0 0 1 1 0 0 1 0 0 1 1 0 1
2014   2 28  1 36 13 690439  -15.90013  -49.75037     4911  92.6  2  0  6 15 0 0 1 1 1 0 0 1 0 0 1 0 0 1
2014   2 28  1 36 14 814072   -7.94421  -49.00200     3219  10.2  0  0  4  6 0 0 0 1 0 0 0 1 0 0 1 0 0 1
2014   2 28  1 36 16 882269    4.17872  -71.81921     4298  16.2  0  0  5  9 0 0 0 1 1 0 0 1 0 0 1 1 0 0
2014   2 28  1 36 16 931009    3.85707  -71.43324    12013  11.8  0  0  4  6 0 0 0 1 0 0 0 1 0 0 1 0 0 1
2014   2 28  1 36 17  79372   -4.21243  -62.66193     2520  14.8  0  0  7 21 0 0 1 1 1 0 0 1 0 0 1 1 0 1
2014   2 28  1 36 17 137308    4.05449  -71.70918     3277  11.2  0  0  6 14 0 0 0 1 1 0 0 1 0 0 1 1 0 1
2014   2 28  1 36 17 182173   34.00552 -172.63036     5087  14.6  0  0  7 21 0 0 1 1 1 0 0 1 0 1 0 1 0 1
2014   2 28  1 36 17 202752    4.03708  -71.80800     3982  12.5  0  0  5  8 0 0 0 1 1 0 0 1 0 0 1 1 0 0
2014   2 28  1 36 17 885329  -10.45695  -75.42229     2774  18.5  0  0  7 21 0 0 1 1 1 0 0 0 0 1 1 1 0 1
2014   2 28  1 36 17 915902  -10.53211  -75.67848     3748  19.6  0  0  6 15 0 0 0 1 1 0 0 1 0 1 1 1 0 0
2014   2 28  1 36 17 925304  -10.46654  -75.50309     3282  25.6  0  0  6 15 0 0 1 1 1 0 0 1 0 0 1 1 0 0
2014   2 28  1 36 17 956396  -19.85504  116.45799    22954  14.0  0  0  4  6 0 0 1 1 0 0 0 0 0 0 1 0 0 1
2014   2 28  1 36 18 702513  -22.47762  -46.37228     2576   8.8  0  0  5 10 0 0 0 1 1 0 0 1 0 0 1 0 0 1
2014   2 28  1 36 18 756329  -22.48000  -46.33917     2613  10.4  0  0  5 10 0 0 0 1 1 0 0 1 0 0 1 0 0 1
2014   2 28  1 36 18 853442  -22.47947  -46.37679     2595   9.7  0  0  5 10 0 0 0 1 1 0 0 1 0 0 1 0 0 1
2014   2 28  1 36 19 225770   -2.08409   11.86428    15179   7.2  0  0  4  6 0 0 1 1 0 0 0 1 0 0 1 0 0 0
2014   2 28  1 36 19 659637  -21.74599  -52.09060     3058  34.2  0  0  6 14 0 0 1 0 1 0 0 1 0 1 1 0 0 1
2014   2 28  1 36 20 101650  -17.56815   68.01508    10152  24.2  0  0  6 15 0 0 1 1 1 0 0 1 0 0 1 0 0 1
2014   2 28  1 36 21 287290  -13.41493  -74.63543     6367  21.3  1  0  4  6 0 0 1 1 0 0 0 1 0 0 1 0 0 0
2014   2 28  1 36 21 515243  -25.77639  -44.60563     3846  29.8  0  0  5 10 0 0 0 1 1 0 0 1 0 0 1 0 0 1
2014   2 28  1 36 21 528814  -25.81970  -44.57989     3172  30.0  0  0  6 15 0 0 1 1 1 0 0 1 0 0 1 0 0 1
2014   2 28  1 36 21 536850  -25.78716  -44.61403     3140  29.4  0  0  6 15 0 0 1 1 1 0 0 1 0 0 1 0 0 1
2014   2 28  1 36 21 824137  -25.75831  -44.61993     3167  29.7  0  0  6 15 0 0 1 1 1 0 0 1 0 0 1 0 0 1
2014   2 28  1 36 22  50677    4.04162  -72.08157     4594  13.9  0  0  4  6 0 0 0 1 0 0 0 1 0 0 1 1 0 0
2014   2 28  1 36 22 179585  -23.86612  -46.73920     3363  12.8  0  0  4  6 0 0 1 0 0 0 0 1 0 0 1 0 0 1
2014   2 28  1 36 22 319944  -23.88041  -46.01047     3615  48.1  1  0  6 15 0 0 1 1 1 0 0 1 0 0 1 0 0 1
2014   2 28  1 36 22 499091  -25.83326  -44.64149     2991  26.9  0  0  6 15 0 0 1 1 1 0 0 1 0 1 1 0 0 0
2014   2 28  1 36 22 776244  -25.81094  -44.61873     3237  32.1  0  0  6 15 0 0 1 1 1 0 0 1 0 0 1 0 0 1
2014   2 28  1 36 22 783022  -19.14393 -142.51172     9391  20.9  0  0  5 10 0 0 1 1 0 0 0 1 0 0 1 1 0 0
2014   2 28  1 36 22 971385  -12.94925   15.52671    36281  35.0  1  0  5 10 0 0 1 1 1 0 0 0 0 0 1 0 0 1
2014   2 28  1 36 23 267631    2.74582  -67.10284     4176  51.6  1  0  7 21 0 0 0 1 1 0 0 1 0 1 1 1 0 1
2014   2 28  1 36 23 447306    2.66652  -67.08024     3825  46.5  0  0  7 17 0 0 0 1 1 0 0 1 0 0 1 1 1 1
2014   2 28  1 36 23 742752  -15.76919  -49.69644     4078  43.3  1  0  5 10 0 0 0 1 1 0 0 1 0 0 1 0 0 1
2014   2 28  1 36 24  45533  -22.73149  -48.56808     3067   8.7  0  0  5  7 0 0 1 1 1 0 0 0 0 0 1 0 0 1
2014   2 28  1 36 24 719821  -25.59790  -44.77001     3055  28.4  0  0  6 15 0 0 1 1 1 0 0 0 0 1 1 0 0 1
2014   2 28  1 36 25 269965  -25.61705  -44.78627     3741  44.0  1  0  6 14 0 0 1 1 1 0 0 1 0 0 1 0 0 1
2014   2 28  1 36 27 298105  -15.84744  -50.10942     3753  91.2  2  0  7 21 0 0 1 1 1 0 0 1 0 1 1 1 0 0
2014   2 28  1 36 28  91287    0.14227  -72.65814     8330  98.1  2  0  6 15 0 0 0 1 0 0 0 1 0 1 1 1 0 1
2014   2 28  1 36 28 148015   -0.62486  -71.38873    13117 105.1  2  0  6 15 0 0 1 1 1 0 0 1 0 1 1 0 0 0
2014   2 28  1 36 28 247702    0.21696  -72.16847     5141  91.8  2  0  7 21 0 0 1 1 1 0 0 1 0 0 1 1 0 1
2014   2 28  1 36 28 528634  -33.08554  -42.76035     7677  81.4  2  0  5 10 0 0 1 1 0 0 0 1 0 1 1 0 0 0
2014   2 28  1 36 28 706878    4.33803  -72.73113    10231  96.6  2  0  6 14 0 0 0 1 1 0 0 1 0 0 1 1 0 1
2014   2 28  1 36 28 777709    3.83817  -71.77843     6602 100.0  2  0  7 20 0 0 1 0 1 0 0 1 0 1 1 1 0 1
2014   2 28  1 36 28 967531   -4.99662  -53.94931     4552  87.1  2  0  6 15 0 0 0 1 1 0 0 1 0 0 1 1 0 1
2014   2 28  1 36 29  19263  -27.65616 -135.79913    19315  98.1  2  0  7 21 0 0 1 1 1 0 0 1 0 0 1 1 0 1
2014   2 28  1 36 29 147220    2.62287  -70.93095    11290 103.3  2  0  7 21 0 0 1 1 1 0 0 1 0 1 1 0 0 1
2014   2 28  1 36 29 378148    6.54479  -77.62665    37871  36.8  1  0  5 10 0 0 0 1 1 0 0 1 0 1 0 0 0 1
2014   2 28  1 36 29 883980  -17.45849  -50.93523     3203  35.5  0  0  6 15 0 0 1 0 1 0 0 1 0 0 1 1 0 1
2014   2 28  1 36 30  19611    2.85708  -70.68176    10363  70.2  2  0  6 14 0 0 1 0 1 0 0 1 0 1 1 0 0 1
2014   2 28  1 36 30  71034    4.38265  -72.66052    10188 103.8  2  0  6 14 0 0 0 1 1 0 0 1 0 0 1 1 0 1
2014   2 28  1 36 30 128717    4.40211  -71.82481     9978 146.7  2  0  7 17 0 0 1 1 1 0 0 1 0 0 1 1 0 1
2014   2 28  1 36 30 259655    4.22393  -72.73568     8677 113.2  2  0  7 21 0 0 0 1 1 0 0 1 0 1 1 1 0 1
2014   2 28  1 36 30 395468    0.70732  -72.50523     8690 103.8  2  0  6 15 0 0 0 1 1 0 0 1 0 0 1 1 0 1
2014   2 28  1 36 30 804005  -22.08070  -49.42286     4869 136.6  2  0  7 19 0 0 1 1 1 0 0 1 0 1 1 0 0 1
2014   2 28  1 36 31 221646  -28.88297  -58.58541     5481  37.1  1  0  5  8 0 0 1 1 1 0 0 0 0 0 1 0 0 1
2014   2 28  1 36 31 297153   21.55582  102.72629     8668  21.1  1  0  4  6 0 0 0 0 0 0 0 0 0 1 1 1 0 1
2014   2 28  1 36 31 801175   -5.51500  -42.61957     7071  98.1  2  0  6 15 0 0 1 1 1 0 0 1 0 0 1 0 0 1
2014   2 28  1 36 32 716284    3.78987  -70.62392     3322  19.5  0  0  7 20 0 0 0 1 1 0 0 1 0 1 1 1 0 1
2014   2 28  1 36 32 936695  -23.48205  -47.37867     3203   0.5  0  0  4  6 0 0 1 1 0 0 0 1 0 0 1 0 0 0
2014   2 28  1 36 33  23841  -23.45753  -47.36995     2462  20.0  0  0  7 20 0 0 1 1 1 0 0 1 0 1 1 0 0 1
2014   2 28  1 36 33 197168  -23.48780  -47.50184     3726  83.2  2  0  7 20 0 0 1 1 1 0 0 1 0 1 1 0 0 1
2014   2 28  1 36 33 306936  -15.84395  -49.08171     3684  70.6  2  0  7 18 0 0 1 1 1 0 0 1 0 0 1 0 1 1
2014   2 28  1 36 33 705661    4.07471  -71.91431     4047   8.0  0  0  5  9 0 0 0 1 1 0 0 1 0 0 0 1 0 1
2014   2 28  1 36 34 799351  -23.93357  -45.83574     2678   8.2  0  0  5 10 0 0 1 0 1 0 0 0 0 1 1 0 0 1
2014   2 28  1 36 35  32655  -19.28811  -51.30066     2914  33.3  0  0  7 18 0 0 1 1 1 0 0 1 0 1 1 0 0 1
2014   2 28  1 36 36 129288  -25.97320 -135.25703    12766  27.9  0  0  5 10 0 0 1 0 1 0 0 0 0 0 1 1 0 1
2014   2 28  1 36 36 351421  -26.26787 -135.36423    33651  42.8  1  0  5  9 0 0 1 1 1 0 0 1 0 0 1 0 0 0
2014   2 28  1 36 36 394149  -25.82386 -137.42860    24414  82.7  2  0  6 15 0 0 1 0 1 0 0 1 0 0 1 1 0 1
2014   2 28  1 36 36 705906  -32.47371  -43.11076     6003  64.2  2  0  6 14 0 0 1 1 1 0 0 1 0 0 1 0 0 1
2014   2 28  1 36 37  87906  -32.17323  -43.11584     4980   5.9  0  0  4  6 0 0 0 1 0 0 0 0 0 1 1 0 0 1
2014   2 28  1 36 37 119482  -15.81823  -49.79258     2900  43.6  0  0  7 21 0 0 1 1 1 0 0 1 0 1 1 0 0 1
2014   2 28  1 36 37 128352  -15.82324  -49.76889     4132  43.6  1  0  5 10 0 0 0 1 1 0 0 1 0 0 1 0 0 1
2014   2 28  1 36 38 433823   -4.99457  -53.68048     3694  56.4  1  0  6 15 0 0 0 1 1 0 0 1 0 0 1 1 0 1
2014   2 28  1 36 38 573043  -17.07312 -138.43826    24760  65.6  2  0  5  9 0 0 1 1 1 0 0 1 0 0 0 1 0 0
2014   2 28  1 36 38 655169  -17.08474 -138.24260    21672  60.7  2  0  5 10 0 0 1 1 1 0 0 0 0 0 1 1 0 0
2014   2 28  1 36 38 663709   -4.61896  -74.63145    21901  65.3  2  0  5 10 0 0 0 1 1 0 0 1 0 0 1 0 0 1
2014   2 28  1 36 38 951839   -5.04363  -53.78084     3374  32.9  1  0  5 10 0 0 0 1 0 0 0 1 0 1 0 1 0 1
2014   2 28  1 36 39 394209  -32.61735  -43.30310     5475  35.0  1  0  5  9 0 0 1 1 1 0 0 1 0 0 0 0 0 1
2014   2 28  1 36 39 568192  -23.90917  -45.89291     4970  57.8  2  0  5 10 0 0 1 0 1 0 0 1 0 0 1 0 0 1
2014   2 28  1 36 39 787700   -5.58048  -75.32500     5862  25.8  1  0  4  6 0 0 0 1 0 0 0 1 0 0 1 1 0 0
2014   2 28  1 36 40 281752  -22.55426  -48.64890     4253  66.0  2  0  6 12 0 0 1 1 1 0 0 1 0 0 1 0 0 1
2014   2 28  1 36 40 734665  -19.54250  -50.67910     3977  50.1  1  0  6 12 0 0 1 1 1 0 0 1 0 0 1 0 0 1
2014   2 28  1 36 40 837463  -15.96827  -49.90954     5506  72.9  2  0  5 10 0 0 0 1 1 0 0 1 0 0 1 0 0 1
2014   2 28  1 36 41 267350  -22.97529  -47.74391     4002  20.0  1  0  4  6 0 0 1 0 0 0 0 1 0 1 1 0 0 0
2014   2 28  1 36 41 299095  -36.87543  -53.47180     5892  28.4  0  0  5  9 0 0 1 1 1 0 0 1 0 0 0 0 0 1
2014   2 28  1 36 42 530509  -14.94200  179.61705    18713  91.3  2  0  7 21 0 0 1 1 0 0 0 1 0 1 1 1 0 1
2014   2 28  1 36 42 905621  -24.23658  -45.33733     6537  21.5  1  0  4  6 0 0 1 0 0 0 0 1 0 0 1 0 0 1
2014   2 28  1 36 43  95940  -23.99990  -45.99113     4931  91.1  2  0  6 15 0 0 1 1 1 0 0 1 0 0 1 0 0 1
2014   2 28  1 36 43 228960  -25.65636  -44.87090     4571  78.8  2  0  7 17 0 0 1 1 1 0 0 1 0 0 1 1 0 1
2014   2 28  1 36 43 306139  -25.79693  -44.52214     4821  58.7  1  0  6 12 0 0 1 1 1 0 0 1 0 0 1 0 0 1
2014   2 28  1 36 43 465461  -25.66090  -44.89206     4437  65.2  2  0  6 15 0 0 1 1 1 0 0 1 0 0 1 0 0 1
2014   2 28  1 36 43 867912  -25.63305  -44.99871     3504  56.5  1  0  7 19 0 0 1 1 1 0 0 1 0 1 1 0 0 1
2014   2 28  1 36 43 946504  -19.67107   64.82854    32275  98.8  2  0  6 15 0 0 1 1 1 0 0 1 0 0 1 0 0 1
2014   2 28  1 36 44 491062  -14.76161  -54.13376     3688  19.3  0  0  4  6 0 0 1 0 0 0 0 0 0 0 1 1 0 1
2014   2 28  1 36 44 658202    4.22577  -72.12852    15578 132.6  2  0  7 16 0 0 1 1 1 0 0 0 0 1 1 1 0 1
2014   2 28  1 36 44 751088    3.07971  -70.97392    12044 110.2  2  0  7 21 0 0 1 1 1 0 0 1 0 1 1 0 0 1
2014   2 28  1 36 45  70825  -17.41607  -51.38956     4670  94.9  2  0  6 15 0 0 1 0 1 0 0 1 0 1 1 0 0 1
2014   2 28  1 36 45 316777  -17.45568  -51.36997     5114 102.4  2  0  6 15 0 0 1 1 1 0 0 1 0 0 1 0 0 1
2014   2 28  1 36 46 485505  -22.03400 -126.88650    33475  34.6  1  0  5 10 0 0 0 0 1 0 0 0 0 1 1 1 0 1
2014   2 28  1 36 47 981931  -19.47505  -51.11535     2984   1.9  0  0  4  6 0 0 1 1 0 0 0 1 0 0 1 0 0 0
2014   2 28  1 36 48  76394  -23.91518  -45.91077     3416  23.8  0  0  5 10 0 0 0 1 1 0 0 1 0 0 1 0 0 1
2014   2 28  1 36 48 359643  -23.89735  -45.91889     3521  26.2  0  0  5 10 0 0 0 1 1 0 0 1 0 0 1 0 0 1
2014   2 28  1 36 49 193246  -13.83570   24.63659    22980   7.8  0  0  4  6 0 0 1 1 0 0 0 0 0 0 1 0 0 1
2014   2 28  1 36 49 680245  -25.69057  -44.48721     3626  23.7  0  0  5 10 0 0 0 1 1 0 0 1 0 0 1 0 0 1
2014   2 28  1 36 49 763917  -25.76750  -44.49593     3317  23.0  0  0  5 10 0 0 1 1 1 0 0 1 0 0 0 0 0 1
2014   2 28  1 36 49 836200  -25.76404  -44.45504     3769  29.8  0  0  5 10 0 0 1 1 1 0 0 1 0 0 1 0 0 0
2014   2 28  1 36 50  65015  -25.83066  -44.47683     5556  22.7  0  0  5 10 0 0 0 1 1 0 0 1 0 1 0 0 0 1
2014   2 28  1 36 50 228811  -25.71614  -44.57822     3751  26.5  0  0  5 10 0 0 0 1 1 0 0 1 0 0 1 0 0 1
2014   2 28  1 36 50 294751  -25.71634  -44.59118     3649  25.2  0  0  5 10 0 0 0 1 1 0 0 1 0 0 1 0 0 1
2014   2 28  1 36 50 422117  -25.67009  -44.52240     3679  25.7  0  0  5 10 0 0 0 1 1 0 0 1 0 0 1 0 0 1
2014   2 28  1 36 50 503529   -5.06622  -70.27660     3184   2.0  0  0  4  6 0 0 1 0 0 0 0 1 0 0 1 1 0 0
2014   2 28  1 36 50 601404    0.02714  -72.11267     3617  29.0  0  0  7 21 0 0 0 1 1 0 0 1 0 1 1 1 0 1
2014   2 28  1 36 50 676969   -0.19280  -71.68660    10022  23.4  0  0  5 10 0 0 0 1 1 0 0 1 0 0 1 0 0 1
2014   2 28  1 36 50 713263    0.09557  -72.08042     3563   0.2  0  0  4  6 0 0 0 1 0 0 0 1 0 0 1 1 0 0
2014   2 28  1 36 51 685261    9.93807  -73.15336     7492  35.5  1  0  5 10 0 0 0 0 1 0 0 1 0 0 1 1 0 1
2014   2 28  1 36 51 691425  -21.94366  -51.92117     3694  21.9  0  0  5 10 0 0 1 1 1 0 0 0 0 0 1 0 0 1
2014   2 28  1 36 52 577772  -23.74634  -47.07894     3450  30.5  1  0  5 10 0 0 1 1 0 0 0 1 0 1 1 0 0 0
2014   2 28  1 36 52 609346  -18.28664 -140.95720    28918  57.3  1  0  6 11 0 0 1 1 0 0 0 1 0 0 1 1 0 1
2014   2 28  1 36 53 294153  -25.75534  -44.57642     3304  37.5  0  0  6 15 0 0 1 1 1 0 0 1 0 1 1 0 0 0
2014   2 28  1 36 53 512007  -25.75696  -44.61496     2871  11.6  0  0  5  9 0 0 1 1 1 0 0 0 0 1 0 0 0 1
2014   2 28  1 36 53 594779  -10.29712  -75.64011     4453  54.6  1  0  6 15 0 0 1 1 1 0 0 1 0 0 1 1 0 0
2014   2 28  1 36 53 967230    4.32698  -71.90915     5959  60.6  2  0  6 13 0 0 1 1 1 0 0 0 0 0 1 1 0 1
2014   2 28  1 36 54   3201    4.29097  -72.09930     4309  56.8  1  0  7 20 0 0 1 1 1 0 0 1 0 0 1 1 0 1
2014   2 28  1 36 54 141886  -15.68400  -49.73393     3950  55.7  1  0  6 15 0 0 1 0 1 0 0 1 0 0 1 1 0 1
2014   2 28  1 36 54 162117  -15.78098  -49.76474     3342  42.9  1  0  6 15 0 0 1 1 1 0 0 1 0 0 1 0 0 1
2014   2 28  1 36 54 171659  -15.77582  -49.82608     2950  47.2  0  0  7 21 0 0 1 1 1 0 0 1 0 1 1 0 0 1
2014   2 28  1 36 54 179190  -15.77350  -49.76724     3357  43.5  1  0  6 15 0 0 1 1 1 0 0 1 0 0 1 0 0 1
2014   2 28  1 36 54 405319    0.15250  -68.45240    24387  32.7  1  0  5 10 0 0 0 1 1 0 0 0 0 1 1 0 0 1
2014   2 28  1 36 54 652452  -15.85013  -49.81445     3307  51.3  1  0  6 15 0 0 0 1 1 0 0 1 0 1 1 0 0 1
2014   2 28  1 36 55 826777  -12.66625  -72.59981     8211  67.9  2  0  5 10 0 0 1 1 1 0 0 1 0 0 0 0 0 1
2014   2 28  1 36 55 834816  -12.31618  -73.08898     4994  72.6  2  0  6 15 0 0 1 1 1 0 0 1 0 0 1 1 0 0
2014   2 28  1 36 56  96035  -22.45967  -48.85172     3749  87.4  2  0  7 18 0 0 1 1 1 0 0 1 0 1 1 0 0 1
2014   2 28  1 36 56 155044  -26.03498  -44.53885     4990  56.1  1  0  6 14 0 0 1 0 1 0 0 1 0 1 1 0 0 1
2014   2 28  1 36 56 163111  -26.05431  -44.55920     4180  50.5  1  0  6 14 0 0 1 1 1 0 0 1 0 0 1 0 0 1
2014   2 28  1 36 56 173822  -26.10217  -44.54037     4393  47.0  1  0  6 12 0 0 1 1 1 0 0 1 0 0 1 0 0 1
2014   2 28  1 36 56 181329    5.69886  -77.30196     8050  76.6  2  0  7 21 0 0 0 1 1 0 0 1 0 1 1 1 0 1
2014   2 28  1 36 56 538645    4.18344  -71.57676     4642  71.7  2  0  7 20 0 0 1 1 1 0 0 1 0 0 1 1 0 1
2014   2 28  1 36 56 870709  -13.95407  -51.48231     5678  37.4  1  0  5 10 0 0 1 1 1 0 0 0 0 0 1 0 0 1
2014   2 28  1 36 56 907205  -13.32577  -51.93384     4082  68.3  2  0  6 15 0 0 1 1 0 0 0 1 0 1 1 0 0 1
2014   2 28  1 36 57 238698  -13.36634  -51.89314     3786  76.3  2  0  7 21 0 0 1 1 1 0 0 1 0 1 1 0 0 1
2014   2 28  1 36 57 841705  -26.59099 -134.36835    18725  93.6  2  0  7 21 0 0 1 1 1 0 0 0 0 1 1 1 0 1
2014   2 28  1 36 58  26507  -26.14853 -137.55428    39517  28.4  1  0  4  6 0 0 1 1 0 0 0 1 0 0 1 0 0 0
2014   2 28  1 36 58  86910  -26.73780 -135.79773    15347  76.1  2  0  7 20 0 0 1 0 1 0 0 1 0 1 1 1 0 1
2014   2 28  1 36 58 363670  -12.22202  -57.56444     4946  56.2  2  0  5 10 0 0 1 0 1 0 0 0 0 1 0 1 0 1
2014   2 28  1 36 58 757532  -19.56799  -51.03259     3694  92.9  2  0  7 21 0 0 1 1 1 0 0 1 0 1 1 0 0 1
2014   2 28  1 36 58 827124  -19.57971  -50.91027     5129  58.6  2  0  5  8 0 0 1 1 1 0 0 1 0 0 0 0 0 1
2014   2 28  1 36 59 574242   33.06656 -177.54364    26836 112.4  2  0  6 15 0 0 1 1 1 0 0 1 0 0 1 1 0 0
2014   2 28  1 37  0 638666  -25.79792  -44.83148     7711  79.9  2  0  5 10 0 0 1 1 0 0 0 1 0 0 1 0 0 1
2014   2 28  1 37  0 797285  -24.29534  -45.88790     5246  97.4  2  0  6 15 0 0 1 1 0 0 0 1 0 1 1 0 0 1
2014   2 28  1 37  0 899916  -26.01706  -45.06834     7312  21.8  1  0  4  6 0 0 0 1 1 0 0 1 0 1 0 0 0 0
2014   2 28  1 37  0 923954  -24.32404  -46.09573     4695  58.1  2  0  5 10 0 0 1 1 0 0 0 1 0 1 1 0 0 0
2014   2 28  1 37  1 208458  -25.72412  -44.97141     5109  77.0  2  0  6 14 0 0 1 1 1 0 0 1 0 0 1 0 0 1
2014   2 28  1 37  1 325852  -25.51980  -45.10867     5184  59.5  2  0  5 10 0 0 0 1 1 0 0 1 0 0 1 0 0 1
2014   2 28  1 37  1 398254    4.23665  -72.53585    10541 111.3  2  0  6 14 0 0 0 1 1 0 0 1 0 0 1 1 0 1
2014   2 28  1 37  1 554076    4.44480  -72.68762    12067 120.6  2  0  6 11 0 0 0 1 1 0 0 1 0 0 1 1 0 1
2014   2 28  1 37  1 783532  -13.12688  -51.92696     4659 112.2  2  0  7 21 0 0 1 1 1 0 0 1 0 1 1 0 0 1
2014   2 28  1 37  2  83635   -4.53298  -74.56530     7577 144.7  2  0  7 21 0 0 1 1 1 0 0 0 0 1 1 1 0 1
2014   2 28  1 37  2 107279   -4.53324  -74.56551     7591 145.0  2  0  7 21 0 0 1 1 1 0 0 0 0 1 1 1 0 1
2014   2 28  1 37  2 931859    4.25979  -72.66807    11768 127.9  2  0  6 12 0 0 0 1 1 0 0 1 0 0 1 1 0 1
2014   2 28  1 37  3 359123  -25.61197  -44.95718     5218  84.8  2  0  6 15 0 0 1 1 1 0 0 1 0 0 1 0 0 1
2014   2 28  1 37  3 366023  -25.61287  -44.95697     5220  84.7  2  0  6 15 0 0 1 1 1 0 0 1 0 0 1 0 0 1
2014   2 28  1 37  3 394598  -25.36255  -45.16698     4259  63.2  2  0  6 15 0 0 0 1 1 0 0 1 0 1 1 0 0 1
2014   2 28  1 37  3 461110  -25.58492  -44.95545     5247  85.9  2  0  6 15 0 0 1 1 1 0 0 1 0 0 1 0 0 1
2014   2 28  1 37  3 777779   -4.43208  -74.38412     6450 121.2  2  0  7 21 0 0 1 0 1 0 0 1 0 1 1 1 0 1
2014   2 28  1 37  3 958710    4.47938  -72.80402    10481 142.7  2  0  7 21 0 0 0 1 1 0 0 1 0 1 1 1 0 1
2014   2 28  1 37  4 619356   -3.79637   57.94434    19880  15.4  0  0  5 10 0 0 1 1 1 0 0 0 0 0 1 0 0 1
2014   2 28  1 37  5 238443    3.47239  -71.70657     4153  18.1  0  0  5  8 0 0 0 1 1 0 0 1 0 0 1 1 0 0
2014   2 28  1 37  5 931808  -13.00343  -57.03907     3155  18.5  0  0  5 10 0 0 1 1 1 0 0 1 0 0 0 0 0 1
2014   2 28  1 37  6 353147  -13.04172  -57.26120     3090  29.7  0  0  6 15 0 0 0 1 0 0 0 1 0 1 1 1 0 1
2014   2 28  1 37  6 411988  -17.47254  -51.15791     3413  15.6  0  0  5 10 0 0 1 1 1 0 0 0 0 0 1 0 0 1
2014   2 28  1 37  6 800074    0.02422  -72.16171     3477   6.0  0  0  5 10 0 0 0 0 1 0 0 1 0 1 0 1 0 1
2014   2 28  1 37  6 980559  -20.47688  -54.22028     3414  31.4  1  0  5 10 0 0 1 0 1 0 0 1 0 0 1 1 0 0
2014   2 28  1 37  7 150374    0.08951  -72.03065     3970  29.2  0  0  6 15 0 0 0 1 1 0 0 1 0 0 1 1 0 1
2014   2 28  1 37  7 319633    0.13792  -72.02254     3969   9.8  0  0  4  6 0 0 0 1 0 0 0 1 0 0 1 1 0 0
2014   2 28  1 37  7 568203    0.14592  -72.03284     4096  11.4  0  0  4  6 0 0 0 1 0 0 0 1 0 0 1 1 0 0
2014   2 28  1 37  7 574907    0.12994  -71.96970     4680  32.6  1  0  5 10 0 0 0 1 1 0 0 1 0 0 1 1 0 0
2014   2 28  1 37  8  73180  -21.33459  -52.48502     3055  10.8  0  0  5  7 0 0 1 1 0 0 0 1 0 1 1 0 0 0
2014   2 28  1 37  8 109846  -21.36512  -52.46385     3298   9.5  0  0  4  6 0 0 1 1 0 0 0 1 0 0 1 0 0 0
2014   2 28  1 37  8 120982  -21.38004  -52.37654     2837  46.2  0  0  7 21 0 0 1 1 1 0 0 1 0 1 1 0 0 1
2014   2 28  1 37  8 355049  -23.17289  -47.13861     3650  39.7  1  0  5  9 0 0 0 1 1 0 0 1 0 0 1 0 0 1
2014   2 28  1 37  8 591764  -19.40268  -50.85848     3608  46.2  1  0  6 14 0 0 1 1 0 0 0 1 0 0 1 1 0 1
2014   2 28  1 37  9 557909  -24.16617  -46.63252     5337  62.2  2  0  5 10 0 0 0 1 1 0 0 1 0 0 1 0 0 1
2014   2 28  1 37  9 618254  -25.95130  -44.56338     4151  31.9  1  0  5  9 0 0 1 1 1 0 0 1 0 0 1 0 0 0
2014   2 28  1 37  9 642929   -5.59850  -75.11963     5086  19.2  0  0  4  6 0 0 0 1 0 0 0 1 0 0 1 1 0 0
2014   2 28  1 37  9 764774  -15.76597  -49.76728     4439  50.5  2  0  5 10 0 0 0 1 1 0 0 1 0 0 1 0 0 1
2014   2 28  1 37  9 985682  -26.00799  -44.61503     3695  41.9  1  0  6 15 0 0 1 1 1 0 0 1 0 0 1 0 0 1
2014   2 28  1 37 10 225750  -18.95732   65.85381    29498  57.8  2  0  5 10 0 0 1 1 1 0 0 1 0 0 1 0 0 0
2014   2 28  1 37 10 412766  -25.98395  -44.66542     3108  40.8  0  0  7 21 0 0 1 1 1 0 0 1 0 1 1 0 0 1
2014   2 28  1 37 10 454212  -22.47071  -48.86173     4653  80.7  2  0  6 11 0 0 0 1 1 0 0 1 0 1 1 0 0 1
2014   2 28  1 37 12 200289    0.55056  -72.69822     6527  69.2  2  0  6 15 0 0 0 1 1 0 0 1 0 0 1 1 0 1
2014   2 28  1 37 12 741661  -15.69171  -49.93706     4175  76.1  2  0  6 14 0 0 1 1 1 0 0 0 0 0 1 1 1 0
2014   2 28  1 37 12 786534  -15.81704  -49.84027     3420  70.6  2  0  7 21 0 0 1 1 1 0 0 1 0 1 1 0 0 1
2014   2 28  1 37 13 740922  -25.78283  -44.69252     4900  83.5  2  0  7 20 0 0 1 1 1 0 0 1 0 0 1 1 0 1
2014   2 28  1 37 13 777454   -5.15972  -75.63174     5077  62.8  2  0  6 15 0 0 1 0 1 0 0 1 0 0 1 1 0 1
2014   2 28  1 37 13 862531  -25.43958  -45.05296     3638  41.9  0  0  7 18 0 0 0 1 0 0 0 1 0 1 1 1 1 1
2014   2 28  1 37 13 975873  -25.65318  -44.89007     4376  59.2  1  0  6 13 0 0 1 1 0 0 0 1 0 1 1 0 0 1
2014   2 28  1 37 14 245509  -25.64333  -44.80177     4820  52.3  2  0  5 10 0 0 1 1 1 0 0 1 0 0 1 0 0 0
2014   2 28  1 37 14 582069  -25.47774  -45.00145     3535  41.6  1  0  6 15 0 0 0 1 1 0 0 1 0 1 1 0 0 1
2014   2 28  1 37 14 672230  -25.69017  -44.86414     4870  53.0  2  0  5 10 0 0 1 1 1 0 0 1 0 0 1 0 0 0
2014   2 28  1 37 14 777387  -24.16275  -50.54562     5410  43.6  1  0  5  8 0 0 1 1 0 0 0 1 0 0 1 1 0 0
2014   2 28  1 37 14 798509  -24.26224  -50.19247     4467 106.7  2  0  7 17 0 0 1 1 1 0 0 1 0 1 1 0 0 1
2014   2 28  1 37 15 216612  -23.51390  -47.17766     2755   7.3  0  0  5  7 0 0 1 0 1 0 0 1 0 0 1 0 0 1
2014   2 28  1 37 16  55020  -23.85590  -46.27549     3351  38.0  0  0  6 13 0 0 1 1 1 0 0 1 0 0 1 0 0 1
2014   2 28  1 37 16  75194   20.54821  133.75279     3440  18.8  0  0  5  8 0 0 0 1 1 0 0 1 0 0 1 0 0 1
2014   2 28  1 37 17  25816  -20.77707   71.24838    58064 101.2  2  0  6 11 0 0 1 1 1 0 0 1 0 0 1 0 0 1
2014   2 28  1 37 17 171673    3.91699  -71.90527     6835  87.1  2  0  6 14 0 0 1 0 1 0 0 1 0 0 1 1 0 1
2014   2 28  1 37 17 238930  -25.57481  -44.88114     4676  70.7  2  0  6 15 0 0 1 1 1 0 0 1 0 0 1 0 0 1
2014   2 28  1 37 18 655039  -23.36679  -45.79804     4775 117.3  2  0  7 21 0 0 1 1 1 0 0 1 0 1 1 0 0 1
2014   2 28  1 37 19 199397  -20.92137  -53.53519     4787 109.1  2  0  6 15 0 0 1 0 1 0 0 1 0 1 1 0 0 1
2014   2 28  1 37 19 570198  -20.87982  -53.54892     3918 108.1  2  0  7 21 0 0 1 0 1 0 0 1 0 1 1 1 0 1
2014   2 28  1 37 19 664244  -21.07468  -53.22205     3699  42.1  1  0  5 10 0 0 1 0 1 0 0 1 0 0 1 0 0 1
2014   2 28  1 37 20 808874    0.68380  -72.28580     4162   2.0  0  0  4  6 0 0 0 1 0 0 0 0 0 0 1 1 0 1
2014   2 28  1 37 21 104676  -22.45217  -48.74986     2563  12.8  0  0  6 13 0 0 1 1 1 0 0 1 0 0 1 0 0 1
2014   2 28  1 37 21 149281  -24.24150  -45.67429     2420  13.4  0  0  7 21 0 0 1 1 1 0 0 1 0 1 1 0 0 1
2014   2 28  1 37 21 173372  -24.19502  -45.70201     3203  19.4  0  0  5 10 0 0 0 1 1 0 0 1 0 0 1 0 0 1
2014   2 28  1 37 21 556395  -24.21821  -45.71798     2842  15.4  0  0  5 10 0 0 1 1 1 0 0 0 0 1 1 0 0 0
2014   2 28  1 37 21 644529  -15.86778  -49.86038     2729  13.0  0  0  5 10 0 0 1 1 0 0 0 1 0 1 1 0 0 0
2014   2 28  1 37 22 161720    3.79325  -71.53502     4798  15.5  0  0  6 14 0 0 1 1 1 0 0 1 0 1 0 0 0 1
2014   2 28  1 37 22 295515   37.44206 -107.42471    21510  50.6  1  0  6 15 0 0 1 1 1 0 0 1 0 0 1 1 0 0
2014   2 28  1 37 22 859632  -12.80213  -51.60093     4319  35.8  1  0  5 10 0 0 1 0 1 0 0 1 0 0 1 1 0 0
2014   2 28  1 37 22 869216  -12.84246  -51.58775     3532  27.2  0  0  5 10 0 0 0 1 1 0 0 1 0 0 1 0 0 1
2014   2 28  1 37 22 884241    3.86149  -71.51337     9758  30.0  1  0  5  8 0 0 1 1 1 0 0 1 0 0 1 0 0 0
2014   2 28  1 37 23  62928    4.09213  -71.69814     5484  33.2  1  0  5  7 0 0 0 1 1 0 0 1 0 0 1 1 0 0
2014   2 28  1 37 23 510148   -5.39811  -73.55488     5274  35.4  1  0  5  9 0 0 0 1 1 0 0 1 0 0 1 1 0 0
2014   2 28  1 37 23 579257    4.10603  -71.74971     5591  35.7  1  0  5  9 0 0 0 1 1 0 0 1 0 0 1 1 0 0
2014   2 28  1 37 23 696633    3.03118  -66.69358     4833  36.1  1  0  5  8 0 0 0 1 1 0 0 1 0 0 1 1 0 0
2014   2 28  1 37 24  28584   -4.44090    7.04735    11962  28.9  0  0  6 15 0 0 1 1 1 0 0 1 0 0 1 0 0 1
2014   2 28  1 37 24  53711   -4.40836    7.25153    50530  20.6  1  0  4  6 0 0 1 1 0 0 0 0 0 0 1 0 0 1
2014   2 28  1 37 24 462629  -18.19075  -55.17994     3121  34.5  0  0  6 13 0 0 1 1 0 0 0 1 0 1 1 1 0 0
2014   2 28  1 37 24 656155   32.63290 -139.46776    27252   8.0  0  0  5 10 0 0 0 1 1 0 0 1 0 0 0 1 0 1
2014   2 28  1 37 24 765939   31.91685 -130.91586    16577  47.9  1  0  6 15 0 0 1 1 0 0 0 1 0 1 1 1 0 0
2014   2 28  1 37 26 309802  -24.21883  -49.75748     3942  49.6  1  0  6 11 0 0 1 0 1 0 0 1 0 1 1 0 0 1
2014   2 28  1 37 26 322553  -12.43186   16.74890    48267  47.4  1  0  5 10 0 0 1 1 1 0 0 0 0 0 1 0 0 1
2014   2 28  1 37 26 582997   10.13518  -73.17197    11342  96.0  2  0  7 16 0 0 1 1 1 0 0 1 0 1 1 1 0 0
2014   2 28  1 37 26 883924   -4.26195  -75.27583     6429  60.7  2  0  6 14 0 0 0 1 1 0 0 1 0 0 1 1 0 1
2014   2 28  1 37 27 146883   10.19107  -73.57816    10673  65.5  2  0  6 11 0 0 0 1 1 0 0 1 0 1 1 1 0 0
2014   2 28  1 37 28 534770  -15.93550  -49.87093     3929  62.2  2  0  6 15 0 0 1 1 1 0 0 1 0 0 1 0 0 1
2014   2 28  1 37 28 606189  -20.10270   64.89593    20911  79.6  2  0  6 13 0 0 1 1 1 0 0 1 0 0 1 1 0 0
2014   2 28  1 37 28 775215  -15.94056  -49.86384     3955  63.3  2  0  6 15 0 0 1 1 1 0 0 1 0 0 1 0 0 1
2014   2 28  1 37 28 775906  -21.16463   63.69592    55352  65.5  2  0  5 10 0 0 1 1 1 0 0 0 0 0 1 0 0 1
2014   2 28  1 37 29 643272  -25.65091  -44.79881     3830  70.8  2  0  7 20 0 0 1 1 1 0 0 1 0 1 1 1 0 0
2014   2 28  1 37 29 680714  -25.49307  -44.90529     3293  16.0  0  0  5  7 0 0 0 1 1 0 0 0 0 1 1 0 0 1
2014   2 28  1 37 29 693396  -25.51340  -44.89632     3272  33.6  0  0  6 15 0 0 0 1 1 0 0 1 0 1 1 0 0 1
2014   2 28  1 37 29 803832  -25.70943  -44.59642     7006  50.9  2  0  5  9 0 0 1 0 1 0 0 1 0 0 1 0 0 1
2014   2 28  1 37 29 828572  -25.65796  -44.81103     3299  49.5  0  0  7 21 0 0 1 1 1 0 0 1 0 1 1 0 0 1
2014   2 28  1 37 32 148907    0.63077  -63.79155     6139  98.0  2  0  6 15 0 0 0 1 1 0 0 1 0 0 1 1 0 1
2014   2 28  1 37 32 318205  -22.34840  -49.07804     5418  92.9  2  0  6 12 0 0 1 1 0 0 0 1 0 1 1 0 0 1
2014   2 28  1 37 32 570976  -22.31232  -49.12651     3921  22.7  1  0  4  6 0 0 1 1 0 0 0 1 0 0 1 0 0 0
2014   2 28  1 37 32 772710  -24.03583  -51.43117     3561  10.3  0  0  4  6 0 0 1 0 0 0 0 1 0 1 1 0 0 0
2014   2 28  1 37 33 132641  -13.35319  -51.83954     5397 101.6  2  0  6 15 0 0 1 1 1 0 0 1 0 0 1 0 0 1
2014   2 28  1 37 33 150321  -13.27007  -52.12961     5826 115.3  2  0  6 15 0 0 0 1 1 0 0 1 0 0 1 1 0 1
2014   2 28  1 37 33 232062  -13.35141  -51.85555     5387 101.4  2  0  6 15 0 0 1 1 1 0 0 1 0 0 1 0 0 1
2014   2 28  1 37 33 563091  -25.59487  -44.92361     3699  65.5  1  0  7 21 0 0 1 1 1 0 0 1 0 1 1 0 0 1
2014   2 28  1 37 33 641659  -12.43146  -57.30342     6345 109.9  2  0  6 15 0 0 1 1 1 0 0 1 0 0 1 0 0 1
2014   2 28  1 37 33 711833    0.48450  -72.77599     4117   4.2  0  0  4  6 0 0 0 0 1 0 0 1 0 1 0 1 0 0
2014   2 28  1 37 35 323389  -22.83135  -48.65723     4595 146.1  2  0  7 21 0 0 1 1 1 0 0 1 0 1 1 0 0 1
2014   2 28  1 37 35 364063  -22.58334  -49.17594     3817  28.9  0  0  5  8 0 0 1 1 0 0 0 1 0 1 1 0 0 0
2014   2 28  1 37 35 443058  -22.68884  -49.08104     4169  26.7  1  0  4  6 0 0 1 1 0 0 0 1 0 0 1 0 0 0
2014   2 28  1 37 35 812135   45.94995 -124.42126    46459   7.9  0  0  4  6 0 0 1 1 0 0 0 1 0 0 0 1 0 0
2014   2 28  1 37 36 120521  -17.62689  -51.16977     2554   5.9  0  0  5 10 0 0 1 1 0 0 0 0 0 0 1 1 0 1
2014   2 28  1 37 36 163769  -23.49688  -47.35810     2418   6.5  0  0  6 14 0 0 1 1 1 0 0 1 0 0 1 0 0 1
2014   2 28  1 37 36 230794  -17.67561  -51.13502     2397   5.5  0  0  6 15 0 0 1 1 1 0 0 1 0 0 1 0 0 1
2014   2 28  1 37 36 350394  -23.49212  -47.37608     2418   6.5  0  0  6 14 0 0 1 1 1 0 0 1 0 0 1 0 0 1
2014   2 28  1 37 36 361684  -23.49622  -47.38641     2569   3.1  0  0  5  9 0 0 0 1 1 0 0 1 0 0 1 0 0 1
2014   2 28  1 37 36 455289  -15.89169  -49.83575     2559   4.8  0  0  5 10 0 0 0 1 1 0 0 1 0 0 1 0 0 1
2014   2 28  1 37 36 474532  -15.88858  -49.82991     2565   4.8  0  0  5 10 0 0 0 1 1 0 0 1 0 0 1 0 0 1
2014   2 28  1 37 36 542912  -23.48549  -47.37677     2450   6.7  0  0  6 13 0 0 1 1 1 0 0 1 0 0 1 0 0 1
2014   2 28  1 37 36 596411  -23.48260  -47.37941     2420   6.8  0  0  6 14 0 0 1 1 1 0 0 1 0 0 1 0 0 1
2014   2 28  1 37 36 605464    4.20260  -71.56658     4123  43.1  0  0  7 19 0 0 1 1 1 0 0 1 0 0 1 1 0 1
2014   2 28  1 37 36 656443  -23.48373  -47.38023     2420   7.1  0  0  6 14 0 0 1 1 1 0 0 1 0 0 1 0 0 1
2014   2 28  1 37 36 981462  -12.61914  -74.36632     3672  14.9  0  0  6 15 0 0 0 0 1 0 0 1 0 1 1 1 0 1
2014   2 28  1 37 37 177196    4.24069  -71.97909     3545  15.9  0  0  6 15 0 0 0 1 1 0 0 1 0 0 1 1 0 1
2014   2 28  1 37 37 297611  -11.79340   33.55426    16001   7.6  0  0  5 10 0 0 1 1 1 0 0 0 0 0 1 0 0 1
2014   2 28  1 37 37 474692   -4.16971  -52.96614     2621  10.9  0  0  6 15 0 0 0 1 1 0 0 0 0 1 1 1 0 1
2014   2 28  1 37 37 686701   -4.19232  -52.83715     2559  12.7  0  0  6 13 0 0 1 0 0 0 0 0 0 1 1 1 1 1
2014   2 28  1 37 37 894910  -23.92530  -45.91389     3428  25.9  0  0  5 10 0 0 0 1 1 0 0 1 0 0 1 0 0 1
2014   2 28  1 37 38  59923  -19.58604  -50.72310     3026   4.8  0  0  4  6 0 0 1 1 0 0 0 1 0 0 1 0 0 0
2014   2 28  1 37 38 274676   -3.85064  -45.07692     4480  58.0  1  0  7 17 0 0 1 1 1 0 0 1 0 1 0 1 0 1
2014   2 28  1 37 38 406900   -5.04278  -61.77551     2940   1.7  0  0  4  6 0 0 0 1 0 0 0 1 0 0 1 1 0 0
2014   2 28  1 37 38 531903  -23.85630  -46.79181     4055  23.8  1  0  4  6 0 0 0 1 0 0 0 1 0 0 1 0 0 1
2014   2 28  1 37 38 615530  -23.80425  -46.88670     3581  34.2  1  0  5 10 0 0 0 1 0 0 0 1 0 1 1 0 0 1
2014   2 28  1 37 39 232409   -3.26733  -21.33785    58043  15.2  0  0  5 10 0 0 1 1 1 0 0 0 0 0 1 0 0 1
2014   2 28  1 37 39 396935  -26.25293 -137.13074     9614   5.8  0  0  4  6 0 0 1 1 0 0 0 1 0 0 0 1 0 0
2014   2 28  1 37 39 662375  -19.43813  -50.95980     2590  29.8  0  0  7 21 0 0 1 1 1 0 0 1 0 1 1 0 0 1
2014   2 28  1 37 40  90844  -19.43620  -50.89898     2774  19.1  0  0  6 13 0 0 1 1 1 0 0 1 0 0 1 0 0 1
2014   2 28  1 37 40 368277  -24.16909  -45.81938     3921  35.6  1  0  5  9 0 0 0 1 1 0 0 1 0 0 1 0 0 1
2014   2 28  1 37 40 700858  -13.59951  159.89964    11743  22.0  1  0  4  6 0 0 1 0 0 0 0 1 0 0 1 1 0 0
2014   2 28  1 37 40 843334  -24.14130  -45.91941     3418  20.1  0  0  5  9 0 0 1 1 1 0 0 1 0 0 1 0 0 0
2014   2 28  1 37 41   3647   -5.44736  -46.50152     2620  31.8  0  0  7 21 0 0 1 1 1 0 0 0 0 0 1 1 1 1
2014   2 28  1 37 41 544192  -24.53239 -120.31729     7644  45.8  0  0  7 21 0 0 1 1 1 0 0 1 0 1 0 1 0 1
2014   2 28  1 37 41 607935  -24.70963 -121.78221    18084  46.6  1  0  6 15 0 0 0 1 1 0 0 1 0 1 0 1 0 1
2014   2 28  1 37 42  65064  -15.79531  -49.85547     2996  48.3  0  0  7 21 0 0 0 0 1 0 0 1 0 1 1 1 1 1
2014   2 28  1 37 42  88110  -15.82414  -49.79030     2917  44.1  0  0  7 21 0 0 1 1 1 0 0 1 0 1 1 0 0 1
2014   2 28  1 37 42 340981  -15.84227  -49.73738     4086  39.9  1  0  5  9 0 0 0 1 1 0 0 1 0 0 1 0 0 1
2014   2 28  1 37 42 635201  -15.90805  -49.87216     4207  39.2  1  0  5  9 0 0 1 1 0 0 0 1 0 0 1 0 0 1
2014   2 28  1 37 43 446455  -23.22339  -47.13195     3861  53.3  2  0  5 10 0 0 0 1 1 0 0 1 0 0 1 0 0 1
2014   2 28  1 37 43 611662   -3.00433  -11.87721    82776  38.3  1  0  5  9 0 0 1 1 1 0 0 0 0 0 1 0 0 1
2014   2 28  1 37 43 912007   -4.28558  -75.04952     5012  65.6  2  0  6 15 0 0 1 1 1 0 0 1 0 0 1 1 0 0
2014   2 28  1 37 44  95638   -4.37691  -75.34675     6531  64.0  2  0  6 15 0 0 0 1 1 0 0 1 0 0 1 1 0 1
2014   2 28  1 37 44 442402  -13.30183  -51.99348     4139  52.4  2  0  5 10 0 0 1 1 0 0 0 1 0 1 1 0 0 0
2014   2 28  1 37 44 679327  -19.61424  -50.68489     5273  48.8  1  0  5  7 0 0 0 1 1 0 0 1 0 0 1 0 0 1
2014   2 28  1 37 44 732951  -19.59910  -50.77985     5181  36.5  1  0  5  7 0 0 1 1 1 0 0 1 0 0 1 0 0 0
2014   2 28  1 37 44 863116  -19.60514  -50.67019     4902  49.8  1  0  5  8 0 0 0 1 1 0 0 1 0 0 1 0 0 1
2014   2 28  1 37 45 644741    4.19638  -72.01229     5338  80.8  2  0  7 19 0 0 1 1 1 0 0 1 0 0 1 1 0 1
2014   2 28  1 37 45 769635    4.26236  -71.92361     7857 102.1  2  0  7 17 0 0 1 1 1 0 0 0 0 1 1 1 0 1
2014   2 28  1 37 46 311196    4.34273  -72.50780     9201  86.6  2  0  6 11 0 0 0 1 1 0 0 1 0 0 1 1 0 1
2014   2 28  1 37 46 627481    4.21881  -72.53685     7184  88.6  2  0  7 21 0 0 0 1 1 0 0 1 0 1 1 1 0 1
2014   2 28  1 37 46 751444   -2.14600  -56.31968     4469  80.7  2  0  6 15 0 0 0 1 1 0 0 1 0 0 1 1 0 1
2014   2 28  1 37 47 849405  -22.22721 -134.10124    17397  48.0  1  0  5 10 0 0 1 0 1 0 0 0 0 0 1 1 0 1
2014   2 28  1 37 47 895560  -21.25880   47.02584    34484  90.0  2  0  6 14 0 0 1 1 1 0 0 1 0 0 1 0 0 1
2014   2 28  1 37 47 896138  -25.28148 -117.46510    31267  17.0  0  0  5 10 0 0 0 0 1 0 0 1 0 1 1 0 0 1
2014   2 28  1 37 48 415693   35.64424 -104.37140    28252  89.0  2  0  6 15 0 0 1 0 1 0 0 1 0 1 0 1 0 1
2014   2 28  1 37 48 568752  -11.58484  169.29138    12544  19.6  0  0  4  6 0 0 1 1 0 0 0 1 0 0 0 1 0 0
2014   2 28  1 37 49 251853  -10.81422  -48.90456     3478  16.5  0  0  5 10 0 0 1 0 1 0 0 1 0 1 1 0 0 0
2014   2 28  1 37 49 447374   35.33103 -127.41747    43126 129.6  2  0  6 15 0 0 1 1 1 0 0 1 0 0 1 1 0 0
2014   2 28  1 37 50 474542  -25.64279  -44.91671     4839  72.4  2  0  6 14 0 0 1 1 1 0 0 1 0 0 1 0 0 1
2014   2 28  1 37 50 529484  -25.69151  -45.21463     3777   7.8  0  0  4  6 0 0 1 0 1 0 0 1 0 1 0 0 0 0
2014   2 28  1 37 50 583757  -25.63809  -44.90405     4651  71.0  2  0  6 15 0 0 1 1 1 0 0 1 0 0 1 0 0 1
2014   2 28  1 37 50 792238  -25.63178  -44.93655     4725  73.0  2  0  6 15 0 0 1 1 1 0 0 1 0 0 1 0 0 1
2014   2 28  1 37 50 824377  -25.59013  -44.92937     4698  72.5  2  0  6 15 0 0 1 1 1 0 0 1 0 0 1 0 0 1
2014   2 28  1 37 50 934063  -25.43986  -45.09890     5336  63.6  2  0  5 10 0 0 0 1 1 0 0 1 0 0 1 0 0 1
2014   2 28  1 37 50 984606  -22.53310  -48.81512     4767 104.5  2  0  6 14 0 0 1 1 1 0 0 1 0 0 1 0 0 1
2014   2 28  1 37 51   8758  -25.69412  -45.09999     4350  26.1  1  0  4  6 0 0 1 1 1 0 0 1 0 0 0 0 0 0
2014   2 28  1 37 51 126763  -10.16755  -75.08454     5077  48.1  1  0  5 10 0 0 1 0 1 0 0 0 0 0 1 1 0 1
2014   2 28  1 37 52 160143  -14.59865   26.01660    18130  12.4  0  0  5 10 0 0 1 1 1 0 0 0 0 0 1 0 0 1
2014   2 28  1 37 52 324332  -23.80910  -46.11195     2733   2.6  0  0  5 10 0 0 0 1 0 0 0 0 0 1 1 1 0 1
2014   2 28  1 37 52 523042  -23.83812  -46.09232     2803  10.1  0  0  5 10 0 0 0 1 1 0 0 1 0 0 1 0 0 1
2014   2 28  1 37 52 900162    7.52582  -78.16216     3797  19.6  0  0  6 12 0 0 1 1 1 0 0 1 0 0 0 1 0 1
2014   2 28  1 37 53 252460    6.55404  -83.86678     4825   9.1  0  0  5 10 0 0 0 1 0 0 0 1 0 0 1 1 0 1
2014   2 28  1 37 53 316836    6.51510  -83.70473     3250  13.8  0  0  7 20 0 0 1 1 1 0 0 1 0 1 1 1 0 0
2014   2 28  1 37 53 455742  -24.72864 -136.18321    20033  29.0  0  0  5  7 0 0 1 1 0 0 0 1 0 0 1 1 0 0
2014   2 28  1 37 54 117758  -24.07706  -45.79508     3172  19.9  0  0  5 10 0 0 0 1 1 0 0 1 0 0 1 0 0 1
2014   2 28  1 37 54 951900   -4.36419  -75.10040     3712   3.1  0  0  4  6 0 0 0 1 0 0 0 1 0 0 1 1 0 0
2014   2 28  1 37 55 240434  -12.46081  -57.15365     3223  26.5  0  0  5 10 0 0 1 1 0 0 0 0 0 1 1 1 0 0
2014   2 28  1 37 55 355410  -15.89976  -49.87903     2968  19.2  0  0  5 10 0 0 1 0 1 0 0 1 0 1 0 0 0 1
2014   2 28  1 37 55 524029  -12.49687  -57.21230     2787  28.8  0  0  7 21 0 0 1 1 1 0 0 1 0 1 0 1 0 1
2014   2 28  1 37 55 566582  -12.69244  -57.02613     4934   6.4  0  0  4  6 0 0 1 1 0 0 0 0 0 0 1 0 0 1
2014   2 28  1 37 55 704180  -13.51227  158.04240    10139  20.4  1  0  4  6 0 0 0 1 0 0 0 1 0 0 1 1 0 0
2014   2 28  1 37 55 735630  -22.79430  -48.52752     3126  18.5  0  0  5  7 0 0 0 1 1 0 0 1 0 0 1 0 0 1
2014   2 28  1 37 56 133060  -22.62238  -48.83242     3116  28.4  0  0  6 12 0 0 1 1 0 0 0 1 0 1 1 0 0 1
2014   2 28  1 37 56 468483  -11.42233  175.76649    13191  26.8  0  0  6 15 0 0 1 1 1 0 0 0 0 0 1 1 0 1
2014   2 28  1 37 56 661287    6.98203  -73.56459     6510  31.8  1  0  5  7 0 0 0 0 0 0 0 1 0 1 1 1 0 1
2014   2 28  1 37 58 377796   -4.46954  -74.09410     4596  46.2  0  0  7 21 0 0 0 1 1 0 0 1 0 1 1 1 0 1
2014   2 28  1 37 58 427105  -24.16260  -50.37447     3580  68.6  1  0  7 18 0 0 1 1 1 0 0 1 0 1 1 0 0 1
2014   2 28  1 37 58 604598  -24.00332  -50.60098     2772  13.9  0  0  5 10 0 0 1 1 0 0 0 1 0 1 1 0 0 0
2014   2 28  1 37 58 882590  -12.59775  -57.10629     3791  44.7  0  0  7 21 0 0 1 1 1 0 0 0 0 1 1 0 1 1
2014   2 28  1 37 58 914503   31.45778 -140.95715    13285  55.8  1  0  7 21 0 0 1 1 1 0 0 1 0 0 1 1 0 1
2014   2 28  1 37 59 234358  -12.40573  -57.44705     4349  53.1  1  0  6 13 0 0 0 1 0 0 0 1 0 1 1 1 0 1
2014   2 28  1 37 59 344377  -12.44185  -57.39757     6029  54.7  2  0  5 10 0 0 0 1 0 0 0 1 0 1 1 0 0 1
2014   2 28  1 37 59 934333   34.06598 -172.78824    12667  65.3  1  0  7 21 0 0 1 1 1 0 0 1 0 1 1 1 0 0
2014   2 28  1 38  0   9221  -30.60006 -136.21089    18956  43.8  1  0  5 10 0 0 1 0 1 0 0 1 0 0 1 1 0 0
2014   2 28  1 38  0  16015  -30.60569 -137.00621    15185  55.5  1  0  7 21 0 0 1 1 1 0 0 1 0 0 1 1 0 1
2014   2 28  1 38  0  63491  -12.38698  -57.73959     6424  54.6  2  0  5 10 0 0 0 1 1 0 0 1 0 0 1 0 0 1
2014   2 28  1 38  0 391539  -19.58552   36.03521    16600  31.3  1  0  5 10 0 0 1 0 1 0 0 1 0 1 0 0 0 1
2014   2 28  1 38  0 418930  -20.74477   34.46285    37233  39.6  1  0  5 10 0 0 1 1 1 0 0 0 0 0 1 0 0 1
2014   2 28  1 38  0 444691    4.24268  -72.15345     7345  54.7  2  0  5  8 0 0 0 1 1 0 0 1 0 0 1 1 0 0
2014   2 28  1 38  0 555598  -15.89478  -49.90042     3440  39.4  0  0  6 14 0 0 1 1 0 0 0 1 0 0 1 0 1 1
2014   2 28  1 38  0 569306  -15.93655  -49.86828     3545  47.7  1  0  6 15 0 0 1 1 1 0 0 1 0 0 1 0 0 1
2014   2 28  1 38  0 592451  -15.91716  -49.90549     4135  47.3  1  0  5 10 0 0 1 1 1 0 0 1 0 0 1 0 0 0
2014   2 28  1 38  0 622893   22.07438  127.33607     6309  62.6  2  0  5  7 0 0 0 1 1 0 0 1 0 0 1 0 0 1
2014   2 28  1 38  0 767412  -15.94682  -49.99330     3279  49.2  1  0  6 15 0 0 0 1 1 0 0 1 0 1 1 0 0 1
2014   2 28  1 38  1  55161    4.11935  -72.48058     9150  50.2  2  0  5  7 0 0 0 1 1 0 0 1 0 0 0 1 0 1
2014   2 28  1 38  1 777421  -22.34260  -49.11975     3020  21.1  0  0  5 10 0 0 1 1 0 0 0 1 0 1 1 0 0 0
2014   2 28  1 38  1 837976   -7.44026  -74.05417     7522  67.4  2  0  5 10 0 0 0 1 1 0 0 1 0 0 1 1 0 0
2014   2 28  1 38  1 851906   -7.39360  -73.71141     4436  73.2  2  0  7 21 0 0 1 1 1 0 0 1 0 0 1 1 0 1
2014   2 28  1 38  2 814200   10.04985  -73.19023     8079  80.4  2  0  7 18 0 0 1 1 1 0 0 1 0 0 1 1 0 1
2014   2 28  1 38  3 591506  -13.10540  158.43217     7669  18.0  0  0  5  9 0 0 1 1 0 0 0 1 0 0 1 1 0 0
2014   2 28  1 38  3 616587  -16.81776  176.22276    33208  28.6  1  0  4  6 0 0 1 1 0 0 0 0 0 0 1 1 0 0
2014   2 28  1 38  3 657360  -13.05132  158.27129     8956  15.1  0  0  4  6 0 0 0 1 0 0 0 1 0 0 1 1 0 0
2014   2 28  1 38  3 696930  -13.06788  158.40762     7872   4.9  0  0  4  6 0 0 1 1 0 0 0 1 0 0 0 1 0 0
2014   2 28  1 38  4 188714    5.81506  -76.54803    10205  81.4  2  0  6 12 0 0 1 1 0 0 0 1 0 0 1 1 0 1
2014   2 28  1 38  4 246402  -25.67925  -44.78365     4839  53.5  2  0  5 10 0 0 1 1 1 0 0 0 0 0 1 0 0 1
2014   2 28  1 38  4 263252  -25.57239  -44.85357     4469  45.3  1  0  5 10 0 0 0 1 1 0 0 1 0 0 1 0 0 1
2014   2 28  1 38  4 569925  -25.67828  -44.81902     4108  55.9  1  0  6 15 0 0 1 1 1 0 0 1 0 0 1 0 0 1
2014   2 28  1 38  4 976429  -25.57135  -44.87202     5433  47.4  1  0  5  8 0 0 0 1 1 0 0 1 0 0 1 0 0 1
2014   2 28  1 38  5 358296  -23.69621  -50.42222     3286   5.2  0  0  4  6 0 0 1 1 0 0 0 1 0 0 1 0 0 0
2014   2 28  1 38  6 391298  -15.90839  -49.97566     4295  90.0  2  0  6 15 0 0 0 1 1 0 0 1 0 1 1 0 0 1
2014   2 28  1 38  6 537918  -15.88332  -49.78386     4881  91.3  2  0  6 15 0 0 1 1 1 0 0 1 0 0 1 0 0 1
2014   2 28  1 38  7  47966  -22.32285   61.38427    72703  86.0  2  0  5 10 0 0 1 1 1 0 0 0 0 0 1 0 0 1
2014   2 28  1 38  7 316332    0.48664  -75.28483     6964  12.8  0  0  4  6 0 0 0 1 0 0 0 0 0 1 0 1 0 1
2014   2 28  1 38  7 782517    0.79342  -72.19809     7910 116.2  2  0  6 15 0 0 1 0 1 0 0 1 0 1 1 1 0 0
2014   2 28  1 38  8 152572  -19.58031  -50.72230     2416  11.7  0  0  6 15 0 0 1 1 0 0 0 1 0 1 1 0 0 1
2014   2 28  1 38  8 161321  -19.56243  -50.71785     2480  10.8  0  0  6 14 0 0 1 1 1 0 0 1 0 0 1 0 0 1
2014   2 28  1 38  8 218226  -19.60227  -50.73046     2692  10.2  0  0  5  9 0 0 0 1 1 0 0 1 0 0 1 0 0 1
2014   2 28  1 38  8 748956  -12.74852  -73.94807     3398   7.4  0  0  5 10 0 0 1 0 1 0 0 1 0 0 1 0 0 1
2014   2 28  1 38  8 758346  -12.66746  -74.09090     2694  17.2  0  0  7 21 0 0 1 1 1 0 0 1 0 0 1 1 0 1
2014   2 28  1 38  9   7964  -10.47557  -75.43141     3116  23.1  0  0  6 15 0 0 1 1 1 0 0 0 0 1 0 1 0 1
2014   2 28  1 38  9 134590  -15.89587  -49.84891     2664   9.6  0  0  5 10 0 0 1 1 0 0 0 1 0 0 1 0 0 1
2014   2 28  1 38  9 266417    3.96816  -71.58817    12070  11.7  0  0  4  6 0 0 0 1 0 0 0 1 0 0 1 0 0 1
2014   2 28  1 38  9 276536    0.58176  -71.85400     3116   3.5  0  0  5 10 0 0 0 1 1 0 0 1 0 0 1 1 0 0
2014   2 28  1 38  9 311597  -10.58098  -75.75529     4280  12.1  0  0  5 10 0 0 0 1 1 0 0 1 0 0 0 1 0 1
2014   2 28  1 38 11 179183   -5.07945  -70.25380     3563  14.2  0  0  5 10 0 0 0 0 1 0 0 1 0 0 1 1 0 1
2014   2 28  1 38 12 637197  -15.92604  -49.89836     3509  29.6  0  0  5 10 0 0 0 1 1 0 0 1 0 0 1 0 0 1
2014   2 28  1 38 12 769139  -15.92804  -49.86738     3666  34.8  1  0  5 10 0 0 1 1 1 0 0 1 0 0 0 0 0 1
2014   2 28  1 38 12 869718    4.14985  -71.99573     4652  36.8  0  0  6 15 0 0 0 1 1 0 0 1 0 0 1 1 0 1
2014   2 28  1 38 13  95435  -13.15471  -71.84367     9467  25.6  1  0  4  6 0 0 0 1 1 0 0 0 0 1 0 1 0 0
2014   2 28  1 38 13 127616  -12.61529  -70.68184     4131  51.7  1  0  6 15 0 0 1 1 1 0 0 0 0 0 1 1 0 1
2014   2 28  1 38 13 324823  -23.87940  -46.02845     3860  55.8  1  0  6 15 0 0 1 1 0 0 0 1 0 1 1 0 0 1
2014   2 28  1 38 15 227049   -7.42318  -73.62627     4912  79.7  2  0  7 21 0 0 1 1 1 0 0 0 0 1 1 1 0 1
2014   2 28  1 38 15 402527  -11.03967  -75.44970     4167  61.1  1  0  7 21 0 0 1 0 1 0 0 1 0 1 1 1 0 1
2014   2 28  1 38 16  53428  -12.18953  -57.19458     4784  55.3  2  0  5 10 0 0 1 0 0 0 0 0 0 1 1 1 0 1
2014   2 28  1 38 16  65117  -15.94211  -49.94204     4650  54.0  2  0  5 10 0 0 0 1 1 0 0 1 0 0 1 0 0 1
2014   2 28  1 38 16 135134  -32.55710  -70.60358    10479  18.4  0  0  5 10 0 0 0 1 1 0 0 0 0 0 1 1 0 1
2014   2 28  1 38 16 146690  -32.88420 -123.53202    17616  73.3  2  0  6 15 0 0 1 1 1 0 0 1 0 0 1 1 0 0
2014   2 28  1 38 16 307077  -23.96898  -45.93430     5596  77.0  2  0  5 10 0 0 0 1 1 0 0 1 0 0 1 0 0 1
2014   2 28  1 38 16 704116  -24.20955  -50.55596     3342   1.5  0  0  4  6 0 0 1 0 0 0 0 1 0 1 1 0 0 0
2014   2 28  1 38 17 365473  -20.02157   22.52995    46192  53.0  2  0  5 10 0 0 1 1 1 0 0 0 0 0 1 0 0 1
2014   2 28  1 38 18 145296  -25.59918  -44.81600     4608  47.4  1  0  5 10 0 0 0 1 1 0 0 1 0 0 1 0 0 1
2014   2 28  1 38 18 319415  -25.65357  -44.79039     4866  54.0  2  0  5 10 0 0 1 1 1 0 0 0 0 0 1 0 0 1
2014   2 28  1 38 18 366960  -25.68233  -44.80365     4680  45.9  1  0  5  9 0 0 1 1 1 0 0 0 0 0 1 0 0 1
2014   2 28  1 38 18 674825  -15.80613  -49.79594     4364  73.8  2  0  6 15 0 0 1 1 1 0 0 1 0 0 1 0 0 1
2014   2 28  1 38 18 684457  -15.79838  -49.90363     3647  80.6  2  0  7 21 0 0 1 1 1 0 0 1 0 1 1 0 0 1
2014   2 28  1 38 18 694927  -15.79592  -49.90561     3637  80.1  2  0  7 21 0 0 1 1 1 0 0 1 0 1 1 0 0 1
2014   2 28  1 38 18 951496  -15.78655  -49.90060     3699  83.4  2  0  7 21 0 0 1 1 1 0 0 1 0 1 1 0 0 1
2014   2 28  1 38 19  15715  -25.46593  -44.90712     4723  50.5  2  0  5 10 0 0 0 1 1 0 0 1 0 0 1 0 0 1
2014   2 28  1 38 21 545144  -24.29981  -50.80368     3317   4.1  0  0  4  6 0 0 1 1 0 0 0 1 0 0 1 0 0 0
2014   2 28  1 38 22 441368  -19.81901   64.77416    25739  54.2  2  0  5 10 0 0 1 0 1 0 0 1 0 0 1 0 0 1
2014   2 28  1 38 22 633755  -19.63789  -50.50552     2970   8.8  0  0  4  6 0 0 1 0 0 0 0 1 0 0 1 0 0 1
2014   2 28  1 38 22 843705  -19.67934  -50.87802     4285 126.1  2  0  7 21 0 0 1 1 1 0 0 1 0 1 1 0 0 1
2014   2 28  1 38 23 268900  -23.91096  -46.57227     3384  11.6  0  0  4  6 0 0 1 0 0 0 0 1 0 0 1 0 0 1
2014   2 28  1 38 23 319821  -23.30739  -47.07842     4635 105.6  2  0  6 15 0 0 1 1 1 0 0 1 0 0 1 0 0 1
2014   2 28  1 38 23 347686  -23.30410  -47.07647     4688 107.8  2  0  6 15 0 0 1 1 1 0 0 1 0 0 1 0 0 1
2014   2 28  1 38 40  20897  -24.05447  -45.75276     3010  18.3  0  0  5 10 0 0 1 1 1 0 0 1 0 0 0 0 0 1
2014   2 28  1 38 40 865623  -21.02745  -53.58041     2549  18.0  0  0  6 15 0 0 1 1 1 0 0 1 0 1 0 0 0 1
2014   2 28  1 38 40 877493  -21.00308  -53.60026     2593  22.6  0  0  6 15 0 0 1 1 1 0 0 1 0 1 0 1 0 0
2014   2 28  1 38 41  81117  -21.11500  -53.62921     2799  10.4  0  0  5 10 0 0 0 1 1 0 0 1 0 1 0 0 0 1
2014   2 28  1 38 42  10432  -22.47981  -48.72654     2944  15.2  0  0  5  8 0 0 1 1 1 0 0 1 0 0 0 0 0 1
2014   2 28  1 38 42 361773  -13.52699  -51.78143     2662  30.1  0  0  7 21 0 0 1 1 1 0 0 1 0 1 0 1 0 1
2014   2 28  1 38 43 363867  -19.65758  -50.69153     3262  63.5  1  0  7 19 0 0 1 1 1 0 0 1 0 1 0 1 0 1
2014   2 28  1 38 43 505079    9.49651  -74.80264     5992  14.1  0  0  5  9 0 0 0 1 1 0 0 1 0 0 0 1 0 1
2014   2 28  1 38 46 290308    2.77488  -17.60884    33716  56.7  2  0  5  7 0 0 1 1 1 0 0 0 0 0 0 1 0 1
2014   2 28  1 38 46 975643   -4.82383  -74.43336     7411  61.3  2  0  6 15 0 0 1 1 1 0 0 1 0 1 0 0 0 1
2014   2 28  1 38 48 563162  -15.86086  -49.66859     6356  59.1  2  0  5  8 0 0 1 1 1 0 0 1 0 0 0 0 0 1
2014   2 28  1 38 50 677770   -3.24882  -61.52259     4533  96.9  2  0  7 21 0 0 1 1 1 0 0 1 0 1 0 1 0 1
2014   2 28  1 38 51 277092  -25.92041  -44.40499     4768  79.7  2  0  6 11 0 0 1 1 1 0 0 1 0 0 0 1 0 1
2014   2 28  1 38 52 224596  -22.47649 -132.46461    46517 114.0  2  0  6 15 0 0 1 1 1 0 0 1 0 1 0 0 0 1
2014   2 28  1 38 52 994947  -12.84636  -57.20866     6826  93.1  2  0  6 15 0 0 1 1 1 0 0 0 0 1 0 0 1 1
2014   2 28  1 38 54  31304   43.81448 -135.59918   184594  45.5  1  0  5  9 0 0 0 0 1 0 0 1 0 1 0 1 0 1
2014   2 28  1 38 55 384852   -4.81308  -40.85913     6966  29.7  0  0  5  9 0 0 1 0 1 0 0 1 0 0 0 1 0 1
2014   2 28  1 38 56  43345  -23.10001  -47.30614     2634   3.8  0  0  5  7 0 0 1 1 1 0 0 0 0 1 0 0 0 1
2014   2 28  1 38 56 401336   -0.03830  -71.90218     5726   7.5  0  0  4  6 0 0 1 1 0 0 0 1 0 0 0 0 0 1
2014   2 28  1 38 56 616866   -8.95098  -60.50491     2812  11.1  0  0  6 15 0 0 1 1 1 0 0 1 0 1 0 0 0 1
2014   2 28  1 38 57 660799  -25.87628  -44.43586     2743  19.3  0  0  6 15 0 0 1 1 1 0 0 1 0 1 0 0 0 1
2014   2 28  1 38 57 825603  -25.87888  -44.41140     3231  19.9  0  0  5  9 0 0 1 1 1 0 0 1 0 0 0 0 0 1
2014   2 28  1 38 58 287117  -13.42719  -51.79058     2792  15.1  0  0  5 10 0 0 1 1 1 0 0 1 0 1 0 0 0 0
2014   2 28  1 38 58 699754  -18.60223   23.70658    11951  13.2  0  0  5  9 0 0 1 1 1 0 0 1 0 0 0 0 0 1
2014   2 28  1 38 59  29299  -12.35665  -57.67206     3080  23.4  0  0  6 15 0 0 1 1 1 0 0 1 0 1 0 0 0 1
2014   2 28  1 39  0 353583  -15.80973  -49.81359     2678  23.3  0  0  6 15 0 0 1 1 1 0 0 1 0 1 0 0 0 1
2014   2 28  1 39  0 968172    3.69378  -71.49595     7995  31.8  1  0  5 10 0 0 1 1 1 0 0 1 0 0 0 0 0 1
2014   2 28  1 39  3 447233  -32.70842  -43.18467     4773  29.6  0  0  5 10 0 0 1 1 1 0 0 1 0 0 0 0 0 1
2014   2 28  1 39  3 500072  -32.71708  -43.19249     3280  26.4  0  0  6 15 0 0 1 1 1 0 0 1 0 1 0 0 0 1
2014   2 28  1 39  3 600553  -32.92705  -43.20356     5423  30.1  1  0  5  8 0 0 1 1 1 0 0 1 0 0 0 0 0 1
2014   2 28  1 39  3 928831  -24.12194  -45.74801     4874  66.0  2  0  5 10 0 0 1 1 0 0 0 1 0 1 0 0 0 1
2014   2 28  1 39  4  35488  -32.69807  -43.22791     3331  27.5  0  0  6 15 0 0 1 1 1 0 0 1 0 1 0 0 0 1
2014   2 28  1 39  4 259050  -32.68779  -43.25276     4943  31.4  1  0  5 10 0 0 1 1 1 0 0 1 0 0 0 0 0 1
2014   2 28  1 39  8 425342  -19.68598  -50.85981     4210  92.8  2  0  6 15 0 0 1 1 1 0 0 1 0 1 0 0 0 1
2014   2 28  1 39  9 396671  -13.53066  -72.63794    12912  45.5  1  0  5 10 0 0 1 1 1 0 0 0 0 1 0 0 0 1
2014   2 28  1 39 12 203287  -25.86527  -44.32745     3215  21.9  0  0  5 10 0 0 1 1 1 0 0 1 0 0 0 0 0 1
2014   2 28  1 39 13 324417  -22.69332  -48.68532     2753  19.0  0  0  6 11 0 0 1 1 1 0 0 1 0 1 0 0 0 1
2014   2 28  1 39 13 492422  -22.68565  -48.70578     3340  20.5  0  0  5  7 0 0 1 1 0 0 0 1 0 1 0 0 0 1
2014   2 28  1 39 13 974890  -23.94928  -45.88320     4812  34.4  1  0  5  7 0 0 1 1 1 0 0 1 0 0 0 0 0 1
2014   2 28  1 39 14  93018  -23.13387  -47.45053     2779  13.1  0  0  5  9 0 0 1 1 1 0 0 1 0 0 0 0 0 1
2014   2 28  1 39 15 633168  -15.82227  -49.77879     2901  20.0  0  0  5  9 0 0 1 1 0 0 0 1 0 1 0 0 0 1
2014   2 28  1 39 15 661601  -15.83143  -49.73423     2880  14.9  0  0  5 10 0 0 1 1 1 0 0 1 0 0 0 0 0 1
2014   2 28  1 39 15 679603  -15.84148  -49.76665     3429  21.3  0  0  5 10 0 0 1 1 1 0 0 0 0 1 0 0 0 1
2014   2 28  1 39 15 862754  -15.80318  -49.71067     3001  18.1  0  0  5 10 0 0 1 1 1 0 0 1 0 0 0 0 0 1
2014   2 28  1 39 16 108910  -15.82262  -49.79437     2893  22.1  0  0  5 10 0 0 1 1 1 0 0 1 0 1 0 0 0 0
2014   2 28  1 39 16 227832  -15.85459  -49.80657     2505   7.2  0  0  5 10 0 0 0 1 1 0 0 1 0 1 0 0 0 1
2014   2 28  1 39 16 341073  -15.83339  -49.78542     3024  26.4  0  0  5 10 0 0 1 1 0 0 0 1 0 1 0 0 0 1
2014   2 28  1 39 16 463348  -15.83858  -49.78815     2711  24.9  0  0  6 15 0 0 1 1 1 0 0 1 0 1 0 0 0 1
2014   2 28  1 39 16 830742  -27.93837 -131.49998   119935  46.2  1  0  5 10 0 0 1 1 1 0 0 0 0 1 0 0 0 1
2014   2 28  1 39 17 691534  -12.49544  -57.34079     3414  40.9  0  0  7 21 0 0 1 1 1 0 0 1 0 1 0 0 1 1
2014   2 28  1 39 17 704440  -12.48729  -57.33752     3934  44.7  1  0  6 15 0 0 1 1 1 0 0 1 0 1 0 0 0 1
2014   2 28  1 39 17 983229  -15.94216  -49.88088     3504  30.9  1  0  5 10 0 0 1 1 1 0 0 1 0 0 0 0 0 1
2014   2 28  1 39 18 490990  -24.27218  -50.17541     5078  61.8  2  0  5  7 0 0 1 1 1 0 0 1 0 0 0 0 0 1
2014   2 28  1 39 18 524615  -24.19602  -50.34462     5048  75.0  2  0  6 11 0 0 1 1 1 0 0 1 0 1 0 0 0 1
2014   2 28  1 39 18 669425   -7.72241  -73.40266     7797  52.8  2  0  5 10 0 0 1 1 1 0 0 1 0 0 0 0 0 1
2014   2 28  1 39 18 678750   -7.83756  -73.27417     6412  58.3  1  0  6 15 0 0 1 1 1 0 0 1 0 1 0 0 0 1
2014   2 28  1 39 18 799029   -9.12324  -72.29226     7155  16.8  0  0  5 10 0 0 1 1 1 0 0 0 0 1 0 0 0 1
2014   2 28  1 39 20 238327  -22.51099  -48.87029     4430  81.6  2  0  6 13 0 0 1 1 1 0 0 1 0 1 0 0 0 1
2014   2 28  1 39 20 848899  -25.81997  -44.69870     3776  39.0  1  0  5  7 0 0 1 1 1 0 0 1 0 0 0 0 0 1
2014   2 28  1 39 23 989646  -16.05897  -50.11808     3568  38.8  1  0  5 10 0 0 0 1 1 0 0 1 0 1 0 0 0 1
2014   2 28  1 39 24 609695    0.05996  -69.68861     8025  14.7  0  0  5  9 0 0 1 1 1 0 0 0 0 1 0 0 0 1
2014   2 28  1 39 26 291439  -25.63170  -44.98446     5176  67.7  2  0  5 10 0 0 1 1 1 0 0 1 0 0 0 0 0 1
2014   2 28  1 39 26 330723  -25.73568  -44.90747     6497  60.9  2  0  5  7 0 0 1 1 1 0 0 1 0 0 0 0 0 1
