2014   2 28  5 29 36 408701    2.64820    5.32982    42287   0.7  0  0  4  6 0 0 1 1 0 0 0 0 0 0 1 0 0 1
2014   2 28  5 29 36 704704  -12.96792  -71.39174     5408  11.7  0  0  5 10 0 0 1 1 0 0 0 0 0 1 1 0 0 1
2014   2 28  5 29 38 452486    3.78845  152.88281    17123  21.3  1  0  4  6 0 0 1 1 0 0 0 0 0 0 0 1 0 1
2014   2 28  5 29 38 766174  -22.30724  -46.78365     3187   6.0  0  0  4  6 0 0 1 1 0 0 0 0 0 0 1 0 0 1
2014   2 28  5 29 40 130844  -16.09122  -51.19347     3645  28.0  0  0  5  9 0 0 1 1 0 0 0 0 0 1 0 0 1 1
2014   2 28  5 29 40 427976   -5.92973  -74.49907     7703  31.9  1  0  4  6 0 0 0 1 0 0 0 0 0 0 1 1 0 1
2014   2 28  5 29 40 661034  -24.75293 -133.73926    40013  43.4  1  0  5 10 0 0 0 1 0 0 0 0 0 1 1 1 0 1
2014   2 28  5 29 40 905156  -23.62484 -137.36060   105811  45.6  1  0  5 10 0 0 1 1 0 0 0 0 0 1 1 0 0 1
2014   2 28  5 29 41  52427  -20.94865  -49.41395     3024   9.1  0  0  4  6 0 0 1 1 0 0 0 0 0 1 1 0 0 0
2014   2 28  5 29 41 123491    5.84069  -73.58664    18101  41.0  1  0  5 10 0 0 1 1 0 0 0 0 0 1 1 0 0 1
2014   2 28  5 29 41 395273  -20.74453  -46.79252     3253   9.3  0  0  4  6 0 0 1 1 0 0 0 0 0 0 1 0 0 1
2014   2 28  5 29 42 193962  -19.43361 -141.76897    15502  37.6  1  0  5 10 0 0 1 1 0 0 0 0 0 0 1 1 0 1
2014   2 28  5 29 42 225677  -19.11716 -141.80341    15120  55.3  1  0  6 15 0 0 1 1 0 0 0 0 0 1 1 1 0 1
2014   2 28  5 29 43   2833    7.74517  -73.89724     7070  70.6  2  0  6 14 0 0 1 1 0 0 0 0 0 1 1 1 0 1
2014   2 28  5 29 43  31301    2.63975  -68.29437     9184  67.1  2  0  5 10 0 0 0 1 0 0 0 0 0 1 1 1 0 1
2014   2 28  5 29 43 906106    2.52377  -70.41970    11570  13.9  0  0  4  6 0 0 1 1 0 0 0 0 0 1 0 0 0 1
2014   2 28  5 29 44 945207  -29.03159 -136.08795    28032  62.5  2  0  5  9 0 0 1 1 0 0 0 0 0 0 1 1 0 1
2014   2 28  5 29 45 855403    4.67786  151.09843    28770  67.8  2  0  5 10 0 0 1 1 0 0 0 0 0 0 1 1 0 1
2014   2 28  5 29 45 892643    4.67174  151.13876    28681  68.1  2  0  5 10 0 0 1 1 0 0 0 0 0 0 1 1 0 1
2014   2 28  5 29 46  81686    4.67874  151.07047    29448  69.1  2  0  5 10 0 0 1 1 0 0 0 0 0 0 1 1 0 1
2014   2 28  5 29 46 837190   -0.04140  -14.91680    27982  63.4  2  0  5  8 0 0 1 1 0 0 0 0 0 0 1 1 0 1
2014   2 28  5 29 46 958803    5.91555  -77.77869    10230 110.1  2  0  6 14 0 0 1 1 0 0 0 0 0 1 1 1 0 1
2014   2 28  5 29 46 991556    5.93714  -77.75477     9545 107.1  2  0  6 15 0 0 1 1 0 0 0 0 0 1 1 1 0 1
2014   2 28  5 29 47 296368   -6.31462  -77.22025     7045   8.3  0  0  4  6 0 0 0 1 0 0 0 0 0 1 0 1 0 1
2014   2 28  5 29 49 277426   -6.71746  -77.57502     7032   7.5  0  0  4  6 0 0 0 1 0 0 0 0 0 1 0 1 0 1
2014   2 28  5 29 49 414835   -6.72247  -77.57339     7295   8.5  0  0  4  6 0 0 0 1 0 0 0 0 0 1 0 1 0 1
2014   2 28  5 29 51 441877  -24.46327  -45.47726     5694  83.6  2  0  6 12 0 0 1 1 0 0 0 0 0 1 1 1 0 1
2014   2 28  5 29 52 169933   -6.06296  -74.34833     4084  14.8  0  0  6 11 0 0 0 1 1 0 0 0 0 1 1 1 0 1
2014   2 28  5 29 52 436611   -5.99805  -74.04800     4632  28.7  0  0  5  9 0 0 1 1 0 0 0 0 0 0 1 1 0 1
2014   2 28  5 29 52 485777    4.04306  -82.90873     4538  17.5  0  0  6 12 0 0 1 1 1 0 0 1 0 0 1 1 0 0
2014   2 28  5 29 52 515338  -21.94864  -45.94171     2538  16.9  0  0  6 14 0 0 1 1 0 0 0 1 0 1 0 1 0 1
2014   2 28  5 29 52 536550  -21.92417  -45.88626     3123  46.5  1  0  6 15 0 0 1 1 1 0 0 1 0 0 1 0 0 1
2014   2 28  5 29 52 559612  -21.99058  -45.92166     2967  16.9  0  0  5  8 0 0 0 1 1 0 0 1 0 0 1 0 0 1
2014   2 28  5 29 55  54413   -5.60850  -74.61534     5206  24.0  0  0  5 10 0 0 0 1 1 0 0 0 0 0 1 1 0 1
2014   2 28  5 29 55 175488  -23.43404  -46.59355     3680  38.6  1  0  5 10 0 0 1 0 1 0 0 1 0 0 1 0 0 1
2014   2 28  5 29 55 196588  -23.46266  -46.58432     3412  28.8  0  0  5 10 0 0 0 1 1 0 0 1 0 0 1 0 0 1
2014   2 28  5 29 55 222621    3.26405   88.30749     6278   6.0  0  0  4  6 0 0 0 0 0 0 0 1 0 0 1 1 0 1
2014   2 28  5 29 55 751163    2.05568  -66.77490     3243  29.5  0  0  7 21 0 0 0 1 1 0 0 1 0 1 1 1 0 1
2014   2 28  5 29 56 680862   -2.60732    2.97535    44204  26.9  0  0  5 10 0 0 1 1 1 0 0 0 0 0 1 0 0 1
2014   2 28  5 29 56 960585    0.13344    7.42422    15474  57.2  1  0  6 14 0 0 1 0 1 0 0 1 0 0 1 1 0 1
2014   2 28  5 29 57 131352  -20.60807  -49.40804     3120  63.5  1  0  7 19 0 0 1 1 1 0 0 1 0 1 1 0 0 1
2014   2 28  5 29 58 751117  -25.90729 -136.71251    12442  40.3  0  0  7 21 0 0 0 1 1 0 0 1 0 0 1 1 1 1
2014   2 28  5 29 58 931570    7.67710  -74.41275    10885  53.6  2  0  5  8 0 0 0 1 1 0 0 1 0 0 1 1 0 0
2014   2 28  5 29 59  36089    7.71324  -74.83666     9625  36.0  1  0  5  8 0 0 0 1 1 0 0 1 0 0 0 1 0 1
2014   2 28  5 29 59 118922    0.53355  -64.99593     5781  53.1  1  0  6 12 0 0 0 1 1 0 0 1 0 0 1 1 0 1
2014   2 28  5 29 59 544463    2.66127  -68.19960     4956  53.5  1  0  6 15 0 0 0 1 1 0 0 1 0 0 1 1 0 1
2014   2 28  5 29 59 674466    2.63703  -68.28915     4692  60.3  1  0  7 21 0 0 0 1 1 0 0 1 0 1 1 1 0 1
2014   2 28  5 29 59 697658  -28.32313  -42.79334     4904  59.7  1  0  6 11 0 0 1 1 1 0 0 1 0 0 1 1 0 0
2014   2 28  5 29 59 835507  -13.74974  -70.66575    12750  52.8  2  0  5 10 0 0 1 1 1 0 0 0 0 0 1 0 0 1
2014   2 28  5 29 59 868079  -13.10960  -71.38023     3945  65.2  1  0  7 21 0 0 1 1 1 0 0 1 0 0 1 1 0 1
2014   2 28  5 30  0  81010  -28.55899  -42.73985     4455  29.8  0  0  5  9 0 0 1 1 0 0 0 1 0 0 1 0 0 1
2014   2 28  5 30  0 131960  -13.08706  -71.18750     4712  68.4  2  0  6 15 0 0 1 0 1 0 0 1 0 1 0 1 0 1
2014   2 28  5 30  0 407047  -28.44267  -43.01525     7002  24.9  0  0  5  7 0 0 1 0 1 0 0 0 0 1 0 1 0 1
2014   2 28  5 30  0 459815  -28.22268  -43.13054     3874  17.1  0  0  5 10 0 0 0 1 1 0 0 1 0 0 1 0 0 1
2014   2 28  5 30  1 249578  -16.72109  -50.98991     3387  63.1  1  0  7 21 0 0 1 0 1 0 0 1 0 1 1 0 1 1
2014   2 28  5 30  1 315448  -16.73007  -50.91973     3911  61.4  2  0  6 15 0 0 1 1 1 0 0 1 0 0 1 0 0 1
2014   2 28  5 30  1 323714  -16.59844  -51.10609     3511  78.0  2  0  7 21 0 0 1 1 1 0 0 0 0 1 1 1 0 1
2014   2 28  5 30  1 352854  -26.76159  -44.06464     4704  41.1  1  0  5  9 0 0 1 1 1 0 0 0 0 0 1 0 0 1
2014   2 28  5 30  1 373933  -26.74390  -43.97479     4108  42.2  1  0  6 13 0 0 1 1 1 0 0 1 0 0 1 0 0 1
2014   2 28  5 30  1 539671  -16.81558  -51.14178     3371  34.0  1  0  5 10 0 0 0 1 1 0 0 1 0 1 0 0 0 1
2014   2 28  5 30  1 611568  -12.09115  -73.40833     6214  90.4  2  0  6 14 0 0 1 1 1 0 0 1 0 0 0 1 0 1
2014   2 28  5 30  1 711276  -12.09985  -73.42405     4518  80.3  2  0  7 21 0 0 1 1 1 0 0 1 0 0 1 1 0 1
2014   2 28  5 30  2  39038  -16.20922  -51.25900     3589  75.9  2  0  7 21 0 0 1 1 1 0 0 1 0 1 1 0 0 1
2014   2 28  5 30  2 486347  -16.63523  -50.77684     4308  27.6  0  0  5 10 0 0 1 1 1 0 0 0 0 0 1 0 0 1
2014   2 28  5 30  2 564443  -21.13222  -49.43025     3655  88.1  2  0  7 19 0 0 1 1 1 0 0 1 0 1 1 0 0 1
2014   2 28  5 30  3 166766  -33.39987  -39.71234     6627  68.3  2  0  6 15 0 0 1 1 1 0 0 1 0 0 1 0 0 1
2014   2 28  5 30  3 445164  -23.36365  -46.63153     5460 116.4  2  0  7 20 0 0 1 1 1 0 0 1 0 0 1 1 0 1
2014   2 28  5 30  3 894109  -33.48774  -39.56255     7734  61.7  2  0  5 10 0 0 1 1 0 0 0 1 0 0 1 0 0 1
2014   2 28  5 30  3 914336  -33.39981  -39.75235     6919  72.5  2  0  6 15 0 0 1 1 1 0 0 1 0 0 1 0 0 1
2014   2 28  5 30  4 233080  -20.56017  -49.57129     4446  43.7  1  0  5  7 0 0 1 1 0 0 0 1 0 1 0 0 0 1
2014   2 28  5 30  4 281926    4.48956  -84.01431    13341  93.0  2  0  6 15 0 0 0 1 1 0 0 1 0 0 1 1 0 1
2014   2 28  5 30  5 311331  -23.47063  -46.07300     4301  98.8  2  0  7 21 0 0 1 1 1 0 0 1 0 1 1 0 0 1
2014   2 28  5 30  5 818160  -13.55864  159.55316    14283  97.1  2  0  7 21 0 0 1 1 1 0 0 1 0 0 1 1 0 1
2014   2 28  5 30  6 423329   -4.11463  145.20100     6383  14.2  0  0  4  6 0 0 1 0 0 0 0 1 0 0 1 1 0 0
2014   2 28  5 30  7  30006  -16.46288  -51.20390     7636 116.7  2  0  6 15 0 0 1 1 1 0 0 0 0 1 1 0 0 1
2014   2 28  5 30  8 670127  -12.19279  -73.00181     3453  10.0  0  0  5  9 0 0 0 1 0 0 0 1 0 0 1 1 0 1
2014   2 28  5 30  8 813835  -22.05085 -140.68242     6507  10.5  0  0  6 15 0 0 1 1 1 0 0 0 0 0 1 1 0 1
2014   2 28  5 30  8 893614   -5.84085  -74.60040     3846  10.4  0  0  5  9 0 0 0 1 0 0 0 1 0 0 1 1 0 1
2014   2 28  5 30  9 149309  -12.11974  -72.71799     4313  10.9  0  0  5 10 0 0 0 0 1 0 0 0 0 1 1 1 0 1
2014   2 28  5 30  9 256862  -22.11954  -45.82401     2746  16.8  0  0  5 10 0 0 0 1 1 0 0 1 0 0 1 0 0 1
2014   2 28  5 30  9 346739  -21.61966  -48.73595     3370  11.9  0  0  5  7 0 0 1 1 0 0 0 1 0 0 1 0 0 1
2014   2 28  5 30  9 891289   -1.52370  -72.04485     4636  25.0  0  0  6 15 0 0 0 1 1 0 0 0 0 1 1 1 0 1
2014   2 28  5 30 10 279361  -20.23531  -47.12375     2721  21.8  0  0  6 15 0 0 1 1 1 0 0 1 0 0 1 0 0 1
2014   2 28  5 30 10 741862  -28.45261  -42.81965     3366   9.1  0  0  5 10 0 0 0 1 1 0 0 1 0 0 1 0 0 1
2014   2 28  5 30 11 117525    7.43683  -74.14323     4855  30.1  0  0  6 15 0 0 0 1 1 0 0 1 0 0 1 1 0 1
2014   2 28  5 30 11 721069    7.67001  -74.36757     9689  24.3  1  0  4  6 0 0 0 1 0 0 0 1 0 0 0 1 0 1
2014   2 28  5 30 11 809914    7.51513  -74.33399     4955  38.9  0  0  7 21 0 0 0 1 1 0 0 1 0 1 1 1 0 1
2014   2 28  5 30 12 108059  -20.73717  -49.53528     2418  20.1  0  0  7 21 0 0 1 1 1 0 0 1 0 1 1 0 0 1
2014   2 28  5 30 12 135190    7.64502  -73.93758     7165  31.7  1  0  5  8 0 0 0 0 1 0 0 1 0 0 1 1 0 1
2014   2 28  5 30 12 389770  -11.58247  -57.08346     4777  45.9  1  0  5  9 0 0 1 1 0 0 0 1 0 1 0 0 0 1
2014   2 28  5 30 13 741927   -6.06543  -74.66837     5581  51.8  1  0  6 15 0 0 0 1 1 0 0 1 0 0 1 1 0 1
2014   2 28  5 30 14 156675    2.64260  -68.29232     6536  55.7  1  0  7 16 0 0 1 1 1 0 0 0 0 1 1 1 0 1
2014   2 28  5 30 14 378512   -0.95206  -65.35295    19914  26.1  0  0  5  9 0 0 0 1 1 0 0 0 0 1 1 0 0 1
2014   2 28  5 30 14 560639    2.37066  -67.97814    18769  63.9  2  0  6 15 0 0 0 1 1 0 0 1 0 1 1 0 0 1
2014   2 28  5 30 15 553628  -22.40966  -48.39838     4637  88.3  2  0  6 13 0 0 1 1 0 0 0 0 0 1 1 1 0 1
2014   2 28  5 30 17 262633   -8.23651    6.11987    31203  69.1  2  0  6 12 0 0 1 1 1 0 0 1 0 0 1 0 0 1
2014   2 28  5 30 17 586840  -16.15709  -51.16528     4411  75.6  2  0  6 15 0 0 1 1 1 0 0 1 0 0 1 0 0 1
2014   2 28  5 30 17 746217  -28.02699  -43.43930     4065  33.1  0  0  6 15 0 0 0 1 1 0 0 1 0 1 1 0 0 1
2014   2 28  5 30 17 810671  -20.91127  -49.42083     5896 101.2  2  0  6 13 0 0 1 1 0 0 0 1 0 0 1 1 0 1
2014   2 28  5 30 18 100955  -28.42430  -43.05711     4951  57.8  1  0  6 15 0 0 1 1 1 0 0 1 0 0 1 0 0 1
2014   2 28  5 30 18 764754  -28.25753  -43.00639     4914  58.5  1  0  6 15 0 0 1 1 1 0 0 1 0 0 1 0 0 1
2014   2 28  5 30 18 816681  -28.02807  -43.43414     9223  47.4  1  0  6 13 0 0 0 1 1 0 0 1 0 1 0 1 0 1
2014   2 28  5 30 18 931571    4.19355  -82.80695     7102  92.0  2  0  7 21 0 0 1 0 1 0 0 1 0 1 1 1 0 1
2014   2 28  5 30 18 997024    4.44679  -83.99125    13393  93.2  2  0  6 15 0 0 0 1 1 0 0 1 0 0 1 1 0 1
2014   2 28  5 30 19  90295   -5.41150  149.10847     7742  36.1  1  0  5 10 0 0 1 1 0 0 0 1 0 0 1 1 0 0
2014   2 28  5 30 19 102937    0.95072  -80.39160    28020  93.0  2  0  6 15 0 0 1 1 1 0 0 0 0 1 1 0 0 1
2014   2 28  5 30 19 239104    6.19495  -86.03173     9505 107.2  2  0  7 19 0 0 1 1 1 0 0 1 0 0 1 1 0 1
2014   2 28  5 30 19 291922  -20.42201  -49.48595     3150   8.9  0  0  4  6 0 0 1 1 0 0 0 1 0 0 1 0 0 0
2014   2 28  5 30 20 362848    5.19043  -72.11701     5829 102.2  2  0  7 21 0 0 1 1 1 0 0 1 0 0 1 1 0 1
2014   2 28  5 30 20 630265  -15.98294  -51.51206     4242 112.8  2  0  7 21 0 0 1 1 1 0 0 1 0 1 1 1 0 0
2014   2 28  5 30 20 666068  -16.13247  -51.32077     4327 110.9  2  0  7 21 0 0 1 1 1 0 0 1 0 1 1 0 0 1
2014   2 28  5 30 20 719162  -27.39362 -136.20750    19626 102.2  2  0  7 21 0 0 1 1 1 0 0 1 0 0 1 1 0 1
2014   2 28  5 30 20 832306  -16.13384  -51.32045     4354 112.1  2  0  7 21 0 0 1 1 1 0 0 1 0 1 1 0 0 1
2014   2 28  5 30 20 909044  -13.32001  158.90161    14428 100.0  2  0  7 21 0 0 1 1 1 0 0 1 0 0 1 1 0 1
2014   2 28  5 30 20 910182  -27.30419 -136.79829    23567  98.1  2  0  6 15 0 0 1 1 1 0 0 1 0 0 1 1 0 0
2014   2 28  5 30 21  68513  -13.36201  159.15427    17142  94.6  2  0  6 15 0 0 1 1 1 0 0 1 0 0 1 1 0 0
2014   2 28  5 30 21 100770  -13.29695  159.27647     8456  31.5  1  0  5  9 0 0 1 1 0 0 0 1 0 0 1 1 0 0
2014   2 28  5 30 21 145548  -13.33436  159.21614     8566   3.3  0  0  4  6 0 0 1 0 0 0 0 1 0 0 1 1 0 0
2014   2 28  5 30 21 261610  -21.00388  -49.59966     3263  10.6  0  0  4  6 0 0 1 1 0 0 0 1 0 0 1 0 0 0
2014   2 28  5 30 21 776311  -23.13766  -47.31862     4229 117.2  2  0  7 21 0 0 1 1 1 0 0 1 0 1 1 1 0 0
2014   2 28  5 30 21 869771  -23.11690  -47.23362     5500 146.4  2  0  7 19 0 0 1 1 0 0 0 1 0 1 1 1 0 1
2014   2 28  5 30 22  99640   -4.47038  -71.78867     8642 135.2  2  0  7 21 0 0 0 1 1 0 0 1 0 1 1 1 0 1
2014   2 28  5 30 22 122944   -4.47165  -71.79534     8710 136.6  2  0  7 21 0 0 0 1 1 0 0 1 0 1 1 1 0 1
2014   2 28  5 30 22 346428   -5.06718  -70.54096    10714 139.6  2  0  7 20 0 0 1 1 1 0 0 1 0 1 1 0 0 1
2014   2 28  5 30 22 609335   -4.40798  -71.33891     8316 158.4  2  0  7 20 0 0 1 1 1 0 0 1 0 1 0 1 0 1
2014   2 28  5 30 23 365722  -20.21474  -47.61022     3439  26.2  0  0  5  8 0 0 1 1 0 0 0 0 0 1 1 1 0 0
2014   2 28  5 30 23 975899  -33.12893  -40.61327     5811  26.6  0  0  6 11 0 0 1 1 1 0 0 1 0 1 0 0 0 1
2014   2 28  5 30 24 117036  -33.58712  -39.19994     3362   9.1  0  0  5 10 0 0 1 1 0 0 0 1 0 0 1 0 0 1
2014   2 28  5 30 24 231994  -20.64107  -49.25195     2593  17.7  0  0  6 15 0 0 1 1 1 0 0 1 0 0 1 1 0 0
2014   2 28  5 30 24 999349    4.47259  -72.41296     3832   5.2  0  0  5 10 0 0 0 1 1 0 0 1 0 0 0 1 0 1
2014   2 28  5 30 25  46970    4.47726  -72.37663     3414   3.7  0  0  5  9 0 0 0 1 0 0 0 1 0 0 1 1 0 1
2014   2 28  5 30 25 655787  -16.07607  -50.95842     2984  10.8  0  0  5  9 0 0 1 0 1 0 0 0 0 0 1 1 0 1
2014   2 28  5 30 26  76133  -28.47039  -42.71772     3121  21.2  0  0  6 14 0 0 1 1 0 0 0 1 0 1 0 1 0 1
2014   2 28  5 30 26 901632  -15.83649  -51.08797     2709  23.8  0  0  6 15 0 0 1 1 0 0 0 1 0 1 1 1 0 0
2014   2 28  5 30 26 909311  -15.90188  -51.01142     2999  17.0  0  0  5 10 0 0 0 1 1 0 0 1 0 0 1 0 0 1
2014   2 28  5 30 27 595316   13.72559  -90.93661    27227  27.2  0  0  5 10 0 0 0 1 1 0 0 1 0 0 1 0 0 1
2014   2 28  5 30 28  81645    4.88149  -72.34478     3611  26.1  0  0  7 21 0 0 0 1 1 0 0 1 0 1 1 1 0 1
2014   2 28  5 30 28  92481   14.02953  -91.22445     6784  39.2  0  0  7 19 0 0 1 1 1 0 0 1 0 0 1 1 0 1
2014   2 28  5 30 28 749550   -6.05418  -74.69995     4012  33.8  0  0  7 21 0 0 0 1 1 0 0 1 0 1 1 1 0 1
2014   2 28  5 30 28 955905  -16.40380  -51.04679     3549  29.4  0  0  5 10 0 0 0 1 1 0 0 1 0 0 1 0 0 1
2014   2 28  5 30 29 575229    6.00944  -76.88663     4006  30.5  0  0  7 20 0 0 1 0 1 0 0 1 0 1 1 1 0 1
2014   2 28  5 30 29 702468    6.04327  -77.53181     5177  38.0  0  0  7 21 0 0 0 1 1 0 0 1 0 1 1 1 0 1
2014   2 28  5 30 30 486897  -22.18577  -45.84820     3684  44.7  1  0  5 10 0 0 0 1 1 0 0 1 0 0 1 0 0 1
2014   2 28  5 30 30 756537    5.58839  143.19606     6493  26.8  0  0  5 10 0 0 1 0 1 0 0 1 0 0 0 1 0 1
2014   2 28  5 30 31 180222  -16.14907  -51.23517     4676  52.6  2  0  5 10 0 0 0 1 1 0 0 1 0 0 1 0 0 1
2014   2 28  5 30 31 209825  -16.06771  -51.36904     3534  58.7  1  0  6 15 0 0 0 1 1 0 0 1 0 1 1 1 0 0
2014   2 28  5 30 31 314468  -22.54171  -47.58144     3361  57.2  1  0  7 16 0 0 1 1 0 0 0 1 0 1 1 1 0 1
2014   2 28  5 30 31 350578  -22.62189  -47.43629     3348  47.1  1  0  6 14 0 0 1 1 1 0 0 1 0 0 1 0 0 1
2014   2 28  5 30 31 649599  -16.13280  -51.27049     4227  47.5  1  0  5 10 0 0 1 1 0 0 0 1 0 0 1 0 0 1
2014   2 28  5 30 31 676904  -22.65098  -47.45111     4054  56.4  2  0  5 10 0 0 0 1 1 0 0 1 0 0 1 0 0 1
2014   2 28  5 30 32 219682  -16.72619  -51.34466     4783  46.6  1  0  5 10 0 0 1 1 1 0 0 0 0 1 0 0 0 1
2014   2 28  5 30 32 488590  -10.17658    3.49198    44362  43.2  1  0  5 10 0 0 1 1 1 0 0 0 0 0 1 0 0 1
2014   2 28  5 30 32 984365   -6.13463  -74.62794     6634  52.8  1  0  6 15 0 0 0 0 1 0 0 1 0 1 1 1 0 1
2014   2 28  5 30 33 395901  -20.74702  -46.92902     3078   2.8  0  0  4  6 0 0 1 1 0 0 0 0 0 0 1 0 0 1
2014   2 28  5 30 33 471351  -20.56784  -47.26523     4653 128.1  2  0  7 20 0 0 0 1 1 0 0 1 0 0 1 1 1 1
2014   2 28  5 30 33 604634    2.27270  -15.66566    12595  65.8  1  0  7 19 0 0 1 1 1 0 0 1 0 0 1 1 0 1
2014   2 28  5 30 33 667034  -16.19399 -140.83539    27628  69.2  2  0  6 15 0 0 0 1 1 0 0 1 0 0 1 1 0 1
2014   2 28  5 30 33 760047  -16.26421 -138.78381    17204  73.2  2  0  6 15 0 0 1 1 1 0 0 1 0 0 1 1 0 0
2014   2 28  5 30 34 190540    7.49077  -73.74506     5189  60.7  1  0  7 21 0 0 1 0 1 0 0 1 0 1 1 1 0 1
2014   2 28  5 30 34 405673  -24.18093  -45.94619     4328  70.7  2  0  6 15 0 0 1 1 1 0 0 1 0 0 1 0 0 1
2014   2 28  5 30 34 806482  -23.36606  -46.67226     5396  94.1  2  0  6 15 0 0 1 1 1 0 0 1 0 0 1 0 0 1
2014   2 28  5 30 35 610132    5.18040  -73.59777     9560  90.6  2  0  6 14 0 0 0 1 1 0 0 1 0 0 1 1 0 1
2014   2 28  5 30 36   7686  -21.13049  -49.29689     5455 130.2  2  0  7 17 0 0 1 1 1 0 0 1 0 0 1 1 0 1
2014   2 28  5 30 36 238986  -28.03614  -43.46007     3135  16.3  0  0  6 13 0 0 0 1 1 0 0 1 0 1 1 0 0 1
2014   2 28  5 30 36 400435  -28.12570  -43.24613     5094  86.9  2  0  7 21 0 0 1 1 1 0 0 1 0 0 1 1 0 1
2014   2 28  5 30 36 411943  -28.22175  -43.11895     5012  59.3  1  0  6 15 0 0 1 1 1 0 0 1 0 0 1 0 0 1
2014   2 28  5 30 36 435242  -27.90470  -43.24472     7055  80.8  2  0  6 13 0 0 0 1 1 0 0 1 0 0 1 0 1 1
2014   2 28  5 30 36 444155  -28.39623  -43.15149     5048  59.8  1  0  6 15 0 0 1 1 1 0 0 1 0 0 1 0 0 1
2014   2 28  5 30 36 520025  -27.87541  -43.41743     3829  17.5  0  0  5  9 0 0 0 1 1 0 0 1 0 0 1 0 0 1
2014   2 28  5 30 37 320752  -20.45732  -49.91343     4218  92.8  2  0  7 17 0 0 1 1 1 0 0 1 0 1 1 0 0 1
2014   2 28  5 30 37 335577  -20.43802  -49.93626     2939  51.8  1  0  7 21 0 0 1 1 1 0 0 1 0 1 1 0 0 1
2014   2 28  5 30 37 513058    9.24847  -74.86279     6924  83.3  2  0  7 20 0 0 1 0 1 0 0 1 0 1 1 1 0 1
2014   2 28  5 30 37 850153  -21.01090  -49.53617     3763  54.3  1  0  6 14 0 0 1 1 0 0 0 1 0 1 1 0 0 1
2014   2 28  5 30 39 611393   -6.56801  -78.43370     6763   2.7  0  0  4  6 0 0 0 1 0 0 0 0 0 1 0 1 0 1
2014   2 28  5 30 39 738979  -23.46988  -46.58596     4878 133.7  2  0  7 21 0 0 1 1 1 0 0 1 0 1 1 0 0 1
2014   2 28  5 30 40  58008  -23.49225  -46.38586     2780   6.8  0  0  5  9 0 0 0 1 1 0 0 1 0 0 1 0 0 1
2014   2 28  5 30 40 110470  -14.22667  159.30484     6780  34.4  0  0  7 21 0 0 1 1 1 0 0 1 0 1 0 1 0 1
2014   2 28  5 30 40 430458  -24.70998  -45.40005     4243  15.3  0  0  4  6 0 0 1 1 0 0 0 1 0 0 0 0 0 1
2014   2 28  5 30 40 509307  -28.32820 -133.40472     4803   8.0  0  0  7 21 0 0 1 1 1 0 0 1 0 1 1 1 0 0
2014   2 28  5 30 40 774147  -10.66218  -57.42017     2778   7.8  0  0  5 10 0 0 0 1 1 0 0 0 0 0 1 1 0 1
2014   2 28  5 30 40 947191    4.09436  -82.91225     3249  11.7  0  0  6 15 0 0 1 1 0 0 0 1 0 0 1 1 0 1
2014   2 28  5 30 40 959876    4.04381  -82.48236     4027  35.4  0  0  7 21 0 0 1 1 1 0 0 1 0 1 0 1 0 1
2014   2 28  5 30 41 225581    4.12388  -83.10460     4985   1.8  0  0  4  6 0 0 0 1 0 0 0 1 0 0 1 1 0 0
2014   2 28  5 30 41 280192    4.10988  -83.10719     3888   9.8  0  0  6 15 0 0 0 1 1 0 0 1 0 0 1 1 0 1
2014   2 28  5 30 41 296296    4.12926  -83.22621     6547   3.5  0  0  4  6 0 0 0 1 1 0 0 1 0 0 0 1 0 0
2014   2 28  5 30 42 789218  -20.54816  -49.40882     2803   4.3  0  0  5  7 0 0 1 1 0 0 0 0 0 1 1 1 0 0
2014   2 28  5 30 42 828099  -20.59361  -49.41883     3298  53.4  1  0  6 14 0 0 1 1 1 0 0 0 0 1 0 1 0 1
2014   2 28  5 30 43  69874   -5.77510  -74.55564     3866  24.8  0  0  6 15 0 0 0 1 1 0 0 1 0 0 1 1 0 1
2014   2 28  5 30 43 236619  -16.11397  -51.22298     3295  23.2  0  0  5 10 0 0 0 1 1 0 0 1 0 0 1 0 0 1
2014   2 28  5 30 43 246504  -16.11637  -51.22310     3283  22.8  0  0  5 10 0 0 0 1 1 0 0 1 0 0 1 0 0 1
2014   2 28  5 30 43 584250    7.49872  -74.08416     4694  28.1  0  0  6 15 0 0 0 1 1 0 0 1 0 0 1 1 0 1
2014   2 28  5 30 43 928041   -6.00045    7.29601    13301  28.6  0  0  5  8 0 0 1 1 0 0 0 0 0 0 1 1 0 1
2014   2 28  5 30 45  92735    7.22071  -73.68697    25983  41.6  1  0  5  9 0 0 0 1 1 0 0 1 0 0 1 0 0 1
2014   2 28  5 30 45 482778  -20.65099  -47.03873     2996  49.4  0  0  7 19 0 0 1 1 1 0 0 1 0 1 0 1 0 1
2014   2 28  5 30 45 544910  -20.45289  -46.85398     4830  27.8  0  0  5  7 0 0 1 0 0 0 0 0 0 1 1 1 0 1
2014   2 28  5 30 45 614182  -20.55561  -47.11911     3150  47.9  0  0  7 19 0 0 1 1 1 0 0 1 0 1 1 1 0 0
2014   2 28  5 30 45 730285  -20.68752  -46.90936     3230  40.0  0  0  6 15 0 0 1 1 1 0 0 1 0 0 1 0 0 1
2014   2 28  5 30 45 740505  -21.70949  -46.39944     3186  40.1  1  0  6 15 0 0 1 1 1 0 0 1 0 0 1 0 0 1
2014   2 28  5 30 45 854221  -20.56148  -47.16247     4562  34.0  1  0  5  7 0 0 1 1 1 0 0 0 0 1 1 0 0 0
2014   2 28  5 30 45 924711  -20.61993  -47.00069     3498  66.0  1  0  7 20 0 0 1 1 1 0 0 1 0 0 1 1 0 1
2014   2 28  5 30 46 740923   -6.00659  -74.39294     4414  70.9  2  0  7 21 0 0 1 1 0 0 0 1 0 1 1 1 0 1
2014   2 28  5 30 46 797032   -6.10047  -74.79278     5737  59.8  1  0  7 20 0 0 0 1 1 0 0 1 0 1 1 1 0 1
2014   2 28  5 30 46 825485   -5.99848  -74.35549     5758  76.1  2  0  6 15 0 0 1 1 0 0 0 0 0 1 1 1 0 1
2014   2 28  5 30 46 847595   -6.02458  -74.20791     4318  54.2  1  0  7 20 0 0 1 0 1 0 0 1 0 1 1 1 0 1
2014   2 28  5 30 47 441336  -42.24268  -65.20130    18121  46.3  1  0  5 10 0 0 1 1 1 0 0 0 0 0 1 0 0 1
2014   2 28  5 30 47 444180  -18.48161 -174.12161    15202  29.2  0  0  5  9 0 0 1 1 0 0 0 1 0 0 1 1 0 0
2014   2 28  5 30 47 696024  -12.11556  -72.86250     3908  58.7  1  0  7 21 0 0 1 0 1 0 0 1 0 1 1 1 0 1
2014   2 28  5 30 47 877811  -21.13475  -49.35917     3601  71.8  2  0  7 17 0 0 1 1 1 0 0 1 0 1 1 0 0 1
2014   2 28  5 30 49 182966    1.77500  -21.30583    10392  63.3  1  0  7 20 0 0 1 1 1 0 0 1 0 0 1 1 0 1
2014   2 28  5 30 49 264608    1.69152  -21.56692     8973  45.2  1  0  6 12 0 0 1 0 1 0 0 1 0 0 1 1 0 1
2014   2 28  5 30 49 292000  -12.07075  -72.94833     6751  60.3  2  0  5  9 0 0 1 0 1 0 0 1 0 0 1 1 0 0
2014   2 28  5 30 49 864299  -29.04940 -135.32631    17552  91.0  2  0  7 21 0 0 1 1 0 0 0 1 0 1 1 1 0 1
2014   2 28  5 30 49 960695   35.87484 -171.73857    24710  53.7  2  0  5 10 0 0 1 1 0 0 0 1 0 0 1 1 0 0
2014   2 28  5 30 49 977605   35.56106 -167.41014    22496 117.5  2  0  7 21 0 0 1 1 1 0 0 1 0 1 1 1 0 0
2014   2 28  5 30 50 347041  -22.14389  -45.74428     3563  45.4  1  0  5 10 0 0 1 0 1 0 0 1 0 0 1 0 0 1
2014   2 28  5 30 50 637662  -13.01002  -71.34036     6436 117.1  2  0  6 15 0 0 1 1 1 0 0 0 0 1 0 1 0 1
2014   2 28  5 30 50 645954  -12.97794  -71.43896     5959  98.1  2  0  6 15 0 0 1 1 1 0 0 0 0 0 1 1 0 1
2014   2 28  5 30 50 654289   -9.48632  -69.25962    17379  30.4  1  0  5 10 0 0 0 1 1 0 0 0 0 1 1 0 0 1
2014   2 28  5 30 50 805882  -13.28105  -71.10557     7799  90.4  2  0  6 14 0 0 1 1 1 0 0 1 0 0 1 0 0 1
2014   2 28  5 30 50 831331  -13.10398  -71.88034     7772  91.3  2  0  6 15 0 0 0 1 1 0 0 1 0 0 1 1 0 1
2014   2 28  5 30 51 111342  -33.37766  -39.72889     8771  79.3  2  0  5 10 0 0 1 1 1 0 0 0 0 0 1 0 0 1
2014   2 28  5 30 51 341695  -33.36886  -39.74872     6894  72.2  2  0  6 15 0 0 1 1 1 0 0 1 0 0 1 0 0 1
2014   2 28  5 30 51 667641  -33.20092  -40.40644     4071  17.3  0  0  5 10 0 0 1 1 1 0 0 1 0 0 0 0 0 1
2014   2 28  5 30 51 836820  -23.26352   43.50611    65184  74.1  2  0  5 10 0 0 1 1 1 0 0 0 0 0 1 0 0 1
2014   2 28  5 30 51 850951  -33.24431  -40.42312     4479  57.8  1  0  7 21 0 0 1 1 1 0 0 1 0 1 0 1 0 1
2014   2 28  5 30 51 967805  -33.46179  -39.72673     7227  76.6  2  0  6 15 0 0 1 1 1 0 0 1 0 0 1 0 0 1
2014   2 28  5 30 51 989060    7.92104  -74.81171     9844 102.6  2  0  7 21 0 0 0 1 1 0 0 1 0 1 1 1 0 1
2014   2 28  5 30 52  10050  -33.53635  -38.73656     8553  65.8  2  0  6 14 0 0 1 0 1 0 0 0 0 1 1 1 0 1
2014   2 28  5 30 52 160408    7.71195  -73.75092     7837  87.3  2  0  7 19 0 0 1 0 1 0 0 1 0 1 1 1 0 1
2014   2 28  5 30 52 435489    7.88894  -74.18461     7881 102.9  2  0  7 19 0 0 1 1 1 0 0 1 0 0 1 1 0 1
2014   2 28  5 30 53 136941   -5.15082  -54.03428     4329  29.9  0  0  5 10 0 0 1 0 1 0 0 0 0 0 1 1 0 1
2014   2 28  5 30 53 697536  -14.90081  -56.69672     5068 131.1  2  0  7 21 0 0 1 1 1 0 0 1 0 1 1 1 0 0
2014   2 28  5 30 53 711466  -14.66702  -56.18692     3336  25.8  0  0  5 10 0 0 1 0 1 0 0 0 0 0 1 1 0 1
2014   2 28  5 30 53 723158  -15.01856  -56.34992     5868 108.3  2  0  6 15 0 0 1 1 1 0 0 1 0 0 1 0 0 1
2014   2 28  5 30 53 908865  -14.85324  -56.87536     5424 120.2  2  0  7 21 0 0 0 1 1 0 0 1 0 1 1 1 0 1
2014   2 28  5 30 54 453740  -28.30062  -43.34438     4508  75.6  2  0  7 21 0 0 1 1 1 0 0 1 0 1 1 0 0 1
2014   2 28  5 30 54 592139  -22.03383  -46.02533     4801 100.2  2  0  6 15 0 0 1 1 1 0 0 1 0 0 1 0 0 1
2014   2 28  5 30 54 857768  -28.34610  -43.49427     4970  30.6  1  0  5  8 0 0 1 1 1 0 0 1 0 0 0 0 0 1
2014   2 28  5 30 55 280325  -13.68757  157.52232    17266  96.4  2  0  6 15 0 0 1 1 0 0 0 1 0 0 1 1 0 1
2014   2 28  5 30 55 401688  -16.11675  -51.32047     4620 117.4  2  0  7 20 0 0 1 1 1 0 0 1 0 1 1 0 0 1
2014   2 28  5 30 55 412041  -15.98276  -51.36402     5066 136.9  2  0  7 20 0 0 1 1 1 0 0 1 0 0 1 1 0 1
2014   2 28  5 30 55 429324  -15.75553  -51.67218     3068  14.4  0  0  4  6 0 0 1 1 0 0 0 0 0 0 1 1 0 0
2014   2 28  5 30 55 450004  -16.03843  -51.52584     4426 126.1  2  0  7 21 0 0 0 1 1 0 0 1 0 1 1 1 0 1
2014   2 28  5 30 55 484887  -15.92945  -51.44619     4759 138.4  2  0  7 21 0 0 1 1 1 0 0 0 0 1 1 1 0 1
2014   2 28  5 30 55 586085  -15.95048  -51.52021     4578 127.1  2  0  7 21 0 0 1 1 0 0 0 1 0 1 1 1 0 1
2014   2 28  5 30 55 633467  -16.13586  -51.31884     4628 123.9  2  0  7 21 0 0 1 1 1 0 0 1 0 1 1 0 0 1
2014   2 28  5 30 55 673228  -16.13474  -51.31916     4640 124.3  2  0  7 21 0 0 1 1 1 0 0 1 0 1 1 0 0 1
2014   2 28  5 30 55 705553  -15.97348  -51.37582     5014 140.8  2  0  7 21 0 0 1 1 1 0 0 1 0 0 1 1 0 1
2014   2 28  5 30 55 769806  -13.42416  156.68033    16166  91.3  2  0  6 15 0 0 1 0 1 0 0 1 0 0 1 1 0 1
2014   2 28  5 30 56  89141  -16.03145  -51.15079     2338  11.2  0  0  7 21 0 0 1 1 1 0 0 1 0 1 1 0 0 1
2014   2 28  5 30 56 151601    2.21697  -20.36371     5010  50.1  1  0  6 14 0 0 1 1 0 0 0 1 1 0 1 1 0 0
2014   2 28  5 30 56 430498   -3.76250 -102.46241     7974   8.3  0  0  5  9 0 0 0 1 1 0 0 1 0 0 0 1 0 1
2014   2 28  5 30 56 795617    7.43949  -73.94392     3332  15.6  0  0  7 21 0 0 0 1 1 0 0 1 0 1 1 1 0 1
2014   2 28  5 30 56 871591  -13.02957  159.49098   110893  29.8  0  0  5 10 0 0 1 1 0 0 0 1 0 0 1 0 0 1
2014   2 28  5 30 56 893356    7.45846  -73.93862     6060  17.4  0  0  5  7 0 0 0 1 1 0 0 1 0 0 1 1 0 0
2014   2 28  5 30 57 788642  -20.45304  -49.32338     3084  58.1  1  0  7 19 0 0 1 1 1 0 0 1 0 1 1 0 0 1
2014   2 28  5 30 57 800532  -20.53134  -49.16188     2618  18.1  0  0  6 14 0 0 1 1 1 0 0 1 0 0 1 0 0 1
2014   2 28  5 30 57 889251  -32.68428   18.67060    16063  20.4  0  0  5 10 0 0 1 1 1 0 0 0 0 0 1 0 0 1
2014   2 28  5 30 57 912505  -32.70679   18.62779    16196  20.5  0  0  5 10 0 0 1 1 1 0 0 0 0 0 1 0 0 1
2014   2 28  5 30 57 990757  -20.51497  -49.19099     4440  33.4  1  0  5  7 0 0 0 1 1 0 0 1 0 1 1 0 0 0
2014   2 28  5 31  0  21410   -1.28221  -72.07491     4087  48.0  0  0  7 20 0 0 1 1 1 0 0 1 0 1 1 1 0 0
2014   2 28  5 31  0 458265  -22.20090  -46.94590     2950  49.5  0  0  7 21 0 0 1 1 0 0 0 1 0 1 1 1 0 1
2014   2 28  5 31  0 933764  -23.67912  -45.90039     3988  44.4  1  0  5 10 0 0 1 1 1 0 0 1 0 0 0 0 0 1
2014   2 28  5 31  1 255363    7.54535  -74.01252     6569  36.2  1  0  5  8 0 0 0 1 0 0 0 1 0 0 1 1 0 1
2014   2 28  5 31  1 535361  -23.15498  -47.07594     3518  59.3  1  0  6 15 0 0 1 0 1 0 0 1 0 1 1 0 0 1
2014   2 28  5 31  1 704133  -22.82546  -47.97865     2927  34.4  0  0  6 15 0 0 1 1 0 0 0 0 0 1 1 1 0 1
2014   2 28  5 31  1 796522   -5.67478  -74.25090     4886  40.2  1  0  5 10 0 0 1 0 0 0 0 0 0 1 1 1 0 1
2014   2 28  5 31  1 813360  -23.21036  -47.11854     4053  21.7  1  0  4  6 0 0 1 1 0 0 0 1 0 0 1 0 0 0
2014   2 28  5 31  1 841312  -23.33943  -46.86473     3786  48.8  1  0  5 10 0 0 0 1 1 0 0 1 0 0 1 0 0 1
2014   2 28  5 31  2 295301  -12.18986  -73.23388     4411  57.9  1  0  6 15 0 0 1 1 1 0 0 1 0 0 1 1 0 0
2014   2 28  5 31  2 319534  -12.19735  -73.00820     3597  46.7  0  0  7 20 0 0 1 0 1 0 0 1 0 1 1 1 0 1
2014   2 28  5 31  2 350248  -12.21703  -73.40851     5659  43.6  1  0  5 10 0 0 0 1 0 0 0 1 0 0 1 1 0 1
2014   2 28  5 31  2 434200  -12.20125  -73.35095     5945  45.2  1  0  5  9 0 0 0 1 0 0 0 1 0 0 1 1 0 1
2014   2 28  5 31  2 549905   -5.25451  -62.96215     3765  63.8  1  0  7 20 0 0 1 1 1 0 0 1 0 1 1 1 0 0
2014   2 28  5 31  2 560430   -5.24401  -62.98092     4208  55.6  1  0  6 15 0 0 0 1 1 0 0 1 0 0 1 1 0 1
2014   2 28  5 31  2 568041   -5.25049  -63.00885     6906  60.7  2  0  5 10 0 0 0 1 1 0 0 0 0 0 1 1 0 1
2014   2 28  5 31  2 825985   -5.27585  -62.86438     3519  55.8  1  0  7 21 0 0 1 0 1 0 0 0 0 1 1 1 1 1
2014   2 28  5 31  3 135216  -14.03654  -43.97657     3069  52.8  1  0  7 21 0 0 1 1 0 0 0 1 0 1 1 0 1 1
2014   2 28  5 31  3 473593  -14.60628  -43.48505     8275  31.7  1  0  5  8 0 0 1 1 1 0 0 0 0 0 1 0 0 1
2014   2 28  5 31  4 287010   -5.99129  -74.68251     6773  70.1  2  0  6 15 0 0 0 1 1 0 0 1 0 0 1 1 0 1
2014   2 28  5 31  4 415282    8.36373  -82.08737     6121  49.3  1  0  6 15 0 0 1 0 1 0 0 1 0 0 1 1 0 1
2014   2 28  5 31  7 185789  -22.20378  -45.80421     4833  74.0  2  0  5 10 0 0 1 1 0 0 0 1 0 0 1 0 0 1
2014   2 28  5 31  8 594025    7.80232  -74.48005    11340 103.8  2  0  6 15 0 0 0 1 1 0 0 1 0 0 1 1 0 1
2014   2 28  5 31  8 681223    7.77293  -74.70407    12963 112.1  2  0  6 14 0 0 0 1 0 0 0 1 0 1 1 1 0 1
2014   2 28  5 31  8 719418    7.80373  -74.46792    11537 106.1  2  0  6 15 0 0 0 1 1 0 0 1 0 0 1 1 0 1
2014   2 28  5 31  8 815183    7.76527  -74.64628    14368 105.6  2  0  6 13 0 0 0 1 1 0 0 1 0 0 1 1 0 1
2014   2 28  5 31  8 826161    7.80758  -74.53075    11404 104.6  2  0  6 15 0 0 0 1 1 0 0 1 0 0 1 1 0 1
2014   2 28  5 31  8 993775    4.90337  -85.46593    15413 120.8  2  0  7 21 0 0 0 1 1 0 0 1 0 1 1 1 0 1
2014   2 28  5 31  9 175808    7.76768  -73.95432     7825 116.5  2  0  7 18 0 0 1 1 1 0 0 1 0 0 1 1 0 1
2014   2 28  5 31 10 224849  -22.09144  -46.14190     4511 102.2  2  0  6 15 0 0 1 1 1 0 0 1 0 1 0 0 0 1
2014   2 28  5 31 10 412822  -24.03830  -46.10739     5265 103.0  2  0  6 15 0 0 0 1 1 0 0 1 0 1 1 0 0 1
2014   2 28  5 31 10 786625   34.03385 -140.66783    39796  51.6  2  0  5  8 0 0 1 1 0 0 0 1 0 0 1 1 0 0
2014   2 28  5 31 11 160413  -28.22041  -42.93338     8014  94.9  2  0  7 17 0 0 1 0 1 0 0 1 0 1 1 1 0 1
2014   2 28  5 31 11 210634  -27.71114  -43.59373     6068  23.9  1  0  4  6 0 0 0 1 0 0 0 1 0 0 1 0 0 1
2014   2 28  5 31 12 595882  -22.10263 -140.74576     4746   5.0  0  0  7 21 0 0 1 1 1 0 0 0 0 1 1 1 0 1
2014   2 28  5 31 12 905314  -22.02994 -141.47887     8962  24.5  0  0  7 20 0 0 1 1 1 0 0 1 0 0 1 1 0 1
2014   2 28  5 31 13  35670  -20.58329  -49.41706     2982  54.1  1  0  7 21 0 0 1 1 1 0 0 1 0 1 1 0 0 1
2014   2 28  5 31 13 545349  -23.53950  -46.32749     2963  13.5  0  0  5 10 0 0 1 1 0 0 0 1 0 0 1 0 0 1
2014   2 28  5 31 13 591194  -28.49945  -42.76505     4060  11.6  0  0  5  8 0 0 0 1 1 0 0 0 0 0 1 1 0 1
2014   2 28  5 31 13 900228   -5.93630    7.97795    22810  23.5  0  0  6 11 0 0 1 1 1 0 0 1 0 0 1 0 0 1
2014   2 28  5 31 14  24023   -1.98297    9.49336    35715   7.8  0  0  4  6 0 0 1 1 0 0 0 0 0 0 1 0 0 1
2014   2 28  5 31 14 418294  -16.11206  -51.26769     2555  26.6  0  0  7 21 0 0 0 1 1 0 0 1 0 1 1 1 1 0
2014   2 28  5 31 14 452352  -16.10346  -51.22271     2959  28.5  0  0  6 14 0 0 1 1 1 0 0 1 0 0 0 1 0 1
2014   2 28  5 31 14 472731  -16.14765  -51.17879     2911  14.5  0  0  5 10 0 0 0 1 1 0 0 1 0 0 1 0 0 1
2014   2 28  5 31 14 496386  -16.10756  -51.21216     2673  30.4  0  0  7 21 0 0 1 1 1 0 0 1 0 0 1 1 0 1
2014   2 28  5 31 14 530900  -16.06768  -51.25698     2555  26.0  0  0  7 21 0 0 1 1 1 0 0 0 0 1 1 1 0 1
2014   2 28  5 31 14 567333  -16.15018  -51.16833     2960  15.4  0  0  5 10 0 0 0 1 1 0 0 1 0 0 1 0 0 1
2014   2 28  5 31 14 587538  -16.15821  -51.23795     2707  23.2  0  0  6 15 0 0 0 1 1 0 0 1 0 1 1 0 0 1
2014   2 28  5 31 14 661771  -16.16660  -51.07071     3210  23.3  0  0  6 13 0 0 1 0 1 0 0 1 0 0 1 1 0 1
2014   2 28  5 31 14 709301  -16.09894  -51.25758     3370  35.5  1  0  5 10 0 0 1 1 0 0 0 1 0 0 0 1 0 1
2014   2 28  5 31 14 743452  -16.17190  -51.16098     3332  15.9  0  0  5  8 0 0 0 1 1 0 0 1 0 0 1 0 0 1
2014   2 28  5 31 15  46132  -20.79321  -46.66137     2851  14.4  0  0  5  9 0 0 0 1 1 0 0 1 0 0 1 0 0 1
2014   2 28  5 31 15 128068  -20.78108  -46.65744     2826  12.6  0  0  5  9 0 0 1 1 0 0 0 1 0 0 1 0 0 1
2014   2 28  5 31 15 817327  -29.56044 -138.33170    26416  47.0  1  0  6 12 0 0 0 1 1 0 0 1 0 0 1 1 0 1
2014   2 28  5 31 16  22747   -5.90790  -74.68792     7144  37.2  1  0  5 10 0 0 0 1 1 0 0 0 0 0 1 1 0 1
2014   2 28  5 31 16 988667  -20.39727  -49.91278     2574  31.4  0  0  7 21 0 0 1 1 0 0 0 1 0 1 1 1 0 1
2014   2 28  5 31 17 591156  -32.89579  -41.18157     6475  27.7  0  0  5 10 0 0 0 1 1 0 0 1 0 0 1 0 0 1
2014   2 28  5 31 17 650587  -33.41230  -40.76410     4617  42.0  1  0  6 15 0 0 1 1 1 0 0 1 0 0 1 0 0 1
2014   2 28  5 31 17 718833  -33.32404  -41.23031     3322  22.6  0  0  6 15 0 0 1 1 1 0 0 1 0 1 0 0 0 1
2014   2 28  5 31 18 536729   -4.18071  -71.13121     4922  49.9  1  0  6 15 0 0 0 1 1 0 0 1 0 0 1 1 0 1
2014   2 28  5 31 19 354385   -5.49136  148.89011     5723  32.5  0  0  6 15 0 0 1 1 0 0 0 1 0 0 1 1 0 1
2014   2 28  5 31 19 446290    8.10159  -75.22700     7711  59.3  1  0  6 15 0 0 0 1 1 0 0 1 0 0 1 1 0 1
2014   2 28  5 31 19 600163  -22.65388  -47.39550     3884  46.2  1  0  5  9 0 0 0 1 1 0 0 1 0 0 1 0 0 1
2014   2 28  5 31 19 624927  -22.49484  -47.49672     3344  74.9  2  0  7 20 0 0 1 0 1 0 0 1 0 1 1 1 0 1
2014   2 28  5 31 19 642049  -22.52818  -47.63595     3654  85.9  2  0  7 21 0 0 1 1 1 0 0 1 0 1 1 1 0 0
2014   2 28  5 31 19 848373  -22.62609  -47.55230     4048  84.6  2  0  6 15 0 0 0 1 1 0 0 1 0 1 1 0 0 1
2014   2 28  5 31 20 229210  -23.67405  -45.88309     4406  71.5  2  0  6 15 0 0 1 1 1 0 0 1 0 0 1 0 0 1
2014   2 28  5 31 20 777855  -12.09119  -73.02597     6231 101.4  2  0  6 15 0 0 1 1 0 0 0 0 0 1 1 1 0 1
2014   2 28  5 31 21 175314  -12.27832  -73.50928     7453  96.7  2  0  7 21 0 0 0 1 1 0 0 1 0 1 1 1 0 1
2014   2 28  5 31 21 938554    9.10109  -74.04433    10188  79.2  2  0  6 14 0 0 0 1 1 0 0 1 0 0 1 1 0 1
2014   2 28  5 31 23 134804    8.59518  -75.77751    13893  89.1  2  0  6 13 0 0 0 1 1 0 0 1 0 0 1 1 0 1
2014   2 28  5 31 23 217885    4.57248  -73.78078     5555  56.6  1  0  7 21 0 0 0 1 1 0 0 1 0 1 0 1 1 1
2014   2 28  5 31 23 302187    4.65051  -72.94579     8548  89.0  2  0  6 15 0 0 0 1 1 0 0 1 0 0 1 1 0 1
2014   2 28  5 31 23 356988    4.68880  -72.51238     7780 106.7  2  0  7 18 0 0 1 1 1 0 0 1 0 0 1 1 0 1
2014   2 28  5 31 23 488290  -13.08248  157.91887    10245  68.2  2  0  5  9 0 0 1 0 1 0 0 1 0 0 0 1 0 1
2014   2 28  5 31 23 845319  -16.26120  -51.60509     8892  39.6  1  0  5  7 0 0 1 1 0 0 0 0 0 1 1 0 1 0
2014   2 28  5 31 25 938166  -16.14498  -51.15656     5183  89.7  2  0  6 14 0 0 1 1 1 0 0 1 0 0 1 0 0 1
2014   2 28  5 31 25 975400   -1.53860  -65.95328     9812  22.0  0  0  5  8 0 0 1 1 1 0 0 0 0 1 0 0 0 1
2014   2 28  5 31 26 666823    1.57352    0.39139    14887  70.0  2  0  7 16 0 0 1 0 1 0 0 1 0 0 1 1 1 1
2014   2 28  5 31 27 248037  -20.76078  -46.70242     4796  94.6  2  0  6 15 0 0 1 1 1 0 0 1 0 0 1 0 0 1
2014   2 28  5 31 28 126132  -20.70414  -49.18210     2997   6.6  0  0  5  7 0 0 1 1 1 0 0 1 0 0 1 0 0 0
2014   2 28  5 31 28 148920  -33.61811  -39.13713     3026   3.6  0  0  5 10 0 0 1 1 1 0 0 0 0 0 1 0 0 1
2014   2 28  5 31 28 482735  -28.63281  -42.57753     2801  12.1  0  0  6 15 0 0 1 1 1 0 0 1 0 0 1 0 0 1
2014   2 28  5 31 28 499042  -28.60910  -42.59779     2606   8.0  0  0  6 15 0 0 1 1 1 0 0 0 0 1 1 0 0 1
2014   2 28  5 31 28 557293  -28.59711  -42.67520     3168  18.8  0  0  7 18 0 0 1 0 1 0 0 1 0 1 1 1 0 1
2014   2 28  5 31 28 700427  -28.60299  -42.62717     3247  15.6  0  0  6 15 0 0 0 1 1 0 0 1 0 1 1 0 0 1
2014   2 28  5 31 29 193243    4.43504  -72.75740     4181   8.3  0  0  5  9 0 0 0 1 1 0 0 0 0 0 1 1 0 1
2014   2 28  5 31 29 431038  -28.49536  -42.65069     2626  15.7  0  0  7 21 0 0 1 1 1 0 0 1 0 1 1 0 0 1
2014   2 28  5 31 29 438936  -28.48716  -42.65103     3005  16.1  0  0  6 13 0 0 1 1 1 0 0 1 0 1 0 0 0 1
2014   2 28  5 31 29 659628  -28.42294  -42.63762     3716  14.8  0  0  5 10 0 0 0 1 1 0 0 1 0 0 1 0 0 1
2014   2 28  5 31 29 716367  -28.42192  -42.61773     3018   9.4  0  0  5 10 0 0 1 1 1 0 0 0 0 0 1 0 0 1
2014   2 28  5 31 30 182110  -20.57862  -47.03149     3421  61.1  1  0  7 20 0 0 1 0 1 0 0 1 0 1 1 1 0 1
2014   2 28  5 31 30 229075  -20.62351  -46.97609     2531  26.8  0  0  7 20 0 0 1 1 1 0 0 1 0 1 0 1 0 1
2014   2 28  5 31 30 249258  -20.61474  -46.94440     2684  28.0  0  0  7 20 0 0 1 0 1 0 0 1 0 1 1 1 0 1
2014   2 28  5 31 30 608378  -20.52468  -49.30574     4216  43.5  1  0  6 11 0 0 1 1 1 0 0 1 0 0 1 0 0 1
2014   2 28  5 31 30 640419  -20.67042  -46.89512     2454  10.4  0  0  6 15 0 0 1 1 1 0 0 1 0 0 1 0 0 1
2014   2 28  5 31 31 594482    4.30502  -72.91538    10139  42.8  1  0  5  7 0 0 0 0 1 0 0 1 0 0 1 1 0 1
2014   2 28  5 31 31 685520    2.26631    5.31907    13461  45.6  1  0  6 14 0 0 1 0 1 0 0 1 0 0 1 1 0 1
2014   2 28  5 31 32 632761  -21.15718  -49.39764     4035  35.9  1  0  5  7 0 0 0 1 1 0 0 1 0 1 1 0 0 0
2014   2 28  5 31 32 823180  -13.88349   23.35002    11786  17.6  0  0  5  9 0 0 1 0 1 0 0 1 0 0 1 0 0 1
2014   2 28  5 31 33 316638  -10.46695  -43.56711     3277  13.9  0  0  4  6 0 0 0 1 0 0 0 1 0 0 1 0 0 1
2014   2 28  5 31 33 324485   14.48847  -91.23288     6284   4.7  0  0  4  6 0 0 1 1 0 0 0 1 0 0 0 1 0 0
2014   2 28  5 31 34 706571    2.75633  -81.93068    20209  41.3  1  0  5 10 0 0 1 1 1 0 0 0 0 0 1 0 0 1
2014   2 28  5 31 34 726450    4.25614  -83.22450     5539  55.2  1  0  7 20 0 0 1 1 1 0 0 1 0 0 1 1 0 1
2014   2 28  5 31 34 806356    7.21578  -75.03663     6266  56.4  1  0  7 21 0 0 0 1 1 0 0 1 0 1 1 1 0 1
2014   2 28  5 31 34 961279  -16.18412  -51.18485     3478  45.6  1  0  6 15 0 0 1 1 1 0 0 1 0 0 1 0 0 1
2014   2 28  5 31 35  96980  -16.18241  -51.26896     3062  50.1  1  0  7 21 0 0 1 1 1 0 0 1 0 1 1 0 0 1
2014   2 28  5 31 36 556487  -13.79199  -53.49734     3854  54.1  1  0  6 15 0 0 1 0 1 0 0 0 0 1 1 1 0 1
2014   2 28  5 31 37  52164   -0.07369  -24.57806    29388  32.6  1  0  5  8 0 0 1 0 1 0 0 1 0 0 1 0 0 1
2014   2 28  5 31 37 187083    2.03185  -20.79137    11728  45.9  1  0  6 13 0 0 1 0 1 0 0 1 0 0 1 1 0 1
2014   2 28  5 31 37 415308  -12.13338  -73.32764     4534  80.5  2  0  7 21 0 0 1 1 1 0 0 1 0 0 1 1 0 1
2014   2 28  5 31 37 750535  -24.47244  -45.32264     3316  57.1  1  0  7 21 0 0 1 1 1 0 0 1 0 1 1 1 0 0
2014   2 28  5 31 37 980349  -28.44207  -43.09098     3843  55.5  1  0  7 21 0 0 1 1 1 0 0 1 0 1 1 0 0 1
2014   2 28  5 31 38  36632  -23.33994  -46.79492     2964   5.3  0  0  4  6 0 0 1 0 0 0 0 1 0 0 1 0 0 1
2014   2 28  5 31 38 288032  -23.24226  -47.20166     4033  21.4  1  0  4  6 0 0 1 1 0 0 0 1 0 0 1 0 0 0
2014   2 28  5 31 38 389033  -21.16816  -49.45426     4045 100.4  2  0  7 20 0 0 0 1 1 0 0 1 0 1 1 1 1 0
2014   2 28  5 31 38 430866  -21.20902  -49.39455     5161  89.2  2  0  6 13 0 0 1 1 1 0 0 1 0 1 1 0 0 0
2014   2 28  5 31 38 479943  -21.06968  -49.46151     3437  62.5  1  0  7 16 0 0 1 0 1 0 0 1 0 1 1 1 0 1
2014   2 28  5 31 38 555498   -5.54867  -74.89008     6754  36.8  1  0  5  7 0 0 1 1 0 0 0 1 0 0 1 1 0 0
2014   2 28  5 31 38 677281  -23.36091  -46.87702     4218  23.5  1  0  4  6 0 0 1 1 0 0 0 1 0 0 1 0 0 0
2014   2 28  5 31 38 742313  -22.69832  -46.03758     4079  70.5  2  0  6 15 0 0 1 1 1 0 0 1 0 0 1 0 0 1
2014   2 28  5 31 38 899330  -21.05218  -49.52828     3068  59.5  1  0  7 21 0 0 1 1 0 0 0 1 0 1 1 1 0 1
2014   2 28  5 31 39   6651   -5.73347  -74.41303     6154  84.3  2  0  6 15 0 0 1 0 1 0 0 1 0 1 0 1 0 1
2014   2 28  5 31 39  69887  -10.06442  -65.19831     5416  44.2  1  0  5 10 0 0 0 1 1 0 0 0 0 1 1 1 0 0
2014   2 28  5 31 39 562500  -12.67197  156.90842    10278  22.6  1  0  4  6 0 0 0 1 0 0 0 1 0 0 1 1 0 0
2014   2 28  5 31 39 921115  -20.73225  -47.22868     3961  81.9  2  0  6 15 0 0 0 1 1 0 0 1 0 1 0 1 0 1
2014   2 28  5 31 39 965074  -20.61376  -47.03606     4408 115.9  2  0  7 21 0 0 1 1 1 0 0 1 0 0 1 1 0 1
2014   2 28  5 31 42  74319    5.58834  -73.36339     7124 110.2  2  0  7 18 0 0 1 1 1 0 0 1 0 0 1 1 0 1
2014   2 28  5 31 42 893973  -12.39036  166.55544    15503  50.3  2  0  5 10 0 0 1 1 0 0 0 1 0 0 1 1 0 0
2014   2 28  5 31 43 282135  -23.46183  -46.52702     5997 124.1  2  0  6 15 0 0 1 1 1 0 0 1 0 0 1 0 0 1
2014   2 28  5 31 43 311738  -23.46100  -46.53135     6028 125.1  2  0  6 15 0 0 1 1 1 0 0 1 0 0 1 0 0 1
2014   2 28  5 31 43 947033  -23.74459  -45.29888     4451   6.3  0  0  4  6 0 0 1 0 0 0 0 1 0 0 1 0 0 1
2014   2 28  5 31 44 293146  -20.55369  -49.12456     3106  10.4  0  0  5  8 0 0 1 1 1 0 0 1 0 0 1 0 0 0
2014   2 28  5 31 45 330400    6.95731  -73.16814    12923  14.2  0  0  5  9 0 0 0 0 1 0 0 1 0 1 1 0 0 1
2014   2 28  5 31 45 408107    7.60749  -73.96800     3504  19.0  0  0  7 21 0 0 0 1 1 0 0 1 0 1 1 1 0 1
2014   2 28  5 31 45 551237  -20.49417  -47.03397     2613   9.3  0  0  5 10 0 0 1 1 0 0 0 1 0 0 1 0 0 1
2014   2 28  5 31 45 608410  -20.48527  -47.00125     2439   8.2  0  0  6 15 0 0 1 1 1 0 0 1 0 0 1 0 0 1
2014   2 28  5 31 45 733765  -20.49879  -47.00322     2630   9.3  0  0  5 10 0 0 0 1 1 0 0 1 0 0 1 0 0 1
2014   2 28  5 31 45 758319  -23.91421  -45.55563     4017  60.8  1  0  7 19 0 0 1 1 1 0 0 1 0 0 1 1 0 1
2014   2 28  5 31 45 941140  -16.08827  -51.18586     2546  22.1  0  0  7 20 0 0 1 1 0 0 0 1 0 1 1 1 0 1
2014   2 28  5 31 46   9596  -16.13075  -51.12897     2521   9.2  0  0  6 13 0 0 0 1 1 0 0 1 0 1 1 0 0 1
2014   2 28  5 31 46  39910  -23.90332  -45.71227     2633   5.6  0  0  5 10 0 0 1 1 0 0 0 1 0 1 1 0 0 0
2014   2 28  5 31 46  70425  -23.88607  -45.78172     3707  18.5  0  0  5  9 0 0 1 0 1 0 0 1 0 1 1 0 0 0
2014   2 28  5 31 46 282078  -16.12736  -51.19614     2458   7.6  0  0  6 15 0 0 1 1 0 0 0 1 0 1 1 0 1 0
2014   2 28  5 31 46 283871  -13.38322  157.42834     7562  31.3  0  0  6 15 0 0 1 1 1 0 0 1 0 0 1 1 0 0
2014   2 28  5 31 46 293039  -16.14592  -51.17343     2351  10.9  0  0  7 21 0 0 1 1 1 0 0 1 0 1 1 0 0 1
2014   2 28  5 31 46 503246  -20.72195  -47.02825     2580  29.3  0  0  7 20 0 0 1 1 1 0 0 1 0 1 0 1 0 1
2014   2 28  5 31 46 688293  -21.13561  -49.20058     3259  11.1  0  0  4  6 0 0 1 1 0 0 0 1 0 0 1 0 0 0
2014   2 28  5 31 46 747287  -21.12871  -49.17281     2655  16.5  0  0  6 13 0 0 1 1 1 0 0 1 0 0 1 0 0 1
2014   2 28  5 31 47 411041  -20.76170  -46.81175     3560  10.3  0  0  4  6 0 0 1 0 0 0 0 1 0 1 1 0 0 0
2014   2 28  5 31 47 593017  -21.89783 -141.54054     8113  23.0  0  0  6 15 0 0 1 1 1 0 0 1 0 0 1 1 0 0
2014   2 28  5 31 47 706815  -24.30608  -45.82292     3253  12.3  0  0  4  6 0 0 1 1 1 0 0 1 0 0 0 0 0 0
2014   2 28  5 31 47 977618  -21.78866 -141.90604     7874   6.1  0  0  5  8 0 0 1 1 0 0 0 1 0 0 1 1 0 0
2014   2 28  5 31 48 137489  -28.37779  -42.71720     3582  38.9  0  0  7 18 0 0 1 1 1 0 0 1 0 0 1 1 0 1
2014   2 28  5 31 50 121095  -20.61132  -49.40421     3199  18.9  0  0  5  7 0 0 0 1 1 0 0 1 0 1 1 0 0 0
2014   2 28  5 31 50 131714  -20.67904  -49.33902     3041  52.0  1  0  7 19 0 0 1 1 1 0 0 1 0 1 1 0 0 1
2014   2 28  5 31 50 141392  -20.62570  -49.33555     3887  61.5  2  0  6 14 0 0 1 1 1 0 0 1 0 0 1 1 0 0
2014   2 28  5 31 50 169448  -20.61385  -49.39212     2802  17.3  0  0  6 11 0 0 1 1 1 0 0 1 0 0 1 0 0 1
2014   2 28  5 31 50 415192  -20.65395  -49.35326     3254  11.9  0  0  4  6 0 0 1 1 0 0 0 1 0 0 1 0 0 0
2014   2 28  5 31 50 513024  -20.64522  -49.36004     3918  56.7  1  0  6 12 0 0 1 1 1 0 0 1 0 0 1 0 0 1
2014   2 28  5 31 50 563481  -26.15002 -141.55336    14100  13.1  0  0  4  6 0 0 1 1 0 0 0 0 0 0 1 1 0 0
2014   2 28  5 31 50 571433  -26.15450 -141.74150    16381  12.5  0  0  4  6 0 0 0 1 0 0 0 1 0 0 1 1 0 0
2014   2 28  5 31 50 752977  -15.94781  -51.02589     3236  58.6  1  0  7 21 0 0 0 0 1 0 0 1 0 1 1 1 1 1
2014   2 28  5 31 51  28150  -16.23633  -50.87846     4560  49.6  1  0  5  9 0 0 0 1 1 0 0 1 0 0 1 0 0 1
2014   2 28  5 31 51 323591  -33.28545   16.21737    31449  48.5  1  0  5 10 0 0 1 1 1 0 0 0 0 0 1 0 0 1
2014   2 28  5 31 51 493035  -16.14676  -50.84011     3602  49.5  1  0  6 15 0 0 1 1 1 0 0 1 0 0 1 0 0 1
2014   2 28  5 31 51 650966  -16.11546  -50.96163     3221  62.6  1  0  7 21 0 0 1 1 1 0 0 1 0 1 0 1 0 1
2014   2 28  5 31 52 977335  -22.09175  -45.87725     4230  60.0  2  0  5 10 0 0 0 1 1 0 0 1 0 0 1 0 0 1
2014   2 28  5 31 52 992048  -21.67549  -45.81540     4886  48.1  1  0  5 10 0 0 1 0 1 0 0 0 0 1 1 0 0 1
2014   2 28  5 31 53 353314  -12.12767  -72.86885     4383  75.2  2  0  7 21 0 0 1 0 1 0 0 1 0 1 1 1 0 1
2014   2 28  5 31 53 422451  -28.43931  -43.21021     3725  15.1  0  0  4  6 0 0 1 1 0 0 0 0 0 1 0 0 0 1
2014   2 28  5 31 53 457650  -28.47131  -43.16929     3828  27.4  0  0  5 10 0 0 1 1 1 0 0 1 0 0 0 0 0 1
2014   2 28  5 31 53 531873  -12.06416  -73.05907     5545  83.8  2  0  6 15 0 0 1 1 1 0 0 0 0 0 1 1 0 1
2014   2 28  5 31 53 995145  -12.22132  -73.46114     7735  85.0  2  0  6 15 0 0 0 1 1 0 0 1 0 0 1 1 0 1
2014   2 28  5 31 54 364742   -5.90517  -75.70272    13686  61.2  2  0  5  9 0 0 0 1 1 0 0 1 0 0 0 1 0 1
2014   2 28  5 31 54 451448    2.76464  -68.22948     7381  83.0  2  0  6 14 0 0 0 1 1 0 0 1 0 0 1 1 0 1
2014   2 28  5 31 55 140022    7.51993  -74.12698    10100  68.1  2  0  6 13 0 0 0 0 1 0 0 1 0 1 1 1 0 1
2014   2 28  5 31 56  85679  -21.79725  -46.42666     4964  73.7  2  0  5 10 0 0 1 1 1 0 0 1 0 0 0 0 0 1
2014   2 28  5 31 56 227473  -20.77634  -46.95521     4249  76.6  2  0  6 15 0 0 1 1 1 0 0 1 0 0 1 0 0 1
2014   2 28  5 31 56 300763    6.81052  -78.47392     7131  97.8  2  0  7 20 0 0 1 1 1 0 0 1 0 0 1 1 0 1
2014   2 28  5 31 56 388825    6.61902  -77.74545     7751  90.9  2  0  7 20 0 0 1 0 1 0 0 1 0 1 1 1 0 1
2014   2 28  5 31 56 407244    6.97353  -78.85701    11517  86.7  2  0  6 11 0 0 1 1 0 0 0 1 0 0 1 1 0 1
2014   2 28  5 31 56 426503    6.82222  -78.09705     7726 111.2  2  0  7 21 0 0 1 1 1 0 0 1 0 0 1 1 0 1
2014   2 28  5 31 56 714110    7.03462  -79.17093    12645  98.8  2  0  6 15 0 0 0 1 0 0 0 1 0 1 1 1 0 1
2014   2 28  5 31 57 197286   -5.39047  -74.77017     6180 118.4  2  0  7 21 0 0 1 1 1 0 0 1 0 1 0 1 0 1
2014   2 28  5 31 58 379747    8.05922  -77.18341    13905  44.9  1  0  5 10 0 0 0 1 1 0 0 0 0 1 0 1 0 1
2014   2 28  5 31 58 666799  -11.93468  169.92221    25531  95.8  2  0  6 14 0 0 1 1 0 0 0 1 0 0 1 1 0 1
2014   2 28  5 31 59 396527  -11.02390  -66.75954     5030  12.4  0  0  4  6 0 0 0 0 0 0 0 0 0 1 1 1 0 1
2014   2 28  5 32  0 503041  -20.72818  -46.98375     2888  12.5  0  0  5  8 0 0 0 1 1 0 0 1 0 0 1 0 0 1
2014   2 28  5 32  0 631165   -5.93747  -74.40369     3177  18.4  0  0  6 14 0 0 1 1 1 0 0 1 0 0 1 1 0 0
2014   2 28  5 32  0 671966  -20.49742  -49.17619     2495   4.0  0  0  6 11 0 0 1 1 0 0 0 0 0 1 1 1 0 1
2014   2 28  5 32  0 929408  -23.69446  -45.74879     3306  21.5  0  0  5  8 0 0 1 0 0 0 0 1 0 1 0 1 0 1
2014   2 28  5 32  0 961242  -23.63262  -45.82031     2853   8.0  0  0  5 10 0 0 1 1 1 0 0 0 0 0 1 0 0 1
2014   2 28  5 32  0 994046  -23.65441  -45.79873     2594   8.9  0  0  6 15 0 0 0 1 1 0 0 0 0 1 1 1 0 1
2014   2 28  5 32  1  22210  -23.65683  -45.78571     2943   8.7  0  0  5  8 0 0 1 1 0 0 0 0 0 1 0 1 0 1
2014   2 28  5 32  1  45212  -23.67100  -45.79919     2853  23.4  0  0  6 14 0 0 1 1 1 0 0 1 0 0 0 1 0 1
2014   2 28  5 32  1  79864  -23.64938  -45.80452     2869  14.0  0  0  5 10 0 0 1 1 1 0 0 0 0 1 0 0 0 1
2014   2 28  5 32  1 199388  -23.67113  -45.79605     2617  19.4  0  0  7 21 0 0 0 1 1 0 0 1 0 1 1 1 0 1
2014   2 28  5 32  1 240409  -23.67306  -45.79582     2548  20.0  0  0  7 21 0 0 1 1 1 0 0 1 0 1 1 0 0 1
2014   2 28  5 32  1 311373  -23.68214  -45.79213     3369  25.0  0  0  5 10 0 0 1 1 1 0 0 1 0 0 0 0 0 1
2014   2 28  5 32  1 351977  -23.64338  -45.80859     2603  13.6  0  0  6 15 0 0 1 1 1 0 0 0 0 1 1 0 0 1
2014   2 28  5 32  1 376863  -23.61795  -45.83778     3005  11.9  0  0  5  9 0 0 1 1 1 0 0 0 0 0 1 0 0 1
2014   2 28  5 32  1 438591  -23.67431  -45.79432     2995  23.4  0  0  6 15 0 0 1 1 1 0 0 1 0 0 1 0 0 1
2014   2 28  5 32  1 462841  -23.67758  -45.78487     3499  25.4  0  0  5 10 0 0 1 0 1 0 0 1 0 0 1 0 0 1
2014   2 28  5 32  1 483387  -23.67643  -45.79458     3006  23.7  0  0  6 15 0 0 1 1 1 0 0 1 0 0 1 0 0 1
2014   2 28  5 32  1 680137    1.21555  -13.02697     5537  11.6  0  0  6 14 0 0 1 0 1 0 0 1 0 0 1 1 0 1
2014   2 28  5 32  1 786964   -7.62076    4.02484    23357  11.5  0  0  5  8 0 0 0 1 1 0 0 1 0 0 1 0 0 1
2014   2 28  5 32  1 995682   -7.22736    5.62897     8605  14.7  0  0  6 14 0 0 1 1 1 0 0 1 0 0 1 0 0 1
2014   2 28  5 32  2  23711  -13.07273  -71.37377     4309  18.5  0  0  5 10 0 0 0 1 1 0 0 0 0 0 1 1 0 1
2014   2 28  5 32  2 396480  -12.21871  -73.19452     3001  29.1  0  0  7 21 0 0 1 1 1 0 0 1 0 0 1 1 0 1
2014   2 28  5 32  2 645041  -12.22953  -73.31540     5093  15.0  0  0  4  6 0 0 0 1 0 0 0 0 0 0 1 1 0 1
2014   2 28  5 32  3 401547  -16.13078  -51.11942     2937   7.7  0  0  5  8 0 0 1 0 0 0 0 1 0 0 1 1 0 1
2014   2 28  5 32  3 430023  -16.08969  -51.20329     2703  31.9  0  0  7 21 0 0 1 1 1 0 0 1 0 0 1 1 0 1
2014   2 28  5 32  3 486176  -15.78574  -51.18924     7741  21.6  0  0  5 10 0 0 1 0 1 0 0 0 0 1 1 0 0 1
2014   2 28  5 32  3 514781  -16.13776  -51.17506     3198  22.4  0  0  5 10 0 0 0 1 1 0 0 1 0 0 1 0 0 1
2014   2 28  5 32  3 684464  -33.21338  -39.69274     3159  19.8  0  0  6 15 0 0 1 1 1 0 0 1 0 1 1 0 0 0
2014   2 28  5 32  3 711642  -33.52319  -39.64582     5199  11.8  0  0  4  6 0 0 1 0 0 0 0 1 0 1 0 0 0 1
2014   2 28  5 32  3 845732  -27.99587  -42.71358     3413  18.8  0  0  6 12 0 0 1 1 1 0 0 1 0 0 1 0 0 1
2014   2 28  5 32  3 935997    7.11939  -74.67032     4906  19.7  0  0  5  9 0 0 0 1 0 0 0 1 0 0 1 1 0 1
2014   2 28  5 32  3 949003   -7.98545    5.56372    29694  23.1  0  0  5 10 0 0 1 1 1 0 0 0 0 0 1 0 0 1
2014   2 28  5 32  4  40592  -33.54722  -39.42968     3270  25.9  0  0  7 20 0 0 1 1 1 0 0 1 0 1 1 0 0 1
2014   2 28  5 32  4 885872  -28.55242  -42.80856     3232  25.4  0  0  6 15 0 0 1 1 0 0 0 1 0 1 1 0 0 1
2014   2 28  5 32  4 896537  -20.52672  -49.28904     3926  45.3  1  0  6 11 0 0 1 1 1 0 0 1 0 0 1 0 0 1
2014   2 28  5 32  4 953810  -28.53346  -42.84011     2917  26.6  0  0  7 21 0 0 1 1 1 0 0 1 0 1 1 0 0 1
2014   2 28  5 32  5  55121  -28.51248  -42.86561     3239  37.2  0  0  7 19 0 0 1 1 1 0 0 1 0 1 1 1 0 0
2014   2 28  5 32  5 149415  -28.55162  -42.90055     4465  20.0  0  0  4  6 0 0 1 1 1 0 0 1 0 0 0 0 0 0
2014   2 28  5 32  5 251668  -28.51751  -42.94507     2933  26.7  0  0  7 19 0 0 1 1 1 0 0 1 0 1 0 1 0 1
2014   2 28  5 32  5 299871    3.39262  -85.08512     8590  42.6  1  0  5  9 0 0 0 1 1 0 0 1 0 0 1 1 0 0
2014   2 28  5 32  5 440230  -14.92615  -56.29615     3631  29.0  0  0  5 10 0 0 1 0 0 0 0 1 0 1 1 0 0 1
2014   2 28  5 32  5 469191  -22.31042  -46.81624     3195  27.7  0  0  5 10 0 0 1 1 0 0 0 1 0 0 1 0 0 1
2014   2 28  5 32  5 479666  -22.33545  -46.80017     2903  31.0  0  0  6 15 0 0 1 1 1 0 0 1 0 0 1 0 0 1
2014   2 28  5 32  5 635708  -14.78320  -56.44495     4845  34.7  1  0  5  8 0 0 1 1 1 0 0 1 0 0 1 0 0 0
2014   2 28  5 32  6 430861    7.64719  -74.67753     6827  27.9  0  0  5 10 0 0 0 1 0 0 0 1 0 1 0 1 0 1
2014   2 28  5 32  7 572250    6.02981  -76.82444     6371  76.7  2  0  7 19 0 0 1 1 1 0 0 1 0 0 1 1 0 1
2014   2 28  5 32  8  62272    6.15356  -77.54093     9368  61.2  2  0  5 10 0 0 0 1 1 0 0 1 0 0 1 1 0 0
2014   2 28  5 32  8 589106   13.73071  -90.08766    11698  83.4  2  0  6 15 0 0 1 0 1 0 0 1 0 1 0 1 0 1
2014   2 28  5 32  8 690037  -20.64080  -49.41530     3021   2.7  0  0  4  6 0 0 1 1 0 0 0 1 0 0 1 0 0 0
2014   2 28  5 32  9 526550  -21.14979  -49.25166     5262  92.5  2  0  6 13 0 0 1 1 1 0 0 0 0 1 1 0 0 1
2014   2 28  5 32 10 166473    2.63966  -68.46194     5594  80.3  2  0  7 21 0 0 0 1 1 0 0 1 0 1 1 1 0 1
2014   2 28  5 32 10 356858    2.68696  -68.36754     7271  81.0  2  0  6 14 0 0 0 1 1 0 0 1 0 0 1 1 0 1
2014   2 28  5 32 11   5912  -12.89975  -71.68415     4421  22.9  1  0  4  6 0 0 1 0 0 0 0 0 0 0 1 1 0 1
2014   2 28  5 32 11 727970  -16.15666  176.86337    49418  47.6  1  0  5 10 0 0 1 0 0 0 0 1 0 1 1 0 0 1
2014   2 28  5 32 11 768329  -12.50752  171.14546    16900  77.5  2  0  7 21 0 0 1 0 1 0 0 1 0 1 1 1 0 1
2014   2 28  5 32 12 657854  -22.03116  -46.14010     3806  19.6  0  0  4  6 0 0 1 1 0 0 0 1 0 0 1 0 0 0
2014   2 28  5 32 12 867213   -5.17456  -74.52447     5456  92.3  2  0  7 21 0 0 1 0 1 0 0 1 0 1 1 1 0 1
2014   2 28  5 32 12 981477  -28.24798  -43.34361     2924  22.8  0  0  6 15 0 0 1 1 1 0 0 1 0 1 0 0 0 1
2014   2 28  5 32 13 266656  -28.28338  -42.95391     7174  63.8  2  0  6 12 0 0 1 1 1 0 0 1 0 0 1 0 0 1
2014   2 28  5 32 13 785635  -16.75645  -50.93616     4989  96.3  2  0  6 15 0 0 1 1 1 0 0 1 0 0 1 0 0 1
2014   2 28  5 32 13 932950  -16.91468  -50.97079     4063  97.3  2  0  7 20 0 0 1 1 1 0 0 1 0 1 1 0 0 1
2014   2 28  5 32 13 962916  -16.66890  -51.21587     4093 112.2  2  0  7 21 0 0 0 1 1 0 0 1 0 1 1 1 0 1
2014   2 28  5 32 14 449739  -20.53655  -49.43127     4529 102.8  2  0  7 17 0 0 1 1 1 0 0 1 0 1 1 0 0 1
2014   2 28  5 32 14 763192   -9.01064  -75.96297     6244 107.6  2  0  7 19 0 0 1 0 1 0 0 1 0 1 1 1 0 1
2014   2 28  5 32 15 643665  -21.83040  -46.37236     4673  97.4  2  0  6 15 0 0 1 1 1 0 0 1 0 0 1 0 0 1
2014   2 28  5 32 15 730791  -13.55504  160.13466     8889   5.9  0  0  4  6 0 0 1 0 0 0 0 1 0 0 1 1 0 0
2014   2 28  5 32 15 806006  -21.82862  -46.38361     4799  97.5  2  0  6 14 0 0 1 1 1 0 0 1 0 0 1 0 0 1
2014   2 28  5 32 16  58944  -14.42527  160.79381     8887  36.0  0  0  6 15 0 0 1 1 1 0 0 1 0 0 0 1 0 1
2014   2 28  5 32 16 379148   -5.71830  -74.44144     4452  15.9  0  0  5  7 0 0 1 0 1 0 0 1 0 0 1 1 0 0
2014   2 28  5 32 16 474367    1.25122    3.68901    10002   3.4  0  0  5 10 0 0 1 1 1 0 0 1 0 0 1 0 0 0
2014   2 28  5 32 17  23532  -16.75572 -137.12430     6032  18.2  0  0  7 20 0 0 1 1 1 0 0 1 0 0 1 1 0 1
2014   2 28  5 32 17 572091  -12.21951  -72.91217     3042  23.7  0  0  6 15 0 0 1 1 1 0 0 1 0 0 0 1 0 1
2014   2 28  5 32 17 764081    7.45650  -73.98798     4207  17.3  0  0  6 13 0 0 0 1 1 0 0 1 0 0 1 1 0 1
2014   2 28  5 32 17 824700    6.24011  -77.16587     4378   1.4  0  0  5 10 0 0 0 1 1 0 0 1 0 0 0 1 0 1
2014   2 28  5 32 18 646009    4.14710  -82.97261     3840  26.3  0  0  7 20 0 0 1 1 1 0 0 1 0 1 1 1 0 0
2014   2 28  5 32 19 421314  -16.09871 -137.99467    17416  23.9  0  0  5 10 0 0 1 1 1 0 0 1 0 0 0 0 0 1
2014   2 28  5 32 19 647465  -18.90661 -172.49762     8422  27.8  0  0  7 21 0 0 1 1 0 0 0 1 0 1 1 1 0 1
2014   2 28  5 32 19 663992  -19.39206 -171.76706     9078  24.4  0  0  6 15 0 0 1 1 0 0 0 1 0 0 1 1 0 1
2014   2 28  5 32 19 688709  -18.81923 -172.87799     9524  31.3  0  0  7 21 0 0 1 1 1 0 0 1 0 0 1 1 0 1
2014   2 28  5 32 19 764919  -19.13175 -172.16730    28515   4.5  0  0  4  6 0 0 1 1 0 0 0 1 0 0 1 0 0 0
2014   2 28  5 32 19 861100    5.97312  -76.05341    17996  27.1  0  0  5  9 0 0 0 1 1 0 0 1 0 0 1 0 0 1
2014   2 28  5 32 19 978169    7.52534  -74.19573     9673  37.9  1  0  5  7 0 0 0 1 1 0 0 0 0 0 1 1 0 1
2014   2 28  5 32 20  23139    7.48681  -74.28445     8058  30.7  1  0  5  8 0 0 0 1 0 0 0 1 0 0 1 1 0 1
2014   2 28  5 32 20 122727  -20.72803  -49.24722     3775  44.1  1  0  6 12 0 0 1 1 1 0 0 1 0 0 1 0 0 1
2014   2 28  5 32 20 133780  -20.62076  -49.38841     3238  27.5  0  0  6 11 0 0 1 1 1 0 0 1 0 0 1 0 0 1
2014   2 28  5 32 20 447285  -20.60843  -46.93441     2975  44.0  0  0  7 20 0 0 1 1 0 0 0 1 0 1 1 1 0 1
2014   2 28  5 32 20 915196   -6.12459  -74.60917     4764  39.0  0  0  6 15 0 0 0 1 0 0 0 1 0 1 1 1 0 1
2014   2 28  5 32 20 975241  -24.58574 -115.16218     6524  39.8  0  0  7 21 0 0 1 1 0 0 0 1 0 1 1 1 0 1
2014   2 28  5 32 21 248304   -6.02371  -74.63541     7242  42.0  1  0  5  8 0 0 0 1 1 0 0 1 0 0 1 1 0 0
2014   2 28  5 32 21 633564   -2.48315  -72.30224     4222  42.1  0  0  7 21 0 0 0 1 1 0 0 1 0 1 1 1 0 1
2014   2 28  5 32 21 763757   -2.47927  -72.31919     4309  43.8  0  0  7 21 0 0 0 1 1 0 0 1 0 1 1 1 0 1
2014   2 28  5 32 21 788893  -28.53293  -42.78310     4173  32.3  0  0  6 15 0 0 1 0 1 0 0 1 0 1 1 0 0 1
2014   2 28  5 32 21 796914  -28.52101  -42.86408     3042  30.9  0  0  7 21 0 0 1 1 1 0 0 1 0 1 1 0 0 1
2014   2 28  5 32 21 831326  -28.53560  -42.83720     3470  32.6  0  0  6 15 0 0 1 1 0 0 0 1 0 1 1 0 0 1
2014   2 28  5 32 21 844089   -8.11790    5.38497    13998  35.9  0  0  6 13 0 0 1 1 1 0 0 1 0 0 1 0 0 1
2014   2 28  5 32 22 107514  -16.22601  -51.43097     4240  43.0  1  0  5 10 0 0 0 1 1 0 0 1 0 0 1 0 0 1
2014   2 28  5 32 22 470117  -20.72727  -46.89057     3795  42.0  1  0  5 10 0 0 0 1 1 0 0 1 0 0 1 0 0 1
2014   2 28  5 32 22 491783  -20.72159  -46.87218     3190  39.6  0  0  6 15 0 0 1 1 1 0 0 1 0 0 1 0 0 1
2014   2 28  5 32 22 735967   -7.46674  174.47050    20449  56.8  2  0  5 10 0 0 1 1 1 0 0 0 0 1 0 1 0 0
2014   2 28  5 32 23 167240    7.55565  -74.33016     7077  56.3  1  0  6 15 0 0 0 1 1 0 0 1 0 0 1 1 0 1
2014   2 28  5 32 23 373451   19.50363   41.39359    21508  47.1  1  0  5  8 0 0 1 0 1 0 0 0 0 0 1 1 0 1
2014   2 28  5 32 23 605688   -5.84707  -74.48926    13119  51.5  2  0  5  8 0 0 0 0 1 0 0 1 0 0 1 1 0 1
2014   2 28  5 32 25  69413  -29.59311 -136.14078    23371 118.8  2  0  7 20 0 0 1 1 1 0 0 1 0 0 1 1 0 1
2014   2 28  5 32 25 107702  -30.27695 -131.80174    30980  79.5  2  0  7 20 0 0 1 1 1 0 0 1 0 1 1 0 0 1
2014   2 28  5 32 25 202718   -4.46579  -64.35146     8926  79.9  2  0  5 10 0 0 0 1 1 0 0 0 0 0 1 1 0 1
2014   2 28  5 32 25 308664  -22.67362  -47.37568     3528  53.8  1  0  6 14 0 0 1 1 1 0 0 1 0 0 1 0 0 1
2014   2 28  5 32 25 336126  -22.66733  -47.38063     3534  54.0  1  0  6 14 0 0 1 1 1 0 0 1 0 0 1 0 0 1
2014   2 28  5 32 25 541135  -22.24411  -45.79322     4216  58.6  2  0  5  9 0 0 0 1 1 0 0 1 0 0 1 0 0 1
2014   2 28  5 32 25 551007  -22.25912  -45.79370     4299  60.7  2  0  5  9 0 0 0 1 1 0 0 1 0 0 1 0 0 1
2014   2 28  5 32 25 583504  -22.60753  -46.11698     3519  78.5  2  0  7 20 0 0 1 0 1 0 0 1 0 1 1 1 0 1
2014   2 28  5 32 27 367424  -21.11518  -49.46243     3732  17.4  0  0  5  7 0 0 1 1 0 0 0 1 0 0 1 0 0 1
2014   2 28  5 32 28 509202  -20.46129  -49.44267     3091   6.7  0  0  4  6 0 0 1 1 0 0 0 1 0 0 1 0 0 0
2014   2 28  5 32 28 726383   17.07115   23.34265    13971   9.1  0  0  4  6 0 0 1 0 0 0 0 0 0 0 1 1 0 1
2014   2 28  5 32 29  58694  -28.02935  -43.40584     6875  35.4  1  0  5  8 0 0 0 1 1 0 0 1 0 0 1 0 0 1
2014   2 28  5 32 29 125777    7.61973  -74.78465    12342 104.8  2  0  6 14 0 0 0 1 1 0 0 1 0 0 1 1 0 1
2014   2 28  5 32 29 591281  -28.25112  -43.11268     5598  73.1  2  0  6 15 0 0 1 1 1 0 0 1 0 0 1 0 0 1
2014   2 28  5 32 30 277858  -13.27215  158.70778    15072 105.9  2  0  7 21 0 0 1 1 1 0 0 1 0 0 1 1 0 1
2014   2 28  5 32 30 314397   10.23535  144.62004    54011 120.1  2  0  6 15 0 0 1 1 1 0 0 1 0 0 1 0 0 1
2014   2 28  5 32 30 374871   18.23530   46.16251    19323  57.0  2  0  5 10 0 0 1 0 1 0 0 0 0 0 1 1 0 1
2014   2 28  5 32 30 464681    7.48454  -73.68620     6916  98.8  2  0  7 21 0 0 1 0 1 0 0 1 0 1 1 1 0 1
2014   2 28  5 32 30 629071  -23.34511  -46.12949     4365 111.6  2  0  7 21 0 0 1 1 1 0 0 0 0 1 1 1 0 1
2014   2 28  5 32 30 861071    4.25644  -82.79661     7860 103.5  2  0  7 21 0 0 1 0 1 0 0 1 0 1 1 1 0 1
2014   2 28  5 32 30 942046    4.46709  -83.36465     8587 120.7  2  0  7 21 0 0 1 1 1 0 0 1 0 0 1 1 0 1
2014   2 28  5 32 31 133404    4.48173  -83.38876     8681 122.3  2  0  7 21 0 0 1 1 1 0 0 1 0 0 1 1 0 1
2014   2 28  5 32 31 653056    8.11419  -76.25433     9826  85.4  2  0  7 21 0 0 0 1 1 0 0 1 0 1 0 1 1 1
2014   2 28  5 32 33 739750  -12.21254  -73.07085     3446  21.7  0  0  7 21 0 0 0 1 1 0 0 1 0 1 1 1 0 1
2014   2 28  5 32 34  81478  -12.17532  -72.94367     2835  24.0  0  0  7 21 0 0 1 1 1 0 0 1 0 0 1 1 0 1
2014   2 28  5 32 34 244178    7.32688  -73.95836     3739  20.8  0  0  7 21 0 0 0 1 1 0 0 1 0 1 1 1 0 1
2014   2 28  5 32 34 246977  -13.12012  157.32948     9186  17.5  0  0  5  7 0 0 1 0 0 0 0 1 0 0 1 1 0 1
2014   2 28  5 32 34 290874    1.31416    3.76993     9321  12.5  0  0  6 14 0 0 1 1 1 0 0 1 0 0 1 0 0 1
2014   2 28  5 32 34 319165  -13.01644  156.87270     8226  37.6  0  0  6 15 0 0 1 1 0 0 0 1 0 0 1 1 0 1
2014   2 28  5 32 34 474077    5.40469  -71.95915     5819  20.6  0  0  5  8 0 0 0 1 1 0 0 1 0 0 1 1 0 0
2014   2 28  5 32 35  37873    7.98268  -75.10502     5267   5.3  0  0  5  7 0 0 0 1 0 0 0 1 0 1 0 1 0 1
2014   2 28  5 32 35 281568    7.98435  -75.17336     4907   7.6  0  0  5  9 0 0 0 1 1 0 0 1 0 0 0 1 0 1
2014   2 28  5 32 36 990263   -5.55573  148.97922     5616   8.2  0  0  4  6 0 0 1 1 0 0 0 1 0 0 0 1 0 0
2014   2 28  5 32 37  35799  -21.70085  -46.37874     2851  29.1  0  0  6 15 0 0 1 1 1 0 0 1 0 0 1 0 0 1
2014   2 28  5 32 37 171233   -0.08952    6.79877    30441  38.4  1  0  5  8 0 0 1 1 0 0 0 1 0 0 1 0 0 1
2014   2 28  5 32 37 306550  -20.55118  -49.15717     3232  23.9  0  0  5  9 0 0 1 1 0 0 0 1 0 0 1 0 0 1
2014   2 28  5 32 37 336627  -20.59596  -49.15873     3539  29.3  0  0  5  8 0 0 0 1 1 0 0 1 0 0 1 0 0 1
2014   2 28  5 32 37 630042  -12.18121  -72.98611     3992  61.0  1  0  7 21 0 0 1 0 1 0 0 1 0 1 1 1 1 0
2014   2 28  5 32 37 679290  -13.35265  171.43883     9957   3.9  0  0  5  8 0 0 1 1 0 0 0 1 0 0 1 1 0 0
2014   2 28  5 32 37 738220  -33.77658  -39.06525     3703  38.0  0  0  7 21 0 0 1 1 1 0 0 1 0 1 0 1 0 1
2014   2 28  5 32 37 759672  -33.85534  -38.78943     4482  40.6  1  0  6 15 0 0 1 1 1 0 0 1 0 1 1 0 0 0
2014   2 28  5 32 37 904975  -12.47199  -73.78268     3815  26.7  0  0  7 21 0 0 0 1 1 0 0 1 0 1 0 1 1 1
2014   2 28  5 32 37 954617  -12.13289  -72.92889     3851  57.8  1  0  7 21 0 0 1 1 1 0 0 0 0 1 1 1 0 1
2014   2 28  5 32 38   5115  -12.15697  -73.01730     4039  65.0  1  0  7 21 0 0 1 1 1 0 0 1 0 1 1 1 0 0
2014   2 28  5 32 38 137185  -12.46174  -73.81375     3918  28.4  0  0  7 21 0 0 0 1 1 0 0 1 0 1 0 1 1 1
2014   2 28  5 32 38 171061  -12.10105  -72.90639     6845  51.2  2  0  5  8 0 0 1 0 0 0 0 1 0 1 1 1 0 0
2014   2 28  5 32 38 210836  -33.84651  -38.82768     4002  40.7  0  0  7 21 0 0 1 1 1 0 0 1 0 1 1 0 0 1
2014   2 28  5 32 38 516603  -12.11795  -73.11615     4132  59.5  1  0  7 20 0 0 1 1 1 0 0 1 0 0 1 1 0 1
2014   2 28  5 32 38 564874  -16.15822  -51.23969     3028  48.4  0  0  7 21 0 0 1 1 1 0 0 1 0 1 1 0 0 1
2014   2 28  5 32 38 601809  -16.10571  -51.33553     3092  57.2  1  0  7 21 0 0 0 1 1 0 0 1 0 1 1 1 0 1
2014   2 28  5 32 38 653309  -16.04420  -51.29080     3639  59.6  1  0  6 15 0 0 1 1 1 0 0 1 0 0 1 1 0 0
2014   2 28  5 32 38 684774  -12.17473  -73.22592     9573  61.0  2  0  5 10 0 0 0 1 1 0 0 0 0 0 1 1 0 1
2014   2 28  5 32 39  50439    1.24315    4.34678    16728  54.0  1  0  6 12 0 0 1 1 0 0 0 1 0 0 1 1 0 1
2014   2 28  5 32 39 467822  -28.46050  -42.92736     5294  66.0  2  0  6 13 0 0 1 1 1 0 0 1 0 0 1 1 0 0
2014   2 28  5 32 39 516716  -28.49759  -42.86872     4043  40.3  1  0  6 15 0 0 1 1 1 0 0 1 0 0 1 0 0 1
2014   2 28  5 32 39 599597  -28.16805  -43.17447     4121  23.6  0  0  5 10 0 0 0 1 1 0 0 0 0 1 1 0 0 1
2014   2 28  5 32 39 863446   -7.79197  -68.30313     3764  62.5  1  0  7 21 0 0 1 1 1 0 0 1 0 0 1 1 0 1
2014   2 28  5 32 40 478000    4.62977  -72.44755     4590  65.3  1  0  7 20 0 0 1 1 1 0 0 1 0 0 1 1 0 1
2014   2 28  5 32 41 888978   -6.06637  -74.28946     5029  83.7  2  0  7 21 0 0 1 0 1 0 0 1 0 1 1 1 0 1
2014   2 28  5 32 41 941531    2.68523  -67.86297     9766 122.2  2  0  7 18 0 0 1 1 1 0 0 0 0 1 1 1 0 1
2014   2 28  5 32 41 990847    2.55101  -68.85846     6103  53.4  1  0  6 15 0 0 0 1 1 0 0 1 0 1 0 1 0 1
2014   2 28  5 32 42 119665    2.62813  -68.56591    10441  94.6  2  0  6 15 0 0 0 1 1 0 0 0 0 1 1 1 0 1
2014   2 28  5 32 42 179196    2.58149  -68.56027    11459  92.0  2  0  6 11 0 0 1 1 1 0 0 1 0 1 0 1 0 0
2014   2 28  5 32 42 270114    2.77486  -68.05854     6682  92.8  2  0  6 13 0 0 1 1 1 0 0 1 0 0 1 1 0 0
2014   2 28  5 32 42 896836   14.04089  -90.71648    11132  92.6  2  0  7 19 0 0 1 0 1 0 0 1 0 1 1 1 0 1
2014   2 28  5 32 43 205181  -24.59154  -45.28232     6259  18.5  0  0  4  6 0 0 1 0 0 0 0 1 0 0 1 0 0 1
2014   2 28  5 32 43 318985   -5.82819  -43.71061     5743 103.0  2  0  6 15 0 0 1 1 0 0 0 1 0 1 1 1 0 0
2014   2 28  5 32 43 329057   -6.30015  172.75920    14295  67.0  2  0  6 15 0 0 1 1 0 0 0 1 0 0 1 1 0 1
2014   2 28  5 32 43 723636  -20.62749  -49.56493     4577  74.6  2  0  6 11 0 0 0 1 1 0 0 1 0 1 1 0 0 1
2014   2 28  5 32 43 782068   -5.93927  -43.60213     3956 104.8  2  0  7 21 0 0 0 0 1 0 0 1 0 1 1 1 1 1
2014   2 28  5 32 44  92928  -20.64133  -49.11331     5667  93.4  2  0  6 11 0 0 1 1 1 0 0 1 0 0 1 0 0 1
2014   2 28  5 32 45 231927  -23.36031  -46.71189     3631  28.2  0  0  5  9 0 0 1 0 1 0 0 1 0 0 1 0 0 1
2014   2 28  5 32 45 661198   -2.81197  -73.86923     6236  70.9  2  0  7 21 0 0 0 1 1 0 0 1 0 1 0 1 1 1
2014   2 28  5 32 47 125226  -12.21232  -73.00497     5337 105.1  2  0  7 21 0 0 1 0 1 0 0 1 0 1 1 1 0 1
2014   2 28  5 32 47 281151  -12.20702  -73.32329     6521 145.1  2  0  7 21 0 0 1 1 1 0 0 1 0 1 1 1 0 0
2014   2 28  5 32 47 796878  -28.83307 -136.26147    25036 136.0  2  0  7 21 0 0 1 1 1 0 0 1 0 1 1 1 0 0
2014   2 28  5 32 48 278752    1.25893  -22.56297     3909  17.1  0  0  5  9 0 0 0 1 0 0 0 0 1 0 1 1 0 1
2014   2 28  5 32 48 382624    1.52320  -22.42002    11944  16.0  0  0  6 12 0 0 1 1 1 0 0 0 0 0 1 1 0 1
2014   2 28  5 32 48 387769    1.23580    3.57949    14228   8.6  0  0  5  7 0 0 1 1 1 0 0 1 0 0 1 0 0 0
2014   2 28  5 32 49 160421  -16.09198  -50.87497     2662   9.2  0  0  5 10 0 0 1 1 1 0 0 1 0 0 0 0 0 1
2014   2 28  5 32 49 397835  -16.09734  -51.08272     2465   9.6  0  0  6 15 0 0 1 1 1 0 0 1 0 0 1 0 0 1
2014   2 28  5 32 49 442564   -5.91480  -74.39964     2959  25.0  0  0  7 21 0 0 1 1 0 0 0 1 0 1 1 1 0 1
2014   2 28  5 32 49 692103   -6.27613    7.16352    19899   9.1  0  0  5 10 0 0 1 1 1 0 0 0 0 0 1 0 0 1
2014   2 28  5 32 50 979751  -27.03835  -52.15286     5255   3.0  0  0  4  6 0 0 1 0 0 0 0 1 0 0 1 1 0 0
2014   2 28  5 32 51 260906  -20.55978  -46.88177     2891   9.6  0  0  5  7 0 0 0 1 1 0 0 1 0 0 1 0 0 1
2014   2 28  5 32 51 272270  -20.60553  -46.91735     3015   7.6  0  0  5  7 0 0 1 1 0 0 0 1 0 0 1 0 0 1
2014   2 28  5 32 51 501014    4.91769  -72.24916     3639  16.1  0  0  6 14 0 0 0 1 1 0 0 1 0 0 1 1 0 1
2014   2 28  5 32 52 466276    3.72325  -82.72617    15417  23.0  0  0  5 10 0 0 0 1 1 0 0 1 0 0 1 0 0 1
2014   2 28  5 32 52 576265   -6.09891  -74.26755     3728  44.8  0  0  7 21 0 0 1 0 1 0 0 1 0 1 1 1 0 1
2014   2 28  5 32 52 960298    7.49659  -74.31360     4651  27.3  0  0  6 15 0 0 0 1 1 0 0 1 0 0 1 1 0 1
2014   2 28  5 32 52 970737    7.65644  -74.63054     7810  18.0  0  0  4  6 0 0 0 1 1 0 0 1 0 0 0 1 0 0
2014   2 28  5 32 53  90912    7.68187  -74.21905     4676  20.3  0  0  5 10 0 0 0 1 0 0 0 1 0 0 1 1 0 1
2014   2 28  5 32 53 289339   -6.03186  -74.39273     6124  45.6  1  0  6 12 0 0 1 1 1 0 0 1 0 0 0 1 0 1
2014   2 28  5 32 53 353240    5.06835  -72.14982     4492  29.3  0  0  6 14 0 0 0 1 1 0 0 1 0 0 1 1 0 1
2014   2 28  5 32 53 665906    7.52475  -74.13318     5437  25.6  0  0  5  9 0 0 0 1 0 0 0 1 0 0 1 1 0 1
2014   2 28  5 32 54 540090  -23.50444  -46.43597     4573  52.7  2  0  5 10 0 0 0 1 1 0 0 1 0 0 1 0 0 1
2014   2 28  5 32 54 586521  -28.48856  -43.01528     3493  35.0  0  0  6 12 0 0 1 1 0 0 0 1 0 1 0 1 0 1
2014   2 28  5 32 54 661876  -28.52302  -42.81847     3325  24.4  0  0  6 15 0 0 1 1 1 0 0 1 0 0 1 0 0 1
2014   2 28  5 32 54 737301  -28.78474  -42.91356     7543  12.6  0  0  4  6 0 0 0 1 0 0 0 1 0 1 0 0 0 1
2014   2 28  5 32 54 750800   13.08906  -90.21568    11129  38.3  0  0  6 15 0 0 1 1 1 0 0 1 0 0 1 0 0 1
2014   2 28  5 32 54 834895  -28.45214  -42.90677     4589  48.8  0  0  7 19 0 0 1 0 1 0 0 1 0 1 1 1 0 1
2014   2 28  5 32 54 877920  -28.51935  -42.83114     3381  25.2  0  0  6 15 0 0 1 1 1 0 0 1 0 0 1 0 0 1
2014   2 28  5 32 54 934692  -28.49639  -42.74127     5729  54.5  1  0  6 15 0 0 1 0 1 0 0 1 0 0 1 1 0 1
2014   2 28  5 32 55 140468  -28.36284  -42.96889     3629  13.9  0  0  5 10 0 0 0 1 1 0 0 1 0 0 1 0 0 1
2014   2 28  5 32 55 709070  -28.52163  -42.89958     3602  30.3  0  0  6 15 0 0 1 1 1 0 0 1 0 0 1 0 0 1
2014   2 28  5 32 55 718625  -28.50624  -42.90676     4184  31.5  1  0  5 10 0 0 1 1 1 0 0 0 0 0 1 0 0 1
2014   2 28  5 32 55 740964  -28.51609  -42.89898     3633  30.3  0  0  6 15 0 0 1 1 1 0 0 1 0 0 1 0 0 1
2014   2 28  5 32 56 112587  -28.50589  -42.91794     3687  32.0  0  0  6 15 0 0 1 1 1 0 0 1 0 0 1 0 0 1
2014   2 28  5 32 56 125623  -33.51194  -39.24934     4382  49.4  0  0  7 21 0 0 1 1 1 0 0 1 0 1 1 0 0 1
2014   2 28  5 32 56 160880  -28.50178  -42.92900     4347  34.1  1  0  5 10 0 0 1 1 1 0 0 0 0 0 1 0 0 1
2014   2 28  5 32 56 818301  -13.08111  157.45670     7807   6.1  0  0  4  6 0 0 1 1 0 0 0 1 0 0 0 1 0 0
2014   2 28  5 32 56 832343  -13.04739  157.43689     7876   6.7  0  0  4  6 0 0 1 1 0 0 0 1 0 0 0 1 0 0
2014   2 28  5 32 57 312500    4.32706  -83.18422     7225  94.4  2  0  7 21 0 0 1 1 1 0 0 1 0 1 1 1 0 0
2014   2 28  5 32 57 537294    4.48988  -83.86887    11932  66.4  2  0  5 10 0 0 0 1 1 0 0 1 0 0 1 1 0 0
2014   2 28  5 32 57 689878  -16.04222  -51.50294     4399  56.3  2  0  5 10 0 0 1 1 0 0 0 1 0 1 1 0 0 0
2014   2 28  5 32 58 227119  -14.75407  -56.84823     3831  23.6  1  0  4  6 0 0 0 1 0 0 0 1 0 0 1 1 0 0
2014   2 28  5 32 59 234307  -13.37056  159.80106     8087  21.3  0  0  5 10 0 0 1 1 0 0 0 1 0 0 1 1 0 0
2014   2 28  5 32 59 382062  -20.56921  -49.59487     3489  36.2  0  0  6 11 0 0 1 1 0 0 0 1 0 1 1 0 0 1
2014   2 28  5 32 59 455141  -20.45695  -49.40826     2999   0.9  0  0  4  6 0 0 1 1 0 0 0 1 0 0 1 0 0 0
2014   2 28  5 33  0  20544   -5.74629  -73.63212    12263  63.6  2  0  5 10 0 0 0 0 1 0 0 0 0 1 1 1 0 1
2014   2 28  5 33  0 142848   -5.86619  -74.25079     6012  94.9  2  0  7 20 0 0 1 0 1 0 0 1 0 1 1 1 0 1
2014   2 28  5 33  0 889793    9.32112  -75.16096    16175  67.1  2  0  5 10 0 0 0 1 1 0 0 1 0 0 0 1 0 1
2014   2 28  5 33  1 191887  -22.26202  -45.83347     4130  78.9  2  0  6 15 0 0 1 1 1 0 0 1 0 0 1 0 0 1
2014   2 28  5 33  1 835634    2.64853  -68.68430     6958 109.3  2  0  7 21 0 0 0 1 1 0 0 1 0 1 1 1 0 1
2014   2 28  5 33  1 887662    5.17845  -72.91642    31031  37.9  1  0  5 10 0 0 0 1 1 0 0 1 0 1 0 0 0 1
2014   2 28  5 33  2 116699  -27.92957  -43.36563     3390  19.7  0  0  5 10 0 0 1 1 1 0 0 1 0 0 0 0 0 1
2014   2 28  5 33  2 527666  -21.54371 -141.84966    24604 135.0  2  0  7 21 0 0 1 1 1 0 0 1 0 1 1 1 0 0
2014   2 28  5 33  2 589837  -21.39526 -142.86041    20260 103.5  2  0  7 21 0 0 1 1 1 0 0 1 0 0 1 1 0 1
2014   2 28  5 33  2 701711  -21.08014  -49.53983     4845 130.3  2  0  7 20 0 0 0 1 0 0 0 1 0 1 1 1 1 1
2014   2 28  5 33  3  76007  -23.48337  -46.09039     4941 120.2  2  0  7 21 0 0 1 1 1 0 0 1 0 0 1 1 0 1
2014   2 28  5 33  3 108364  -23.44332  -46.00849     5332 105.2  2  0  6 15 0 0 0 0 1 0 0 1 0 1 1 1 0 1
2014   2 28  5 33  3 169381  -23.47850  -46.14468     5656 124.4  2  0  7 18 0 0 1 1 1 0 0 1 0 0 1 1 0 1
2014   2 28  5 33  3 620058  -23.39526  -46.49153     5905  52.5  2  0  5  7 0 0 0 1 1 0 0 1 0 1 0 1 0 0
2014   2 28  5 33  4 246471   -0.46501    4.92129    15309  13.6  0  0  5  8 0 0 1 1 1 0 0 1 0 0 1 0 0 0
2014   2 28  5 33  4 331668  -33.63839  -39.14029     3555  20.6  0  0  6 13 0 0 1 1 0 0 0 1 0 1 0 1 0 1
2014   2 28  5 33  4 415974  -33.64048  -39.15660     3128  14.3  0  0  6 15 0 0 1 1 1 0 0 1 0 0 1 0 0 1
2014   2 28  5 33  4 599278  -33.65212  -39.13510     5407   1.6  0  0  4  6 0 0 0 1 0 0 0 0 0 1 1 0 0 1
2014   2 28  5 33  4 608039  -33.63542  -39.16845     3114  14.5  0  0  6 15 0 0 1 1 1 0 0 1 0 0 1 0 0 1
2014   2 28  5 33  4 865121    7.04839  -74.64103     6939  12.1  0  0  4  6 0 0 0 1 0 0 0 1 0 0 0 1 0 1
2014   2 28  5 33  5 263393  -16.11605  -51.16243     2372  12.7  0  0  7 21 0 0 1 1 1 0 0 1 0 1 1 0 0 1
2014   2 28  5 33  5 320009  -16.11999  -51.14961     2758   4.0  0  0  5  7 0 0 1 1 0 0 0 1 0 0 1 0 0 1
2014   2 28  5 33  5 385733  -16.10813  -51.14006     2771  16.1  0  0  6 12 0 0 1 1 0 0 0 1 0 0 1 1 0 1
2014   2 28  5 33  5 549984  -16.12635  -51.14570     2577   4.1  0  0  5 10 0 0 0 1 1 0 0 1 0 0 1 0 0 1
2014   2 28  5 33  5 565987    2.42715  -68.06908     4850  34.8  0  0  6 11 0 0 1 0 0 0 0 1 0 1 1 1 0 1
2014   2 28  5 33  5 764799  -28.41517  -42.70061     3776   9.3  0  0  5  8 0 0 1 0 1 0 0 1 0 1 0 0 0 1
2014   2 28  5 33  5 799793  -20.59184  -46.90985     2582  16.4  0  0  6 15 0 0 1 1 1 0 0 1 0 1 1 0 0 0
2014   2 28  5 33  5 807757    5.79423  151.30806     7381  14.6  0  0  5  7 0 0 0 1 1 0 0 1 0 0 1 1 0 0
2014   2 28  5 33  6 982306   -1.63417    3.85035    25727   8.7  0  0  5 10 0 0 1 1 1 0 0 0 0 0 1 0 0 1
2014   2 28  5 33  7 129472    5.81063  -77.86275     4504  22.1  0  0  6 15 0 0 0 1 0 0 0 1 0 1 1 1 0 1
2014   2 28  5 33  7 257340   37.52826 -105.76790    47098  13.5  0  0  4  6 0 0 0 1 0 0 0 1 0 0 1 1 0 0
2014   2 28  5 33  7 973434   -6.13477  -74.15278     4917  29.6  0  0  6 14 0 0 1 1 1 0 0 1 0 1 1 0 0 0
2014   2 28  5 33  8 100524  -29.43810 -136.14389    14908  22.7  1  0  4  6 0 0 1 0 0 0 0 1 0 1 0 1 0 0
2014   2 28  5 33  8 111170  -29.27254 -135.14870    10350  23.5  0  0  6 14 0 0 1 1 1 0 0 1 0 0 1 1 0 0
2014   2 28  5 33  8 138751  -29.34210 -136.50371    11537  21.0  0  0  6 15 0 0 0 1 1 0 0 1 0 0 1 1 0 1
2014   2 28  5 33  8 152035  -29.26448 -134.83598    12910  21.7  0  0  5  9 0 0 1 1 1 0 0 0 0 0 1 1 0 0
2014   2 28  5 33  9 237633    0.10170    1.89453    13953  28.5  0  0  6 15 0 0 1 1 1 0 0 1 0 0 1 0 0 1
2014   2 28  5 33  9 699965  -25.20374 -134.72101    19339  67.3  2  0  6 15 0 0 1 0 1 0 0 1 0 0 1 1 0 1
2014   2 28  5 33  9 710212  -24.81277 -134.97269     8996  38.7  0  0  7 21 0 0 1 1 1 0 0 1 0 0 1 1 0 1
2014   2 28  5 33 10 124908    4.72945  -84.37366     4662  44.6  0  0  7 21 0 0 1 1 1 0 0 1 0 0 1 1 0 1
2014   2 28  5 33 10 159791    5.16014  -72.38622     5417  36.0  1  0  5 10 0 0 0 1 1 0 0 1 0 0 1 1 0 0
2014   2 28  5 33 10 403504   -4.20576  -71.19724     4921  49.8  1  0  6 15 0 0 0 1 1 0 0 1 0 1 1 1 0 0
2014   2 28  5 33 10 523170  -21.51070   69.84168    21183  42.0  1  0  5 10 0 0 1 1 1 0 0 1 0 0 0 0 0 1
2014   2 28  5 33 10 587487   22.34909 -116.33066    21479  14.4  0  0  5 10 0 0 0 1 1 0 0 1 0 0 0 1 0 1
2014   2 28  5 33 10 723925   -5.74339  -74.75375     8788  49.5  1  0  5 10 0 0 0 1 1 0 0 0 0 0 1 1 0 1
2014   2 28  5 33 12 652300    2.12397  -66.98055     5217  64.0  2  0  6 15 0 0 0 1 0 0 0 1 0 1 1 1 0 1
2014   2 28  5 33 13  13134    6.89034  -77.25578     8727  55.2  2  0  5 10 0 0 0 1 0 0 0 1 0 0 1 1 0 1
2014   2 28  5 33 13  72716  -28.48619  -42.92678     4088  41.7  1  0  6 15 0 0 1 1 1 0 0 1 0 0 1 0 0 1
2014   2 28  5 33 13 410218  -12.90884  -71.45699     4581  84.9  2  0  7 21 0 0 1 1 1 0 0 0 0 1 1 1 0 1
2014   2 28  5 33 13 625970  -13.00253  -71.37199     4217  72.1  2  0  7 21 0 0 1 0 1 0 0 1 0 1 1 1 0 1
2014   2 28  5 33 14  38523   -6.01984  -74.84039    12739  79.4  2  0  5 10 0 0 0 1 1 0 0 0 0 0 1 1 0 1
2014   2 28  5 33 14 190223   -5.96354  -74.47684    14831  59.4  2  0  5  8 0 0 0 0 1 0 0 1 0 0 1 1 0 1
2014   2 28  5 33 14 515156  -27.80770 -135.75316    16513  75.8  2  0  7 19 0 0 1 1 1 0 0 1 0 0 1 1 0 1
2014   2 28  5 33 15 805924  -26.60040 -134.35213    15916  77.4  2  0  7 21 0 0 1 0 1 0 0 1 0 1 1 1 0 1
2014   2 28  5 33 16 984379   -5.67692    8.90952    22691  94.8  2  0  6 13 0 0 1 1 1 0 0 1 0 0 1 1 0 0
2014   2 28  5 33 17 263904  -10.31833    0.27673    66870  70.2  2  0  5 10 0 0 1 1 1 0 0 0 0 0 1 0 0 1
2014   2 28  5 33 20 166452   -5.86086  -54.78826     2800  12.6  0  0  5 10 0 0 0 0 1 0 0 1 0 0 1 1 0 1
2014   2 28  5 33 20 253421  -22.10011  -45.85415     2605  15.2  0  0  6 15 0 0 1 1 1 0 0 1 0 1 1 0 0 0
2014   2 28  5 33 20 261947  -22.10561  -45.83279     2461  13.5  0  0  6 15 0 0 1 1 1 0 0 1 0 0 1 0 0 1
2014   2 28  5 33 20 413984  -16.11967  -51.15603     2463  19.2  0  0  7 21 0 0 1 1 1 0 0 1 0 0 1 1 0 1
2014   2 28  5 33 20 445448  -16.08806  -51.24315     2340  13.4  0  0  7 21 0 0 0 1 1 0 0 1 0 1 1 1 0 1
2014   2 28  5 33 20 548042  -16.06171  -51.23883     2701  11.7  0  0  5 10 0 0 0 1 1 0 0 0 0 0 1 1 0 1
2014   2 28  5 33 20 623524    4.11800  -83.04604     5583  11.1  0  0  5  7 0 0 1 1 0 0 0 1 0 0 1 1 0 0
2014   2 28  5 33 20 647973    4.20804  -82.95586     3131  16.3  0  0  7 21 0 0 1 1 1 0 0 1 0 0 1 1 0 1
2014   2 28  5 33 20 741428    7.38743  -74.00819     3541  12.7  0  0  6 15 0 0 0 1 1 0 0 1 0 0 1 1 0 1
2014   2 28  5 33 20 788178    7.37895  -73.97012     4305  15.1  0  0  6 11 0 0 1 0 1 0 0 1 0 0 1 1 0 1
2014   2 28  5 33 20 932189  -16.12517  -51.18726     3146  13.8  0  0  4  6 0 0 1 1 0 0 0 1 0 1 0 0 0 0
2014   2 28  5 33 20 961124  -16.11704  -51.18888     2549  18.4  0  0  7 19 0 0 1 0 1 0 0 1 0 1 1 1 0 1
2014   2 28  5 33 20 996337  -16.05866  -51.23986     2404  16.7  0  0  7 21 0 0 1 1 1 0 0 0 0 1 1 1 0 1
2014   2 28  5 33 21 129006  -20.58273  -49.37352     2867  42.0  0  0  7 21 0 0 1 1 0 0 0 1 0 1 1 0 1 1
2014   2 28  5 33 21 622936   31.00551 -130.35887    13991  28.0  0  0  5  9 0 0 1 1 1 0 0 0 0 0 1 1 0 0
2014   2 28  5 33 21 934965  -21.08541  -49.15596     3313  19.9  0  0  5  8 0 0 0 1 1 0 0 1 0 0 1 0 0 1
2014   2 28  5 33 21 969293  -21.08984  -49.16256     2692  17.5  0  0  6 14 0 0 1 1 1 0 0 1 0 0 1 0 0 1
2014   2 28  5 33 22 299021  -21.07104  -49.26070     3626  54.6  1  0  6 13 0 0 1 1 1 0 0 1 0 1 0 0 0 1
2014   2 28  5 33 22 300362   -5.86001  -74.59949     5502  24.3  0  0  5  9 0 0 0 1 1 0 0 0 0 0 1 1 0 1
2014   2 28  5 33 22 836303    4.87419  -71.73376     5707  52.8  1  0  7 19 0 0 1 0 1 0 0 1 0 1 1 1 0 1
2014   2 28  5 33 23 148236    4.91843  -72.19725     3913  28.9  0  0  7 20 0 0 0 1 1 0 0 1 0 1 1 1 0 1
2014   2 28  5 33 23 171744   13.37761 -131.86330    19412  33.7  1  0  5 10 0 0 1 1 1 0 0 1 0 0 1 0 0 0
2014   2 28  5 33 23 287245  -22.25328  -47.65577     3200  42.7  1  0  6 15 0 0 1 1 0 0 0 1 0 0 1 1 0 1
2014   2 28  5 33 23 457618  -23.56223  -45.87545     3423  37.6  0  0  6 15 0 0 1 1 1 0 0 1 0 0 1 0 0 1
2014   2 28  5 33 23 713306  -25.92454 -135.04561     8023  11.9  0  0  5  9 0 0 1 1 0 0 0 1 0 0 1 1 0 0
2014   2 28  5 33 24 325854  -28.54539  -42.84037     3572  34.5  0  0  6 15 0 0 1 1 0 0 0 1 0 1 1 0 1 0
2014   2 28  5 33 24 359673  -28.48584  -42.84406     4016  42.6  1  0  6 14 0 0 1 1 1 0 0 1 0 0 1 1 0 0
2014   2 28  5 33 24 392861  -28.30131  -42.98143     3861  28.8  0  0  6 14 0 0 0 1 1 0 0 1 0 1 1 1 0 0
2014   2 28  5 33 24 462512  -28.31380  -42.98695     4185  27.8  0  0  6 13 0 0 0 1 1 0 0 1 0 0 1 1 0 1
2014   2 28  5 33 24 503962  -28.55667  -42.68100     4867  24.5  0  0  5 10 0 0 1 0 1 0 0 1 0 0 1 0 0 1
2014   2 28  5 33 24 621625  -20.46651  -49.27241     5173  93.4  2  0  6 12 0 0 1 1 1 0 0 1 0 0 0 1 0 1
2014   2 28  5 33 24 886735    7.66044  -74.22250     5842  42.1  1  0  6 15 0 0 0 1 1 0 0 1 0 0 1 1 0 1
2014   2 28  5 33 24 981433    7.65575  -74.36166     6974  40.9  1  0  6 13 0 0 0 1 1 0 0 1 0 0 1 1 0 1
2014   2 28  5 33 25 603866  -23.76558  -45.90210     3879  54.4  1  0  7 16 0 0 1 1 1 0 0 1 0 0 1 1 0 1
2014   2 28  5 33 25 625983  -23.77822  -45.96716     2783  15.7  0  0  6 13 0 0 1 1 1 0 0 1 0 1 1 0 0 0
2014   2 28  5 33 25 674471   -6.04123  -74.70895     5443  49.8  1  0  6 15 0 0 0 1 1 0 0 1 0 0 1 1 0 1
2014   2 28  5 33 26 439701    2.10906  -20.95560     5583  55.2  1  0  6 13 0 0 1 1 1 0 0 0 1 0 1 1 0 0
2014   2 28  5 33 26 533579    2.62668  -68.18474     3708  42.6  0  0  7 21 0 0 0 0 1 0 0 1 0 1 1 1 1 1
2014   2 28  5 33 26 639997    2.15801  -67.69608    10317  64.6  2  0  6 14 0 0 1 1 1 0 0 1 0 1 1 0 0 0
2014   2 28  5 33 26 793850    2.60361  -68.49492     6067  42.6  1  0  5 10 0 0 0 1 0 0 0 1 0 1 0 1 0 1
2014   2 28  5 33 27  12600  -20.69531  -49.46073     3667  56.5  1  0  7 19 0 0 1 1 1 0 0 1 0 1 1 0 0 1
2014   2 28  5 33 27 429178  -24.51573  -45.22768     3038  33.8  0  0  6 15 0 0 1 1 1 0 0 1 0 1 0 0 0 1
2014   2 28  5 33 27 506655  -24.49280  -45.18730     2903  36.9  0  0  7 21 0 0 1 1 1 0 0 1 0 1 1 0 0 1
2014   2 28  5 33 28 528698    2.92884    6.79755    16643  37.5  1  0  5  8 0 0 1 1 0 0 0 1 0 0 1 1 0 0
2014   2 28  5 33 29 177761  -21.02849  -49.53651     3054  44.6  0  0  7 17 0 0 1 1 0 0 0 1 0 1 1 1 0 1
2014   2 28  5 33 29 328689  -21.09536  -49.46962     3084   8.2  0  0  5  7 0 0 1 1 0 0 0 1 0 0 1 0 0 1
2014   2 28  5 33 29 932836    7.25012  -74.14604     9139  82.3  2  0  6 15 0 0 0 1 1 0 0 1 0 0 1 1 0 1
2014   2 28  5 33 30 289660  -28.48384  -43.10284     5987  88.7  2  0  6 14 0 0 1 1 1 0 0 1 0 0 1 0 0 1
2014   2 28  5 33 30 581445  -28.43366  -43.07655     4929  57.1  1  0  6 15 0 0 1 1 1 0 0 1 0 0 1 0 0 1
2014   2 28  5 33 30 598485  -28.40011  -43.14698     3884  56.3  1  0  7 21 0 0 1 1 1 0 0 1 0 1 1 0 0 1
2014   2 28  5 33 30 957380  -22.46648  -47.81696     3524  14.7  0  0  4  6 0 0 1 1 0 0 0 1 0 0 1 0 0 0
2014   2 28  5 33 31 567281    7.62891  -74.23249     6533  97.5  2  0  7 20 0 0 1 1 1 0 0 1 0 0 1 1 0 1
2014   2 28  5 33 32 508686   -5.63985  -74.32995     5360  91.4  2  0  7 21 0 0 1 0 1 0 0 1 0 1 1 1 0 1
2014   2 28  5 33 32 622994   -5.72416  -75.16467     8756 115.8  2  0  7 21 0 0 0 1 1 0 0 1 0 1 1 1 0 1
2014   2 28  5 33 32 708245   -4.24560  -82.10674    16957   0.6  0  0  4  6 0 0 0 1 1 0 0 1 0 1 0 0 0 0
2014   2 28  5 33 32 785709   -6.33820  -77.68131     6341   2.9  0  0  4  6 0 0 0 1 1 0 0 0 0 1 0 1 0 0
2014   2 28  5 33 32 953181   -5.65760  -75.11909     9443 107.8  2  0  6 15 0 0 0 1 1 0 0 1 0 0 1 1 0 1
2014   2 28  5 33 33  86694  -23.46576  -46.53739     5578 110.1  2  0  6 15 0 0 1 1 1 0 0 1 0 0 1 0 0 1
2014   2 28  5 33 33 542180  -20.75887  -46.86349     4716  94.1  2  0  6 15 0 0 1 1 1 0 0 1 0 0 1 0 0 1
2014   2 28  5 33 34 364845   -1.67336  150.38676     6513  10.3  0  0  4  6 0 0 1 0 0 0 0 1 0 0 1 1 0 0
2014   2 28  5 33 34 590311   -6.01133    2.14624    33410 106.3  2  0  6 14 0 0 1 1 1 0 0 1 0 0 1 0 0 1
2014   2 28  5 33 34 836811    6.97678  -78.57961     8575 123.9  2  0  7 20 0 0 1 1 1 0 0 1 0 0 1 1 0 1
2014   2 28  5 33 35 366349    4.66067   12.25006    22702 123.5  2  0  7 21 0 0 1 1 1 0 0 1 0 0 1 1 0 1
2014   2 28  5 33 35 805009    8.04106  160.68620    15032  50.3  2  0  5 10 0 0 1 0 1 0 0 0 0 0 1 1 0 1
2014   2 28  5 33 36  56636   -6.18846  -74.36784     2502   6.4  0  0  7 21 0 0 1 1 1 0 0 0 0 1 1 1 0 1
2014   2 28  5 33 36 255665   -6.19335  -74.46693     3621   2.5  0  0  5  9 0 0 0 1 1 0 0 0 0 0 1 1 0 1
2014   2 28  5 33 36 360424   -6.15646  -74.38241     3051   7.7  0  0  5  9 0 0 1 1 1 0 0 0 0 1 0 1 0 0
2014   2 28  5 33 36 379281  -28.51494  -42.53489     3224   7.4  0  0  5  9 0 0 1 1 0 0 0 1 0 0 1 0 0 1
2014   2 28  5 33 36 388269  -28.48782  -42.54862     2642  14.5  0  0  7 20 0 0 1 1 0 0 0 1 0 1 1 1 0 1
2014   2 28  5 33 36 435874  -28.48148  -42.55602     2604  12.4  0  0  7 19 0 0 1 1 1 0 0 1 0 1 1 1 0 0
2014   2 28  5 33 36 444699  -28.51101  -42.53911     2847   5.5  0  0  6 13 0 0 1 1 1 0 0 1 0 0 1 0 0 1
2014   2 28  5 33 36 503604  -28.47288  -42.53113     3224   6.9  0  0  5 10 0 0 0 1 1 0 0 1 0 1 1 0 0 0
2014   2 28  5 33 36 561095  -28.46399  -42.57969     2993  14.6  0  0  7 19 0 0 0 1 1 0 0 1 0 1 1 1 0 1
2014   2 28  5 33 36 686542  -20.65741  -46.97950     2733   1.5  0  0  5  9 0 0 1 1 1 0 0 1 0 0 1 0 0 0
2014   2 28  5 33 36 775889  -20.55664  -49.14899     2818   5.0  0  0  5  8 0 0 1 1 1 0 0 1 0 0 1 0 0 0
2014   2 28  5 33 36 785284  -20.65545  -46.98242     2242   5.0  0  0  7 21 0 0 1 1 1 0 0 1 0 1 1 0 0 1
2014   2 28  5 33 36 949633  -16.16150  -51.11152     3591  35.3  0  0  7 16 0 0 1 1 1 0 0 1 0 1 1 1 0 0
2014   2 28  5 33 37  20912  -16.09857  -51.19835     2369  14.1  0  0  7 21 0 0 0 1 1 0 0 1 0 1 1 1 0 1
2014   2 28  5 33 37  88271    1.32747  -22.06651     4571   6.3  0  0  7 18 0 0 1 1 1 0 0 1 0 0 1 1 0 1
2014   2 28  5 33 37 127200  -13.99615  159.66054     8839  23.7  0  0  5 10 0 0 1 1 0 0 0 1 0 0 1 1 0 0
2014   2 28  5 33 38 324784  -24.89595 -135.45958     6370  20.6  0  0  7 21 0 0 1 1 1 0 0 1 0 0 1 1 0 1
2014   2 28  5 33 38 381011    7.27021  -73.85393    10205  17.6  0  0  6 15 0 0 0 1 1 0 0 1 0 1 1 0 0 1
2014   2 28  5 33 39 261279  -25.32699  -44.89796     4397  26.6  0  0  5  9 0 0 1 0 1 0 0 1 0 0 1 0 0 1
2014   2 28  5 33 39 401678  -24.84755  -44.91551     2938  24.7  0  0  6 15 0 0 1 1 1 0 0 1 0 0 1 0 0 1
2014   2 28  5 33 39 497667   -6.11388  -74.63548     5768  32.8  0  0  6 15 0 0 0 1 1 0 0 0 0 1 1 1 0 1
2014   2 28  5 33 39 509803   -6.08499  -74.44036     3731  39.7  0  0  7 20 0 0 1 1 1 0 0 1 0 1 0 1 0 1
2014   2 28  5 33 39 539099   -6.26573  -74.22877     4857  28.8  0  0  6 14 0 0 1 1 1 0 0 1 0 0 1 0 0 1
2014   2 28  5 33 39 547257   -6.07826  -74.65760     5681  28.0  0  0  5  8 0 0 0 1 1 0 0 1 0 0 1 1 0 0
2014   2 28  5 33 40 442952  -12.16414  -73.18148     4815  44.3  1  0  5 10 0 0 1 1 1 0 0 0 0 0 1 1 0 0
2014   2 28  5 33 40 466514  -10.63571  -57.50539     3139  40.5  0  0  7 21 0 0 1 1 1 0 0 0 0 1 1 1 0 1
2014   2 28  5 33 41 288215   -8.42977    3.91110    34147  28.5  0  0  5 10 0 0 1 1 1 0 0 0 0 0 1 0 0 1
2014   2 28  5 33 42 343516  -20.55090  -49.28488     4518  38.7  1  0  5  7 0 0 1 1 1 0 0 1 0 0 1 0 0 0
2014   2 28  5 33 42 908534    7.68080  -74.03378     7079  84.3  2  0  7 19 0 0 1 1 1 0 0 1 0 1 1 1 0 0
2014   2 28  5 33 43  93113  -33.29147  -41.19109     4514  10.6  0  0  4  6 0 0 1 1 1 0 0 1 0 0 0 0 0 0
2014   2 28  5 33 43 493865  -13.03826  156.99184    13198  54.6  2  0  5 10 0 0 1 1 1 0 0 1 0 0 0 1 0 0
2014   2 28  5 33 45 336789  -33.42582  -39.76347     4740  58.1  1  0  7 21 0 0 1 1 1 0 0 1 0 1 1 0 0 1
2014   2 28  5 33 45 642085  -33.48344  -39.62621     6163  65.5  1  0  7 16 0 0 1 1 1 0 0 1 0 0 1 1 0 1
2014   2 28  5 33 46 163578  -33.50241  -39.61338     6539  66.3  2  0  6 15 0 0 1 1 1 0 0 1 0 0 1 0 0 1
2014   2 28  5 33 46 785145  -22.25781  -45.82754     4766  75.2  2  0  5 10 0 0 0 1 1 0 0 1 0 0 1 0 0 1
2014   2 28  5 33 47 207233    5.05386  -72.72404     8537  88.6  2  0  6 15 0 0 0 1 1 0 0 1 0 0 1 1 0 1
2014   2 28  5 33 48 216212    4.41889  -83.00305     8373 113.7  2  0  7 21 0 0 1 1 1 0 0 1 0 0 1 1 0 1
2014   2 28  5 33 48 783859  -28.08545  -43.40944     5213  26.0  0  0  5  8 0 0 0 1 1 0 0 1 0 0 1 0 0 1
2014   2 28  5 33 50 385513  -22.53984  -46.21870     4996 145.6  2  0  7 21 0 0 1 1 1 0 0 1 0 0 1 1 0 1
2014   2 28  5 33 51 398973  -19.77403 -140.29648    18330  97.8  2  0  7 20 0 0 1 0 1 0 0 1 0 1 1 1 0 1
2014   2 28  5 33 54 179862   -5.95970  -74.54048     4063  10.6  0  0  5 10 0 0 0 1 1 0 0 1 0 0 0 1 0 1
2014   2 28  5 33 54 823329  -16.28234  -51.44905     2717  12.9  0  0  5  9 0 0 0 1 1 0 0 1 0 1 0 1 0 0
2014   2 28  5 33 57 608104  -16.12710  -51.29019     2975  33.6  0  0  6 15 0 0 1 1 1 0 0 1 0 1 0 0 0 1
2014   2 28  5 33 58 549210  -21.83484 -142.90248    13534  53.4  1  0  6 15 0 0 1 1 0 0 0 1 0 1 0 1 0 1
2014   2 28  5 33 58 611803  -21.86571 -141.34286    14913  60.6  2  0  6 15 0 0 1 1 0 0 0 1 0 1 0 1 0 1
2014   2 28  5 33 58 644734  -21.75885 -141.92479    16834  49.8  1  0  5 10 0 0 1 1 1 0 0 1 0 0 0 1 0 0
2014   2 28  5 33 58 795435  -22.38172 -140.44598    38795  53.8  2  0  5 10 0 0 1 1 1 0 0 1 0 0 0 0 0 1
2014   2 28  5 33 59 217421   -6.04177  -74.51900     5365  63.5  2  0  6 14 0 0 1 1 1 0 0 1 0 0 0 1 0 1
2014   2 28  5 33 59 648650  -13.44226  -70.96056     4680  64.6  2  0  6 13 0 0 1 1 1 0 0 1 0 0 0 1 0 1
2014   2 28  5 34  0 143508  -28.52733  -43.06719     2664  11.5  0  0  6 15 0 0 1 1 1 0 0 1 0 1 0 0 0 1
2014   2 28  5 34  0 164353  -28.50625  -43.11596     4311  40.6  1  0  5  9 0 0 1 1 0 0 0 1 0 1 0 1 0 0
2014   2 28  5 34  0 235605  -28.47513  -43.10299     3147  37.2  0  0  7 21 0 0 1 1 1 0 0 1 0 1 0 1 0 1
2014   2 28  5 34  0 396428  -28.41886  -43.12713     7797  14.9  0  0  4  6 0 0 0 1 0 0 0 1 0 1 0 0 0 1
2014   2 28  5 34  0 474949  -28.51587  -43.10322     3209  13.1  0  0  5 10 0 0 1 1 1 0 0 1 0 0 0 0 0 1
2014   2 28  5 34  0 834147    7.66642  -75.25442    11957  51.3  2  0  5 10 0 0 0 1 1 0 0 1 0 0 0 1 0 1
2014   2 28  5 34  1 241537  -20.60671  -49.26569     4428  71.6  2  0  6 12 0 0 1 1 1 0 0 1 0 1 0 0 0 1
2014   2 28  5 34  2 189348  -24.24604  -45.96606     4013  69.1  2  0  6 15 0 0 1 1 1 0 0 1 0 1 0 0 0 1
2014   2 28  5 34  3 207568  -21.14097  -49.49301     5215  94.1  2  0  6 12 0 0 1 1 1 0 0 0 0 1 0 1 0 1
2014   2 28  5 34  3 368537  -21.15956  -49.52282     3695  85.1  2  0  7 18 0 0 1 1 1 0 0 1 0 1 0 1 0 1
2014   2 28  5 34  3 476050    4.94111  -73.09382    12731  72.2  2  0  5 10 0 0 0 1 1 0 0 1 0 0 0 1 0 1
2014   2 28  5 34  3 796595   -7.17513  -53.90730     9242  42.5  1  0  5 10 0 0 1 1 1 0 0 0 0 1 0 0 0 1
2014   2 28  5 34  6 356666  -13.88925  -53.75826     5717 120.4  2  0  6 15 0 0 1 1 1 0 0 1 0 0 0 1 0 1
2014   2 28  5 34  7 244334  -20.62749  -47.01658     4199 121.6  2  0  7 21 0 0 1 1 1 0 0 1 0 1 0 1 0 1
2014   2 28  5 34  7 589831   -9.60375  -71.60065     8042  10.0  0  0  4  6 0 0 1 1 0 0 0 0 0 1 0 0 0 1
2014   2 28  5 34  7 714420   -6.30372  -75.54726     5914  20.4  1  0  4  6 0 0 0 0 0 0 0 1 0 1 0 1 0 1
2014   2 28  5 34  7 892855   -6.36098  -76.16744    12582  95.0  2  0  6 15 0 0 0 1 1 0 0 1 0 1 0 1 0 1
2014   2 28  5 34  8  71501    5.92759  -77.49790     5202   3.0  0  0  5  9 0 0 1 1 1 0 0 1 0 0 0 0 0 1
2014   2 28  5 34  8 770742    3.88483  -84.00931     5507   6.7  0  0  5  9 0 0 1 1 1 0 0 1 0 0 0 0 0 1
2014   2 28  5 34  8 951434  -16.44198  -51.04150     2640   7.2  0  0  5 10 0 0 1 1 1 0 0 1 0 0 0 0 0 1
2014   2 28  5 34  9 139439  -16.13059  -51.19777     3070   9.7  0  0  4  6 0 0 1 1 1 0 0 1 0 0 0 0 0 0
2014   2 28  5 34 10 319614  -28.45671  -42.69963     7177  11.1  0  0  4  6 0 0 0 1 0 0 0 1 0 1 0 0 0 1
2014   2 28  5 34 10 534862   -2.30159  -71.38708     5678   4.5  0  0  5 10 0 0 1 1 1 0 0 0 0 1 0 0 0 1
2014   2 28  5 34 10 762620    3.60947  -71.45265     6947  33.4  0  0  6 14 0 0 1 1 1 0 0 1 0 1 0 0 0 1
2014   2 28  5 34 11  14395    5.17160  -73.02196    15129  14.3  0  0  5 10 0 0 0 1 1 0 0 1 0 1 0 0 0 1
2014   2 28  5 34 11 403702  -20.71305  -49.24257     3444  25.8  0  0  5  8 0 0 1 1 1 0 0 1 0 0 0 0 0 1
2014   2 28  5 34 11 579101  -16.60140  -50.94746     3048  25.0  0  0  5 10 0 0 1 1 0 0 0 1 0 1 0 0 0 1
2014   2 28  5 34 11 587965  -16.60588  -50.91817     2781  27.4  0  0  6 15 0 0 1 1 1 0 0 1 0 1 0 0 0 1
2014   2 28  5 34 12 906772   -9.72387    2.50341    33651  29.9  0  0  5 10 0 0 1 1 1 0 0 0 0 1 0 0 0 1
2014   2 28  5 34 15 630242  -33.04806  -41.32172     2825  17.7  0  0  7 21 0 0 1 1 1 0 0 1 0 1 0 0 1 1
2014   2 28  5 34 15 738104  -33.05054  -41.42225     3379  14.5  0  0  5 10 0 0 1 1 1 0 0 1 0 1 0 0 0 0
2014   2 28  5 34 18 222993  -16.15455  -51.30370     4093  76.5  2  0  6 15 0 0 1 1 1 0 0 1 0 1 0 0 0 1
2014   2 28  5 34 18 283415  -28.41192  -43.23746     5396  22.8  0  0  5  7 0 0 1 1 1 0 0 1 0 0 0 0 0 1
2014   2 28  5 34 18 713598  -16.18167  -51.30004     3574  73.6  2  0  7 21 0 0 1 1 1 0 0 1 0 1 0 0 1 1
2014   2 28  5 34 18 792931  -16.16955  -51.30806     4237  82.0  2  0  6 15 0 0 1 1 1 0 0 1 0 1 0 0 0 1
2014   2 28  5 34 22 359925  -27.86546  -43.46389     3682  25.3  0  0  5 10 0 0 1 1 1 0 0 1 0 0 0 0 0 1
2014   2 28  5 34 23 530098  -20.06782 -177.99374    21466  10.4  0  0  5 10 0 0 1 0 1 0 0 1 0 1 0 0 0 1
2014   2 28  5 34 23 941994   -9.93696  -71.33392     8297  20.2  0  0  5  9 0 0 1 1 1 0 0 0 0 1 0 0 0 1
