2014   2 28  6 29 36 564124  -12.22131  -73.04620     3974   2.6  0  0  4  6 0 0 0 1 0 0 0 0 0 0 1 1 0 1
2014   2 28  6 29 37 331462   -7.49408   10.35422     8011   7.7  0  0  5  8 0 0 1 1 0 0 0 0 0 0 1 1 0 1
2014   2 28  6 29 38 881190  -10.91799  -56.82521     3079  21.2  0  0  5 10 0 0 1 1 0 0 0 0 0 0 1 1 0 1
2014   2 28  6 29 41 163764    5.86095  -72.96772    16917  21.0  1  0  4  6 0 0 1 1 0 0 0 0 0 0 1 0 0 1
2014   2 28  6 29 41 839776   -4.38208  -71.22365     3431   1.6  0  0  4  6 0 0 1 0 0 0 0 0 0 0 1 1 0 1
2014   2 28  6 29 47 730221  -11.84958  -72.82124     4623  24.1  1  0  4  6 0 0 1 0 0 0 0 0 0 0 1 1 0 1
2014   2 28  6 29 49 798712  -20.60930  -47.64154     3292  14.6  0  0  4  6 0 0 1 1 0 0 0 0 0 0 1 1 0 0
2014   2 28  6 29 49 856046  -21.38320  -46.73935     3024   2.2  0  0  4  6 0 0 1 1 0 0 0 0 0 0 1 0 0 1
2014   2 28  6 29 49 864153  -21.38570  -46.73860     3026   2.5  0  0  4  6 0 0 1 1 0 0 0 0 0 0 1 0 0 1
2014   2 28  6 29 50 446764  -11.82670  -72.85692     5276  31.4  1  0  4  6 0 0 1 0 0 0 0 0 0 0 1 1 0 1
2014   2 28  6 29 52  45726   -8.95238  -76.37615     3414   8.9  0  0  5  7 0 0 1 0 1 0 0 1 0 0 0 1 0 1
2014   2 28  6 29 52  58460   -8.95153  -76.39870     2623   7.8  0  0  7 17 0 0 1 1 1 0 0 1 0 0 1 1 0 1
2014   2 28  6 29 52 186213  -30.33447  -42.12308     2491   7.4  0  0  7 21 0 0 1 1 1 0 0 1 0 1 1 0 0 1
2014   2 28  6 29 52 199010  -30.34753  -42.13094     2994   7.0  0  0  5 10 0 0 1 1 1 0 0 1 0 0 1 0 0 0
2014   2 28  6 29 52 239502  -30.34266  -42.10034     3604  10.2  0  0  5 10 0 0 1 0 1 0 0 1 0 0 1 0 0 1
2014   2 28  6 29 52 283112  -30.31925  -42.14951     4486   4.8  0  0  4  6 0 0 0 1 0 0 0 1 0 1 1 0 0 0
2014   2 28  6 29 52 375503   -8.96331  -76.37659     3045  11.0  0  0  7 20 0 0 0 0 1 0 0 1 0 1 1 1 1 1
2014   2 28  6 29 52 644194    0.19757   -0.25096    43343   5.9  0  0  4  6 0 0 1 1 0 0 0 0 0 0 1 0 0 1
2014   2 28  6 29 52 934151    2.42296  -68.35011     2690  10.3  0  0  7 21 0 0 0 1 1 0 0 1 0 1 1 1 0 1
2014   2 28  6 29 52 965964  -20.22857  -46.95893     2474  10.6  0  0  6 15 0 0 1 1 1 0 0 1 0 0 1 0 0 1
2014   2 28  6 29 53  42495  -20.24416  -46.94782     2524  13.3  0  0  6 15 0 0 1 1 1 0 0 1 0 0 1 0 0 1
2014   2 28  6 29 53 274485   11.90254 -125.96731    17115   2.1  0  0  4  6 0 0 0 1 1 0 0 1 0 0 0 1 0 0
2014   2 28  6 29 53 301951  -11.68373  153.86197    32102  24.3  0  0  5 10 0 0 1 0 1 0 0 0 0 0 1 1 0 1
2014   2 28  6 29 53 353021  -13.09138  157.07567     8373  24.0  0  0  5 10 0 0 1 1 0 0 0 1 0 0 1 1 0 0
2014   2 28  6 29 53 614146  -21.02358  -46.95891     2803   9.2  0  0  5 10 0 0 1 1 1 0 0 0 0 0 1 0 0 1
2014   2 28  6 29 54 104970  -15.83849  -51.35929     2762   5.6  0  0  5  8 0 0 1 1 0 0 0 0 0 1 1 1 0 0
2014   2 28  6 29 54 243124  -26.40284 -135.40604    10973  20.1  0  0  6 15 0 0 0 1 1 0 0 1 0 0 1 1 0 1
2014   2 28  6 29 54 396390  -15.95971  -51.30191     2838   8.9  0  0  5  9 0 0 1 0 1 0 0 1 0 0 1 0 0 1
2014   2 28  6 29 54 800211  -20.84528  -47.24546     2488  10.7  0  0  6 12 0 0 0 1 1 0 0 1 0 1 0 1 0 1
2014   2 28  6 29 55 253813  -16.18564  -51.63786     3184  18.1  0  0  5  8 0 0 1 0 0 0 0 0 0 1 1 1 0 1
2014   2 28  6 29 55 646292  -12.01399  -73.12064     3132  32.4  0  0  7 19 0 0 1 1 1 0 0 1 0 0 1 1 0 1
2014   2 28  6 29 55 655070  -12.07983  -73.23119     4051  34.5  0  0  7 21 0 0 0 1 1 0 0 1 0 1 1 1 0 1
2014   2 28  6 29 55 680879  -11.99624  -73.21945     2910  11.0  0  0  5 10 0 0 1 1 0 0 0 1 0 0 1 1 0 0
2014   2 28  6 29 55 947572  -12.45132  -72.63252     7700  30.9  0  0  6 15 0 0 1 1 1 0 0 0 0 1 1 0 0 1
2014   2 28  6 29 57 187118  -12.99664  -71.63857     3418  47.4  0  0  7 21 0 0 1 1 1 0 0 1 0 0 1 1 0 1
2014   2 28  6 29 57 241849    4.17206  152.12367    10210  22.6  0  0  5  8 0 0 1 0 1 0 0 1 0 0 0 1 0 1
2014   2 28  6 29 57 759617  -16.40289  -51.29885     4091  25.2  0  0  5  7 0 0 1 1 1 0 0 1 0 0 0 0 0 1
2014   2 28  6 29 58  26552  -16.26344  -51.38192     3114  53.9  1  0  7 21 0 0 1 1 1 0 0 0 0 1 1 1 0 1
2014   2 28  6 29 58 329456    3.97196  152.05305    23501  30.0  1  0  5  7 0 0 1 1 0 0 0 1 0 0 1 1 0 0
2014   2 28  6 29 58 665259    4.40607  -86.65773     6727  61.4  2  0  6 15 0 0 1 1 1 0 0 1 0 0 0 1 0 1
2014   2 28  6 29 58 697637  -21.92781 -141.62405    11391  53.8  1  0  7 21 0 0 1 1 1 0 0 1 0 0 1 1 0 1
2014   2 28  6 29 58 723958  -21.82811 -141.83333    12471  46.5  1  0  6 15 0 0 1 1 0 0 0 1 0 0 1 1 0 1
2014   2 28  6 29 58 793052  -21.94414 -141.78159    29422  74.3  2  0  6 15 0 0 0 1 0 0 0 1 0 1 1 1 0 1
2014   2 28  6 29 58 985118  -21.94261 -141.37994    17986  45.0  1  0  5  9 0 0 1 0 1 0 0 1 0 0 1 1 0 0
2014   2 28  6 29 59 288997  -21.63996 -142.46941     9657  19.2  0  0  5 10 0 0 1 1 0 0 0 1 0 0 1 1 0 0
2014   2 28  6 29 59 348715  -22.04027 -143.16542    27826  41.6  1  0  5 10 0 0 0 0 1 0 0 1 0 1 0 1 0 1
2014   2 28  6 29 59 408409  -20.96618  -46.50193     3266  27.1  0  0  5 10 0 0 1 0 1 0 0 1 0 0 1 0 0 1
2014   2 28  6 29 59 447208  -21.16829  -46.47079     3316  13.2  0  0  4  6 0 0 1 1 0 0 0 0 0 0 1 0 0 1
2014   2 28  6 30  0 207996  -13.19120  -71.56306     6574  86.9  2  0  7 21 0 0 0 1 1 0 0 1 0 1 1 1 0 1
2014   2 28  6 30  0 388100   -5.13205    9.08263    14662  73.6  2  0  7 19 0 0 1 1 1 0 0 1 0 0 1 1 0 1
2014   2 28  6 30  0 497463  -22.15631  -46.04445     3554  79.5  2  0  7 21 0 0 1 1 1 0 0 1 0 1 1 0 0 1
2014   2 28  6 30  0 507407  -22.21531  -45.91966     3698  61.3  2  0  6 15 0 0 1 1 1 0 0 1 0 0 1 0 0 1
2014   2 28  6 30  0 680625  -22.21583  -45.75416     6162  58.9  2  0  5  7 0 0 1 1 1 0 0 1 0 0 0 0 0 1
2014   2 28  6 30  0 706417  -22.11638  -45.89969     3977  80.5  2  0  6 15 0 0 0 1 1 0 0 1 0 1 1 0 0 1
2014   2 28  6 30  0 754282  -21.03995  -46.85442     3795  61.5  2  0  6 15 0 0 1 1 1 0 0 1 0 0 1 0 0 1
2014   2 28  6 30  1 922331  -20.84278  -47.09479     3721  85.8  2  0  7 21 0 0 1 0 1 0 0 1 0 1 1 1 0 1
2014   2 28  6 30  1 973538  -21.02524  -47.01303     3983  68.7  2  0  6 15 0 0 1 1 1 0 0 1 0 0 1 0 0 1
2014   2 28  6 30  2 193146  -24.24416  -45.87191     4210  47.7  1  0  5 10 0 0 1 1 0 0 0 1 0 1 1 0 0 0
2014   2 28  6 30  2 283221  -20.70850  -47.48995     3066  47.8  0  0  7 21 0 0 1 1 0 0 0 1 0 1 1 1 1 0
2014   2 28  6 30  2 346604  -24.21500  -45.67840     4427  73.3  2  0  6 15 0 0 1 1 1 0 0 1 0 0 1 0 0 1
2014   2 28  6 30  2 573987  -13.90911  -42.80380     7493  31.3  1  0  5 10 0 0 1 0 1 0 0 1 0 0 1 0 0 1
2014   2 28  6 30  2 586301  -20.90071  -47.13649     4618 112.2  2  0  7 20 0 0 1 1 1 0 0 1 0 0 1 1 0 1
2014   2 28  6 30  2 622806  -22.73850  -46.98349     2937  21.5  0  0  5 10 0 0 1 0 1 0 0 1 0 0 1 0 0 1
2014   2 28  6 30  2 635258  -13.91549  -43.60204     3186  54.3  1  0  7 16 0 0 1 1 1 0 0 1 0 0 1 1 0 1
2014   2 28  6 30  2 772954  -20.87480  -47.14708     4999 108.9  2  0  7 18 0 0 1 1 1 0 0 1 0 0 1 1 0 1
2014   2 28  6 30  2 800248  -24.35555  -45.81799     5731  90.7  2  0  6 15 0 0 1 1 0 0 0 1 0 0 1 1 0 1
2014   2 28  6 30  3  37400  -21.03213  -46.99324     4202  76.6  2  0  6 15 0 0 1 1 1 0 0 1 0 0 1 0 0 1
2014   2 28  6 30  3 849622  -18.44606 -143.89128    17844  94.1  2  0  7 21 0 0 1 1 1 0 0 1 0 0 1 1 0 1
2014   2 28  6 30  4 343906   -6.00133  -74.84241     6303  97.2  2  0  6 15 0 0 1 1 1 0 0 1 0 0 1 1 0 0
2014   2 28  6 30  4 578695   -6.15914  -75.18738     9093 121.6  2  0  7 21 0 0 0 1 1 0 0 1 0 1 1 1 0 1
2014   2 28  6 30  4 769284   -6.08170  -75.11323     9461 107.8  2  0  6 15 0 0 0 1 1 0 0 1 0 0 1 1 0 1
2014   2 28  6 30  4 820952  -30.51449  -43.02808     5004  72.5  2  0  7 16 0 0 1 1 1 0 0 1 0 1 0 1 0 1
2014   2 28  6 30  4 831904  -30.71781  -42.39748     8464  86.5  2  0  5 10 0 0 1 1 1 0 0 1 0 0 1 0 0 0
2014   2 28  6 30  5  98610  -14.03295  -44.01382     3777  84.6  2  0  7 17 0 0 1 1 1 0 0 1 0 0 0 1 1 1
2014   2 28  6 30  5 303207  -22.22107  -46.26632     3976  94.8  2  0  7 21 0 0 1 1 1 0 0 1 0 1 1 1 0 0
2014   2 28  6 30  5 355371  -22.27569  -45.77571     3957 105.0  2  0  7 21 0 0 1 0 1 0 0 1 0 1 1 1 0 1
2014   2 28  6 30  5 404677  -22.17297  -46.28321     4342  90.6  2  0  7 17 0 0 1 1 1 0 0 1 0 1 1 1 0 0
2014   2 28  6 30  5 542370  -22.53630  -45.69659     4758 100.3  2  0  6 15 0 0 1 1 1 0 0 1 0 0 1 0 0 1
2014   2 28  6 30  5 917740   32.56088 -143.88824    16450   8.8  0  0  4  6 0 0 1 1 0 0 0 1 0 0 0 1 0 0
2014   2 28  6 30  7 471910  -23.72025  -46.53633     5914 131.4  2  0  6 15 0 0 1 1 1 0 0 1 0 0 1 0 0 1
2014   2 28  6 30  8 350296   -8.96929  -76.22327     6261   3.4  0  0  5  8 0 0 0 1 0 0 0 1 0 1 1 0 0 1
2014   2 28  6 30  8 490106   -8.99099  -76.21232     2669   5.1  0  0  6 13 0 0 1 1 1 0 0 1 0 0 1 1 0 0
2014   2 28  6 30  8 577959   -8.98312  -76.27220     3724   2.0  0  0  5  8 0 0 0 1 1 0 0 1 0 0 1 1 0 0
2014   2 28  6 30 11 225445  -20.87620  -47.21920     3075  36.8  0  0  6 15 0 0 1 1 1 0 0 1 0 0 1 0 0 1
2014   2 28  6 30 11 360173  -20.97947  -47.05225     2982  21.4  0  0  5 10 0 0 0 1 1 0 0 1 0 0 1 0 0 1
2014   2 28  6 30 11 370042  -20.93138  -47.08429     2657  19.7  0  0  6 15 0 0 1 1 1 0 0 1 0 0 1 0 0 1
2014   2 28  6 30 11 589728  -20.90860  -47.14275     3138   7.7  0  0  4  6 0 0 1 1 0 0 0 1 0 0 1 0 0 0
2014   2 28  6 30 12 281695   -4.32242  -71.17089     3262  29.1  0  0  6 15 0 0 1 1 1 0 0 1 0 0 1 1 0 0
2014   2 28  6 30 12 346797  -29.77638  -42.69128     4542   7.0  0  0  5 10 0 0 0 0 1 0 0 1 0 1 1 0 0 1
2014   2 28  6 30 12 562573   -9.59452  160.14645     5923   3.8  0  0  5 10 0 0 1 1 0 0 0 1 0 0 1 1 0 0
2014   2 28  6 30 13  55102  -20.98362  -46.96096     2788   8.2  0  0  5 10 0 0 1 1 1 0 0 0 0 0 1 0 0 1
2014   2 28  6 30 14 427865    5.86820  -85.71481     5623  55.6  1  0  7 20 0 0 1 1 0 0 0 1 0 1 1 1 0 1
2014   2 28  6 30 14 521863    5.28737  -84.93211     5777  29.2  0  0  7 21 0 0 1 0 1 0 0 1 0 1 1 0 1 1
2014   2 28  6 30 14 532230    2.96179   -0.95366    10043  23.8  0  0  7 16 0 0 1 0 1 0 0 1 0 1 1 1 0 1
2014   2 28  6 30 14 857538  -24.71761  -45.55672     3584  47.4  0  0  7 17 0 0 1 1 1 0 0 1 0 0 1 1 0 1
2014   2 28  6 30 15 158762  -24.51373  -45.62613     3717  49.2  0  0  7 16 0 0 1 1 1 0 0 1 0 0 1 1 0 1
2014   2 28  6 30 15 728728  -12.38093  -72.61873     5084  49.4  0  0  7 21 0 0 1 1 1 0 0 0 0 1 1 0 1 1
2014   2 28  6 30 15 765831  -11.98830  -72.96722     3405  37.8  0  0  7 19 0 0 1 0 1 0 0 1 0 1 1 1 0 1
2014   2 28  6 30 15 889910  -12.83161  -72.23339    10178  47.4  1  0  6 15 0 0 1 1 1 0 0 0 0 1 1 0 0 1
2014   2 28  6 30 15 927064  -12.02056  -73.34557     6273  48.5  1  0  5  9 0 0 0 1 0 0 0 1 0 1 1 1 0 0
2014   2 28  6 30 15 960155  -12.00314  -72.94696     3412  43.0  0  0  7 21 0 0 1 0 1 0 0 1 0 1 1 1 0 1
2014   2 28  6 30 16 586511    7.04935  -74.02652     5420  60.7  2  0  6 15 0 0 1 1 1 0 0 1 0 0 1 1 0 0
2014   2 28  6 30 16 619594  -11.98569  -72.94109     3546  45.0  0  0  7 20 0 0 1 0 1 0 0 1 0 1 1 1 0 1
2014   2 28  6 30 17 154580  -11.08629  -57.47052     3207  41.3  1  0  6 15 0 0 1 1 0 0 0 1 0 1 1 1 0 0
2014   2 28  6 30 18    896  -22.75560  -46.78207     2996  22.3  0  0  5 10 0 0 1 0 1 0 0 1 0 0 1 0 0 1
2014   2 28  6 30 18  75860  -22.81396  -46.83692     3915  67.5  2  0  6 15 0 0 1 1 1 0 0 1 0 0 1 0 0 1
2014   2 28  6 30 18  87019  -23.10372  -46.55536     3891  19.4  0  0  5 10 0 0 1 1 1 0 0 0 0 0 1 0 0 1
2014   2 28  6 30 18 234927  -21.05356  -46.99986     4198  63.4  2  0  6 13 0 0 1 1 1 0 0 1 0 0 1 0 0 1
2014   2 28  6 30 19 359070  -25.35965  -45.01805     3849  52.2  1  0  7 16 0 0 1 1 1 0 0 1 0 1 1 0 0 1
2014   2 28  6 30 20 383322    3.05940  -84.38049     6469  79.2  2  0  7 21 0 0 1 0 1 0 0 1 0 1 1 1 0 1
2014   2 28  6 30 20 868788  -21.01910  -46.46019     4476  83.3  2  0  6 15 0 0 1 1 1 0 0 1 0 0 1 0 0 1
2014   2 28  6 30 22 862948  -11.60127  -71.95469     8020  43.1  1  0  5 10 0 0 0 0 1 0 0 0 0 1 1 1 0 1
2014   2 28  6 30 23 863423  -22.04202  -45.91566     5757 153.6  2  0  7 20 0 0 1 1 1 0 0 1 0 0 1 1 0 1
2014   2 28  6 30 23 870633  -22.20565  -45.75672     4872 104.8  2  0  6 15 0 0 1 1 1 0 0 1 0 0 1 0 0 1
2014   2 28  6 30 23 904931  -22.20986  -45.75591     4895 105.6  2  0  6 15 0 0 1 1 1 0 0 1 0 0 1 0 0 1
2014   2 28  6 30 24 132342  -20.95293  -47.03159     2392  17.7  0  0  7 21 0 0 1 1 1 0 0 1 0 1 0 0 1 1
2014   2 28  6 30 24 195433  -20.94330  -47.03476     2427  18.6  0  0  7 20 0 0 1 1 0 0 0 1 0 1 1 1 0 1
2014   2 28  6 30 24 671171  -20.97149  -46.99192     2415   8.4  0  0  6 15 0 0 1 1 1 0 0 1 0 0 1 0 0 1
2014   2 28  6 30 24 821649  -20.96647  -46.99742     2798   9.3  0  0  5 10 0 0 1 1 1 0 0 0 0 0 1 0 0 1
2014   2 28  6 30 25 766829   -5.99640  155.72058     7205  24.8  0  0  5 10 0 0 1 1 0 0 0 1 0 0 1 1 0 0
2014   2 28  6 30 25 767243  -29.26216  -42.19112     3514  19.2  0  0  5 10 0 0 1 1 1 0 0 1 0 0 0 0 0 1
2014   2 28  6 30 25 778566  -29.27577  -42.12120     6860  23.5  0  0  5  7 0 0 1 1 1 0 0 1 0 0 0 0 0 1
2014   2 28  6 30 25 976143  -30.71680  -42.04485     3856  33.2  0  0  7 21 0 0 1 0 1 0 0 1 0 1 1 1 0 1
2014   2 28  6 30 25 983323  -30.75799  -41.99897     3223  22.7  0  0  6 15 0 0 1 1 1 0 0 1 0 0 1 0 0 1
2014   2 28  6 30 26 104093  -29.30295  -42.16434     3178  23.0  0  0  6 15 0 0 1 1 1 0 0 1 0 0 1 0 0 1
2014   2 28  6 30 26 297215  -22.77819  -45.88010     3119  14.3  0  0  5 10 0 0 1 1 1 0 0 1 0 0 1 0 0 0
2014   2 28  6 30 26 353072  -18.85815 -142.82849     7673  10.2  0  0  5 10 0 0 1 1 0 0 0 1 0 0 1 1 0 0
2014   2 28  6 30 26 360274  -22.89332  -45.86422     2927  16.0  0  0  5  9 0 0 1 1 1 0 0 1 0 0 0 0 0 1
2014   2 28  6 30 26 559393  -14.66781  160.92204     7469  22.7  0  0  6 15 0 0 1 1 0 0 0 1 0 1 1 1 0 0
2014   2 28  6 30 26 829575  -22.87934  -45.90386     2755  21.3  0  0  6 15 0 0 1 1 1 0 0 1 0 0 1 0 0 1
2014   2 28  6 30 27 152005    7.05269  -73.73969     3572  20.9  0  0  6 13 0 0 1 1 1 0 0 1 0 0 1 1 0 0
2014   2 28  6 30 27 532421  -20.65524  -47.26077     3151  35.4  0  0  6 13 0 0 1 1 1 0 0 0 0 1 1 1 0 0
2014   2 28  6 30 27 550025  -20.77841  -47.08947     2663  19.1  0  0  6 15 0 0 1 1 1 0 0 1 0 0 1 0 0 1
2014   2 28  6 30 28 236476   -5.97296  -74.19414    11303  42.0  1  0  6 15 0 0 0 1 1 0 0 1 0 1 1 0 0 1
2014   2 28  6 30 28 762639  -20.93601  -47.07975     3771  24.5  0  0  5  9 0 0 1 1 1 0 0 1 0 0 1 0 0 0
2014   2 28  6 30 28 772836  -20.96890  -47.02417     2856  27.0  0  0  6 15 0 0 1 1 1 0 0 1 0 0 1 0 0 1
2014   2 28  6 30 29 678140   22.00604  -91.55984     8049  45.3  0  0  7 20 0 0 1 0 1 0 0 1 0 1 1 1 0 1
2014   2 28  6 30 29 716222   22.16865  -92.50858    20545  52.1  1  0  6 15 0 0 0 1 1 0 0 1 0 0 1 1 0 1
2014   2 28  6 30 30 620447  -20.75457  -47.05043     3112  11.7  0  0  5  8 0 0 1 1 1 0 0 0 0 0 1 0 0 1
2014   2 28  6 30 31 177845  -13.89695  -43.14791     7419  34.1  1  0  5 10 0 0 0 0 1 0 0 1 0 0 1 1 0 1
2014   2 28  6 30 31 275734  -21.07149  -46.92352     3309  43.9  1  0  6 15 0 0 1 1 1 0 0 1 0 0 1 0 0 1
2014   2 28  6 30 31 359273  -24.66345  -44.95079     7537  89.0  2  0  6 13 0 0 1 1 1 0 0 1 0 0 1 0 0 1
2014   2 28  6 30 31 482341  -20.89608  -49.51242     3427  76.5  2  0  7 21 0 0 1 1 1 0 0 1 0 1 1 1 0 0
2014   2 28  6 30 31 509008  -20.84109  -49.53252     4087  84.5  2  0  7 16 0 0 1 1 1 0 0 1 0 0 1 1 0 1
2014   2 28  6 30 31 856833  -22.29167 -141.52032    18730  47.4  1  0  5 10 0 0 1 0 1 0 0 1 0 0 1 1 0 0
2014   2 28  6 30 31 885220  -22.31234 -142.81302    30506  52.2  2  0  5 10 0 0 0 0 1 0 0 1 0 0 1 1 0 1
2014   2 28  6 30 31 889750    5.67793  179.71393    13534  40.5  1  0  5 10 0 0 1 0 1 0 0 0 0 0 1 1 0 1
2014   2 28  6 30 31 970246  -22.36230 -140.45058    15480  72.6  2  0  7 21 0 0 1 1 1 0 0 0 0 1 1 1 0 1
2014   2 28  6 30 32  67042  -22.38636 -141.08725    15106  77.2  2  0  7 21 0 0 1 1 1 0 0 1 0 1 0 1 0 1
2014   2 28  6 30 32 177471  -22.43617 -139.95642    16612  39.7  1  0  5 10 0 0 1 0 1 0 0 0 0 0 1 1 0 1
2014   2 28  6 30 32 221924  -22.36183 -141.75920    13259  64.0  1  0  7 21 0 0 1 1 1 0 0 1 0 0 1 1 0 1
2014   2 28  6 30 32 556672  -23.56059  -46.65867     5259  84.6  2  0  6 14 0 0 1 1 1 0 0 1 0 0 1 0 0 1
2014   2 28  6 30 32 995431    0.75554  -65.13225     6194  75.2  2  0  6 14 0 0 1 1 1 0 0 0 0 0 1 1 0 1
2014   2 28  6 30 33  47676    0.64757  -65.39166     6098  81.1  2  0  7 18 0 0 1 1 1 0 0 1 0 1 0 1 0 1
2014   2 28  6 30 33 249897    0.71827  -65.28841     4370  84.1  2  0  7 20 0 0 1 1 0 0 0 1 0 1 1 1 0 1
2014   2 28  6 30 34 250209  -18.17263 -144.85588    12200  16.5  0  0  4  6 0 0 1 1 0 0 0 1 0 0 0 1 0 0
2014   2 28  6 30 35 165675  -16.02551  -51.44473     3861  87.5  2  0  7 21 0 0 1 1 1 0 0 1 0 1 1 0 0 1
2014   2 28  6 30 35 174491  -15.91247  -51.47922     4329  99.1  2  0  7 19 0 0 1 1 1 0 0 1 0 0 1 1 0 1
2014   2 28  6 30 35 491480  -15.96581  -51.44694     4167  97.1  2  0  7 19 0 0 1 1 1 0 0 1 0 0 1 1 0 1
2014   2 28  6 30 35 667264  -15.89660  -51.61073     4103 100.1  2  0  7 20 0 0 1 1 0 0 0 1 0 1 1 1 0 1
2014   2 28  6 30 36 491769  -22.39452  -45.89979     4957 115.6  2  0  6 15 0 0 1 1 0 0 0 1 0 1 1 0 0 1
2014   2 28  6 30 36 517201  -22.50656  -45.74643     4349  85.0  2  0  6 15 0 0 1 1 1 0 0 1 0 0 1 0 0 1
2014   2 28  6 30 36 901016  -22.39353  -45.91477     4195 111.1  2  0  7 21 0 0 1 1 1 0 0 1 0 1 1 0 0 1
2014   2 28  6 30 38 183774  -19.76382 -139.34085    13792  20.6  1  0  4  6 0 0 1 0 1 0 0 0 0 1 0 1 0 0
2014   2 28  6 30 38 746540   -9.50878  -75.70496     9494 129.0  2  0  7 21 0 0 1 1 1 0 0 1 0 1 1 0 0 1
2014   2 28  6 30 38 779084  -25.30011 -135.89142    23527 101.9  2  0  6 15 0 0 1 1 1 0 0 1 0 0 1 1 0 0
2014   2 28  6 30 39  11835  -20.97428  -47.11142     4783  97.1  2  0  6 15 0 0 1 1 1 0 0 1 0 0 1 0 0 1
2014   2 28  6 30 39 285346   12.96417  -90.87576    55750  21.7  1  0  4  6 0 0 0 1 1 0 0 1 0 1 0 0 0 0
2014   2 28  6 30 40 160981    4.07201  -83.13577     5082  19.5  0  0  5  8 0 0 1 1 0 0 0 1 0 0 1 1 0 0
2014   2 28  6 30 40 435941    6.77365  -73.53113     4556   8.2  0  0  6 15 0 0 1 1 1 0 0 1 0 0 1 0 0 1
2014   2 28  6 30 41 385825  -20.99983  -46.94730     2551   3.6  0  0  5  9 0 0 1 1 0 0 0 1 0 0 1 0 0 1
2014   2 28  6 30 42 290735  -33.85769 -129.68959    84764  17.2  0  0  5 10 0 0 1 1 1 0 0 0 0 0 1 0 0 1
2014   2 28  6 30 42 338145  -32.06358 -134.61681    12567  18.8  0  0  5  9 0 0 1 1 1 0 0 0 0 0 1 1 0 0
2014   2 28  6 30 42 439163  -33.13270   18.83614    15240  18.6  0  0  5 10 0 0 1 1 1 0 0 0 0 0 1 0 0 1
2014   2 28  6 30 42 447279  -32.09015 -136.30893    10665  17.2  0  0  6 15 0 0 0 1 1 0 0 1 0 0 1 1 0 1
2014   2 28  6 30 43 233767  -18.86752 -142.68692    13695  30.9  1  0  5 10 0 0 1 0 1 0 0 1 0 0 1 1 0 0
2014   2 28  6 30 43 636970   -6.23582  -74.70718     3978  27.8  0  0  6 15 0 0 0 1 1 0 0 1 0 1 1 1 0 0
2014   2 28  6 30 44 280021  -13.18172  -71.30517     3498  21.5  0  0  6 15 0 0 1 0 1 0 0 1 0 1 1 0 0 1
2014   2 28  6 30 44 357474  -12.97033  -71.68740     3705  15.8  0  0  4  6 0 0 1 1 0 0 0 0 0 0 1 1 0 0
2014   2 28  6 30 44 386486  -13.00539  -71.62742     4569  48.2  1  0  5 10 0 0 1 1 1 0 0 1 0 0 0 1 0 0
2014   2 28  6 30 44 538499  -13.18750  -71.31617     3554  23.0  0  0  6 15 0 0 1 0 1 0 0 1 0 1 1 0 0 1
2014   2 28  6 30 44 827538    3.93986  -71.65916    13653  29.8  0  0  5 10 0 0 1 1 1 0 0 0 0 0 1 0 0 1
2014   2 28  6 30 45 730652   -4.40293  -71.50016     3566  47.3  0  0  7 21 0 0 1 1 1 0 0 1 0 1 1 1 0 0
2014   2 28  6 30 45 798161   -4.38611  -71.51649     3370  40.5  0  0  7 21 0 0 1 1 0 0 0 1 0 1 1 1 0 1
2014   2 28  6 30 46  50524  -22.62336  -47.35006     3409  50.9  1  0  6 13 0 0 1 1 1 0 0 0 0 1 0 1 0 1
2014   2 28  6 30 46  60533  -22.78246  -47.10975     2955  31.3  0  0  6 14 0 0 1 1 1 0 0 1 0 0 1 0 0 1
2014   2 28  6 30 46  92785  -22.62581  -47.27524     3700  63.2  2  0  6 14 0 0 1 1 0 0 0 0 0 1 1 1 0 1
2014   2 28  6 30 46 128476  -22.76283  -47.18358     2767  41.8  0  0  7 21 0 0 1 1 1 0 0 1 0 1 1 0 0 1
2014   2 28  6 30 46 516764  -22.88416  -47.14293     3079  39.2  0  0  6 15 0 0 1 1 1 0 0 1 0 0 1 0 0 1
2014   2 28  6 30 46 975617   34.70377 -167.85173    47774  70.6  2  0  6 15 0 0 0 1 1 0 0 1 0 1 1 1 0 0
2014   2 28  6 30 47  37924  -12.09658  -72.99783     7376  44.6  1  0  5  9 0 0 1 1 0 0 0 1 0 1 1 0 0 0
2014   2 28  6 30 47 174240  -20.98323  -46.96400     3239  43.0  1  0  6 15 0 0 1 1 1 0 0 1 0 0 1 0 0 1
2014   2 28  6 30 49 146331    6.51175  -77.90186     5941  55.8  1  0  7 17 0 0 1 0 1 0 0 1 0 1 1 1 0 1
2014   2 28  6 30 49 575547  -15.98991  -51.25506     4324  54.0  2  0  5 10 0 0 0 0 1 0 0 1 0 1 1 0 0 1
2014   2 28  6 30 49 689024  -29.08002  -42.49000     4507  60.6  1  0  7 16 0 0 1 1 1 0 0 0 0 1 1 1 0 1
2014   2 28  6 30 50 530820  -10.90541  -57.72019     4551  88.1  2  0  6 15 0 0 1 1 1 0 0 1 0 0 1 1 0 0
2014   2 28  6 30 50 887719   -6.13111  -74.54090     4776  73.8  2  0  7 21 0 0 1 0 1 0 0 1 0 1 1 1 0 1
2014   2 28  6 30 51  24087  -22.35448  -45.81561     4162 115.5  2  0  7 21 0 0 1 1 0 0 0 1 0 1 1 1 0 1
2014   2 28  6 30 51 296147  -20.93854  -47.14104     4042  71.9  2  0  6 15 0 0 1 1 1 0 0 1 0 0 1 0 0 1
2014   2 28  6 30 51 599131  -20.76595  -47.36502     5352 117.8  2  0  6 15 0 0 1 1 1 0 0 1 0 0 0 1 0 1
2014   2 28  6 30 51 668032  -20.63319  -47.19817     4609  98.7  2  0  6 15 0 0 1 0 0 0 0 1 0 1 1 1 0 1
2014   2 28  6 30 52  44707   32.74335 -141.97966    23456   1.0  0  0  4  6 0 0 0 1 0 0 0 1 0 0 1 1 0 0
2014   2 28  6 30 52 209974    1.52220  -12.37416    14747  72.7  2  0  6 14 0 0 1 1 0 0 0 1 0 0 1 1 0 1
2014   2 28  6 30 53 145881  -14.28900  -43.80632     3358  69.9  1  0  7 19 0 0 1 1 1 0 0 1 0 1 1 0 0 1
2014   2 28  6 30 53 246285  -16.40341  -51.72395     4074  96.7  2  0  7 21 0 0 1 1 1 0 0 1 0 1 1 0 0 1
2014   2 28  6 30 53 259552  -20.57434  -49.61538     3911  73.4  2  0  7 16 0 0 1 1 0 0 0 1 0 1 1 1 0 1
2014   2 28  6 30 53 313785  -16.12753  -52.18184     5594  54.2  2  0  5  7 0 0 0 1 0 0 0 1 0 1 1 1 0 0
2014   2 28  6 30 53 363507  -16.23360  -51.96704     4526 120.2  2  0  7 21 0 0 1 1 1 0 0 1 0 0 1 1 1 0
2014   2 28  6 30 53 509655  -12.40633  156.70908    10329  36.4  1  0  5 10 0 0 1 1 0 0 0 1 0 0 1 1 0 0
2014   2 28  6 30 54 195338  -14.01968  -42.77153     6465  14.4  0  0  4  6 0 0 1 0 0 0 0 1 0 0 1 0 0 1
2014   2 28  6 30 55 210236  -18.37032 -174.19394    25910  55.2  2  0  5  8 0 0 1 1 0 0 0 1 0 0 1 1 0 0
2014   2 28  6 30 55 293333    3.74172  -85.26690     9812 103.7  2  0  6 15 0 0 1 1 0 0 0 1 0 0 1 1 0 1
2014   2 28  6 30 56 126262   -9.78691  160.21365     6608  22.0  0  0  6 15 0 0 1 1 1 0 0 1 0 0 1 1 0 0
2014   2 28  6 30 56 952433    7.38911  -73.89166     4212  11.0  0  0  5  9 0 0 0 1 1 0 0 1 0 0 1 1 0 0
2014   2 28  6 30 56 974513    4.95779  153.46941     8056  28.7  0  0  6 15 0 0 1 1 1 0 0 0 0 1 0 1 0 1
2014   2 28  6 30 57 363877  -20.80059  -47.15619     2856   1.4  0  0  5  7 0 0 1 1 1 0 0 1 0 0 0 0 0 1
2014   2 28  6 30 58  53955  -18.99944 -142.29727     6135  19.4  0  0  7 21 0 0 1 1 0 0 0 1 0 1 1 1 0 1
2014   2 28  6 30 58  68995  -18.94042 -142.56647    13178  16.6  0  0  4  6 0 0 1 0 0 0 0 1 0 0 1 1 0 0
2014   2 28  6 30 58 154640  -19.01831 -142.26068     6836  22.3  0  0  7 21 0 0 1 1 1 0 0 1 0 0 1 1 0 1
2014   2 28  6 30 59 734528  -20.99853  -46.88586     2486  22.9  0  0  7 21 0 0 1 1 1 0 0 1 0 1 1 0 0 1
2014   2 28  6 30 59 764556  -21.01152  -46.84615     2618  17.4  0  0  6 15 0 0 1 1 1 0 0 1 0 0 1 0 0 1
2014   2 28  6 31  0 167407  -24.95251  -44.82775     3064  30.4  0  0  6 15 0 0 1 1 1 0 0 1 0 0 1 0 0 1
2014   2 28  6 31  0 715580  -14.06417  172.66939    21207  33.9  0  0  7 21 0 0 1 1 1 0 0 1 0 1 1 0 0 1
2014   2 28  6 31  0 975678  -24.67778  -45.40879     3973  82.6  2  0  7 21 0 0 1 1 1 0 0 1 0 1 1 0 0 1
2014   2 28  6 31  1  23612  -20.60057  -47.23226     3025   2.7  0  0  4  6 0 0 1 1 0 0 0 1 0 0 1 0 0 0
2014   2 28  6 31  1  51311  -24.64668  -45.15014     5060  74.4  2  0  6 15 0 0 1 0 1 0 0 1 0 1 1 0 0 1
2014   2 28  6 31  1  92411  -24.64217  -45.51449     4095  45.8  1  0  5 10 0 0 1 1 1 0 0 1 0 0 0 0 0 1
2014   2 28  6 31  1 177471  -24.62137  -45.56631     4073  48.5  1  0  6 15 0 0 1 1 0 0 0 1 0 0 1 1 0 1
2014   2 28  6 31  1 209006  -22.43101 -142.45386    13044  35.3  0  0  7 21 0 0 0 1 1 0 0 1 0 1 1 1 0 1
2014   2 28  6 31  1 253345  -24.10686  -45.63686     3155  48.2  0  0  7 20 0 0 1 1 1 0 0 1 0 1 0 1 0 1
2014   2 28  6 31  1 306589  -24.14698  -45.58757     3449  43.2  1  0  6 15 0 0 1 1 0 0 0 1 0 1 1 0 0 1
2014   2 28  6 31  1 355522  -24.64910  -45.49045     3240  36.9  0  0  6 15 0 0 1 1 1 0 0 0 0 1 1 0 0 1
2014   2 28  6 31  1 560391  -22.43933 -141.11295    10613  46.1  0  0  7 21 0 0 1 1 1 0 0 1 0 0 1 1 0 1
2014   2 28  6 31  1 562171   -6.40425  156.32417    20614  34.0  0  0  6 15 0 0 1 1 1 0 0 1 0 1 1 0 0 0
2014   2 28  6 31  1 700664   -5.60997  155.27097     9459  41.7  1  0  5 10 0 0 1 1 1 0 0 1 0 0 0 1 0 0
2014   2 28  6 31  1 776797   -5.58858  155.34944     5470   8.6  0  0  5 10 0 0 1 1 0 0 0 1 0 0 1 1 0 0
2014   2 28  6 31  2 160323  -12.65754  -72.36592    10334  36.5  1  0  5 10 0 0 1 1 0 0 0 0 0 1 1 0 0 1
2014   2 28  6 31  2 221970    7.16238  -74.37584     5177  47.1  1  0  6 13 0 0 1 1 0 0 0 1 0 0 1 1 0 1
2014   2 28  6 31  2 819880    5.19592  148.12341     7573  16.1  0  0  4  6 0 0 1 1 0 0 0 1 0 0 0 1 0 0
2014   2 28  6 31  3 882397  -29.89477  -42.09412     3549  43.1  0  0  7 21 0 0 1 1 1 0 0 1 0 1 1 0 0 1
2014   2 28  6 31  3 950281  -29.87036  -42.09808     5582  50.5  2  0  5 10 0 0 1 1 1 0 0 0 0 0 1 0 0 1
2014   2 28  6 31  4 782348  -13.09402  -42.62667     6117  36.3  0  0  6 15 0 0 1 0 1 0 0 1 0 0 1 1 0 1
2014   2 28  6 31  4 929518  -22.23373  -45.93115     4158  56.8  2  0  5 10 0 0 1 1 1 0 0 1 0 0 0 0 0 1
2014   2 28  6 31  5  56886  -22.38910  -45.78844     3541  35.5  1  0  5 10 0 0 1 1 1 0 0 0 0 0 1 0 0 1
2014   2 28  6 31  5 237791   -6.00369  -74.88850     3851  15.6  0  0  4  6 0 0 1 1 0 0 0 1 0 0 0 1 0 0
2014   2 28  6 31  5 311887  -12.12677  -73.51320     6920  72.9  2  0  6 15 0 0 0 1 0 0 0 1 0 1 1 1 0 1
2014   2 28  6 31  5 591129  -15.94933  -51.32193     3787  72.6  2  0  7 18 0 0 1 1 1 0 0 0 0 1 1 1 0 1
2014   2 28  6 31  5 720399  -18.25605 -144.53816    12214  16.6  0  0  4  6 0 0 1 1 0 0 0 1 0 0 0 1 0 0
2014   2 28  6 31  6 427006  -21.03984  -47.10924     3519  69.6  1  0  7 18 0 0 1 1 1 0 0 1 0 1 1 0 0 1
2014   2 28  6 31  6 968277   -8.95323  -76.99113     7686  87.3  2  0  7 21 0 0 0 1 1 0 0 1 0 1 1 1 0 1
2014   2 28  6 31  7  17762   -8.84277  -76.23102     4703  71.2  2  0  7 21 0 0 1 0 1 0 0 1 0 1 1 1 0 1
2014   2 28  6 31  7 183920  -22.38040  -45.62414     4006  45.5  1  0  5  9 0 0 1 1 1 0 0 0 0 0 1 0 0 1
2014   2 28  6 31  7 553683  -29.11720  -42.51508     7282  68.0  2  0  5 10 0 0 1 1 0 0 0 1 0 0 1 0 0 1
2014   2 28  6 31  7 685974  -21.12799  -46.92453     4032  70.3  2  0  6 15 0 0 1 1 1 0 0 1 0 0 1 0 0 1
2014   2 28  6 31  7 853558  -10.92638  -57.55428     4025  70.0  2  0  6 14 0 0 1 1 0 0 0 1 0 1 1 1 0 0
2014   2 28  6 31  7 873817  -11.00764  -57.42133     4621 100.5  2  0  7 19 0 0 1 1 1 0 0 1 0 1 0 1 0 1
2014   2 28  6 31  7 959966  -28.84755  -42.92214    18314  31.8  1  0  5 10 0 0 0 1 1 0 0 1 0 0 0 1 0 1
2014   2 28  6 31  8 394591    4.52563  153.94348    17696  60.0  2  0  5  9 0 0 1 0 1 0 0 1 0 0 0 1 0 1
2014   2 28  6 31  8 583245   -2.32641  150.25981     7938  76.0  2  0  7 21 0 0 1 0 1 0 0 1 0 1 1 1 0 1
2014   2 28  6 31  9  79459  -24.15909  -45.85177     6344 107.0  2  0  6 15 0 0 1 1 0 0 0 1 0 0 1 1 0 1
2014   2 28  6 31  9 218414  -12.31176  -73.10683     4755  79.5  2  0  7 20 0 0 1 0 1 0 0 1 0 1 1 1 0 1
2014   2 28  6 31  9 486209  -12.88000  -74.86175    10105  70.0  2  0  6 15 0 0 0 1 1 0 0 1 0 1 0 1 0 1
2014   2 28  6 31  9 845156    6.63365  -76.18906     7862  47.4  1  0  5  8 0 0 1 0 1 0 0 0 0 1 1 1 0 0
2014   2 28  6 31 10 545282    5.81459  -84.89111     9432  55.4  2  0  5  8 0 0 1 0 1 0 0 0 0 1 1 1 0 0
2014   2 28  6 31 10 677560    6.16146  -86.02814     9542 121.0  2  0  7 21 0 0 1 1 1 0 0 1 0 0 1 1 0 1
2014   2 28  6 31 11  85886   -4.60345  -72.29410     6126 126.4  2  0  7 21 0 0 1 1 1 0 0 1 0 1 1 1 0 0
2014   2 28  6 31 11 130979  -21.84837 -142.03891    30356 110.1  2  0  6 14 0 0 1 1 1 0 0 1 0 0 1 1 0 0
2014   2 28  6 31 11 141618  -21.87143 -140.86150    18450  90.7  2  0  7 21 0 0 1 0 1 0 0 1 0 1 1 1 0 1
2014   2 28  6 31 11 213911   -4.55372  -72.48957     5222 108.0  2  0  7 21 0 0 1 1 0 0 0 1 0 1 1 1 1 0
2014   2 28  6 31 11 362302   -4.45502  -70.99695     7942  36.2  1  0  5 10 0 0 0 0 1 0 0 0 0 1 1 1 0 1
2014   2 28  6 31 11 601199  -21.05333  -46.74867     4046 108.9  2  0  7 21 0 0 1 1 1 0 0 1 0 1 1 0 0 1
2014   2 28  6 31 11 681612  -20.49946  -47.54859     3494  18.0  0  0  4  6 0 0 1 1 0 0 0 1 0 0 1 0 0 0
2014   2 28  6 31 11 725288  -22.96382  -45.98733     5367 125.6  2  0  7 16 0 0 1 1 1 0 0 1 0 1 1 0 0 1
2014   2 28  6 31 12 399043    6.80888  -73.84634     4538  13.4  0  0  5  8 0 0 0 1 1 0 0 1 0 0 1 1 0 0
2014   2 28  6 31 12 485112  -30.09432  -42.71189     4937  55.7  1  0  6 13 0 0 1 1 1 0 0 1 0 0 1 0 0 1
2014   2 28  6 31 12 501000  -30.34931  -42.11540     3211  12.0  0  0  5 10 0 0 1 1 0 0 0 1 0 0 1 0 0 1
2014   2 28  6 31 13 742031   -7.68680    7.04782     7897  11.7  0  0  6 14 0 0 1 1 1 0 0 1 0 0 1 0 0 1
2014   2 28  6 31 13 833888    1.50986  -83.82312     6807  17.0  0  0  5 10 0 0 1 1 0 0 0 1 0 1 1 0 0 0
2014   2 28  6 31 14 479089  -20.86202  -47.01426     2447   9.8  0  0  6 15 0 0 1 1 1 0 0 1 0 0 1 0 0 1
2014   2 28  6 31 14 907912  -16.31204  -51.60481     2994  11.9  0  0  5  8 0 0 0 1 1 0 0 1 0 0 1 0 0 1
2014   2 28  6 31 15 377513  -12.05760  -72.95892     3236  38.0  0  0  7 21 0 0 1 1 1 0 0 1 0 1 1 1 0 0
2014   2 28  6 31 15 388941  -12.04733  -73.02067     3693  39.7  0  0  6 15 0 0 1 1 0 0 0 1 0 1 1 1 0 0
2014   2 28  6 31 15 408220  -12.04171  -73.03010     3295  29.4  0  0  6 15 0 0 1 1 1 0 0 1 0 0 1 1 0 0
2014   2 28  6 31 15 451998  -12.00901  -72.95486     3591  35.9  0  0  6 15 0 0 1 1 1 0 0 0 0 1 1 1 0 0
2014   2 28  6 31 15 474193  -12.05731  -72.96231     3250  37.3  0  0  7 20 0 0 1 1 1 0 0 1 0 1 0 1 0 1
2014   2 28  6 31 15 595032  -20.90152  -46.41352     2743  10.5  0  0  5 10 0 0 1 0 1 0 0 1 0 0 1 0 0 1
2014   2 28  6 31 15 963009  -20.77855  -46.63220     4710  31.9  1  0  5  7 0 0 1 1 0 0 0 1 0 0 1 0 0 1
2014   2 28  6 31 16 264612  -12.04914  -72.91406     3382  41.7  0  0  7 21 0 0 1 0 1 0 0 1 0 1 1 1 0 1
2014   2 28  6 31 16 272750  -12.11055  -72.70577     3812  35.1  0  0  7 21 0 0 1 1 1 0 0 1 0 1 1 0 0 1
2014   2 28  6 31 16 778090  -20.34216  -49.13188     3711  25.8  0  0  5  7 0 0 1 1 1 0 0 1 0 0 1 0 0 0
2014   2 28  6 31 17 804180   -3.06436   -4.76104    51183  30.9  1  0  5 10 0 0 1 1 1 0 0 0 0 0 1 0 0 1
2014   2 28  6 31 17 888590   -1.06792   -1.89026    19759  33.7  1  0  5 10 0 0 1 1 1 0 0 1 0 0 1 0 0 0
2014   2 28  6 31 18 969464  -23.81224  -45.62186     3756  51.3  1  0  6 15 0 0 1 1 1 0 0 1 0 0 1 0 0 1
2014   2 28  6 31 19 411696  -18.69581 -142.94995    18440  46.5  1  0  5 10 0 0 1 0 1 0 0 1 0 0 1 1 0 0
2014   2 28  6 31 19 657625  -15.90031  -51.47484     2473   6.1  0  0  6 15 0 0 1 0 1 0 0 1 0 0 1 1 0 1
2014   2 28  6 31 19 704635  -15.99324  -51.40489     3284  59.8  1  0  7 21 0 0 1 1 1 0 0 1 0 1 1 0 0 1
2014   2 28  6 31 19 784270  -22.39777  -45.90361     3768  70.7  2  0  6 15 0 0 0 1 1 0 0 1 0 1 1 0 0 1
2014   2 28  6 31 19 795513  -22.44208  -45.79572     3944  53.0  2  0  5 10 0 0 0 1 1 0 0 1 0 0 1 0 0 1
2014   2 28  6 31 20 246800  -22.42225  -45.87461     4092  57.0  2  0  5 10 0 0 0 1 1 0 0 1 0 0 1 0 0 1
2014   2 28  6 31 20 532774  -22.37389  -45.81922     3515  34.1  1  0  5 10 0 0 1 1 1 0 0 0 0 0 1 0 0 1
2014   2 28  6 31 20 839702   -6.13500  -74.69888     8031  70.9  2  0  6 15 0 0 0 0 1 0 0 1 0 1 1 1 0 1
2014   2 28  6 31 20 862955   -7.26395  -73.55244    17471  57.4  2  0  5 10 0 0 1 1 1 0 0 0 0 0 1 0 0 1
2014   2 28  6 31 20 900668   -6.10336  -74.93809     6778  68.8  2  0  6 15 0 0 0 1 1 0 0 1 0 0 1 1 0 1
2014   2 28  6 31 21 440343    4.48876  -73.24881     8740  56.6  2  0  5 10 0 0 0 0 1 0 0 1 0 0 1 1 0 1
2014   2 28  6 31 21 486372  -22.80278  -47.09667     4267  57.3  1  0  6 11 0 0 1 1 1 0 0 1 0 0 1 0 0 1
2014   2 28  6 31 21 799651  -22.16974  -45.72721     3670  61.1  2  0  6 15 0 0 1 1 1 0 0 1 0 0 1 0 0 1
2014   2 28  6 31 21 806089  -16.13168  -51.18923     5888  78.0  2  0  6 15 0 0 1 1 1 0 0 0 0 1 1 0 0 1
2014   2 28  6 31 21 903585    6.34125  -83.43205    10568  34.5  1  0  5  7 0 0 1 1 0 0 0 1 0 0 1 1 0 0
2014   2 28  6 31 21 960725    6.00762  -82.68803     8378  81.2  2  0  6 15 0 0 1 0 0 0 0 1 0 1 1 1 0 1
2014   2 28  6 31 22 163966  -13.95667  -43.93224     3795  56.0  1  0  6 13 0 0 1 1 1 0 0 1 0 0 0 1 0 1
2014   2 28  6 31 23 434359  -20.98084  -47.01189     4039  70.7  2  0  6 15 0 0 1 1 1 0 0 1 0 0 1 0 0 1
2014   2 28  6 31 24 241305  -20.92871  -47.06085     4109  95.1  2  0  7 19 0 0 1 1 1 0 0 1 0 0 1 1 0 1
2014   2 28  6 31 24 373293  -21.07543  -46.90987     6456  69.0  2  0  6 11 0 0 1 1 1 0 0 0 0 0 1 1 0 1
2014   2 28  6 31 24 605928  -14.02083  -42.75513     8171  34.5  1  0  5 10 0 0 1 0 1 0 0 0 0 0 1 1 0 1
2014   2 28  6 31 24 896838  -15.20455  -43.23866     9255  34.1  1  0  5  7 0 0 1 1 1 0 0 0 0 0 1 0 0 1
2014   2 28  6 31 25 215225  -22.30366 -140.30945    18739  92.3  2  0  7 21 0 0 1 0 1 0 0 1 0 1 1 1 0 1
2014   2 28  6 31 25 328831  -22.14055 -139.91986    28803 122.5  2  0  6 14 0 0 1 1 1 0 0 0 0 1 1 1 0 0
2014   2 28  6 31 25 798929  -20.78843  -46.97662     4233  79.3  2  0  6 15 0 0 1 0 1 0 0 0 0 1 1 1 0 1
2014   2 28  6 31 25 976756   -2.38460  -72.90538     9200  78.1  2  0  6 15 0 0 0 1 1 0 0 1 0 1 0 1 0 1
2014   2 28  6 31 26  67420  -21.11308  -46.96939     4528  88.5  2  0  6 15 0 0 1 1 1 0 0 1 0 0 1 0 0 1
2014   2 28  6 31 26 193151  -21.02144  -47.29417     4734 130.4  2  0  7 18 0 0 1 1 1 0 0 1 0 1 0 1 0 1
2014   2 28  6 31 27 108286   -6.03842  -73.89970    10344  64.6  2  0  5  9 0 0 1 0 1 0 0 1 0 0 1 0 0 1
2014   2 28  6 31 27 142872  -22.74421  -45.58101     2992  11.2  0  0  4  6 0 0 1 0 0 0 0 1 0 0 1 0 0 1
2014   2 28  6 31 27 173048  -22.78243  -45.80779     4298 107.3  2  0  7 19 0 0 1 1 1 0 0 1 0 0 1 1 0 1
2014   2 28  6 31 27 275405  -23.94907  -45.91902     5653 107.1  2  0  6 12 0 0 1 1 1 0 0 0 0 1 0 1 0 1
2014   2 28  6 31 27 432150  -21.90255  -46.16097     3044  13.5  0  0  4  6 0 0 1 0 0 0 0 1 0 0 1 0 0 1
2014   2 28  6 31 27 507329  -22.04693  -46.30133     4700  97.5  2  0  6 15 0 0 1 1 1 0 0 1 0 0 1 0 0 1
2014   2 28  6 31 27 725250  -22.03223  -46.31705     4777 100.2  2  0  6 15 0 0 1 1 1 0 0 1 0 0 1 0 0 1
2014   2 28  6 31 28 142770   -2.58959   14.73377    56902  71.9  2  0  6 11 0 0 0 1 1 0 0 1 0 0 1 1 0 1
2014   2 28  6 31 28 213830   -4.34027    8.71409    13830  19.8  0  0  5 10 0 0 1 1 1 0 0 1 0 0 1 0 0 0
2014   2 28  6 31 28 557121  -24.98488  -44.72076     2857  21.3  0  0  6 15 0 0 1 1 1 0 0 1 0 0 1 0 0 1
2014   2 28  6 31 30 382599  -21.00080  -46.82365     2571  16.3  0  0  6 15 0 0 1 1 1 0 0 1 0 0 1 0 0 1
2014   2 28  6 31 30 529562    6.41120  -77.78256    17225  10.7  0  0  5 10 0 0 1 0 1 0 0 0 0 1 1 0 0 1
2014   2 28  6 31 30 546829    6.12989  -77.70107     6654  14.4  0  0  5 10 0 0 1 1 0 0 0 1 0 0 1 0 0 1
2014   2 28  6 31 30 567349    6.57901  -78.09696     3661  29.2  0  0  7 21 0 0 1 1 1 0 0 1 0 0 1 1 0 1
2014   2 28  6 31 30 582681    6.59568  -78.38768     5058  22.7  0  0  6 14 0 0 0 1 1 0 0 1 0 0 1 1 0 1
2014   2 28  6 31 30 650266  -12.97704  -71.81868     4362  26.8  0  0  5 10 0 0 0 1 1 0 0 1 0 0 1 1 0 0
2014   2 28  6 31 30 736588  -21.98313 -140.48160     7007  23.8  0  0  7 21 0 0 1 1 1 0 0 0 0 1 1 1 0 1
2014   2 28  6 31 30 763577  -22.64986 -139.18755    20005  23.5  0  0  5 10 0 0 1 1 1 0 0 1 0 0 0 0 0 1
2014   2 28  6 31 30 793792  -21.96208 -140.86656    14805  34.8  1  0  5 10 0 0 1 0 1 0 0 1 0 0 0 1 0 1
2014   2 28  6 31 30 926116  -21.87878 -141.90469    18392  30.1  1  0  5 10 0 0 0 1 0 0 0 1 0 1 1 1 0 0
2014   2 28  6 31 31  11986    5.17969  -77.09715     7023   2.6  0  0  5 10 0 0 1 1 1 0 0 0 0 1 0 0 0 1
2014   2 28  6 31 31  55768  -20.80152  -47.08758     3226  20.2  0  0  5  9 0 0 1 1 1 0 0 1 0 0 0 0 0 1
2014   2 28  6 31 31 169475  -22.68900 -139.02502    12366  27.0  0  0  7 21 0 0 1 1 1 0 0 1 0 1 1 0 0 1
2014   2 28  6 31 31 563550   13.66712  -82.14644     7469   7.8  0  0  5 10 0 0 0 1 1 0 0 1 0 0 0 1 0 1
2014   2 28  6 31 31 763566  -22.17441  -45.90141     2755  26.8  0  0  6 15 0 0 1 1 1 0 0 1 0 0 1 0 0 1
2014   2 28  6 31 32 454284  -14.12260  160.30658     8500  40.6  0  0  7 21 0 0 1 1 0 0 0 1 0 1 1 1 0 1
2014   2 28  6 31 32 612844  -11.99000  -73.16409     3236   7.3  0  0  4  6 0 0 1 1 0 0 0 1 0 0 0 1 0 0
2014   2 28  6 31 32 940658  -22.28776  -45.98743     3202  36.9  0  0  6 14 0 0 1 1 0 0 0 1 0 1 1 1 0 0
2014   2 28  6 31 32 953121  -22.49448  -45.71136     3342  36.4  1  0  5 10 0 0 0 1 1 0 0 1 0 0 1 0 0 1
2014   2 28  6 31 33 158070  -30.77159  -42.10152     4515  47.6  0  0  7 20 0 0 1 0 1 0 0 1 0 1 1 1 0 1
2014   2 28  6 31 33 210477  -30.75481  -42.37211     6361  25.2  1  0  4  6 0 0 1 1 0 0 0 1 0 0 0 0 0 1
2014   2 28  6 31 33 865889  -22.13989  -45.72409     3465  36.5  1  0  5  9 0 0 0 1 1 0 0 1 0 0 1 0 0 1
2014   2 28  6 31 35  23629  -31.47519 -136.81444    42660  26.5  1  0  4  6 0 0 1 1 0 0 0 1 0 0 1 0 0 0
2014   2 28  6 31 35  47638  -31.53170 -136.15675    20989  67.1  2  0  6 14 0 0 1 1 1 0 0 1 0 0 0 1 0 1
2014   2 28  6 31 37 187157  -11.96006  -73.18507     4645  84.0  2  0  7 21 0 0 1 1 1 0 0 1 0 0 1 1 0 1
2014   2 28  6 31 37 233210  -11.94976  -72.88461     4241  59.8  1  0  7 18 0 0 1 0 1 0 0 1 0 1 1 1 0 1
2014   2 28  6 31 37 416809  -24.54235  -45.68797     3429  61.5  1  0  7 21 0 0 1 1 1 0 0 1 0 1 1 0 0 1
2014   2 28  6 31 37 477486  -20.81088  -49.13536     3856  93.1  2  0  7 20 0 0 1 1 1 0 0 1 0 1 1 1 0 0
2014   2 28  6 31 37 612977  -20.78158  -49.37148     3115   1.3  0  0  4  6 0 0 1 0 0 0 0 1 0 1 1 0 0 0
2014   2 28  6 31 37 641246  -20.83358  -49.05874     4823 107.1  2  0  7 17 0 0 1 1 1 0 0 1 0 0 1 1 0 1
2014   2 28  6 31 37 825433   -4.19375  170.79976    11122  25.8  0  0  5  9 0 0 1 1 0 0 0 1 0 0 1 1 0 0
2014   2 28  6 31 38 654548  -22.84559  -46.96295     3908  69.6  2  0  6 15 0 0 1 1 1 0 0 1 0 0 1 0 0 1
2014   2 28  6 31 38 679698    9.74668  -71.48709     6175  78.7  2  0  7 21 0 0 1 0 1 0 0 1 0 1 1 1 0 1
2014   2 28  6 31 38 825036    5.82897  -85.57552     7431  84.5  2  0  7 21 0 0 1 0 1 0 0 1 0 1 1 1 0 1
2014   2 28  6 31 38 931413  -22.84954  -46.98019     4794  85.5  2  0  6 11 0 0 1 1 1 0 0 1 0 0 1 0 0 1
2014   2 28  6 31 39 281234  -22.85464  -46.95505     4031  74.0  2  0  6 15 0 0 1 1 1 0 0 1 0 0 1 0 0 1
2014   2 28  6 31 39 437111   -9.76248  -79.62181    11112  21.7  1  0  4  6 0 0 0 1 1 0 0 0 0 1 0 1 0 0
2014   2 28  6 31 39 505616   -8.88448  -76.41169     6278 121.7  2  0  7 21 0 0 1 1 1 0 0 1 0 1 0 1 0 1
2014   2 28  6 31 39 619027  -29.09590  -42.57986     6659  65.3  2  0  5 10 0 0 1 1 1 0 0 1 0 0 1 0 0 0
2014   2 28  6 31 39 654121  -29.04502  -42.63908     5453  67.1  2  0  6 15 0 0 1 1 1 0 0 1 0 0 1 0 0 1
2014   2 28  6 31 39 666868  -29.04530  -42.63823     5508  68.3  2  0  6 15 0 0 1 1 1 0 0 1 0 0 1 0 0 1
2014   2 28  6 31 39 774812  -29.01020  -42.96003     3942  28.8  0  0  5 10 0 0 1 1 1 0 0 1 0 0 0 0 0 1
2014   2 28  6 31 39 794846  -29.04175  -42.64383     5499  68.1  2  0  6 15 0 0 1 1 1 0 0 1 0 0 1 0 0 1
2014   2 28  6 31 40 440664  -29.04127  -42.68307     5752  72.8  2  0  6 15 0 0 1 1 1 0 0 1 0 0 1 0 0 1
2014   2 28  6 31 40 959430  -20.64055  -47.35614     4128 115.3  2  0  7 21 0 0 1 1 1 0 0 1 0 1 1 0 0 1
2014   2 28  6 31 40 988224  -20.31800  -47.71316     5340  61.8  2  0  5  9 0 0 1 1 0 0 0 1 0 0 1 1 0 0
2014   2 28  6 31 41  64207  -20.73223  -47.12433     4502  86.7  2  0  6 15 0 0 1 1 1 0 0 1 0 0 1 0 0 1
2014   2 28  6 31 41 345634  -20.69427  -47.32285     4109 114.5  2  0  7 21 0 0 1 1 1 0 0 1 0 1 1 0 0 1
2014   2 28  6 31 42 121710  -22.28894  -45.89184     4613  96.5  2  0  6 15 0 0 1 1 1 0 0 1 0 0 1 0 0 1
2014   2 28  6 31 42 617964  -21.00915  -46.96535     4763  96.8  2  0  6 15 0 0 1 1 1 0 0 1 0 0 1 0 0 1
2014   2 28  6 31 43 935570  -22.20996 -142.49750    58304 121.5  2  0  6 15 0 0 0 0 1 0 0 1 0 1 1 1 0 1
2014   2 28  6 31 43 949337   -3.63675  143.33809     8982  19.5  0  0  4  6 0 0 0 1 0 0 0 0 0 0 1 1 0 1
2014   2 28  6 31 44  88150   -5.60273  -54.55540     2468  11.1  0  0  7 20 0 0 1 0 1 0 0 1 0 1 1 1 0 1
2014   2 28  6 31 44 342121  -30.52493  -42.07167     3441  12.7  0  0  5 10 0 0 1 1 1 0 0 1 0 0 0 0 0 1
2014   2 28  6 31 44 354233  -30.52369  -42.06594     3156  12.4  0  0  5 10 0 0 1 1 1 0 0 1 0 0 1 0 0 0
2014   2 28  6 31 44 658786  -21.88104  -46.02775     2615   3.7  0  0  5 10 0 0 1 1 0 0 0 0 0 1 1 1 0 0
2014   2 28  6 31 44 671362  -30.55009  -42.04253     3474   4.5  0  0  4  6 0 0 1 1 0 0 0 0 0 0 1 0 0 1
2014   2 28  6 31 44 700902  -21.96813  -45.93524     2449   9.9  0  0  6 14 0 0 1 1 1 0 0 1 0 0 1 0 0 1
2014   2 28  6 31 44 741669  -30.53332  -42.08121     3444  12.9  0  0  5 10 0 0 1 1 1 0 0 1 0 0 0 0 0 1
2014   2 28  6 31 44 766269  -21.92330  -46.01999     2440  10.8  0  0  6 14 0 0 1 1 1 0 0 0 0 1 1 0 0 1
2014   2 28  6 31 44 877806    2.39180  -68.38664     3336  14.7  0  0  6 13 0 0 1 0 0 0 0 1 0 1 1 1 0 1
2014   2 28  6 31 45 390889  -15.90318  -51.34693     2776   7.6  0  0  5  8 0 0 0 1 1 0 0 1 0 0 1 0 0 1
2014   2 28  6 31 45 824552  -22.37070  -45.78811     2511  16.4  0  0  6 15 0 0 1 1 1 0 0 1 0 0 1 0 0 1
2014   2 28  6 31 45 872553  -15.88605  -51.41174     2628  21.3  0  0  7 17 0 0 1 1 1 0 0 1 0 1 1 1 0 0
2014   2 28  6 31 46  45691  -13.58237  -38.59635    13459  32.2  0  0  6 11 0 0 1 0 1 0 0 1 0 0 1 1 0 1
2014   2 28  6 31 46 143487  -15.87396  -51.44864     2977  19.1  0  0  5 10 0 0 1 1 0 0 0 1 0 1 1 0 0 0
2014   2 28  6 31 46 715086   29.83624 -131.83929    13501  44.1  1  0  6 14 0 0 1 0 1 0 0 1 0 0 1 1 0 1
2014   2 28  6 31 46 867773    4.87363  -72.32835     5230  25.4  0  0  5  9 0 0 0 0 0 0 0 1 0 1 1 1 0 1
2014   2 28  6 31 47   1032  -13.92257  -43.30842     4594  12.9  0  0  5 10 0 0 1 0 1 0 0 1 0 0 1 0 0 1
2014   2 28  6 31 47  45325   -4.77793  -71.92426     3480  29.8  0  0  6 15 0 0 1 1 0 0 0 0 0 1 1 1 0 1
2014   2 28  6 31 47 156373  -20.97916  -47.02420     2558  27.8  0  0  7 21 0 0 1 1 1 0 0 1 0 1 1 0 0 1
2014   2 28  6 31 47 282058  -20.97894  -47.01271     2648  31.8  0  0  7 20 0 0 1 1 1 0 0 1 0 1 1 0 0 1
2014   2 28  6 31 47 291568  -20.25760  -46.93947     2690  20.8  0  0  6 15 0 0 1 1 1 0 0 1 0 0 1 0 0 1
2014   2 28  6 31 47 347840  -20.97206  -47.00673     2908  31.8  0  0  6 15 0 0 1 0 1 0 0 1 0 1 1 0 0 1
2014   2 28  6 31 47 409137  -20.96991  -47.06130     2931  31.7  0  0  6 15 0 0 1 1 1 0 0 1 0 1 1 0 0 0
2014   2 28  6 31 47 569189  -20.98917  -46.92709     2805  14.9  0  0  5 10 0 0 1 0 1 0 0 1 0 0 1 0 0 1
2014   2 28  6 31 47 727089  -21.00633  -46.96227     2698  22.0  0  0  6 15 0 0 1 1 1 0 0 1 0 0 1 0 0 1
2014   2 28  6 31 47 965210  -31.69798 -136.28966    10167  30.1  0  0  6 15 0 0 1 1 1 0 0 1 0 0 1 1 0 0
2014   2 28  6 31 48 124277  -22.82700  -45.85765     3491  33.2  1  0  5  9 0 0 1 1 1 0 0 1 0 0 0 0 0 1
2014   2 28  6 31 48 133419  -22.81413  -45.85552     3038  33.9  0  0  6 15 0 0 1 1 1 0 0 1 0 0 1 0 0 1
2014   2 28  6 31 48 284603  -29.28475  -42.13117     3702   7.6  0  0  4  6 0 0 1 1 0 0 0 1 0 0 1 0 0 0
2014   2 28  6 31 48 343237  -29.17007  -42.37020     3323  14.5  0  0  5 10 0 0 1 1 1 0 0 1 0 0 0 0 0 1
2014   2 28  6 31 48 977589  -12.24195  -73.50346     4927  41.6  1  0  6 15 0 0 0 1 1 0 0 1 0 0 1 1 0 1
2014   2 28  6 31 49  56867    5.29227  -75.65504    11614  33.3  0  0  6 15 0 0 1 1 1 0 0 0 0 1 1 0 0 1
2014   2 28  6 31 49 356972  -32.43790 -136.02759    11869  38.2  0  0  6 15 0 0 1 1 1 0 0 1 0 0 1 1 0 0
2014   2 28  6 31 49 458280    6.83161  -77.56451     6678  23.0  0  0  5 10 0 0 0 1 0 0 0 1 0 1 0 1 0 1
2014   2 28  6 31 49 517658  -12.16049  -73.35059     3965  46.7  1  0  6 15 0 0 1 1 1 0 0 1 0 0 1 1 0 0
2014   2 28  6 31 49 575091  -22.17422  -45.88162     3738  33.3  1  0  5  7 0 0 1 1 1 0 0 1 0 0 0 0 0 1
2014   2 28  6 31 49 942158   -9.43499  159.97137     7818   1.9  0  0  4  6 0 0 1 0 0 0 0 1 0 0 1 1 0 0
2014   2 28  6 31 50  37835  -20.86183  -47.15496     3120  38.1  0  0  6 15 0 0 1 1 1 0 0 1 0 0 1 0 0 1
2014   2 28  6 31 50 213646   -6.11347  -74.46592     5803  39.0  1  0  5  8 0 0 1 0 1 0 0 1 0 0 1 1 0 0
2014   2 28  6 31 50 225399   -6.11967  -74.55048     5873  54.7  2  0  5 10 0 0 1 1 1 0 0 0 0 0 1 1 0 0
2014   2 28  6 31 50 305316   -6.14592  -74.55543     4521  57.7  1  0  6 15 0 0 1 1 1 0 0 1 0 0 0 1 0 1
2014   2 28  6 31 50 335840   -6.14693  -74.45573     6493  61.0  2  0  5  9 0 0 1 0 0 0 0 1 0 1 1 1 0 0
2014   2 28  6 31 51 648520    4.51565  -72.99841     5426  60.3  2  0  6 13 0 0 1 1 1 0 0 1 0 0 1 1 0 0
2014   2 28  6 31 52 118211  -13.98452  -42.95430    12031  39.3  1  0  5 10 0 0 1 0 1 0 0 1 0 0 1 1 0 0
2014   2 28  6 31 52 366882  -20.68477  -47.28182     3590  84.8  2  0  7 21 0 0 1 1 1 0 0 0 0 1 1 1 0 1
2014   2 28  6 31 52 556382  -12.97767  -71.48025     4049  67.3  1  0  7 21 0 0 1 0 1 0 0 1 0 1 1 1 0 1
2014   2 28  6 31 52 575573  -12.97326  -71.67813     4169  72.9  2  0  7 21 0 0 1 1 1 0 0 1 0 0 1 1 0 1
2014   2 28  6 31 52 640342  -12.95687  -71.73768     5315  84.0  2  0  6 15 0 0 1 1 0 0 0 1 0 1 1 1 0 0
2014   2 28  6 31 52 670154  -12.96666  -71.67879     4202  74.1  2  0  7 21 0 0 1 1 1 0 0 1 0 0 1 1 0 1
2014   2 28  6 31 53 123646  -13.03603  -71.93972     6931  77.2  2  0  6 15 0 0 0 1 1 0 0 1 0 0 1 1 0 1
2014   2 28  6 31 53 223203  -14.22993  -43.90858     3418  53.5  1  0  6 13 0 0 1 1 0 0 0 1 0 0 1 1 0 1
2014   2 28  6 31 54 964398   35.48473 -164.11536    22966  52.4  2  0  5 10 0 0 1 0 1 0 0 1 0 0 1 0 0 1
2014   2 28  6 31 55  36994   -9.15061  159.66147     8368  25.5  0  0  5 10 0 0 1 1 0 0 0 1 0 0 1 1 0 0
2014   2 28  6 31 55 265124  -12.50989  156.42918    11415  81.2  2  0  7 21 0 0 1 1 1 0 0 1 0 0 1 1 0 1
2014   2 28  6 31 55 393786  -12.58947  156.96165     9134  17.8  0  0  4  6 0 0 0 1 0 0 0 1 0 0 1 1 0 0
2014   2 28  6 31 55 915838  -21.05166  -47.30198     4335  94.7  2  0  6 15 0 0 0 1 1 0 0 1 0 1 0 1 0 1
2014   2 28  6 31 55 970562  -21.03464  -47.11472     3560  85.1  2  0  7 21 0 0 1 1 1 0 0 1 0 1 1 0 0 1
2014   2 28  6 31 55 998033  -21.07505  -46.98757     4192  77.1  2  0  6 15 0 0 1 1 1 0 0 1 0 0 1 0 0 1
2014   2 28  6 31 57 210079  -16.38909  -51.75548     4672  96.9  2  0  6 15 0 0 0 1 1 0 0 1 0 1 1 0 0 1
2014   2 28  6 31 57 373697   -5.89746  -74.74972     5669 107.3  2  0  7 21 0 0 1 1 0 0 0 1 0 1 1 1 0 1
2014   2 28  6 31 57 634876   -5.91408  -74.06304     3389   2.3  0  0  4  6 0 0 1 0 1 0 0 0 0 1 0 1 0 0
2014   2 28  6 31 57 793578  -21.16380  -46.59929     4573  89.6  2  0  6 15 0 0 1 1 1 0 0 1 0 0 1 0 0 1
2014   2 28  6 31 57 968872   -2.29422  150.02126     9606  89.1  2  0  7 21 0 0 1 1 0 0 0 1 0 1 1 1 0 1
2014   2 28  6 31 59 394660  -31.59005   20.05333    14548  78.7  2  0  7 21 0 0 1 0 1 0 0 1 0 1 1 1 0 1
2014   2 28  6 31 59 872877  -24.76556  -44.93522     7206  73.5  2  0  5 10 0 0 1 0 1 0 0 1 0 0 1 0 0 1
2014   2 28  6 32  0 180387  -29.26752  -42.07729     3106  11.7  0  0  5 10 0 0 1 1 1 0 0 0 0 0 1 0 0 1
2014   2 28  6 32  0 383397  -12.09539  -72.99979     2866  10.8  0  0  7 21 0 0 0 1 1 0 0 1 0 1 1 1 0 1
2014   2 28  6 32  0 443683  -29.27541  -42.07333     4251  15.2  0  0  4  6 0 0 1 1 0 0 0 1 0 0 1 0 0 0
2014   2 28  6 32  0 478984  -25.56728  -44.58620     3074  17.3  0  0  6 14 0 0 1 1 0 0 0 1 0 0 1 1 0 1
2014   2 28  6 32  0 509229  -25.55637  -44.62372     2605  15.6  0  0  7 18 0 0 1 1 0 0 0 1 0 1 1 1 0 1
2014   2 28  6 32  0 611191  -29.25137  -42.12465     3116  11.6  0  0  5 10 0 0 1 1 1 0 0 1 0 0 1 0 0 0
2014   2 28  6 32  1  39006  -20.52039  -47.21833     2961   8.0  0  0  5  9 0 0 1 1 1 0 0 0 0 0 1 0 0 1
2014   2 28  6 32  1 374215  -20.53797  -47.20582     2687   7.9  0  0  6 11 0 0 1 1 1 0 0 1 0 0 1 0 0 1
2014   2 28  6 32  1 386451  -20.50360  -47.23851     2583  16.4  0  0  7 16 0 0 1 1 1 0 0 1 0 0 1 1 0 1
2014   2 28  6 32  1 742386    5.81346  -84.68266     5163  19.0  0  0  5  8 0 0 1 1 1 0 0 1 0 0 0 1 0 0
2014   2 28  6 32  1 762091    5.78606  -84.69351     4150 126.0  2  0  7 17 0 0 1 1 1 0 0 1 0 0 1 1 1 0
2014   2 28  6 32  2  69173   -0.41753   -1.28764    10907   9.4  0  0  5 10 0 0 1 1 1 0 0 1 0 0 1 0 0 0
2014   2 28  6 32  2 261317    6.51890  -78.05885     3563  14.5  0  0  7 21 0 0 0 1 1 0 0 1 0 1 1 1 0 1
2014   2 28  6 32  3 479929    8.30760  -72.92477     5240  21.6  0  0  7 21 0 0 1 1 1 0 0 1 0 1 1 0 0 1
2014   2 28  6 32  3 534522  -22.13060  -45.93274     2987  22.3  0  0  5  9 0 0 1 1 1 0 0 1 0 0 0 0 0 1
2014   2 28  6 32  4  51667    5.92329  -86.04795     8867  38.9  1  0  5 10 0 0 0 1 0 0 0 1 0 1 1 1 0 0
2014   2 28  6 32  4 147911    5.86168  -85.58772     4413  34.7  0  0  7 20 0 0 1 1 1 0 0 1 0 0 1 1 0 1
2014   2 28  6 32  4 182825    5.85564  -85.58947     4410  34.6  0  0  7 20 0 0 1 1 1 0 0 1 0 0 1 1 0 1
2014   2 28  6 32  4 231448    5.84862  -85.57903     4648  35.3  0  0  7 19 0 0 1 1 1 0 0 1 0 0 1 1 0 1
2014   2 28  6 32  4 322298    5.96630  -86.61678     7719  15.3  0  0  5 10 0 0 0 1 1 0 0 1 0 0 0 1 0 1
2014   2 28  6 32  4 410192    5.88381  -85.58519     4353  36.2  0  0  7 21 0 0 1 1 1 0 0 1 0 0 1 1 0 1
2014   2 28  6 32  4 467445    5.19045  -84.87524     6495  34.5  0  0  7 21 0 0 1 1 1 0 0 1 0 1 1 0 0 1
2014   2 28  6 32  4 548305    5.93016  -85.67818     4445  27.2  0  0  6 15 0 0 1 1 0 0 0 1 0 0 1 1 0 1
2014   2 28  6 32  4 649426   -9.04612  -76.25758     5357  24.1  0  0  5 10 0 0 1 1 0 0 0 1 0 0 1 0 0 1
2014   2 28  6 32  4 654244    5.87255  -85.58978     5960  50.8  1  0  6 15 0 0 1 1 0 0 0 1 0 1 0 1 0 1
2014   2 28  6 32  4 892195  -13.74850  -39.19259     3577  22.4  0  0  7 21 0 0 1 0 1 0 0 1 0 1 1 1 0 1
2014   2 28  6 32  4 924109  -13.76230  -39.11123     3848  23.8  0  0  7 16 0 0 1 1 1 0 0 1 0 1 1 0 0 1
2014   2 28  6 32  5  62489  -13.69674  -39.11936     5089  73.8  2  0  7 20 0 0 1 1 1 0 0 0 0 0 1 1 1 1
2014   2 28  6 32  5 157461  -13.73806  -39.03424     4811  16.4  0  0  5  7 0 0 0 1 0 0 0 1 0 0 1 1 0 1
2014   2 28  6 32  5 399252  -21.00100  -46.95535     2977  33.3  0  0  6 15 0 0 1 1 1 0 0 1 0 0 1 0 0 1
2014   2 28  6 32  5 589264  -13.77385  -39.18552     4058  21.9  0  0  5 10 0 0 1 1 1 0 0 1 0 0 0 0 0 1
2014   2 28  6 32  8  28462  -14.22840  -43.12278     8688  33.4  1  0  5  9 0 0 1 0 1 0 0 1 0 0 1 0 0 1
2014   2 28  6 32  8 697856  -29.09054  -42.51064     6262  48.6  1  0  5  9 0 0 1 1 1 0 0 1 0 0 1 0 0 0
2014   2 28  6 32  8 838805  -22.40459  -45.91869     3904  89.6  2  0  7 19 0 0 1 1 1 0 0 1 0 1 0 1 0 1
2014   2 28  6 32  8 957819  -22.32610  -45.91490     4086  93.1  2  0  7 19 0 0 1 1 1 0 0 0 0 1 1 1 0 1
2014   2 28  6 32 10 115015  -21.13367  -46.83879     3560  27.0  0  0  5 10 0 0 1 1 1 0 0 0 0 0 1 0 0 1
2014   2 28  6 32 10 605117   -8.19755  -73.83376     5559  44.3  1  0  5  8 0 0 1 0 1 0 0 0 0 1 1 1 0 0
2014   2 28  6 32 10 920015  -20.71953  -47.22459     3204  10.5  0  0  4  6 0 0 1 1 0 0 0 1 0 0 1 0 0 0
2014   2 28  6 32 11 656270  -23.93318 -136.11992    45811  66.5  2  0  5 10 0 0 1 0 0 0 0 1 0 1 1 0 0 1
2014   2 28  6 32 11 778503  -10.94564  -57.37658     4310 101.3  2  0  7 21 0 0 1 1 1 0 0 1 0 0 1 1 0 1
2014   2 28  6 32 11 867497  -10.97626  -57.45538     4739 112.8  2  0  7 20 0 0 1 1 1 0 0 1 0 1 1 1 0 0
2014   2 28  6 32 12  25000  -11.19007  -57.17041     5486 105.5  2  0  7 21 0 0 1 1 1 0 0 1 0 1 1 0 0 1
2014   2 28  6 32 12  70891  -29.52818  -64.01007     6232  30.8  1  0  5 10 0 0 1 1 1 0 0 0 0 0 1 0 0 1
2014   2 28  6 32 12 345930  -11.80559  -72.60172     5328  56.9  2  0  5 10 0 0 1 0 1 0 0 0 0 1 1 1 0 0
2014   2 28  6 32 13    684  -10.45398    0.32346    73187  78.2  2  0  5 10 0 0 1 1 1 0 0 0 0 0 1 0 0 1
2014   2 28  6 32 13 362320  -13.88958  -43.91728     3730  88.7  2  0  7 19 0 0 1 1 1 0 0 1 0 0 1 1 0 1
2014   2 28  6 32 14 790051   -5.98182  -74.00552     5367  71.7  2  0  6 15 0 0 1 0 1 0 0 0 0 1 1 1 0 1
2014   2 28  6 32 14 819052   -6.92535  -78.27755     7536  10.6  0  0  4  6 0 0 0 1 1 0 0 0 0 1 0 1 0 0
2014   2 28  6 32 15 105607   -6.07488  -74.33029     6176 115.5  2  0  7 21 0 0 1 0 1 0 0 1 0 1 1 1 0 1
2014   2 28  6 32 15 852764  -17.79331 -145.69301    17861  50.4  2  0  5 10 0 0 1 1 0 0 0 1 0 0 1 1 0 0
2014   2 28  6 32 16 101330  -20.46661  -49.15025     4025  45.0  1  0  6 12 0 0 1 1 0 0 0 1 0 0 1 1 0 1
2014   2 28  6 32 16 430896  -20.74025  -47.10941     2422   8.8  0  0  6 15 0 0 1 1 1 0 0 1 0 0 1 0 0 1
2014   2 28  6 32 17 214009  -22.07838  -45.74045     2497  15.6  0  0  6 15 0 0 1 1 1 0 0 1 0 0 1 0 0 1
2014   2 28  6 32 17 222208    0.12866  -14.68373    14012  13.0  0  0  5 10 0 0 1 0 1 0 0 1 0 0 1 0 0 1
2014   2 28  6 32 18 359349  -22.79975  -46.98328     2706   5.4  0  0  5 10 0 0 1 1 1 0 0 0 0 0 1 0 0 1
2014   2 28  6 32 18 986741    6.58886  -76.81072     3521  28.9  0  0  7 21 0 0 1 1 1 0 0 1 0 0 1 1 0 1
2014   2 28  6 32 19 880414  -20.91317  -47.05817     3311  52.3  1  0  7 19 0 0 1 1 1 0 0 1 0 0 1 1 0 1
2014   2 28  6 32 20  18932  -22.37168  -45.75596     3146  33.0  1  0  5 10 0 0 1 0 1 0 0 1 0 0 1 0 0 1
2014   2 28  6 32 20 117731  -22.44743  -45.71764     2970  37.3  0  0  6 15 0 0 1 1 1 0 0 1 0 0 1 0 0 1
2014   2 28  6 32 20 153398   -9.54307  159.99156     7865   9.2  0  0  4  6 0 0 0 1 0 0 0 1 0 0 1 1 0 0
2014   2 28  6 32 20 409323  -20.96317  -47.03703     2611  32.3  0  0  7 21 0 0 1 1 1 0 0 1 0 1 1 0 0 1
2014   2 28  6 32 20 709238  -20.93053  -47.05888     3008  36.1  0  0  6 14 0 0 1 1 0 0 0 1 0 1 1 0 0 1
2014   2 28  6 32 21 164691   -4.54535  -71.10642     7419  19.5  0  0  4  6 0 0 0 0 0 0 0 0 0 1 1 1 0 1
2014   2 28  6 32 21 202642   -4.58463  -71.51947     5630  46.6  1  0  6 12 0 0 1 1 1 0 0 0 0 0 1 1 0 1
2014   2 28  6 32 21 306695    7.33379  -73.83590     6616  52.0  1  0  6 11 0 0 1 1 1 0 0 1 0 0 1 1 0 0
2014   2 28  6 32 22 487616  -16.28999  -51.62936     3325  53.3  1  0  7 19 0 0 1 0 1 0 0 1 0 1 1 1 0 1
2014   2 28  6 32 22 944688  -22.69068 -139.22087    28673  56.0  1  0  6 15 0 0 1 1 1 0 0 1 0 0 1 0 0 1
2014   2 28  6 32 22 962977  -21.70198 -142.04305     8648  14.6  0  0  5  9 0 0 1 1 0 0 0 1 0 0 1 1 0 0
2014   2 28  6 32 22 981560  -22.91544 -138.35492    23385  62.7  1  0  7 21 0 0 1 1 1 0 0 1 0 1 1 0 0 1
2014   2 28  6 32 22 998202  -21.93133 -141.33885    12189  57.8  1  0  7 21 0 0 1 1 1 0 0 1 0 0 1 1 0 1
2014   2 28  6 32 23   9525  -21.93218 -141.29977    16068  62.7  2  0  6 15 0 0 1 1 1 0 0 1 0 0 0 1 0 1
2014   2 28  6 32 23  27464  -21.92517 -141.32773    12274  58.2  1  0  7 21 0 0 1 1 1 0 0 1 0 0 1 1 0 1
2014   2 28  6 32 23 128124  -21.87380 -142.31752    22830  87.6  2  0  6 14 0 0 1 1 1 0 0 1 0 0 1 1 0 0
2014   2 28  6 32 23 161715  -21.93832 -141.10687    21031  54.6  2  0  5 10 0 0 1 0 1 0 0 1 0 0 1 1 0 0
2014   2 28  6 32 24 152571  -22.08477 -140.36287    18555  49.7  1  0  5 10 0 0 1 0 1 0 0 1 0 0 1 1 0 0
2014   2 28  6 32 24 220061   -5.89692  155.96786    11745  57.3  1  0  6 15 0 0 1 1 0 0 0 1 0 1 1 1 0 0
2014   2 28  6 32 24 725500  -20.99884  -46.95482     3461  78.9  2  0  7 21 0 0 1 1 1 0 0 1 0 1 1 0 0 1
2014   2 28  6 32 24 768646  -20.98482  -46.75056     4809  91.1  2  0  6 13 0 0 1 1 1 0 0 1 0 0 1 0 0 1
2014   2 28  6 32 25 613684    5.27627  153.08710    24376  76.3  2  0  5 10 0 0 1 1 1 0 0 0 0 0 1 1 0 0
2014   2 28  6 32 25 726452  -27.39715  -43.93862     3221  26.1  0  0  7 20 0 0 0 1 1 0 0 1 0 1 1 0 1 1
2014   2 28  6 32 25 867652  -27.35793  -43.98109     3466  27.5  0  0  6 15 0 0 0 1 1 0 0 1 0 1 1 0 0 1
2014   2 28  6 32 25 918858  -27.66158  -43.77164     3708  54.0  1  0  7 21 0 0 1 1 1 0 0 1 0 1 1 0 0 1
2014   2 28  6 32 26 103112  -21.09580  -46.60661     4015  67.2  2  0  6 14 0 0 1 1 1 0 0 1 0 0 1 0 0 1
2014   2 28  6 32 26 348813  -20.62284  -47.31438     3709  93.1  2  0  7 21 0 0 1 1 1 0 0 1 0 1 1 0 0 1
2014   2 28  6 32 26 385039  -20.91394  -46.94429     3897  24.3  0  0  5  9 0 0 1 1 1 0 0 0 0 0 1 0 0 1
2014   2 28  6 32 26 782250  -12.45553  -72.42207     7947  94.9  2  0  6 15 0 0 1 1 1 0 0 1 0 1 0 0 0 1
2014   2 28  6 32 27 386981  -29.22948  -42.72979     4596  25.9  0  0  5 10 0 0 0 1 1 0 0 1 0 0 1 0 0 1
2014   2 28  6 32 27 571586  -14.43657  -70.70098    13143  29.0  1  0  4  6 0 0 1 1 0 0 0 0 0 1 0 0 0 1
2014   2 28  6 32 27 750940  -11.93076  -72.88785     4939  92.9  2  0  7 21 0 0 1 0 1 0 0 1 0 1 1 1 0 1
2014   2 28  6 32 27 860871  -20.86215  -47.26979     3467  16.8  0  0  4  6 0 0 1 1 0 0 0 1 0 0 1 0 0 0
2014   2 28  6 32 27 878007  -20.87729  -47.24288     3442  16.0  0  0  4  6 0 0 1 1 0 0 0 1 0 0 1 0 0 0
2014   2 28  6 32 28 242642  -24.57837  -45.20728     4146  63.4  2  0  6 15 0 0 1 1 1 0 0 1 0 0 1 0 0 1
2014   2 28  6 32 28 820356  -22.22499 -141.14256    22159 121.6  2  0  7 21 0 0 1 1 1 0 0 1 0 1 0 1 0 1
2014   2 28  6 32 28 856551   -5.38040  155.43080     9576  24.8  1  0  4  6 0 0 1 1 0 0 0 1 0 0 0 1 0 0
2014   2 28  6 32 29    939  -21.92650 -142.48532    23639  99.0  2  0  6 15 0 0 1 1 1 0 0 1 0 0 1 1 0 0
2014   2 28  6 32 29 728913  -22.05668  -45.52047     2992   7.7  0  0  4  6 0 0 1 0 0 0 0 1 0 0 1 0 0 1
2014   2 28  6 32 29 988933    5.37273  -75.51296    15104  65.1  2  0  5  8 0 0 1 0 1 0 0 1 0 0 1 0 0 1
2014   2 28  6 32 30  65736  -22.09892  -45.92714     4617  97.6  2  0  6 15 0 0 1 1 1 0 0 1 0 0 1 0 0 1
2014   2 28  6 32 31 146668  -15.36994  -63.28562     3578  13.5  0  0  5  9 0 0 0 0 1 0 0 0 0 1 1 1 0 1
2014   2 28  6 32 31 159365   -5.80057  -75.38480     5854  85.4  2  0  6 14 0 0 1 1 0 0 0 1 0 0 1 1 1 0
2014   2 28  6 32 31 663767  -28.97895  -42.75378     6745  91.2  2  0  6 15 0 0 1 1 1 0 0 1 0 0 1 0 0 1
2014   2 28  6 32 31 692012  -20.84693  -46.99069     4651  99.8  2  0  6 15 0 0 1 0 1 0 0 1 0 1 1 0 0 1
2014   2 28  6 32 32 288092  -20.86297  -47.09376     2635  19.4  0  0  6 14 0 0 1 1 0 0 0 1 0 1 1 0 0 1
2014   2 28  6 32 32 332282  -20.88996  -47.04832     2485  11.2  0  0  6 15 0 0 1 1 1 0 0 1 0 0 1 0 0 1
2014   2 28  6 32 32 859644  -19.03793 -142.15681     5908  10.1  0  0  6 15 0 0 1 1 1 0 0 1 0 0 0 1 0 1
2014   2 28  6 32 32 878838  -19.03272 -142.20180    10303   1.6  0  0  4  6 0 0 1 0 0 0 0 0 0 0 1 1 0 1
2014   2 28  6 32 33  74911  -19.04783 -142.89426    14010   3.8  0  0  4  6 0 0 0 1 1 0 0 1 0 0 0 1 0 0
2014   2 28  6 32 34 321665  -20.98467  -46.93858     2842  11.8  0  0  5 10 0 0 1 1 1 0 0 1 0 0 1 0 0 0
2014   2 28  6 32 34 682044  -20.74655  -47.13291     2996  12.0  0  0  5  8 0 0 1 0 1 0 0 1 0 0 1 0 0 1
2014   2 28  6 32 34 755683  -12.27561  -71.87997     3056  23.0  0  0  6 15 0 0 1 0 1 0 0 1 0 0 1 1 0 1
2014   2 28  6 32 34 933630  -13.87843  -43.52492     2953  23.0  0  0  6 11 0 0 1 1 0 0 0 1 0 0 1 1 0 1
2014   2 28  6 32 35 174598  -13.92133  -43.49756     5064   8.2  0  0  4  6 0 0 1 0 0 0 0 1 0 0 1 0 0 1
2014   2 28  6 32 35 223901  -13.89792  -43.75963     3544  18.2  0  0  5  7 0 0 1 1 1 0 0 1 0 0 0 0 0 1
2014   2 28  6 32 35 231929  -13.89751  -43.71430     3700  25.1  0  0  5  7 0 0 0 1 1 0 0 1 0 0 1 0 0 1
2014   2 28  6 32 35 481894  -24.33573  -45.80082     3180  27.0  0  0  6 14 0 0 1 1 1 0 0 1 0 0 1 0 0 1
2014   2 28  6 32 35 867722  -29.24346  -42.18554     3720  20.4  0  0  5  9 0 0 1 1 1 0 0 0 0 0 1 0 0 1
2014   2 28  6 32 35 877072  -29.23342  -42.21908     3776  22.1  0  0  5 10 0 0 1 1 1 0 0 1 0 0 1 0 0 0
2014   2 28  6 32 36 634627  -32.06903 -135.07642     8222  29.5  0  0  7 21 0 0 1 1 1 0 0 1 0 0 1 1 0 1
2014   2 28  6 32 36 660582  -32.06026 -134.78020    11885  30.5  0  0  6 15 0 0 1 1 1 0 0 0 0 0 1 1 0 1
2014   2 28  6 32 36 675785  -29.10885  -42.33223     3753  12.8  0  0  5 10 0 0 0 1 1 0 0 1 0 0 1 0 0 1
2014   2 28  6 32 36 705804  -32.04799 -135.18771    13491  33.7  1  0  5 10 0 0 1 1 1 0 0 1 0 0 0 1 0 0
2014   2 28  6 32 36 958001   -5.92247  155.99422     5407   6.7  0  0  5 10 0 0 1 1 0 0 0 1 0 0 1 1 0 0
2014   2 28  6 32 37 120210   -5.95841  156.11737    27839   5.1  0  0  4  6 0 0 1 1 0 0 0 0 0 0 1 1 0 0
2014   2 28  6 32 37 329182  -22.75857  -45.94448     2901   7.9  0  0  4  6 0 0 1 0 0 0 0 1 0 0 1 0 0 1
2014   2 28  6 32 38 533349  -21.93564  -46.37200     3407  36.4  1  0  5 10 0 0 0 1 1 0 0 1 0 0 1 0 0 1
2014   2 28  6 32 38 936378    5.18674  -72.23540     3965  48.8  0  0  7 20 0 0 1 1 1 0 0 1 0 0 1 1 0 1
2014   2 28  6 32 39 827480  -20.86655  -49.25806     3808  89.4  2  0  7 19 0 0 1 1 1 0 0 1 0 1 1 0 0 1
2014   2 28  6 32 39 904788  -20.93994  -47.14991     4277  82.4  2  0  6 15 0 0 0 0 1 0 0 1 0 1 1 1 0 1
2014   2 28  6 32 39 955769  -21.03775  -46.99040     3310  45.6  1  0  6 15 0 0 1 1 1 0 0 1 0 0 1 0 0 1
2014   2 28  6 32 40  17865  -20.43881  -46.96772     4212  16.8  0  0  4  6 0 0 1 0 0 0 0 0 0 1 1 0 0 1
2014   2 28  6 32 40  56135  -20.96328  -47.08131     3751  76.0  2  0  7 20 0 0 1 1 1 0 0 1 0 0 1 1 0 1
2014   2 28  6 32 40 175335  -20.82163  -47.49828     3878  39.0  1  0  5  9 0 0 1 0 0 0 0 1 0 1 0 1 1 0
2014   2 28  6 32 40 279060  -20.98172  -47.08574     3801  77.6  2  0  7 18 0 0 1 1 1 0 0 1 0 1 1 0 0 1
2014   2 28  6 32 40 288647  -20.97177  -47.01802     3369  47.6  1  0  6 15 0 0 1 1 1 0 0 1 0 0 1 0 0 1
2014   2 28  6 32 40 417014  -21.06007  -47.04062     3914  44.7  1  0  5 10 0 0 1 1 1 0 0 1 0 0 0 0 0 1
2014   2 28  6 32 40 936837    1.25548  -69.33698    52179  74.1  2  0  5 10 0 0 0 1 1 0 0 0 0 1 1 0 0 1
2014   2 28  6 32 41 416568  -22.12910  -45.87561     4906  73.2  2  0  6 11 0 0 1 1 1 0 0 1 0 0 0 1 0 1
2014   2 28  6 32 42 343143  -24.89256  -44.88545     5420  50.4  2  0  5  9 0 0 1 1 0 0 0 1 0 0 1 0 0 1
2014   2 28  6 32 42 676486  -22.61455  -47.40339     4200 112.7  2  0  7 20 0 0 1 1 0 0 0 1 0 1 1 1 0 1
2014   2 28  6 32 42 766311  -22.82557  -47.05561     3775  65.4  2  0  6 15 0 0 1 1 1 0 0 1 0 0 1 0 0 1
2014   2 28  6 32 43  12101  -24.86442  -45.04868     3837  52.4  1  0  6 15 0 0 1 1 1 0 0 1 0 0 1 0 0 1
2014   2 28  6 32 43 503488  -24.68344  -45.87502     4475  69.3  2  0  6 15 0 0 1 0 0 0 0 1 0 1 1 1 1 0
2014   2 28  6 32 44 692223    8.93186  -75.34037    10893 143.5  2  0  7 19 0 0 1 1 1 0 0 1 0 1 1 1 0 0
2014   2 28  6 32 44 718428  -28.60433  -43.01675     4003  20.2  0  0  5 10 0 0 0 1 1 0 0 1 0 0 1 0 0 1
2014   2 28  6 32 45 620142  -19.29357 -143.05772    18651  98.1  2  0  7 21 0 0 1 1 1 0 0 1 0 0 1 1 0 1
2014   2 28  6 32 46 277264  -16.02229  -51.51880     4302 109.0  2  0  7 21 0 0 1 1 1 0 0 1 0 1 1 0 0 1
2014   2 28  6 32 46 307500  -15.88745  -51.41818     4549 109.9  2  0  7 20 0 0 1 0 1 0 0 1 0 1 1 1 0 1
2014   2 28  6 32 46 561142  -15.90260  -51.73824     5604  90.4  2  0  6 11 0 0 1 1 1 0 0 1 0 0 0 1 0 1
2014   2 28  6 32 46 616247  -24.93195   21.03202    32082 104.6  2  0  6 15 0 0 1 1 1 0 0 1 0 0 1 0 0 1
2014   2 28  6 32 46 656759  -22.29297  -45.81547     4024 109.1  2  0  7 21 0 0 1 0 1 0 0 1 0 1 1 1 0 1
2014   2 28  6 32 47 413907  -11.50652  -67.44983    23417  52.9  2  0  5 10 0 0 0 1 1 0 0 0 0 1 1 0 0 1
2014   2 28  6 32 47 420187   -5.99066  -74.92527     7123 115.4  2  0  6 15 0 0 1 1 1 0 0 1 0 0 1 1 0 0
2014   2 28  6 32 47 494565   -5.98184  -74.22375     5623  53.6  2  0  5 10 0 0 1 0 1 0 0 0 0 0 1 1 0 1
2014   2 28  6 32 47 732875  -30.52684  -43.13233     3725  28.7  0  0  5 10 0 0 1 1 0 0 0 1 0 1 0 0 0 1
2014   2 28  6 32 47 861511  -11.87285  -73.48252     7150 123.9  2  0  6 15 0 0 1 1 1 0 0 1 0 0 1 1 0 0
2014   2 28  6 32 48  48872  -30.90918  -41.88850     2719   9.6  0  0  6 15 0 0 1 1 0 0 0 1 0 1 1 0 0 1
2014   2 28  6 32 48 196729    4.35193  -72.75661     3479  12.4  0  0  6 14 0 0 0 1 1 0 0 1 0 0 1 1 0 1
2014   2 28  6 32 48 354578  -20.35278  -49.07940     2569  38.2  0  0  6 12 0 0 1 1 1 0 0 1 0 1 0 0 0 1
2014   2 28  6 32 48 727862  -24.71568  -45.33684     2747  16.1  0  0  6 15 0 0 1 1 1 0 0 1 0 0 1 0 0 1
2014   2 28  6 32 49 367136  -32.80212   20.01511    11594  10.0  0  0  5 10 0 0 1 1 1 0 0 0 0 0 1 0 0 1
2014   2 28  6 32 50 431098    7.08878  -73.98327     3599   6.0  0  0  6 13 0 0 0 1 1 0 0 1 0 1 0 1 0 1
2014   2 28  6 32 50 577920  -11.09859  -57.45768     2679  25.7  0  0  7 21 0 0 1 1 1 0 0 0 0 1 1 1 0 1
2014   2 28  6 32 51  60120  -22.09260  -45.74057     2650  18.8  0  0  6 13 0 0 1 1 1 0 0 1 0 0 1 0 0 1
2014   2 28  6 32 51  70281  -22.07912  -45.75751     2785  57.0  1  0  6 11 0 0 1 1 1 0 0 1 0 0 1 0 0 1
2014   2 28  6 32 51 995740   -4.38557  -71.52235     3835  36.0  0  0  7 21 0 0 0 1 1 0 0 1 0 1 1 1 0 1
2014   2 28  6 32 52 153450   -4.35022  -71.40251     3896  42.4  0  0  7 19 0 0 1 1 1 0 0 1 0 1 1 1 0 0
2014   2 28  6 32 52 285050   -4.33055  -71.36225     4422  31.8  1  0  5  9 0 0 1 1 1 0 0 0 0 0 0 1 0 1
2014   2 28  6 32 52 365952  -27.56896 -134.91901     7652  30.5  0  0  7 21 0 0 1 1 1 0 0 1 0 0 1 1 0 1
2014   2 28  6 32 52 439696    2.67600  -60.93434     6731  59.5  2  0  5 10 0 0 1 0 1 0 0 0 0 0 1 1 0 1
2014   2 28  6 32 52 460820  -29.24362  -42.06596     4962  26.0  0  0  5 10 0 0 1 0 1 0 0 1 0 0 1 0 0 1
2014   2 28  6 32 53 252776  -12.14604  -72.96719     3404  44.3  0  0  7 21 0 0 1 0 1 0 0 1 0 1 1 1 0 1
2014   2 28  6 32 54  13823  -12.12764  -73.03522     3780  56.4  1  0  7 21 0 0 1 1 1 0 0 0 0 1 1 1 0 1
2014   2 28  6 32 54  46182   -0.46100  -15.95557    12289  42.9  1  0  6 11 0 0 1 1 0 0 0 1 0 0 1 1 0 1
2014   2 28  6 32 54  89116   -0.25359  -15.25665    10817  34.7  0  0  6 12 0 0 1 1 0 0 0 1 0 0 1 1 0 1
2014   2 28  6 32 54 115335   -8.35140  -24.84403     6424  13.0  0  0  5 10 0 0 1 1 1 0 0 0 0 0 0 1 0 1
2014   2 28  6 32 54 183063  -12.14179  -72.96893     3581  50.3  1  0  7 21 0 0 1 0 1 0 0 1 0 1 1 1 0 1
2014   2 28  6 32 54 535721   -8.86394  -76.02596     3779  37.3  0  0  6 15 0 0 1 0 1 0 0 0 0 1 1 1 0 1
2014   2 28  6 32 54 811449   -2.36042  -72.42608     5675  55.3  2  0  5 10 0 0 1 1 1 0 0 0 0 0 0 1 0 1
2014   2 28  6 32 55 196167  -18.52382 -143.68698    16282  13.7  0  0  4  6 0 0 0 1 0 0 0 1 0 0 1 1 0 0
2014   2 28  6 32 55 494747  -20.55773  -47.31465     3211  64.6  1  0  7 21 0 0 1 1 1 0 0 1 0 1 1 0 0 1
2014   2 28  6 32 55 518039  -20.59650  -47.19056     4246  53.3  2  0  5 10 0 0 0 1 1 0 0 1 0 0 1 0 0 1
2014   2 28  6 32 55 808611  -21.98168  -46.04338     3273  65.0  1  0  7 21 0 0 1 1 1 0 0 1 0 1 1 0 0 1
2014   2 28  6 32 55 878205  -20.61674  -47.18435     4742  54.1  1  0  6 12 0 0 1 1 1 0 0 1 0 0 1 0 0 1
2014   2 28  6 32 55 907767  -20.60025  -47.33596     3194  66.5  1  0  7 21 0 0 1 1 1 0 0 1 0 1 0 1 0 1
2014   2 28  6 32 56  88458    3.18581  -68.05927     8520  73.8  2  0  6 15 0 0 0 1 1 0 0 0 0 1 1 1 0 1
2014   2 28  6 32 56 129229  -24.23716  -45.61932     3265  53.7  1  0  7 21 0 0 1 1 1 0 0 1 0 1 1 0 0 1
2014   2 28  6 32 57 171652  -22.72100  -47.23257     3847  90.7  2  0  7 18 0 0 1 1 1 0 0 1 0 1 0 1 0 1
2014   2 28  6 32 57 187781  -22.73704  -46.96964     3059  14.2  0  0  4  6 0 0 1 0 0 0 0 1 0 0 1 0 0 1
2014   2 28  6 32 57 457649  -22.81165  -47.07202     4322  83.5  2  0  7 16 0 0 1 1 1 0 0 1 0 0 1 1 0 1
2014   2 28  6 32 57 530350  -22.82672  -46.99458     3748  60.6  2  0  6 14 0 0 1 1 1 0 0 1 0 0 1 0 0 1
2014   2 28  6 32 58 396381  -29.16724  -42.42395     6376  61.0  2  0  5 10 0 0 1 1 1 0 0 1 0 0 1 0 0 0
2014   2 28  6 32 58 476927  -29.09546  -42.76017     3647  21.7  0  0  5 10 0 0 1 1 1 0 0 1 0 0 0 0 0 1
2014   2 28  6 32 58 490215  -20.81491  -47.32368     4133  73.3  2  0  6 12 0 0 1 1 0 0 0 1 0 1 0 1 0 1
2014   2 28  6 32 59 170902  -21.04217  -47.10246     3706  92.0  2  0  7 21 0 0 1 1 1 0 0 1 0 1 1 0 0 1
2014   2 28  6 32 59 184276  -21.09869  -46.93285     4051  71.2  2  0  6 15 0 0 1 1 1 0 0 1 0 0 1 0 0 1
2014   2 28  6 32 59 202804  -20.91641  -47.27827     3884  95.7  2  0  7 21 0 0 1 1 1 0 0 1 0 1 1 1 0 0
2014   2 28  6 32 59 323996  -21.08602  -46.93687     4110  69.0  2  0  6 14 0 0 1 1 1 0 0 1 0 0 1 0 0 1
2014   2 28  6 32 59 368765    2.11451  -67.00858     6377  86.6  2  0  6 15 0 0 0 1 1 0 0 1 0 0 1 1 0 1
2014   2 28  6 32 59 396091  -21.07175  -46.96516     4224  81.9  2  0  7 16 0 0 1 1 1 0 0 1 0 1 1 0 0 1
2014   2 28  6 32 59 469606  -21.05392  -47.10514     4894 103.9  2  0  6 15 0 0 1 1 1 0 0 0 0 1 1 0 0 1
2014   2 28  6 32 59 507670  -21.10218  -46.93182     4099  72.9  2  0  6 15 0 0 1 1 1 0 0 1 0 0 1 0 0 1
2014   2 28  6 32 59 598380  -20.99208  -47.14804     3816  97.8  2  0  7 21 0 0 1 1 1 0 0 1 0 1 1 0 0 1
2014   2 28  6 32 59 676891   -9.18172  159.51608     8856  13.0  0  0  4  6 0 0 1 0 0 0 0 1 0 0 1 1 0 0
2014   2 28  6 33  0 137868    6.66667  -77.88360     6523  86.3  2  0  7 21 0 0 1 0 1 0 0 1 0 1 1 1 0 1
2014   2 28  6 33  0 156435   -2.25847  150.05739    17982   5.7  0  0  4  6 0 0 1 1 0 0 0 0 0 0 1 1 0 0
2014   2 28  6 33  0 429567    5.69345  -77.41382    18942 109.6  2  0  6 15 0 0 1 1 0 0 0 1 0 1 1 0 0 1
2014   2 28  6 33  0 618756   31.47289 -134.83379    25194  79.5  2  0  6 15 0 0 1 1 1 0 0 1 0 0 1 1 0 0
2014   2 28  6 33  0 748010  -13.03601  -71.39417     6198 106.4  2  0  6 15 0 0 1 1 1 0 0 0 0 0 1 1 0 1
2014   2 28  6 33  2 210994  -21.12720  -46.80593     4632  91.2  2  0  6 15 0 0 1 1 1 0 0 1 0 0 1 0 0 1
2014   2 28  6 33  3 486134   -0.46499  -70.27097     8412  17.7  0  0  5 10 0 0 1 1 1 0 0 0 0 1 0 0 0 1
2014   2 28  6 33  4 295617  -29.31496  -42.05632     3543   6.5  0  0  4  6 0 0 1 1 0 0 0 0 0 0 1 0 0 1
2014   2 28  6 33  4 535397  -29.33037  -42.15789     3113  15.4  0  0  6 13 0 0 1 1 1 0 0 1 0 1 0 0 0 1
2014   2 28  6 33  4 785113  -33.00496  -41.54540     3768  15.8  0  0  7 21 0 0 0 1 1 0 0 1 0 1 1 1 0 1
2014   2 28  6 33  4 857189  -33.04082  -41.51453     2794  14.9  0  0  7 21 0 0 1 1 1 0 0 1 0 0 1 1 0 1
2014   2 28  6 33  4 872109  -33.06192  -41.47347     3679   7.5  0  0  4  6 0 0 1 1 0 0 0 1 0 0 1 0 0 0
2014   2 28  6 33  4 882753  -33.06232  -41.48550     2743   5.1  0  0  6 15 0 0 1 1 1 0 0 1 0 0 1 0 0 1
2014   2 28  6 33  4 931486  -33.04075  -41.51717     2791  14.8  0  0  7 21 0 0 1 1 1 0 0 1 0 0 1 1 0 1
2014   2 28  6 33  4 987224  -33.10924  -41.49323     4263   5.9  0  0  5 10 0 0 0 1 1 0 0 1 0 0 1 0 0 1
2014   2 28  6 33  5 309411  -22.04581  -45.73724     3167   2.4  0  0  4  6 0 0 1 1 0 0 0 1 0 0 1 0 0 0
2014   2 28  6 33  5 745659  -29.27141  -42.10782     2842   2.9  0  0  5 10 0 0 1 1 1 0 0 0 0 0 1 0 0 1
2014   2 28  6 33  5 796936  -29.27569  -42.10421     2858   3.8  0  0  5 10 0 0 1 1 1 0 0 0 0 0 1 0 0 1
2014   2 28  6 33  5 834578  -29.27283  -42.10144     2657   5.0  0  0  6 15 0 0 1 1 1 0 0 1 0 0 1 0 0 1
2014   2 28  6 33  6 134789  -24.56775  -45.11833     2949  12.6  0  0  5 10 0 0 0 1 1 0 0 1 0 0 1 0 0 1
2014   2 28  6 33  7 762136  -21.98396  -46.09668     2743   8.2  0  0  5 10 0 0 1 1 1 0 0 0 0 0 1 0 0 1
2014   2 28  6 33  7 992970  -22.55172 -140.28975    13392  12.2  0  0  4  6 0 0 1 0 0 0 0 0 0 0 1 1 0 1
2014   2 28  6 33 10  53665  -29.19250  -42.29239     4244  31.2  1  0  5 10 0 0 1 1 1 0 0 0 0 0 1 0 0 1
2014   2 28  6 33 10 534899  -12.31097  -73.79782    10070  51.4  2  0  5  9 0 0 0 1 1 0 0 1 0 1 0 1 0 0
2014   2 28  6 33 10 699938  -12.07463  -73.23363     8671  70.0  2  0  6 15 0 0 0 1 1 0 0 0 0 1 1 1 0 1
2014   2 28  6 33 10 727619  -12.00627  -73.12807     3487  46.7  0  0  7 21 0 0 1 1 1 0 0 1 0 0 1 1 0 1
2014   2 28  6 33 10 928029  -20.50081  -47.40046     3730  44.1  1  0  6 11 0 0 1 1 0 0 0 1 0 1 1 0 0 1
2014   2 28  6 33 10 975254    2.20058  -18.73615     3743  36.4  0  0  7 20 0 0 1 1 1 0 0 1 1 0 1 0 0 1
2014   2 28  6 33 12  46805    8.23089  -74.78951     6024  58.8  1  0  6 13 0 0 1 1 1 0 0 1 0 0 0 1 0 1
2014   2 28  6 33 12 383975  -23.00768  -45.94702     3916  58.3  1  0  6 15 0 0 1 1 1 0 0 1 0 0 1 0 0 1
2014   2 28  6 33 12 907712  -22.72112  -46.35186     2891  42.3  0  0  7 18 0 0 1 1 0 0 0 1 0 1 0 1 1 1
2014   2 28  6 33 12 926905  -22.92541  -45.91041     3820  53.5  1  0  6 14 0 0 1 1 1 0 0 1 0 0 1 0 0 1
2014   2 28  6 33 13 873429   30.67209 -130.33919    21578  84.1  2  0  6 15 0 0 1 1 1 0 0 0 0 0 1 1 0 1
2014   2 28  6 33 14   6510    8.44559  -62.19212    11352  18.2  0  0  5 10 0 0 1 1 1 0 0 0 0 0 1 0 0 1
2014   2 28  6 33 14 187281  -15.87731  -51.49255     3540  76.2  2  0  7 21 0 0 1 1 1 0 0 0 0 1 1 1 0 1
2014   2 28  6 33 14 222564  -15.91833  -51.54434     4045  73.5  2  0  6 14 0 0 0 1 0 0 0 1 0 1 1 1 0 1
2014   2 28  6 33 14 234307  -16.00542  -51.41969     3448  67.2  1  0  7 21 0 0 1 1 1 0 0 1 0 1 1 0 0 1
2014   2 28  6 33 14 379240  -29.12670  -42.43568     4781  51.8  1  0  6 15 0 0 1 1 1 0 0 1 0 0 1 0 0 1
2014   2 28  6 33 14 515134  -29.08363  -42.53656     3894  53.2  1  0  7 21 0 0 1 1 1 0 0 1 0 1 1 0 0 1
2014   2 28  6 33 14 586848  -20.63450  -47.17033     3640  78.1  2  0  7 20 0 0 1 0 1 0 0 1 0 1 1 1 0 1
2014   2 28  6 33 14 679290   -5.95648  -74.90269     4183  32.7  1  0  5 10 0 0 1 1 0 0 0 1 0 0 1 1 0 0
2014   2 28  6 33 14 856035  -16.01293  -51.42065     3561  72.1  2  0  7 21 0 0 1 1 1 0 0 1 0 1 1 0 0 1
2014   2 28  6 33 15 122579    4.54138  -84.17574     7724  33.7  0  0  6 14 0 0 1 0 1 0 0 1 0 1 0 0 1 1
2014   2 28  6 33 15 213513    6.27338  -88.09493    20232  55.9  2  0  5 10 0 0 0 1 1 0 0 1 0 0 0 1 0 1
2014   2 28  6 33 15 244947   -6.08833  -75.03883     7528  79.9  2  0  6 15 0 0 0 1 1 0 0 1 0 0 1 1 0 1
2014   2 28  6 33 15 265873    5.99849  -85.79426     8046  98.2  2  0  7 21 0 0 1 1 1 0 0 1 0 1 0 1 0 1
2014   2 28  6 33 15 448908    4.75149  -84.58222    15028  83.4  2  0  6 15 0 0 1 1 1 0 0 1 0 1 0 0 0 1
2014   2 28  6 33 15 693756    6.35556  -86.44080    12200  40.4  1  0  5  7 0 0 1 1 0 0 0 1 0 0 1 1 0 0
2014   2 28  6 33 15 934742  -20.36289  -46.82186     3348  66.3  1  0  7 20 0 0 1 1 1 0 0 1 0 1 1 1 0 0
2014   2 28  6 33 15 954965   -9.77278    1.65004    64515  64.8  2  0  5 10 0 0 1 1 1 0 0 0 0 0 1 0 0 1
2014   2 28  6 33 16 128424  -20.66859  -46.64567     3955  81.1  2  0  6 15 0 0 0 1 1 0 0 1 0 1 1 0 0 1
2014   2 28  6 33 16 717427  -20.26637  -46.76072     3625  33.7  1  0  5 10 0 0 1 0 1 0 0 1 0 0 1 0 0 1
2014   2 28  6 33 17  81965  -12.49062  156.65082    13488  76.1  2  0  6 15 0 0 1 1 1 0 0 1 0 0 1 1 0 0
2014   2 28  6 33 17 125517  -13.76269  159.41370    25357  81.6  2  0  6 15 0 0 1 1 1 0 0 0 0 1 0 1 0 1
2014   2 28  6 33 17 157731  -12.50467  156.68193    18274  79.4  2  0  6 14 0 0 1 1 1 0 0 1 0 0 1 1 0 0
2014   2 28  6 33 17 219948  -12.48992  156.88268     8708  27.3  0  0  5 10 0 0 1 1 0 0 0 1 0 0 1 1 0 0
2014   2 28  6 33 17 353746  -12.52202  157.00897    11374  26.7  1  0  4  6 0 0 0 1 0 0 0 1 0 0 1 1 0 0
2014   2 28  6 33 17 859328  -29.11294  -42.57993     7153  72.8  2  0  5 10 0 0 1 1 1 0 0 1 0 0 1 0 0 0
2014   2 28  6 33 17 992580  -28.56264  -43.04577     3992  20.5  0  0  5 10 0 0 0 1 1 0 0 1 0 0 1 0 0 1
2014   2 28  6 33 18 129254  -22.26385  -45.90739     4420  88.0  2  0  6 15 0 0 1 1 1 0 0 1 0 0 1 0 0 1
2014   2 28  6 33 18 153573  -29.10614  -42.59026     7271  74.5  2  0  5 10 0 0 1 1 1 0 0 1 0 0 1 0 0 0
2014   2 28  6 33 19 111978  -21.19602  -46.88270     3201  19.2  0  0  5 10 0 0 1 1 1 0 0 0 0 0 1 0 0 1
2014   2 28  6 33 20 538086  -12.24956  -73.20810     4346   2.5  0  0  4  6 0 0 0 1 1 0 0 1 0 0 0 1 0 0
2014   2 28  6 33 21 744027    4.84961  -72.57866     3788  26.1  0  0  6 13 0 0 1 1 1 0 0 1 0 1 0 1 0 0
2014   2 28  6 33 21 894251    4.85482  -72.54371     3147  24.9  0  0  7 20 0 0 1 1 1 0 0 1 0 0 1 1 0 1
2014   2 28  6 33 22 261390  -13.95703  -43.76089     3254  23.2  0  0  5  8 0 0 1 1 1 0 0 1 0 0 0 0 0 1
2014   2 28  6 33 23 871330  -20.80708  -47.08525     3732  61.2  2  0  6 15 0 0 1 1 1 0 0 1 0 0 1 0 0 1
2014   2 28  6 33 23 941308    8.96083  -73.71874     5074  39.8  0  0  7 21 0 0 0 1 1 0 0 1 0 1 1 1 0 1
2014   2 28  6 33 23 970840  -14.25590  -43.35809     4000  15.0  0  0  6 15 0 0 1 0 1 0 0 1 0 0 1 1 0 1
2014   2 28  6 33 24 122157  -20.96855  -47.12048     3030  52.4  1  0  7 19 0 0 0 1 1 0 0 1 0 1 1 1 0 1
2014   2 28  6 33 24 435564   -5.85265  -43.71296     2735  39.4  0  0  7 21 0 0 1 1 1 0 0 1 0 0 1 0 1 1
2014   2 28  6 33 24 530581  -28.95430  -42.53167     3526  21.9  0  0  6 15 0 0 0 1 1 0 0 1 0 1 1 0 0 1
2014   2 28  6 33 24 652943  -20.90019  -46.60487     2909  48.0  0  0  7 20 0 0 1 1 1 0 0 1 0 1 0 1 0 1
2014   2 28  6 33 24 784829  -21.20472  -46.52888     2992  14.3  0  0  5 10 0 0 1 1 1 0 0 0 0 0 1 0 0 1
2014   2 28  6 33 25 173583  -22.20478  -45.93324     3400  35.5  1  0  5 10 0 0 1 1 1 0 0 1 0 0 0 0 0 1
2014   2 28  6 33 25 240559  -22.18752  -45.91351     4102  39.3  1  0  5  7 0 0 1 1 1 0 0 1 0 0 0 0 0 1
2014   2 28  6 33 25 421978  -20.35059  -49.13944     4389  67.4  2  0  6 12 0 0 1 0 1 0 0 1 0 0 1 1 0 1
2014   2 28  6 33 25 448506  -20.34567  -49.20023     3596  65.9  1  0  7 16 0 0 0 1 1 0 0 1 0 1 1 1 0 1
2014   2 28  6 33 26 302835  -22.57722  -47.41569     3470  39.3  0  0  6 11 0 0 1 1 1 0 0 0 0 1 1 1 0 0
2014   2 28  6 33 26 397644  -22.81145  -47.07494     3195  43.6  1  0  6 15 0 0 1 1 1 0 0 1 0 0 1 0 0 1
2014   2 28  6 33 26 399754    5.67096  -85.54478    10412  61.4  2  0  6 15 0 0 0 1 1 0 0 1 0 0 1 1 0 1
2014   2 28  6 33 29  72693   -5.60327  -54.95806     4567  50.4  2  0  5 10 0 0 0 1 1 0 0 1 0 0 0 1 0 1
2014   2 28  6 33 29 244982  -12.06745  -73.16248     8878  79.2  2  0  6 15 0 0 0 0 1 0 0 1 0 1 1 1 0 1
2014   2 28  6 33 29 425711  -21.84840  -45.88198     4771 105.9  2  0  7 20 0 0 1 1 0 0 0 1 0 0 1 1 1 1
2014   2 28  6 33 29 501649  -30.61767  -42.13565     6045  74.8  2  0  7 21 0 0 1 0 1 0 0 1 0 1 1 1 0 1
2014   2 28  6 33 29 582272  -30.63186  -42.34089     6004  71.4  2  0  6 15 0 0 1 1 1 0 0 1 0 0 1 0 0 1
2014   2 28  6 33 29 829054  -30.70893  -42.22780     7494  70.3  2  0  5 10 0 0 1 1 0 0 0 1 0 0 1 0 0 1
2014   2 28  6 33 30 309285  -29.10773  -42.55155     5609  69.6  2  0  6 15 0 0 1 1 1 0 0 1 0 0 1 0 0 1
2014   2 28  6 33 30 377017   -5.95492  -74.94526     4455  23.5  1  0  4  6 0 0 1 1 0 0 0 1 0 0 0 1 0 0
2014   2 28  6 33 30 398752   -6.06069  -74.76822     5826  86.5  2  0  6 15 0 0 1 1 1 0 0 1 0 0 1 1 0 0
2014   2 28  6 33 30 442045   -6.07639  -74.76691     6455 101.7  2  0  6 15 0 0 1 1 0 0 0 1 0 1 1 1 0 0
2014   2 28  6 33 30 590326   -6.14038  -74.40989     5073  84.1  2  0  7 21 0 0 1 0 1 0 0 1 0 1 1 1 0 1
2014   2 28  6 33 30 674454   -6.10501  -74.68366     5560 105.9  2  0  7 21 0 0 1 1 0 0 0 1 0 1 1 1 0 1
2014   2 28  6 33 30 729781   -6.67422  -73.75352     6781  61.1  2  0  6 15 0 0 1 0 1 0 0 1 0 1 1 0 0 1
2014   2 28  6 33 31 229153  -29.71712  -42.36022     5340  92.1  2  0  7 20 0 0 1 1 0 0 0 1 0 1 1 1 0 1
2014   2 28  6 33 31 298663  -29.05481  -42.92388     4450  49.1  0  0  7 20 0 0 0 1 1 0 0 1 0 1 1 1 0 1
2014   2 28  6 33 31 398492  -29.73136  -42.42373     4750  76.8  2  0  7 21 0 0 1 1 1 0 0 1 0 1 1 0 0 1
2014   2 28  6 33 31 586138  -22.87720  -46.95276     4200  80.4  2  0  6 15 0 0 1 1 1 0 0 1 0 0 1 0 0 1
2014   2 28  6 33 31 839176  -23.55315  -46.29709     3602  26.5  0  0  5 10 0 0 1 1 1 0 0 0 0 0 1 0 0 1
2014   2 28  6 33 32 399408  -16.06301  -51.45233     4781 102.3  2  0  6 15 0 0 0 1 1 0 0 1 0 1 1 0 0 1
2014   2 28  6 33 32 687689  -16.02886  -51.24074     5757  74.6  2  0  6 11 0 0 1 1 1 0 0 1 0 0 1 0 0 1
2014   2 28  6 33 33 675642  -24.72745  -45.30825     4895  84.8  2  0  6 15 0 0 1 1 1 0 0 1 0 0 1 0 0 1
2014   2 28  6 33 34 906868  -21.93111 -140.48260    20902 106.3  2  0  7 21 0 0 1 0 1 0 0 1 0 1 1 1 0 1
2014   2 28  6 33 35  58271  -21.01356  -47.22178     4290 124.9  2  0  7 21 0 0 1 1 1 0 0 1 0 1 1 0 0 1
2014   2 28  6 33 35 354373  -21.12539  -46.97629     6954 110.9  2  0  6 13 0 0 1 1 1 0 0 1 0 0 1 0 0 1
2014   2 28  6 33 35 451559    3.33158  -84.38959     8491 114.6  2  0  7 21 0 0 1 0 1 0 0 1 0 1 1 1 0 1
2014   2 28  6 33 35 591630  -29.00940  -42.76550     7143  99.8  2  0  6 15 0 0 1 1 1 0 0 1 0 0 1 0 0 1
2014   2 28  6 33 36 218449    4.93560  154.10022    12539  37.5  1  0  5  9 0 0 0 1 0 0 0 1 0 1 1 1 0 0
2014   2 28  6 33 36 285685  -22.14998  -45.91718     2507   4.0  0  0  5 10 0 0 1 1 0 0 0 1 0 0 1 0 0 1
2014   2 28  6 33 36 457626    4.94098  153.94150     7548  32.2  0  0  6 14 0 0 1 0 1 0 0 1 0 1 1 1 0 0
2014   2 28  6 33 36 672532  -21.98530  -45.96414     2564   5.1  0  0  5  9 0 0 0 1 1 0 0 1 0 0 1 0 0 1
2014   2 28  6 33 36 681598  -21.98220  -45.96134     2506   5.0  0  0  5 10 0 0 0 1 1 0 0 1 0 0 1 0 0 1
2014   2 28  6 33 37  11049  -21.99615  -45.94564     2850   7.0  0  0  5  7 0 0 1 1 1 0 0 1 0 0 0 0 0 1
2014   2 28  6 33 37 735525   -8.92331  -76.43719     3366  14.5  0  0  5  9 0 0 1 1 0 0 0 1 0 0 1 1 0 0
2014   2 28  6 33 37 974446   -8.93675  -76.37717     3176  24.6  0  0  7 18 0 0 1 1 0 0 0 1 0 1 1 1 0 1
2014   2 28  6 33 38 696126  -24.68250  -45.48567     3436  29.5  0  0  5 10 0 0 1 1 1 0 0 1 0 0 0 0 0 1
2014   2 28  6 33 38 726918  -20.98851  -47.13614     4145  49.5  1  0  5 10 0 0 1 1 1 0 0 1 0 0 0 0 0 1
2014   2 28  6 33 38 839448  -14.23644  -43.77749     3029  24.5  0  0  6 12 0 0 1 1 1 0 0 1 0 0 1 0 0 1
2014   2 28  6 33 38 963835    6.98682  -74.05742     3915  22.7  0  0  7 20 0 0 0 1 1 0 0 1 0 1 1 1 0 1
2014   2 28  6 33 39  52890  -24.68003  -45.58815     3156  30.7  0  0  6 15 0 0 1 1 1 0 0 1 0 0 1 0 0 1
2014   2 28  6 33 39 254504  -29.10316  -42.37750     3315  16.3  0  0  6 15 0 0 0 1 1 0 0 1 0 1 1 0 0 1
2014   2 28  6 33 39 279572  -24.83078  -45.46222     3800  30.4  1  0  5  8 0 0 1 1 1 0 0 1 0 0 0 0 0 1
2014   2 28  6 33 39 524261  -29.10100  -42.37712     3933  16.6  0  0  5 10 0 0 0 1 1 0 0 1 0 0 1 0 0 1
2014   2 28  6 33 39 571181  -29.21606  -42.27682     3217  22.1  0  0  6 15 0 0 1 1 1 0 0 1 0 0 1 0 0 1
2014   2 28  6 33 39 956468  -29.23582  -42.34369     4134  14.3  0  0  4  6 0 0 1 1 1 0 0 1 0 0 0 0 0 0
2014   2 28  6 33 40 206985  -18.77691 -143.01431    13527  16.0  0  0  4  6 0 0 1 1 0 0 0 0 0 0 1 1 0 0
2014   2 28  6 33 40 570455  -18.71812 -143.25780     8332  14.5  0  0  5  9 0 0 1 1 0 0 0 1 0 0 1 1 0 0
2014   2 28  6 33 40 683499  -29.18650  -42.30000     3571  29.2  0  0  6 15 0 0 1 1 1 0 0 1 0 0 1 0 0 1
2014   2 28  6 33 40 709589    2.45785    2.87117    27081  32.0  1  0  5  7 0 0 1 1 0 0 0 1 0 0 1 0 0 1
2014   2 28  6 33 40 928581  -22.41637  -45.82114     3460  54.7  1  0  6 15 0 0 1 1 1 0 0 1 0 0 0 1 0 1
2014   2 28  6 33 41 254597  -22.47027  -45.73359     2997  35.2  0  0  6 15 0 0 1 1 1 0 0 1 0 0 1 0 0 1
2014   2 28  6 33 41 308236  -22.57078  -45.72509     3881  86.9  2  0  7 21 0 0 1 1 1 0 0 1 0 0 1 0 1 1
2014   2 28  6 33 41 366384  -22.42481  -45.67822     2774   1.8  0  0  4  6 0 0 1 0 0 0 0 1 0 0 1 0 0 1
2014   2 28  6 33 41 381000  -22.46173  -45.71020     3335  32.8  1  0  5 10 0 0 1 1 0 0 0 1 0 0 1 0 0 1
2014   2 28  6 33 41 391149  -22.43638  -45.79973     2921  45.5  0  0  7 21 0 0 1 1 1 0 0 1 0 1 1 0 0 1
2014   2 28  6 33 41 418297  -22.47113  -45.73424     3027  36.4  0  0  6 15 0 0 1 1 1 0 0 1 0 0 1 0 0 1
2014   2 28  6 33 41 984141  -12.02623  -73.01502     3466  43.4  0  0  7 21 0 0 1 0 1 0 0 1 0 1 1 1 0 1
2014   2 28  6 33 42 443923  -12.01678  -72.97492     3552  43.6  0  0  7 20 0 0 1 0 1 0 0 1 0 1 1 1 0 1
2014   2 28  6 33 42 475416  -12.05857  -73.12568     6434  45.4  1  0  6 14 0 0 0 0 1 0 0 1 0 1 1 1 0 1
2014   2 28  6 33 42 493061  -12.17997  -72.91412     7600  53.2  2  0  5 10 0 0 1 1 1 0 0 1 0 0 1 0 0 0
2014   2 28  6 33 42 624971  -12.01507  -72.97326     3601  45.0  0  0  7 20 0 0 1 0 1 0 0 1 0 1 1 1 0 1
2014   2 28  6 33 42 649397  -12.32574  -73.21900     3843  58.4  1  0  7 21 0 0 1 1 1 0 0 1 0 0 1 1 0 1
2014   2 28  6 33 42 806549  -28.29902 -134.10596    10916  46.6  0  0  7 21 0 0 1 0 1 0 0 1 0 1 1 1 0 1
2014   2 28  6 33 43 243525  -20.61242  -47.20062     3320  44.5  1  0  6 15 0 0 1 1 1 0 0 1 0 0 1 0 0 1
2014   2 28  6 33 43 547779  -11.25853  -57.56509     4113  30.8  1  0  5 10 0 0 0 1 1 0 0 0 0 1 0 1 0 1
2014   2 28  6 33 43 578217  -22.18408  -45.73731     3342  44.6  1  0  6 12 0 0 0 1 1 0 0 1 0 0 1 1 0 1
2014   2 28  6 33 43 588369  -20.61674  -47.21588     4578  49.6  1  0  6 12 0 0 1 1 1 0 0 1 0 0 1 0 0 1
2014   2 28  6 33 44  95325  -22.21721  -45.91604     3459  52.9  1  0  6 15 0 0 1 1 1 0 0 1 0 0 1 0 0 1
2014   2 28  6 33 44 657115  -29.19784  -42.21204     6797  45.4  1  0  5 10 0 0 1 0 1 0 0 1 0 0 1 0 0 1
2014   2 28  6 33 44 773435  -29.13684  -42.48370     4709  51.6  1  0  6 15 0 0 1 1 1 0 0 1 0 0 1 0 0 1
2014   2 28  6 33 45 455286  -11.03719  -57.59948     4864  69.4  2  0  6 15 0 0 0 0 1 0 0 1 0 1 1 1 0 1
2014   2 28  6 33 45 796291    4.73934  -72.64359    24751  59.2  2  0  5 10 0 0 1 1 1 0 0 0 0 0 1 0 0 1
2014   2 28  6 33 47 378272  -12.64009  -72.96109     8009  90.2  2  0  6 15 0 0 1 1 1 0 0 1 0 0 1 0 0 1
2014   2 28  6 33 47 620084  -11.95747  -73.09803     6681 110.9  2  0  6 15 0 0 1 1 0 0 0 0 0 1 1 1 0 1
2014   2 28  6 33 47 784369  -29.08309  -42.60112     5596  69.2  2  0  6 15 0 0 1 1 1 0 0 1 0 0 1 0 0 1
2014   2 28  6 33 48 473913  -16.36342  -51.49263     4085  98.7  2  0  7 21 0 0 1 1 1 0 0 1 0 1 1 0 0 1
2014   2 28  6 33 48 537861  -11.98015  -73.32882     6231 102.0  2  0  6 15 0 0 1 1 1 0 0 1 0 0 1 1 0 0
2014   2 28  6 33 48 551910  -16.35075  -51.36146     4612  86.7  2  0  6 15 0 0 1 0 1 0 0 1 0 1 1 0 0 1
2014   2 28  6 33 48 593281  -16.37856  -51.50344     4096  99.5  2  0  7 21 0 0 1 1 1 0 0 1 0 1 1 0 0 1
2014   2 28  6 33 48 616941   -6.80097  -58.62273     4148  97.1  2  0  7 21 0 0 1 1 1 0 0 1 0 0 1 1 0 1
2014   2 28  6 33 48 696974  -12.36843  -72.75449     7083  93.3  2  0  7 21 0 0 1 1 1 0 0 1 0 0 1 0 1 1
2014   2 28  6 33 48 986796  -11.98848  -72.93501     6376  91.1  2  0  6 14 0 0 1 0 0 0 0 1 0 1 1 1 0 1
2014   2 28  6 33 49  59241  -31.74170 -136.47874    20972 101.3  2  0  7 21 0 0 1 1 1 0 0 1 0 0 1 1 0 1
2014   2 28  6 33 51 478356   -6.28074   13.03257    28398 111.6  2  0  6 11 0 0 1 1 0 0 0 1 0 0 1 1 0 1
2014   2 28  6 33 52  35651  -21.97307  -45.90531     2581   0.5  0  0  5  9 0 0 1 1 1 0 0 1 0 0 0 0 0 1
2014   2 28  6 33 52 118654  -21.94294  -45.94417     2695  18.1  0  0  6 13 0 0 1 1 1 0 0 1 0 0 0 1 0 1
2014   2 28  6 33 52 685962  -22.64116 -140.50096     7733  12.7  0  0  5 10 0 0 1 1 0 0 0 1 0 1 0 1 0 0
2014   2 28  6 33 52 768743  -22.63239 -140.51477     6108  11.7  0  0  6 15 0 0 1 1 1 0 0 1 0 1 0 1 0 0
2014   2 28  6 33 52 834817  -22.62671 -140.57080     8192  12.8  0  0  5 10 0 0 1 1 1 0 0 1 0 0 0 1 0 0
2014   2 28  6 33 52 853914  -22.64016 -141.40813    13952   3.6  0  0  4  6 0 0 0 1 1 0 0 1 0 0 0 1 0 0
2014   2 28  6 33 53 123952  -22.71595 -140.56660    10070  22.0  0  0  5 10 0 0 1 1 0 0 0 1 0 0 0 1 0 1
2014   2 28  6 33 53 144490  -22.59178 -140.71968    10576  10.2  0  0  4  6 0 0 1 1 0 0 0 1 0 0 0 1 0 0
2014   2 28  6 33 53 524374  -22.09059  -45.70761     2652   8.1  0  0  5  9 0 0 1 1 1 0 0 1 0 0 0 0 0 1
2014   2 28  6 33 53 613046    6.05683  -77.47031     4626  11.2  0  0  6 15 0 0 1 1 1 0 0 1 0 1 0 0 0 1
2014   2 28  6 33 54 445221  -20.71305  -47.24892     2963  26.5  0  0  6 13 0 0 1 1 1 0 0 1 0 1 0 1 0 0
2014   2 28  6 33 56 556674  -13.20534  -71.27967     5270  36.3  1  0  5 10 0 0 1 1 1 0 0 1 0 0 0 0 0 1
2014   2 28  6 33 56 625917  -13.02484  -71.51567     3515  50.1  1  0  7 21 0 0 1 1 1 0 0 1 0 1 0 1 0 1
2014   2 28  6 33 57 124821  -29.18807  -42.44279     3698  22.6  0  0  5 10 0 0 1 1 1 0 0 1 0 0 0 0 0 1
2014   2 28  6 33 57 712748   -4.80276  -72.73845     6443  30.2  1  0  5  7 0 0 0 1 1 0 0 1 0 1 0 1 0 0
2014   2 28  6 33 57 727040   -4.69207  -72.12477     4695  49.7  1  0  5 10 0 0 1 1 0 0 0 1 0 0 0 1 0 1
2014   2 28  6 33 57 760144   -4.74683  -72.07571     4526  60.6  2  0  6 15 0 0 1 1 0 0 0 1 0 1 0 1 0 1
2014   2 28  6 33 57 845006   -4.73960  -72.09443     4007  58.7  1  0  7 21 0 0 1 1 1 0 0 1 0 1 0 1 0 1
2014   2 28  6 33 57 878054  -23.02301  -45.87953     4372  53.1  2  0  5 10 0 0 1 1 1 0 0 1 0 0 0 0 0 1
2014   2 28  6 33 57 888146   -4.74258  -72.09182     4010  58.7  1  0  7 21 0 0 1 1 1 0 0 1 0 1 0 1 0 1
2014   2 28  6 33 58 965716  -20.98219  -47.18273     3687  30.6  1  0  5  8 0 0 1 1 1 0 0 1 0 1 0 0 0 0
2014   2 28  6 33 58 992633  -20.99117  -47.13478     3246  66.8  1  0  7 20 0 0 1 1 1 0 0 1 0 1 0 1 0 1
2014   2 28  6 33 59  75909  -20.87959  -47.27132     3095  40.6  0  0  7 16 0 0 1 1 1 0 0 1 0 1 0 1 1 0
2014   2 28  6 33 59 354659  -21.56096 -142.13422    18836  57.0  2  0  5 10 0 0 1 1 1 0 0 1 0 0 0 1 0 0
2014   2 28  6 33 59 370797  -21.10281  -47.15167     3128  31.1  1  0  5 10 0 0 0 1 1 0 0 1 0 1 0 0 0 1
2014   2 28  6 33 59 506480  -21.73677 -144.51146    25411  60.9  2  0  6 15 0 0 0 1 1 0 0 1 0 1 0 1 0 1
2014   2 28  6 33 59 658596  -21.02772  -47.00982     4405  67.1  2  0  6 11 0 0 1 1 1 0 0 1 0 0 0 1 0 1
2014   2 28  6 33 59 930666  -29.13147  -42.65351     3825  24.7  0  0  5 10 0 0 1 1 1 0 0 1 0 0 0 0 0 1
2014   2 28  6 34  0 328760  -22.24716  -45.90910     4159  56.3  2  0  5 10 0 0 1 1 1 0 0 1 0 0 0 0 0 1
2014   2 28  6 34  0 665120    3.52062  -15.14719    13211  67.5  2  0  6 14 0 0 1 1 1 0 0 1 0 0 0 1 0 1
2014   2 28  6 34  0 862826  -22.11957  -45.94576     4019  36.8  1  0  5  7 0 0 0 1 1 0 0 1 0 1 0 0 0 1
2014   2 28  6 34  1 105887   -4.58156  -71.59698     5254  81.4  2  0  6 15 0 0 1 1 1 0 0 1 0 0 0 1 0 1
2014   2 28  6 34  1 590776   -9.15997  159.63554    11997  28.4  1  0  4  6 0 0 1 1 0 0 0 1 0 0 0 1 0 0
2014   2 28  6 34  1 958921  -21.00507  -47.05790     3863  93.1  2  0  7 19 0 0 1 1 1 0 0 1 0 1 0 1 0 1
2014   2 28  6 34  1 977092  -20.99410  -47.04987     4878  99.5  2  0  6 15 0 0 1 1 1 0 0 1 0 0 0 1 0 1
2014   2 28  6 34  2 304366  -21.07489  -46.90809     4636  66.3  2  0  6 11 0 0 1 1 1 0 0 1 0 0 0 1 0 1
2014   2 28  6 34  2 421075  -20.99457  -47.04247     4139  97.8  2  0  7 18 0 0 1 1 1 0 0 1 0 1 0 1 0 1
2014   2 28  6 34  2 464021  -21.01764  -47.07557     4439  98.6  2  0  7 17 0 0 1 1 0 0 0 1 0 1 0 1 1 1
2014   2 28  6 34  2 474729  -29.11271  -42.75269     3772  10.1  0  0  4  6 0 0 1 1 1 0 0 1 0 0 0 0 0 0
2014   2 28  6 34  2 501719  -21.00447  -47.04725     5619 108.1  2  0  6 14 0 0 1 1 1 0 0 1 0 0 0 1 0 1
2014   2 28  6 34  2 604633   -8.82441  -76.34953     5851 108.1  2  0  7 20 0 0 1 1 1 0 0 1 0 1 0 1 0 1
2014   2 28  6 34  2 805635   -8.79928  -76.26903     7271 112.5  2  0  6 15 0 0 1 1 1 0 0 0 0 1 0 1 0 1
2014   2 28  6 34  2 941588   -8.77108  -75.90318     3550  22.0  0  0  5 10 0 0 1 0 1 0 0 0 0 1 0 1 0 1
2014   2 28  6 34  3    565   -9.21836  -77.82978     9917  64.4  2  0  6 15 0 0 0 1 1 0 0 1 0 1 0 1 0 1
2014   2 28  6 34  3 113766   -8.80797  -76.42619     7225 116.8  2  0  6 15 0 0 1 1 1 0 0 1 0 1 0 1 0 0
2014   2 28  6 34  3 539406  -22.74054  -47.31682     4034 116.0  2  0  7 21 0 0 1 1 1 0 0 1 0 1 0 1 0 1
2014   2 28  6 34  3 586902  -22.82085  -47.26887     4425 102.4  2  0  6 15 0 0 1 1 1 0 0 1 0 1 0 0 0 1
2014   2 28  6 34  4 830678   -5.47939  155.28215    11829  37.0  1  0  4  6 0 0 1 1 0 0 0 1 0 0 0 1 0 0
2014   2 28  6 34  5 168700  -20.93570  -47.27372     4112 118.1  2  0  7 21 0 0 1 1 1 0 0 1 0 1 0 1 0 1
2014   2 28  6 34  6 900435  -28.98526  -43.13896     4651  39.7  1  0  5 10 0 0 1 1 1 0 0 1 0 0 0 0 0 1
2014   2 28  6 34  6 921545  -28.98042  -43.10676     3894  42.5  1  0  6 15 0 0 1 1 0 0 0 1 0 1 0 1 0 1
2014   2 28  6 34  6 949824   -6.86260  -78.11592     7154   9.3  0  0  4  6 0 0 0 1 1 0 0 0 0 1 0 1 0 0
2014   2 28  6 34  7   2626   -5.79898  -75.09309     5750  39.4  1  0  5  7 0 0 1 1 0 0 0 1 0 0 0 1 1 0
2014   2 28  6 34  7 115331   -4.38306  -71.64868     6715 143.0  2  0  7 21 0 0 1 1 1 0 0 1 0 1 0 1 0 1
2014   2 28  6 34  7 138707   -6.44255  -76.35805    12011  89.1  2  0  6 15 0 0 0 1 1 0 0 1 0 1 0 1 0 1
2014   2 28  6 34 10  39530  -29.24210  -42.24850     4307  17.1  0  0  4  6 0 0 1 1 1 0 0 1 0 0 0 0 0 0
2014   2 28  6 34 10 839534   -4.56606  -71.43296     5773  29.5  0  0  5 10 0 0 1 1 1 0 0 1 0 1 0 0 0 0
2014   2 28  6 34 12 724326  -21.04365  -47.01754     4174  27.7  1  0  4  6 0 0 1 1 1 0 0 1 0 0 0 0 0 0
2014   2 28  6 34 12 790242  -20.87093  -47.06680     4266  29.5  1  0  4  6 0 0 1 1 1 0 0 1 0 0 0 0 0 0
2014   2 28  6 34 14 690794  -29.22903  -42.48527     2906   8.7  0  0  5 10 0 0 1 1 1 0 0 1 0 1 0 0 0 0
2014   2 28  6 34 14 724270  -29.22815  -42.47923     3788   9.7  0  0  4  6 0 0 1 1 1 0 0 1 0 0 0 0 0 0
2014   2 28  6 34 14 944561  -30.74669  -42.47358     4234  12.8  0  0  4  6 0 0 1 1 1 0 0 1 0 0 0 0 0 0
2014   2 28  6 34 15  44099  -15.99603  -51.26073     3911  45.4  1  0  5 10 0 0 1 1 1 0 0 1 0 1 0 0 0 0
2014   2 28  6 34 15  62314  -29.16660  -42.55348     3671   8.0  0  0  4  6 0 0 1 1 1 0 0 1 0 0 0 0 0 0
2014   2 28  6 34 15  94522  -30.75116  -42.47212     4212  12.4  0  0  4  6 0 0 1 1 1 0 0 1 0 0 0 0 0 0
2014   2 28  6 34 17 978734  -22.66439  -46.30852     3531  30.5  1  0  5  8 0 0 1 1 1 0 0 1 0 1 0 0 0 0
2014   2 28  6 34 21 953583  -29.76418  -42.68202     3712   7.6  0  0  4  6 0 0 1 1 1 0 0 1 0 0 0 0 0 0
