2014   2 28  7 54 26 259054    4.47574  -84.07682     5804  13.2  0  0  4  6 0 0 1 0 0 0 0 0 0 1 1 1 0 0
2014   2 28  7 54 27  15290    9.58542  140.51161     6975  17.0  0  0  4  6 0 0 1 0 0 0 0 0 0 1 1 1 0 0
2014   2 28  7 54 33 999627  -20.37100  -52.11105     3406   3.7  0  0  4  6 0 0 1 0 0 0 0 0 0 1 1 1 0 0
2014   2 28  7 54 34  78969  -20.36890  -52.11221     3410   3.9  0  0  4  6 0 0 1 0 0 0 0 0 0 1 1 1 0 0
2014   2 28  7 54 40 537136  -22.71129 -139.70448     4728   5.9  0  0  7 21 0 0 1 1 1 0 0 0 0 1 1 1 0 1
2014   2 28  7 54 40 593654  -22.68905 -140.50775     9432  12.2  0  0  6 15 0 0 0 1 1 0 0 1 0 0 1 1 0 1
2014   2 28  7 54 40 885879  -33.09252  -41.40343     5040  15.2  0  0  5 10 0 0 0 1 1 0 0 1 0 0 1 0 0 1
2014   2 28  7 54 40 963283  -33.12410  -41.39884     5248  16.8  0  0  5 10 0 0 0 1 1 0 0 1 0 0 1 0 0 1
2014   2 28  7 54 40 976084  -33.18426  -41.37587     3054  17.2  0  0  6 14 0 0 1 1 0 0 0 1 0 1 1 0 0 1
2014   2 28  7 54 41  41915  -24.65788  -45.06038     2773  19.2  0  0  6 15 0 0 1 1 1 0 0 1 0 0 1 0 0 1
2014   2 28  7 54 41 216881   -0.72510   -9.46545     5205   0.7  0  0  4  6 0 0 1 0 0 0 0 0 1 0 0 1 0 1
2014   2 28  7 54 41 449908  -30.25219  -41.47920     4120  14.6  0  0  5 10 0 0 0 1 1 0 0 1 0 0 1 0 0 1
2014   2 28  7 54 41 460765  -30.28544  -41.47874     2682  15.7  0  0  7 21 0 0 1 1 1 0 0 1 0 1 1 0 0 1
2014   2 28  7 54 41 496795  -30.27868  -41.45246     3258  23.4  0  0  6 13 0 0 1 1 1 0 0 1 0 0 1 1 0 0
2014   2 28  7 54 41 547153  -30.28661  -41.45083     2925  15.2  0  0  6 15 0 0 1 1 1 0 0 1 0 0 1 0 0 1
2014   2 28  7 54 41 633947  -30.14898  -41.59470     3451  22.8  0  0  7 21 0 0 0 1 1 0 0 1 0 1 1 1 0 1
2014   2 28  7 54 42  15852  -30.17581  -41.57911     3558  16.5  0  0  6 15 0 0 0 1 1 0 0 1 0 1 1 0 0 1
2014   2 28  7 54 42 145790  -30.22254  -41.44101     3308  13.7  0  0  5 10 0 0 1 1 1 0 0 1 0 0 1 0 0 0
2014   2 28  7 54 42 272268  -30.23846  -41.51129     3073  27.1  0  0  7 21 0 0 1 1 1 0 0 1 0 0 1 1 0 1
2014   2 28  7 54 42 767275   -4.43696  -71.98652     3360  24.2  0  0  7 21 0 0 0 1 1 0 0 1 0 1 1 1 0 1
2014   2 28  7 54 43  69950  -21.25169  -46.40795     3055  38.1  0  0  7 16 0 0 1 1 1 0 0 0 0 1 1 1 0 1
2014   2 28  7 54 43  97260  -21.33469  -46.31775     2880  18.4  0  0  5 10 0 0 0 1 1 0 0 1 0 0 1 0 0 1
2014   2 28  7 54 43 104672  -19.34672 -141.80757     7752  25.2  0  0  7 20 0 0 1 1 1 0 0 1 0 0 1 1 0 1
2014   2 28  7 54 43 204731  -21.34180  -46.32866     2886  18.8  0  0  5 10 0 0 0 1 1 0 0 1 0 0 1 0 0 1
2014   2 28  7 54 43 216708  -21.05645  -47.98842     3637  16.7  0  0  5  7 0 0 1 1 1 0 0 1 0 0 0 0 0 1
2014   2 28  7 54 43 242295  -21.35570  -46.32267     3266  20.4  0  0  5  8 0 0 0 1 1 0 0 1 0 0 1 0 0 1
2014   2 28  7 54 44 832088  -12.32329  -71.75639     3355  44.5  0  0  7 21 0 0 1 1 1 0 0 1 0 0 1 1 0 1
2014   2 28  7 54 44 919019  -12.53410  -71.37760     3999  30.6  0  0  6 15 0 0 1 0 1 0 0 1 0 1 1 0 0 1
2014   2 28  7 54 44 956527  -12.30362  -71.68736     3511  48.8  0  0  7 21 0 0 1 1 1 0 0 0 0 1 1 1 0 1
2014   2 28  7 54 45  27751  -12.32744  -71.79009     3378  45.5  0  0  7 21 0 0 1 1 1 0 0 1 0 0 1 1 0 1
2014   2 28  7 54 45  40349  -12.33517  -71.66692     3470  47.0  0  0  7 21 0 0 1 0 1 0 0 1 0 1 1 1 0 1
2014   2 28  7 54 45 626204    5.22033  -85.68031     5047  47.3  0  0  7 21 0 0 1 0 1 0 0 1 0 1 1 1 0 1
2014   2 28  7 54 46  29119  -12.30680  -71.65811     3630  48.1  0  0  7 20 0 0 1 0 1 0 0 1 0 1 1 1 0 1
2014   2 28  7 54 46 302182   -0.83594  -71.77511     3690  48.2  0  0  7 20 0 0 1 1 1 0 0 1 0 0 1 1 0 1
2014   2 28  7 54 46 998899  -19.33755 -143.73444    24543  47.0  1  0  5 10 0 0 0 1 0 0 0 1 0 0 1 1 0 1
2014   2 28  7 54 47  14560  -20.64167 -139.33972    22106  55.6  1  0  7 21 0 0 1 1 1 0 0 1 0 1 0 0 1 1
2014   2 28  7 54 47  40980  -19.45362 -142.25430    11334  53.5  1  0  7 21 0 0 1 1 1 0 0 1 0 0 1 1 0 1
2014   2 28  7 54 47 193523  -19.49083 -142.53099    12771  48.4  1  0  6 15 0 0 1 1 0 0 0 1 0 0 1 1 0 1
2014   2 28  7 54 47 350565  -19.22926 -143.05199     8387  15.5  0  0  5 10 0 0 1 1 0 0 0 1 0 0 1 1 0 0
2014   2 28  7 54 47 405412  -19.58915 -140.84956    14013  33.1  1  0  5 10 0 0 1 0 1 0 0 0 0 0 1 1 0 1
2014   2 28  7 54 47 792731  -10.63636  -57.35676     3897  71.8  2  0  7 21 0 0 1 1 1 0 0 0 0 1 1 1 0 1
2014   2 28  7 54 47 850755   10.19767 -104.35256    10715   9.6  0  0  4  6 0 0 0 1 0 0 0 1 0 0 1 1 0 0
2014   2 28  7 54 49 117686    2.70610  -84.37706     5912  36.2  1  0  5 10 0 0 1 0 1 0 0 0 0 0 1 1 0 1
2014   2 28  7 54 49 153904    3.00487  -85.29213     5191  26.2  0  0  5  8 0 0 1 1 0 0 0 1 0 0 1 1 0 0
2014   2 28  7 54 49 199446  -20.77480  -47.14537     3146  13.9  0  0  4  6 0 0 1 0 0 0 0 1 0 0 1 0 0 1
2014   2 28  7 54 49 210482  -20.78899  -47.41819     4456  80.6  2  0  7 17 0 0 1 1 1 0 0 1 0 1 1 0 0 1
2014   2 28  7 54 49 805918  -26.91461 -136.23869    10798  24.5  0  0  5 10 0 0 1 1 0 0 0 1 0 0 1 1 0 0
2014   2 28  7 54 49 960255   -5.19709  149.38521     7370  68.8  1  0  7 21 0 0 1 1 1 0 0 1 0 0 1 1 0 1
2014   2 28  7 54 49 980854   -5.19368  149.37485     7322  68.5  1  0  7 21 0 0 1 1 1 0 0 1 0 0 1 1 0 1
2014   2 28  7 54 50 248571  -20.14118 -144.69530    15586  77.4  2  0  7 21 0 0 1 1 1 0 0 1 0 0 1 1 0 1
2014   2 28  7 54 52 286497   -3.74269  -71.76772     6063 101.1  2  0  6 15 0 0 1 1 1 0 0 1 0 0 0 1 0 1
2014   2 28  7 54 52 895634    5.21945  -72.94215     6387 102.7  2  0  7 19 0 0 1 1 1 0 0 1 0 0 1 1 0 1
2014   2 28  7 54 53 469772  -20.68681  -46.52444     4013 104.9  2  0  7 21 0 0 1 1 1 0 0 1 0 1 1 0 0 1
2014   2 28  7 54 53 937308  -21.66163  -46.16979     3596  31.6  1  0  5 10 0 0 1 1 1 0 0 0 0 0 1 0 0 1
2014   2 28  7 54 54 434445  -12.69263  -71.77608     5987 130.7  2  0  7 21 0 0 1 0 1 0 0 0 0 1 1 1 1 1
2014   2 28  7 54 54 446969  -13.02055  -71.52219     8971 112.5  2  0  6 15 0 0 1 1 1 0 0 1 0 0 1 0 0 1
2014   2 28  7 54 54 469823  -12.65425  -72.01771     5624 111.5  2  0  7 20 0 0 1 1 1 0 0 1 0 0 1 1 0 1
2014   2 28  7 54 54 517565  -12.55446  -72.39478     4420  42.2  1  0  5 10 0 0 1 1 0 0 0 1 0 0 1 1 0 0
2014   2 28  7 54 54 540827  -12.69207  -71.89886     5771  93.2  2  0  6 15 0 0 1 0 1 0 0 1 0 0 1 1 0 1
2014   2 28  7 54 55  78851    2.09198  -68.91817     5839 108.4  2  0  7 21 0 0 1 0 1 0 0 1 0 1 1 1 0 1
2014   2 28  7 54 55 850756  -24.44310  -45.45426     5142  93.7  2  0  6 15 0 0 1 1 1 0 0 1 0 0 1 0 0 1
2014   2 28  7 54 56 349968  -23.49547  -45.66701     2994  21.7  0  0  6 15 0 0 1 1 1 0 0 1 0 0 1 0 0 1
2014   2 28  7 54 57 385535    0.76592    8.15287    10252   7.1  0  0  5 10 0 0 1 1 1 0 0 1 0 0 0 0 0 1
2014   2 28  7 54 57 700942   -0.92102  -72.24363     3222  19.8  0  0  7 21 0 0 0 1 1 0 0 1 0 1 1 1 0 1
2014   2 28  7 54 57 792191    5.48496  -72.62506     3518  21.2  0  0  7 21 0 0 0 1 1 0 0 1 0 1 1 1 0 1
2014   2 28  7 54 57 813262    5.47805  -72.82100     4058   4.7  0  0  5  9 0 0 0 1 1 0 0 1 0 0 0 1 0 1
2014   2 28  7 54 57 821329    5.49989  -72.60393     4686  20.8  0  0  5  8 0 0 0 1 0 0 0 1 0 0 1 1 0 1
2014   2 28  7 54 57 890833   -1.25166  -71.77875     7243  12.8  0  0  5 10 0 0 1 1 1 0 0 0 0 0 1 0 0 1
2014   2 28  7 54 58 753730  -12.54288  164.00891    65881  27.4  0  0  5 10 0 0 1 1 1 0 0 1 0 0 0 0 0 1
2014   2 28  7 54 58 984271    7.43601  -74.34789     5586  12.3  0  0  5  7 0 0 0 1 1 0 0 1 0 0 0 1 0 1
2014   2 28  7 54 59 384561  -10.03131  160.58542     8409  34.4  0  0  6 15 0 0 1 0 0 0 0 1 0 1 1 1 0 1
2014   2 28  7 54 59 418469  -10.35200  161.04953    51124   3.2  0  0  4  6 0 0 1 1 0 0 0 1 0 0 1 0 0 0
2014   2 28  7 54 59 470046    9.98095  146.46243    11575  34.3  1  0  5 10 0 0 1 1 1 0 0 0 0 0 1 1 0 0
2014   2 28  7 54 59 519593   11.22687  145.20644    11474  48.7  1  0  6 15 0 0 1 1 1 0 0 0 0 0 1 1 0 1
2014   2 28  7 54 59 972632  -21.33385  -46.38970     3749  28.8  0  0  5  8 0 0 0 1 1 0 0 1 0 0 1 0 0 1
2014   2 28  7 55  0  57199    6.48251  -78.11260     4231  40.1  0  0  7 20 0 0 1 1 1 0 0 1 0 0 1 1 0 1
2014   2 28  7 55  1 232871   -8.60259  -66.01397     5435  91.2  2  0  7 20 0 0 0 1 1 0 0 1 0 1 1 1 0 1
2014   2 28  7 55  1 281665  -10.13111  -63.86514     9581  19.6  0  0  5 10 0 0 0 1 1 0 0 0 0 1 1 0 0 1
2014   2 28  7 55  1 312878   -8.65286  -65.72890     3960  51.0  1  0  7 21 0 0 0 1 1 0 0 1 0 1 1 1 0 1
2014   2 28  7 55  1 409215   -8.67717  -65.67875     7008  59.2  2  0  5 10 0 0 0 1 0 0 0 0 0 1 1 1 0 1
2014   2 28  7 55  2 556652    6.28068  -77.49752     5938  70.6  2  0  7 20 0 0 1 1 1 0 0 1 0 1 0 1 0 1
2014   2 28  7 55  2 997589   -6.05916    8.54260    16827  49.9  1  0  5 10 0 0 1 1 0 0 0 0 0 0 1 1 0 1
2014   2 28  7 55  3  48834   -6.61724  147.65146    21458  39.3  1  0  5 10 0 0 0 1 0 0 0 1 0 1 1 0 0 1
2014   2 28  7 55  4 234849   -8.41549  -67.84142    22134  23.6  1  0  4  6 0 0 0 1 0 0 0 0 0 1 1 0 0 1
2014   2 28  7 55  4 599362    7.70564  -73.79001     6426  78.8  2  0  6 15 0 0 1 1 1 0 0 1 0 0 0 1 0 1
2014   2 28  7 55  5 182945  -29.34014  -42.68658     7996  42.6  1  0  6 13 0 0 0 0 1 0 0 1 0 1 1 1 0 1
2014   2 28  7 55  5 194989  -30.07479  -41.89418     5148  78.7  2  0  7 21 0 0 1 1 1 0 0 1 0 0 1 1 0 1
2014   2 28  7 55  5 249229  -30.20344  -41.70426     6737  58.6  2  0  5 10 0 0 1 1 0 0 0 1 0 0 1 0 0 1
2014   2 28  7 55  5 359742  -29.67755  -42.20073     4784  26.1  0  0  5 10 0 0 0 1 1 0 0 1 0 0 1 0 0 1
2014   2 28  7 55  5 403553  -30.10692  -41.91019     4224  60.0  1  0  7 21 0 0 1 1 1 0 0 1 0 1 1 0 0 1
2014   2 28  7 55  5 979972  -13.19719  -71.00509     4700  90.5  2  0  7 21 0 0 1 0 1 0 0 0 0 1 1 1 1 1
2014   2 28  7 55  6 862303    1.62285  -81.92356    26993  76.9  2  0  6 14 0 0 1 1 1 0 0 0 0 1 1 0 0 1
2014   2 28  7 55  6 907498    3.59877  -83.36930    12447  94.0  2  0  7 21 0 0 1 1 1 0 0 1 0 1 1 0 0 1
2014   2 28  7 55  7 121659    5.18005  -85.26916     7206  36.5  1  0  5  8 0 0 1 1 0 0 0 1 0 0 1 1 0 0
2014   2 28  7 55  7 349883    4.84308  -84.72900     8701 115.7  2  0  7 21 0 0 1 1 1 0 0 1 0 1 1 1 0 0
2014   2 28  7 55  7 807345  -33.03305  -39.68095     9877  59.2  2  0  5 10 0 0 1 0 1 0 0 0 0 1 1 0 0 1
2014   2 28  7 55  7 823571  -32.97504  -40.46291     7333  83.1  2  0  6 15 0 0 1 1 1 0 0 1 0 0 1 0 0 1
2014   2 28  7 55  8 103487  -32.93874  -40.47877     7382  84.0  2  0  6 15 0 0 1 1 1 0 0 1 0 0 1 0 0 1
2014   2 28  7 55  8 544415  -33.88085  -38.16284    11142  72.7  2  0  5 10 0 0 1 0 1 0 0 1 0 0 1 0 0 1
2014   2 28  7 55  8 797551  -33.87635  -38.16460    11063  71.9  2  0  5 10 0 0 1 0 1 0 0 1 0 0 1 0 0 1
2014   2 28  7 55  8 839379  -33.56271  -39.53976     4153  18.9  0  0  5 10 0 0 1 1 1 0 0 1 0 0 0 0 0 1
2014   2 28  7 55  9  26320  -33.75493  -38.82246     8161  88.2  2  0  6 15 0 0 1 1 1 0 0 1 0 0 1 0 0 1
2014   2 28  7 55  9 551836  -22.02273 -141.79662    20772 108.6  2  0  7 21 0 0 1 1 1 0 0 1 0 0 1 1 0 1
2014   2 28  7 55  9 851668   26.00037  -15.02175    27600  50.9  2  0  5  9 0 0 1 0 1 0 0 1 0 0 1 1 0 0
2014   2 28  7 55 10 407153  -22.29072 -139.86481    20198 101.8  2  0  7 21 0 0 1 0 1 0 0 1 0 1 1 1 0 1
2014   2 28  7 55 11 648426   -4.40376  -71.73484     6046 115.4  2  0  7 21 0 0 1 0 1 0 0 1 0 1 1 1 0 1
2014   2 28  7 55 11 715279   -4.32803  -72.07951     6086 129.4  2  0  7 21 0 0 1 1 1 0 0 1 0 0 1 1 0 1
2014   2 28  7 55 12 209573   -4.61837  -71.67510     2722   9.9  0  0  6 14 0 0 1 1 1 0 0 1 0 0 0 1 0 1
2014   2 28  7 55 12 291052  -14.15389  -45.08405     2570  17.2  0  0  6 15 0 0 1 1 1 0 0 1 0 0 1 0 0 1
2014   2 28  7 55 12 385137  -21.24071  -46.38409     2576   3.8  0  0  5 10 0 0 1 1 1 0 0 1 0 0 0 0 0 1
2014   2 28  7 55 12 604798  -21.24308  -46.38422     2783   4.3  0  0  5  8 0 0 1 1 1 0 0 1 0 0 0 0 0 1
2014   2 28  7 55 12 716092  -21.28030  -46.39950     2376   4.5  0  0  6 15 0 0 1 1 1 0 0 1 0 0 1 0 0 1
2014   2 28  7 55 14 649346    2.38136  -20.01629     3094  21.8  0  0  7 21 0 0 1 1 1 0 0 0 1 0 1 1 0 1
2014   2 28  7 55 14 695488  -33.89341 -106.92538    16270  15.1  0  0  4  6 0 0 1 1 0 0 0 1 0 0 1 0 0 0
2014   2 28  7 55 14 831731   -4.39069  148.07741     4849  36.2  0  0  7 21 0 0 1 1 1 0 0 1 0 1 1 1 0 0
2014   2 28  7 55 15  72124  -17.96745 -144.10236   108216  20.8  1  0  4  6 0 0 0 1 0 0 0 1 0 1 0 0 0 1
2014   2 28  7 55 15 114664  -21.28533  -47.21830     2923  16.6  0  0  5  9 0 0 1 1 1 0 0 1 0 0 0 0 0 1
2014   2 28  7 55 15 660006  -20.93939  -47.52113     2787  13.3  0  0  5 10 0 0 1 1 0 0 0 1 0 1 1 0 0 0
2014   2 28  7 55 17 650445  -22.23337  -46.02352     3188  45.1  1  0  6 15 0 0 1 1 0 0 0 1 0 1 1 0 0 1
2014   2 28  7 55 17 929245   -8.12067  -61.51540     4852  38.6  0  0  6 11 0 0 1 0 1 0 0 1 0 1 1 1 0 0
2014   2 28  7 55 18   4362   -8.06038  -61.78499     3935  39.0  1  0  5 10 0 0 0 1 0 0 0 1 0 1 1 1 0 0
2014   2 28  7 55 19  55840   -4.58115  144.48271     7061  19.6  0  0  4  6 0 0 1 0 0 0 0 1 0 0 1 1 0 0
2014   2 28  7 55 19 736520  -24.57172  -45.26131     4077  46.8  1  0  5 10 0 0 1 1 1 0 0 1 0 0 0 0 0 1
2014   2 28  7 55 20 472890    2.91691  -69.49632     6331  46.2  1  0  5 10 0 0 0 0 1 0 0 1 0 0 1 1 0 1
2014   2 28  7 55 20 787022  -28.12154 -134.70102    18249  45.4  1  0  5 10 0 0 1 0 0 0 0 1 0 0 1 1 0 1
2014   2 28  7 55 21 334370  -12.78769  157.00819     9223  55.6  1  0  7 21 0 0 1 0 1 0 0 1 0 1 1 1 0 1
2014   2 28  7 55 21 879321  -27.33098 -143.48650    35456  67.0  2  0  5 10 0 0 0 1 1 0 0 1 0 0 1 1 0 0
2014   2 28  7 55 22 279949  -21.25444  -46.38667     4752  68.3  2  0  6 12 0 0 1 0 1 0 0 1 0 1 1 0 0 1
2014   2 28  7 55 23    253  -14.66940  -44.13228     3838  84.5  2  0  7 18 0 0 1 1 1 0 0 1 0 0 1 1 0 1
2014   2 28  7 55 24 361854  -23.42174  -45.82369     5426  97.7  2  0  6 15 0 0 1 1 1 0 0 1 0 0 1 0 0 1
2014   2 28  7 55 27 165589  -12.80530  157.17680    17489 117.3  2  0  7 21 0 0 0 1 1 0 0 1 0 1 1 1 0 1
2014   2 28  7 55 27 409961    5.45120  -85.06628     7986  96.5  2  0  7 21 0 0 1 0 1 0 0 1 0 1 1 1 0 1
2014   2 28  7 55 27 661512  -30.33539  -41.86149     7061  89.7  2  0  6 15 0 0 1 1 1 0 0 1 0 0 1 0 0 1
2014   2 28  7 55 27 664147   17.99453  -68.28563     6663  14.4  0  0  5  9 0 0 1 0 1 0 0 0 0 0 1 1 0 1
2014   2 28  7 55 28 720959   -0.82596  -72.13609     2676  11.1  0  0  7 21 0 0 1 1 1 0 0 0 0 1 1 1 0 1
2014   2 28  7 55 28 753016   -0.82447  -72.14095     3237  12.3  0  0  5 10 0 0 1 1 1 0 0 0 0 0 1 1 0 0
2014   2 28  7 55 29 124588   -0.83024  -72.13789     3533  16.8  0  0  5  8 0 0 1 1 0 0 0 1 0 0 0 1 0 1
2014   2 28  7 55 29 891734  -30.29320  -41.49110     3346  14.5  0  0  5 10 0 0 1 1 0 0 0 1 0 0 1 0 0 1
2014   2 28  7 55 29 937685  -30.27641  -41.51322     3300  20.5  0  0  7 19 0 0 1 0 1 0 0 1 0 1 1 1 0 1
2014   2 28  7 55 29 957680  -30.26990  -41.52307     3001   7.3  0  0  5 10 0 0 1 1 1 0 0 0 0 0 1 0 0 1
2014   2 28  7 55 29 996111  -30.27126  -41.56670     3479  15.6  0  0  5 10 0 0 1 1 1 0 0 1 0 0 0 0 0 1
2014   2 28  7 55 30 331374  -30.21819  -41.59312     4184  15.8  0  0  5 10 0 0 0 1 1 0 0 1 0 0 1 0 0 1
2014   2 28  7 55 30 396063   -1.16826  -17.18542    17861  18.9  0  0  5  9 0 0 1 1 1 0 0 1 0 0 0 0 0 1
2014   2 28  7 55 30 520133  -30.32009  -41.48364     3658   6.4  0  0  4  6 0 0 1 1 0 0 0 1 0 0 1 0 0 0
2014   2 28  7 55 32 857054    4.43554  152.58002     6722  41.2  0  0  7 21 0 0 1 1 1 0 0 1 0 0 1 1 0 1
2014   2 28  7 55 33 712220  -21.45645  -46.41168     3301  43.0  1  0  6 15 0 0 1 1 1 0 0 1 0 0 1 0 0 1
2014   2 28  7 55 34  90671  -10.40455  168.67186    15272  44.8  1  0  5 10 0 0 0 1 1 0 0 1 0 0 1 1 0 0
2014   2 28  7 55 34  99638  -10.36915  168.36812    15613  46.8  1  0  5 10 0 0 0 1 1 0 0 1 0 0 0 1 0 1
2014   2 28  7 55 34 207320  -10.93381  170.25876    12709  47.5  0  0  7 20 0 0 1 1 1 0 0 0 0 1 1 1 0 1
2014   2 28  7 55 34 322568  -44.69086  -74.58254    88341   7.1  0  0  4  6 0 0 1 1 0 0 0 0 0 0 1 0 0 1
2014   2 28  7 55 34 375755    4.65124  150.10092    32924  55.9  1  0  6 15 0 0 1 1 1 0 0 1 0 0 1 0 0 1
2014   2 28  7 55 34 484115  -30.67909  -41.28675     5817  34.8  1  0  5 10 0 0 1 0 1 0 0 1 0 0 1 0 0 1
2014   2 28  7 55 35  93223    3.30615  -85.66890    10807  56.0  2  0  5 10 0 0 0 1 1 0 0 1 0 0 1 1 0 0
2014   2 28  7 55 35 123773    3.30308  -85.10134     6131  54.5  1  0  6 15 0 0 1 1 0 0 0 1 0 0 1 1 0 1
2014   2 28  7 55 35 237769  -10.74542  -57.55865     4380  61.7  2  0  6 13 0 0 0 1 1 0 0 1 0 0 1 1 0 1
2014   2 28  7 55 35 259002   -3.17909  149.27885     4742  12.5  0  0  5 10 0 0 1 1 0 0 0 1 0 0 1 1 0 0
2014   2 28  7 55 35 311730    3.13622  -84.91843     6799  70.5  2  0  7 19 0 0 1 1 1 0 0 0 0 1 1 1 0 1
2014   2 28  7 55 35 461531  -20.78806  171.07079   112853  41.3  1  0  5 10 0 0 1 1 1 0 0 1 0 0 0 0 0 1
2014   2 28  7 55 35 773211  -21.44579  -46.26735     3458  76.5  2  0  7 20 0 0 0 1 1 0 0 1 0 1 1 1 0 1
2014   2 28  7 55 37 627236   -6.71430  157.27043   106510  79.6  2  0  6 15 0 0 1 1 1 0 0 1 0 0 1 0 0 1
2014   2 28  7 55 37 885140   -5.75048  156.18887    10563  74.7  2  0  7 21 0 0 1 1 0 0 0 1 0 1 1 1 0 1
2014   2 28  7 55 38 471731  -30.90841 -133.05359    46405  85.3  2  0  6 15 0 0 1 1 1 0 0 1 0 0 1 0 0 1
2014   2 28  7 55 39 761679  -25.76796 -135.03117    27080  98.5  2  0  6 15 0 0 1 1 1 0 0 0 0 0 1 1 0 1
2014   2 28  7 55 40  84395  -13.41908  175.87682    20807  76.0  2  0  6 15 0 0 1 0 1 0 0 1 0 1 1 1 0 0
2014   2 28  7 55 40 476597  -21.34052  -46.52323     4556  98.3  2  0  6 15 0 0 1 1 0 0 0 1 0 1 1 0 0 1
2014   2 28  7 55 40 490319  -21.43844  -46.36300     4371  82.7  2  0  6 15 0 0 1 1 1 0 0 1 0 0 1 0 0 1
2014   2 28  7 55 40 499549  -21.36469  -49.04411     2963  40.3  0  0  7 17 0 0 1 1 0 0 0 1 0 1 1 1 0 1
2014   2 28  7 55 40 653718    7.85683  -73.90195     5687  65.6  2  0  6 14 0 0 1 1 1 0 0 1 0 0 1 1 0 0
2014   2 28  7 55 41 952192   32.58284 -135.08617    89537 133.3  2  0  6 15 0 0 0 1 1 0 0 1 0 0 1 1 0 1
2014   2 28  7 55 43 270019  -32.84114  -40.78878     7212  96.5  2  0  6 15 0 0 1 1 1 0 0 1 0 1 1 0 0 0
2014   2 28  7 55 43 510663  -32.69201  -41.42159     4895  15.8  0  0  4  6 0 0 1 1 1 0 0 1 0 0 0 0 0 0
2014   2 28  7 55 43 817668    4.97725  -84.87073    10204 141.0  2  0  7 21 0 0 1 1 0 0 0 1 0 1 1 1 0 1
2014   2 28  7 55 43 885718   -1.21114  -79.73678     6756   3.3  0  0  5 10 0 0 1 1 1 0 0 0 0 1 0 0 0 1
2014   2 28  7 55 44 269750   -7.36846    7.56308    15070  11.9  0  0  6 11 0 0 1 1 1 0 0 1 0 0 1 0 0 1
2014   2 28  7 55 44 462463   -7.09980    9.23236    13078  14.0  0  0  5  8 0 0 1 1 1 0 0 1 0 0 0 0 0 1
2014   2 28  7 55 44 579702   -7.01828    8.00106     9857  12.1  0  0  5 10 0 0 1 1 1 0 0 1 0 0 0 0 0 1
2014   2 28  7 55 45 145091  -33.51258   19.02584     7736   6.7  0  0  5 10 0 0 1 0 1 0 0 1 0 0 1 0 0 1
2014   2 28  7 55 45 405498  -21.25240  -46.37643     3062  11.1  0  0  5  9 0 0 1 1 1 0 0 0 0 0 1 0 0 1
2014   2 28  7 55 46 252616   -1.37489   11.03620    13159   1.9  0  0  4  6 0 0 1 1 0 0 0 1 0 0 0 0 0 1
2014   2 28  7 55 46 415858  -24.69069  -45.04596     3890  23.7  0  0  5 10 0 0 1 1 0 0 0 1 0 0 1 0 0 1
2014   2 28  7 55 46 768747  -24.65099  -45.11386     3095  21.8  0  0  6 11 0 0 1 1 1 0 0 0 0 0 1 1 0 1
2014   2 28  7 55 46 809932  -24.66885  -45.10215     2957  24.5  0  0  6 15 0 0 1 1 1 0 0 1 0 0 1 0 0 1
2014   2 28  7 55 47 870297  -22.85657  -45.80702     2972  30.2  0  0  6 15 0 0 1 1 1 0 0 1 0 0 1 0 0 1
2014   2 28  7 55 47 879739  -22.85898  -45.80651     3040  31.0  0  0  6 14 0 0 1 1 1 0 0 1 0 0 1 0 0 1
2014   2 28  7 55 48  10756    6.82254  -78.51006     3510   7.9  0  0  5 10 0 0 1 1 0 0 0 1 0 0 1 1 0 0
2014   2 28  7 55 48  33654  -22.84535  -45.79328     3688  36.9  1  0  5  9 0 0 0 1 1 0 0 1 0 0 1 0 0 1
2014   2 28  7 55 48 332855    3.38881    2.92340     8136  29.6  0  0  7 20 0 0 1 1 1 0 0 1 0 0 1 1 0 1
2014   2 28  7 55 48 375563    1.07483  -12.70971    20928  44.8  1  0  6 11 0 0 1 1 1 0 0 1 0 0 1 0 0 1
2014   2 28  7 55 48 448440    3.30733    2.43099    15365  30.2  1  0  5  9 0 0 1 1 1 0 0 0 0 0 0 1 0 1
2014   2 28  7 55 48 484014    1.06713  -12.51945     6436  26.3  0  0  7 19 0 0 1 1 1 0 0 1 0 0 1 1 0 1
2014   2 28  7 55 48 553402    0.89319  -12.84949    20757  25.3  0  0  5  8 0 0 1 1 1 0 0 1 0 0 1 0 0 0
2014   2 28  7 55 49 688626   -8.13677    7.15762    43283  34.2  1  0  5  9 0 0 1 1 1 0 0 0 0 0 1 0 0 1
2014   2 28  7 55 50 351726  -12.31460  -71.67655     3547  50.5  1  0  7 21 0 0 1 0 1 0 0 1 0 1 1 1 0 1
2014   2 28  7 55 50 363479  -12.29717  -71.78946     3883  48.5  0  0  7 16 0 0 1 1 1 0 0 1 0 0 1 1 0 1
2014   2 28  7 55 50 438591  -12.31112  -71.68076     3572  51.5  1  0  7 21 0 0 1 0 1 0 0 1 0 1 1 1 0 1
2014   2 28  7 55 50 472908  -12.63318  -70.79119     8270  37.8  0  0  6 14 0 0 0 0 1 0 0 1 0 1 1 0 1 1
2014   2 28  7 55 50 515170  -12.38231  -71.99448     5379  62.7  1  0  7 21 0 0 0 1 1 0 0 1 0 1 1 1 0 1
2014   2 28  7 55 50 573628  -12.27841  -71.76807     4598  64.8  2  0  6 15 0 0 1 1 0 0 0 0 0 1 1 1 0 1
2014   2 28  7 55 50 623073  -12.28277  -71.73692     3929  63.5  1  0  7 21 0 0 1 1 1 0 0 0 0 1 1 1 0 1
2014   2 28  7 55 50 652424  -12.30805  -71.81228     3961  66.4  1  0  7 21 0 0 1 1 1 0 0 1 0 1 1 1 0 0
2014   2 28  7 55 50 742150  -21.36770  -46.13042     4095  88.4  2  0  7 20 0 0 1 1 1 0 0 1 0 0 1 1 0 1
2014   2 28  7 55 51 730491  -21.19315  -47.26145     3267  66.5  1  0  7 21 0 0 1 0 1 0 0 1 0 1 1 1 0 1
2014   2 28  7 55 51 739560  -21.18532  -47.26426     3270  66.1  1  0  7 21 0 0 1 0 1 0 0 1 0 1 1 1 0 1
2014   2 28  7 55 51 950033  -21.29422  -47.40431     4168  82.4  2  0  7 16 0 0 0 1 1 0 0 1 0 1 1 1 0 1
2014   2 28  7 55 52 320566  -21.34987  -47.30008     6215  57.2  2  0  5  7 0 0 0 1 1 0 0 1 0 0 1 0 0 1
2014   2 28  7 55 52 616297    2.72378  -85.05833     8077  63.5  2  0  5 10 0 0 1 1 0 0 0 1 0 0 0 1 0 1
2014   2 28  7 55 52 681523    2.64850  -84.93396     6266  79.0  2  0  7 21 0 0 1 1 0 0 0 1 0 1 1 1 0 1
2014   2 28  7 55 52 700029    2.59511  -84.88034     6482  81.6  2  0  7 21 0 0 1 1 1 0 0 1 0 1 0 1 0 1
2014   2 28  7 55 52 726962    2.64450  -84.88125    10030  79.3  2  0  5 10 0 0 1 1 1 0 0 0 0 0 0 1 0 1
2014   2 28  7 55 52 762717    2.65396  -85.47420    10358  78.7  2  0  7 21 0 0 0 1 1 0 0 1 0 1 1 1 0 1
2014   2 28  7 55 52 794086    2.67216  -84.95825     5743  68.4  1  0  7 21 0 0 1 1 1 0 0 1 0 0 1 1 0 1
2014   2 28  7 55 52 899564  -27.66718 -135.76602    14996  58.8  1  0  6 15 0 0 1 1 1 0 0 1 0 0 1 1 0 0
2014   2 28  7 55 52 964003  -20.51254  -48.64669     4251  82.0  2  0  6 14 0 0 1 1 0 0 0 0 0 1 1 1 0 1
2014   2 28  7 55 53 361853  -24.60190  -45.29853     4258  43.6  1  0  5  9 0 0 1 1 1 0 0 1 0 0 0 0 0 1
2014   2 28  7 55 55 396156  -20.68887  -46.51917     3581  83.2  2  0  7 21 0 0 1 1 1 0 0 1 0 1 1 0 0 1
2014   2 28  7 55 56 245043   -4.52202  -72.26762     7674  94.0  2  0  6 15 0 0 0 1 1 0 0 1 0 0 1 1 0 1
2014   2 28  7 55 56 466313  -20.00848 -144.79509    27973  98.0  2  0  6 15 0 0 1 1 1 0 0 0 0 0 1 1 0 1
2014   2 28  7 55 56 577721  -31.93208 -135.17245    20272  69.4  2  0  6 15 0 0 1 0 1 0 0 1 0 0 1 1 0 1
2014   2 28  7 55 57 994047  -29.41986  -42.53615     7142  24.9  1  0  4  6 0 0 0 1 0 0 0 1 0 0 1 0 0 1
2014   2 28  7 55 58  20597  -30.06401  -41.98989     6435 111.6  2  0  7 18 0 0 1 1 0 0 0 1 0 1 1 1 0 1
2014   2 28  7 55 58  38419  -30.03011  -42.44724     3993  20.9  0  0  5  9 0 0 1 1 1 0 0 1 0 0 0 0 0 1
2014   2 28  7 55 58  75676  -30.02009  -42.37799     3937  64.7  1  0  7 19 0 0 1 1 1 0 0 1 0 1 0 1 0 1
2014   2 28  7 55 58 102391  -29.79255  -42.49149     7479  20.3  0  0  5 10 0 0 0 1 1 0 0 1 0 1 0 0 0 1
2014   2 28  7 55 58 431846  -30.05931  -42.09861     5309  88.1  2  0  7 21 0 0 1 1 1 0 0 1 0 1 1 0 0 1
2014   2 28  7 55 58 887449  -21.35883  -47.06781     4301 129.2  2  0  7 21 0 0 1 1 1 0 0 1 0 1 0 1 0 1
2014   2 28  7 55 58 957507  -20.97679  -47.42205     4231  54.4  2  0  5 10 0 0 1 1 0 0 0 0 0 1 1 1 0 0
2014   2 28  7 55 58 992444  -21.46346  -46.76141     4795  94.4  2  0  6 14 0 0 1 1 1 0 0 1 0 0 1 0 0 1
2014   2 28  7 55 59  18967  -21.28428  -46.89786     4975 109.0  2  0  6 14 0 0 1 0 1 0 0 1 0 1 0 1 0 1
2014   2 28  7 55 59 666899   -9.37679  -67.31219     5438 132.3  2  0  7 21 0 0 1 1 1 0 0 0 0 0 1 1 1 1
2014   2 28  7 55 59 794990   -9.26104  -66.59587     4798  74.1  2  0  6 15 0 0 1 0 1 0 0 0 0 1 1 1 0 1
2014   2 28  7 56  0 519984  -11.96457  -72.92233     2732  13.7  0  0  6 15 0 0 1 1 0 0 0 1 0 1 1 1 0 0
2014   2 28  7 56  0 539952  -11.96372  -72.91811     2483  11.2  0  0  7 21 0 0 1 1 1 0 0 1 0 0 1 1 0 1
2014   2 28  7 56  0 619892  -11.96157  -72.95999     3272   4.0  0  0  4  6 0 0 1 0 0 0 0 1 0 0 1 1 0 0
2014   2 28  7 56  0 760690  -11.96405  -72.87437     2596  14.0  0  0  7 20 0 0 1 0 1 0 0 1 0 1 1 1 0 1
2014   2 28  7 56  0 961535  -11.95628  -72.79858     3437  15.4  0  0  5  8 0 0 1 0 1 0 0 1 0 0 1 1 0 0
2014   2 28  7 56  1 114285  -12.06890  -73.14688     4457   5.0  0  0  5  7 0 0 0 1 1 0 0 1 0 0 0 1 0 1
2014   2 28  7 56  1 547621  -12.16488  -72.75893     5604  18.9  0  0  6 15 0 0 1 1 1 0 0 0 0 1 1 0 0 1
2014   2 28  7 56  1 722493    5.81204  -72.18651     3520  13.9  0  0  6 11 0 0 1 1 0 0 0 1 0 0 1 1 0 1
2014   2 28  7 56  1 850312  -13.18661  157.46606     6164  20.9  0  0  7 19 0 0 1 1 1 0 0 1 0 1 0 1 0 1
2014   2 28  7 56  1 982281  -23.45959  -45.74992     3819  27.3  0  0  5  9 0 0 1 1 1 0 0 0 0 0 1 0 0 1
2014   2 28  7 56  2  84223    5.34873  -72.51910     3972  19.5  0  0  6 12 0 0 0 1 1 0 0 1 0 0 1 1 0 1
2014   2 28  7 56  2 353595  -21.31937  -46.31323     2620  28.7  0  0  7 20 0 0 1 1 1 0 0 0 0 1 1 1 0 1
2014   2 28  7 56  2 381611  -21.42904  -46.17251     2602  28.4  0  0  7 20 0 0 1 1 1 0 0 0 0 1 1 1 0 1
2014   2 28  7 56  2 397799  -21.42847  -46.15984     2554  27.9  0  0  7 21 0 0 0 1 1 0 0 1 0 1 1 1 0 1
2014   2 28  7 56  2 435477  -21.45975  -46.19940     2575  27.2  0  0  7 19 0 0 0 1 1 0 0 1 0 1 1 1 0 1
2014   2 28  7 56  2 620897   -4.88097  -72.24492     3492  27.1  0  0  7 21 0 0 0 1 1 0 0 1 0 1 1 1 0 1
2014   2 28  7 56  3 448126   -9.67666  161.88042     6991  25.1  0  0  6 14 0 0 1 1 1 0 0 1 0 0 1 1 0 0
2014   2 28  7 56  3 548937  -21.27960  -47.17902     2784  37.3  0  0  7 20 0 0 1 1 0 0 0 1 0 1 1 1 0 1
2014   2 28  7 56  4 271714   -4.54286  -71.91601     6921  40.4  1  0  5 10 0 0 0 1 1 0 0 0 0 0 1 1 0 1
2014   2 28  7 56  4 374701   -4.49017  -71.90009     4382  29.1  0  0  5  9 0 0 0 1 0 0 0 1 0 0 1 1 0 1
2014   2 28  7 56  4 750951  -23.46485  -45.75458     5129  53.9  2  0  5  9 0 0 0 1 1 0 0 1 0 0 1 0 0 1
2014   2 28  7 56  4 968809  -21.80563 -140.94919    10583  45.3  0  0  7 21 0 0 1 1 1 0 0 0 0 1 1 1 0 1
2014   2 28  7 56  4 985196  -21.71979 -141.62106     9157  39.7  0  0  7 21 0 0 1 1 1 0 0 1 0 0 1 1 0 1
2014   2 28  7 56  5  83052  -21.57674 -142.13873     7704  10.8  0  0  5 10 0 0 1 1 0 0 0 1 0 0 1 1 0 0
2014   2 28  7 56  5 448774  -25.35178  -44.65279     2997  32.0  0  0  7 17 0 0 1 1 1 0 0 1 0 1 1 1 0 0
2014   2 28  7 56  5 523616  -25.28018  -44.62987     3307  25.7  0  0  5  8 0 0 1 1 1 0 0 1 0 0 0 0 0 1
2014   2 28  7 56  7  14862  -20.79205  -47.18981     3127  23.9  0  0  5 10 0 0 1 0 1 0 0 1 0 0 1 0 0 1
2014   2 28  7 56  7 941278  -13.01287  157.39784     6770  14.0  0  0  5 10 0 0 1 1 0 0 0 1 0 0 1 1 0 0
2014   2 28  7 56  8  56923    2.61599  -84.52075     5469  61.9  1  0  7 21 0 0 1 0 1 0 0 1 0 1 1 1 0 1
2014   2 28  7 56  9 452749    3.18840    9.27335    45125  77.6  2  0  5 10 0 0 1 1 1 0 0 1 0 0 0 0 0 1
2014   2 28  7 56  9 806337  -30.26584 -136.65451    11611  59.8  1  0  7 21 0 0 1 1 0 0 0 1 0 0 1 1 1 1
2014   2 28  7 56 10 165588  -30.19635  -42.46310     4570  21.9  0  0  5 10 0 0 1 0 1 0 0 1 0 1 0 0 0 1
2014   2 28  7 56 11 594383   -6.89695   12.46049    17968  97.7  2  0  7 20 0 0 1 1 1 0 0 1 0 0 1 1 0 1
2014   2 28  7 56 12 497779    6.12641  143.36983    11016  88.5  2  0  6 15 0 0 1 0 1 0 0 1 0 1 0 1 0 1
2014   2 28  7 56 13 264669   -8.04507  -39.73855     6728  90.8  2  0  7 19 0 0 1 1 1 0 0 1 0 0 1 1 0 1
2014   2 28  7 56 13 593968    5.32754  -72.98786     6144 107.8  2  0  7 21 0 0 1 1 1 0 0 1 0 0 1 1 0 1
2014   2 28  7 56 14 612340  -21.35312  -46.44175     4886 108.5  2  0  7 16 0 0 1 1 1 0 0 1 0 1 1 0 0 1
2014   2 28  7 56 15 455621  -21.15204  -46.43970     4418 118.3  2  0  7 21 0 0 1 0 1 0 0 1 0 1 1 1 0 1
2014   2 28  7 56 16 970223  -25.93494  -44.15126     2475  12.3  0  0  7 21 0 0 1 1 1 0 0 1 0 1 1 0 0 1
2014   2 28  7 56 17 541517  -39.66069  -66.68732     3051   7.1  0  0  7 19 0 0 1 0 1 0 0 1 0 1 1 0 1 1
2014   2 28  7 56 18  47112  -33.15877  -39.89727     2933  19.1  0  0  7 21 0 0 1 1 1 0 0 1 0 1 1 0 0 1
2014   2 28  7 56 18  61419  -33.17373  -39.85765     3233  18.3  0  0  6 15 0 0 1 1 1 0 0 1 0 0 1 0 0 1
2014   2 28  7 56 18  69578  -33.17645  -39.85053     3239  18.2  0  0  6 15 0 0 1 1 1 0 0 1 0 0 1 0 0 1
2014   2 28  7 56 18  92834  -33.16816  -39.86030     3248  18.5  0  0  6 15 0 0 1 1 1 0 0 1 0 0 1 0 0 1
2014   2 28  7 56 18 102323  -33.17146  -39.85584     3234  18.2  0  0  6 15 0 0 1 1 1 0 0 1 0 0 1 0 0 1
2014   2 28  7 56 18 280514  -30.59772  -41.16109     2853  21.8  0  0  7 21 0 0 1 1 1 0 0 1 0 1 1 1 0 0
2014   2 28  7 56 18 313560  -30.37182  -41.54349     5108  18.2  0  0  6 15 0 0 0 0 1 0 0 1 0 1 1 1 0 1
2014   2 28  7 56 18 339997  -33.20844  -39.77589     6132  24.9  1  0  4  6 0 0 1 1 1 0 0 1 0 0 0 0 0 0
2014   2 28  7 56 18 510427  -30.62478  -41.08919     3163  19.6  0  0  6 15 0 0 1 1 1 0 0 1 0 0 1 0 0 1
2014   2 28  7 56 18 675030  -22.06857 -140.03278    10381  18.8  0  0  5 10 0 0 1 1 1 0 0 0 0 0 1 1 0 0
2014   2 28  7 56 19  10858  -16.17970 -144.96837     7623  28.4  0  0  7 21 0 0 1 1 1 0 0 1 0 0 1 1 0 1
2014   2 28  7 56 19 510097    6.32749  -77.92230     5805  30.7  0  0  6 15 0 0 0 1 1 0 0 1 0 0 1 1 0 1
2014   2 28  7 56 20 118698    4.56082  -84.29153     7912  40.7  1  0  6 15 0 0 0 1 0 0 0 1 0 1 1 1 0 1
2014   2 28  7 56 20 210556   -4.87826   10.80817    21775  10.5  0  0  5 10 0 0 1 1 1 0 0 0 0 0 1 0 0 1
2014   2 28  7 56 20 227378    4.55983  -84.23881     5289  41.7  1  0  6 15 0 0 1 1 0 0 0 1 0 1 1 1 0 0
2014   2 28  7 56 21 259420  -14.70016  -43.74621     2673  22.1  0  0  6 14 0 0 1 1 1 0 0 1 0 0 1 0 0 1
2014   2 28  7 56 21 260742   -0.44653  -15.62762    12198  47.8  1  0  6 13 0 0 1 1 1 0 0 1 0 0 0 1 0 1
2014   2 28  7 56 21 879438   -2.03026  -72.64869     7725   3.6  0  0  4  6 0 0 1 1 0 0 0 0 0 0 1 0 0 1
2014   2 28  7 56 22 121357  -12.34005  -71.65832     3454  48.5  0  0  7 21 0 0 1 1 1 0 0 1 0 0 1 1 0 1
2014   2 28  7 56 22 128547  -12.33909  -71.66103     3476  49.4  0  0  7 21 0 0 1 1 1 0 0 1 0 0 1 1 0 1
2014   2 28  7 56 22 613656  -19.30070 -141.76762    11255  36.3  0  0  6 15 0 0 1 0 1 0 0 1 0 0 1 1 0 1
2014   2 28  7 56 23 318356   -7.95963  -59.50122     3593  63.2  1  0  7 21 0 0 1 1 0 0 0 1 0 1 1 1 0 1
2014   2 28  7 56 23 541948   -7.86165  -59.35910     3038  26.5  0  0  6 15 0 0 1 1 1 0 0 0 0 0 1 1 0 1
2014   2 28  7 56 23 738045   -3.94517  -70.71966     5245  48.3  0  0  7 21 0 0 1 1 1 0 0 1 0 1 1 0 0 1
2014   2 28  7 56 25 829677   -4.18471  -71.52540     6389  78.1  2  0  7 21 0 0 0 1 1 0 0 1 0 1 1 1 0 1
2014   2 28  7 56 26 176754   -4.04400  -70.89990     4922  42.2  1  0  6 15 0 0 0 1 1 0 0 0 0 1 1 1 0 1
2014   2 28  7 56 26 699263  -24.59981  -44.90464     5236  77.3  2  0  6 15 0 0 1 1 0 0 0 1 0 1 1 0 0 1
2014   2 28  7 56 29 132594   -7.93118  -59.35946     3497  64.1  1  0  7 21 0 0 1 1 1 0 0 0 0 1 1 1 0 1
2014   2 28  7 56 29 174023  -30.11917  -41.67484     7232  86.5  2  0  7 19 0 0 1 0 1 0 0 1 0 1 1 1 0 1
2014   2 28  7 56 29 208091  -30.23960  -41.20044     5171  86.6  2  0  7 21 0 0 1 1 1 0 0 1 0 1 1 0 0 1
2014   2 28  7 56 29 254925  -30.22778  -41.20704     5149  86.1  2  0  7 21 0 0 1 1 1 0 0 1 0 1 1 0 0 1
2014   2 28  7 56 29 275226  -30.21073  -41.53678     8308  62.0  2  0  6 11 0 0 1 1 1 0 0 1 0 0 1 0 0 1
2014   2 28  7 56 29 341407   -7.89737  -59.37669     4068  70.3  2  0  6 15 0 0 1 1 0 0 0 0 0 1 1 1 0 1
2014   2 28  7 56 29 525718  -30.28126  -40.97213     5573  73.1  2  0  6 15 0 0 1 1 1 0 0 1 0 0 1 0 0 1
2014   2 28  7 56 29 578502  -30.17448  -41.21463     9813  97.6  2  0  6 15 0 0 0 1 1 0 0 1 0 1 1 0 0 1
2014   2 28  7 56 29 879866  -11.83740  -72.85616     6020  68.0  2  0  5 10 0 0 1 1 0 0 0 0 0 0 1 1 0 1
2014   2 28  7 56 30  32407  -12.57527  -71.04720     7864  93.1  2  0  6 15 0 0 1 1 1 0 0 1 0 0 1 0 0 1
2014   2 28  7 56 30 184579  -12.09150  -71.31702     3944  63.9  1  0  7 21 0 0 1 1 1 0 0 0 0 1 1 1 0 1
2014   2 28  7 56 30 438711  -12.59490  -70.92755     6288  90.1  2  0  7 21 0 0 1 1 1 0 0 1 0 1 1 0 0 1
2014   2 28  7 56 30 701969  -12.48398  -70.97630     7371  90.8  2  0  7 19 0 0 1 1 1 0 0 1 0 1 1 0 0 1
2014   2 28  7 56 31 680500  -16.46096  -51.85449     4553 128.3  2  0  7 21 0 0 0 1 1 0 0 1 0 1 1 1 0 1
2014   2 28  7 56 32 136785  -14.73823  -43.84948     2972  34.9  0  0  6 14 0 0 0 1 1 0 0 1 0 0 1 1 0 1
2014   2 28  7 56 32 495645  -14.68494  -43.67539     3989   7.2  0  0  5 10 0 0 1 0 1 0 0 1 0 0 1 0 0 1
2014   2 28  7 56 32 509485  -10.17249  160.82069     7791  24.5  0  0  7 16 0 0 0 1 1 0 0 1 0 1 1 1 0 1
2014   2 28  7 56 32 948254  -15.86312  -51.43655     2537  13.7  0  0  6 14 0 0 0 1 1 0 0 1 0 1 1 0 0 1
2014   2 28  7 56 34 380338  -13.08534  157.11063     9360  40.4  0  0  7 19 0 0 1 1 0 0 0 1 0 1 1 1 0 1
2014   2 28  7 56 34 422394   -5.50525  149.07326     7902  35.9  1  0  5  7 0 0 0 1 1 0 0 1 0 0 1 1 0 0
2014   2 28  7 56 34 448753  -13.19162  157.26692    12615  45.8  1  0  5 10 0 0 1 1 0 0 0 1 0 0 1 1 0 0
2014   2 28  7 56 34 499763  -13.14460  157.25410     9439  39.2  0  0  6 14 0 0 1 1 1 0 0 1 0 0 1 1 0 0
2014   2 28  7 56 34 550838  -10.77742  151.95117    17239  11.6  0  0  5 10 0 0 1 1 1 0 0 0 0 0 0 1 0 1
2014   2 28  7 56 34 558979  -22.71538 -139.19691     9292  14.8  0  0  5 10 0 0 1 1 0 0 0 0 0 0 1 1 0 1
2014   2 28  7 56 34 627115  -22.73931 -139.10898    11553  10.8  0  0  4  6 0 0 1 1 0 0 0 0 0 0 0 1 0 1
2014   2 28  7 56 35 231108   -9.05862  152.87749    66531  25.4  0  0  5 10 0 0 1 0 1 0 0 1 0 0 1 0 0 1
2014   2 28  7 56 36  95252   20.10078 -110.49268    26517  42.5  1  0  5 10 0 0 0 1 1 0 0 1 0 0 1 1 0 0
2014   2 28  7 56 36 765076  -22.81420  -45.80596     3347  30.2  1  0  5 10 0 0 1 1 1 0 0 1 0 0 0 0 0 1
2014   2 28  7 56 37 573252   -4.51901  -71.70081     3525  43.0  0  0  7 21 0 0 1 1 1 0 0 1 0 1 1 1 0 0
2014   2 28  7 56 37 681467   -6.99549  -74.52271     4939  43.4  0  0  7 21 0 0 0 1 1 0 0 1 0 1 1 1 0 1
2014   2 28  7 56 38 168426  -21.41205  -46.78363     4644 117.7  2  0  7 16 0 0 1 1 1 0 0 1 0 0 1 0 1 1
2014   2 28  7 56 38 196553  -21.35656  -46.56476     2926   7.4  0  0  5  9 0 0 1 1 1 0 0 1 0 0 1 0 0 0
2014   2 28  7 56 38 915845  -33.11580  -39.70129     3209  29.8  0  0  7 20 0 0 1 1 1 0 0 0 0 1 1 1 0 1
2014   2 28  7 56 38 936440  -33.20687  -39.66702     6506  44.9  1  0  5  8 0 0 1 1 1 0 0 1 0 0 1 0 0 0
2014   2 28  7 56 38 964183  -33.17546  -39.60400     3060   6.2  0  0  5 10 0 0 1 1 1 0 0 0 0 0 1 0 0 1
2014   2 28  7 56 38 987132  -21.27646  -46.23465     4019  33.4  1  0  5  8 0 0 1 1 1 0 0 1 0 0 0 0 0 1
2014   2 28  7 56 39 350707  -33.19578  -39.64769     4244  39.9  0  0  6 15 0 0 1 1 1 0 0 1 0 0 1 0 0 1
2014   2 28  7 56 39 408937  -21.39226  -46.05419     3021  49.4  0  0  7 21 0 0 1 1 1 0 0 1 0 1 1 0 0 1
2014   2 28  7 56 41  72173   -5.11953  148.43896    11916  91.1  2  0  6 15 0 0 1 1 0 0 0 1 0 0 1 1 0 1
2014   2 28  7 56 41 429473  -10.65220  -57.32153     4450  68.8  2  0  6 14 0 0 1 1 1 0 0 1 0 0 1 1 0 0
2014   2 28  7 56 41 655712    5.05423  -72.53475     8897  74.6  2  0  6 14 0 0 0 1 1 0 0 1 0 0 1 1 0 1
2014   2 28  7 56 43 688452   -0.72264   -1.88977    29102  54.3  2  0  5 10 0 0 1 1 1 0 0 1 0 0 0 0 0 1
2014   2 28  7 56 44 429902  -14.70971  -43.59305     3469  61.2  2  0  6 15 0 0 0 1 1 0 0 1 0 1 1 0 0 1
2014   2 28  7 56 45 448609  -34.01797  -37.54393     6309  71.3  2  0  6 15 0 0 1 1 1 0 0 1 0 0 1 0 0 1
2014   2 28  7 56 45 848496  -34.06585  -37.46541     6521  75.0  2  0  6 15 0 0 1 1 1 0 0 1 0 0 1 0 0 1
2014   2 28  7 56 48 563294   32.27208 -178.51901     6297  17.3  0  0  6 15 0 0 1 1 0 0 0 1 0 1 1 1 0 0
2014   2 28  7 56 48 578995   32.23741 -179.33505    25729  37.6  0  0  6 11 0 0 0 1 1 0 0 1 0 0 1 1 0 1
2014   2 28  7 56 48 590600   32.25792 -178.39366     6658  18.6  0  0  6 15 0 0 1 1 1 0 0 1 0 0 1 1 0 0
2014   2 28  7 56 49 286587    5.17440  -72.78848     3852  16.5  0  0  6 14 0 0 0 1 1 0 0 1 0 0 1 1 0 1
2014   2 28  7 56 49 297886    6.80341  -74.18600     5004  18.6  0  0  5  8 0 0 0 1 1 0 0 1 0 0 1 1 0 0
2014   2 28  7 56 49 916406    5.97429  151.32011     7354  18.6  0  0  6 15 0 0 1 1 1 0 0 0 0 0 1 1 0 1
2014   2 28  7 56 50 703483  -21.38824  -45.96255     3030  15.8  0  0  5  8 0 0 0 1 1 0 0 1 0 0 1 0 0 1
2014   2 28  7 56 51 856789  -20.50355 -143.42998    13644  30.2  1  0  5 10 0 0 1 1 1 0 0 0 0 0 0 1 0 1
2014   2 28  7 56 51 874027  -20.41594 -143.94714     9525  30.4  0  0  6 15 0 0 1 1 1 0 0 1 0 0 1 1 0 0
2014   2 28  7 56 52  41251    4.96571  -84.41025     4841  48.0  0  0  7 21 0 0 1 1 1 0 0 1 0 1 0 1 0 1
2014   2 28  7 56 52 196383  -20.36317 -146.01991    23644  21.5  1  0  4  6 0 0 0 1 1 0 0 1 0 0 0 1 0 0
2014   2 28  7 56 52 537817    3.67569  -71.48928    12678  15.4  0  0  4  6 0 0 1 1 0 0 0 0 0 1 0 0 0 1
2014   2 28  7 56 53 805418    6.98086  -74.50785     4215  47.5  0  0  7 20 0 0 1 1 1 0 0 1 0 0 1 1 0 1
2014   2 28  7 56 53 922822    4.64459  -84.52510     5825  66.2  1  0  7 21 0 0 1 1 1 0 0 1 0 1 0 1 0 1
2014   2 28  7 56 53 971021    4.22561  -84.10378    14594  47.9  1  0  5  9 0 0 1 1 1 0 0 1 0 0 1 0 0 0
2014   2 28  7 56 54 937950  -31.89772 -135.98553    11101   9.5  0  0  4  6 0 0 1 1 0 0 0 1 0 0 0 1 0 0
2014   2 28  7 56 54 975595  -20.68595  -47.42743     3888  77.4  2  0  6 15 0 0 0 1 1 0 0 0 0 1 1 1 0 1
2014   2 28  7 56 54 994973  -20.73440  -47.43407     4140  63.3  2  0  6 14 0 0 1 1 1 0 0 1 0 1 1 0 0 0
2014   2 28  7 56 55 272076   -4.53501  145.68170     5731   1.9  0  0  4  6 0 0 1 0 0 0 0 1 0 0 1 1 0 0
2014   2 28  7 56 55 442525  -20.77567  -47.38600     3656  69.3  1  0  7 19 0 0 1 1 1 0 0 1 0 1 1 0 0 1
2014   2 28  7 56 55 478045  -21.23322  -47.15103     3404  26.7  0  0  5  9 0 0 1 0 1 0 0 1 0 0 1 0 0 1
2014   2 28  7 56 55 498395  -20.82761  -47.29877     3360  47.3  1  0  6 15 0 0 1 1 1 0 0 1 0 0 1 0 0 1
2014   2 28  7 56 55 722474  -20.72804  -47.42185     3698  83.9  2  0  7 21 0 0 1 1 1 0 0 1 0 0 1 1 0 1
2014   2 28  7 56 56 170298   71.59145    3.11823    47124   2.1  0  0  4  6 0 0 1 0 0 0 0 0 0 0 1 1 0 1
2014   2 28  7 56 56 684600   -9.57480  159.88364    14648  63.6  2  0  5 10 0 0 1 1 1 0 0 1 0 0 0 1 0 0
2014   2 28  7 56 57 404137   -7.92127  -39.48045     8854  90.7  2  0  6 14 0 0 1 1 1 0 0 1 0 0 1 0 0 1
2014   2 28  7 56 57 690608    7.10130  -74.29523     7508  29.9  1  0  4  6 0 0 0 1 0 0 0 1 0 0 1 1 0 0
2014   2 28  7 56 57 989895  -14.00593  160.19847    20851  65.2  2  0  6 15 0 0 1 1 1 0 0 0 0 1 1 1 0 0
2014   2 28  7 56 58 100294    3.16002   10.69368    37003  58.0  2  0  5 10 0 0 1 1 0 0 0 1 0 0 1 0 0 1
2014   2 28  7 56 58 257822  -12.60069  156.75166    13279  74.2  2  0  7 20 0 0 1 1 1 0 0 1 0 0 1 1 0 1
2014   2 28  7 56 58 939227  -12.54271  156.73569    13957  78.7  2  0  7 20 0 0 1 1 1 0 0 1 0 0 1 1 0 1
2014   2 28  7 56 59 312008   -4.16240  148.26050     8896  84.5  2  0  7 21 0 0 1 1 0 0 0 1 0 1 1 1 0 1
2014   2 28  7 57  0 640495  -20.91706  -47.36169     4327  82.8  2  0  6 15 0 0 1 1 1 0 0 1 0 0 1 0 0 1
2014   2 28  7 57  0 789487  -20.94182  -47.54800     4029 111.6  2  0  7 21 0 0 1 1 1 0 0 1 0 1 1 0 0 1
2014   2 28  7 57  1 477996  -21.55918 -141.09065    19944  99.9  2  0  7 21 0 0 1 0 1 0 0 1 0 1 1 1 0 1
2014   2 28  7 57  1 520412  -21.56503 -141.08353    20050 100.5  2  0  7 21 0 0 1 0 1 0 0 1 0 1 1 1 0 1
2014   2 28  7 57  2 629155   -5.14261   13.95849    51063 113.3  2  0  6 14 0 0 0 1 1 0 0 1 0 0 1 1 0 1
2014   2 28  7 57  3 689605  -22.93516  -45.83035     5970 123.9  2  0  6 14 0 0 1 1 1 0 0 1 0 0 1 0 0 1
2014   2 28  7 57  3 706650  -22.94404  -45.83918     5796 120.7  2  0  6 15 0 0 1 1 1 0 0 1 0 0 1 0 0 1
2014   2 28  7 57  4 255494   -9.56986  153.39291    68640  23.6  1  0  4  6 0 0 1 1 0 0 0 1 0 0 1 0 0 0
2014   2 28  7 57  4 806578   -0.76984  -16.34707     5803  12.2  0  0  6 14 0 0 1 0 1 0 0 1 0 0 1 1 0 1
2014   2 28  7 57  4 986679  -13.07201  157.17857    13394  25.7  0  0  5  7 0 0 1 1 0 0 0 1 0 0 1 1 0 0
2014   2 28  7 57  5 173660    0.51970    1.34530     9547   3.2  0  0  5 10 0 0 1 1 1 0 0 1 0 0 0 0 0 1
2014   2 28  7 57  5 504752    0.57887    1.42346     7541   4.1  0  0  6 15 0 0 1 1 1 0 0 1 0 0 1 0 0 1
2014   2 28  7 57  5 693361    1.04260    3.52860    13763   1.3  0  0  4  6 0 0 1 1 1 0 0 1 0 0 0 0 0 0
2014   2 28  7 57  5 741641    1.12211    2.22859     7138   7.3  0  0  5 10 0 0 1 1 1 0 0 0 0 0 0 1 0 1
2014   2 28  7 57  5 930155   -6.40787    7.68411    29012   7.5  0  0  4  6 0 0 1 1 0 0 0 0 0 0 1 0 0 1
2014   2 28  7 57  6 579571    6.46597  -77.10658     6006  12.5  0  0  5 10 0 0 1 1 1 0 0 1 0 1 0 0 0 0
2014   2 28  7 57  6 677886   -4.60919  -71.76936     3630  25.1  0  0  6 14 0 0 1 0 1 0 0 1 0 0 1 1 0 1
2014   2 28  7 57  6 979281    0.92751    8.24739    18816  14.7  0  0  4  6 0 0 1 1 0 0 0 1 0 0 0 0 0 1
2014   2 28  7 57  7  31600  -21.26647  -46.36768     2545  14.1  0  0  6 15 0 0 1 1 1 0 0 1 0 0 1 0 0 1
2014   2 28  7 57  7 114306  -30.16313  -41.63337     3525  16.6  0  0  6 15 0 0 0 1 1 0 0 1 0 1 1 0 0 1
2014   2 28  7 57  7 165576  -30.30376  -41.50523     3218  21.3  0  0  6 15 0 0 1 1 1 0 0 1 0 0 1 0 0 1
2014   2 28  7 57  7 183252  -30.18873  -41.63064     4080  15.3  0  0  5 10 0 0 0 1 1 0 0 1 0 1 1 0 0 0
2014   2 28  7 57  7 205318  -30.29769  -41.52203     3222  21.3  0  0  6 15 0 0 1 1 1 0 0 1 0 0 1 0 0 1
2014   2 28  7 57  7 504968  -18.99529 -142.39613     7669  29.2  0  0  7 21 0 0 1 1 1 0 0 1 0 0 1 1 0 1
2014   2 28  7 57  7 538211  -18.92672 -142.56673     8243  24.4  0  0  6 15 0 0 1 1 1 0 0 1 0 0 1 1 0 0
2014   2 28  7 57  7 551129  -18.98106 -142.41705     7575  28.6  0  0  7 21 0 0 1 1 1 0 0 1 0 0 1 1 0 1
2014   2 28  7 57  7 562235  -18.96891 -142.40788     7744  29.9  0  0  7 21 0 0 1 1 1 0 0 1 0 0 1 1 0 1
2014   2 28  7 57  7 939505  -20.48882  -51.93045     3297  40.6  1  0  6 14 0 0 1 0 0 0 0 1 0 1 1 1 0 1
2014   2 28  7 57  8  11041  -13.04515  157.16957     6308  22.9  0  0  6 15 0 0 1 1 1 0 0 1 0 0 1 1 0 0
2014   2 28  7 57  9 314210   30.52132 -127.84396    19551  62.2  2  0  6 15 0 0 1 1 1 0 0 1 0 0 1 1 0 0
2014   2 28  7 57  9 368858   31.22640 -130.33492    19140  36.4  1  0  5 10 0 0 1 1 0 0 0 1 0 0 1 1 0 0
2014   2 28  7 57  9 614511  -10.85354  -57.40200     3447  12.7  0  0  5  8 0 0 0 1 1 0 0 1 0 0 0 1 0 1
2014   2 28  7 57  9 674095   -9.00727  161.01051    68022  40.6  1  0  5 10 0 0 1 1 0 0 0 1 0 0 1 0 0 1
2014   2 28  7 57  9 833649  -20.61548  -46.45105     3194  61.7  1  0  7 21 0 0 1 1 0 0 0 1 0 1 1 1 0 1
2014   2 28  7 57 10 643023  -10.82026  -57.50750     3891  53.3  1  0  6 15 0 0 1 0 1 0 0 1 0 0 1 1 0 1
2014   2 28  7 57 10 693463  -10.82514  -57.63708     3340  57.6  1  0  7 21 0 0 1 1 1 0 0 1 0 1 1 1 0 0
2014   2 28  7 57 10 745460   -9.68403  160.32407     7868  47.2  0  0  7 21 0 0 1 1 1 0 0 1 0 0 1 1 0 1
2014   2 28  7 57 10 751822   -8.52333  158.98602    60456  12.3  0  0  4  6 0 0 1 1 0 0 0 1 0 0 1 0 0 0
2014   2 28  7 57 10 758572  -10.80804  -57.53610     3662  61.2  1  0  7 21 0 0 1 1 1 0 0 0 0 1 1 1 0 1
2014   2 28  7 57 11  61876  -10.69202  -57.69005     3413  60.9  1  0  7 21 0 0 1 1 1 0 0 1 0 0 1 1 0 1
2014   2 28  7 57 12 151444    6.64553  -78.14771     5601  71.2  2  0  7 21 0 0 1 1 0 0 0 1 0 1 1 1 0 1
2014   2 28  7 57 12 198707    6.61013  -78.14775     6932  69.9  1  0  7 17 0 0 1 1 1 0 0 1 0 0 1 1 0 1
2014   2 28  7 57 12 310267    6.62778  -78.19341     5955  74.5  2  0  7 20 0 0 1 1 0 0 0 1 0 1 1 1 0 1
2014   2 28  7 57 12 599512   -4.67601  145.97745     8179  80.2  2  0  7 20 0 0 1 1 1 0 0 1 0 1 0 1 0 1
2014   2 28  7 57 12 633516    5.26001  -73.25922     6312  68.4  1  0  7 21 0 0 0 1 1 0 0 1 0 1 1 1 0 1
2014   2 28  7 57 12 826291   -4.47236  145.66515     5757   3.5  0  0  4  6 0 0 1 0 0 0 0 1 0 0 1 1 0 0
2014   2 28  7 57 13  92222  -20.92970  -49.32272     3493  75.0  2  0  7 19 0 0 1 1 1 0 0 1 0 1 1 0 0 1
2014   2 28  7 57 13 959532    0.73354  -13.00635    44381  76.1  2  0  5 10 0 0 1 1 1 0 0 1 0 0 0 0 0 1
2014   2 28  7 57 14 231233  -13.20382  -71.45384     4560  87.2  2  0  7 21 0 0 1 1 1 0 0 1 0 0 1 1 0 1
2014   2 28  7 57 14 397126   -4.40963  -72.00394     4907  92.0  2  0  7 21 0 0 1 1 0 0 0 1 0 1 1 1 0 1
2014   2 28  7 57 14 673403  -13.17614  -71.15772     4380  79.4  2  0  7 21 0 0 1 0 1 0 0 1 0 1 1 1 0 1
2014   2 28  7 57 14 797236  -13.17262  -71.33823     6512  86.1  2  0  6 11 0 0 1 1 1 0 0 1 0 0 0 1 0 1
2014   2 28  7 57 14 867405  -13.66674  -72.58074    11954  41.5  1  0  5  7 0 0 0 1 1 0 0 1 0 0 0 1 0 1
2014   2 28  7 57 15 830005  -12.70416  -71.23321    18750 107.6  2  0  6 15 0 0 0 1 1 0 0 1 0 1 1 0 0 1
2014   2 28  7 57 16 977578   -5.08497  149.38196    13149  86.0  2  0  5 10 0 0 1 1 0 0 0 1 0 0 0 1 0 1
2014   2 28  7 57 17 326555  -20.87400  -47.23402     4470  86.0  2  0  6 15 0 0 1 1 1 0 0 1 0 0 1 0 0 1
2014   2 28  7 57 17 969466  -29.67632  -42.36187     5251  31.6  1  0  5 10 0 0 0 1 1 0 0 1 0 0 1 0 0 1
2014   2 28  7 57 18 228969  -26.82611 -136.54591    23264  97.6  2  0  6 15 0 0 1 1 1 0 0 1 0 0 1 1 0 0
2014   2 28  7 57 18 295177  -24.73640  -45.40391     3568  49.4  1  0  6 15 0 0 1 1 1 0 0 1 0 1 1 0 0 0
2014   2 28  7 57 18 557253    3.34062    1.26232    19442  88.8  2  0  6 15 0 0 1 1 0 0 0 1 0 0 1 1 0 1
2014   2 28  7 57 18 633358  -13.07862  -39.15875     3579  66.9  1  0  7 21 0 0 1 0 1 0 0 0 1 1 1 1 0 1
2014   2 28  7 57 18 917306    2.96059  -85.33279     8947 130.7  2  0  7 21 0 0 1 1 1 0 0 1 0 0 0 1 1 1
2014   2 28  7 57 19  86785  -16.50882  -52.24202     4525 129.8  2  0  7 21 0 0 0 1 1 0 0 1 0 1 1 1 0 1
2014   2 28  7 57 19 563272  -16.45966  -52.05542     4984 141.4  2  0  7 21 0 0 1 1 1 0 0 1 0 0 1 1 0 1
2014   2 28  7 57 20   3392  -21.46293  -46.17123     2600  12.5  0  0  6 13 0 0 1 0 1 0 0 1 0 0 1 1 0 1
2014   2 28  7 57 20 706230  -12.81399  156.99667     5963  18.7  0  0  6 15 0 0 1 0 1 0 0 1 0 0 1 1 0 1
2014   2 28  7 57 20 734026  -13.20160  157.35080     5649  24.2  0  0  7 21 0 0 1 1 1 0 0 1 0 1 1 1 0 0
2014   2 28  7 57 20 769910  -13.20481  157.36241     6495  23.8  0  0  7 20 0 0 1 1 1 0 0 1 0 0 1 1 0 1
2014   2 28  7 57 20 878382  -12.59005  156.68352    20072   9.0  0  0  5 10 0 0 0 0 1 0 0 1 0 1 1 0 0 1
2014   2 28  7 57 21 328254  -20.99774  -48.01989     2456  16.4  0  0  7 18 0 0 1 1 1 0 0 1 0 0 1 1 0 1
2014   2 28  7 57 21 369256  -21.06006  -48.00793     2449  19.1  0  0  7 19 0 0 1 1 1 0 0 1 0 1 1 0 0 1
2014   2 28  7 57 21 563774  -13.14994  157.30748     5468  23.2  0  0  7 21 0 0 1 1 1 0 0 1 0 0 1 1 0 1
2014   2 28  7 57 21 653561  -21.33048  -47.08410     2515  11.1  0  0  6 13 0 0 1 1 1 0 0 1 0 0 1 0 0 1
2014   2 28  7 57 21 674358  -21.32695  -47.08245     2932  12.0  0  0  5  7 0 0 0 1 1 0 0 1 0 0 1 0 0 1
2014   2 28  7 57 22 367100   12.69551  -78.25867     8146   5.0  0  0  4  6 0 0 0 1 1 0 0 1 0 0 0 1 0 0
2014   2 28  7 57 22 569067  -21.30770  -46.91616     2624  16.3  0  0  6 13 0 0 1 1 1 0 0 1 0 0 1 0 0 1
2014   2 28  7 57 23  23145  -10.92159  -57.02731     4719  27.2  0  0  5  9 0 0 0 1 1 0 0 1 0 1 1 0 0 0
2014   2 28  7 57 23 164850  -21.35688  -46.81671     2793  27.1  0  0  6 13 0 0 0 1 1 0 0 1 0 1 1 0 0 1
2014   2 28  7 57 23 183007  -21.32834  -46.76342     3683  61.4  2  0  6 11 0 0 1 1 1 0 0 1 0 0 1 0 0 1
2014   2 28  7 57 23 218266  -21.32338  -46.82370     2782  37.5  0  0  7 21 0 0 1 1 1 0 0 1 0 0 1 1 0 1
2014   2 28  7 57 23 237634  -21.26063  -46.92722     2777  24.9  0  0  6 15 0 0 1 1 0 0 0 1 0 1 1 1 0 0
2014   2 28  7 57 23 273214  -21.34797  -46.82808     2534  26.1  0  0  7 21 0 0 1 1 1 0 0 1 0 1 1 0 0 1
2014   2 28  7 57 23 372685  -33.11041  -40.04848     3536  26.7  0  0  7 16 0 0 1 1 1 0 0 1 0 0 1 1 0 1
2014   2 28  7 57 23 402854  -33.11230  -40.10147     4817  24.1  0  0  5 10 0 0 1 0 0 0 0 1 0 1 1 0 0 1
2014   2 28  7 57 23 417387  -33.10523  -40.16266     3120  24.5  0  0  7 21 0 0 1 1 1 0 0 1 0 1 1 0 0 1
2014   2 28  7 57 23 426054  -33.10645  -40.10220     3604  24.2  0  0  6 15 0 0 1 1 1 0 0 1 0 0 1 0 0 1
2014   2 28  7 57 23 689469  -33.06542  -40.30621     3991  16.3  0  0  5 10 0 0 1 1 1 0 0 1 0 0 0 0 0 1
2014   2 28  7 57 25 188600  -21.40464  -45.95667     3302  29.3  0  0  5 10 0 0 1 1 1 0 0 1 0 0 0 0 0 1
2014   2 28  7 57 25 880602  -14.73206  -43.96960     3156  45.3  1  0  6 15 0 0 1 1 1 0 0 1 0 0 1 0 0 1
2014   2 28  7 57 26 451695  -21.35801  -46.40486     3647  40.7  1  0  5 10 0 0 0 1 1 0 0 1 0 0 1 0 0 1
2014   2 28  7 57 26 870058  -14.30209  158.51619   128663  51.5  1  0  6 15 0 0 1 1 1 0 0 1 0 0 1 0 0 1
2014   2 28  7 57 26 884915    3.89235  -83.68357     8392  55.2  1  0  7 21 0 0 1 1 1 0 0 1 0 1 1 0 0 1
2014   2 28  7 57 27 120388    4.62441  -84.32113     5520  57.2  1  0  7 21 0 0 1 0 1 0 0 1 0 1 1 1 0 1
2014   2 28  7 57 27 285809  -24.56627  -45.26441     3448  41.8  1  0  6 15 0 0 1 1 1 0 0 1 0 0 1 0 0 1
2014   2 28  7 57 29 220383  -33.91008   17.26345    20863  65.7  2  0  6 15 0 0 1 1 1 0 0 1 0 0 1 0 0 1
2014   2 28  7 57 32  69379  -10.67718  -57.58699     5652  99.0  2  0  6 14 0 0 0 1 1 0 0 1 0 0 1 1 0 1
2014   2 28  7 57 34  79783   30.71338 -135.24084    34753 117.6  2  0  6 15 0 0 1 1 0 0 0 1 0 0 1 1 0 1
2014   2 28  7 57 34 708468    2.48188  150.06479    90449 114.8  2  0  6 15 0 0 1 1 1 0 0 1 0 0 1 0 0 1
2014   2 28  7 57 35 407642   -0.80309  -71.97281     6197  87.8  2  0  6 15 0 0 1 0 1 0 0 1 0 0 1 1 0 1
2014   2 28  7 57 35 870196   -1.95102  150.00009     6052   4.3  0  0  4  6 0 0 1 0 0 0 0 1 0 0 1 1 0 0
2014   2 28  7 57 36 408813  -21.23061  -46.39008     3098   9.4  0  0  5  8 0 0 1 1 1 0 0 0 0 0 1 0 0 1
2014   2 28  7 57 36 526008   -3.79988  148.90259     6226  37.6  0  0  6 15 0 0 1 1 1 0 0 1 0 0 1 1 0 0
2014   2 28  7 57 36 641359  -21.30362  -46.48562     3089  33.3  0  0  6 15 0 0 1 1 1 0 0 1 0 0 1 0 0 1
2014   2 28  7 57 36 949401    7.20269  -74.08485     4175   2.8  0  0  5 10 0 0 0 1 1 0 0 1 0 0 0 1 0 1
2014   2 28  7 57 37 128927  -33.99791  -38.08672     3667  15.4  0  0  5 10 0 0 1 1 0 0 0 1 0 0 1 0 0 1
2014   2 28  7 57 37 146545  -33.99740  -38.15841     3417  11.8  0  0  5 10 0 0 1 1 1 0 0 1 0 0 1 0 0 0
2014   2 28  7 57 37 332224  -34.14454  -37.93679     3862  14.9  0  0  7 21 0 0 0 1 1 0 0 1 0 1 1 0 1 1
2014   2 28  7 57 37 361996  -34.03401  -38.08181     3038  12.3  0  0  6 15 0 0 1 1 1 0 0 1 0 0 1 0 0 1
2014   2 28  7 57 37 447767  -34.02330  -38.09855     5391  13.3  0  0  5 10 0 0 0 1 1 0 0 1 0 0 1 0 0 1
2014   2 28  7 57 37 833974  -34.02678  -38.10679     2745  12.6  0  0  7 21 0 0 1 1 1 0 0 1 0 1 1 0 0 1
2014   2 28  7 57 37 948325   -4.18706  -71.65874     2921  17.6  0  0  6 15 0 0 1 1 1 0 0 1 0 0 1 1 0 0
2014   2 28  7 57 38 199752  -13.52166  -70.74827     4442  11.9  0  0  6 15 0 0 1 1 1 0 0 0 0 1 1 0 0 1
2014   2 28  7 57 38 438509    9.32895  -73.66445     5906  14.5  0  0  5  7 0 0 0 1 0 0 0 1 0 0 1 1 0 1
2014   2 28  7 57 39 113614  -22.83943  -45.83492     2793  23.1  0  0  6 15 0 0 1 1 1 0 0 1 0 0 1 0 0 1
2014   2 28  7 57 39 959520  -30.21883  -41.59784     3173  19.6  0  0  6 15 0 0 1 1 1 0 0 1 0 0 1 0 0 1
2014   2 28  7 57 39 967386  -30.23049  -41.59316     3117  18.6  0  0  6 15 0 0 1 1 1 0 0 1 0 0 1 0 0 1
2014   2 28  7 57 39 991880  -25.41303  -44.45130     2579  21.2  0  0  7 21 0 0 1 1 1 0 0 1 0 1 1 0 0 1
2014   2 28  7 57 40 316126  -21.18475  -47.20637     3417  25.7  0  0  5  9 0 0 0 1 1 0 0 1 0 0 1 0 0 1
2014   2 28  7 57 40 504125  -21.82012  -50.61273     3353  29.1  0  0  5  8 0 0 0 1 0 0 0 1 0 1 1 1 0 0
2014   2 28  7 57 40 757517   18.84527  -91.92361     8248  36.8  0  0  6 15 0 0 1 1 1 0 0 1 0 0 1 1 0 0
2014   2 28  7 57 41 544820   -6.52231   10.05823    13459  36.6  1  0  5 10 0 0 1 1 0 0 0 0 0 0 1 1 0 1
2014   2 28  7 57 41 597350   -8.67260    6.12455    30829  24.8  0  0  5 10 0 0 1 1 1 0 0 0 0 0 1 0 0 1
2014   2 28  7 57 42 769964   20.67476 -112.97254    26346  58.1  1  0  6 15 0 0 0 1 1 0 0 1 0 0 1 1 0 1
2014   2 28  7 57 43 731303  -23.45667  -45.82188     3454  61.2  1  0  7 21 0 0 1 1 1 0 0 1 0 1 1 0 0 1
2014   2 28  7 57 43 836041  -23.47844  -45.77931     4435  65.5  2  0  6 14 0 0 1 1 1 0 0 1 0 0 1 0 0 1
2014   2 28  7 57 44 609253    4.81126  -82.22479     9368  63.9  1  0  7 21 0 0 1 1 1 0 0 1 0 1 1 0 0 1
2014   2 28  7 57 46 104801   -1.48144  150.43971     5531  17.9  0  0  5 10 0 0 1 1 0 0 0 1 0 0 1 1 0 0
2014   2 28  7 57 46 931402  -27.51101 -140.84962    18123  90.2  2  0  7 21 0 0 1 1 1 0 0 1 0 1 1 1 0 0
2014   2 28  7 57 46 939460  -27.65094 -140.37738    26845  64.3  2  0  5 10 0 0 1 0 1 0 0 1 0 0 0 1 0 1
2014   2 28  7 57 49 109763   -4.67063  -71.87954     4412  35.1  1  0  5 10 0 0 1 0 1 0 0 0 0 0 1 1 0 1
2014   2 28  7 57 49 120811  -13.11854  169.71056    74422 101.5  2  0  6 15 0 0 1 1 0 0 0 1 0 1 1 0 0 1
2014   2 28  7 57 50 489032  -20.89708  -47.23411     4686  94.1  2  0  6 15 0 0 1 1 1 0 0 1 0 0 1 0 0 1
2014   2 28  7 57 50 802615  -12.24714  156.49969    15524  90.2  2  0  6 15 0 0 1 1 0 0 0 1 0 0 1 1 0 1
2014   2 28  7 57 52 884390  -14.69654  -43.84208     2663  29.4  0  0  7 21 0 0 1 1 1 0 0 1 0 1 1 0 0 1
2014   2 28  7 57 53 580064  -22.83171  -45.59450     2721  21.9  0  0  6 15 0 0 1 1 1 0 0 1 0 0 1 0 0 1
2014   2 28  7 57 53 991861  -12.31854  -71.79160     3124   4.5  0  0  4  6 0 0 1 1 0 0 0 0 0 0 1 1 0 0
2014   2 28  7 57 54  12716  -12.31948  -71.72507     3638  19.2  0  0  5  8 0 0 1 1 1 0 0 0 0 0 1 1 0 0
2014   2 28  7 57 54  87321  -12.46713  -71.63328     3494  19.0  0  0  6 15 0 0 1 1 1 0 0 1 0 0 1 0 0 1
2014   2 28  7 57 54 466919    6.96600  -77.22602     5545  12.0  0  0  5  8 0 0 0 1 0 0 0 1 0 0 1 1 0 1
2014   2 28  7 57 55  70710  -20.58117  -46.38770     2692  34.1  0  0  7 20 0 0 1 1 0 0 0 1 0 1 1 1 0 1
2014   2 28  7 57 55  79005  -20.64222  -46.33265     3075  22.6  0  0  5 10 0 0 1 1 1 0 0 1 0 0 0 0 0 1
2014   2 28  7 57 56 922982   -9.49127  161.65065     6923  26.8  0  0  6 15 0 0 1 1 0 0 0 1 0 0 1 1 0 1
2014   2 28  7 57 56 990706  -20.80574  -46.37979     2740  39.1  0  0  7 21 0 0 1 1 1 0 0 1 0 1 1 0 0 1
2014   2 28  7 57 57 466938  -21.36159  -47.15714     3265  46.4  1  0  6 14 0 0 0 1 1 0 0 1 0 1 1 0 0 1
2014   2 28  7 57 57 499825  -21.32945  -47.01622     3507  25.9  0  0  5  8 0 0 1 0 1 0 0 1 0 0 1 0 0 1
2014   2 28  7 57 57 807529    7.41567  -74.31368    12081  38.7  1  0  4  6 0 0 0 1 1 0 0 1 0 0 0 1 0 0
2014   2 28  7 57 58 780056  -12.17166  -73.70411     6604  31.9  1  0  5  9 0 0 0 1 1 0 0 1 0 0 0 1 0 1
2014   2 28  7 57 58 905094  -13.09442  157.76674    13841  32.8  1  0  5  9 0 0 1 0 0 0 0 1 0 1 1 1 0 0
2014   2 28  7 57 59  86612  -11.89967  -73.05312     4797  68.6  2  0  6 15 0 0 1 1 1 0 0 0 0 1 0 1 0 1
2014   2 28  7 57 59 791780   -7.26231    8.71259    31922  61.9  2  0  5  9 0 0 1 1 1 0 0 1 0 0 1 0 0 0
2014   2 28  7 58  0   5380  -12.78332  157.13657    11747  44.9  1  0  6 14 0 0 1 1 0 0 0 1 0 0 1 1 0 1
2014   2 28  7 58  0   5697   -7.15604    9.41385    74833  62.3  2  0  5 10 0 0 0 1 1 0 0 1 0 0 1 0 0 1
2014   2 28  7 58  0 115749  -13.42731  158.01361    74904   7.5  0  0  4  6 0 0 1 1 0 0 0 1 0 0 1 0 0 0
2014   2 28  7 58  0 562475   14.49638  140.94254    10172  87.7  2  0  6 15 0 0 1 1 1 0 0 1 0 0 1 0 0 1
2014   2 28  7 58  1  44370    6.86387  -77.32502     6796  73.5  2  0  6 14 0 0 1 1 1 0 0 1 0 0 1 1 0 0
2014   2 28  7 58  1 329148   -6.26937  146.59950    47527  51.8  2  0  5 10 0 0 1 0 1 0 0 1 0 1 1 0 0 0
2014   2 28  7 58  1 527679  -24.95023 -134.33955    12648  62.4  1  0  7 21 0 0 1 0 1 0 0 1 0 1 1 1 0 1
2014   2 28  7 58  1 844735  -21.38622  -46.37116     3892  67.5  2  0  6 15 0 0 1 1 1 0 0 1 0 0 1 0 0 1
2014   2 28  7 58  1 900604  -21.38530  -46.37560     3896  67.7  2  0  6 15 0 0 1 1 1 0 0 1 0 0 1 0 0 1
2014   2 28  7 58  3 233637  -24.34101  -45.47589     3663  61.3  1  0  7 21 0 0 0 1 1 0 0 1 0 1 1 1 0 1
2014   2 28  7 58  3 247435  -24.49199  -45.38623     4096  61.2  2  0  6 15 0 0 1 1 1 0 0 1 0 0 1 0 0 1
2014   2 28  7 58  3 610081  -14.72723  -44.07270     4146  86.6  2  0  6 15 0 0 1 1 1 0 0 1 0 0 1 0 0 1
2014   2 28  7 58  4 181651  -33.69309  -39.59724     7744  83.2  2  0  6 15 0 0 1 1 1 0 0 1 0 0 1 0 0 1
2014   2 28  7 58  4 307465  -33.65463  -39.64644     7720  83.2  2  0  6 15 0 0 1 1 1 0 0 1 0 0 1 0 0 1
2014   2 28  7 58  7  65597  -29.26303  -42.75964     6804  80.5  2  0  6 11 0 0 0 1 1 0 0 1 0 0 1 1 0 1
2014   2 28  7 58  7 100812  -29.12831  -42.74367     6818  44.8  1  0  5  8 0 0 0 1 0 0 0 0 0 1 1 1 0 1
2014   2 28  7 58  7 118728  -30.04768  -42.10645     5288  82.8  2  0  7 20 0 0 1 1 1 0 0 1 0 1 1 0 0 1
2014   2 28  7 58  7 328871  -20.79282  -46.58680     5179 115.8  2  0  6 15 0 0 1 0 0 0 0 1 0 1 1 1 0 1
2014   2 28  7 58  7 586172  -30.11913  -41.43992    10109  76.2  2  0  5 10 0 0 1 0 1 0 0 1 0 0 1 0 0 1
2014   2 28  7 58  7 587879  -21.36777 -141.84038    24505  93.0  2  0  6 15 0 0 1 0 1 0 0 1 0 0 1 1 0 1
2014   2 28  7 58  7 592942  -29.25694  -42.67836     6751  27.7  1  0  4  6 0 0 0 1 0 0 0 1 0 1 1 0 0 0
2014   2 28  7 58  8 205774   -2.61699  150.66678     8795  29.5  1  0  4  6 0 0 0 1 0 0 0 1 0 0 1 1 0 0
2014   2 28  7 58  9 148902  -10.76519  -57.44813     2532   6.8  0  0  6 15 0 0 0 1 1 0 0 1 0 1 0 1 0 1
2014   2 28  7 58  9 701786   31.53992 -126.83782     6808  18.9  0  0  7 21 0 0 1 1 1 0 0 1 0 0 1 1 0 1
2014   2 28  7 58 12 217928  -30.62453  -41.36793     3443  23.5  0  0  6 15 0 0 1 1 1 0 0 1 0 0 1 0 0 1
2014   2 28  7 58 12 911540  -22.48398 -140.26544     8778  36.5  0  0  7 21 0 0 1 1 1 0 0 1 0 0 1 1 0 1
2014   2 28  7 58 13  79929  -23.70158  -45.66512     2918  38.4  0  0  7 21 0 0 1 1 1 0 0 1 0 1 1 0 0 1
2014   2 28  7 58 13 286705  -13.07724  157.22740     8435  40.3  1  0  6 15 0 0 1 1 1 0 0 1 0 0 0 1 0 1
2014   2 28  7 58 13 594906  -30.68235  -41.78930     3741  33.3  0  0  6 15 0 0 1 1 0 0 0 1 0 1 1 0 0 1
2014   2 28  7 58 13 664740  -30.39925  -42.00155     4964  15.5  0  0  5  9 0 0 0 1 1 0 0 1 0 0 1 0 0 1
2014   2 28  7 58 13 789087  -22.51552 -140.13727    19421  48.6  1  0  5 10 0 0 1 1 1 0 0 0 0 0 0 1 0 1
2014   2 28  7 58 14 467976  -33.82172  -38.73573     3546   8.6  0  0  5 10 0 0 1 1 1 0 0 1 0 0 0 0 0 1
2014   2 28  7 58 14 642996    4.74806  -84.57621     6592  60.8  2  0  6 15 0 0 1 1 0 0 0 1 0 1 1 1 0 0
2014   2 28  7 58 14 663023  -20.69944  -47.31124     4016  52.0  2  0  5 10 0 0 1 0 0 0 0 1 0 1 1 0 0 1
2014   2 28  7 58 14 713737    4.70783  -84.51095     5537  61.3  1  0  7 21 0 0 1 1 0 0 0 1 0 1 1 1 0 1
2014   2 28  7 58 14 805995  -12.23636 -166.04752    41887  54.3  2  0  5 10 0 0 1 1 1 0 0 1 0 0 0 0 0 1
2014   2 28  7 58 15 426905  -32.92836  -40.62201     3616  37.2  0  0  7 21 0 0 1 1 1 0 0 1 0 1 0 1 0 1
2014   2 28  7 58 15 462503  -32.93523  -40.64198     3674  13.6  0  0  5 10 0 0 1 1 1 0 0 1 0 0 0 0 0 1
2014   2 28  7 58 15 710702    3.26086  -85.03011     5610  63.8  1  0  7 21 0 0 1 1 1 0 0 1 0 0 1 1 0 1
2014   2 28  7 58 15 735353  -21.42915  -46.21813     3686  74.7  2  0  7 20 0 0 1 1 1 0 0 1 0 0 1 1 0 1
2014   2 28  7 58 15 879669   -8.31665  -59.42799     3930  49.3  0  0  7 21 0 0 1 0 1 0 0 1 0 1 1 0 1 1
2014   2 28  7 58 16 131002  -33.00747  -40.26945     6816  57.6  2  0  5 10 0 0 1 1 1 0 0 0 0 0 1 0 0 1
2014   2 28  7 58 16 203053   -8.01928  -59.83310     3110  52.3  1  0  7 21 0 0 1 1 0 0 0 1 0 0 1 1 1 1
2014   2 28  7 58 16 232208    1.37724    3.02478    11992  61.7  1  0  7 21 0 0 1 1 1 0 0 1 0 0 1 1 0 1
2014   2 28  7 58 17 299262   -1.08162    5.98297    37325  71.9  2  0  5 10 0 0 1 1 1 0 0 1 0 0 0 0 0 1
2014   2 28  7 58 17 634341    5.62790  -72.62000     4883  73.8  2  0  7 21 0 0 1 1 1 0 0 1 0 0 1 1 0 1
2014   2 28  7 58 18 292670  -10.75026  -65.92819    10351  65.9  2  0  6 15 0 0 1 1 1 0 0 0 0 1 1 0 0 1
2014   2 28  7 58 19 644854   -5.84127    9.32840    15275  86.4  2  0  7 21 0 0 1 1 1 0 0 1 0 0 1 1 0 1
2014   2 28  7 58 22 121192    3.66458   10.01887    25925 115.1  2  0  6 15 0 0 1 1 1 0 0 1 0 0 0 1 0 1
2014   2 28  7 58 23  61790    2.86841  -85.32811     7749  53.3  2  0  5 10 0 0 1 1 0 0 0 1 0 0 1 1 0 0
2014   2 28  7 58 24 177682   -8.06161  -59.49665     2776  13.8  0  0  7 20 0 0 1 1 1 0 0 1 0 1 1 0 0 1
2014   2 28  7 58 24 692026  -16.31349 -144.93080    15699   7.4  0  0  5 10 0 0 0 1 1 0 0 0 0 0 1 1 0 1
2014   2 28  7 58 25 193914   23.64541  -85.72074     7943   5.2  0  0  6 15 0 0 0 1 1 0 0 1 0 0 1 1 0 1
2014   2 28  7 58 25 359182  -22.81522  -45.86442     2503   9.9  0  0  6 14 0 0 1 1 1 0 0 1 0 0 1 0 0 1
2014   2 28  7 58 25 429311  -22.80914  -45.89752     2540  14.5  0  0  6 15 0 0 0 1 1 0 0 1 0 1 1 0 0 1
2014   2 28  7 58 25 490625  -22.83605  -45.83058     2737   6.2  0  0  5  8 0 0 0 1 1 0 0 1 0 0 1 0 0 1
2014   2 28  7 58 26 333812  -16.51356  -51.94025     2437  16.1  0  0  7 20 0 0 1 1 1 0 0 1 0 0 1 1 0 1
2014   2 28  7 58 26 796979  -14.65509  -43.84272     3019  21.3  0  0  5  9 0 0 0 1 1 0 0 1 0 0 1 0 0 1
2014   2 28  7 58 26 838521  -14.64732  -43.84122     3043  16.7  0  0  5  7 0 0 0 1 1 0 0 1 0 0 1 0 0 1
2014   2 28  7 58 26 984782  -24.63994  -45.08818     2649  12.5  0  0  6 14 0 0 1 1 1 0 0 1 0 0 1 0 0 1
2014   2 28  7 58 27 139393  -24.63002  -45.10945     2851  12.5  0  0  5 10 0 0 1 1 1 0 0 1 0 0 0 0 0 1
2014   2 28  7 58 27 402024  -24.60787  -45.11101     3035  15.7  0  0  5 10 0 0 0 1 1 0 0 1 0 0 1 0 0 1
2014   2 28  7 58 28 916089  -21.33212  -46.40895     3336  27.2  0  0  5  9 0 0 1 1 1 0 0 1 0 0 0 0 0 1
2014   2 28  7 58 29 870457    3.46376  -72.65536    11731  24.0  0  0  5 10 0 0 1 1 1 0 0 0 0 0 1 0 0 1
2014   2 28  7 58 29 904313    4.69543  -73.40594     4297  22.8  0  0  5  9 0 0 1 0 0 0 0 1 0 0 1 1 0 1
2014   2 28  7 58 29 922509    4.69328  -73.41241     4376  23.8  0  0  5  9 0 0 1 0 0 0 0 1 0 0 1 1 0 1
2014   2 28  7 58 30 792636  -12.53220  156.80925    13675  37.3  1  0  5  9 0 0 0 1 0 0 0 1 0 0 1 1 0 1
2014   2 28  7 58 30 819706  -14.33327  159.00818    74499   2.2  0  0  4  6 0 0 1 1 0 0 0 1 0 0 1 0 0 0
2014   2 28  7 58 32 499385  -32.12379 -134.15305    13762  41.2  1  0  6 15 0 0 1 0 1 0 0 1 0 0 1 1 0 1
2014   2 28  7 58 32 607806  -32.04537 -136.54419    28285  50.5  2  0  5 10 0 0 0 1 0 0 0 1 0 0 1 1 0 1
2014   2 28  7 58 33 140023    0.60906    7.97513    35558  64.5  2  0  5 10 0 0 1 1 1 0 0 1 0 0 0 0 0 1
2014   2 28  7 58 33 363801  -25.31309  -44.68409     2964  36.1  0  0  7 21 0 0 1 1 1 0 0 1 0 1 1 0 0 1
2014   2 28  7 58 33 371161  -25.34273  -44.64729     3263  30.9  0  0  6 14 0 0 1 1 1 0 0 1 0 0 1 0 0 1
2014   2 28  7 58 33 654100   -4.30212  153.02902    35118  55.9  2  0  5 10 0 0 0 1 1 0 0 1 0 1 0 0 0 1
2014   2 28  7 58 36 756496  -21.48320  -45.93676     4055  82.2  2  0  7 19 0 0 1 1 1 0 0 1 0 0 1 0 1 1
2014   2 28  7 58 37 690284  -22.38107  -46.14296     4709  92.0  2  0  6 14 0 0 1 1 1 0 0 1 0 0 1 0 0 1
2014   2 28  7 58 38 130427   12.79550  141.89719     9540 114.1  2  0  7 21 0 0 1 1 1 0 0 0 0 1 1 1 0 1
2014   2 28  7 58 39 261968  -25.34685 -132.66901    11639  27.9  0  0  5 10 0 0 1 0 1 0 0 0 0 1 0 1 0 1
2014   2 28  7 58 39 435130  -30.67297  -41.56056     8320  60.6  2  0  5 10 0 0 1 0 1 0 0 1 0 0 1 0 0 1
2014   2 28  7 58 39 445206  -30.68138  -41.62005     8157  63.5  2  0  6 11 0 0 1 0 1 0 0 1 0 0 1 0 1 1
2014   2 28  7 58 40 395993  -13.30168  -38.63507     2742   7.9  0  0  7 19 0 0 0 0 1 0 0 1 0 1 1 1 1 1
2014   2 28  7 58 40 440193  -13.38469  -38.75762     5241  32.3  0  0  7 16 0 0 1 1 1 0 0 1 0 1 0 1 0 1
2014   2 28  7 58 40 471991  -22.89906  -45.65839     2763   5.2  0  0  5  8 0 0 0 1 1 0 0 1 0 0 1 0 0 1
2014   2 28  7 58 40 495316  -22.90414  -45.65672     2729   4.0  0  0  5  8 0 0 0 1 1 0 0 1 0 0 1 0 0 1
2014   2 28  7 58 40 856081   -6.70288    9.97989    27556   6.4  0  0  4  6 0 0 1 1 0 0 0 0 0 0 1 0 0 1
2014   2 28  7 58 40 989747    1.37500    8.70693    27562   7.6  0  0  5 10 0 0 1 1 1 0 0 0 0 0 1 0 0 1
2014   2 28  7 58 41 928328    5.30467  -72.55749     2822  12.5  0  0  7 19 0 0 1 1 1 0 0 1 0 0 1 1 0 1
2014   2 28  7 58 42  56961    2.80021  -69.48303     4027  11.3  0  0  5  9 0 0 0 1 0 0 0 0 0 1 1 1 0 1
2014   2 28  7 58 42 833959  -21.50509  -46.36865     2659   1.7  0  0  5 10 0 0 1 1 1 0 0 0 0 0 1 0 0 1
2014   2 28  7 58 42 854037  -21.30721  -46.41100     2793  16.3  0  0  5 10 0 0 0 1 1 0 0 1 0 0 1 0 0 1
2014   2 28  7 58 44 297881    4.60772  -84.44740     4298  38.1  0  0  7 21 0 0 1 1 1 0 0 1 0 1 1 1 0 0
2014   2 28  7 58 44 322739    4.30342  -84.18935    21095  31.9  1  0  5 10 0 0 0 1 1 0 0 1 0 0 1 0 0 1
2014   2 28  7 58 44 347712    4.59164  -84.44745     4278  38.3  0  0  7 21 0 0 1 1 1 0 0 1 0 1 0 1 0 1
2014   2 28  7 58 44 369335    4.62244  -84.42859     5719  19.9  0  0  5  8 0 0 1 0 0 0 0 1 0 0 1 1 0 1
2014   2 28  7 58 44 389685    4.19997  -84.09296    10029  30.7  1  0  5  9 0 0 1 1 1 0 0 1 0 0 0 0 0 1
2014   2 28  7 58 44 779821    4.63953  -84.49961     4115  35.1  0  0  7 21 0 0 1 1 1 0 0 1 0 0 1 1 0 1
2014   2 28  7 58 44 799295    4.59856  -84.46351     4520  42.7  0  0  7 21 0 0 1 1 1 0 0 1 0 1 0 1 0 1
2014   2 28  7 58 46  92603    5.33463  -72.57172     5036  48.2  1  0  6 15 0 0 1 1 1 0 0 0 0 0 1 1 0 1
2014   2 28  7 58 48 486599  -12.42064  -72.07463     6278  67.5  2  0  6 15 0 0 0 1 1 0 0 1 0 0 1 1 0 1
2014   2 28  7 58 48 703228  -12.53489  -71.57231     6306  67.5  2  0  6 15 0 0 1 1 1 0 0 1 0 0 1 0 0 1
2014   2 28  7 58 49  90052  -12.99407  157.25429    10579  53.7  1  0  7 20 0 0 1 0 1 0 0 1 0 1 1 1 0 1
2014   2 28  7 58 49 567888    7.53970  -73.97234     5113  70.6  2  0  7 21 0 0 1 1 1 0 0 1 0 0 1 1 0 1
2014   2 28  7 58 49 595862    7.52158  -74.00838     5718  82.5  2  0  7 21 0 0 1 1 1 0 0 1 0 1 1 1 0 0
2014   2 28  7 58 49 630779    7.57995  -75.02986     8791  51.4  1  0  6 15 0 0 0 1 1 0 0 1 0 1 0 1 0 1
2014   2 28  7 58 49 933686  -12.57757  157.03371     8678  27.0  0  0  5 10 0 0 1 1 0 0 0 1 0 0 1 1 0 0
2014   2 28  7 58 50 499652    4.13796  151.45006    13338  53.1  1  0  6 15 0 0 1 0 1 0 0 1 0 1 1 0 0 1
2014   2 28  7 58 51 112718  -30.15565  -41.81565     5593  63.2  2  0  6 15 0 0 1 1 1 0 0 1 0 0 1 0 0 1
2014   2 28  7 58 51 120952  -30.10329  -42.19727     3398  13.8  0  0  5 10 0 0 1 1 1 0 0 1 0 0 0 0 0 1
2014   2 28  7 58 51 947125    5.41633  -73.00764     6723  89.0  2  0  6 14 0 0 1 1 1 0 0 1 0 0 1 1 0 0
2014   2 28  7 58 52 680452  -24.54356  -45.30349     4272  60.6  2  0  6 14 0 0 1 0 1 0 0 1 0 1 0 1 0 1
2014   2 28  7 58 52 763270  -24.50834  -45.39140     4456  71.8  2  0  6 15 0 0 1 1 1 0 0 1 0 0 1 0 0 1
2014   2 28  7 58 52 835585   -4.32208  -72.04147     3537   9.0  0  0  4  6 0 0 1 0 0 0 0 1 0 0 1 1 0 0
2014   2 28  7 58 52 885046   -4.44229  -71.73081     4764  79.9  2  0  7 21 0 0 1 0 1 0 0 1 0 1 1 1 0 1
2014   2 28  7 58 53  69227  -21.75143  -50.91844     3176  45.3  1  0  6 15 0 0 1 1 0 0 0 1 0 1 1 1 0 0
2014   2 28  7 58 53 396453  -21.94017  -50.63680     4044 104.7  2  0  7 19 0 0 1 1 1 0 0 1 0 1 1 0 0 1
2014   2 28  7 58 53 939180  -12.72678  156.89775    13355  96.0  2  0  7 21 0 0 1 1 1 0 0 1 0 0 1 1 0 1
2014   2 28  7 58 54 452218  -26.91154 -133.30153    16609  85.1  2  0  7 21 0 0 1 0 1 0 0 1 0 1 1 1 0 1
2014   2 28  7 58 54 548718  -26.38684 -136.65440    18912  51.9  2  0  5 10 0 0 1 1 0 0 0 1 0 0 1 1 0 0
2014   2 28  7 58 54 837224  -13.12266  -43.89724     4424  96.0  2  0  6 15 0 0 1 1 1 0 0 1 0 0 1 0 0 1
2014   2 28  7 58 56 139631  -21.27800  -46.40058     2531  17.5  0  0  6 15 0 0 1 1 1 0 0 1 0 1 0 0 0 1
2014   2 28  7 58 58  68288  -14.71945  -43.86854     2623  20.8  0  0  6 15 0 0 1 1 1 0 0 1 0 1 0 0 0 1
2014   2 28  7 58 58 224059  -21.51197  172.15855    75110   3.4  0  0  4  6 0 0 1 1 0 0 0 1 0 0 0 0 0 1
2014   2 28  7 58 58 396850   -7.10989    7.51900    13135   6.0  0  0  5  7 0 0 1 1 1 0 0 1 0 0 0 0 0 1
2014   2 28  7 58 58 936639    8.77508  -72.95890     6507  12.9  0  0  5 10 0 0 1 1 1 0 0 1 0 0 0 0 0 1
2014   2 28  7 58 59 958713  -20.77924  -47.29715     3358  17.5  0  0  5  8 0 0 1 1 1 0 0 1 0 0 0 0 0 1
2014   2 28  7 59  5 365951  -33.77874  -39.00685     3238  18.8  0  0  6 15 0 0 1 1 1 0 0 1 0 1 0 0 0 1
2014   2 28  7 59  5 379955  -33.80968  -38.92509     4706  11.4  0  0  4  6 0 0 1 1 1 0 0 1 0 0 0 0 0 0
2014   2 28  7 59  5 736007  -33.73635  -39.11663     6719  21.6  1  0  4  6 0 0 1 1 0 0 0 1 0 0 0 0 0 1
2014   2 28  7 59  6 156530  -33.87233  -39.03691     3211  18.1  0  0  6 15 0 0 1 1 1 0 0 1 0 1 0 0 0 1
2014   2 28  7 59  6 398755  -33.85365  -39.08401     4400  21.2  0  0  5 10 0 0 1 1 1 0 0 1 0 0 0 0 0 1
2014   2 28  7 59  6 609574  -33.84925  -39.10970     4410  21.4  0  0  5 10 0 0 1 1 1 0 0 1 0 0 0 0 0 1
2014   2 28  7 59  7 452612    6.65664  -96.60658    40803  12.9  0  0  4  6 0 0 0 1 1 0 0 1 0 1 0 0 0 0
2014   2 28  7 59  7 924701   -5.18589  -71.27547     9792  98.9  2  0  6 15 0 0 1 1 1 0 0 1 0 1 0 0 0 1
2014   2 28  7 59  7 977811  -16.16999  173.85800    21352   7.7  0  0  5  9 0 0 1 0 1 0 0 1 0 1 0 0 0 1
2014   2 28  7 59 11 680921  -23.43177  -46.17751     3114   4.0  0  0  4  6 0 0 1 1 1 0 0 1 0 0 0 0 0 0
2014   2 28  7 59 12 156205  -22.21775  -46.03387     2669  11.1  0  0  5 10 0 0 1 1 1 0 0 1 0 0 0 0 0 1
2014   2 28  7 59 12 512771  -12.39549  -71.76054     3292   5.6  0  0  5  9 0 0 1 1 1 0 0 1 0 0 0 0 0 1
2014   2 28  7 59 12 543224    7.13123  -73.43581     4457   7.8  0  0  6 15 0 0 1 1 1 0 0 1 0 1 0 0 0 1
2014   2 28  7 59 12 868885  -21.31092  -46.40083     2648   8.1  0  0  5 10 0 0 1 1 1 0 0 1 0 0 0 0 0 1
2014   2 28  7 59 12 953203  -21.28679  -46.38979     2643   8.0  0  0  5 10 0 0 1 1 1 0 0 1 0 0 0 0 0 1
2014   2 28  7 59 14 255347   -1.03591  -72.05006     3762  12.2  0  0  6 15 0 0 1 1 1 0 0 1 0 1 0 0 0 1
2014   2 28  7 59 14 414459  -21.35738 -169.45265    16432  14.1  0  0  6 15 0 0 1 1 1 0 0 1 0 1 0 0 0 1
2014   2 28  7 59 15  31936  -10.11282  -66.93186     5470   4.2  0  0  5 10 0 0 0 1 1 0 0 1 0 1 0 0 0 1
2014   2 28  7 59 15 260364  -10.14885  -66.28871     4083  24.4  0  0  6 13 0 0 1 1 1 0 0 1 0 1 0 0 0 1
2014   2 28  7 59 16 345418   -1.04246  -16.75855    23353  29.2  0  0  5  9 0 0 1 1 1 0 0 1 0 0 0 0 0 1
2014   2 28  7 59 16 699740  -24.91319  170.91373   274491  25.2  1  0  4  6 0 0 1 1 0 0 0 1 0 0 0 0 0 1
2014   2 28  7 59 16 810406  -12.26060  -72.82818     4945  37.4  0  0  6 14 0 0 1 1 1 0 0 1 0 1 0 0 0 1
2014   2 28  7 59 17 470296  -12.19930  -72.90130     4861  42.3  1  0  6 15 0 0 1 1 1 0 0 1 0 1 0 0 0 1
2014   2 28  7 59 17 883309  -12.12393  -72.88088     7951  50.6  2  0  5  9 0 0 1 1 0 0 0 1 0 1 0 0 0 1
2014   2 28  7 59 18 527297    6.43538  -76.76362    11898  44.5  1  0  5 10 0 0 1 1 1 0 0 1 0 0 0 0 0 1
2014   2 28  7 59 18 665122  -16.67234  161.27037    54782  39.5  1  0  5 10 0 0 1 1 1 0 0 1 0 1 0 0 0 0
2014   2 28  7 59 18 839962  -25.68715  172.00642   209686  40.5  1  0  5 10 0 0 1 1 1 0 0 1 0 0 0 0 0 1
2014   2 28  7 59 19 114233    3.72188  -83.49539     7186  20.1  0  0  5  9 0 0 1 0 1 0 0 1 0 1 0 0 0 1
2014   2 28  7 59 19 416716    3.86089  -83.81968    14994  53.3  2  0  5  9 0 0 1 1 1 0 0 1 0 0 0 0 0 1
2014   2 28  7 59 19 869979  -21.28431 -142.05261    44083  62.2  2  0  5 10 0 0 1 1 1 0 0 1 0 0 0 0 0 1
2014   2 28  7 59 19 955580  -22.45242 -139.92859    44348  63.2  2  0  5 10 0 0 1 1 1 0 0 1 0 0 0 0 0 1
2014   2 28  7 59 19 975513  -22.42792 -139.96466    44263  63.2  2  0  5 10 0 0 1 1 1 0 0 1 0 0 0 0 0 1
2014   2 28  7 59 20 216638   -3.84785  -74.77309    11173  11.6  0  0  5 10 0 0 0 1 1 0 0 1 0 1 0 0 0 1
2014   2 28  7 59 22 262413  -29.77787 -133.64050    24850  14.3  0  0  4  6 0 0 1 0 1 0 0 1 0 1 0 0 0 0
2014   2 28  7 59 25 885649  -15.67459  -68.89799     8068  30.3  1  0  5 10 0 0 1 1 1 0 0 0 0 1 0 0 0 1
