2014   2 28  5 34 24 653641   -4.61888  -71.05779     3922   7.5  0  0  4  6 0 0 1 0 0 0 0 0 0 1 1 1 0 0
2014   2 28  5 34 25 612322   -5.91821  -74.32008     3624   2.1  0  0  4  6 0 0 1 0 0 0 0 0 0 1 1 1 0 0
2014   2 28  5 34 29 395531  -16.00757  -51.47340     5763  15.4  0  0  4  6 0 0 1 0 0 0 0 0 0 1 1 1 0 0
2014   2 28  5 34 38 103507   -5.73857  -45.26205     9238  15.4  0  0  4  6 0 0 1 0 0 0 0 0 0 1 1 1 0 0
2014   2 28  5 34 40 284866  -28.60332  -42.58385     2730   5.2  0  0  6 13 0 0 1 1 1 0 0 0 0 0 1 1 0 1
2014   2 28  5 34 40 314122  -28.60670  -42.59022     2554   9.3  0  0  7 21 0 0 1 1 1 0 0 1 0 0 1 1 0 1
2014   2 28  5 34 40 854695  -13.11601  -71.31351     2486  11.6  0  0  7 21 0 0 1 1 1 0 0 1 0 0 1 1 0 1
2014   2 28  5 34 41  12745  -16.07599  -51.20114     2898   5.0  0  0  4  6 0 0 0 1 0 0 0 1 0 0 1 0 0 1
2014   2 28  5 34 41  91217  -16.12918  -51.15275     3076   1.9  0  0  5 10 0 0 1 1 1 0 0 0 0 0 1 0 0 1
2014   2 28  5 34 41 531519  -16.07977  -51.20483     2909   8.3  0  0  5  8 0 0 0 1 1 0 0 1 0 0 1 0 0 1
2014   2 28  5 34 43 164243    7.54199  -74.02952     4377  24.1  0  0  6 15 0 0 0 1 1 0 0 1 0 0 1 1 0 1
2014   2 28  5 34 43 251168  -20.80086  -46.64199     2718  20.7  0  0  6 15 0 0 1 1 1 0 0 1 0 0 1 0 0 1
2014   2 28  5 34 43 406977  -20.86129  -46.64545     2723  20.8  0  0  6 15 0 0 1 1 1 0 0 1 0 0 1 0 0 1
2014   2 28  5 34 43 994334    6.64767  -78.36335     4109  26.8  0  0  7 21 0 0 0 1 1 0 0 1 0 0 1 1 1 1
2014   2 28  5 34 44  51527    6.60774  -78.23978     6426  24.1  0  0  5 10 0 0 0 0 1 0 0 1 0 0 1 1 0 1
2014   2 28  5 34 44  61789    6.63173  -78.38424     5318  29.6  0  0  6 15 0 0 0 1 1 0 0 1 0 0 1 1 0 1
2014   2 28  5 34 44 114559    6.65038  -78.78616     6990  20.1  0  0  5 10 0 0 0 1 1 0 0 1 0 0 0 1 0 1
2014   2 28  5 34 44 557555  -21.97676  -45.95388     3029  48.0  0  0  7 21 0 0 1 1 1 0 0 1 0 0 1 1 0 1
2014   2 28  5 34 44 931479    7.46968  -74.08434    10941  44.6  1  0  5  8 0 0 0 1 1 0 0 0 0 0 1 1 0 1
2014   2 28  5 34 44 934526  -21.24169  -49.04396     2982   6.2  0  0  5  8 0 0 1 1 1 0 0 0 0 0 1 0 0 1
2014   2 28  5 34 45 348087  -20.71543  -46.95433     4676  54.5  1  0  6 12 0 0 1 1 1 0 0 0 0 0 1 1 0 1
2014   2 28  5 34 45 624019   -5.85462  -74.50288     3644  46.8  0  0  7 21 0 0 1 1 1 0 0 1 0 0 1 1 0 1
2014   2 28  5 34 45 666286  -19.82069 -141.34686    21635  36.2  1  0  5  8 0 0 1 0 1 0 0 1 0 0 1 1 0 0
2014   2 28  5 34 46 723866    2.38590    5.57767    14239  63.9  1  0  7 19 0 0 1 1 1 0 0 1 0 0 1 1 0 1
2014   2 28  5 34 47 126372  -22.59042 -141.06180    11540  53.4  1  0  7 21 0 0 1 1 1 0 0 1 0 0 1 1 0 1
2014   2 28  5 34 47 171453    7.58092  -74.49110    10882  54.1  2  0  5  8 0 0 0 1 0 0 0 1 0 0 1 1 0 1
2014   2 28  5 34 47 426260   -6.01110  -74.58035     4354  58.8  1  0  7 18 0 0 1 1 1 0 0 1 0 0 1 1 0 1
2014   2 28  5 34 47 446493   -5.98836  -74.14114     3645  21.4  0  0  5 10 0 0 1 0 1 0 0 0 0 0 1 1 0 1
2014   2 28  5 34 47 765658  -32.76744  -40.14245     5077  16.1  0  0  5 10 0 0 0 1 1 0 0 1 0 0 1 0 0 1
2014   2 28  5 34 47 920746  -33.48257  -39.56411     5530  51.6  1  0  6 15 0 0 1 1 1 0 0 1 0 0 1 0 0 1
2014   2 28  5 34 48  52226  -23.60083  -46.06282     3138  20.2  0  0  5 10 0 0 1 1 1 0 0 1 0 0 1 0 0 0
2014   2 28  5 34 48  85014  -15.67255  161.88695    89262   6.9  0  0  4  6 0 0 1 1 0 0 0 1 0 0 1 0 0 0
2014   2 28  5 34 48 940211    6.82651  -74.29026     6483  61.5  2  0  6 11 0 0 1 1 0 0 0 1 0 0 1 1 0 1
2014   2 28  5 34 49 917508  -14.09014  -43.82704     5294  71.6  2  0  7 16 0 0 1 1 1 0 0 1 0 0 1 1 0 1
2014   2 28  5 34 49 965817  -13.99454  -43.82931     4987  93.9  2  0  7 19 0 0 1 0 1 0 0 1 0 0 1 1 1 1
2014   2 28  5 34 49 977460  -16.22855  -51.26350     4289  70.8  2  0  6 15 0 0 1 1 1 0 0 1 0 0 1 0 0 1
2014   2 28  5 34 50 239661  -22.31251  -48.47947     3872  43.1  1  0  5  7 0 0 1 1 1 0 0 1 0 0 0 1 0 0
2014   2 28  5 34 50 278984  -14.11043  -43.02563     5097   3.4  0  0  4  6 0 0 1 0 0 0 0 1 0 0 1 0 0 1
2014   2 28  5 34 50 292906   -8.78924    3.15514    21021  61.1  2  0  6 13 0 0 1 1 1 0 0 0 0 0 1 0 1 1
2014   2 28  5 34 50 831950  -14.16142  -43.87372    10574  79.9  2  0  6 11 0 0 1 1 1 0 0 1 0 0 1 0 0 1
2014   2 28  5 34 51 306659  -21.07015  -49.52817     3188   8.5  0  0  4  6 0 0 1 1 0 0 0 1 0 0 1 0 0 0
2014   2 28  5 34 51 380996    7.74095  -73.93795     7039 105.5  2  0  7 20 0 0 1 1 1 0 0 1 0 0 1 1 0 1
2014   2 28  5 34 51 417255  -23.86336  -45.78820     4141  76.4  2  0  7 18 0 0 1 1 1 0 0 1 0 0 1 0 1 1
2014   2 28  5 34 51 503346  -23.79533  -46.03755     4660  26.9  1  0  4  6 0 0 1 1 0 0 0 1 0 0 1 0 0 0
2014   2 28  5 34 51 544915  -23.78168  -45.90435     4827  88.1  2  0  6 15 0 0 1 1 1 0 0 1 0 0 1 0 0 1
2014   2 28  5 34 51 719099  -23.77460  -45.91093     4888  90.1  2  0  6 15 0 0 1 1 1 0 0 1 0 0 1 0 0 1
2014   2 28  5 34 51 896639  -23.77431  -45.91317     4917  91.1  2  0  6 15 0 0 1 1 1 0 0 1 0 0 1 0 0 1
2014   2 28  5 34 51 922603  -23.78839  -45.86210     5394  88.3  2  0  6 15 0 0 1 1 0 0 0 1 0 0 1 1 0 1
2014   2 28  5 34 52  32242    7.73729  -73.94524     6799  97.8  2  0  7 19 0 0 1 1 1 0 0 1 0 0 1 1 0 1
2014   2 28  5 34 52 688901  -13.17160  159.62752    13743  93.3  2  0  7 21 0 0 1 1 1 0 0 1 0 0 1 1 0 1
2014   2 28  5 34 52 782548   -1.13336  -72.24774     7592 107.7  2  0  6 15 0 0 1 1 1 0 0 0 0 0 1 1 0 1
2014   2 28  5 34 53   8326  -16.07516  -51.16278     4520 112.9  2  0  7 20 0 0 1 1 1 0 0 1 0 0 1 1 0 1
2014   2 28  5 34 53 415967  -16.14184  -51.11647     5088  97.2  2  0  6 15 0 0 1 1 1 0 0 1 0 0 1 0 0 1
2014   2 28  5 34 54 292565  -21.11552  -46.58947     3686  23.4  0  0  5  9 0 0 1 1 1 0 0 0 0 0 1 0 0 1
2014   2 28  5 34 54 323491  -20.52607  -47.25241     3412  15.9  0  0  4  6 0 0 1 1 0 0 0 1 0 0 1 0 0 0
2014   2 28  5 34 55 680063  -14.73647  -56.63797     5093 137.5  2  0  7 21 0 0 1 1 1 0 0 1 0 0 1 1 0 1
2014   2 28  5 34 56  61913    4.79793  -72.06039     3856   9.0  0  0  5  9 0 0 0 1 1 0 0 1 0 1 0 1 0 0
2014   2 28  5 34 56 669567   31.71167 -134.02240    17065  11.7  0  0  4  6 0 0 1 1 0 0 0 1 0 0 0 1 0 0
2014   2 28  5 34 56 797516   -6.18518  -74.17662     3458   6.8  0  0  6 13 0 0 1 1 1 0 0 1 0 1 1 0 0 0
2014   2 28  5 34 56 832949   -6.10202  -74.28734     3477   3.0  0  0  5 10 0 0 0 1 1 0 0 0 0 0 1 1 0 1
2014   2 28  5 34 56 860297   -6.09884  -74.27623     3541   4.5  0  0  5 10 0 0 0 1 1 0 0 0 0 0 1 1 0 1
2014   2 28  5 34 57  20216   -6.09465  -74.28326     2670   9.5  0  0  6 15 0 0 1 1 1 0 0 1 0 0 0 1 0 1
2014   2 28  5 34 57  96611   -6.14084  -74.42965     3109   5.1  0  0  6 15 0 0 0 1 1 0 0 1 0 1 0 1 0 1
2014   2 28  5 34 57 169587   -6.10095  -74.26479     2849  11.8  0  0  6 14 0 0 1 1 0 0 0 0 0 1 1 1 0 1
2014   2 28  5 34 57 249861   -6.09221  -74.29417     2547  10.3  0  0  7 21 0 0 1 1 1 0 0 1 0 0 1 1 0 1
2014   2 28  5 34 57 328289  -21.88092  -45.96147     2475  14.8  0  0  6 14 0 0 0 1 1 0 0 1 0 1 0 1 0 1
2014   2 28  5 34 57 389832  -21.88753  -45.98146     2762  11.9  0  0  5  9 0 0 0 1 1 0 0 1 0 1 1 0 0 0
2014   2 28  5 34 57 479015   -6.09185  -74.29820     3121  17.7  0  0  6 14 0 0 1 1 0 0 0 1 0 1 1 1 0 0
2014   2 28  5 34 57 496045  -21.86606  -45.95884     2505  15.6  0  0  7 16 0 0 1 1 1 0 0 0 0 1 1 1 0 1
2014   2 28  5 34 57 634148  -20.42699  -47.07287     3009  17.3  0  0  6 12 0 0 1 1 0 0 0 0 0 0 1 1 1 1
2014   2 28  5 34 57 822451   -6.07958  -74.29795     2640  12.3  0  0  7 19 0 0 1 1 1 0 0 1 0 0 1 1 0 1
2014   2 28  5 34 57 965507  -23.47497  -46.45702     3145  32.3  0  0  7 16 0 0 1 1 1 0 0 1 0 0 1 1 0 1
2014   2 28  5 34 57 982800  -23.47195  -46.43285     3151  30.5  0  0  6 15 0 0 1 1 1 0 0 1 0 0 1 0 0 1
2014   2 28  5 34 58  67450  -28.60218  -42.61757     2880  21.4  0  0  7 20 0 0 1 1 0 0 0 1 0 1 1 1 0 1
2014   2 28  5 34 58  78628  -28.62254  -42.60473     2697   7.1  0  0  6 15 0 0 1 1 1 0 0 1 0 0 1 0 0 1
2014   2 28  5 34 58 231024    4.18339  -83.14137     6821  14.3  0  0  5  7 0 0 0 1 0 0 0 1 0 1 1 1 0 0
2014   2 28  5 34 58 279122  -28.61250  -42.61187     2719   8.1  0  0  6 15 0 0 1 1 1 0 0 1 0 0 1 0 0 1
2014   2 28  5 34 58 359811  -28.61109  -42.61324     2500   8.8  0  0  7 21 0 0 1 1 1 0 0 1 0 1 1 0 0 1
2014   2 28  5 34 58 411030  -28.60175  -42.65782     2921   3.2  0  0  5 10 0 0 1 1 1 0 0 1 0 0 0 0 0 1
2014   2 28  5 34 58 774754   24.32628  -79.75790     8492  31.8  0  0  7 21 0 0 1 0 1 0 0 1 0 1 1 1 0 1
2014   2 28  5 34 59 399390  -33.71749  -38.79444     4041  18.9  0  0  5 10 0 0 1 1 1 0 0 1 0 0 1 0 0 0
2014   2 28  5 34 59 915972  -15.78214  -51.09544     2637  28.8  0  0  7 21 0 0 1 1 1 0 0 0 0 1 1 1 0 1
2014   2 28  5 35  0  34536  -16.03546  -51.29323     2653  30.3  0  0  7 21 0 0 1 1 1 0 0 1 0 1 1 1 0 0
2014   2 28  5 35  0  54889  -16.02149  -51.33186     2740  19.8  0  0  6 13 0 0 1 1 0 0 0 1 0 1 1 1 0 0
2014   2 28  5 35  0 305829  -16.08886  -51.19711     2909  25.8  0  0  6 15 0 0 1 1 1 0 0 1 0 0 1 0 0 1
2014   2 28  5 35  0 882225    7.45207  -73.88847     6045  27.1  0  0  5 10 0 0 0 0 1 0 0 1 0 0 1 1 0 1
2014   2 28  5 35  0 890509    7.50828  -74.04788     4653  35.3  0  0  7 21 0 0 0 1 1 0 0 1 0 1 1 1 0 1
2014   2 28  5 35  0 957625    7.50514  -73.98735     6029  31.7  1  0  5  9 0 0 0 1 0 0 0 1 0 0 1 1 0 1
2014   2 28  5 35  1 407594  -16.04005  -63.15474     5351  31.6  1  0  5  9 0 0 0 0 1 0 0 0 0 1 1 1 0 1
2014   2 28  5 35  3 395890   -0.79968  -17.23790     5066  63.4  1  0  7 19 0 0 0 1 0 0 0 1 1 1 1 1 0 1
2014   2 28  5 35  4 247551    9.04025  -73.90604     9592  61.2  2  0  6 13 0 0 0 1 1 0 0 1 0 0 1 1 0 1
2014   2 28  5 35  4 345215  -11.10063  -73.61250    16414  35.0  1  0  5 10 0 0 1 0 1 0 0 0 0 1 1 0 0 1
2014   2 28  5 35  4 426538    5.47403  -73.54625     9310  67.9  2  0  6 12 0 0 0 1 1 0 0 1 0 0 1 1 0 1
2014   2 28  5 35  4 505231  -12.10371  -73.25240     6009  64.9  2  0  5 10 0 0 1 1 0 0 0 0 0 0 1 1 0 1
2014   2 28  5 35  4 934046  -12.10139  -73.17149     7482  77.1  2  0  6 12 0 0 1 1 1 0 0 1 0 0 1 1 0 0
2014   2 28  5 35  5  27537  -21.98537 -142.13879    18985  72.5  2  0  6 15 0 0 1 1 1 0 0 1 0 0 1 1 0 0
2014   2 28  5 35  5  65561  -21.69084 -141.61891    20292  69.1  2  0  6 15 0 0 1 1 1 0 0 0 0 0 1 1 0 1
2014   2 28  5 35  5 140578    4.59036  -73.33991     5139  72.5  2  0  7 21 0 0 0 1 1 0 0 1 0 1 0 1 1 1
2014   2 28  5 35  5 165938    4.60511  -73.24122     9974  53.4  2  0  5 10 0 0 0 1 1 0 0 1 0 0 0 1 0 1
2014   2 28  5 35  5 191269    4.87202  -72.62176     5628  63.1  2  0  6 14 0 0 1 1 0 0 0 1 0 0 1 1 0 1
2014   2 28  5 35  5 218585    4.60256  -74.23943     6576  10.7  0  0  4  6 0 0 0 1 0 0 0 0 0 1 0 1 0 1
2014   2 28  5 35  5 450502  -23.49501 -136.44084    23547  31.3  1  0  5 10 0 0 1 0 1 0 0 1 0 1 0 0 0 1
2014   2 28  5 35  5 925176    1.40685  -69.03048    32130  43.5  1  0  5 10 0 0 0 1 1 0 0 0 0 1 1 0 0 1
2014   2 28  5 35  6 566723  -29.03032 -136.64177    18330  79.2  2  0  7 20 0 0 1 1 1 0 0 1 0 0 1 1 0 1
2014   2 28  5 35  6 688515  -28.84025 -127.73771    26124  15.2  0  0  4  6 0 0 0 0 0 0 0 0 0 1 1 1 0 1
2014   2 28  5 35  6 752394  -28.94905 -136.60318    17245  66.8  2  0  6 15 0 0 1 1 0 0 0 1 0 0 1 1 0 1
2014   2 28  5 35  6 822282  -28.91639 -136.53871    18575  73.2  2  0  6 15 0 0 1 1 1 0 0 1 0 0 1 1 0 0
2014   2 28  5 35  6 917962   -3.00743  -64.89175     6874 130.1  2  0  7 21 0 0 1 1 1 0 0 0 0 1 1 1 0 1
2014   2 28  5 35  7  11054   -5.96594  -74.32397    25134 105.0  2  0  6 15 0 0 0 1 1 0 0 1 0 1 1 0 0 1
2014   2 28  5 35  7 436166    2.66564  -68.44189     7565  86.2  2  0  6 14 0 0 0 1 1 0 0 1 0 0 1 1 0 1
2014   2 28  5 35  7 634937   -5.50571  155.10594     7489  13.0  0  0  4  6 0 0 1 1 0 0 0 1 0 0 0 1 0 0
2014   2 28  5 35  8 418278    1.05644    0.30522    14335  67.8  1  0  7 19 0 0 1 0 1 0 0 1 0 1 1 1 0 1
2014   2 28  5 35  8 521618  -21.01548  -49.65426     3747  26.3  1  0  4  6 0 0 0 1 0 0 0 1 0 1 1 0 0 0
2014   2 28  5 35  8 557117  -16.10169  -51.50754     3920 100.9  2  0  7 21 0 0 0 1 1 0 0 1 0 1 1 1 0 1
2014   2 28  5 35  8 614991  -13.70715  157.52710    16367  93.4  2  0  6 15 0 0 1 1 1 0 0 1 0 0 0 1 0 1
2014   2 28  5 35  9 127692  -33.37163  -39.94594     7234  90.8  2  0  6 15 0 0 1 1 1 0 0 1 0 1 1 0 0 0
2014   2 28  5 35  9 185677  -31.64411  -41.62230    27628  41.2  1  0  5  7 0 0 0 0 1 0 0 1 0 0 1 1 0 1
2014   2 28  5 35  9 216053  -33.42202  -39.76522     7676  83.3  2  0  6 15 0 0 1 1 1 0 0 1 0 0 1 0 0 1
2014   2 28  5 35  9 441394   -6.04764  -75.05567     9237 104.9  2  0  6 15 0 0 0 1 1 0 0 1 0 0 1 1 0 1
2014   2 28  5 35  9 830703    0.56262    8.00993    29946 119.2  2  0  7 17 0 0 1 1 1 0 0 1 0 0 1 1 0 1
2014   2 28  5 35 10  76883  -32.25957  -40.77851     4895  16.5  0  0  5 10 0 0 0 1 1 0 0 1 0 0 1 0 0 1
2014   2 28  5 35 10 230783  -33.40579  -39.81293     8147  90.4  2  0  6 15 0 0 1 1 1 0 0 1 0 0 1 0 0 1
2014   2 28  5 35 10 734841  -10.89724   -0.64773    77073  85.1  2  0  5 10 0 0 1 1 1 0 0 0 0 0 1 0 0 1
2014   2 28  5 35 10 995840   -5.56312  -75.09879     5832  52.8  2  0  5  9 0 0 1 1 0 0 0 1 0 0 1 1 0 0
2014   2 28  5 35 11  51999   -5.63869  -74.26852     6379 107.1  2  0  7 20 0 0 1 0 1 0 0 1 0 1 1 1 0 1
2014   2 28  5 35 11 240032    7.19209  -74.07283     8349 114.2  2  0  7 18 0 0 1 0 1 0 0 1 0 1 1 1 0 1
2014   2 28  5 35 11 307652   -5.79425  -75.32097    10050 137.5  2  0  7 21 0 0 0 1 1 0 0 1 0 1 1 1 0 1
2014   2 28  5 35 11 704438  -12.96654  -71.59104     5796 128.6  2  0  7 21 0 0 1 1 1 0 0 1 0 0 1 1 0 1
2014   2 28  5 35 12 584525    7.51985  -73.71900     6727  20.9  0  0  5  7 0 0 0 1 1 0 0 1 0 0 1 1 0 0
2014   2 28  5 35 13 505298    7.38026  -74.23609     4925  10.4  0  0  5  9 0 0 0 1 1 0 0 1 0 0 0 1 0 1
2014   2 28  5 35 14 160774  -18.02796 -173.03648     9776  21.1  0  0  6 15 0 0 1 0 1 0 0 1 0 0 1 1 0 1
2014   2 28  5 35 14 309638    7.50975  -74.45655     4174   8.7  0  0  5 10 0 0 0 1 0 0 0 1 0 1 0 1 0 1
2014   2 28  5 35 14 695103  -22.59257  -47.36407     2638   2.8  0  0  5 10 0 0 1 1 1 0 0 0 0 0 1 0 0 1
2014   2 28  5 35 14 978105  -22.57672  -47.41829     3068   9.7  0  0  4  6 0 0 1 1 1 0 0 1 0 0 0 0 0 0
2014   2 28  5 35 15  48254  -20.72061  -49.24353     3104   6.8  0  0  4  6 0 0 1 1 0 0 0 1 0 0 1 0 0 0
2014   2 28  5 35 15 223798  -20.57313  -49.47202     3315  46.8  1  0  6 14 0 0 1 1 1 0 0 1 0 1 0 0 0 1
2014   2 28  5 35 15 275476  -20.63942  -49.38491     3157  38.2  0  0  6 12 0 0 0 1 1 0 0 1 0 1 1 1 0 0
2014   2 28  5 35 15 328913  -20.65830  -49.45440     4247  36.4  1  0  5  7 0 0 0 0 1 0 0 1 0 1 1 0 0 1
2014   2 28  5 35 15 453979   -1.49936    4.65915    35680  18.3  0  0  5 10 0 0 1 1 1 0 0 0 0 0 1 0 0 1
2014   2 28  5 35 16 932547    9.25557  -75.34894     9531  45.2  1  0  6 14 0 0 0 1 1 0 0 0 0 1 1 1 0 1
2014   2 28  5 35 17 598041    8.08093  -74.93384     6216  67.3  2  0  6 11 0 0 0 1 1 0 0 1 0 0 1 1 1 0
2014   2 28  5 35 17 759240    5.11512  150.20467    18343  49.8  1  0  6 15 0 0 1 1 1 0 0 0 0 0 1 1 0 1
2014   2 28  5 35 17 870045  -13.15767   33.05005    47296  29.0  1  0  4  6 0 0 1 1 0 0 0 0 0 0 1 0 0 1
2014   2 28  5 35 17 902495    7.58317  -74.03924     6126  40.4  1  0  6 14 0 0 0 1 1 0 0 1 0 0 1 1 0 1
2014   2 28  5 35 18  34755    5.06431  -72.32893     3391  32.3  0  0  7 21 0 0 1 1 1 0 0 1 0 1 0 1 0 1
2014   2 28  5 35 18  45561  -29.26966 -135.21960    13270  39.2  0  0  6 15 0 0 1 1 1 0 0 0 0 0 1 1 0 1
2014   2 28  5 35 18 354023  -29.23266 -137.36336    19712  33.7  1  0  5 10 0 0 0 1 0 0 0 1 0 0 1 1 0 1
2014   2 28  5 35 18 442030  -29.18564 -137.90010   139993  44.6  1  0  5 10 0 0 0 1 1 0 0 1 0 0 1 0 0 1
2014   2 28  5 35 18 674807    4.98527  -72.26781     4236  45.6  1  0  6 15 0 0 1 1 1 0 0 1 0 0 1 1 0 0
2014   2 28  5 35 18 726491    4.94099  -72.47022     5916  46.8  1  0  6 14 0 0 0 1 1 0 0 1 0 0 1 1 0 1
2014   2 28  5 35 19 118908  -28.26033  -43.09782     3983  21.4  0  0  5 10 0 0 0 1 1 0 0 0 0 1 1 0 0 1
2014   2 28  5 35 19 192613  -22.20706  -46.00675     3243  62.9  1  0  7 21 0 0 1 1 1 0 0 1 0 1 1 0 0 1
2014   2 28  5 35 19 259714  -21.72997  -46.26154     2857   5.7  0  0  4  6 0 0 1 0 0 0 0 1 0 0 1 0 0 1
2014   2 28  5 35 20 256383  -18.49297  -47.13066     2723   5.1  0  0  4  6 0 0 0 1 1 0 0 1 0 1 0 0 0 0
2014   2 28  5 35 20 429718  -16.08743  -51.40120     3349  70.0  1  0  7 21 0 0 1 1 1 0 0 1 0 1 0 1 0 1
2014   2 28  5 35 21 118876    7.58990  -74.28607    12996  90.7  2  0  7 16 0 0 1 1 1 0 0 0 0 1 1 1 0 1
2014   2 28  5 35 21 307608    6.81852  -73.55420    12198  62.3  2  0  6 14 0 0 1 1 1 0 0 1 0 0 1 0 0 1
2014   2 28  5 35 21 422796    7.69646  -74.80249    10458  85.4  2  0  6 13 0 0 0 1 1 0 0 1 0 1 1 1 0 0
2014   2 28  5 35 21 592623    7.65739  -73.90713     6230  87.7  2  0  7 20 0 0 1 1 1 0 0 1 0 0 1 1 0 1
2014   2 28  5 35 22 637351    4.16622  -82.82642     9902  91.0  2  0  6 14 0 0 1 0 0 0 0 1 0 1 1 1 0 1
2014   2 28  5 35 22 654879  -11.27366  -60.65045     5451  33.2  1  0  5  9 0 0 0 0 1 0 0 0 0 1 1 1 0 1
2014   2 28  5 35 23 270627  -23.61481  -46.08944     3585  31.5  1  0  5 10 0 0 1 1 1 0 0 1 0 0 1 0 0 0
2014   2 28  5 35 23 303820  -23.57029  -45.98190     5583  95.9  2  0  6 14 0 0 0 1 1 0 0 1 0 1 1 0 0 1
2014   2 28  5 35 24 343240   30.48637 -129.79327    30599 147.7  2  0  7 21 0 0 1 1 1 0 0 1 0 1 1 1 0 0
2014   2 28  5 35 25 601430  -27.59056  -43.94335     6940  27.1  1  0  4  6 0 0 0 0 0 0 0 1 0 1 1 0 0 1
2014   2 28  5 35 25 927170   -9.85114  -51.02209     9258  43.7  1  0  5 10 0 0 1 1 1 0 0 0 0 1 1 0 0 0
2014   2 28  5 35 25 952806  -16.15561  -51.31026     4216 106.1  2  0  7 21 0 0 1 1 1 0 0 1 0 1 1 0 0 1
2014   2 28  5 35 26  21861  -16.00142  -51.53485     4826 111.8  2  0  6 15 0 0 1 1 0 0 0 1 0 1 0 1 0 1
2014   2 28  5 35 26  65000    4.64480  147.74092    20569   8.9  0  0  4  6 0 0 1 1 0 0 0 0 0 0 1 1 0 0
2014   2 28  5 35 26 134962  -15.79763  -52.93080     7795 103.0  2  0  6 15 0 0 1 1 1 0 0 0 0 1 1 0 0 1
2014   2 28  5 35 26 163578  -16.13502  -51.30808     4234 106.9  2  0  7 21 0 0 1 1 1 0 0 1 0 1 1 0 0 1
2014   2 28  5 35 26 274620  -15.96141  -51.45876     2907   2.9  0  0  4  6 0 0 1 1 0 0 0 1 0 0 1 0 0 0
2014   2 28  5 35 27  72504   -5.06448  -73.98904     4476   6.3  0  0  5 10 0 0 0 1 1 0 0 0 0 1 0 1 0 1
2014   2 28  5 35 27 175303    2.51409  -70.28071     6580  19.6  0  0  4  6 0 0 0 1 1 0 0 0 0 1 0 1 0 0
2014   2 28  5 35 27 218365  -13.34643  159.94212    10839  35.9  1  0  5 10 0 0 1 1 0 0 0 1 0 0 1 1 0 0
2014   2 28  5 35 28 747613  -20.94652  -50.74325     2573  18.9  0  0  6 15 0 0 1 0 0 0 0 1 0 1 1 1 0 1
2014   2 28  5 35 28 886068    7.89446  -74.70757     5303  17.5  0  0  6 11 0 0 0 1 1 0 0 1 0 0 1 1 0 1
2014   2 28  5 35 29 944205  -23.55292  -45.86098     3230  16.7  0  0  5  9 0 0 1 1 1 0 0 0 0 0 1 0 0 1
2014   2 28  5 35 30 505201    5.17647  -73.11232     4349  15.3  0  0  5  8 0 0 0 1 0 0 0 1 0 0 1 1 0 1
2014   2 28  5 35 30 590316    2.30381  -67.65502     8065  14.9  0  0  5 10 0 0 0 1 1 0 0 1 0 0 1 0 0 1
2014   2 28  5 35 31 303751   -6.10468    8.66005    17273  26.4  0  0  5  9 0 0 1 1 0 0 0 1 0 0 1 0 0 1
2014   2 28  5 35 31 330569    7.43643  -73.79872     4001  32.6  0  0  7 20 0 0 1 1 1 0 0 0 0 1 1 1 0 1
2014   2 28  5 35 31 516140   -5.14632  -75.20347     4874  20.1  0  0  5  9 0 0 0 1 0 0 0 1 0 0 1 1 0 1
2014   2 28  5 35 31 583864   -5.18300  -75.25330     4088  33.2  0  0  7 21 0 0 0 1 1 0 0 1 0 1 1 1 0 1
2014   2 28  5 35 32   1330  -19.79467 -141.77522     9858  16.1  0  0  5  8 0 0 1 1 0 0 0 1 0 0 1 1 0 0
2014   2 28  5 35 32 166191  -19.94138 -140.98584     9584  43.4  0  0  7 21 0 0 1 1 1 0 0 1 0 1 0 1 0 1
2014   2 28  5 35 32 638629  -29.81952 -133.53497    24594  27.1  0  0  5 10 0 0 1 1 0 0 0 1 0 0 1 0 0 1
2014   2 28  5 35 33  13024  -16.26144  -51.60974     4978 139.8  2  0  7 21 0 0 1 1 1 0 0 1 0 0 1 1 0 1
2014   2 28  5 35 33 443538    7.45698  -73.53545     5404  65.7  1  0  7 19 0 0 1 1 1 0 0 1 0 0 1 1 0 1
2014   2 28  5 35 33 786089    7.75353  -74.51546     9792  48.7  1  0  6 12 0 0 0 1 1 0 0 1 0 0 1 1 0 1
2014   2 28  5 35 34   8965   -6.00406  -74.33849     4613  52.6  1  0  7 16 0 0 1 1 1 0 0 0 0 1 1 1 0 1
2014   2 28  5 35 34 627378  -16.05396  -51.08260     3172  42.8  1  0  6 15 0 0 0 1 1 0 0 1 0 1 1 0 0 1
2014   2 28  5 35 34 820246  -16.07279  -50.96769     4352  46.4  1  0  5 10 0 0 0 1 1 0 0 1 0 0 1 0 0 1
2014   2 28  5 35 35  39597  -16.12789  -50.97081     4408  47.5  1  0  5 10 0 0 0 1 1 0 0 1 0 0 1 0 0 1
2014   2 28  5 35 35  47459  -16.06640  -51.09660     3087  56.6  1  0  7 21 0 0 0 1 1 0 0 1 0 1 1 1 0 1
2014   2 28  5 35 35  78493  -16.10358  -50.95912     4278  47.9  1  0  5 10 0 0 1 1 1 0 0 1 0 0 1 0 0 0
2014   2 28  5 35 35 121963  -16.03596  -50.97259     3323  55.7  1  0  7 20 0 0 1 0 1 0 0 1 0 1 1 1 0 1
2014   2 28  5 35 35 339985  -20.76895  -46.99654     5073  47.2  1  0  5  8 0 0 1 1 1 0 0 1 0 0 1 0 0 0
2014   2 28  5 35 35 348717  -20.79644  -46.92995     3259  43.3  1  0  6 15 0 0 1 1 1 0 0 1 0 0 1 0 0 1
2014   2 28  5 35 35 374687   -6.06133  -74.75262     9164  58.4  2  0  5  8 0 0 0 1 1 0 0 1 0 0 1 1 0 0
2014   2 28  5 35 35 835699   -7.61861   15.03061    17202  46.7  1  0  6 15 0 0 1 1 1 0 0 1 0 0 1 0 0 1
2014   2 28  5 35 36 289265  -28.45366  -42.66716     6426  41.6  1  0  5 10 0 0 1 0 1 0 0 1 0 0 1 0 0 1
2014   2 28  5 35 36 632152  -26.71944 -136.28152    31304  79.0  2  0  6 15 0 0 0 1 0 0 0 1 0 1 1 1 0 1
2014   2 28  5 35 37 877168  -22.66323  -47.29704     4666  64.7  2  0  5  9 0 0 1 1 1 0 0 1 0 0 0 0 0 1
2014   2 28  5 35 37 897491    6.56491  152.59755    11107  69.4  2  0  6 15 0 0 1 1 1 0 0 1 0 0 1 1 0 0
2014   2 28  5 35 38 148364    6.60025  152.46849    14986  83.3  2  0  7 19 0 0 0 1 1 0 0 1 0 1 1 1 0 1
2014   2 28  5 35 38 464180  -12.24931  -73.54445     7834  86.5  2  0  6 15 0 0 0 1 1 0 0 1 0 0 1 1 0 1
2014   2 28  5 35 38 502751  -12.15655  -73.06950     6714 119.4  2  0  6 15 0 0 1 1 1 0 0 1 0 1 0 1 0 0
2014   2 28  5 35 38 534361  -12.14137  -73.06918     5256 105.5  2  0  7 21 0 0 1 1 0 0 0 1 0 1 1 1 0 1
2014   2 28  5 35 38 557245  -12.25055  -73.55538     7871  87.0  2  0  6 15 0 0 0 1 1 0 0 1 0 0 1 1 0 1
2014   2 28  5 35 39  97071  -12.13444  -72.85062     4824  87.8  2  0  7 21 0 0 1 0 1 0 0 1 0 1 1 1 0 1
2014   2 28  5 35 39 163423  -12.13374  -73.08253     5626 116.2  2  0  7 21 0 0 1 1 1 0 0 1 0 1 1 1 0 0
2014   2 28  5 35 39 571111  -33.46696  -39.47996     5459  74.0  2  0  7 21 0 0 1 1 1 0 0 1 0 1 1 0 0 1
2014   2 28  5 35 40 708509  -20.61910  -49.49413     3011   1.8  0  0  4  6 0 0 1 1 0 0 0 1 0 0 1 0 0 0
2014   2 28  5 35 40 887312   -6.06112  -74.51051     7600 133.3  2  0  7 20 0 0 1 1 1 0 0 1 0 1 0 1 0 1
2014   2 28  5 35 40 987891   -6.02695  -74.20671     5643  98.8  2  0  7 21 0 0 1 0 1 0 0 1 0 1 1 1 0 1
2014   2 28  5 35 41 669608   31.27910 -130.61012    28970 137.2  2  0  7 21 0 0 1 1 1 0 0 1 0 0 1 1 0 1
2014   2 28  5 35 42  64592  -21.02184  -49.63681     3760  81.2  2  0  7 19 0 0 1 1 0 0 0 1 0 1 1 1 0 1
2014   2 28  5 35 42  86190  -21.31195  -49.18257     4857  93.0  2  0  6 14 0 0 1 1 1 0 0 1 0 0 1 0 0 1
2014   2 28  5 35 42 206100  -21.32827  -49.05791     5498  97.6  2  0  6 11 0 0 1 1 1 0 0 1 0 0 1 0 0 1
2014   2 28  5 35 42 417033  -21.10630  -49.53175     3130   5.9  0  0  4  6 0 0 1 1 0 0 0 1 0 0 1 0 0 0
2014   2 28  5 35 42 647537  -12.86976  -72.34850     5770  54.0  2  0  5  9 0 0 1 0 0 0 0 1 0 0 1 1 1 0
2014   2 28  5 35 42 934361  -22.16290  -45.88566     4555  95.5  2  0  6 15 0 0 1 1 1 0 0 1 0 0 1 0 0 1
2014   2 28  5 35 42 950509  -21.90385  -45.96494     4319 119.2  2  0  7 21 0 0 1 0 1 0 0 1 0 1 1 1 0 1
2014   2 28  5 35 44 331399    7.40029  -74.02740     4087  17.0  0  0  6 14 0 0 0 1 1 0 0 1 0 0 1 1 0 1
2014   2 28  5 35 44 411006    7.08436  -74.08767     4279  40.8  0  0  7 20 0 0 1 1 1 0 0 1 0 1 0 1 0 1
2014   2 28  5 35 44 483014    6.33550  -76.70689     3654  16.0  0  0  7 21 0 0 0 1 1 0 0 1 0 1 1 1 0 1
2014   2 28  5 35 44 795369    7.51291  -82.81047     3401  19.0  0  0  7 21 0 0 1 1 1 0 0 1 0 0 1 1 0 1
2014   2 28  5 35 45  97545    6.68342  -74.01801     8179  12.7  0  0  6 15 0 0 0 1 1 0 0 1 0 1 1 0 0 1
2014   2 28  5 35 45 334036    7.43897  -73.82204     4322  18.1  0  0  5  8 0 0 1 1 0 0 0 1 0 0 0 1 0 1
2014   2 28  5 35 46 398329    7.36776  -73.96099     5886   4.9  0  0  4  6 0 0 0 1 0 0 0 1 0 0 0 1 0 1
2014   2 28  5 35 46 427195    7.37585  -73.82830     6946  22.2  0  0  5  8 0 0 0 1 1 0 0 1 0 0 1 1 0 0
2014   2 28  5 35 47 181747   -6.10880  -74.52102     3911  24.4  0  0  6 15 0 0 0 1 1 0 0 1 0 0 1 1 0 1
2014   2 28  5 35 50 250526  -20.54516  -49.16987     4536  65.0  2  0  6 12 0 0 1 1 1 0 0 1 0 0 1 0 0 1
2014   2 28  5 35 50 343482  -16.09709  -51.28399     3358  47.5  1  0  6 15 0 0 1 1 0 0 0 1 0 1 1 0 0 1
2014   2 28  5 35 50 420309  -20.45713  -49.31058     3406  64.8  1  0  7 17 0 0 1 1 1 0 0 1 0 0 1 1 0 1
2014   2 28  5 35 50 960471    1.32713  -22.36404     4043  44.1  0  0  7 20 0 0 1 1 1 0 0 1 1 0 1 0 0 1
2014   2 28  5 35 51 968658    7.66751  -74.34959    13301  75.3  2  0  6 12 0 0 0 1 1 0 0 1 0 0 1 1 0 1
2014   2 28  5 35 52 448472    2.88302  -18.38457    10776  55.5  1  0  7 20 0 0 1 1 1 0 0 1 0 0 1 1 0 1
2014   2 28  5 35 52 527226  -12.15261  -73.24318     4797  85.1  2  0  7 20 0 0 1 1 1 0 0 1 0 1 1 1 0 0
2014   2 28  5 35 53 688495  -29.25159 -133.59698    21237  43.6  1  0  5  7 0 0 1 0 1 0 0 0 0 0 1 1 0 1
2014   2 28  5 35 55 284521  -28.37740  -42.92138     4756  55.1  1  0  6 15 0 0 1 1 1 0 0 1 0 0 1 0 0 1
2014   2 28  5 35 55 609381  -11.48764  169.37115    14603  82.1  2  0  7 21 0 0 1 1 1 0 0 1 0 0 1 1 0 1
2014   2 28  5 35 56 775338    4.74576  -72.93787     8971  94.8  2  0  6 15 0 0 0 1 1 0 0 1 0 0 1 1 0 1
2014   2 28  5 35 56 918067   -5.48332  -74.10055     5192  48.1  1  0  5 10 0 0 1 0 1 0 0 0 0 1 0 1 0 1
2014   2 28  5 35 57  21614    4.74387  -72.93504     9074  96.3  2  0  6 15 0 0 0 1 1 0 0 1 0 0 1 1 0 1
2014   2 28  5 35 57 892478  -16.15685  -51.10618     4202 105.7  2  0  7 21 0 0 1 1 1 0 0 1 0 1 1 0 0 1
2014   2 28  5 35 58 612947   -5.96454  -74.28597     5951 108.6  2  0  7 21 0 0 1 0 1 0 0 1 0 1 1 1 0 1
2014   2 28  5 35 59 194534   -6.76359  -78.04827     8077  13.7  0  0  4  6 0 0 0 1 1 0 0 0 0 1 0 1 0 0
2014   2 28  5 35 59 227806  -28.36673  -43.49448     3912  30.1  1  0  5 10 0 0 1 1 1 0 0 1 0 0 0 0 0 1
2014   2 28  5 36  0 272057   -5.93064   18.21293    19557   7.8  0  0  5 10 0 0 1 1 1 0 0 0 0 0 1 0 0 1
2014   2 28  5 36  0 292046   -7.40442    5.78678     9709  21.5  0  0  6 15 0 0 1 1 1 0 0 1 0 0 1 0 0 1
2014   2 28  5 36  0 495544  -23.66434  -45.80643     3306  32.6  0  0  6 15 0 0 0 1 1 0 0 1 0 1 1 0 0 1
2014   2 28  5 36  0 530691  -23.75953  -45.59372     3668   2.8  0  0  4  6 0 0 1 0 0 0 0 1 0 0 1 0 0 1
2014   2 28  5 36  1 316028  -16.06800  -51.27681     2614  30.3  0  0  7 21 0 0 1 1 1 0 0 0 0 1 1 1 0 1
2014   2 28  5 36  1 334185  -15.93299  -51.25586     3290  33.8  0  0  6 13 0 0 1 0 1 0 0 1 0 1 1 0 0 1
2014   2 28  5 36  1 561519  -12.30582  -73.08121     7713  91.3  2  0  6 11 0 0 1 0 1 0 0 0 0 1 0 1 1 1
2014   2 28  5 36  1 572983  -16.13952  -51.31840     3773  39.9  1  0  5 10 0 0 1 1 0 0 0 1 0 1 1 0 0 0
2014   2 28  5 36  2 106921  -20.61183  -47.08215     3236  33.5  0  0  6 12 0 0 1 1 1 0 0 0 0 1 1 1 0 0
2014   2 28  5 36  2 143989  -20.71785  -46.89697     2872  17.4  0  0  5 10 0 0 0 1 1 0 0 1 0 0 1 0 0 1
2014   2 28  5 36  2 208304  -20.62387  -47.06429     2875  32.0  0  0  6 15 0 0 1 1 1 0 0 0 0 1 1 1 0 0
2014   2 28  5 36  2 231956  -20.72641  -46.89698     2611  17.2  0  0  6 15 0 0 1 1 1 0 0 1 0 0 1 0 0 1
2014   2 28  5 36  2 678594    4.54230  -71.43949    12997  24.3  0  0  5 10 0 0 0 1 1 0 0 1 0 0 1 0 0 1
2014   2 28  5 36  3 246957   21.67631  -77.80096    29119  22.0  0  0  5 10 0 0 0 1 1 0 0 1 0 0 1 0 0 1
2014   2 28  5 36  3 868894    5.27788  -73.22987     5684  33.1  1  0  5  8 0 0 0 1 1 0 0 1 0 0 1 1 0 0
2014   2 28  5 36  4 389863   -5.84963  -74.51469     4978  45.3  1  0  5 10 0 0 1 1 1 0 0 0 0 0 0 1 0 1
2014   2 28  5 36  4 469326   -5.89036  -74.50265     4299  70.8  2  0  7 21 0 0 1 1 0 0 0 1 0 1 1 1 0 1
2014   2 28  5 36  5 334678  -12.20062  -72.94669     4347  76.2  2  0  7 21 0 0 1 1 1 0 0 0 0 1 1 1 0 1
2014   2 28  5 36  5 392868  -33.36570  -39.21420     8901  18.7  0  0  4  6 0 0 0 1 0 0 0 1 0 0 1 0 0 1
2014   2 28  5 36  5 700131  -14.42609  -69.03207    21019  42.7  1  0  5 10 0 0 0 1 1 0 0 0 0 1 1 0 0 1
2014   2 28  5 36  6 652378  -13.11137  -71.45666     3850  62.7  1  0  7 21 0 0 1 1 1 0 0 1 0 0 1 1 0 1
2014   2 28  5 36  6 901792  -13.15001  -71.59596    10141  71.1  2  0  5 10 0 0 0 1 1 0 0 0 0 0 1 1 0 1
2014   2 28  5 36  6 977198  -24.22896  -45.92678     3593  68.6  1  0  7 21 0 0 1 1 1 0 0 1 0 1 1 0 0 1
2014   2 28  5 36  7 193830  -13.11700  -71.43333     3970  67.1  1  0  7 21 0 0 1 1 1 0 0 1 0 0 1 1 0 1
2014   2 28  5 36  7 574509  -20.72087  -49.37521     5286  49.8  1  0  5  7 0 0 1 1 1 0 0 1 0 0 1 0 0 0
2014   2 28  5 36  7 587675  -20.70979  -49.43237     3418  79.1  2  0  7 21 0 0 1 1 1 0 0 1 0 1 1 0 0 1
2014   2 28  5 36  7 822838   -3.96950  -70.89750     5051  94.8  2  0  7 21 0 0 1 1 1 0 0 1 0 1 0 1 0 1
2014   2 28  5 36  8 129760   -4.16061  -70.99544     4069  67.5  1  0  7 21 0 0 1 1 1 0 0 1 0 0 1 1 0 1
2014   2 28  5 36  8 193218   -4.20786  -71.20119     5955  68.4  2  0  6 15 0 0 0 1 1 0 0 1 0 0 1 1 0 1
2014   2 28  5 36  8 262940  -44.03287  -36.82895     8177  61.9  1  0  7 20 0 0 1 1 1 0 0 1 0 0 0 1 1 1
2014   2 28  5 36  8 290944  -33.51646  -39.50321     7967  68.7  2  0  5 10 0 0 1 1 1 0 0 0 0 0 1 0 0 1
2014   2 28  5 36  8 308051   -3.13297   -4.73066    82313  53.1  2  0  5 10 0 0 1 1 1 0 0 0 0 0 1 0 0 1
2014   2 28  5 36  8 749198   -7.37302    8.38851    60155  81.9  2  0  6 11 0 0 1 1 1 0 0 1 0 0 1 0 0 1
2014   2 28  5 36  8 836304  -23.88602  -45.67113     6455 114.6  2  0  7 18 0 0 1 1 1 0 0 1 0 0 1 1 0 1
2014   2 28  5 36  8 853434  -23.82259  -45.86216     4505  77.0  2  0  6 15 0 0 1 1 1 0 0 1 0 0 1 0 0 1
2014   2 28  5 36  8 864603  -20.48754  -49.37777     3517  18.2  0  0  4  6 0 0 1 1 0 0 0 1 0 0 1 0 0 0
2014   2 28  5 36  8 902862  -23.66592  -46.00851     3879  77.6  2  0  7 20 0 0 1 1 1 0 0 0 0 1 1 1 0 1
2014   2 28  5 36  9 165759    7.66210  -75.26099    13343  60.4  2  0  5  7 0 0 0 1 1 0 0 1 0 0 0 1 0 1
2014   2 28  5 36  9 536627  -14.78006  -56.57298     3963  87.6  2  0  7 21 0 0 1 1 1 0 0 1 0 0 1 1 0 1
2014   2 28  5 36  9 573111  -14.89478  -56.39904     4737  77.1  2  0  6 15 0 0 1 1 1 0 0 1 0 0 1 0 0 1
2014   2 28  5 36 11 184079  -13.79770  -51.32930    41785  63.2  2  0  5  8 0 0 1 0 1 0 0 0 0 1 1 0 0 1
2014   2 28  5 36 11 201059  -16.17011  -51.26628     4397  99.9  2  0  7 18 0 0 1 1 1 0 0 1 0 1 1 0 0 1
2014   2 28  5 36 12 272027  -12.11694  -73.09753     5400 109.2  2  0  7 21 0 0 1 0 1 0 0 1 0 1 1 1 0 1
2014   2 28  5 36 12 788883  -12.11029  -73.11333     5291 104.9  2  0  7 21 0 0 1 0 1 0 0 1 0 1 1 1 0 1
2014   2 28  5 36 13 206273  -29.03321 -135.93207    24712 133.0  2  0  7 21 0 0 1 1 1 0 0 1 0 1 1 1 0 0
2014   2 28  5 36 13 260993  -30.96995 -131.54974    54914 106.3  2  0  6 15 0 0 1 1 1 0 0 1 0 0 1 0 0 1
2014   2 28  5 36 15 323819  -13.46474  -55.54555     3378  18.4  0  0  4  6 0 0 0 1 0 0 0 0 0 1 1 1 0 0
2014   2 28  5 36 15 978264  -23.32225  -46.57401     3888  80.9  2  0  7 19 0 0 1 1 1 0 0 1 0 1 1 1 0 0
2014   2 28  5 36 16 608335  -13.87688  159.27805     4502  11.2  0  0  7 21 0 0 0 1 1 0 0 1 0 1 1 1 0 1
2014   2 28  5 36 16 741959    2.55756  -68.09436     3548   1.7  0  0  5  9 0 0 0 1 1 0 0 1 0 0 0 1 0 1
2014   2 28  5 36 16 894139    2.56683  -68.08028     2533   2.6  0  0  7 21 0 0 0 1 1 0 0 1 0 1 1 1 0 1
2014   2 28  5 36 17  59275    5.68369  -77.68181     4985   3.3  0  0  5  7 0 0 0 1 1 0 0 0 0 0 1 1 0 1
2014   2 28  5 36 17 112401  -24.79783 -115.38176    31450   4.9  0  0  4  6 0 0 0 1 0 0 0 1 0 0 1 0 0 1
2014   2 28  5 36 17 123206  -13.92439  159.49289     8917  25.5  0  0  5 10 0 0 1 1 1 0 0 1 0 0 0 1 0 0
2014   2 28  5 36 17 394814  -28.66047  -42.62505     2681   7.5  0  0  6 15 0 0 1 1 1 0 0 1 0 0 1 0 0 1
2014   2 28  5 36 17 416358  -28.62084  -42.63078     2779  18.3  0  0  7 19 0 0 1 1 1 0 0 0 0 1 1 1 0 1
2014   2 28  5 36 17 464370  -28.67550  -42.61213     3163  16.5  0  0  7 19 0 0 0 1 1 0 0 1 0 1 1 1 0 1
2014   2 28  5 36 17 520185  -28.64442  -42.61872     2802   4.4  0  0  6 11 0 0 1 1 1 0 0 1 0 0 1 0 0 1
2014   2 28  5 36 17 612057  -28.64716  -42.65357     2938   7.2  0  0  5 10 0 0 1 1 1 0 0 0 0 0 1 0 0 1
2014   2 28  5 36 17 716791  -21.65979  -46.40004     2809   1.8  0  0  4  6 0 0 1 0 0 0 0 1 0 0 1 0 0 1
2014   2 28  5 36 17 757805   -6.11962  -74.56120     3018  13.9  0  0  7 21 0 0 0 1 1 0 0 1 0 1 1 1 0 1
2014   2 28  5 36 17 974676  -14.29383  160.14642     8623  23.0  0  0  5 10 0 0 1 1 1 0 0 1 0 0 0 1 0 0
2014   2 28  5 36 18  30093   -6.10673  -74.60741     3093  15.4  0  0  7 21 0 0 0 1 1 0 0 1 0 1 1 1 0 1
2014   2 28  5 36 18 202234   -6.12402  -74.53553     3265  14.2  0  0  6 15 0 0 0 1 1 0 0 1 0 0 1 1 0 1
2014   2 28  5 36 19 605402   29.10553 -133.90324    26589  32.7  0  0  6 15 0 0 0 0 1 0 0 1 0 1 1 1 0 1
2014   2 28  5 36 19 761909   -9.89997   18.85064    17982  34.8  1  0  5  9 0 0 1 1 0 0 0 1 0 0 1 0 0 1
2014   2 28  5 36 19 835830  -11.64676   15.60899    11245  17.6  0  0  6 11 0 0 1 1 1 0 0 1 0 0 1 0 0 1
2014   2 28  5 36 20 319440   -5.70365  -74.81596     4195  36.7  0  0  7 21 0 0 0 1 1 0 0 1 0 1 1 1 0 1
2014   2 28  5 36 20 551392  -13.18964  -71.69232     7002  32.2  1  0  5  7 0 0 1 1 0 0 0 1 0 0 1 0 0 1
2014   2 28  5 36 20 560980  -13.24498  157.42990     6881  14.5  0  0  5 10 0 0 1 1 0 0 0 1 0 0 1 1 0 0
2014   2 28  5 36 20 656981  -21.79635  -46.15352     2600  31.6  0  0  7 19 0 0 1 1 0 0 0 1 0 1 1 1 0 1
2014   2 28  5 36 20 735879  -21.86654  -45.99778     3519  56.1  1  0  6 15 0 0 1 1 0 0 0 1 0 0 1 1 0 1
2014   2 28  5 36 20 795121  -21.93618  -45.91403     3130  26.4  0  0  5 10 0 0 1 1 0 0 0 1 0 0 1 0 0 1
2014   2 28  5 36 20 838264  -21.96204  -45.96359     3184  27.4  0  0  5 10 0 0 1 1 1 0 0 1 0 0 0 0 0 1
2014   2 28  5 36 21 723979    9.11892  -73.88087     8702  40.8  1  0  5  8 0 0 0 1 1 0 0 1 0 0 1 1 0 0
2014   2 28  5 36 22 165943   -6.89173  174.72401     9769  37.7  0  0  6 15 0 0 1 1 0 0 0 1 0 0 1 1 0 1
2014   2 28  5 36 22 728325   -4.04929    0.62849    48060  32.3  1  0  5 10 0 0 1 1 1 0 0 0 0 0 1 0 0 1
2014   2 28  5 36 22 964209   -0.53279    5.94700    53968  63.2  2  0  5  7 0 0 1 1 1 0 0 1 0 0 0 0 0 1
2014   2 28  5 36 23 651517  -20.66945  -49.46517     2541   9.0  0  0  6 12 0 0 1 1 1 0 0 1 0 0 1 0 0 1
2014   2 28  5 36 23 837005  -20.66358  -49.51474     3256  15.6  0  0  4  6 0 0 1 1 0 0 0 1 0 1 0 0 0 0
2014   2 28  5 36 24 143335    7.50557  -73.95926     4976  44.1  1  0  6 15 0 0 1 0 1 0 0 1 0 0 1 1 0 1
2014   2 28  5 36 24 205390  -19.45966 -142.83167    19097  58.8  2  0  5 10 0 0 1 1 0 0 0 1 0 0 0 1 0 1
2014   2 28  5 36 24 318017  -19.56975 -142.55818    13002  62.5  1  0  7 21 0 0 1 1 1 0 0 1 0 0 1 1 0 1
2014   2 28  5 36 24 339339  -19.35361 -143.29546    12066  29.1  0  0  5  9 0 0 1 1 0 0 0 1 0 0 1 1 0 0
2014   2 28  5 36 24 746570   -6.04278  -74.32536     4736  64.3  1  0  7 20 0 0 1 0 1 0 0 1 0 1 1 1 0 1
2014   2 28  5 36 25 634301  -11.16439  -57.81836     4188  73.9  2  0  6 15 0 0 1 1 1 0 0 1 0 0 1 1 0 0
2014   2 28  5 36 26  52102    7.81436  -74.77947    16025  89.6  2  0  6 13 0 0 0 1 1 0 0 0 0 1 1 1 0 1
2014   2 28  5 36 26 275293   -1.23101  -72.42670     7640 103.7  2  0  6 14 0 0 1 1 0 0 0 1 0 1 0 1 0 1
2014   2 28  5 36 26 679066  -20.98061  -46.71776     3201  14.7  0  0  5  9 0 0 1 1 1 0 0 0 0 0 1 0 0 1
2014   2 28  5 36 26 696750  -16.69985  -51.47773     5669  75.9  2  0  6 15 0 0 1 1 1 0 0 0 0 1 1 0 0 1
2014   2 28  5 36 26 713117  -16.98184  -51.12453     3995  25.5  0  0  5 10 0 0 1 1 1 0 0 0 0 0 1 0 0 1
2014   2 28  5 36 26 789706  -16.30878  -51.66401     4331  89.9  2  0  6 15 0 0 0 1 1 0 0 0 0 1 1 1 0 1
2014   2 28  5 36 26 797966  -16.50457  -51.46637     4330  73.5  2  0  6 15 0 0 1 1 1 0 0 1 0 0 1 0 0 1
2014   2 28  5 36 27 190382  -20.74171  -46.87885     4038  68.7  2  0  6 15 0 0 1 1 1 0 0 1 0 0 1 0 0 1
2014   2 28  5 36 27 223426  -20.97747  -46.69421     3093  16.5  0  0  5 10 0 0 1 1 1 0 0 0 0 0 1 0 0 1
2014   2 28  5 36 28 530565    5.04515  -72.87575    10755  99.0  2  0  6 14 0 0 0 1 1 0 0 1 0 0 1 1 0 1
2014   2 28  5 36 29  15212   -6.00162  -75.13542     9022 101.3  2  0  6 15 0 0 0 1 1 0 0 1 0 0 1 1 0 1
2014   2 28  5 36 29 109461  -22.18222 -139.79417    15453  76.5  2  0  7 21 0 0 1 0 1 0 0 1 0 1 1 1 0 1
2014   2 28  5 36 29 157121  -29.63073  -87.02068    22447  50.3  2  0  5 10 0 0 0 0 1 0 0 0 0 1 1 1 0 1
2014   2 28  5 36 29 578439   -6.68812    8.29860    31521  68.5  2  0  6 11 0 0 1 1 1 0 0 1 0 0 1 0 0 1
2014   2 28  5 36 29 760032  -29.04073  -61.09306     6065  36.1  1  0  5 10 0 0 1 1 1 0 0 0 0 0 1 0 0 1
2014   2 28  5 36 30 667401  -28.88773 -137.34186    21916 110.1  2  0  7 21 0 0 1 1 1 0 0 1 0 0 1 1 0 1
2014   2 28  5 36 32 285142  -10.90436  -57.38292     2592  10.8  0  0  6 14 0 0 0 1 1 0 0 1 0 0 1 1 0 1
2014   2 28  5 36 33 430958  -20.57888  -49.13010     3218  11.5  0  0  5  7 0 0 1 1 1 0 0 1 0 0 0 0 0 1
2014   2 28  5 36 33 611835  -20.56169  -49.15270     3254  14.7  0  0  5  7 0 0 1 1 1 0 0 1 0 0 1 0 0 0
2014   2 28  5 36 33 828009    7.48511  -74.00755     6511  23.3  0  0  5  9 0 0 0 1 1 0 0 0 0 0 1 1 0 1
2014   2 28  5 36 34 583473    3.21543  -85.28619     6115  10.8  0  0  5 10 0 0 0 1 1 0 0 1 0 0 0 1 0 1
2014   2 28  5 36 34 760124  -29.76509  -42.79360     3541  10.2  0  0  4  6 0 0 1 1 0 0 0 0 0 1 0 0 0 1
2014   2 28  5 36 34 886127   -1.39446  156.77098     7448   9.6  0  0  4  6 0 0 1 1 0 0 0 1 0 0 0 1 0 0
2014   2 28  5 36 36 828753    7.39222  -73.89326     6195  60.9  2  0  6 11 0 0 1 1 1 0 0 1 0 0 1 1 0 0
2014   2 28  5 36 37 224783    4.83725  -72.82336     7636  33.9  1  0  5  8 0 0 0 1 1 0 0 1 0 0 0 1 0 1
2014   2 28  5 36 37 623683   -6.08183  -74.89680     6906  59.3  1  0  6 14 0 0 0 1 1 0 0 1 0 1 1 1 0 0
2014   2 28  5 36 38 482059  -33.49509  -39.61201     5178  55.5  1  0  7 20 0 0 1 1 1 0 0 1 0 0 1 1 0 1
2014   2 28  5 36 38 555128  -33.54870  -39.49010     5481  51.3  1  0  6 15 0 0 1 1 1 0 0 1 0 0 1 0 0 1
2014   2 28  5 36 39 970683  -23.67963  -45.91624     4096  71.3  2  0  6 15 0 0 1 1 1 0 0 1 0 1 0 0 0 1
2014   2 28  5 36 40 630677  -16.02875  -51.37161     3561  78.2  2  0  7 21 0 0 1 1 1 0 0 0 0 1 1 1 0 1
2014   2 28  5 36 41 847696  -20.52062  -49.35833     3301  14.9  0  0  5  7 0 0 1 1 0 0 0 1 0 0 1 0 0 1
2014   2 28  5 36 41 935417  -14.54026  -50.92822    16849  45.6  1  0  5 10 0 0 1 0 1 0 0 0 0 1 1 0 0 1
2014   2 28  5 36 41 979571  -16.09334  -51.02039     3672  79.5  2  0  7 21 0 0 1 1 1 0 0 1 0 1 1 0 0 1
2014   2 28  5 36 41 989281  -16.01784  -51.12357     5190  94.8  2  0  6 14 0 0 0 1 1 0 0 1 0 0 1 1 0 1
2014   2 28  5 36 42 365980  -16.19819  -50.93539     5875  87.6  2  0  6 11 0 0 0 1 1 0 0 1 0 0 1 1 0 1
2014   2 28  5 36 42 375444  -16.09761  -51.02344     3744  82.8  2  0  7 21 0 0 1 1 1 0 0 1 0 1 1 0 0 1
2014   2 28  5 36 42 739313   -6.09521  -74.56036     9095  81.9  2  0  6 15 0 0 0 0 1 0 0 1 0 1 1 1 0 1
2014   2 28  5 36 42 828268   -6.07320  -74.50294     5877 112.0  2  0  7 21 0 0 1 1 1 0 0 1 0 1 0 1 0 1
2014   2 28  5 36 42 922983   -6.06034  -74.26581     5014  82.5  2  0  7 21 0 0 1 0 1 0 0 1 0 1 1 1 0 1
2014   2 28  5 36 43   7652   -6.00897  -74.53970     5238  96.1  2  0  7 21 0 0 1 1 1 0 0 1 0 0 1 1 0 1
2014   2 28  5 36 43 118993  -28.42470  -42.90471     6448  64.8  2  0  5 10 0 0 1 1 1 0 0 1 0 0 1 0 0 0
2014   2 28  5 36 43 575337  -13.63875  160.47624    16000  84.7  2  0  6 15 0 0 1 1 1 0 0 1 0 0 1 1 0 0
2014   2 28  5 36 44  23667    7.69726  -74.84523    10394 104.4  2  0  7 20 0 0 0 1 1 0 0 1 0 1 1 1 0 1
2014   2 28  5 36 44 225108   27.61199 -127.88480    34016 126.0  2  0  7 21 0 0 1 1 1 0 0 1 0 1 1 0 0 1
2014   2 28  5 36 45 719244   -5.25645    6.18966    35334 105.3  2  0  6 15 0 0 1 1 1 0 0 1 0 0 1 0 0 1
2014   2 28  5 36 46 408886    5.11229  -59.43480     4559  70.1  2  0  7 20 0 0 1 1 1 0 0 0 0 1 1 1 0 1
2014   2 28  5 36 46 550731  -27.77165  -43.76026     4314  55.6  1  0  7 20 0 0 0 1 1 0 0 1 0 1 1 1 0 1
2014   2 28  5 36 46 638999   -5.98449  -74.28359     5833 106.0  2  0  7 21 0 0 1 0 1 0 0 1 0 1 1 1 0 1
2014   2 28  5 36 47  79210  -22.15181  -47.84269     4791 147.4  2  0  7 21 0 0 1 1 0 0 0 1 0 1 1 1 0 1
2014   2 28  5 36 48 433540    6.37713  153.20227     7057  36.7  0  0  7 19 0 0 1 1 0 0 0 1 0 1 1 1 0 1
2014   2 28  5 36 48 545758  -23.28758  -46.89538     2759   5.0  0  0  5  8 0 0 0 1 1 0 0 1 0 0 1 0 0 1
2014   2 28  5 36 48 798298    6.29722  153.78532     6506  22.9  0  0  6 15 0 0 0 1 1 0 0 1 0 0 1 1 0 1
2014   2 28  5 36 49 823388   -0.76113    5.34858    32040  18.3  0  0  5  8 0 0 0 1 1 0 0 1 0 0 1 0 0 1
2014   2 28  5 36 49 908558  -24.34998  -45.72327     2608  15.4  0  0  6 15 0 0 1 1 1 0 0 1 0 1 1 0 0 0
2014   2 28  5 36 50 129323  -24.56486  -45.41991     6514 116.2  2  0  6 14 0 0 1 1 1 0 0 0 0 1 1 0 0 1
2014   2 28  5 36 50 401387  -24.33621  -45.76778     3504  27.7  0  0  5  9 0 0 1 1 1 0 0 1 0 0 0 0 0 1
2014   2 28  5 36 50 430133  -24.32208  -45.69796     3697  27.5  0  0  5 10 0 0 1 0 1 0 0 1 0 0 1 0 0 1
2014   2 28  5 36 50 559245  -23.50061  -46.42446     2996  30.4  0  0  6 15 0 0 1 1 0 0 0 1 0 1 1 0 0 1
2014   2 28  5 36 50 571453  -23.54088  -46.34650     3292  21.3  0  0  5 10 0 0 1 1 0 0 0 1 0 0 1 0 0 1
2014   2 28  5 36 50 593329  -23.56722  -46.34439     4051  66.4  2  0  6 14 0 0 1 0 0 0 0 1 0 1 1 1 0 1
2014   2 28  5 36 50 697212  -13.02103  -71.57074     5754 103.9  2  0  6 15 0 0 1 1 1 0 0 0 0 0 1 1 0 1
2014   2 28  5 36 51  24132    1.54376    9.08992    10031  29.9  0  0  6 14 0 0 1 1 1 0 0 0 0 0 1 1 0 1
2014   2 28  5 36 51 688427   -1.77660    4.00516    16413  23.6  0  0  5  8 0 0 1 0 1 0 0 1 0 0 1 0 0 1
2014   2 28  5 36 52 159247  -20.67272  -47.04751     2740  38.9  0  0  7 21 0 0 1 1 1 0 0 1 0 1 1 0 0 1
2014   2 28  5 36 52 437630   -0.99962  -64.50661     4018  38.9  0  0  6 13 0 0 1 1 1 0 0 1 0 0 0 1 0 1
2014   2 28  5 36 52 668663  -20.66921  -46.95123     2807  42.3  0  0  7 21 0 0 1 1 1 0 0 1 0 1 1 0 0 1
2014   2 28  5 36 52 730753  -33.16976  -39.34973     5374  16.0  0  0  5 10 0 0 0 1 1 0 0 1 0 0 1 0 0 1
2014   2 28  5 36 52 764025  -33.68359  -38.87602     5749  41.1  1  0  5 10 0 0 1 1 1 0 0 0 0 0 1 0 0 1
2014   2 28  5 36 53  39197  -33.73407  -39.03301     8321 119.2  2  0  6 15 0 0 1 1 1 0 0 1 0 0 1 0 0 1
2014   2 28  5 36 53 357051  -33.63836  -39.20062     3580   9.7  0  0  5 10 0 0 1 1 1 0 0 1 0 0 0 0 0 1
2014   2 28  5 36 53 405552  -20.77271  -46.99604     3504  33.7  1  0  5 10 0 0 1 1 1 0 0 1 0 0 0 0 0 1
2014   2 28  5 36 53 534097  -33.71038  -38.85242     6361  48.0  1  0  5 10 0 0 1 1 1 0 0 0 0 0 1 0 0 1
2014   2 28  5 36 53 782730    2.62701  -68.21095     3856  49.5  0  0  7 21 0 0 0 1 1 0 0 1 0 1 1 1 1 0
2014   2 28  5 36 53 788488   -1.62657    4.08855    16632  41.5  1  0  6 15 0 0 1 1 1 0 0 1 0 0 1 0 0 1
2014   2 28  5 36 54 696601    7.59851  -74.38248     7163  57.2  1  0  6 15 0 0 0 1 1 0 0 1 0 0 1 1 0 1
2014   2 28  5 36 54 884428   -5.86113  -74.61932    11042  54.2  2  0  5  9 0 0 0 0 1 0 0 1 0 0 1 1 0 1
2014   2 28  5 36 54 999106  -22.42740  -47.76303     2856  37.2  0  0  7 21 0 0 1 1 0 0 0 1 0 1 1 1 1 0
2014   2 28  5 36 55 130348  -22.51190  -47.63406     3743  18.7  0  0  4  6 0 0 1 1 0 0 0 1 0 0 1 0 0 0
2014   2 28  5 36 55 171240  -22.44530  -47.70516     3489  46.4  1  0  6 14 0 0 1 1 1 0 0 1 0 0 1 1 0 0
2014   2 28  5 36 55 260464  -22.60514  -47.32294     2793  17.2  0  0  5 10 0 0 1 0 1 0 0 1 0 0 1 0 0 1
2014   2 28  5 36 55 453316   -5.80899  -74.38348     4161  59.3  1  0  7 21 0 0 1 0 1 0 0 1 0 1 1 1 0 1
2014   2 28  5 36 55 626448   -6.16119  -74.11408     8442  74.3  2  0  6 15 0 0 1 1 1 0 0 1 0 1 1 0 0 0
2014   2 28  5 36 55 890371   -6.08798  -74.23306     8116  67.2  2  0  6 14 0 0 1 1 1 0 0 1 0 0 1 0 0 1
2014   2 28  5 36 56 560604  -16.45570  -51.21650     3137  40.6  0  0  7 17 0 0 1 1 0 0 0 1 0 1 1 1 1 0
2014   2 28  5 36 56 647054  -16.61131  -51.02401     4054  69.2  2  0  6 15 0 0 1 1 1 0 0 1 0 1 1 0 0 0
2014   2 28  5 36 56 670887  -16.53516  -50.93288     3614  72.6  2  0  7 20 0 0 1 0 1 0 0 1 0 1 1 1 0 1
2014   2 28  5 36 56 902751  -16.17953  -51.33786     3170  59.7  1  0  7 21 0 0 1 1 1 0 0 1 0 1 0 1 0 1
2014   2 28  5 36 58 287813  -23.56613  -45.93934     4942  87.2  2  0  6 15 0 0 1 1 1 0 0 1 0 0 1 0 0 1
2014   2 28  5 36 58 729838    6.90653  -78.54833     7976  87.5  2  0  6 14 0 0 1 1 1 0 0 1 0 0 1 1 0 0
2014   2 28  5 36 59 443773  -18.78597  -59.70871     4461  39.5  1  0  5 10 0 0 0 0 1 0 0 0 0 1 1 1 0 1
2014   2 28  5 36 59 656299  -33.44724  -39.55718     7593  81.9  2  0  6 15 0 0 1 1 1 0 0 1 0 0 1 0 0 1
2014   2 28  5 36 59 706554  -33.58496  -38.97928    10151  67.6  2  0  5 10 0 0 1 0 1 0 0 1 0 0 1 0 0 1
2014   2 28  5 37  0 524630  -33.49874  -39.69175     8001  88.2  2  0  6 15 0 0 1 1 1 0 0 1 0 0 1 0 0 1
2014   2 28  5 37  0 598981  -33.52002  -39.38884     9109  81.4  2  0  6 15 0 0 1 0 1 0 0 1 0 1 1 0 0 1
2014   2 28  5 37  0 867679  -33.46952  -39.80167     7632  92.4  2  0  6 15 0 0 1 1 0 0 0 1 0 1 1 0 0 1
2014   2 28  5 37  0 920267  -32.24542  -40.75320     5589  22.5  0  0  5 10 0 0 0 1 1 0 0 1 0 0 1 0 0 1
2014   2 28  5 37  1  14135  -33.62675  -39.05622    10622  72.0  2  0  5 10 0 0 1 0 1 0 0 1 0 0 1 0 0 1
2014   2 28  5 37  1 384348  -21.19432  -49.23152     4710  98.8  2  0  6 15 0 0 1 1 1 0 0 1 0 0 1 0 0 1
2014   2 28  5 37  1 449257    0.61970  141.80365    24261  45.0  1  0  5 10 0 0 1 0 1 0 0 1 0 0 1 0 0 1
2014   2 28  5 37  1 762837  -33.12831  -41.22084     7356 121.8  2  0  7 21 0 0 1 1 1 0 0 0 0 1 1 1 0 1
2014   2 28  5 37  2 461612   -4.45265  -71.80508     8927 117.8  2  0  6 15 0 0 0 1 1 0 0 1 0 0 1 1 0 1
2014   2 28  5 37  2 533530   -4.46151  -71.13578     5624 105.7  2  0  7 21 0 0 1 0 1 0 0 1 0 1 1 1 0 1
2014   2 28  5 37  2 560362   -9.62160  -65.59891    17387  39.4  1  0  5 10 0 0 0 1 1 0 0 0 0 1 1 0 0 1
2014   2 28  5 37  2 565059   -4.43439  -71.14420     5613 105.3  2  0  7 21 0 0 1 0 1 0 0 1 0 1 1 1 0 1
2014   2 28  5 37  2 620402   -4.31362  -71.62832     4719  94.6  2  0  7 21 0 0 1 1 0 0 0 1 0 0 1 1 1 1
2014   2 28  5 37  3 146299  -16.04617  -51.78714     4691 135.3  2  0  7 21 0 0 1 1 1 0 0 0 0 1 1 1 0 1
2014   2 28  5 37  3 324200  -16.00403  -51.28592     4642 120.9  2  0  7 21 0 0 1 0 1 0 0 1 0 1 1 1 0 1
2014   2 28  5 37  3 352329  -16.92942  -50.73008     5194  44.5  1  0  5 10 0 0 1 1 1 0 0 0 0 0 1 0 0 1
2014   2 28  5 37  3 381466  -16.19600  -51.44038     5250 121.1  2  0  6 15 0 0 0 1 1 0 0 1 0 1 1 0 0 1
2014   2 28  5 37  4 172283  -24.86374 -114.45524     6404   6.2  0  0  6 15 0 0 1 1 1 0 0 1 0 0 1 0 0 1
2014   2 28  5 37  4 273224    5.17118  -72.97173     3472   5.1  0  0  6 13 0 0 0 1 1 0 0 0 0 1 1 1 0 1
2014   2 28  5 37  4 292969    5.16523  -72.95853     2837  12.5  0  0  7 20 0 0 1 1 0 0 0 1 0 1 1 1 0 1
2014   2 28  5 37  4 347081    5.16170  -72.90996     3021   6.5  0  0  7 17 0 0 1 1 1 0 0 0 0 1 1 1 0 1
2014   2 28  5 37  4 685125  -29.54034 -134.48886     5141   8.4  0  0  7 21 0 0 1 1 1 0 0 0 0 1 1 1 0 1
2014   2 28  5 37  4 698774  -29.59710 -134.68318    10374  24.5  0  0  6 11 0 0 1 1 1 0 0 0 0 1 1 1 0 0
2014   2 28  5 37  4 716847  -29.88547 -133.54576     8402   8.2  0  0  5 10 0 0 1 1 0 0 0 0 0 0 1 1 0 1
2014   2 28  5 37  4 724024  -29.52699 -134.75511     5967  14.1  0  0  7 21 0 0 1 1 1 0 0 1 0 0 1 1 0 1
2014   2 28  5 37  5 331563   -6.11627  -74.52598     3405  10.3  0  0  5 10 0 0 0 1 1 0 0 1 0 0 1 1 0 0
2014   2 28  5 37  5 684787   -0.67002    0.96047    44834   9.4  0  0  4  6 0 0 1 1 0 0 0 0 0 0 1 0 0 1
2014   2 28  5 37  5 735023   -6.04399  -74.27541     7436  53.2  1  0  6 11 0 0 0 1 0 0 0 1 0 1 1 1 0 1
2014   2 28  5 37  5 767801   -6.08634  -74.46178     5764  18.8  0  0  4  6 0 0 0 1 0 0 0 0 0 0 1 1 0 1
2014   2 28  5 37  5 842273  -13.90150  159.43895     6680  31.9  0  0  7 21 0 0 1 1 1 0 0 1 0 0 1 1 0 1
2014   2 28  5 37  6  82954  -25.30671  -44.81420     6166  26.1  0  0  5  7 0 0 1 1 0 0 0 1 0 0 1 0 0 1
2014   2 28  5 37  6 101317  -25.25315  -44.91713     2843  21.8  0  0  6 15 0 0 1 1 1 0 0 1 0 0 1 0 0 1
2014   2 28  5 37  6 261210    7.49896  -74.17478     4069  19.5  0  0  6 15 0 0 0 1 1 0 0 1 0 0 1 1 0 1
2014   2 28  5 37  6 386719   -0.13469  -15.61810    17919  20.9  0  0  5  8 0 0 1 1 1 0 0 1 0 0 1 0 0 0
2014   2 28  5 37  6 436347   -4.47086  -20.45826     9642  11.7  0  0  4  6 0 0 1 1 0 0 0 0 0 0 1 1 0 0
2014   2 28  5 37  6 534077  -20.55671  -49.26459     4007  50.2  1  0  6 11 0 0 1 1 1 0 0 1 0 0 1 0 0 1
2014   2 28  5 37  6 741450  -20.59557  -49.10823     2924  20.6  0  0  6 11 0 0 1 1 1 0 0 1 0 0 1 0 0 1
2014   2 28  5 37  6 755062  -20.44412  -49.15102     3163   4.8  0  0  5  7 0 0 1 0 1 0 0 0 0 1 1 0 0 1
2014   2 28  5 37  7 194605   -1.39001  -72.40118     5448  15.8  0  0  4  6 0 0 0 1 1 0 0 1 0 0 0 1 0 0
2014   2 28  5 37  7 310472   -5.82193  -43.53667     4341  23.3  0  0  5  8 0 0 0 1 1 0 0 1 0 0 1 0 0 1
2014   2 28  5 37  7 367192   -1.33911  -72.27962     3743   6.8  0  0  4  6 0 0 0 1 0 0 0 1 0 0 1 1 0 0
2014   2 28  5 37  7 498370  -20.94377  -46.85249     2772   3.5  0  0  5  9 0 0 1 1 1 0 0 0 0 0 1 0 0 1
2014   2 28  5 37  7 792694   -1.34043  -72.06636     3769  38.3  0  0  7 20 0 0 1 1 1 0 0 0 0 1 1 1 0 1
2014   2 28  5 37  7 805721   -1.52352  -71.98557    11808  30.4  1  0  5 10 0 0 0 1 1 0 0 1 0 0 1 0 0 1
2014   2 28  5 37  8 154819  -14.83120  -56.35451     2729  19.9  0  0  6 15 0 0 1 0 1 0 0 0 0 1 1 1 0 1
2014   2 28  5 37  8 162828  -15.08945  -56.25684     8389  20.8  0  0  5 10 0 0 1 0 1 0 0 0 0 1 1 0 0 1
2014   2 28  5 37  8 709027  -24.29620  -45.79288     3887  41.4  1  0  5 10 0 0 1 1 1 0 0 0 0 0 1 0 0 1
2014   2 28  5 37  9   7430  -24.35970  -45.75526     4202  48.5  1  0  5 10 0 0 1 1 1 0 0 1 0 0 0 0 0 1
2014   2 28  5 37  9  96045  -16.07892  -51.35380     3200  42.9  1  0  6 14 0 0 1 1 1 0 0 1 0 1 0 1 0 0
2014   2 28  5 37  9 119923  -24.27632  -45.81224     3991  44.5  1  0  5 10 0 0 1 1 1 0 0 0 0 0 1 0 0 1
2014   2 28  5 37  9 135429  -24.32076  -45.88020     2651  17.5  0  0  6 15 0 0 1 1 1 0 0 1 0 1 1 0 0 0
2014   2 28  5 37  9 346774    8.98286  -73.65521     6245  44.6  1  0  6 15 0 0 0 1 1 0 0 1 0 0 1 1 0 1
2014   2 28  5 37  9 421496  -16.12881  -51.21639     4122  40.8  1  0  5 10 0 0 0 1 1 0 0 1 0 0 1 0 0 1
2014   2 28  5 37  9 649665    7.76411  -74.94153     9499  99.0  2  0  7 20 0 0 0 1 1 0 0 1 0 0 1 1 1 1
2014   2 28  5 37  9 726421  -16.13534  -51.20121     3291  38.3  0  0  6 15 0 0 1 1 1 0 0 1 0 0 1 0 0 1
2014   2 28  5 37  9 841991  -16.08650  -51.33478     3052  54.0  1  0  7 21 0 0 0 1 1 0 0 1 0 1 1 1 0 1
2014   2 28  5 37 10 324687    7.75057  -74.31040     8141  50.7  1  0  6 13 0 0 0 1 1 0 0 1 0 0 1 1 0 1
2014   2 28  5 37 11 387024  -12.15382  -73.38215     5028  69.6  2  0  6 15 0 0 1 1 1 0 0 0 0 0 1 1 0 1
2014   2 28  5 37 11 396473  -12.11634  -73.16949     3437  22.0  0  0  5 10 0 0 1 0 1 0 0 0 0 0 1 1 0 1
2014   2 28  5 37 11 648801   -6.10224  -74.84383     6941  71.6  2  0  6 15 0 0 0 1 0 0 0 1 0 1 1 1 0 1
2014   2 28  5 37 11 886356  -12.23874  -73.73639     6720  69.1  2  0  6 15 0 0 0 1 1 0 0 1 0 0 1 1 0 1
2014   2 28  5 37 11 907082   -6.10961  -74.88243     7067  73.6  2  0  6 15 0 0 0 1 0 0 0 1 0 1 1 1 0 1
2014   2 28  5 37 12 832202  -22.08392  -45.82575     3434  73.9  2  0  7 21 0 0 1 0 1 0 0 1 0 1 1 1 0 1
2014   2 28  5 37 12 900426  -22.25159  -45.79651     3687  61.1  2  0  6 15 0 0 1 1 1 0 0 1 0 0 1 0 0 1
2014   2 28  5 37 13 522501  -25.25841  -45.22665     3319  53.0  1  0  7 21 0 0 1 1 1 0 0 1 0 1 1 0 0 1
2014   2 28  5 37 13 921950  -21.75081  -46.34355     3865  65.5  2  0  6 15 0 0 1 1 1 0 0 1 0 0 1 0 0 1
2014   2 28  5 37 14 574296    7.75269  -74.69271     9709  84.7  2  0  6 15 0 0 0 1 1 0 0 1 0 0 1 1 0 1
2014   2 28  5 37 16 384198  -16.17686  -51.29839     3952  91.1  2  0  7 21 0 0 1 1 1 0 0 1 0 1 1 0 0 1
2014   2 28  5 37 16 794322  -16.07599  -51.40096     5430 102.8  2  0  6 12 0 0 1 1 1 0 0 1 0 0 1 1 0 0
2014   2 28  5 37 16 811879  -16.02985  -51.35802     4518 118.1  2  0  7 21 0 0 1 1 1 0 0 1 0 0 1 1 0 1
2014   2 28  5 37 16 885067  -20.56644  -49.55150     4570  87.7  2  0  6 13 0 0 0 1 0 0 0 1 0 1 1 1 0 1
2014   2 28  5 37 16 901598  -20.61838  -49.56676     3117   7.8  0  0  4  6 0 0 1 1 0 0 0 1 0 0 1 0 0 0
2014   2 28  5 37 17 809818  -24.65401 -135.09631    17481  89.3  2  0  7 21 0 0 1 0 1 0 0 1 0 1 1 1 0 1
2014   2 28  5 37 17 852370  -24.64701 -135.09387    17593  89.7  2  0  7 21 0 0 1 0 1 0 0 1 0 1 1 1 0 1
2014   2 28  5 37 17 929636  -24.41184 -137.12317    20578 110.3  2  0  7 21 0 0 1 1 1 0 0 1 0 0 1 1 0 1
2014   2 28  5 37 18 522869  -12.20614  -73.93360    10407 123.4  2  0  6 15 0 0 0 1 1 0 0 1 0 0 1 1 0 1
2014   2 28  5 37 18 570193  -12.21550  -73.93797    10437 123.8  2  0  6 15 0 0 0 1 1 0 0 1 0 0 1 1 0 1
2014   2 28  5 37 19 127446  -21.17410  -46.60360     3621  22.6  0  0  5  9 0 0 1 1 1 0 0 0 0 0 1 0 0 1
2014   2 28  5 37 19 273132  -25.82403  -45.00005     3704  56.2  1  0  6 14 0 0 1 1 1 0 0 1 0 1 0 0 0 1
2014   2 28  5 37 19 322669  -20.76069  -47.07412     4216 119.0  2  0  7 21 0 0 1 1 1 0 0 1 0 1 1 0 0 1
2014   2 28  5 37 19 704085  -33.22171  -41.83082     4251  59.5  1  0  7 18 0 0 1 1 1 0 0 1 0 1 0 1 0 1
2014   2 28  5 37 20   6396  -33.68909  -39.10312     4888  10.7  0  0  5 10 0 0 0 1 1 0 0 1 0 0 1 0 0 1
2014   2 28  5 37 20  14656  -33.66043  -39.12790     2905   9.4  0  0  6 15 0 0 1 1 1 0 0 1 0 0 1 0 0 1
2014   2 28  5 37 20  25695  -33.66611  -39.12207     2762  11.4  0  0  7 18 0 0 1 1 1 0 0 1 0 1 1 1 0 0
2014   2 28  5 37 20  48906  -33.66280  -39.13116     2908   9.6  0  0  6 15 0 0 1 1 1 0 0 1 0 0 1 0 0 1
2014   2 28  5 37 20  74278  -33.66442  -39.11542     3578   9.6  0  0  5 10 0 0 1 1 1 0 0 1 0 0 0 0 0 1
2014   2 28  5 37 20 133011  -33.65741  -39.16397     2892   8.9  0  0  6 15 0 0 1 1 1 0 0 1 0 0 1 0 0 1
2014   2 28  5 37 20 145110  -33.68088  -39.13076     3002   1.3  0  0  5 10 0 0 1 1 1 0 0 0 0 0 1 0 0 1
2014   2 28  5 37 20 177666  -33.66792  -39.12011     4046  10.3  0  0  4  6 0 0 1 1 0 0 0 1 0 1 0 0 0 0
2014   2 28  5 37 20 418837  -33.63824  -39.23143     3175  17.5  0  0  7 17 0 0 1 1 1 0 0 0 1 1 1 0 0 1
2014   2 28  5 37 20 501559    6.84999  -74.24217     8102   3.6  0  0  5  7 0 0 1 1 1 0 0 1 0 0 1 0 0 0
2014   2 28  5 37 20 541360  -28.57905  -42.57735     2753  12.9  0  0  6 15 0 0 1 1 0 0 0 1 0 1 1 1 0 0
2014   2 28  5 37 20 708878    7.32735  -74.06750     5838   4.0  0  0  4  6 0 0 0 1 0 0 0 1 0 0 0 1 0 1
2014   2 28  5 37 20 741876    7.08285  -73.61089    11469   1.7  0  0  4  6 0 0 0 1 0 0 0 1 0 0 1 0 0 1
2014   2 28  5 37 21 117746   -6.15518  -74.38241     3814   9.4  0  0  5  9 0 0 0 1 0 0 0 1 0 0 1 1 0 1
2014   2 28  5 37 21 217560   -6.15123  -74.30600     2798  15.8  0  0  7 20 0 0 1 1 1 0 0 1 0 1 0 1 0 1
2014   2 28  5 37 21 332860    6.52428  -78.11015     3899   9.4  0  0  6 13 0 0 0 1 1 0 0 1 0 0 1 1 0 1
2014   2 28  5 37 21 359505    6.51835  -78.05131     4725   7.6  0  0  5 10 0 0 0 1 1 0 0 0 0 0 1 1 0 1
2014   2 28  5 37 21 594985  -23.69198  -45.68895     3934  21.7  0  0  5  8 0 0 1 1 1 0 0 1 0 0 1 0 0 0
2014   2 28  5 37 21 637434  -23.61332  -45.78984     2890  20.2  0  0  6 14 0 0 0 0 1 0 0 1 0 1 1 1 0 1
2014   2 28  5 37 21 654279  -23.62994  -45.78293     2843  20.1  0  0  6 15 0 0 1 1 1 0 0 1 0 0 1 0 0 1
2014   2 28  5 37 21 853212    7.47976  -73.71354     3374  15.3  0  0  7 21 0 0 0 1 1 0 0 1 0 1 1 1 0 1
2014   2 28  5 37 22 167215  -23.60328  -45.82135     2682  25.3  0  0  7 20 0 0 1 1 0 0 0 1 0 1 1 1 0 1
2014   2 28  5 37 23 115509    3.65995  150.58473     6663  24.5  0  0  5 10 0 0 1 1 0 0 0 1 0 0 1 1 0 0
2014   2 28  5 37 23 352360    7.40332  -74.14090     7731  27.6  0  0  5  9 0 0 0 1 1 0 0 0 0 0 1 1 0 1
2014   2 28  5 37 23 541559   -5.91785  -74.61301     3930  32.1  0  0  7 21 0 0 0 1 1 0 0 1 0 1 1 1 0 1
2014   2 28  5 37 24 136694  -15.98802  -51.55924     5327  14.3  0  0  4  6 0 0 1 0 0 0 0 1 0 1 1 0 0 0
2014   2 28  5 37 24 155553  -16.09320  -51.25937     2945  30.1  0  0  6 15 0 0 1 1 1 0 0 1 0 1 1 0 0 0
2014   2 28  5 37 24 178998  -20.55226  -49.11475     2840   4.1  0  0  4  6 0 0 1 0 0 0 0 1 0 0 1 0 0 1
2014   2 28  5 37 24 215841  -16.11122  -51.18245     2916  26.1  0  0  6 15 0 0 1 1 1 0 0 1 0 0 1 0 0 1
2014   2 28  5 37 24 273969  -16.11928  -51.21177     3561  29.1  0  0  5 10 0 0 0 1 1 0 0 1 0 0 1 0 0 1
2014   2 28  5 37 24 373258  -16.12952  -51.34701     3705  56.9  1  0  6 15 0 0 1 1 1 0 0 1 0 0 1 0 0 1
2014   2 28  5 37 24 927207  -20.69456  -46.88848     2962  30.8  0  0  6 15 0 0 1 1 1 0 0 1 0 0 1 0 0 1
2014   2 28  5 37 24 934897  -20.64346  -46.97607     3194  50.1  1  0  7 19 0 0 1 1 1 0 0 1 0 0 1 1 0 1
2014   2 28  5 37 25 331501  -20.64620  -47.03535     2843  43.8  0  0  7 21 0 0 1 1 1 0 0 1 0 1 1 0 0 1
2014   2 28  5 37 26 469975   -4.69862    3.32547    16120  29.4  0  0  5  9 0 0 1 0 1 0 0 1 0 0 1 0 0 1
2014   2 28  5 37 26 696148    9.06222  -73.64345     7447  45.7  1  0  5  9 0 0 0 1 0 0 0 1 0 0 1 1 0 1
2014   2 28  5 37 27 454135  -22.60626  -46.13213     3864  70.2  2  0  6 15 0 0 1 1 0 0 0 1 0 1 1 0 0 1
2014   2 28  5 37 27 895973    5.33586  -73.45528     8473  63.4  2  0  6 12 0 0 0 1 1 0 0 1 0 0 1 1 0 1
2014   2 28  5 37 28 714624   -6.47607  -74.22247    21419  80.2  2  0  6 14 0 0 0 1 1 0 0 1 0 1 1 0 0 1
2014   2 28  5 37 28 853189  -26.41007 -135.27457    20123  69.6  2  0  6 15 0 0 1 1 1 0 0 0 0 0 1 1 0 1
2014   2 28  5 37 29  85281    7.62734  -74.60135     7592  74.9  2  0  7 21 0 0 0 1 1 0 0 1 0 1 1 1 0 1
2014   2 28  5 37 29 431701  -20.61670  -49.17675     4808  72.3  2  0  6 13 0 0 1 1 1 0 0 1 0 0 1 0 0 1
2014   2 28  5 37 30   1590  -16.09444  -50.97197     5191 104.9  2  0  7 16 0 0 1 1 1 0 0 1 0 1 1 0 0 1
2014   2 28  5 37 30 657681  -15.89697  -51.34288     4478  62.8  2  0  5 10 0 0 0 1 1 0 0 0 0 1 0 1 0 1
2014   2 28  5 37 31 341758    2.65089  -68.14266     7552  75.4  2  0  6 14 0 0 0 0 1 0 0 1 0 1 1 1 0 1
2014   2 28  5 37 31 440258    2.71661  -68.21546     6163 102.0  2  0  7 19 0 0 1 1 0 0 0 1 0 1 1 1 0 1
2014   2 28  5 37 31 500651    2.65671  -68.46075     6165  92.9  2  0  7 21 0 0 0 1 1 0 0 1 0 1 1 1 0 1
2014   2 28  5 37 31 695834    2.71691  -67.90468    10477 110.7  2  0  6 12 0 0 1 0 1 0 0 1 0 1 1 1 0 0
2014   2 28  5 37 31 720731   -6.53551  -73.62892     6719  59.5  1  0  6 15 0 0 1 0 1 0 0 1 0 1 1 0 0 1
2014   2 28  5 37 31 772452   -6.01324  -74.26629     5022  83.0  2  0  7 21 0 0 1 0 1 0 0 1 0 1 1 1 0 1
2014   2 28  5 37 31 837151   -6.52053  -73.87064     8180 101.0  2  0  7 21 0 0 1 1 1 0 0 1 0 1 1 0 0 1
2014   2 28  5 37 31 938154   -6.31852  -75.80168     9670  69.9  2  0  6 15 0 0 0 1 1 0 0 1 0 1 0 1 0 1
2014   2 28  5 37 32 556143  -16.08792  -51.46002     3918  99.2  2  0  7 21 0 0 1 1 1 0 0 1 0 1 0 1 0 1
2014   2 28  5 37 32 904976  -23.04727 -139.77191    50293 100.7  2  0  6 15 0 0 1 1 1 0 0 1 0 0 1 0 0 1
2014   2 28  5 37 33 101690    7.64540  -73.73367     6583  88.6  2  0  7 20 0 0 1 0 1 0 0 1 0 1 1 1 0 1
2014   2 28  5 37 34 702861    4.51936  -84.42654    15449 127.7  2  0  7 21 0 0 0 1 1 0 0 1 0 1 1 1 0 1
2014   2 28  5 37 35 376309  -20.97323  -50.84585     3690  61.6  2  0  6 15 0 0 1 1 1 0 0 1 0 0 1 0 0 1
2014   2 28  5 37 35 541021  -33.25665  -40.04331     8333 110.5  2  0  6 15 0 0 1 1 1 0 0 0 0 1 1 0 0 1
2014   2 28  5 37 35 653780  -20.87681 -144.37173    18582  50.1  2  0  5 10 0 0 1 1 0 0 0 1 0 0 1 1 0 0
2014   2 28  5 37 35 684139  -21.48561 -141.09756    27453 138.6  2  0  7 21 0 0 1 1 1 0 0 0 0 1 1 1 0 1
2014   2 28  5 37 35 717821  -21.47757 -141.10742    27482 138.7  2  0  7 21 0 0 1 1 1 0 0 0 0 1 1 1 0 1
2014   2 28  5 37 35 822623  -30.48565  -69.86231    14893  41.8  1  0  5  7 0 0 0 1 1 0 0 0 0 0 1 1 0 1
2014   2 28  5 37 35 902708  -21.34013 -143.04562    22857 120.6  2  0  7 21 0 0 1 1 1 0 0 1 0 0 1 1 0 1
2014   2 28  5 37 36    320  -21.61645 -141.32164    49195  12.4  0  0  5 10 0 0 1 1 1 0 0 0 0 0 1 0 0 1
2014   2 28  5 37 36 123267  -22.06750 -140.62418     6425  12.6  0  0  6 15 0 0 1 1 0 0 0 1 0 0 1 1 0 1
2014   2 28  5 37 36 552938  -22.54744  -47.46212     3264  15.1  0  0  5  8 0 0 1 1 0 0 0 1 0 0 1 1 0 0
2014   2 28  5 37 36 563417  -22.56214  -47.43752     2542   7.5  0  0  5 10 0 0 1 0 1 0 0 1 0 0 1 0 0 1
2014   2 28  5 37 36 640048  -14.08821  160.52719     6654  29.5  0  0  7 21 0 0 1 1 1 0 0 1 0 0 1 1 0 1
2014   2 28  5 37 37 277534  -20.62751  -49.46900     3284  49.5  0  0  7 18 0 0 1 1 1 0 0 1 0 0 1 1 0 1
2014   2 28  5 37 37 342641  -20.61612  -49.47402     3299  55.3  1  0  7 19 0 0 1 1 1 0 0 1 0 0 1 1 0 1
2014   2 28  5 37 37 499485   -6.23711  -74.50131     3550   1.1  0  0  5  8 0 0 0 1 0 0 0 1 0 0 1 1 0 1
2014   2 28  5 37 37 603963  -20.66961  -49.40361     4517  62.5  2  0  6 12 0 0 1 1 1 0 0 1 0 0 1 0 0 1
2014   2 28  5 37 37 699695  -12.36789  -72.96991     3462  12.5  0  0  4  6 0 0 1 1 1 0 0 0 0 0 0 1 0 0
2014   2 28  5 37 37 945274  -16.02596  -51.21431     2437  17.0  0  0  7 21 0 0 1 1 1 0 0 1 0 0 1 1 0 1
2014   2 28  5 37 38  10598  -16.05331  -51.16839     2641   6.6  0  0  5 10 0 0 1 1 1 0 0 1 0 0 0 0 0 1
2014   2 28  5 37 38 110570   -6.09864  -74.34119     3051  17.4  0  0  6 15 0 0 1 0 1 0 0 1 0 0 1 1 0 1
2014   2 28  5 37 38 135149  -13.92830  159.43245     8264   9.9  0  0  4  6 0 0 0 1 0 0 0 1 0 0 1 1 0 0
2014   2 28  5 37 38 156441   -6.08927  -74.32179     3597  16.3  0  0  5  9 0 0 1 0 1 0 0 1 0 0 0 1 0 1
2014   2 28  5 37 38 188477  -14.01922  159.85634    11787  21.0  1  0  4  6 0 0 1 0 0 0 0 1 0 0 1 1 0 0
2014   2 28  5 37 38 275741  -23.78988  171.73074   102922   4.3  0  0  4  6 0 0 1 1 1 0 0 1 0 0 0 0 0 0
2014   2 28  5 37 38 447851  -16.08218  -51.12553     2494   9.6  0  0  6 15 0 0 1 1 1 0 0 1 0 0 1 0 0 1
2014   2 28  5 37 38 551101  -12.35196  -73.03490     3010  19.8  0  0  6 15 0 0 1 1 1 0 0 0 0 0 1 1 0 1
2014   2 28  5 37 38 659688  -12.41402  -73.23462     3182  13.3  0  0  6 15 0 0 0 1 1 0 0 1 0 0 1 1 0 1
2014   2 28  5 37 38 753608  -16.03941  -51.26213     2677  19.0  0  0  6 15 0 0 0 1 1 0 0 1 0 0 1 1 0 1
2014   2 28  5 37 39 295887  -25.30606 -134.54933    24070  14.3  0  0  4  6 0 0 1 1 0 0 0 1 0 0 1 0 0 0
2014   2 28  5 37 39 298377  -12.34770  -73.10674     3163  25.4  0  0  6 15 0 0 1 1 0 0 0 1 0 0 1 1 0 1
2014   2 28  5 37 39 430701    6.65782  153.28377    10433  20.0  1  0  4  6 0 0 0 1 0 0 0 1 0 0 1 1 0 0
2014   2 28  5 37 39 956119   -2.51803    3.09340    26201  10.3  0  0  5 10 0 0 1 1 1 0 0 0 0 0 1 0 0 1
2014   2 28  5 37 41 571718   -7.13294  175.40851    12750  31.3  1  0  5 10 0 0 1 0 1 0 0 1 0 0 1 1 0 0
2014   2 28  5 37 41 702951  -12.22216  -73.50700     4711  39.0  0  0  6 15 0 0 0 1 1 0 0 1 0 0 1 1 0 1
2014   2 28  5 37 41 815816  -13.92322  -53.59287     4140  34.6  1  0  5 10 0 0 0 1 1 0 0 1 0 0 1 0 0 1
2014   2 28  5 37 41 823856  -13.91905  -53.59860     4162  34.9  1  0  5 10 0 0 0 1 1 0 0 1 0 0 1 0 0 1
2014   2 28  5 37 42 654444  -22.67854  -47.95429     3044  38.2  0  0  6 15 0 0 1 1 1 0 0 1 0 0 1 0 0 1
2014   2 28  5 37 43 116381    7.17951  -74.78696     6287  46.6  1  0  6 15 0 0 0 1 1 0 0 1 0 0 1 1 0 1
2014   2 28  5 37 43 139056    7.26785  -74.96796    13002  55.2  2  0  5  7 0 0 0 1 1 0 0 0 0 0 1 1 0 1
2014   2 28  5 37 43 398465  -22.28992  -47.65958     3392  74.8  2  0  7 21 0 0 1 1 1 0 0 1 0 0 1 1 0 1
2014   2 28  5 37 43 887941  -32.93850  -39.99231     9671  11.8  0  0  5  7 0 0 0 1 1 0 0 1 0 0 1 0 0 1
2014   2 28  5 37 44 405961    7.54257  -74.19402     5611  61.8  1  0  7 19 0 0 1 1 1 0 0 1 0 0 1 1 0 1
2014   2 28  5 37 44 502917    0.45783  -68.19696     9413  46.2  1  0  5  7 0 0 0 1 1 0 0 0 0 0 1 1 0 1
2014   2 28  5 37 45 119128  -16.16510  -51.20411     4846  54.8  2  0  5  9 0 0 0 1 1 0 0 1 0 0 1 0 0 1
2014   2 28  5 37 45 397069    5.36060  -73.25997     5686  67.2  2  0  6 14 0 0 1 1 1 0 0 1 0 0 1 1 0 0
2014   2 28  5 37 45 599017    5.31368  -73.54591     7671  67.1  2  0  6 14 0 0 0 1 1 0 0 1 0 0 1 1 0 1
2014   2 28  5 37 45 835300  -16.14677  -51.28073     5368  66.1  2  0  5 10 0 0 0 1 1 0 0 1 0 0 1 0 0 1
2014   2 28  5 37 46 860228  -21.05004  -46.81726     2992  14.2  0  0  5 10 0 0 1 1 1 0 0 0 0 0 1 0 0 1
2014   2 28  5 37 47 132428    0.37847   16.29073     9725   3.7  0  0  4  6 0 0 1 0 0 0 0 0 0 0 1 1 0 1
2014   2 28  5 37 47 308935  -28.40706  -42.90990     4561  49.4  1  0  6 15 0 0 1 1 1 0 0 1 0 0 1 0 0 1
2014   2 28  5 37 47 395646   10.16078  156.96289     8804  17.7  0  0  5 10 0 0 0 1 1 0 0 1 0 0 0 1 0 1
2014   2 28  5 37 48 734461  -32.03423 -135.98335    20589  64.8  2  0  6 15 0 0 1 0 1 0 0 1 0 0 1 1 0 1
2014   2 28  5 37 48 795564    1.53535    0.66968    50987 102.8  2  0  6 12 0 0 1 1 1 0 0 1 0 0 1 0 0 1
2014   2 28  5 37 48 819746    4.41460  151.23584    16125  83.4  2  0  6 11 0 0 0 1 1 0 0 1 0 0 1 1 0 1
2014   2 28  5 37 50 556693  -26.71698  -44.21291     5083  59.4  1  0  6 12 0 0 1 1 1 0 0 1 0 0 1 0 0 1
2014   2 28  5 37 51 438876   -5.98959  -75.23615     9988 115.2  2  0  6 15 0 0 0 1 1 0 0 1 0 0 1 1 0 1
2014   2 28  5 37 52 228261    0.04557    6.83372    10193  42.3  0  0  7 20 0 0 1 1 1 0 0 1 0 0 1 1 0 1
2014   2 28  5 37 52 327795  -20.63077  -46.91709     2410   7.9  0  0  6 15 0 0 1 1 1 0 0 1 0 0 1 0 0 1
2014   2 28  5 37 52 690168   -6.17571  -74.45531     3382  13.2  0  0  6 15 0 0 0 0 1 0 0 1 0 1 1 1 0 1
2014   2 28  5 37 54 201788  -29.49049 -134.46355     8400  18.7  0  0  6 15 0 0 1 1 1 0 0 0 0 0 1 1 0 1
2014   2 28  5 37 54 264656  -29.52491 -136.32687    12316  12.4  0  0  5 10 0 0 0 1 1 0 0 1 0 0 0 1 0 1
2014   2 28  5 37 54 800666  -14.10784  -43.78628     3010  31.9  0  0  7 18 0 0 1 1 1 0 0 1 0 0 1 1 0 1
2014   2 28  5 37 54 815923  -21.25599  -49.11950     2755   5.0  0  0  5 10 0 0 1 1 1 0 0 0 0 0 1 0 0 1
2014   2 28  5 37 54 991913  -22.61881  -47.42370     3142  21.4  0  0  5  8 0 0 0 1 1 0 0 1 0 0 1 0 0 1
2014   2 28  5 37 55 171478  -16.05477  -51.22166     2745  33.7  0  0  7 21 0 0 1 1 1 0 0 1 0 0 1 1 0 1
2014   2 28  5 37 55 189193  -16.05690  -51.22219     2714  31.9  0  0  7 21 0 0 1 1 1 0 0 1 0 0 1 1 0 1
2014   2 28  5 37 55 296719  -14.12570  -43.74811     3270  25.8  0  0  7 21 0 0 1 0 1 0 0 1 0 1 1 1 0 1
2014   2 28  5 37 57 638566   -5.99910  -73.84449     7269  30.1  1  0  5 10 0 0 0 0 1 0 0 0 0 1 1 1 0 1
2014   2 28  5 37 58  95528  -20.56286  -49.25067     4589  39.8  1  0  5  7 0 0 1 1 1 0 0 1 0 0 1 0 0 0
2014   2 28  5 37 59  83893  -20.59178  -49.48313     2985  37.4  0  0  6 14 0 0 0 1 0 0 0 1 0 1 1 1 0 1
2014   2 28  5 37 59 135859  -28.48057  -42.92386     3990  54.5  1  0  7 21 0 0 1 1 1 0 0 1 0 0 1 1 0 1
2014   2 28  5 37 59 148701  -28.51700  -42.87292     4697  39.9  1  0  5 10 0 0 1 1 1 0 0 0 0 0 1 0 0 1
2014   2 28  5 37 59 164732  -22.25040  -45.83084     3961  52.7  2  0  5 10 0 0 1 1 1 0 0 1 0 0 0 0 0 1
2014   2 28  5 37 59 171877  -22.24381  -45.80198     3385  51.5  1  0  6 15 0 0 1 1 1 0 0 1 0 0 1 0 0 1
2014   2 28  5 37 59 439982  -12.96414  -71.94233     4686  66.4  2  0  6 15 0 0 1 1 1 0 0 1 0 0 1 1 0 0
2014   2 28  5 37 59 493618  -20.64619  -49.43994     3673  40.0  0  0  6 11 0 0 1 1 1 0 0 1 0 0 1 0 0 1
2014   2 28  5 37 59 641495  -13.44808  -72.35408     8089  49.6  1  0  6 13 0 0 0 1 1 0 0 1 0 1 0 1 0 1
2014   2 28  5 37 59 651290  -12.99053  -71.70324     3977  63.9  1  0  7 21 0 0 1 0 1 0 0 1 0 1 1 1 0 1
2014   2 28  5 38  0 100698  -19.82744 -141.31831    23464  56.1  2  0  5  9 0 0 1 0 1 0 0 1 0 0 0 1 0 1
2014   2 28  5 38  0 821726    7.45120  -74.11992    14369  98.3  2  0  6 12 0 0 1 1 0 0 0 1 0 1 0 1 0 1
2014   2 28  5 38  1  17800  -23.57636  -45.97042     3915  78.5  2  0  7 21 0 0 1 1 1 0 0 1 0 0 1 1 0 1
2014   2 28  5 38  1 295775  -23.22026  -46.69673     3898  75.0  2  0  6 15 0 0 1 0 0 0 0 1 0 1 1 1 0 1
2014   2 28  5 38  1 725938    6.74863  -78.32612     7668  84.7  2  0  7 18 0 0 1 1 1 0 0 1 0 0 1 1 0 1
2014   2 28  5 38  1 761226    6.84159  -79.04790     9754  86.4  2  0  7 21 0 0 0 1 1 0 0 1 0 1 1 1 0 1
2014   2 28  5 38  1 802950    6.89505  -79.00457    11515  88.8  2  0  6 15 0 0 0 1 0 0 0 1 0 1 1 1 0 1
2014   2 28  5 38  1 845237    6.83216  -79.09087    17837  95.5  2  0  6 15 0 0 0 1 1 0 0 0 0 1 1 1 0 1
2014   2 28  5 38  1 980177    6.80796  152.10162    12609  31.1  1  0  5  7 0 0 1 1 0 0 0 1 0 0 1 1 0 0
2014   2 28  5 38  2 594154    7.64879  -74.60033    10404  85.6  2  0  6 14 0 0 0 1 1 0 0 1 0 0 1 1 0 1
2014   2 28  5 38  2 896446  -16.08751  -51.48726     3757  92.5  2  0  7 21 0 0 0 1 1 0 0 1 0 1 1 1 0 1
2014   2 28  5 38  4 815459  -24.16463  -46.01540     4394  97.5  2  0  7 21 0 0 1 1 1 0 0 1 0 0 1 1 0 1
2014   2 28  5 38  4 850923   -7.05254  -69.63242    16280  87.3  2  0  6 15 0 0 1 1 1 0 0 0 0 1 1 0 0 1
2014   2 28  5 38  5 582981  -12.11672    3.46444    74133  83.1  2  0  5 10 0 0 1 1 1 0 0 0 0 0 1 0 0 1
2014   2 28  5 38  5 621413  -11.57618    4.50888    21848  74.9  2  0  6 15 0 0 1 1 1 0 0 0 0 0 1 0 1 1
2014   2 28  5 38  5 771951  -23.40851  -46.57885     5678 125.9  2  0  6 15 0 0 1 1 0 0 0 1 0 1 1 0 0 1
2014   2 28  5 38  5 854340  -23.34047  -46.88147     6376  66.3  2  0  6 11 0 0 1 1 1 0 0 1 0 0 1 0 0 1
2014   2 28  5 38  6 608052  -15.77380  -50.88555     3850  34.8  1  0  5 10 0 0 1 0 1 0 0 0 0 0 1 1 0 1
2014   2 28  5 38  6 822978  -16.17377  -51.33249     4545 120.9  2  0  7 21 0 0 1 1 1 0 0 1 0 1 1 0 0 1
2014   2 28  5 38  7 339723  -16.23930  -51.29174     4620 125.2  2  0  7 21 0 0 1 1 1 0 0 1 0 1 1 0 0 1
2014   2 28  5 38  7 695220  -20.81742  -46.92332     5055 105.9  2  0  6 15 0 0 1 1 1 0 0 1 0 0 1 0 0 1
2014   2 28  5 38  7 801542  -20.44950  -47.51384     4066  38.2  1  0  5  9 0 0 1 1 0 0 0 1 0 1 1 0 0 0
2014   2 28  5 38  7 820675  -20.82029  -46.92023     5105 107.8  2  0  6 15 0 0 1 1 1 0 0 1 0 0 1 0 0 1
2014   2 28  5 38  7 980725  -20.82190  -46.91761     5146 109.2  2  0  6 15 0 0 1 1 1 0 0 1 0 0 1 0 0 1
2014   2 28  5 38  8 343644  -21.67542  -46.39430     2736   2.4  0  0  4  6 0 0 0 1 0 0 0 1 0 0 1 0 0 1
2014   2 28  5 38  8 456555  -20.78107  -46.96239     2592   9.3  0  0  5 10 0 0 0 1 1 0 0 1 0 0 1 0 0 1
2014   2 28  5 38  8 585323  -23.62811  -45.80365     2660  16.4  0  0  6 15 0 0 1 0 1 0 0 1 0 1 1 0 0 1
2014   2 28  5 38  8 682732  -21.68261  -46.35127     3133   2.2  0  0  4  6 0 0 1 1 0 0 0 1 0 0 1 0 0 0
2014   2 28  5 38  8 814940  -20.57638   23.53259    17218   2.8  0  0  4  6 0 0 1 1 0 0 0 0 0 0 1 0 0 1
2014   2 28  5 38  9 111068    6.98679  -74.06850     4372  33.0  0  0  7 18 0 0 1 0 1 0 0 1 0 1 1 1 0 1
2014   2 28  5 38 10  28789  -33.37722  -39.41565     3839  15.1  0  0  7 21 0 0 0 1 1 0 0 1 0 1 1 1 0 1
2014   2 28  5 38 10  39478  -33.61017  -39.20774     3197  14.5  0  0  6 15 0 0 1 1 1 0 0 1 0 0 1 0 0 1
2014   2 28  5 38 10  78747  -33.38925  -39.42075     3873  14.3  0  0  7 20 0 0 0 1 1 0 0 1 0 1 1 1 0 1
2014   2 28  5 38 10 101032  -33.62143  -39.22118     3254  15.7  0  0  6 15 0 0 1 1 1 0 0 1 0 0 1 0 0 1
2014   2 28  5 38 10 411247  -33.62288  -39.22374     3291  15.9  0  0  6 15 0 0 1 1 1 0 0 1 0 0 1 0 0 1
2014   2 28  5 38 10 419270  -33.59996  -39.14058     3282  15.7  0  0  6 15 0 0 1 1 1 0 0 1 0 0 1 0 0 1
2014   2 28  5 38 10 743974  -23.85593  -45.75763     2781  20.2  0  0  6 15 0 0 1 1 0 0 0 1 0 1 1 0 0 1
2014   2 28  5 38 11  64392  -13.22353  -71.99417     3714  14.0  0  0  6 15 0 0 0 1 1 0 0 1 0 1 0 1 0 1
2014   2 28  5 38 11 181812    7.47671  -73.89471     3905  24.5  0  0  7 21 0 0 0 1 1 0 0 1 0 1 1 1 0 1
2014   2 28  5 38 11 630553  -25.30281  -44.99012     3307  17.8  0  0  5  9 0 0 0 1 1 0 0 1 0 0 1 0 0 1
2014   2 28  5 38 11 766549    2.61311  -18.46931     9362  25.8  0  0  6 12 0 0 1 0 1 0 0 1 0 0 1 1 0 1
2014   2 28  5 38 12 209731  -22.60256  -47.42490     4025  30.5  1  0  5  7 0 0 1 1 1 0 0 1 0 0 0 0 0 1
2014   2 28  5 38 12 219038  -22.59049  -47.37833     2815  26.4  0  0  6 14 0 0 1 1 1 0 0 1 0 0 1 0 0 1
2014   2 28  5 38 12 412711   14.24301  -91.38602     6537  13.5  0  0  5  8 0 0 1 1 0 0 0 1 0 0 1 1 0 0
2014   2 28  5 38 12 733089  -12.18694  -73.10360     3172  34.9  0  0  7 21 0 0 1 0 1 0 0 1 0 1 1 1 0 1
2014   2 28  5 38 12 743111  -12.35555  -72.95411     3978  38.8  0  0  7 21 0 0 1 1 1 0 0 1 0 1 1 0 0 1
2014   2 28  5 38 13 102740  -16.51968  -51.05958     3980  40.3  1  0  6 15 0 0 1 1 1 0 0 0 0 1 1 0 0 1
2014   2 28  5 38 13 174036   -0.75938   13.61093    12211  45.9  1  0  6 14 0 0 1 1 0 0 0 1 0 0 1 1 0 1
2014   2 28  5 38 13 749632    7.52394  -74.34451     5653  45.8  0  0  7 19 0 0 0 1 1 0 0 1 0 1 1 1 0 1
2014   2 28  5 38 14 598923    6.29272  -77.88824     6469  42.4  0  0  7 16 0 0 1 0 1 0 0 1 0 1 1 1 0 1
2014   2 28  5 38 14 681984    1.44536    4.39015    15039  57.2  1  0  7 17 0 0 1 1 1 0 0 1 0 0 1 1 0 1
2014   2 28  5 38 14 734594    6.28194  -77.63722     5741  40.2  1  0  6 13 0 0 1 0 1 0 0 1 0 0 1 1 0 1
2014   2 28  5 38 16 710371   -3.58433  154.83458   103546  66.3  2  0  5 10 0 0 1 1 1 0 0 1 0 0 1 0 0 0
2014   2 28  5 38 16 715719   -0.93357  150.95341     5304  14.7  0  0  5 10 0 0 1 1 0 0 0 1 0 0 1 1 0 0
2014   2 28  5 38 18 206959   -5.98154   11.54385    38533  87.6  2  0  6 13 0 0 0 1 1 0 0 1 0 0 1 1 0 1
2014   2 28  5 38 19 251030  -16.09557  -51.17154     3602  71.3  2  0  7 21 0 0 1 0 1 0 0 1 0 1 1 1 0 1
2014   2 28  5 38 19 634460  -16.14780  -51.27245     3892  89.9  2  0  7 21 0 0 1 1 1 0 0 1 0 1 1 0 0 1
2014   2 28  5 38 19 681685  -15.99294  -51.41081     2892   0.5  0  0  4  6 0 0 1 1 0 0 0 1 0 0 1 0 0 0
2014   2 28  5 38 20  25635   -6.06881  -75.04137    10051  96.3  2  0  6 14 0 0 0 1 1 0 0 1 0 0 1 1 0 1
2014   2 28  5 38 21 439069  -20.71283  -47.04927     3889 102.6  2  0  7 21 0 0 1 1 1 0 0 1 0 1 1 0 0 1
2014   2 28  5 38 21 702015  -21.51702 -141.77985    26702 127.6  2  0  7 18 0 0 1 1 1 0 0 1 0 1 1 1 0 0
2014   2 28  5 38 21 709677  -20.52331  -47.24857     3471  17.5  0  0  4  6 0 0 1 1 0 0 0 1 0 0 1 0 0 0
2014   2 28  5 38 21 874221  -20.75554  -47.24541     4578  89.3  2  0  6 13 0 0 0 1 1 0 0 1 0 1 0 1 0 1
2014   2 28  5 38 22 947788   -6.20079  -43.62200     3588  91.4  2  0  7 21 0 0 1 1 1 0 0 1 0 0 1 0 1 1
2014   2 28  5 38 23  81358   -5.50584  -41.56041     7704  47.0  1  0  6 15 0 0 1 0 1 0 0 1 0 0 1 1 0 1
2014   2 28  5 38 23 565717  -15.76622  -51.08238     4613 117.1  2  0  7 21 0 0 1 0 1 0 0 1 0 1 1 1 0 1
2014   2 28  5 38 23 573855  -15.84228  -51.37960     4382 124.6  2  0  7 21 0 0 0 1 1 0 0 1 0 1 1 1 0 1
2014   2 28  5 38 24 101581  -21.89228  -45.91033     2286   7.4  0  0  7 20 0 0 1 1 0 0 0 1 0 1 1 1 0 1
2014   2 28  5 38 24 508853  -16.76279 -137.35117     6377   4.2  0  0  5 10 0 0 1 0 1 0 0 1 0 0 1 1 0 0
2014   2 28  5 38 24 642744  -16.80762 -137.31140     6980   9.6  0  0  5 10 0 0 1 1 0 0 0 1 0 0 1 1 0 0
2014   2 28  5 38 25  37372  -20.53116  -49.18834     3071  55.1  1  0  7 20 0 0 1 1 1 0 0 1 0 1 1 0 0 1
2014   2 28  5 38 25  66841  -20.58475  -49.08237     2936   4.5  0  0  5  7 0 0 1 1 1 0 0 1 0 0 1 0 0 0
2014   2 28  5 38 25 447729  -28.58250  -42.44825     2553   4.4  0  0  6 15 0 0 1 1 1 0 0 1 0 1 1 0 0 0
2014   2 28  5 38 25 451640  -24.68310 -115.08633     3835   8.2  0  0  7 21 0 0 1 1 1 0 0 1 0 0 1 1 0 1
2014   2 28  5 38 25 769613  -28.56597  -42.49289     2969   5.7  0  0  5 10 0 0 1 1 1 0 0 1 0 0 0 0 0 1
2014   2 28  5 38 25 856856  -28.66274  -42.58701     2472   8.0  0  0  7 21 0 0 1 1 1 0 0 1 0 1 1 0 0 1
2014   2 28  5 38 25 876957  -28.65232  -42.56531     3693  17.0  0  0  6 13 0 0 1 0 1 0 0 1 0 0 1 1 0 1
2014   2 28  5 38 25 915884  -14.81487  -56.42926     2505   9.4  0  0  6 14 0 0 1 1 1 0 0 0 0 0 1 1 0 1
2014   2 28  5 38 25 964840  -28.58449  -42.65762     2938  13.9  0  0  7 20 0 0 0 1 1 0 0 1 0 1 1 1 0 1
2014   2 28  5 38 26   2554  -28.66179  -42.61060     2973   8.6  0  0  5 10 0 0 1 1 1 0 0 0 0 0 1 0 0 1
2014   2 28  5 38 26  11840  -28.65762  -42.59528     2627   8.4  0  0  6 15 0 0 1 1 1 0 0 0 0 1 1 0 0 1
2014   2 28  5 38 26  47475  -28.58018  -42.65835     3009  12.8  0  0  7 18 0 0 0 1 1 0 0 1 0 1 1 1 0 1
2014   2 28  5 38 26  93367   -4.01923  -70.76443     2888  10.1  0  0  6 15 0 0 0 1 0 0 0 1 0 1 1 1 0 1
2014   2 28  5 38 26 108942  -28.66751  -42.64660     3880   2.0  0  0  4  6 0 0 1 0 1 0 0 1 0 1 0 0 0 0
2014   2 28  5 38 26 193068  -28.65332  -42.61630     2517  10.4  0  0  7 21 0 0 1 1 1 0 0 1 0 1 1 0 0 1
2014   2 28  5 38 26 251056  -28.64784  -42.64706     3484   4.9  0  0  4  6 0 0 1 1 1 0 0 1 0 0 0 0 0 0
2014   2 28  5 38 26 388329  -14.88446  -56.35971     3204  14.2  0  0  5 10 0 0 0 1 1 0 0 1 0 0 1 0 0 1
2014   2 28  5 38 26 398624  -14.89654  -56.35917     2479  12.2  0  0  7 21 0 0 1 1 1 0 0 1 0 1 1 0 0 1
2014   2 28  5 38 26 829870  -14.92738  161.59467    43784  18.8  0  0  4  6 0 0 1 1 0 0 0 1 0 1 0 0 0 0
2014   2 28  5 38 27 123178  -20.69443  -46.88854     2810   4.8  0  0  5  9 0 0 1 1 1 0 0 0 0 0 1 0 0 1
2014   2 28  5 38 27 589468    7.47612  -74.14803     4516  23.3  0  0  6 14 0 0 0 1 1 0 0 1 0 0 1 1 0 1
2014   2 28  5 38 27 717721    4.86562  -72.27599     3928  23.6  0  0  6 15 0 0 0 1 1 0 0 1 0 0 1 1 0 1
2014   2 28  5 38 27 880080  -24.32557  -45.78429     2956  30.3  0  0  6 15 0 0 1 1 1 0 0 1 0 1 0 0 0 1
2014   2 28  5 38 27 991272   -6.11196  -74.53795     3765  28.9  0  0  7 21 0 0 0 1 1 0 0 1 0 1 1 1 0 1
2014   2 28  5 38 28  54125   -6.09138  -74.55260     4372  25.6  0  0  5 10 0 0 0 1 1 0 0 1 0 0 1 1 0 0
2014   2 28  5 38 28 158373   -4.55456  -71.14465     3268  31.8  0  0  7 21 0 0 1 1 1 0 0 0 0 1 1 1 0 1
2014   2 28  5 38 28 185616   -4.54868  -71.13847     3257  31.6  0  0  7 21 0 0 1 1 1 0 0 0 0 1 1 1 0 1
2014   2 28  5 38 28 205601  -24.35865  -45.72617     3211  33.4  0  0  6 15 0 0 1 1 1 0 0 1 0 0 1 0 0 1
2014   2 28  5 38 28 484065   -6.40496  -73.64672     7158  10.8  0  0  5  9 0 0 0 0 1 0 0 1 0 1 1 0 0 1
2014   2 28  5 38 28 496249   -6.20338  -74.35854    14575  35.5  1  0  5  8 0 0 0 1 1 0 0 1 0 0 1 0 0 1
2014   2 28  5 38 28 503149    7.45191  -74.12240     5757  30.2  0  0  6 13 0 0 0 1 1 0 0 1 0 0 1 1 0 1
2014   2 28  5 38 28 626129   -4.70041  -70.89233     4043  30.7  0  0  7 21 0 0 1 1 1 0 0 1 0 1 1 0 0 1
2014   2 28  5 38 28 934207    2.54970  -68.16763     7234  34.9  1  0  4  6 0 0 0 1 0 0 0 0 0 0 1 1 0 1
2014   2 28  5 38 28 958715   -4.48516  -70.93304     3083  10.2  0  0  5 10 0 0 1 0 1 0 0 0 0 0 1 1 0 1
2014   2 28  5 38 29  97431    0.33972    0.49951    18245  28.3  0  0  5  7 0 0 1 1 1 0 0 1 0 0 1 0 0 0
2014   2 28  5 38 29 829907  -15.97913  -51.09947     2815  40.4  0  0  7 21 0 0 1 1 1 0 0 1 0 1 0 1 0 1
2014   2 28  5 38 30 118555  -15.97526  -51.02236     3138  36.9  0  0  6 15 0 0 1 1 0 0 0 1 0 1 1 0 0 1
2014   2 28  5 38 32 404096    7.80438  -74.27376     7090  79.1  2  0  7 19 0 0 1 1 1 0 0 0 0 1 1 1 0 1
2014   2 28  5 38 32 526092    7.56961  -74.29552    13399  79.5  2  0  6 11 0 0 1 1 0 0 0 0 0 1 1 1 0 1
2014   2 28  5 38 32 615506    7.60677  -74.59946     8303  65.1  2  0  6 14 0 0 0 1 0 0 0 1 0 1 1 1 0 1
2014   2 28  5 38 32 719457    7.62227  -74.58979     6920  65.6  1  0  7 21 0 0 0 1 1 0 0 1 0 1 1 1 0 1
2014   2 28  5 38 32 810569    5.22023  -72.65865    15978  49.6  1  0  6 14 0 0 1 1 1 0 0 0 0 1 1 0 0 1
2014   2 28  5 38 32 884905    7.61931  -74.31438     8122  69.5  2  0  6 11 0 0 1 1 1 0 0 1 0 0 1 1 0 0
2014   2 28  5 38 32 985141    7.65993  -74.63770     6193  64.6  1  0  7 20 0 0 0 1 1 0 0 1 0 1 1 1 1 0
2014   2 28  5 38 33 127447  -17.62723  163.81041    51031  64.2  1  0  7 20 0 0 1 1 1 0 0 1 0 1 1 0 0 1
2014   2 28  5 38 33 201613    7.62478  -74.67972    10058  68.2  2  0  6 13 0 0 0 1 1 0 0 1 0 0 1 1 0 1
2014   2 28  5 38 33 324662  -13.61318  159.51741     8987  12.2  0  0  4  6 0 0 1 1 0 0 0 1 0 0 0 1 0 0
2014   2 28  5 38 33 369670  -13.61630  159.51910     9285  13.8  0  0  4  6 0 0 1 1 0 0 0 1 0 0 0 1 0 0
2014   2 28  5 38 33 460227    7.59893  -74.29581     8149  74.2  2  0  7 16 0 0 1 1 1 0 0 1 0 0 1 1 0 1
2014   2 28  5 38 33 721434  -20.46389  -47.15491     3912  90.5  2  0  7 21 0 0 1 1 1 0 0 1 0 0 1 1 0 1
2014   2 28  5 38 34  45271   19.75886 -113.25802    80858  17.5  0  0  4  6 0 0 0 1 0 0 0 0 0 1 1 0 0 1
2014   2 28  5 38 34 703096  -12.55192  -51.12002     3847  21.3  0  0  5  9 0 0 1 0 1 0 0 0 0 1 1 1 0 0
2014   2 28  5 38 34 742083  -16.07877  -51.42411     3604  82.9  2  0  7 21 0 0 0 1 1 0 0 1 0 1 1 1 0 1
2014   2 28  5 38 35 895276    7.26380  -75.25485    12629  89.7  2  0  6 13 0 0 0 1 1 0 0 1 0 0 1 1 0 1
2014   2 28  5 38 35 932515  -13.00386  -55.66443     5644  41.9  1  0  5  7 0 0 0 1 1 0 0 0 0 0 1 1 0 1
2014   2 28  5 38 36 163928  -20.39137  -49.55468     4117  41.2  1  0  5  8 0 0 0 1 0 0 0 1 0 1 1 1 0 0
2014   2 28  5 38 36 277930  -22.23522  -47.51724     3964  81.7  2  0  6 15 0 0 1 0 1 0 0 1 0 0 1 1 0 1
2014   2 28  5 38 36 520325  -22.45466  -47.51673     4374  83.1  2  0  6 14 0 0 1 1 1 0 0 1 0 0 1 0 0 1
2014   2 28  5 38 36 824217  -15.89462  -51.17871     4001  90.4  2  0  7 21 0 0 1 0 1 0 0 1 0 1 1 1 0 1
2014   2 28  5 38 37  60501   -5.78996  -43.70809     5120 103.0  2  0  7 21 0 0 0 1 1 0 0 1 0 1 1 1 0 1
2014   2 28  5 38 37 184367  -18.39859  -45.85645     4790  41.8  1  0  5 10 0 0 1 0 1 0 0 1 0 0 1 0 0 1
2014   2 28  5 38 37 967434  -22.75069  -47.33339     4396  91.9  2  0  6 15 0 0 1 1 1 0 0 1 0 0 1 0 0 1
2014   2 28  5 38 37 995603  -22.63949  -47.26545     2943  18.6  0  0  5  9 0 0 1 0 1 0 0 1 0 0 1 0 0 1
2014   2 28  5 38 39 692109  -13.49417  159.02098    12561  45.0  1  0  5 10 0 0 1 1 0 0 0 1 0 0 1 1 0 0
2014   2 28  5 38 39 838225  -13.51130  158.99838    12920  46.5  1  0  5 10 0 0 1 1 0 0 0 1 0 0 1 1 0 0
2014   2 28  5 38 40 120617   -6.30372   10.20283    17911   4.4  0  0  5 10 0 0 1 1 1 0 0 0 0 0 1 0 0 1
2014   2 28  5 38 40 198039  -20.72995  -49.49914     2423  19.6  0  0  7 20 0 0 1 1 1 0 0 1 0 1 1 1 0 0
2014   2 28  5 38 40 300164  -14.00690  158.96259    12735  28.2  1  0  4  6 0 0 0 1 0 0 0 1 0 0 1 1 0 0
2014   2 28  5 38 40 460311    5.71079  -77.60532     4954  17.4  0  0  5 10 0 0 0 1 1 0 0 1 0 0 1 1 0 0
2014   2 28  5 38 40 864380   -6.12549  -74.47474     4308  10.2  0  0  5  9 0 0 0 0 1 0 0 1 0 0 1 1 0 1
2014   2 28  5 38 41 531510   -6.12878  -74.48497     5072  15.9  0  0  5  8 0 0 0 1 1 0 0 1 0 0 1 1 0 0
2014   2 28  5 38 41 937872  -16.00801  -51.23522     2535  23.2  0  0  7 20 0 0 1 1 1 0 0 1 0 1 1 1 0 0
2014   2 28  5 38 42 455466  -16.04380  -51.16437     2432   6.9  0  0  6 15 0 0 1 1 1 0 0 1 0 0 1 0 0 1
2014   2 28  5 38 42 541698  -22.36250  -48.11131     3812 102.2  2  0  7 21 0 0 0 1 1 0 0 1 0 1 1 1 0 1
2014   2 28  5 38 42 563220  -12.58213  142.22150     4227  14.4  0  0  5  8 0 0 0 1 1 0 0 1 1 0 0 0 0 1
2014   2 28  5 38 42 690462  -13.08306  -71.33082     3718  31.3  1  0  5 10 0 0 1 1 1 0 0 0 0 1 0 1 0 0
2014   2 28  5 38 42 704806  -16.04398  -51.22532     2995  23.2  0  0  5 10 0 0 0 1 1 0 0 1 0 1 1 0 0 0
2014   2 28  5 38 42 845913  -29.42426 -134.81255    10135  29.9  0  0  6 15 0 0 1 0 1 0 0 1 0 1 0 1 0 1
2014   2 28  5 38 42 924122  -29.43614 -135.51471    12971  29.5  0  0  7 21 0 0 0 1 1 0 0 1 0 1 1 1 0 1
2014   2 28  5 38 43  57256  -33.63826  -39.20264     5160  24.0  0  0  5 10 0 0 1 0 1 0 0 1 0 0 1 0 0 1
2014   2 28  5 38 43  93513  -20.73205  -49.28656     2595  30.6  0  0  7 20 0 0 1 1 1 0 0 1 0 1 0 1 0 1
2014   2 28  5 38 43 223893  -29.37262 -135.02090     8391  32.5  0  0  7 21 0 0 1 1 1 0 0 1 0 1 1 1 0 0
2014   2 28  5 38 43 269862  -29.35818 -135.73640    30827  18.2  0  0  5 10 0 0 0 1 1 0 0 0 0 0 1 1 0 1
2014   2 28  5 38 43 393035    4.11718  -82.97656     3981  32.0  0  0  7 20 0 0 1 1 1 0 0 0 0 1 1 1 0 1
2014   2 28  5 38 43 402066    4.16786  -83.33418     5307  23.5  0  0  6 15 0 0 0 1 1 0 0 1 0 0 1 1 0 1
2014   2 28  5 38 43 499232    4.21021  -83.35825     5291  23.5  0  0  6 15 0 0 0 1 1 0 0 1 0 0 1 1 0 1
2014   2 28  5 38 43 744151    4.23058  -83.14600     4422  26.6  0  0  6 14 0 0 1 1 1 0 0 1 0 0 1 1 0 0
2014   2 28  5 38 44  35649  -24.84087 -135.88742     8000  23.1  0  0  6 15 0 0 1 1 1 0 0 1 0 0 1 1 0 0
2014   2 28  5 38 44  43044  -24.87247 -135.69116     7055  25.4  0  0  7 21 0 0 1 1 1 0 0 1 0 0 1 1 0 1
2014   2 28  5 38 44 103549  -24.88848 -135.73961     8080  26.9  0  0  7 20 0 0 1 1 1 0 0 1 0 0 1 1 0 1
2014   2 28  5 38 44 127230  -24.84205 -136.75647    13956  20.4  0  0  5 10 0 0 0 1 1 0 0 1 0 0 1 1 0 0
2014   2 28  5 38 44 422936  -24.83323 -136.48441    12356  38.2  0  0  7 21 0 0 1 1 1 0 0 1 0 0 1 1 0 1
2014   2 28  5 38 44 992595    4.06740  -83.02818     5372  51.6  1  0  7 20 0 0 1 1 1 0 0 1 0 1 0 1 0 1
2014   2 28  5 38 45 133214  -33.69887  -38.76151     4949  31.5  1  0  5 10 0 0 1 1 1 0 0 0 0 0 1 0 0 1
2014   2 28  5 38 45 460727  -20.63939  -49.07133     4490  62.8  2  0  6 11 0 0 1 0 1 0 0 1 0 1 1 0 0 1
2014   2 28  5 38 46  29794    3.59207    4.40702    14605  43.2  1  0  6 13 0 0 1 1 1 0 0 0 0 0 1 1 0 1
2014   2 28  5 38 46 523510    5.22228  -72.30151     5506  37.7  1  0  5 10 0 0 0 1 0 0 0 1 0 0 1 1 0 1
2014   2 28  5 38 46 625188   -7.35478    6.02105    58893  30.7  1  0  4  6 0 0 1 1 0 0 0 0 0 0 1 0 0 1
2014   2 28  5 38 47 722053  -28.20350  -43.00644     3950  38.3  0  0  7 16 0 0 0 1 1 0 0 1 0 1 1 1 0 1
2014   2 28  5 38 47 730420  -28.49215  -42.70181     4010  39.4  0  0  6 15 0 0 1 1 1 0 0 1 0 0 1 0 0 1
2014   2 28  5 38 47 882203  -28.53022  -42.51363     6074  37.7  1  0  5 10 0 0 1 0 1 0 0 1 0 0 1 0 0 1
2014   2 28  5 38 48  15363  -13.19810  -72.38918     6556  33.1  1  0  5 10 0 0 0 1 1 0 0 1 0 0 0 1 0 1
2014   2 28  5 38 48 126518  -21.14135  -49.26197     3895  57.3  1  0  6 14 0 0 1 1 1 0 0 1 0 0 1 0 0 1
2014   2 28  5 38 48 953729    7.63394  -74.47153     7726  63.3  2  0  6 15 0 0 0 1 1 0 0 1 0 0 1 1 0 1
2014   2 28  5 38 49  60703  -34.17522 -122.26387    14081  52.7  1  0  6 14 0 0 1 1 1 0 0 0 0 0 1 1 0 1
2014   2 28  5 38 49 331518  -15.99484  -51.34678     3463  74.4  2  0  7 21 0 0 1 1 1 0 0 0 0 1 1 1 0 1
2014   2 28  5 38 49 394121   -6.03632  -74.94150     5048  19.2  0  0  4  6 0 0 0 1 0 0 0 1 0 0 1 1 0 0
2014   2 28  5 38 49 733238    7.29435  -75.15642    12964  64.3  2  0  5  8 0 0 0 1 0 0 0 1 0 0 1 1 0 1
2014   2 28  5 38 49 943380   -5.93590  -74.49365     6331  44.4  1  0  5  8 0 0 1 0 0 0 0 1 0 0 1 1 0 1
2014   2 28  5 38 50 255708  -33.31981  -40.19357     4189  53.2  1  0  7 21 0 0 1 1 1 0 0 1 0 1 0 1 0 1
2014   2 28  5 38 50 297993  -33.51234  -39.43485     8036  68.7  2  0  6 15 0 0 1 0 1 0 0 1 0 1 1 0 0 1
2014   2 28  5 38 50 470891  -33.39482  -40.02966     3155  30.2  0  0  7 16 0 0 1 1 1 0 0 1 0 1 0 1 0 1
2014   2 28  5 38 50 755421  -22.16279 -139.90808    14245  69.2  1  0  7 21 0 0 1 0 1 0 0 1 0 1 1 1 0 1
2014   2 28  5 38 50 807721  -21.49929 -142.58456    15316  75.7  2  0  7 21 0 0 1 1 1 0 0 1 0 0 1 1 0 1
2014   2 28  5 38 50 868619  -14.38932  -51.32573    19498  48.8  1  0  5 10 0 0 1 0 1 0 0 0 0 1 1 0 0 1
2014   2 28  5 38 51  58151  -32.21766  -41.69064     6314  29.9  0  0  5 10 0 0 0 1 1 0 0 1 0 0 1 0 0 1
2014   2 28  5 38 52 805919  -20.50072  -47.54982     4416  26.0  1  0  4  6 0 0 1 0 0 0 0 1 0 1 1 0 0 0
2014   2 28  5 38 52 933568  -20.66178  -47.04829     4682 116.1  2  0  7 19 0 0 1 1 1 0 0 1 0 0 1 1 0 1
2014   2 28  5 38 52 975748  -33.11800  -41.70145     4614  61.5  1  0  7 20 0 0 1 1 1 0 0 1 0 1 0 1 0 1
2014   2 28  5 38 52 999893  -33.37526  -40.91577     7438  84.4  2  0  6 15 0 0 1 1 1 0 0 1 0 0 1 0 0 1
2014   2 28  5 38 53  80992  -33.35197  -40.60957     8357 100.6  2  0  7 20 0 0 1 0 1 0 0 1 0 1 1 1 0 1
2014   2 28  5 38 53 163956  -33.16876  -41.54880     4642  28.1  0  0  5 10 0 0 1 1 1 0 0 1 0 0 0 0 0 1
2014   2 28  5 38 53 364788  -33.33065  -40.96732     7602  87.4  2  0  6 15 0 0 1 1 1 0 0 1 0 0 1 0 0 1
2014   2 28  5 38 53 763114  -20.55468  -49.30181     6345 131.1  2  0  7 16 0 0 1 1 1 0 0 1 0 0 1 1 0 1
2014   2 28  5 38 53 878574    7.82022  -74.28505     7020 106.5  2  0  7 19 0 0 1 1 1 0 0 1 0 0 1 1 0 1
2014   2 28  5 38 54  42793  -20.49516  -49.47705     3438  16.4  0  0  4  6 0 0 1 1 0 0 0 1 0 0 1 0 0 0
2014   2 28  5 38 54 166397   -3.00107  -65.31014     6336  71.1  2  0  6 15 0 0 0 1 1 0 0 0 0 1 1 1 0 1
2014   2 28  5 38 55 439277    4.99499  -73.20691    11319 128.9  2  0  7 18 0 0 0 1 1 0 0 1 0 1 1 1 0 1
2014   2 28  5 38 55 683416    7.83220  -75.26555    12184 130.6  2  0  7 20 0 0 0 1 1 0 0 1 0 1 1 1 0 1
2014   2 28  5 38 55 736604    4.72544  -73.16462    11495 117.8  2  0  6 14 0 0 0 1 1 0 0 1 0 0 1 1 0 1
2014   2 28  5 38 55 837751  -12.65253  157.13947    11086  39.8  1  0  5 10 0 0 1 1 0 0 0 1 0 0 1 1 0 0
2014   2 28  5 38 56 280326  -19.47130 -139.64430    16962   5.0  0  0  4  6 0 0 1 1 1 0 0 1 0 0 0 0 0 0
2014   2 28  5 38 59 734638  -16.13992  -51.24580     3085  26.7  0  0  5 10 0 0 1 1 0 0 0 1 0 1 0 0 0 1
2014   2 28  5 38 59 789820  -16.09393  -51.27027     3602  24.0  1  0  4  6 0 0 1 1 0 0 0 1 0 1 0 0 0 0
2014   2 28  5 39  0 190535  -16.17835  -51.26616     2596   9.2  0  0  5 10 0 0 0 1 1 0 0 1 0 1 0 0 0 1
2014   2 28  5 39  0 242925  -16.20400  -51.18415     4114  28.5  0  0  5  9 0 0 1 1 1 0 0 0 0 1 0 0 0 1
2014   2 28  5 39  0 563931  -16.16070  -51.18124     3324  26.3  0  0  5 10 0 0 1 1 1 0 0 1 0 0 0 0 0 1
2014   2 28  5 39  0 832236  -20.73960  -47.09488     4273  38.4  1  0  5  7 0 0 1 1 1 0 0 0 0 1 0 0 0 1
2014   2 28  5 39  0 884785  -20.71877  -46.93517     4212  24.8  0  0  5  7 0 0 1 1 1 0 0 1 0 0 0 0 0 1
2014   2 28  5 39  0 911452  -20.75046  -47.02558     2710  11.3  0  0  5  8 0 0 0 1 1 0 0 1 0 1 0 0 0 1
2014   2 28  5 39  3 597661  -16.17772  -51.27119     3432  51.8  1  0  6 15 0 0 1 1 1 0 0 1 0 1 0 0 0 1
2014   2 28  5 39  4 258593  -15.96374  -51.12667     3528  55.5  1  0  6 15 0 0 1 1 1 0 0 1 0 1 0 0 0 1
2014   2 28  5 39  5 505325   -5.12684  -70.54444     5709  29.8  0  0  5  9 0 0 1 0 1 0 0 1 0 1 0 0 0 1
2014   2 28  5 39  6  45682  -20.92875  -46.98668     4520  59.3  2  0  5 10 0 0 1 1 1 0 0 1 0 0 0 0 0 1
2014   2 28  5 39  7 727390  -28.46421  -43.27366     3175  18.1  0  0  5 10 0 0 1 1 1 0 0 0 0 1 0 0 0 1
2014   2 28  5 39  7 764939  -28.47969  -43.28621     3058  27.4  0  0  6 15 0 0 1 1 1 0 0 1 0 1 0 0 0 1
2014   2 28  5 39  8  13419  -28.45931  -43.30806     8494  31.6  1  0  5 10 0 0 0 1 1 0 0 1 0 1 0 0 0 1
2014   2 28  5 39 10  28427   -6.82361  -73.67427    11301 118.9  2  0  6 15 0 0 1 1 1 0 0 1 0 1 0 0 0 1
2014   2 28  5 39 11 461957  -20.86598  -49.46424     6118 120.4  2  0  6 11 0 0 1 1 1 0 0 1 0 1 0 0 0 1
2014   2 28  5 39 11 579896  -20.71576  -49.55997     3999  65.8  2  0  6 12 0 0 1 1 1 0 0 1 0 1 0 0 0 1
2014   2 28  5 39 12 224876  -21.18111  -49.22367     3518  21.1  1  0  4  6 0 0 1 1 0 0 0 1 0 1 0 0 0 0
2014   2 28  5 39 12 844274    7.00356  -73.57036     5882  10.0  0  0  5 10 0 0 1 1 0 0 0 1 0 1 0 0 0 1
2014   2 28  5 39 12 966550    7.08596  -73.60845     8075   9.4  0  0  5 10 0 0 1 1 1 0 0 0 0 1 0 0 0 1
2014   2 28  5 39 14 123282  -22.17802  -45.85296     2908  22.2  0  0  5 10 0 0 1 0 1 0 0 1 0 1 0 0 0 1
2014   2 28  5 39 14 160233  -22.19967  -45.80860     2640  12.0  0  0  5 10 0 0 1 1 1 0 0 1 0 0 0 0 0 1
2014   2 28  5 39 16 386329  -13.30790  -39.54274     3116  12.6  0  0  5  9 0 0 1 1 0 0 0 1 0 1 0 0 0 1
2014   2 28  5 39 16 827619  -16.17128  -51.25416     4397  37.3  1  0  5 10 0 0 1 1 1 0 0 0 0 1 0 0 0 1
2014   2 28  5 39 16 951227  -16.15016  -51.26803     3016  36.1  0  0  6 15 0 0 1 1 1 0 0 1 0 1 0 0 0 1
2014   2 28  5 39 19 202010  -28.04656  -42.92586     3584  17.7  0  0  5  9 0 0 1 1 1 0 0 1 0 0 0 0 0 1
2014   2 28  5 39 19 520737  -20.72019  -47.01288     3105  45.1  1  0  6 15 0 0 1 1 1 0 0 1 0 1 0 0 0 1
2014   2 28  5 39 20 699445    1.79134  -36.16783    12791  65.4  2  0  5 10 0 0 1 1 1 0 0 0 1 0 0 0 0 1
2014   2 28  5 39 21   4577  -22.03301  -45.97098     3973  51.3  2  0  5 10 0 0 1 1 1 0 0 1 0 0 0 0 0 1
2014   2 28  5 39 22 368423   33.13237  177.53267     4915  12.0  0  0  4  6 0 0 1 1 0 0 0 1 1 0 0 0 0 0
2014   2 28  5 39 22 500135  -20.81924  -47.13356     3600  66.3  2  0  6 15 0 0 1 1 1 0 0 1 0 1 0 0 0 1
2014   2 28  5 39 23 346760   12.10704  151.98184     9338  49.3  1  0  5 10 0 0 0 1 1 0 0 0 1 1 0 0 0 1
2014   2 28  5 39 23 527032   -5.15760  -80.05298    15288   0.7  0  0  4  6 0 0 0 1 1 0 0 1 0 1 0 0 0 0
2014   2 28  5 39 25 699691  -24.28362  -46.16104     3733  20.3  1  0  4  6 0 0 1 1 1 0 0 1 0 0 0 0 0 0
2014   2 28  5 39 25 729818  -24.28889  -46.20061     3544  29.1  0  0  5  9 0 0 1 1 1 0 0 1 0 0 0 0 0 1
2014   2 28  5 39 26 154106  -33.23215  -40.52607     4064  19.4  0  0  5 10 0 0 1 1 1 0 0 1 0 0 0 0 0 1
2014   2 28  5 39 26 267210  -21.76460  132.96671     9503  12.4  0  0  4  6 0 0 0 1 0 0 0 1 1 0 0 0 0 1
2014   2 28  5 39 26 289326  -33.20839  -40.55692     4141  20.6  0  0  5 10 0 0 1 1 1 0 0 1 0 0 0 0 0 1
2014   2 28  5 39 26 683339  -15.82024  -68.85177    12141  53.3  2  0  5 10 0 0 1 1 1 0 0 0 0 1 0 0 0 1
