2014   2 28  7 24 33 468706  -20.49019  -51.93986     2693   6.4  0  0  5  9 0 0 1 0 0 0 0 0 0 1 1 1 0 1
2014   2 28  7 24 33 712347  -23.51824  -45.68354     7263  16.3  0  0  4  6 0 0 1 1 0 0 0 0 0 0 1 0 0 1
2014   2 28  7 24 34 201136  -23.36798  -45.86119     3376  24.9  0  0  5 10 0 0 1 1 0 0 0 0 0 0 1 1 0 1
2014   2 28  7 24 35 356390   -7.21227    8.97458    34877  14.0  0  0  4  6 0 0 1 1 0 0 0 0 0 0 1 0 0 1
2014   2 28  7 24 35 543356   -7.27123    8.90082    35735  14.8  0  0  4  6 0 0 1 1 0 0 0 0 0 0 1 0 0 1
2014   2 28  7 24 36 168547   -4.21639  -71.56245     4811  41.7  1  0  5 10 0 0 1 1 0 0 0 0 0 1 1 1 0 0
2014   2 28  7 24 36 626071  -20.65366  -47.32927     3161  43.6  1  0  6 15 0 0 1 1 0 0 0 0 0 1 1 1 0 1
2014   2 28  7 24 36 800815    7.88301  -83.10315     5923  44.2  1  0  6 15 0 0 1 1 0 0 0 0 0 1 1 1 0 1
2014   2 28  7 24 38  15984  -19.97531 -141.61115    16386  38.7  1  0  5 10 0 0 1 1 0 0 0 0 0 0 1 1 0 1
2014   2 28  7 24 38  18452   -9.95612  161.18771    15969  39.5  1  0  5 10 0 0 1 1 0 0 0 0 0 1 0 1 0 1
2014   2 28  7 24 38 310369  -10.04142  161.45078    34171  48.2  1  0  5  8 0 0 0 1 0 0 0 0 0 1 1 1 0 1
2014   2 28  7 24 38 336659  -11.95306  -73.15301     4535  59.7  1  0  6 15 0 0 1 1 0 0 0 0 0 1 1 1 0 1
2014   2 28  7 24 38 528679  -19.80793 -137.89178    19947   6.1  0  0  4  6 0 0 0 0 0 0 0 0 0 1 1 1 0 1
2014   2 28  7 24 38 552381  -19.62722 -141.54512    21009  60.4  2  0  5 10 0 0 1 1 0 0 0 0 0 1 0 1 0 1
2014   2 28  7 24 38 564107  -19.62752 -141.50081    55852  61.8  2  0  5 10 0 0 0 1 0 0 0 0 0 1 1 1 0 1
2014   2 28  7 24 38 860117  -11.98226  -73.11718     4733  64.9  2  0  6 15 0 0 1 1 0 0 0 0 0 1 1 1 0 1
2014   2 28  7 24 39  30026   -9.20132  158.75032    72199  46.1  1  0  5  7 0 0 1 1 0 0 0 0 0 0 1 1 0 1
2014   2 28  7 24 39 104757   -8.94877  158.62589    55291  44.7  1  0  5  8 0 0 1 1 0 0 0 0 0 0 1 1 0 1
2014   2 28  7 24 39 112915  -19.47454 -142.43320    19251  46.9  1  0  5 10 0 0 1 1 0 0 0 0 0 0 1 1 0 1
2014   2 28  7 24 39 236085  -12.66911  -74.80597     8331  14.2  0  0  4  6 0 0 0 1 0 0 0 0 0 1 0 1 0 1
2014   2 28  7 24 39 446348  -16.36972  -52.00787     3506  55.9  1  0  6 15 0 0 1 1 0 0 0 0 0 1 1 1 0 1
2014   2 28  7 24 39 624810  -23.01599  -45.48067     5211   8.7  0  0  4  6 0 0 1 1 0 0 0 0 0 0 1 0 0 1
2014   2 28  7 24 39 925642  -22.99496  -45.49825     4665   6.2  0  0  4  6 0 0 1 1 0 0 0 0 0 0 1 0 0 1
2014   2 28  7 24 40 147093  -22.54359  -45.95713     4718  77.6  2  0  6 11 0 0 1 1 0 0 0 0 0 1 1 1 0 1
2014   2 28  7 24 40 227085  -23.01416  -45.47662     5127   8.0  0  0  4  6 0 0 1 1 0 0 0 0 0 0 1 0 0 1
2014   2 28  7 24 40 662708  -21.09125  -46.98012     4295  78.5  2  0  6 13 0 0 1 1 0 0 0 0 0 1 1 1 0 1
2014   2 28  7 24 43 775386    4.01386  -72.37107     9901   6.7  0  0  4  6 0 0 1 1 0 0 0 0 0 1 0 0 0 1
2014   2 28  7 24 45 412896  -28.22938 -132.89217    22502  62.5  2  0  5 10 0 0 1 0 0 0 0 0 0 1 1 1 0 1
2014   2 28  7 24 48 139896  -16.05140  -51.54218     2441   7.9  0  0  6 15 0 0 1 1 1 0 0 1 0 0 1 0 0 1
2014   2 28  7 24 49  39170   -4.70168  -71.69150     3144   8.2  0  0  7 16 0 0 0 1 1 0 0 1 0 1 1 1 0 1
2014   2 28  7 24 49 131109   -4.67597  -71.65630     2830  14.9  0  0  6 15 0 0 1 1 1 0 0 1 0 0 1 1 0 0
2014   2 28  7 24 49 142127   -4.69317  -71.73181     3828  11.6  0  0  5  9 0 0 0 1 0 0 0 1 0 0 1 1 0 1
2014   2 28  7 24 49 538965  -21.32172  -46.13100     2741   4.3  0  0  5  8 0 0 1 0 1 0 0 1 0 0 1 0 0 1
2014   2 28  7 24 49 557734  -21.32853  -46.15193     2541   5.9  0  0  5 10 0 0 0 1 1 0 0 1 0 0 1 0 0 1
2014   2 28  7 24 49 582693   -4.70505  -71.62461     2583  14.1  0  0  7 21 0 0 1 1 0 0 0 1 0 1 1 1 1 0
2014   2 28  7 24 49 634799  -21.33401  -46.15440     2411   6.6  0  0  6 15 0 0 1 1 1 0 0 1 0 0 1 0 0 1
2014   2 28  7 24 49 789662  -23.73669  -45.58429     3021  26.0  0  0  6 15 0 0 1 1 1 0 0 1 0 0 1 0 0 1
2014   2 28  7 24 49 818637  -23.78232  -45.51448     3857  24.7  0  0  5  7 0 0 1 1 1 0 0 1 0 0 0 0 0 1
2014   2 28  7 24 51 160352   30.71638 -134.71176    24374   9.0  0  0  4  6 0 0 0 1 0 0 0 1 0 0 1 1 0 0
2014   2 28  7 24 51 250721   -7.00303  172.58635    11382  28.3  0  0  5 10 0 0 1 0 0 0 0 1 0 0 1 1 0 1
2014   2 28  7 24 51 457701   -4.41944  145.59067     9803  10.6  0  0  5  8 0 0 1 1 1 0 0 1 0 1 0 0 0 0
2014   2 28  7 24 52  64624  -22.51102 -140.40833    23194  12.0  0  0  4  6 0 0 1 1 0 0 0 1 0 0 1 0 0 0
2014   2 28  7 24 52 415864  -24.12361 -176.02734    49255  11.7  0  0  4  6 0 0 1 1 0 0 0 1 0 0 1 0 0 0
2014   2 28  7 24 52 639887    5.19627  -72.43026     3771  35.0  0  0  7 21 0 0 1 0 1 0 0 1 0 1 1 1 0 1
2014   2 28  7 24 52 711359    5.25636  -72.55670     4527  38.1  1  0  5 10 0 0 1 1 0 0 0 1 0 0 0 1 0 1
2014   2 28  7 24 52 793703    5.20818  -73.08761     5877  23.2  0  0  5 10 0 0 0 1 1 0 0 1 0 0 0 1 0 1
2014   2 28  7 24 53 410955   33.36481 -167.85344    11180  52.4  1  0  7 21 0 0 1 1 0 0 0 1 0 1 1 1 0 1
2014   2 28  7 24 54   4874  -13.22227  -71.05238     3424  44.2  0  0  7 20 0 0 1 0 1 0 0 1 0 1 1 1 0 1
2014   2 28  7 24 54  37784  -13.28756  -71.26183     5929  47.4  1  0  6 15 0 0 0 0 1 0 0 1 0 1 1 1 0 1
2014   2 28  7 24 54 536018    4.76921  153.44087     7068  48.1  0  0  7 21 0 0 1 1 0 0 0 1 0 1 1 1 0 1
2014   2 28  7 24 54 656077  -13.45809  -70.87128     4315  51.6  1  0  7 21 0 0 1 1 1 0 0 1 0 1 1 0 0 1
2014   2 28  7 24 54 725809    6.79478  -77.48697     8137  49.1  1  0  5 10 0 0 0 1 1 0 0 1 0 0 1 1 0 0
2014   2 28  7 24 55 560142  -10.88618  165.33334    11531  51.2  1  0  6 15 0 0 1 1 1 0 0 1 0 0 1 1 0 0
2014   2 28  7 24 55 604078  -17.50137  167.19147    50260  53.5  1  0  6 15 0 0 1 1 1 0 0 1 0 1 1 0 0 0
2014   2 28  7 24 57 863034   -7.29412  -10.67720    14746  60.7  2  0  5 10 0 0 1 1 1 0 0 0 0 0 1 1 0 0
2014   2 28  7 24 57 894760   -0.92489    5.91940    28760  73.8  2  0  6 15 0 0 1 1 1 0 0 1 0 0 1 0 0 1
2014   2 28  7 24 58  38507    4.85608  -72.06932    12435  74.9  2  0  6 15 0 0 1 1 1 0 0 1 0 0 1 0 0 1
2014   2 28  7 24 58  61753    2.74986  -84.89562     9053 100.2  2  0  6 15 0 0 1 1 1 0 0 1 0 1 0 1 0 0
2014   2 28  7 24 58  81808    2.77349  -84.86114     7200  87.9  2  0  7 19 0 0 1 1 1 0 0 1 0 0 1 1 0 1
2014   2 28  7 24 58 190464    5.56474  -72.44601     5125  67.2  1  0  7 21 0 0 1 0 1 0 0 1 0 1 1 1 0 1
2014   2 28  7 24 58 278444    6.20253  -73.28884    10518  77.1  2  0  7 21 0 0 1 1 1 0 0 1 0 1 1 0 0 1
2014   2 28  7 24 58 496237    7.34131  -74.08080     6061  89.6  2  0  7 21 0 0 1 1 1 0 0 1 0 0 1 1 0 1
2014   2 28  7 24 58 862862  -21.32366  -47.07240     3566  84.6  2  0  7 21 0 0 1 1 1 0 0 1 0 1 1 0 0 1
2014   2 28  7 24 58 958609   -4.59746  -71.15649    10086  93.5  2  0  6 15 0 0 1 1 1 0 0 1 0 1 1 0 0 0
2014   2 28  7 24 58 973432   -4.16712  -71.51642     5455  75.5  2  0  6 15 0 0 1 0 0 0 0 1 0 1 1 1 0 1
2014   2 28  7 24 59 203450  -19.37079 -141.71414    19134  95.6  2  0  7 21 0 0 1 1 1 0 0 0 0 1 1 1 0 1
2014   2 28  7 24 59 682588  -29.87992  -42.08802     7583  79.4  2  0  5 10 0 0 1 1 1 0 0 0 0 0 1 0 0 1
2014   2 28  7 24 59 689250  -29.88935  -42.12406     5420  71.0  2  0  6 15 0 0 1 1 0 0 0 1 0 1 1 0 0 1
2014   2 28  7 24 59 949351  -13.80023 -150.05544   134470  32.8  1  0  4  6 0 0 1 0 0 0 0 0 0 1 1 0 0 1
2014   2 28  7 24 59 975207    3.72957  -87.10526    14100 104.1  2  0  7 21 0 0 0 1 1 0 0 1 0 1 1 1 0 1
2014   2 28  7 25  0 185391  -29.94234  -41.70440     8473  61.8  2  0  5 10 0 0 1 0 1 0 0 1 0 0 1 0 0 1
2014   2 28  7 25  1 119004  -22.81589  -45.74661     4984  98.3  2  0  6 15 0 0 1 1 1 0 0 1 0 0 1 0 0 1
2014   2 28  7 25  1 280198  -20.65675  -46.18894     3318  14.1  0  0  4  6 0 0 1 0 0 0 0 1 0 0 1 0 0 1
2014   2 28  7 25  2  59814  -32.67960  -41.43693     4987  70.2  2  0  7 21 0 0 1 1 1 0 0 1 0 1 0 1 0 1
2014   2 28  7 25  2 111742  -32.88489  -40.74194     8111  95.7  2  0  6 15 0 0 1 1 1 0 0 1 0 0 1 0 0 1
2014   2 28  7 25  2 136311  -33.07199  -40.01135    10343  74.8  2  0  5 10 0 0 1 0 1 0 0 1 0 0 1 0 0 1
2014   2 28  7 25  2 497899  -21.17767  -49.50362     4596 137.5  2  0  7 21 0 0 1 1 1 0 0 1 0 1 1 1 0 0
2014   2 28  7 25  2 568608  -32.28915   16.67415    32100 108.6  2  0  6 15 0 0 1 1 1 0 0 1 0 0 1 0 0 1
2014   2 28  7 25  3 107289  -30.13576  -42.18724     5329  89.7  2  0  7 21 0 0 1 1 1 0 0 1 0 1 1 0 0 1
2014   2 28  7 25  3 128291  -30.12619  -42.18582     6523  97.4  2  0  6 15 0 0 1 1 1 0 0 0 0 1 1 0 0 1
2014   2 28  7 25  3 416948   -2.56774  -72.64340     6011 122.7  2  0  7 21 0 0 1 1 1 0 0 1 0 0 1 1 0 1
2014   2 28  7 25  3 653759   -2.82090  -72.16201    43790  63.8  2  0  5 10 0 0 1 0 1 0 0 0 0 1 1 0 0 1
2014   2 28  7 25  3 825532  -24.34791  -45.58771     4096  90.2  2  0  7 21 0 0 1 1 1 0 0 1 0 1 1 0 0 1
2014   2 28  7 25  4 267386   -1.17862    5.59566     4567  17.5  0  0  7 21 0 0 1 1 1 0 0 1 1 0 1 0 0 1
2014   2 28  7 25  6 861001   -0.71240    6.14012     8887  14.0  0  0  6 15 0 0 1 1 1 0 0 1 0 0 1 0 0 1
2014   2 28  7 25  8 126995    6.86725  -74.06723     5272  24.5  0  0  5  9 0 0 0 1 1 0 0 1 0 0 1 1 0 0
2014   2 28  7 25  8 239274  -16.48433  -51.87574     3092  26.2  0  0  6 13 0 0 1 1 1 0 0 1 0 0 0 0 1 1
2014   2 28  7 25  8 446073  -16.44729  -51.85092     2905  18.9  0  0  6 12 0 0 1 1 1 0 0 1 0 0 1 0 0 1
2014   2 28  7 25  8 621864  -16.35445  -51.87963     2849  35.3  0  0  7 19 0 0 1 1 1 0 0 1 0 1 1 0 0 1
2014   2 28  7 25  9   8685    4.37565  -73.38630     3473  34.0  0  0  7 20 0 0 1 1 1 0 0 1 0 0 1 1 0 1
2014   2 28  7 25  9 647203  -22.61609  -45.61765     3751  41.5  1  0  5  9 0 0 0 1 1 0 0 1 0 0 1 0 0 1
2014   2 28  7 25  9 675692  -21.15927  -47.10205     3751  25.3  0  0  5  7 0 0 1 1 0 0 0 1 0 1 0 1 0 0
2014   2 28  7 25  9 708762  -21.22956  -46.93658     2907  44.7  0  0  7 20 0 0 1 1 1 0 0 1 0 1 1 0 0 1
2014   2 28  7 25  9 746266  -14.49713  162.19682     9013  43.0  0  0  7 21 0 0 0 1 1 0 0 1 0 1 1 1 0 1
2014   2 28  7 25  9 761686  -21.06800  -46.83480     2872  26.3  0  0  6 14 0 0 1 0 1 0 0 0 0 1 1 1 0 1
2014   2 28  7 25 10 689448  -20.64056  -47.24533     3218  39.8  0  0  6 15 0 0 1 1 1 0 0 1 0 0 1 0 0 1
2014   2 28  7 25 10 815979  -21.36085  -46.14622     3200  38.4  0  0  6 15 0 0 1 1 1 0 0 1 0 0 1 0 0 1
2014   2 28  7 25 11 386963  -21.16705  -46.84084     3551  74.8  2  0  7 19 0 0 0 1 1 0 0 1 0 1 1 1 0 1
2014   2 28  7 25 11 432817  -21.09849  -46.87429     3568  79.8  2  0  7 20 0 0 0 1 1 0 0 1 0 1 1 1 0 1
2014   2 28  7 25 11 473505  -21.23687  -46.70319     4192  30.9  1  0  5  7 0 0 1 1 1 0 0 1 0 0 0 0 0 1
2014   2 28  7 25 11 493040   12.77879 -124.30764    10361  57.8  1  0  7 21 0 0 1 1 1 0 0 1 0 0 1 1 0 1
2014   2 28  7 25 11 532766  -21.23562  -46.70668     4276  38.2  1  0  5  7 0 0 0 1 1 0 0 1 0 0 1 0 0 1
2014   2 28  7 25 11 571942  -21.25510  -46.68269     4777  48.2  1  0  5  8 0 0 0 1 1 0 0 1 0 0 1 0 0 1
2014   2 28  7 25 11 582974  -21.21799  -46.82177     3184  58.7  1  0  7 20 0 0 1 1 1 0 0 1 0 1 1 0 0 1
2014   2 28  7 25 12 299443   -4.63924  -72.55331     7757  57.6  2  0  5  9 0 0 0 1 0 0 0 1 0 0 1 1 0 1
2014   2 28  7 25 12 315138   -4.80457  -73.01638    13241  46.2  1  0  5  8 0 0 0 1 1 0 0 1 0 0 0 1 0 1
2014   2 28  7 25 13 889672   -4.40016  -71.38319    19888  87.8  2  0  6 15 0 0 0 1 1 0 0 1 0 1 1 0 0 1
2014   2 28  7 25 13 907319  -11.00344  -57.71207     4662  75.3  2  0  6 14 0 0 1 1 1 0 0 0 0 0 1 1 0 1
2014   2 28  7 25 14  31029   -3.98946  -71.57930     6503  52.5  2  0  5  9 0 0 1 0 1 0 0 1 0 0 1 1 0 0
2014   2 28  7 25 15 182538   -7.83791  -74.66505     5539 104.8  2  0  7 20 0 0 1 1 1 0 0 1 0 1 1 1 0 0
2014   2 28  7 25 16  94475  -18.88353 -141.86923    15864  79.4  2  0  7 21 0 0 1 0 1 0 0 1 0 1 1 1 0 1
2014   2 28  7 25 16 150823  -18.57593 -143.59007    16362  84.8  2  0  7 21 0 0 1 1 1 0 0 1 0 0 1 1 0 1
2014   2 28  7 25 16 153697  -29.36137  -69.09978     7370  25.1  0  0  5 10 0 0 1 1 1 0 0 0 0 0 1 0 0 1
2014   2 28  7 25 16 164538  -18.61515 -143.58827    21766  91.6  2  0  6 15 0 0 1 1 1 0 0 1 0 0 0 1 0 1
2014   2 28  7 25 16 270895    7.08112  -74.06293    11395  68.4  2  0  5 10 0 0 0 0 1 0 0 1 0 0 1 1 0 1
2014   2 28  7 25 16 479047  -30.26447  -41.87447     6162  74.3  2  0  6 15 0 0 1 1 1 0 0 1 0 0 1 0 0 1
2014   2 28  7 25 16 503454  -29.63754  -42.40369     4657  24.4  0  0  5 10 0 0 0 1 1 0 0 1 0 0 1 0 0 1
2014   2 28  7 25 16 801567  -18.58194 -143.65828    22914  97.1  2  0  6 15 0 0 1 1 1 0 0 1 0 0 0 1 0 1
2014   2 28  7 25 17 405249  -25.43649  -44.63419     7206  52.6  2  0  5  8 0 0 1 0 1 0 0 1 0 0 1 0 0 1
2014   2 28  7 25 17 754138    3.12398  -18.24734    17232 105.0  2  0  7 19 0 0 1 1 1 0 0 1 0 0 1 1 0 1
2014   2 28  7 25 17 833268  -14.43093 -150.14861    14144  29.6  0  0  5  9 0 0 1 1 0 0 0 1 0 0 1 1 0 0
2014   2 28  7 25 18 635361  -16.60605  -52.12883     4619  38.1  1  0  5  7 0 0 0 1 1 0 0 1 0 1 0 0 0 1
2014   2 28  7 25 18 777825  -11.74594  -73.47145     6456  91.5  2  0  6 14 0 0 1 1 1 0 0 1 0 0 1 1 0 0
2014   2 28  7 25 19 446185    5.18083  -74.20193    10932 127.9  2  0  7 19 0 0 0 1 1 0 0 1 0 1 1 1 0 1
2014   2 28  7 25 19 741512  -11.85460  -73.74045    10132 143.9  2  0  7 21 0 0 0 1 1 0 0 1 0 1 1 1 0 1
2014   2 28  7 25 19 791455  -11.66400  -72.95263     5549  95.5  2  0  7 19 0 0 1 0 1 0 0 1 0 1 1 1 0 1
2014   2 28  7 25 19 888322  -11.70540  -73.20667     6690 149.2  2  0  7 20 0 0 1 1 1 0 0 1 0 1 0 1 0 1
2014   2 28  7 25 20 561524  -30.27633  -41.50042     2583  11.5  0  0  7 21 0 0 1 1 1 0 0 1 0 1 1 1 0 0
2014   2 28  7 25 20 587032  -30.33167  -41.44489     3665   6.3  0  0  5 10 0 0 0 1 1 0 0 1 0 0 1 0 0 1
2014   2 28  7 25 20 631720  -30.27247  -41.45561     2736   7.1  0  0  6 15 0 0 1 1 1 0 0 1 0 0 1 0 0 1
2014   2 28  7 25 21 413599    4.53332  150.41682     5199  20.9  0  0  6 15 0 0 1 1 0 0 0 1 0 0 1 1 0 1
2014   2 28  7 25 21 663360  -12.03378  -73.07798     2561  14.2  0  0  7 21 0 0 1 1 1 0 0 1 0 1 0 1 0 1
2014   2 28  7 25 22  46988    4.11216  -83.17818     7517  29.7  0  0  6 12 0 0 1 1 1 0 0 1 0 0 1 0 1 0
2014   2 28  7 25 22  92849    5.57975  144.73459     5948  20.1  0  0  5  8 0 0 0 1 1 0 0 1 0 0 1 1 0 0
2014   2 28  7 25 22 774445  -30.24627  -41.70607     6335  72.1  2  0  6 11 0 0 1 1 0 0 0 1 0 1 0 1 0 1
2014   2 28  7 25 22 817236  -30.14270  -41.70995     3353  13.1  0  0  5  8 0 0 1 1 0 0 0 0 0 1 0 1 0 1
2014   2 28  7 25 22 871218  -30.18583  -41.57693     3833  12.2  0  0  5 10 0 0 1 0 1 0 0 1 0 0 1 0 0 1
2014   2 28  7 25 22 922622   -7.09461  172.88539     5626  16.7  0  0  7 21 0 0 1 1 0 0 0 1 0 1 1 1 0 1
2014   2 28  7 25 23  52644  -21.12736  -46.50055     2755  14.3  0  0  5 10 0 0 0 1 1 0 0 1 0 0 1 0 0 1
2014   2 28  7 25 23 390800   -7.36372  173.29364    18312  15.8  0  0  5 10 0 0 1 1 1 0 0 1 0 0 1 0 0 0
2014   2 28  7 25 24 335245  -12.17020  -71.54359     2974  11.9  0  0  5 10 0 0 1 0 1 0 0 0 0 0 1 1 0 1
2014   2 28  7 25 24 342971  -12.18326  -71.63850     3279  29.2  0  0  6 15 0 0 1 1 1 0 0 0 0 0 1 1 0 1
2014   2 28  7 25 24 387108    2.68798  -85.41156     9536  16.9  0  0  4  6 0 0 0 1 1 0 0 1 0 0 0 1 0 0
2014   2 28  7 25 26 411005  -22.71576  -45.73003     3989  46.1  1  0  5  9 0 0 0 1 1 0 0 1 0 0 1 0 0 1
2014   2 28  7 25 26 494063  -12.77228  -71.81850     3798  15.5  0  0  4  6 0 0 1 0 0 0 0 0 0 0 1 1 0 1
2014   2 28  7 25 26 527901  -22.79776  -45.66782     4885  32.8  1  0  5  7 0 0 1 1 1 0 0 0 0 0 1 0 0 1
2014   2 28  7 25 26 555820  -12.90534  -72.09112     5349  55.4  1  0  7 18 0 0 0 1 1 0 0 1 0 1 1 1 0 1
2014   2 28  7 25 26 728702  -20.59187  -49.40241     3411  63.7  1  0  7 17 0 0 0 1 1 0 0 1 0 1 1 1 0 1
2014   2 28  7 25 28 295523  -21.15514  -46.95679     4129  77.8  2  0  6 15 0 0 1 1 0 0 0 1 0 0 1 1 0 1
2014   2 28  7 25 28 331229  -21.22636  -46.84663     4295  42.7  1  0  5  8 0 0 1 1 0 0 0 1 0 0 1 0 0 1
2014   2 28  7 25 29 621665  -10.92172  166.29579    10338  59.6  1  0  7 21 0 0 1 1 1 0 0 1 0 0 1 1 0 1
2014   2 28  7 25 29 875076  -10.38696  165.54022    11163  52.3  1  0  6 15 0 0 1 1 0 0 0 1 0 0 1 1 0 1
2014   2 28  7 25 31 106517  -27.78739 -135.58278    15075  75.4  2  0  7 21 0 0 1 1 1 0 0 1 0 0 1 1 0 1
2014   2 28  7 25 31 317584  -28.39895 -133.69302    41364  80.6  2  0  6 15 0 0 1 1 1 0 0 1 0 0 1 0 0 1
2014   2 28  7 25 33 329571   -4.67199  -73.92661     4498   6.8  0  0  5 10 0 0 0 1 1 0 0 0 0 1 0 1 0 1
2014   2 28  7 25 33 416562   -4.50066  -71.34546    10171  95.8  2  0  6 15 0 0 1 1 1 0 0 1 0 0 1 0 0 1
2014   2 28  7 25 33 451396   -4.10678  -71.77596     5038  96.9  2  0  7 21 0 0 1 1 1 0 0 1 0 0 1 1 0 1
2014   2 28  7 25 34 332536  -10.54431  -56.77631     4637  75.6  2  0  6 15 0 0 1 0 1 0 0 0 0 1 1 1 0 1
2014   2 28  7 25 35 126158  -30.20482  -42.11834     6608  92.6  2  0  6 15 0 0 1 1 0 0 0 1 0 1 1 0 0 1
2014   2 28  7 25 35 166660  -30.11613  -42.15553     6729 114.1  2  0  7 21 0 0 1 1 1 0 0 1 0 0 1 1 0 1
2014   2 28  7 25 35 273750  -30.23600  -42.02463     6965  87.8  2  0  6 15 0 0 1 1 1 0 0 1 0 0 1 0 0 1
2014   2 28  7 25 35 358621  -30.10314  -42.11260     6184 109.5  2  0  7 20 0 0 1 1 1 0 0 0 0 1 1 1 0 1
2014   2 28  7 25 35 382425  -30.23670  -42.02052     7005  88.4  2  0  6 15 0 0 1 1 1 0 0 1 0 0 1 0 0 1
2014   2 28  7 25 35 789999  -30.81132 -127.50056    27822  38.1  1  0  5 10 0 0 1 0 1 0 0 1 0 1 0 0 0 1
2014   2 28  7 25 36   5800  -29.26146 -134.04102     5361   9.9  0  0  7 21 0 0 1 1 1 0 0 1 0 0 1 1 0 1
2014   2 28  7 25 36  57544  -21.11491  -46.49042     2421   7.1  0  0  6 15 0 0 1 1 1 0 0 1 0 0 1 0 0 1
2014   2 28  7 25 36 126574  -10.81600  -57.50368     2637   5.5  0  0  6 14 0 0 1 1 1 0 0 1 0 0 1 0 0 1
2014   2 28  7 25 36 152693  -10.81038  -57.56637     3196   8.2  0  0  5  8 0 0 0 1 1 0 0 1 0 0 0 1 0 1
2014   2 28  7 25 36 177740  -20.90773 -142.73418     5033  10.0  0  0  7 21 0 0 1 1 1 0 0 1 0 1 0 1 0 1
2014   2 28  7 25 36 234380  -10.72016  -57.61530     5288   6.2  0  0  5  9 0 0 0 1 1 0 0 0 0 1 1 0 0 1
2014   2 28  7 25 36 693613  -24.86886  -45.02507     2570  15.0  0  0  7 20 0 0 1 1 1 0 0 1 0 0 1 1 0 1
2014   2 28  7 25 36 712136  -24.88322  -45.00919     2579  13.5  0  0  6 15 0 0 1 1 1 0 0 1 0 1 0 0 0 1
2014   2 28  7 25 37  91629    7.62221  -82.06327     5495   2.6  0  0  5 10 0 0 1 1 1 0 0 1 0 0 1 0 0 0
2014   2 28  7 25 37 127117   -6.39047    7.47809    18222   5.9  0  0  5 10 0 0 1 1 1 0 0 0 0 0 1 0 0 1
2014   2 28  7 25 37 655805  -11.87905  167.59023     9017   5.5  0  0  4  6 0 0 0 1 0 0 0 1 0 0 1 1 0 0
2014   2 28  7 25 37 983837   -9.63057  160.23427     6846  11.8  0  0  5  9 0 0 1 1 0 0 0 1 0 0 1 1 0 0
2014   2 28  7 25 38 212466    2.84117  -84.75728     3329  20.4  0  0  7 21 0 0 1 1 1 0 0 1 0 0 1 1 0 1
2014   2 28  7 25 38 241518    2.84750  -84.69730     3662  17.7  0  0  6 15 0 0 1 1 1 0 0 0 0 0 1 1 0 1
2014   2 28  7 25 38 603918    4.87825  -84.18299     3957  24.2  0  0  6 15 0 0 1 1 1 0 0 1 0 0 0 1 0 1
2014   2 28  7 25 38 652415   33.39054 -167.70792    17650  53.4  1  0  6 15 0 0 1 1 1 0 0 1 0 0 1 0 0 1
2014   2 28  7 25 38 731316    2.13769  -84.04053    12888  23.9  0  0  5 10 0 0 1 1 1 0 0 0 0 1 1 0 0 0
2014   2 28  7 25 38 791651  -19.75318 -141.47389    12212  17.9  0  0  5  8 0 0 1 0 1 0 0 1 0 0 1 1 0 0
2014   2 28  7 25 39 186722   -4.12152  -71.44246     3597  32.0  0  0  6 15 0 0 1 1 0 0 0 0 0 1 1 1 0 1
2014   2 28  7 25 39 277331   -4.14339  -71.61688     3904  30.1  0  0  6 15 0 0 0 1 1 0 0 1 0 1 1 1 0 0
2014   2 28  7 25 39 401675  -11.88179  -73.16661     3638  36.7  0  0  6 14 0 0 1 1 0 0 0 0 0 1 1 1 0 1
2014   2 28  7 25 39 420838  -12.06431  -73.28008     5392  28.3  0  0  5  8 0 0 0 1 1 0 0 1 0 0 1 1 0 0
2014   2 28  7 25 39 449285  -22.71802  -45.78705     2826  27.2  0  0  6 15 0 0 1 1 1 0 0 1 0 0 1 0 0 1
2014   2 28  7 25 39 480210  -22.72795  -45.78156     2885  27.7  0  0  6 14 0 0 1 1 1 0 0 1 0 0 1 0 0 1
2014   2 28  7 25 39 490474   -4.13862  -71.61285     3554  29.9  0  0  7 21 0 0 0 1 1 0 0 1 0 1 1 1 0 1
2014   2 28  7 25 39 586443  -31.36668 -127.57646    82600  23.6  0  0  5 10 0 0 1 1 1 0 0 0 0 0 1 0 0 1
2014   2 28  7 25 40  14613  -23.71450  -45.64827     3707  35.6  1  0  5 10 0 0 1 1 1 0 0 1 0 0 0 0 0 1
2014   2 28  7 25 40 101902  -21.00722  -47.27011     2882  42.7  0  0  7 21 0 0 1 1 1 0 0 1 0 0 1 1 0 1
2014   2 28  7 25 40 859666  -21.71772 -141.16953    17489  40.9  1  0  5 10 0 0 1 1 1 0 0 0 0 0 1 1 0 0
2014   2 28  7 25 41 692073  -19.21709 -141.29333    11129  49.8  0  0  7 21 0 0 1 1 1 0 0 0 0 1 1 1 0 1
2014   2 28  7 25 42 325414  -23.42677  -45.87103     4776  58.3  2  0  5 10 0 0 1 1 1 0 0 1 0 0 0 0 0 1
2014   2 28  7 25 42 374258  -23.34983  -45.92550     4308  66.0  2  0  6 15 0 0 0 1 1 0 0 1 0 0 1 1 0 1
2014   2 28  7 25 42 447810  -23.44380  -45.86689     5438  64.1  2  0  5 10 0 0 0 1 1 0 0 1 0 0 1 0 0 1
2014   2 28  7 25 42 606834  -23.44206  -45.88831     4955  62.4  2  0  5 10 0 0 1 1 1 0 0 1 0 0 0 0 0 1
2014   2 28  7 25 43  28800    7.54746  -73.67317     6290  62.3  2  0  6 15 0 0 1 1 1 0 0 0 0 0 1 1 0 1
2014   2 28  7 25 43 729061  -16.48430  -51.93016     3359  62.9  1  0  7 21 0 0 1 1 1 0 0 1 0 1 1 0 0 1
2014   2 28  7 25 43 897703  -16.40600  -51.80157     3392  56.5  1  0  7 19 0 0 1 0 1 0 0 1 0 1 1 1 0 1
2014   2 28  7 25 44 339666  -21.26699  -46.83095     3798  56.6  1  0  6 13 0 0 1 1 1 0 0 1 0 0 1 0 0 1
2014   2 28  7 25 44 546888  -21.29466  -46.72239     3666  56.9  1  0  6 14 0 0 1 1 1 0 0 1 0 0 1 0 0 1
2014   2 28  7 25 44 552797  -14.30889  161.08687    10623  18.7  0  0  5  9 0 0 1 1 0 0 0 1 0 0 1 1 0 0
2014   2 28  7 25 45  40780  -14.25612  160.64948    14329  73.3  2  0  6 15 0 0 1 1 1 0 0 1 0 0 0 1 0 1
2014   2 28  7 25 45 119996  -21.07885  -46.65163     3388  13.8  0  0  4  6 0 0 1 1 0 0 0 1 0 0 1 0 0 0
2014   2 28  7 25 45 300721  -21.25743  -46.44953     5554  61.0  2  0  5  8 0 0 1 1 1 0 0 1 0 0 0 0 0 1
2014   2 28  7 25 46  63218   -0.42192    6.95384    36077  62.3  2  0  5 10 0 0 1 1 0 0 0 1 0 0 1 0 0 1
2014   2 28  7 25 46 570462    4.89983  153.55453    13312  81.8  2  0  6 15 0 0 1 1 0 0 0 1 0 1 1 1 0 0
2014   2 28  7 25 47 104532   -4.13278  -72.01334    12411 106.4  2  0  6 15 0 0 0 1 1 0 0 0 0 1 1 1 0 1
2014   2 28  7 25 47 375698    4.28176  -83.44096     9635 107.6  2  0  6 15 0 0 1 1 0 0 0 1 0 1 1 1 0 0
2014   2 28  7 25 47 496282  -21.42063  -46.15022     4205  78.3  2  0  6 15 0 0 1 1 1 0 0 1 0 0 1 0 0 1
2014   2 28  7 25 47 511428  -21.31261  -45.97986     3015   6.8  0  0  4  6 0 0 1 0 0 0 0 1 0 0 1 0 0 1
2014   2 28  7 25 47 834115  -13.07397  -71.09785     5107  32.1  1  0  4  6 0 0 1 0 0 0 0 0 0 0 1 1 0 1
2014   2 28  7 25 47 924855  -13.17993  -71.52859     5278  82.7  2  0  6 15 0 0 1 1 0 0 0 1 0 0 1 1 0 1
2014   2 28  7 25 49  66582    5.12474  -71.22975    23167  84.2  2  0  6 15 0 0 1 1 1 0 0 0 0 1 1 0 0 1
2014   2 28  7 25 49 125707  -15.87213  177.84044    19450 100.5  2  0  7 21 0 0 1 1 1 0 0 1 0 0 1 1 0 1
2014   2 28  7 25 49 328962    6.71337  -74.45084    10681 108.9  2  0  7 16 0 0 1 1 1 0 0 1 0 0 1 1 0 1
2014   2 28  7 25 50 343544  -24.74089  -45.40057     4701  78.2  2  0  6 15 0 0 1 1 1 0 0 1 0 0 1 0 0 1
2014   2 28  7 25 50 383422  -29.34658  -42.77113     3368   8.9  0  0  5 10 0 0 0 1 1 0 0 0 0 1 1 0 0 1
2014   2 28  7 25 50 417674  -30.09862  -42.60578     3770  22.0  0  0  5 10 0 0 1 1 1 0 0 1 0 0 0 0 0 1
2014   2 28  7 25 50 535822  -29.44287  -42.71037     5068  29.1  0  0  5 10 0 0 0 1 1 0 0 1 0 0 1 0 0 1
2014   2 28  7 25 50 547148  -29.43322  -42.72847     5089  29.9  0  0  5 10 0 0 0 1 1 0 0 1 0 0 1 0 0 1
2014   2 28  7 25 51 778560  -23.39247  -45.96623     6568 132.0  2  0  6 15 0 0 1 1 1 0 0 1 0 0 1 0 0 1
2014   2 28  7 25 52 695406    6.52605  -77.87399     3018   8.1  0  0  6 15 0 0 1 1 1 0 0 1 0 0 0 1 0 1
2014   2 28  7 25 52 860339    6.53681  -77.87954     5393   8.2  0  0  5  7 0 0 0 1 0 0 0 1 0 0 1 1 0 1
2014   2 28  7 25 53 152505  -16.00566  -51.60522     2515  10.7  0  0  6 15 0 0 1 0 1 0 0 0 0 1 1 1 0 1
2014   2 28  7 25 53 186601  -16.02143  -51.58823     2375  14.3  0  0  7 21 0 0 1 1 1 0 0 1 0 1 1 1 0 0
2014   2 28  7 25 53 592946  -15.99052  -51.52132     2608   8.2  0  0  6 12 0 0 1 1 1 0 0 1 0 0 1 0 0 1
2014   2 28  7 25 53 705095  -20.85865  -47.02842     4454 100.1  2  0  7 18 0 0 1 1 1 0 0 1 0 0 1 1 0 1
2014   2 28  7 25 53 889269  -20.73380  -47.21660     2519  11.7  0  0  6 14 0 0 1 1 1 0 0 1 0 0 1 0 0 1
2014   2 28  7 25 55  53448   -6.94111  172.57977    10106   7.3  0  0  4  6 0 0 0 1 0 0 0 1 0 0 1 1 0 0
2014   2 28  7 25 55 351547   -7.13034  172.25308    11124  37.1  0  0  6 15 0 0 1 1 0 0 0 1 0 0 1 1 0 1
2014   2 28  7 25 55 568533   -6.98289  172.70329     6671  24.5  0  0  7 21 0 0 1 1 1 0 0 1 0 0 1 1 0 1
2014   2 28  7 25 56 211143  -21.22828  -46.84941     3671  31.0  1  0  5  9 0 0 0 1 1 0 0 1 0 0 1 0 0 1
2014   2 28  7 25 56 365169  -22.07373  -46.04748     4179  34.2  1  0  5 10 0 0 1 0 1 0 0 1 0 1 1 0 0 0
2014   2 28  7 25 56 372655  -22.13582  -45.93923     3018  24.2  0  0  5 10 0 0 1 1 1 0 0 1 0 0 0 0 0 1
2014   2 28  7 25 56 418610  -22.12952  -45.93867     3005  21.8  0  0  5  9 0 0 1 1 1 0 0 1 0 0 0 0 0 1
2014   2 28  7 25 57 209454  -30.08920  -41.86702     3118   6.8  0  0  5 10 0 0 1 1 1 0 0 1 0 0 0 0 0 1
2014   2 28  7 25 57 293595  -30.12950  -41.79418     4160   6.7  0  0  4  6 0 0 1 1 0 0 0 1 0 0 0 0 0 1
2014   2 28  7 25 57 412786    7.06721  150.86494     5892  35.9  0  0  7 21 0 0 1 1 1 0 0 0 0 1 1 1 0 1
2014   2 28  7 25 57 924461    4.04722  -73.05397    11045  40.6  1  0  5 10 0 0 1 1 1 0 0 1 0 0 1 0 0 0
2014   2 28  7 25 58 123464  -21.33776  -46.13752     3150  38.9  0  0  6 15 0 0 1 1 1 0 0 1 0 0 1 0 0 1
2014   2 28  7 25 58 275339  -21.32141  -46.12510     3169  37.0  0  0  6 14 0 0 1 1 1 0 0 1 0 0 1 0 0 1
2014   2 28  7 25 58 863186    4.37100  -73.57858     6402  51.4  1  0  6 13 0 0 0 1 1 0 0 1 0 0 1 1 0 1
2014   2 28  7 25 59 918151  -25.05966  -44.77170     3426  36.9  0  0  6 14 0 0 1 1 1 0 0 1 0 0 1 0 0 1
2014   2 28  7 26  0 631594    1.87800  -83.67668    33136  77.1  2  0  6 15 0 0 0 1 1 0 0 1 0 1 1 0 0 1
2014   2 28  7 26  0 639557    2.79648  -84.84079     5616  66.0  1  0  7 21 0 0 1 1 1 0 0 1 0 0 1 1 0 1
2014   2 28  7 26  0 682307    2.78664  -84.82507     5645  66.6  1  0  7 21 0 0 1 1 1 0 0 1 0 0 1 1 0 1
2014   2 28  7 26  3 187123  -22.75241  -45.79836     4352  80.4  2  0  6 15 0 0 1 1 1 0 0 1 0 0 1 0 0 1
2014   2 28  7 26  3 257868  -22.75535  -45.80669     4386  81.3  2  0  6 15 0 0 1 1 1 0 0 1 0 0 1 0 0 1
2014   2 28  7 26  3 878111   -4.11679  -71.45795     4887  83.6  2  0  7 21 0 0 1 0 1 0 0 1 0 1 1 1 0 1
2014   2 28  7 26  4   7707   -4.11023  -71.06893     5474  30.3  1  0  4  6 0 0 1 0 1 0 0 0 0 1 0 1 0 0
2014   2 28  7 26  4  76883  -20.44925  -46.59324     4892 117.4  2  0  6 15 0 0 0 1 0 0 0 1 0 1 1 1 0 1
2014   2 28  7 26  4 762092  -28.54787 -134.81517    30159 115.2  2  0  6 15 0 0 1 1 1 0 0 0 0 1 1 1 0 0
2014   2 28  7 26  5 598784  -27.60599 -136.09622    18852  98.3  2  0  7 21 0 0 1 1 1 0 0 1 0 0 1 1 0 1
2014   2 28  7 26  5 732556  -16.44466  -51.63012     4261  30.5  1  0  4  6 0 0 1 0 0 0 0 1 0 0 1 0 0 1
2014   2 28  7 26  5 764658  -16.35157  -51.93454     4306 107.4  2  0  7 21 0 0 1 0 1 0 0 1 0 1 1 1 0 1
2014   2 28  7 26  6 131635  -20.79671  -47.64714     4416  46.9  1  0  5  8 0 0 0 1 1 0 0 1 0 1 0 0 0 1
2014   2 28  7 26  8 105513  -20.02482 -140.61081    10536  12.8  0  0  6 15 0 0 1 1 1 0 0 1 0 1 1 0 0 0
2014   2 28  7 26  8 705608  -21.29225  -46.16366     2475  11.1  0  0  6 14 0 0 1 1 1 0 0 1 0 0 1 0 0 1
2014   2 28  7 26  8 749943  -21.95696 -140.61176     6649  12.5  0  0  6 15 0 0 1 0 1 0 0 1 0 0 1 1 0 1
2014   2 28  7 26  9 186450  -21.07869  -46.50816     2407  16.1  0  0  7 19 0 0 1 1 1 0 0 0 0 1 1 1 0 1
2014   2 28  7 26  9 580593  -30.39713  -41.50111     4177  16.7  0  0  5 10 0 0 1 0 1 0 0 1 0 0 1 0 0 1
2014   2 28  7 26  9 609173  -30.40145  -41.49560     3423  16.1  0  0  5 10 0 0 1 1 1 0 0 1 0 0 1 0 0 0
2014   2 28  7 26  9 621749  -30.32402  -41.57058     4141  13.3  0  0  5 10 0 0 0 1 1 0 0 1 0 0 1 0 0 1
2014   2 28  7 26 10  62112  -21.23984  -46.89056     4043  14.9  0  0  5  7 0 0 1 0 1 0 0 1 0 0 1 1 0 0
2014   2 28  7 26 10 530226    6.91343  -74.48064     3801  38.0  0  0  7 21 0 0 1 1 1 0 0 1 0 0 1 1 0 1
2014   2 28  7 26 10 582135  -12.00627  -73.00363     3087  13.3  0  0  5 10 0 0 1 0 1 0 0 0 0 0 1 1 0 1
2014   2 28  7 26 10 591463  -12.02180  -73.11000     2867  26.1  0  0  7 21 0 0 1 1 1 0 0 1 0 0 1 1 0 1
2014   2 28  7 26 11  97065  -12.14525  -73.16071     3407   7.7  0  0  4  6 0 0 1 0 0 0 0 0 0 0 1 1 0 1
2014   2 28  7 26 11 258421  -11.40801  166.33632    13281  33.7  1  0  5  9 0 0 1 1 0 0 0 1 0 0 0 1 0 1
2014   2 28  7 26 11 301788  -12.72856  168.89832    31588  28.5  0  0  6 15 0 0 1 1 1 0 0 1 0 0 1 0 0 1
2014   2 28  7 26 11 459959  -11.27000  166.62527     8077  28.5  0  0  6 11 0 0 0 1 1 0 0 1 0 0 1 1 0 1
2014   2 28  7 26 12 330465  -20.76527  -47.22544     3402  33.1  1  0  5 10 0 0 0 1 1 0 0 1 0 0 1 0 0 1
2014   2 28  7 26 12 806901    6.97674  -74.68710     5619  40.8  1  0  6 15 0 0 0 1 1 0 0 1 0 1 1 1 0 0
2014   2 28  7 26 13  34344  -14.54279  -43.89804     3201  47.3  1  0  6 15 0 0 1 1 1 0 0 1 0 0 1 0 0 1
2014   2 28  7 26 13 298348  -21.46642  -46.26050     3344  37.0  1  0  5 10 0 0 1 1 0 0 0 1 0 1 0 0 0 1
2014   2 28  7 26 13 544580  -21.40763  -46.26832     2993  49.3  0  0  7 20 0 0 1 1 0 0 0 1 0 1 1 1 0 1
2014   2 28  7 26 14 618155    6.97897  -73.84054     4481  41.6  1  0  6 14 0 0 1 1 0 0 0 1 0 0 1 1 0 1
2014   2 28  7 26 14 641915    5.31821  148.70447     5178   6.8  0  0  5 10 0 0 1 1 0 0 0 1 0 0 1 1 0 0
2014   2 28  7 26 14 705627    6.90625  -73.70843     5232  60.2  1  0  7 21 0 0 1 1 1 0 0 0 0 1 1 1 0 1
2014   2 28  7 26 15  19762  -10.80055  -57.76121     3829  52.1  1  0  6 14 0 0 0 1 0 0 0 1 0 1 1 1 0 1
2014   2 28  7 26 15  65692  -25.25243 -135.22699    11196  54.7  1  0  7 21 0 0 1 1 1 0 0 1 0 0 1 1 0 1
2014   2 28  7 26 15 145962    2.06060  -83.91428     4929   2.7  0  0  4  6 0 0 0 1 0 0 0 1 0 0 1 1 0 0
2014   2 28  7 26 15 689609   -4.04042  -71.57433     3312  44.3  0  0  7 21 0 0 1 1 0 0 0 1 0 0 1 1 1 1
2014   2 28  7 26 15 738499    6.80157  -73.72906     4974  47.7  1  0  6 15 0 0 1 0 1 0 0 1 0 0 1 1 0 1
2014   2 28  7 26 15 750232   -4.06063  -71.46314     5121  65.5  2  0  6 15 0 0 1 1 1 0 0 0 0 0 1 1 0 1
2014   2 28  7 26 15 793795   -4.05809  -71.46186     5149  66.4  2  0  6 15 0 0 1 1 1 0 0 0 0 0 1 1 0 1
2014   2 28  7 26 15 834134   -4.13724  -71.72903     5207  64.5  1  0  7 21 0 0 0 1 1 0 0 1 0 1 1 1 0 1
2014   2 28  7 26 16  30613   18.02583  147.75703     7276  23.7  0  0  5  8 0 0 1 0 1 0 0 1 0 0 1 0 0 1
2014   2 28  7 26 16 512521    5.20879  -72.49616     4956  69.8  1  0  7 19 0 0 1 1 1 0 0 1 0 0 1 1 0 1
2014   2 28  7 26 17 840475  -25.11512  -44.97086     3764  49.7  1  0  6 15 0 0 1 1 0 0 0 1 0 1 1 0 0 1
2014   2 28  7 26 18 479082  -11.85567  -72.97476     9225  80.5  2  0  6 11 0 0 0 1 1 0 0 1 0 0 1 1 0 1
2014   2 28  7 26 18 715089  -20.73197  -46.47949     5056  69.9  2  0  5 10 0 0 1 1 1 0 0 1 0 0 0 0 0 1
2014   2 28  7 26 18 837904  -11.75491  -72.91773     5359 102.2  2  0  7 20 0 0 1 1 1 0 0 1 0 0 1 1 1 0
2014   2 28  7 26 18 923720  -12.71262  -71.75829     4766  94.7  2  0  7 21 0 0 1 1 0 0 0 1 0 1 1 1 0 1
2014   2 28  7 26 19 218467  -12.70629  -71.77256     4785  94.5  2  0  7 21 0 0 1 1 1 0 0 1 0 0 1 1 0 1
2014   2 28  7 26 19 320691  -12.70091  -71.52724     4275  71.0  2  0  7 20 0 0 1 0 1 0 0 1 0 1 1 1 0 1
2014   2 28  7 26 19 348978  -12.91481  -71.46191     8103  82.2  2  0  6 13 0 0 1 1 1 0 0 1 0 0 1 0 0 1
2014   2 28  7 26 20 237709  -21.19231  -47.07867     4061  92.4  2  0  7 18 0 0 1 1 1 0 0 1 0 1 0 1 0 1
2014   2 28  7 26 20 633900  -21.26664  -46.93621     4836 111.4  2  0  7 18 0 0 1 1 1 0 0 1 0 0 1 1 0 1
2014   2 28  7 26 20 804173  -21.35892  -46.81383     4504  85.7  2  0  6 14 0 0 1 1 1 0 0 1 0 0 1 0 0 1
2014   2 28  7 26 21 663771  -21.29775  -45.90263     3126  10.6  0  0  4  6 0 0 1 0 0 0 0 1 0 0 1 0 0 1
2014   2 28  7 26 22 130747  -22.77656  -45.78363     5192 108.9  2  0  6 15 0 0 1 1 1 0 0 1 0 0 1 0 0 1
2014   2 28  7 26 22 923231  -11.18855   -5.57819    19169  29.1  1  0  4  6 0 0 1 1 0 0 0 1 0 0 0 0 0 1
2014   2 28  7 26 23 153468  -13.72421  -43.78119     4572 105.1  2  0  6 15 0 0 1 1 1 0 0 1 0 0 1 0 0 1
2014   2 28  7 26 23 253206    6.14203  -74.30341    19910 119.1  2  0  6 15 0 0 1 1 1 0 0 1 0 0 1 0 0 1
2014   2 28  7 26 24 193664   -0.04444    6.88849    53422  15.9  0  0  4  6 0 0 1 1 0 0 0 0 0 0 1 0 0 1
2014   2 28  7 26 24 659985  -20.60309  -47.26744     2732  10.2  0  0  5  9 0 0 0 1 1 0 0 1 0 0 1 0 0 1
2014   2 28  7 26 24 710061  -30.43457  -41.57315     4059   4.8  0  0  5  7 0 0 1 0 1 0 0 1 0 1 0 1 0 0
2014   2 28  7 26 24 735596  -30.42748  -41.60471     3477   5.5  0  0  5 10 0 0 1 0 1 0 0 1 0 1 0 0 0 1
2014   2 28  7 26 24 755910  -30.42785  -41.53009     3490   7.6  0  0  5 10 0 0 1 0 1 0 0 1 0 0 1 0 0 1
2014   2 28  7 26 24 792718  -30.45147  -41.46530     2869  12.3  0  0  6 15 0 0 1 1 1 0 0 1 0 1 0 0 0 1
2014   2 28  7 26 24 986927  -30.47279  -41.45461     4054  11.1  0  0  5 10 0 0 0 1 1 0 0 1 0 0 1 0 0 1
2014   2 28  7 26 25  26368  -30.54160  -41.37290     4739   1.2  0  0  4  6 0 0 0 1 0 0 0 1 0 0 1 0 0 1
2014   2 28  7 26 25 249228  -30.44207  -41.47950     3031   9.3  0  0  5 10 0 0 1 1 1 0 0 0 0 0 1 0 0 1
2014   2 28  7 26 25 560071  -30.47643  -41.41702     4046   3.7  0  0  4  6 0 0 1 1 0 0 0 1 0 0 0 0 0 1
2014   2 28  7 26 25 580670  -30.46121  -41.41185     3324   9.7  0  0  5 10 0 0 1 1 1 0 0 1 0 0 0 0 0 1
2014   2 28  7 26 25 672595  -30.43945  -41.49692     2773   8.7  0  0  6 15 0 0 1 1 1 0 0 1 0 0 1 0 0 1
2014   2 28  7 26 25 923972   -0.54734   -2.53797    20923  20.8  1  0  4  6 0 0 1 1 1 0 0 1 0 0 0 0 0 0
2014   2 28  7 26 26 168459  -29.13816 -135.12206    15218   7.9  0  0  4  6 0 0 0 1 1 0 0 1 0 0 0 1 0 0
2014   2 28  7 26 26 207333  -29.09377 -134.13437     5630  13.1  0  0  7 21 0 0 1 1 1 0 0 1 0 0 1 1 0 1
2014   2 28  7 26 26 866133    4.60439  153.87918     5558  19.3  0  0  6 15 0 0 1 1 1 0 0 1 0 0 1 1 0 0
2014   2 28  7 26 27 268429    4.56251  154.17320    10953  21.4  0  0  5 10 0 0 1 1 1 0 0 0 0 0 0 1 0 1
2014   2 28  7 26 28 753766  -32.32259   18.49566    10638  27.7  0  0  6 15 0 0 1 1 1 0 0 1 0 0 1 0 0 1
2014   2 28  7 26 28 849516    6.86664  -74.33354     4038  10.9  0  0  5  8 0 0 1 0 1 0 0 0 0 0 1 1 0 1
2014   2 28  7 26 30  72377  -33.90877  -38.64430     3723  33.1  0  0  7 21 0 0 1 1 1 0 0 1 0 1 1 0 0 1
2014   2 28  7 26 30  98561  -33.98429  -38.47001     4910  27.5  0  0  5 10 0 0 1 1 0 0 0 1 0 0 1 0 0 1
2014   2 28  7 26 30 157320  -33.24137  -39.13221     5595  29.0  0  0  6 15 0 0 0 1 1 0 0 0 0 1 1 1 0 1
2014   2 28  7 26 30 221271  -16.37730  -51.92442     2986  45.1  0  0  7 21 0 0 1 1 1 0 0 1 0 0 1 1 0 1
2014   2 28  7 26 30 245791  -16.40745  -51.99730     2831  41.6  0  0  7 21 0 0 0 1 1 0 0 1 0 1 1 1 0 1
2014   2 28  7 26 30 267025  -16.43759  -51.84434     3187  35.1  0  0  6 15 0 0 1 1 1 0 0 1 0 0 1 0 0 1
2014   2 28  7 26 30 277460  -16.37461  -51.92229     3014  44.1  0  0  7 20 0 0 1 1 1 0 0 1 0 0 1 1 0 1
2014   2 28  7 26 30 695939  -16.44891  -51.90673     3268  42.2  1  0  6 14 0 0 0 1 1 0 0 1 0 1 1 0 0 1
2014   2 28  7 26 31 139592  -22.64895  -45.59083     3870  48.4  1  0  5 10 0 0 0 1 1 0 0 1 0 0 1 0 0 1
2014   2 28  7 26 31 171361  -22.64712  -45.65198     4122  50.6  2  0  5  9 0 0 0 1 1 0 0 1 0 0 1 0 0 1
2014   2 28  7 26 31 477506  -21.35769  -46.17062     3857  44.6  1  0  5 10 0 0 0 1 1 0 0 1 0 0 1 0 0 1
2014   2 28  7 26 31 858540   -9.99915  160.61200     8986  43.4  1  0  6 15 0 0 1 1 1 0 0 1 0 0 1 1 0 0
2014   2 28  7 26 33  15975   -7.41422    9.68799    19912  56.5  1  0  6 15 0 0 1 1 1 0 0 1 0 0 1 0 0 1
2014   2 28  7 26 33  76953   -6.56989    7.29396    20024  56.7  1  0  6 15 0 0 1 1 1 0 0 1 0 0 1 0 0 1
2014   2 28  7 26 33 854270  -11.92109  -73.25909     4286  66.0  1  0  7 20 0 0 1 1 1 0 0 1 0 0 1 1 0 1
2014   2 28  7 26 34 651865   -6.59241   11.48493    93046  73.9  2  0  5 10 0 0 0 1 1 0 0 1 0 0 1 0 0 1
2014   2 28  7 26 34 724741  -30.22100  -41.96940     4216  57.5  1  0  7 21 0 0 1 1 1 0 0 1 0 1 1 0 0 1
2014   2 28  7 26 34 738188  -30.27329  -41.83241     6325  59.7  2  0  5 10 0 0 1 1 1 0 0 0 0 0 1 0 0 1
2014   2 28  7 26 34 881220   -4.15966  -71.62743     5093  97.5  2  0  7 21 0 0 1 1 1 0 0 1 0 1 1 1 0 0
2014   2 28  7 26 35  41424   -6.59530   11.56982    96906  77.0  2  0  5 10 0 0 0 1 1 0 0 1 0 0 1 0 0 1
2014   2 28  7 26 35 181998   -4.08267  -71.97101     6435  88.8  2  0  7 21 0 0 0 1 1 0 0 1 0 1 1 1 0 1
2014   2 28  7 26 35 261949   -4.03449  -71.61838     5319 101.3  2  0  7 21 0 0 1 1 1 0 0 1 0 1 0 1 0 1
2014   2 28  7 26 35 396349   -3.98860  -71.45763     4554  54.7  1  0  6 15 0 0 1 0 1 0 0 1 0 0 1 1 0 1
2014   2 28  7 26 35 422668  -30.01109  -42.35750     3715  43.0  0  0  7 19 0 0 1 1 1 0 0 1 0 1 0 1 0 1
2014   2 28  7 26 35 445414  -30.15100  -41.99985    11270  92.9  2  0  6 12 0 0 1 0 1 0 0 1 0 0 1 0 1 1
2014   2 28  7 26 35 485653  -30.01706  -42.04318     6061  82.5  2  0  6 13 0 0 1 1 1 0 0 0 0 1 1 1 0 0
2014   2 28  7 26 35 510505  -30.06910  -42.08827     5046  65.0  2  0  6 15 0 0 1 1 1 0 0 1 0 1 1 0 0 0
2014   2 28  7 26 35 528724  -30.13733  -41.93637     6394  58.2  2  0  5 10 0 0 1 1 1 0 0 1 0 0 1 0 0 0
2014   2 28  7 26 36 273537  -21.23469  -47.01472     3835  88.9  2  0  7 21 0 0 1 1 0 0 0 1 0 1 1 0 1 1
2014   2 28  7 26 37 292465  -22.03891 -141.50060    23384  98.4  2  0  6 15 0 0 1 1 1 0 0 1 0 0 0 1 0 1
2014   2 28  7 26 38 197374    2.40735  -19.58621     4290  56.7  1  0  7 20 0 0 1 0 0 0 0 1 1 1 1 1 0 1
2014   2 28  7 26 38 494346    3.51831  -16.40852    31387 100.3  2  0  6 11 0 0 1 1 1 0 0 1 0 0 0 1 0 1
2014   2 28  7 26 38 641518  -21.62976 -140.54477    17712  87.7  2  0  7 21 0 0 1 0 1 0 0 1 0 1 1 1 0 1
2014   2 28  7 26 38 949709  -22.11751 -140.51775    53256 107.8  2  0  6 15 0 0 1 1 1 0 0 1 0 0 1 0 0 1
2014   2 28  7 26 40 370204    6.92172  -73.93673     3432  19.8  0  0  6 15 0 0 1 1 0 0 0 1 0 0 1 1 0 1
2014   2 28  7 26 40 613190    0.44278    7.35530    16097   9.8  0  0  4  6 0 0 1 1 0 0 0 1 0 0 0 0 0 1
2014   2 28  7 26 40 636400    6.90188  -74.07211     7244  23.0  0  0  5  7 0 0 0 1 0 0 0 1 0 0 1 1 0 1
2014   2 28  7 26 42 391700  -20.58648 -138.88045    47040  16.9  0  0  5 10 0 0 0 1 1 0 0 1 0 0 1 0 0 1
2014   2 28  7 26 42 426424  -19.70945 -142.63416    16871  24.5  0  0  5 10 0 0 0 0 1 0 0 1 0 0 1 1 0 1
2014   2 28  7 26 42 865489  -19.69232 -142.70993    18119  26.9  0  0  5 10 0 0 0 0 1 0 0 1 0 0 1 1 0 1
2014   2 28  7 26 42 899791   12.42731  153.76041     7937   9.4  0  0  5  7 0 0 1 0 1 0 0 0 0 0 1 1 0 1
2014   2 28  7 26 43   8335   -7.15164  173.45923     6684  21.9  0  0  7 21 0 0 1 1 1 0 0 0 0 1 1 1 0 1
2014   2 28  7 26 43 146543    2.59761  -68.82094     3408   4.9  0  0  5 10 0 0 0 1 1 0 0 1 0 0 0 1 0 1
2014   2 28  7 26 43 459095  -10.83635  166.18056     8211  32.4  0  0  7 21 0 0 1 1 1 0 0 1 0 1 0 1 0 1
2014   2 28  7 26 44 394183   30.06644 -131.65025    15704  52.3  1  0  6 15 0 0 1 1 1 0 0 1 0 0 0 1 0 1
2014   2 28  7 26 44 511239   30.16643 -131.75652    11772  48.7  0  0  7 21 0 0 1 1 1 0 0 1 0 0 1 1 0 1
2014   2 28  7 26 45 277460  -21.01593  -47.41957     3312  27.0  0  0  5 10 0 0 1 1 0 0 0 1 0 1 1 0 0 0
2014   2 28  7 26 45 664467  -25.08882  -44.73839     2911  29.4  0  0  6 15 0 0 1 1 1 0 0 1 0 1 0 0 0 1
2014   2 28  7 26 46 227859   23.21765  -85.51276     9293  52.4  1  0  7 21 0 0 1 0 1 0 0 1 0 1 1 1 0 1
2014   2 28  7 26 46 334105  -21.38078  -46.15787     3521  34.8  1  0  5 10 0 0 1 1 1 0 0 1 0 0 0 0 0 1
2014   2 28  7 26 48  12262    0.76777    8.05653    23332  56.2  1  0  6 15 0 0 1 1 1 0 0 1 0 0 1 0 0 1
2014   2 28  7 26 49 394884  -39.07611   38.90525    40443  69.0  2  0  5 10 0 0 1 1 1 0 0 1 0 0 1 0 0 0
2014   2 28  7 26 49 576264  -16.36870  -52.07083     3738  85.2  2  0  7 21 0 0 1 1 1 0 0 1 0 1 1 1 0 0
2014   2 28  7 26 49 613726  -16.50238  -51.89758     3595  74.9  2  0  7 21 0 0 1 1 1 0 0 1 0 1 1 0 0 1
2014   2 28  7 26 49 662364  -19.17726 -143.36874    29701  20.3  1  0  4  6 0 0 1 1 0 0 0 1 0 0 1 0 0 0
2014   2 28  7 26 49 701207    7.15509  -74.61301     5352  76.1  2  0  7 21 0 0 1 1 1 0 0 1 0 0 1 1 0 1
2014   2 28  7 26 49 976285    4.50399  -72.92329    26132  70.4  2  0  5 10 0 0 1 1 1 0 0 0 0 1 1 0 0 0
2014   2 28  7 26 50 391762    7.15964  -74.65679     5822  82.9  2  0  7 20 0 0 1 1 1 0 0 1 0 0 1 1 0 1
2014   2 28  7 26 50 550850  -11.39298  -56.73664     4853  87.7  2  0  6 14 0 0 0 1 0 0 0 1 0 1 1 1 0 1
2014   2 28  7 26 50 680794   -4.53178  -71.31790     5643  55.0  2  0  5 10 0 0 1 0 0 0 0 0 0 1 1 1 0 1
2014   2 28  7 26 50 826592  -11.36218  -56.40220     4392  90.2  2  0  7 21 0 0 1 0 1 0 0 1 0 1 1 1 0 1
2014   2 28  7 26 50 858694   -6.02276  -70.64886    19882  70.7  2  0  5 10 0 0 1 1 1 0 0 0 0 0 1 0 0 1
2014   2 28  7 26 51 218950   -4.20503  -71.51701     6042  83.6  2  0  6 15 0 0 1 0 1 0 0 1 0 1 0 1 0 1
2014   2 28  7 26 51 308659  -11.98437  -73.25202     5481 112.0  2  0  7 21 0 0 1 1 1 0 0 1 0 1 0 1 0 1
2014   2 28  7 26 51 728325   -4.18768  -71.71865     5698 110.0  2  0  7 21 0 0 1 1 1 0 0 1 0 1 0 1 0 1
2014   2 28  7 26 52 711557  -19.59874 -144.57480    11643  27.9  0  0  5 10 0 0 1 1 0 0 0 1 0 0 1 1 0 0
2014   2 28  7 26 52 920290  -20.12170 -142.40775    22454  83.6  2  0  6 15 0 0 1 0 1 0 0 1 0 0 1 1 0 1
2014   2 28  7 26 53  29052  -19.50960 -144.77902    14247  21.6  1  0  4  6 0 0 1 1 0 0 0 1 0 0 0 1 0 0
2014   2 28  7 26 53 170790  -19.50039 -144.81415    14196  21.5  1  0  4  6 0 0 1 1 0 0 0 1 0 0 0 1 0 0
2014   2 28  7 26 53 345490  -24.39808  -45.30296     6455  71.8  2  0  5 10 0 0 1 0 1 0 0 1 0 0 1 0 0 1
2014   2 28  7 26 53 370476  -24.15533  -45.67405     5266  94.1  2  0  6 15 0 0 0 1 1 0 0 1 0 0 1 1 0 1
2014   2 28  7 26 53 446279  -24.37143  -45.33972     6455  72.7  2  0  5 10 0 0 1 0 1 0 0 1 0 0 1 0 0 1
2014   2 28  7 26 53 506359  -24.36363  -45.61361     4246  77.7  2  0  6 15 0 0 1 1 1 0 0 1 0 1 0 0 0 1
2014   2 28  7 26 53 635093   -8.91254  160.83789    15349  90.5  2  0  6 15 0 0 1 1 1 0 0 1 0 0 1 1 0 0
2014   2 28  7 26 53 755222  -11.64787  -72.59470     4460  60.9  2  0  6 15 0 0 1 0 1 0 0 0 0 1 1 1 0 1
2014   2 28  7 26 53 796001  -11.70427  -73.26698     6490 109.5  2  0  6 15 0 0 1 1 1 0 0 1 0 0 1 1 0 0
2014   2 28  7 26 54   2970  -11.72683  -72.97369     6222 118.9  2  0  7 20 0 0 1 1 1 0 0 0 0 1 1 1 0 1
2014   2 28  7 26 54 371349  -30.17311  -42.40577     3733  57.2  1  0  7 16 0 0 1 1 1 0 0 1 0 1 0 1 0 1
2014   2 28  7 26 54 411794  -30.09243  -42.17606     6245 117.7  2  0  7 21 0 0 1 1 0 0 0 1 0 1 1 1 0 1
2014   2 28  7 26 54 445410  -30.12571  -42.47018     4003  60.6  1  0  7 18 0 0 1 1 1 0 0 1 0 1 0 1 0 1
2014   2 28  7 26 54 489894  -30.17637  -42.14148     5313  89.4  2  0  7 21 0 0 1 1 1 0 0 1 0 1 1 0 0 1
2014   2 28  7 26 54 499187  -30.14729  -41.89021     6349 117.1  2  0  7 21 0 0 1 1 1 0 0 1 0 0 1 1 0 1
2014   2 28  7 26 54 542737   -3.28650  -71.60012     7106 135.0  2  0  7 21 0 0 1 1 1 0 0 0 0 1 1 1 0 1
2014   2 28  7 26 54 582557  -21.56269  -46.24466     4641  93.2  2  0  6 15 0 0 1 1 1 0 0 1 0 0 1 0 0 1
2014   2 28  7 26 54 690082  -30.09003  -42.55759     5469  74.9  2  0  6 15 0 0 1 1 0 0 0 1 0 1 0 1 0 1
2014   2 28  7 26 54 728184  -15.98887  -51.63647     4583 117.9  2  0  7 21 0 0 1 0 1 0 0 1 0 1 1 1 0 1
2014   2 28  7 26 54 743349  -30.34885  -41.43722    10006  76.4  2  0  5 10 0 0 1 0 1 0 0 1 0 0 1 0 0 1
2014   2 28  7 26 54 824508  -30.20784  -41.68372     7700 105.5  2  0  7 21 0 0 1 0 1 0 0 1 0 1 1 1 0 1
2014   2 28  7 26 54 875499  -30.18740  -42.45054     4741  19.5  0  0  4  6 0 0 1 1 1 0 0 1 0 0 0 0 0 0
2014   2 28  7 26 56 422494    6.77340  -74.05293     4008  16.5  0  0  6 14 0 0 0 1 1 0 0 1 0 0 1 1 0 1
2014   2 28  7 26 57 455214  -33.42814   18.14905    12308   5.9  0  0  4  6 0 0 1 1 0 0 0 1 0 0 1 0 0 0
2014   2 28  7 26 57 506266  -33.43605   18.30560     7876   4.9  0  0  5 10 0 0 1 1 0 0 0 1 0 0 1 0 0 1
2014   2 28  7 26 57 947337  -16.25266  -51.71933     2757  29.1  0  0  7 19 0 0 1 0 1 0 0 1 0 1 1 1 0 1
2014   2 28  7 26 58 344928  -22.46157 -139.79108     7711   7.0  0  0  5 10 0 0 1 1 0 0 0 0 0 0 1 1 0 1
2014   2 28  7 26 58 368635  -22.47552 -140.11832     6731  20.5  0  0  7 21 0 0 1 1 1 0 0 1 0 0 1 1 0 1
2014   2 28  7 26 58 812524  -21.30450  -46.11878     2494  13.4  0  0  6 15 0 0 1 1 1 0 0 1 0 0 1 0 0 1
2014   2 28  7 26 58 851715   -4.56363  -71.76750     3309  24.7  0  0  6 15 0 0 1 0 1 0 0 1 0 0 1 1 0 1
2014   2 28  7 27  0 546947    4.96305  -84.28230     4996  40.0  1  0  6 15 0 0 1 1 1 0 0 1 0 0 0 1 0 1
2014   2 28  7 27  0 564382    4.96784  -84.28999     4255  37.5  0  0  7 21 0 0 1 1 1 0 0 1 0 0 1 1 0 1
2014   2 28  7 27  1 501392  -21.79574 -141.25912     9691  41.2  0  0  7 21 0 0 1 1 1 0 0 1 0 0 1 1 0 1
2014   2 28  7 27  1 705999  -11.20677  -57.37953     6124  42.4  1  0  5  8 0 0 0 1 1 0 0 1 0 0 1 0 0 1
2014   2 28  7 27  1 773352  -11.03037  -57.53930     4304  37.6  1  0  5  9 0 0 1 0 0 0 0 0 0 0 1 1 1 1
2014   2 28  7 27  2 325415  -28.95746 -135.05313    25162  12.8  0  0  4  6 0 0 1 1 0 0 0 1 0 0 1 0 0 0
2014   2 28  7 27  2 621123  -29.54943 -132.72813    25935  47.1  1  0  6 15 0 0 1 1 1 0 0 1 0 0 1 0 0 1
2014   2 28  7 27  2 792109  -21.38502  -46.18686     3786  42.7  1  0  5  9 0 0 0 1 1 0 0 1 0 0 1 0 0 1
2014   2 28  7 27  2 824344  -20.56745 -139.02898    24591  33.5  1  0  5 10 0 0 1 0 1 0 0 1 0 0 1 0 0 1
2014   2 28  7 27  2 841053  -21.37986  -46.28632     3304  53.8  1  0  6 15 0 0 0 1 1 0 0 1 0 1 1 0 0 1
2014   2 28  7 27  2 902428  -21.52031  -46.10162     3987  30.8  1  0  5  9 0 0 1 1 1 0 0 0 0 0 1 0 0 1
2014   2 28  7 27  2 968002  -22.53357  -45.98796     6318  96.5  2  0  6 13 0 0 1 1 1 0 0 0 0 0 1 1 0 1
2014   2 28  7 27  3  20283  -22.50490  -46.14428     3359  44.0  1  0  6 14 0 0 1 1 0 0 0 1 0 1 1 1 0 0
2014   2 28  7 27  3 253499  -22.56845  -46.11440     3556  31.0  1  0  5 10 0 0 1 1 0 0 0 1 0 1 1 0 0 0
2014   2 28  7 27  3 357478  -22.77699  -45.81341     4426  57.1  2  0  5  9 0 0 0 1 1 0 0 1 0 0 1 0 0 1
2014   2 28  7 27  3 389715  -22.75174  -45.80858     3610  54.8  1  0  6 14 0 0 1 1 1 0 0 1 0 0 1 0 0 1
2014   2 28  7 27  7  99932   -0.72825   11.22963    18190  79.4  2  0  6 15 0 0 1 1 1 0 0 1 0 0 1 1 0 0
2014   2 28  7 27  7 228899  -21.22908  -46.72161     2914   7.6  0  0  4  6 0 0 1 0 0 0 0 1 0 0 1 0 0 1
2014   2 28  7 27  7 320903  -30.32593  -41.74617     6767  58.7  2  0  5 10 0 0 1 1 0 0 0 1 0 0 1 0 0 1
2014   2 28  7 27  7 350257  -30.22927  -41.97128     5583  71.5  2  0  6 15 0 0 1 1 0 0 0 1 0 1 1 0 0 1
2014   2 28  7 27  7 393596  -21.26674  -46.95413     5477 122.7  2  0  7 16 0 0 1 1 1 0 0 1 0 0 1 1 0 1
2014   2 28  7 27  7 464312  -21.05081  -47.48275     3990  20.3  1  0  4  6 0 0 1 0 0 0 0 1 0 1 1 0 0 0
2014   2 28  7 27  7 482838  -29.78578  -42.26480     7555  26.1  1  0  4  6 0 0 0 1 0 0 0 1 0 0 1 0 0 1
2014   2 28  7 27  7 589397  -20.82649  -50.07892     4473  32.8  1  0  5  8 0 0 1 1 0 0 0 1 0 1 1 0 0 0
2014   2 28  7 27  7 723054  -30.23643  -41.90876     5863  69.1  2  0  6 15 0 0 1 1 1 0 0 1 0 0 1 0 0 1
2014   2 28  7 27  7 847924  -32.13983  -42.14824    56188  48.6  1  0  5  8 0 0 0 1 1 0 0 1 0 0 0 1 0 1
2014   2 28  7 27  7 884808  -21.34382  -45.98699     3032   7.7  0  0  4  6 0 0 1 0 0 0 0 1 0 0 1 0 0 1
2014   2 28  7 27  7 923794  -21.43319  -46.14552     4106  75.5  2  0  6 15 0 0 1 1 1 0 0 1 0 0 1 0 0 1
2014   2 28  7 27  8  22205   -6.23607  170.34267    20990  84.8  2  0  6 15 0 0 0 1 1 0 0 1 0 0 1 1 0 1
2014   2 28  7 27  8 169174    6.41420  142.31343     5544  15.2  0  0  5 10 0 0 1 0 0 0 0 1 0 0 1 1 0 1
2014   2 28  7 27  8 244377  -15.53516  165.15782    22960  89.4  2  0  7 21 0 0 1 1 1 0 0 0 0 1 1 1 0 1
2014   2 28  7 27  8 477050   -7.33444  174.02538    30046 110.7  2  0  6 15 0 0 1 1 1 0 0 0 0 1 0 1 0 1
2014   2 28  7 27  8 878883   -6.26728  171.26628    15073  72.5  2  0  6 15 0 0 1 1 0 0 0 1 0 0 1 1 0 1
2014   2 28  7 27  9 465694  -24.80558  -45.29450     5775  60.6  2  0  5  8 0 0 1 1 1 0 0 1 0 0 0 0 0 1
2014   2 28  7 27  9 592247  -24.77717  -45.26161     4706  65.8  2  0  6 13 0 0 1 1 1 0 0 1 0 0 1 0 0 1
2014   2 28  7 27 10 860928  -45.02583  -60.62959     5021   7.0  0  0  5 10 0 0 1 1 1 0 0 1 0 0 1 0 0 0
2014   2 28  7 27 10 994795  -27.62517 -136.03603    21779 114.5  2  0  7 21 0 0 1 1 1 0 0 1 0 0 1 1 0 1
2014   2 28  7 27 12 387564  -31.71408 -130.27699    13710   7.0  0  0  5 10 0 0 1 1 0 0 0 1 0 0 1 0 0 1
2014   2 28  7 27 12 946161    5.96501  -71.69233     3134  15.7  0  0  6 15 0 0 1 1 0 0 0 1 0 1 1 1 0 0
2014   2 28  7 27 13  11670  -21.91488 -140.70880     7108   1.8  0  0  5 10 0 0 1 1 1 0 0 0 0 0 0 1 0 1
2014   2 28  7 27 13 458497  -12.78362  -71.69662     2896  20.7  0  0  6 15 0 0 1 1 1 0 0 1 0 0 0 1 0 1
2014   2 28  7 27 14  12491    6.83805  -73.93073     3474  16.7  0  0  7 21 0 0 0 1 1 0 0 1 0 1 1 1 0 1
2014   2 28  7 27 14 323101  -22.71486  -45.77756     2509  14.0  0  0  6 15 0 0 1 1 1 0 0 1 0 0 1 0 0 1
2014   2 28  7 27 14 912282    2.55770  -84.89740     5710  26.9  0  0  6 15 0 0 0 1 0 0 0 1 0 1 1 1 0 1
2014   2 28  7 27 14 928636  -14.50854  160.86484     6858  22.5  0  0  7 20 0 0 1 1 1 0 0 1 0 0 1 1 0 1
2014   2 28  7 27 14 977062    2.46541    0.06160    11250   7.9  0  0  5 10 0 0 1 1 0 0 0 1 0 0 1 0 0 1
2014   2 28  7 27 15  44512    1.98937  -83.98435     9737  22.0  0  0  6 15 0 0 1 1 1 0 0 0 0 1 1 0 0 1
2014   2 28  7 27 15 166960  -14.46060  160.52103     9156  24.4  0  0  5 10 0 0 1 0 1 0 0 1 0 0 1 1 0 0
2014   2 28  7 27 15 313002  -14.46480  160.48573     6601  20.4  0  0  6 15 0 0 1 1 0 0 0 1 0 0 1 1 0 1
2014   2 28  7 27 16 265690    6.56776  -77.92830     4097  35.0  0  0  7 21 0 0 1 0 1 0 0 1 0 1 1 1 0 1
2014   2 28  7 27 16 624413  -21.33930  -46.11919     2716  22.4  0  0  6 15 0 0 1 1 1 0 0 1 0 0 1 0 0 1
2014   2 28  7 27 17 875420   -4.52413  -71.20773     4746  42.9  0  0  7 21 0 0 1 1 1 0 0 1 0 1 1 0 0 1
2014   2 28  7 27 18 243125   -4.19543  -71.47270     4787  44.2  1  0  5 10 0 0 1 0 1 0 0 1 0 0 0 1 0 1
2014   2 28  7 27 18 329216   -4.42403  -72.46768     5019   3.2  0  0  4  6 0 0 0 1 1 0 0 0 0 1 0 1 0 0
2014   2 28  7 27 18 485235  -21.38322  -46.14951     3037  34.9  0  0  6 15 0 0 1 1 1 0 0 1 0 0 1 0 0 1
2014   2 28  7 27 19 821719  -21.03236  -46.70679     3241  26.2  0  0  5  9 0 0 1 0 0 0 0 0 0 1 1 1 0 1
2014   2 28  7 27 19 891019  -21.16690  -46.79962     3315  66.1  1  0  7 21 0 0 1 0 1 0 0 1 0 1 1 1 0 1
2014   2 28  7 27 20 500482  -16.51325  -51.85498     3160  51.4  1  0  7 21 0 0 1 0 1 0 0 1 0 1 1 0 1 1
2014   2 28  7 27 20 544269  -16.79492  -51.61716     5857  29.6  0  0  5  8 0 0 1 1 1 0 0 0 0 0 1 0 0 1
2014   2 28  7 27 21  54022  -12.29479  -71.94579     3545  26.0  0  0  5 10 0 0 1 1 0 0 0 1 0 0 1 1 0 0
2014   2 28  7 27 21 191194  -16.17942  -51.87441     4543  35.4  1  0  5  7 0 0 0 1 1 0 0 0 0 1 0 1 0 1
2014   2 28  7 27 21 395726   -7.44252  174.08542    12606  67.0  1  0  7 21 0 0 1 1 1 0 0 1 0 0 1 1 0 1
2014   2 28  7 27 21 755507  -21.66648  -50.68096     4892  74.7  2  0  6 13 0 0 1 0 0 0 0 1 0 1 1 1 0 1
2014   2 28  7 27 23 241579  -11.93978  -73.03864     4614  82.1  2  0  7 21 0 0 1 0 1 0 0 1 0 1 1 1 0 1
2014   2 28  7 27 23 430203  -11.87351  -73.21093     6147  83.7  2  0  6 14 0 0 1 1 1 0 0 0 0 0 1 1 0 1
2014   2 28  7 27 23 450057  -11.89493  -73.38452     5722  90.3  2  0  6 15 0 0 1 1 1 0 0 1 0 0 1 1 0 0
2014   2 28  7 27 23 540773  -12.03656  -73.67979     8263  92.8  2  0  6 15 0 0 0 1 1 0 0 1 0 0 1 1 0 1
2014   2 28  7 27 23 823181  -11.96525  -73.29245     6236  99.5  2  0  6 15 0 0 1 1 1 0 0 0 0 0 1 1 0 1
2014   2 28  7 27 23 886238  -12.16311  -73.16650     9129  99.6  2  0  7 16 0 0 1 1 1 0 0 1 0 0 1 1 0 1
2014   2 28  7 27 23 970316  -12.38549  -72.92845     8077  90.1  2  0  6 15 0 0 1 1 1 0 0 1 0 0 1 0 0 1
2014   2 28  7 27 24 356962  -28.93275 -134.46764    17416  83.3  2  0  7 21 0 0 1 0 1 0 0 1 0 1 1 1 0 1
2014   2 28  7 27 26 621302  -30.24581  -41.99595     6973  89.2  2  0  6 15 0 0 1 1 1 0 0 1 0 0 1 0 0 1
2014   2 28  7 27 26 628946  -30.23615  -42.01495     6984  89.5  2  0  6 15 0 0 1 1 1 0 0 1 0 0 1 0 0 1
2014   2 28  7 27 26 638331  -30.23130  -42.01075     7000  89.8  2  0  6 15 0 0 1 1 1 0 0 1 0 0 1 0 0 1
2014   2 28  7 27 26 906930  -29.21161  -43.11464     6302  25.6  0  0  5 10 0 0 0 0 1 0 0 1 0 1 1 0 0 1
2014   2 28  7 27 27 617899  -20.40967  -52.17730     4925 116.8  2  0  6 15 0 0 1 0 0 0 0 0 0 1 1 1 1 1
2014   2 28  7 27 28 251682  -23.44791  -45.76852     3302  16.6  0  0  5  9 0 0 0 1 1 0 0 1 0 0 1 0 0 1
2014   2 28  7 27 29 460775   -3.65509  -71.28673     2537  12.6  0  0  7 21 0 0 1 1 1 0 0 1 0 0 1 1 0 1
2014   2 28  7 27 29 789533  -22.71277  -45.74591     2676  10.8  0  0  5 10 0 0 1 1 1 0 0 1 0 0 0 0 0 1
2014   2 28  7 27 29 971318  -21.36669  -46.17887     2760  15.5  0  0  5 10 0 0 1 1 0 0 0 1 0 0 1 0 0 1
2014   2 28  7 27 30 119045  -31.93251 -135.90196     6043  15.5  0  0  7 21 0 0 1 1 1 0 0 1 0 0 1 1 0 1
2014   2 28  7 27 30 342080  -14.47655  -44.01189     2639  29.1  0  0  7 21 0 0 1 1 1 0 0 1 0 1 1 0 0 1
2014   2 28  7 27 30 894573   -0.52804    6.60601    11453  11.4  0  0  5 10 0 0 1 1 0 0 0 1 0 0 1 0 0 1
2014   2 28  7 27 31 555627   -0.64416    6.38211    11211  22.0  0  0  6 15 0 0 1 1 1 0 0 1 0 0 1 0 0 1
2014   2 28  7 27 32 338259   -6.26286    8.10227    11738  28.4  0  0  6 15 0 0 1 1 1 0 0 1 0 0 1 0 0 1
2014   2 28  7 27 32 818267    6.91383  -74.44513     3632  35.5  0  0  7 21 0 0 1 1 1 0 0 1 0 0 1 1 0 1
2014   2 28  7 27 32 866314   -0.99290  -71.61775     3246  33.6  0  0  7 21 0 0 1 0 1 0 0 1 0 1 1 1 0 1
2014   2 28  7 27 33 101098    6.11224  -77.34681     3910  16.0  0  0  5 10 0 0 1 1 0 0 0 1 0 0 1 1 0 0
2014   2 28  7 27 33 627523  -25.09589  -44.71336     3333  35.6  0  0  6 15 0 0 1 1 1 0 0 1 0 0 1 0 0 1
2014   2 28  7 27 33 654878   27.51944 -124.65323    61400  22.7  1  0  4  6 0 0 0 0 0 0 0 1 0 1 1 0 0 1
2014   2 28  7 27 33 792871  -20.33331 -172.63763    10174  39.0  0  0  7 21 0 0 1 1 1 0 0 1 0 0 1 1 0 1
2014   2 28  7 27 33 812888  -20.18064 -173.20645    15596  40.3  1  0  6 15 0 0 0 1 1 0 0 1 0 0 1 1 0 1
2014   2 28  7 27 33 960979  -16.49568  179.42032   147177  41.2  1  0  5 10 0 0 0 1 1 0 0 1 0 0 1 0 0 1
2014   2 28  7 27 34  59687    7.17297  -77.44975     8237  44.6  1  0  5  8 0 0 0 1 1 0 0 1 0 0 1 1 0 0
2014   2 28  7 27 34 798625  -19.06640 -142.31046    11701  58.5  1  0  7 21 0 0 1 1 1 0 0 1 0 1 1 1 0 0
2014   2 28  7 27 34 807714  -19.18181 -141.70053     9895  44.1  0  0  7 21 0 0 1 0 1 0 0 1 0 1 1 1 0 1
2014   2 28  7 27 34 925004  -30.34406  -41.75360     4612  62.3  1  0  7 21 0 0 1 1 1 0 0 1 0 0 1 1 0 1
2014   2 28  7 27 34 950910  -30.36351  -41.93615     3367  12.4  0  0  5 10 0 0 1 1 1 0 0 1 0 0 0 0 0 1
2014   2 28  7 27 35   9571  -30.05342  -42.04800    12032  25.2  0  0  5  7 0 0 0 1 0 0 0 1 0 1 0 1 0 1
2014   2 28  7 27 35  46809  -30.35344  -41.94423     3353  12.2  0  0  5 10 0 0 1 1 1 0 0 1 0 0 0 0 0 1
2014   2 28  7 27 35 105871  -21.39715  -46.16691     3367  44.8  1  0  6 15 0 0 1 1 1 0 0 1 0 0 1 0 0 1
2014   2 28  7 27 35 130274  -21.38834  -46.16798     3397  45.6  1  0  6 15 0 0 1 1 1 0 0 1 0 0 1 0 0 1
2014   2 28  7 27 35 158283  -30.39876  -41.69060     4682  46.2  1  0  6 15 0 0 1 1 1 0 0 1 0 0 1 0 0 1
2014   2 28  7 27 35 182518  -30.46798  -41.36899     5906  35.4  1  0  5 10 0 0 1 0 1 0 0 1 0 0 1 0 0 1
2014   2 28  7 27 35 281938    6.92191  150.23532    22932  46.0  1  0  5  9 0 0 1 1 1 0 0 1 0 0 1 0 0 0
2014   2 28  7 27 35 324696    6.99948  150.04271     7612  42.1  1  0  6 15 0 0 1 1 1 0 0 1 0 0 1 1 0 0
2014   2 28  7 27 35 358304    7.00853  150.01514     7234  46.6  0  0  7 19 0 0 1 1 1 0 0 1 0 0 1 1 0 1
2014   2 28  7 27 35 397087   31.47115 -135.16092    24664   8.0  0  0  4  6 0 0 0 1 0 0 0 1 0 0 1 1 0 0
2014   2 28  7 27 35 591177  -30.43183  -41.66691     5688  47.6  1  0  5 10 0 0 1 1 1 0 0 1 0 0 1 0 0 0
2014   2 28  7 27 35 687729  -30.46349  -41.36489     6080  37.2  1  0  5 10 0 0 1 0 1 0 0 1 0 0 1 0 0 1
2014   2 28  7 27 36 550066   -7.14709  173.08966    14824  67.4  2  0  6 15 0 0 1 1 0 0 0 1 0 1 1 1 0 0
2014   2 28  7 27 36 583676   -6.49684  171.63644    45548  58.4  2  0  5 10 0 0 1 1 1 0 0 1 0 0 1 0 0 0
2014   2 28  7 27 36 620245   -7.02722  172.46770    13720  60.9  2  0  6 15 0 0 1 1 1 0 0 1 0 0 0 1 0 1
2014   2 28  7 27 36 685111   -7.46191  173.70691    10848  48.5  0  0  7 19 0 0 1 0 1 0 0 1 0 1 1 1 0 1
2014   2 28  7 27 37  43517  -11.26614  166.73805    12158  56.2  1  0  6 15 0 0 1 1 1 0 0 1 0 0 1 1 0 0
2014   2 28  7 27 37 209088   -6.84094  172.24239    40319  68.7  2  0  6 15 0 0 1 1 1 0 0 1 0 0 1 0 0 1
2014   2 28  7 27 37 314913  -21.43928 -142.47919    13445  66.1  1  0  7 21 0 0 1 1 1 0 0 1 0 0 1 1 0 1
2014   2 28  7 27 37 871933  -18.44424 -146.64354    83642  76.1  2  0  5 10 0 0 0 1 1 0 0 0 0 0 1 1 0 1
2014   2 28  7 27 37 906396  -18.59404 -146.42935    41424  65.4  2  0  5 10 0 0 0 1 1 0 0 1 0 0 0 1 0 1
2014   2 28  7 27 37 924604  -18.03778 -145.11436    38547  29.5  1  0  4  6 0 0 1 1 0 0 0 1 0 0 1 0 0 0
2014   2 28  7 27 37 963912   -4.38259  -71.28574     9819  90.0  2  0  6 15 0 0 1 1 1 0 0 1 0 1 1 0 0 0
2014   2 28  7 27 38  34406   -4.42253  -71.21296     7244  83.9  2  0  7 21 0 0 1 1 1 0 0 1 0 1 1 0 0 1
2014   2 28  7 27 38  80153  -33.63427  -39.36618     4381  53.3  1  0  7 21 0 0 1 1 1 0 0 1 0 1 0 1 0 1
2014   2 28  7 27 38  89129  -33.81952  -38.75700     6721  66.1  2  0  6 15 0 0 1 1 1 0 0 1 0 0 1 0 0 1
2014   2 28  7 27 38 171304  -19.82328 -140.27377    40448  90.2  2  0  6 15 0 0 1 1 1 0 0 1 0 1 0 0 0 1
2014   2 28  7 27 39 587801    3.84411  -72.93486    11161  94.7  2  0  7 21 0 0 1 1 1 0 0 1 0 1 1 0 0 1
2014   2 28  7 27 39 606246   -1.10337   11.46896    27866  88.8  2  0  7 21 0 0 1 1 1 0 0 1 0 0 1 0 1 1
2014   2 28  7 27 41  84720    6.37431  -74.25012    16911  98.1  2  0  6 15 0 0 1 1 1 0 0 1 0 0 1 0 0 1
2014   2 28  7 27 43  86066  -22.50303  -46.39940     3991  94.7  2  0  7 21 0 0 1 1 1 0 0 1 0 1 1 1 0 0
2014   2 28  7 27 43 164875  -22.66755  -45.92332     5199 121.1  2  0  7 16 0 0 1 1 1 0 0 1 0 1 1 0 0 1
2014   2 28  7 27 43 204167  -20.90585  -47.39359     4571 143.8  2  0  7 21 0 0 0 1 1 0 0 1 0 1 1 1 0 1
2014   2 28  7 27 43 252935  -21.04994  -47.10678     4863  99.8  2  0  6 15 0 0 1 1 1 0 0 1 0 0 1 0 0 1
2014   2 28  7 27 43 263209  -22.81423  -45.79449     5434 111.6  2  0  6 15 0 0 1 1 1 0 0 1 0 0 1 0 0 1
2014   2 28  7 27 43 318659  -20.99320  -47.13372     4996  95.7  2  0  6 14 0 0 1 1 1 0 0 1 0 0 1 0 0 1
2014   2 28  7 27 43 390440  -20.92029  -47.44408     4918 108.9  2  0  6 15 0 0 1 1 1 0 0 1 0 1 1 0 0 0
2014   2 28  7 27 43 625048  -20.80748  -47.52647     4564 130.2  2  0  7 21 0 0 1 1 1 0 0 1 0 1 1 1 0 0
2014   2 28  7 27 44   8204  -20.88173  -47.15961     2327  13.2  0  0  7 21 0 0 0 1 1 0 0 1 0 1 1 1 0 1
2014   2 28  7 27 44  68712  -14.50020  -43.81672     2645  19.1  0  0  7 18 0 0 1 1 1 0 0 0 0 1 1 1 0 1
2014   2 28  7 27 44 293201  -21.26494  -46.22585     2996  11.0  0  0  5  8 0 0 0 1 1 0 0 1 0 1 1 0 0 0
2014   2 28  7 27 44 627522  -22.70016  -45.71315     2438   8.0  0  0  6 15 0 0 1 1 1 0 0 1 0 0 1 0 0 1
2014   2 28  7 27 44 791580  -21.94388 -140.98792     6849   5.1  0  0  5 10 0 0 1 1 1 0 0 1 0 0 0 1 0 0
2014   2 28  7 27 45  73883   -0.71011    6.16202    25987   5.0  0  0  4  6 0 0 0 1 0 0 0 1 0 0 1 0 0 1
2014   2 28  7 27 45 279212   -0.78918    6.08960    37362   6.1  0  0  4  6 0 0 1 1 0 0 0 0 0 0 1 0 0 1
2014   2 28  7 27 45 397385  -16.44515  -51.89608     2791  11.5  0  0  5  9 0 0 1 0 1 0 0 1 0 1 0 0 0 1
2014   2 28  7 27 45 403924  -16.40770  -51.93819     2836  14.6  0  0  5  9 0 0 0 1 0 0 0 1 0 1 1 1 0 0
2014   2 28  7 27 45 514492  -16.41068  -51.89111     2539  15.6  0  0  6 15 0 0 1 1 0 0 0 1 0 0 1 1 0 1
2014   2 28  7 27 45 619362  -16.44633  -51.88515     2621  16.2  0  0  6 14 0 0 1 0 1 0 0 1 0 1 0 1 0 1
2014   2 28  7 27 45 684772  -16.42243  -51.91596     2387  13.6  0  0  7 19 0 0 1 1 1 0 0 1 0 1 0 1 0 1
2014   2 28  7 27 46 852921    6.98735  -76.55334     3938  26.5  0  0  6 14 0 0 1 1 1 0 0 1 0 0 0 1 0 1
2014   2 28  7 27 47 115926  -34.02009  -38.44693     3819  24.3  0  0  6 15 0 0 1 1 1 0 0 1 0 0 1 0 0 1
2014   2 28  7 27 47 137937  -21.35466  -46.13632     3047  22.6  0  0  5 10 0 0 0 1 1 0 0 1 0 0 1 0 0 1
2014   2 28  7 27 47 794373    4.95262  -84.37400     4344  28.6  0  0  6 15 0 0 1 1 1 0 0 1 0 0 1 1 0 0
2014   2 28  7 27 47 815130    4.97806  -84.44396     5840  33.2  1  0  5  8 0 0 1 1 1 0 0 1 0 0 0 1 0 0
2014   2 28  7 27 47 860045    6.95669  -73.85193     3701  27.9  0  0  6 15 0 0 1 1 0 0 0 1 0 0 1 1 0 1
2014   2 28  7 27 47 898065  -20.64244  -46.48637     2701  34.0  0  0  7 21 0 0 1 1 1 0 0 1 0 1 1 0 0 1
2014   2 28  7 27 47 976227    6.90355  -73.87605     7556  50.4  2  0  5  8 0 0 1 1 0 0 0 0 0 1 1 1 0 0
2014   2 28  7 27 48  61860    6.93700  -73.84041     5448  34.4  1  0  5  7 0 0 1 1 1 0 0 1 0 0 0 1 0 0
2014   2 28  7 27 48 193205    6.49195  -73.41891    19652  35.2  1  0  5 10 0 0 0 1 1 0 0 1 0 0 1 0 0 1
2014   2 28  7 27 48 817444    4.79459  153.24898     6769   3.4  0  0  4  6 0 0 1 1 0 0 0 1 0 0 0 1 0 0
2014   2 28  7 27 49 352078    6.96019  -74.85237     6350  44.0  1  0  6 14 0 0 0 1 1 0 0 1 0 0 1 1 0 1
2014   2 28  7 27 49 742299    6.97709  -74.96440    12490  52.1  2  0  5  9 0 0 0 1 1 0 0 0 0 0 1 1 0 1
2014   2 28  7 27 50 692041  -21.37284  -46.16616     3315  42.6  1  0  6 15 0 0 1 1 1 0 0 1 0 0 1 0 0 1
2014   2 28  7 27 50 699441  -19.62752 -141.74034    11903  39.5  0  0  6 15 0 0 1 0 1 0 0 1 0 0 1 1 0 1
2014   2 28  7 27 50 771940    4.06850  -83.20121     5499  62.9  1  0  7 21 0 0 1 0 1 0 0 1 0 1 1 1 1 0
2014   2 28  7 27 51 970386    4.56920  -84.59573     7098  70.6  2  0  6 15 0 0 1 1 1 0 0 1 0 0 0 1 0 1
2014   2 28  7 27 52 785746    7.29418  -74.15865     5766  72.4  2  0  7 18 0 0 1 1 1 0 0 1 0 0 1 1 0 1
2014   2 28  7 27 52 874565   -6.02448  -63.17715    14369  53.6  2  0  5  9 0 0 1 1 1 0 0 0 0 0 1 0 0 1
2014   2 28  7 27 53 299963   -4.60599  -71.74291     5427  93.1  2  0  7 21 0 0 1 1 1 0 0 0 0 1 1 1 0 1
2014   2 28  7 27 53 340578   -4.58634  -71.84781     4325  73.8  2  0  7 21 0 0 1 1 1 0 0 1 0 0 1 1 0 1
2014   2 28  7 27 53 366172   -5.96762  -70.77615    17481  60.5  2  0  5 10 0 0 1 1 1 0 0 0 0 0 1 0 0 1
2014   2 28  7 27 53 673456   -4.55003  -71.76337     5557  96.7  2  0  7 21 0 0 1 1 1 0 0 0 0 1 1 1 0 1
2014   2 28  7 27 53 797283   -4.54719  -71.76457     5595  97.6  2  0  7 21 0 0 1 1 1 0 0 0 0 1 1 1 0 1
2014   2 28  7 27 53 847986    5.06553  148.92270     9316  61.4  2  0  6 15 0 0 1 1 0 0 0 1 0 0 1 1 0 1
2014   2 28  7 27 53 850058   -4.51479  -71.82979     6019  84.3  2  0  6 15 0 0 1 1 1 0 0 0 0 0 1 1 0 1
2014   2 28  7 27 54 179963   -5.00920  -73.71263     5462   4.9  0  0  4  6 0 0 0 1 1 0 0 0 0 1 0 1 0 0
2014   2 28  7 27 54 527011  -23.59217  -45.70741     3572  67.5  1  0  7 20 0 0 1 0 1 0 0 1 0 1 1 1 0 1
2014   2 28  7 27 54 861951   -7.30631  173.64825    22174  96.7  2  0  7 21 0 0 1 1 1 0 0 0 0 1 1 1 0 1
2014   2 28  7 27 55 326951    5.28710  -72.69719     5388  88.6  2  0  7 21 0 0 1 1 1 0 0 1 0 0 1 1 0 1
2014   2 28  7 27 56 321078  -23.36249  -45.88115     5625 105.0  2  0  6 15 0 0 1 1 1 0 0 1 0 0 1 0 0 1
2014   2 28  7 27 57  69149  -11.73647  -73.26884     6272  87.8  2  0  6 14 0 0 1 1 1 0 0 1 0 0 1 1 0 0
2014   2 28  7 27 57 941191  -20.31570  -49.06649     5000  69.0  2  0  6 11 0 0 1 1 0 0 0 1 0 0 1 1 0 1
2014   2 28  7 27 58 113384  -29.29141  -42.73492     4602  25.8  0  0  5 10 0 0 0 1 1 0 0 1 0 0 1 0 0 1
2014   2 28  7 27 58 344885  -29.89303  -42.75746     4040  62.2  1  0  7 21 0 0 1 1 1 0 0 1 0 1 0 1 0 1
2014   2 28  7 27 58 712226  -23.53597  -47.25603     4924  50.3  2  0  5 10 0 0 1 1 1 0 0 0 0 0 1 0 0 1
2014   2 28  7 27 59  70752   31.04499 -131.32689    29216 139.5  2  0  7 21 0 0 1 1 1 0 0 1 0 0 1 1 0 1
2014   2 28  7 27 59  80758   30.95945 -131.36798    30744 140.9  2  0  7 20 0 0 1 1 1 0 0 1 0 0 1 1 0 1
2014   2 28  7 28  0 954588   31.43167 -127.48483     7178  11.5  0  0  6 15 0 0 1 1 0 0 0 1 0 0 1 1 0 1
2014   2 28  7 28  1 120262   31.28226 -127.04195    17520  24.6  0  0  5  7 0 0 1 1 1 0 0 1 0 0 0 1 0 0
2014   2 28  7 28  1 576501    4.94412  -72.71884     3508  15.0  0  0  6 14 0 0 0 1 1 0 0 1 0 0 1 1 0 1
2014   2 28  7 28  1 938854  -21.30062  -46.22868     2730  22.0  0  0  6 15 0 0 1 1 1 0 0 1 0 0 0 1 0 1
2014   2 28  7 28  2 138983    6.45991  -78.12352     3370  21.6  0  0  7 20 0 0 1 1 0 0 0 1 0 1 1 1 0 1
2014   2 28  7 28  2 163564    6.47564  -78.34303     3953  20.2  0  0  7 21 0 0 0 1 1 0 0 1 0 1 1 1 0 1
2014   2 28  7 28  2 217947  -12.86390  -71.87188     3399  24.8  0  0  7 21 0 0 0 1 1 0 0 1 0 1 1 1 0 1
2014   2 28  7 28  2 614061  -12.88350  -71.77116     2890  23.8  0  0  7 19 0 0 1 0 1 0 0 1 0 1 1 1 0 1
2014   2 28  7 28  2 868761  -12.88280  -71.77424     2935  25.5  0  0  7 19 0 0 1 0 1 0 0 1 0 1 1 1 0 1
2014   2 28  7 28  2 905952  -12.92615  -71.88400     2964  30.3  0  0  7 21 0 0 1 1 1 0 0 1 0 0 1 1 0 1
2014   2 28  7 28  3 404544  -10.71049  -57.05152     2731  31.0  0  0  7 21 0 0 1 1 1 0 0 1 0 0 1 1 0 1
2014   2 28  7 28  3 415298  -10.73793  -57.11278     2836  29.8  0  0  7 20 0 0 0 1 1 0 0 1 0 1 1 1 0 1
2014   2 28  7 28  4 300234   -7.29828    8.64938    21736  40.4  1  0  5 10 0 0 1 1 1 0 0 1 0 0 1 0 0 0
2014   2 28  7 28  5  86283    0.19527   -0.13378     8349  40.0  0  0  7 20 0 0 1 1 1 0 0 1 0 0 1 1 0 1
2014   2 28  7 28  5 113200  -21.40055  -46.28476     3706  34.4  1  0  5  8 0 0 1 1 1 0 0 1 0 0 0 0 0 1
2014   2 28  7 28  5 128787  -21.37502  -46.25625     4375  41.4  1  0  5 10 0 0 1 1 1 0 0 1 0 0 1 0 0 0
2014   2 28  7 28  5 328309  -10.92892  -56.88223     3211  45.8  0  0  7 21 0 0 0 1 1 0 0 1 0 1 1 1 0 1
2014   2 28  7 28  5 929594  -22.62674  -45.87963     4047  47.3  1  0  6 11 0 0 1 1 1 0 0 0 0 1 1 0 0 1
2014   2 28  7 28  5 972424  -22.73411  -45.83913     3400  48.4  1  0  6 15 0 0 1 1 1 0 0 1 0 0 1 0 0 1
2014   2 28  7 28  6  28437  -16.47295  -51.91865     3141  51.0  1  0  7 20 0 0 1 1 1 0 0 1 0 1 1 0 0 1
2014   2 28  7 28  6  60339  -22.73825  -45.81042     3459  50.5  1  0  6 15 0 0 1 1 1 0 0 1 0 0 1 0 0 1
2014   2 28  7 28  6 406336   -9.33307  159.17293    65576  42.4  1  0  5  7 0 0 1 1 0 0 0 0 0 0 1 1 0 1
2014   2 28  7 28  6 446416  -10.33848  162.26965    50067  46.0  1  0  5 10 0 0 1 0 1 0 0 0 0 0 1 1 0 1
2014   2 28  7 28  6 501482  -10.95581  161.84727   142248  63.1  2  0  5 10 0 0 1 1 1 0 0 1 0 0 0 0 0 1
2014   2 28  7 28  6 519776   -8.32886  158.57306    79198  21.3  1  0  4  6 0 0 1 1 0 0 0 1 0 0 1 0 0 0
2014   2 28  7 28  7 190910    7.16248  -74.80704     7058  73.4  2  0  6 13 0 0 1 1 1 0 0 1 0 0 1 1 0 0
2014   2 28  7 28  7 246468   -9.40993  159.98758    49965  65.0  2  0  6 15 0 0 1 1 1 0 0 0 0 0 1 1 0 1
2014   2 28  7 28  8 197369  -20.46450 -144.10442    14165  69.4  1  0  7 21 0 0 1 1 1 0 0 1 0 0 1 1 0 1
2014   2 28  7 28  9 437653  -21.59180 -141.75929    24342  85.5  2  0  6 15 0 0 1 1 1 0 0 0 0 0 1 1 0 1
2014   2 28  7 28  9 457184  -21.32372 -143.05910    13563  33.9  1  0  5 10 0 0 1 1 0 0 0 1 0 0 1 1 0 0
2014   2 28  7 28  9 596223  -30.29298  -41.90427     7249  72.4  2  0  5 10 0 0 1 1 1 0 0 0 0 0 1 0 0 1
2014   2 28  7 28  9 640800  -29.65221  -42.47840     3964  37.7  0  0  7 21 0 0 0 1 1 0 0 1 0 1 1 1 0 1
2014   2 28  7 28  9 671606  -30.30100  -41.91637     5732  65.3  2  0  6 15 0 0 1 1 1 0 0 1 0 0 1 0 0 1
2014   2 28  7 28  9 728215  -29.75142  -42.38411     4738  22.3  0  0  5 10 0 0 0 1 1 0 0 1 0 0 1 0 0 1
2014   2 28  7 28  9 745739  -30.29507  -41.90281     5721  65.0  2  0  6 15 0 0 1 1 1 0 0 1 0 0 1 0 0 1
2014   2 28  7 28  9 827177  -30.23907  -42.28276     5267  16.0  0  0  5  8 0 0 1 1 1 0 0 1 0 0 0 0 0 1
2014   2 28  7 28  9 884373  -29.73553  -42.32550     5734  22.9  0  0  5  9 0 0 0 1 1 0 0 1 0 0 1 0 0 1
2014   2 28  7 28 12 108832  -18.66637 -143.69255    18616  75.3  2  0  6 15 0 0 1 1 0 0 0 1 0 0 1 1 0 1
2014   2 28  7 28 12 464453  -22.80942  -45.76394     4996 101.3  2  0  6 15 0 0 1 1 1 0 0 1 0 0 1 0 0 1
2014   2 28  7 28 12 801423  -22.73084  -45.94257     4913 104.9  2  0  7 17 0 0 1 1 1 0 0 1 0 1 1 0 0 1
2014   2 28  7 28 12 821284  -22.79907  -45.75680     5062 104.0  2  0  6 15 0 0 1 1 1 0 0 1 0 0 1 0 0 1
2014   2 28  7 28 14 527068    9.44239  -73.82407     8215  97.0  2  0  6 14 0 0 1 1 0 0 0 1 0 0 1 1 0 1
2014   2 28  7 28 16 164327  -11.12663  -57.52784     2455   3.4  0  0  6 14 0 0 0 1 1 0 0 1 0 0 1 1 0 1
2014   2 28  7 28 16 358534  -22.75953 -140.03029     7134   6.5  0  0  5 10 0 0 1 0 1 0 0 1 0 0 0 1 0 1
2014   2 28  7 28 16 374897  -22.76641 -139.87866    11269   8.0  0  0  4  6 0 0 1 1 0 0 0 0 0 0 1 1 0 0
2014   2 28  7 28 16 633188    6.89961  -74.46928     2955   6.9  0  0  7 21 0 0 0 0 1 0 0 1 0 1 1 1 1 1
2014   2 28  7 28 16 687907    6.91452  -74.40356     2991   9.7  0  0  6 15 0 0 1 1 1 0 0 1 0 1 0 1 0 0
2014   2 28  7 28 16 733457  -25.27308  -44.50813     2593  10.7  0  0  6 15 0 0 1 1 1 0 0 1 0 0 1 0 0 1
2014   2 28  7 28 16 757589    6.74897  -74.25305     4191   5.1  0  0  6 15 0 0 1 0 1 0 0 1 0 1 1 0 0 1
2014   2 28  7 28 16 955352  -12.03792  -73.09515     2584  13.3  0  0  7 20 0 0 1 1 0 0 0 1 0 1 1 1 0 1
2014   2 28  7 28 17  99606  -12.02838  -73.08826     2789  13.9  0  0  6 14 0 0 1 1 0 0 0 1 0 1 1 1 0 0
2014   2 28  7 28 17 144863   -9.83681  160.13161     5357  10.8  0  0  6 15 0 0 1 1 1 0 0 1 0 0 1 1 0 0
2014   2 28  7 28 17 204048  -32.34563 -133.79886     5427   9.7  0  0  7 21 0 0 1 0 1 0 0 1 0 1 1 1 0 1
2014   2 28  7 28 17 214100  -32.34546 -134.00491     6793  12.1  0  0  6 15 0 0 1 1 1 0 0 1 0 0 1 1 0 0
2014   2 28  7 28 17 258589  -32.34619 -133.98463     5760  12.1  0  0  7 21 0 0 1 1 1 0 0 1 0 0 1 1 0 1
2014   2 28  7 28 17 299888  -32.32586 -133.90924    10035  12.6  0  0  5 10 0 0 1 1 1 0 0 0 0 0 1 1 0 0
2014   2 28  7 28 17 345931  -12.02640  -73.04865     2598  12.6  0  0  7 20 0 0 1 0 1 0 0 1 0 1 1 1 0 1
2014   2 28  7 28 17 352712  -12.33971  -72.79827     4695   4.0  0  0  5 10 0 0 1 1 1 0 0 0 0 0 1 0 0 1
2014   2 28  7 28 17 443034  -21.22222  -46.91095     2350   7.1  0  0  6 14 0 0 0 1 1 0 0 1 0 1 1 0 0 1
2014   2 28  7 28 17 567808  -21.13496  -47.21312     5531   2.5  0  0  4  6 0 0 1 0 0 0 0 1 0 0 1 1 0 0
2014   2 28  7 28 17 642292  -21.22011  -46.91923     2686  19.4  0  0  6 14 0 0 0 1 1 0 0 1 0 0 1 1 0 1
2014   2 28  7 28 17 677561  -21.21232  -46.90694     2770  11.1  0  0  6 11 0 0 1 0 1 0 0 1 0 1 1 1 0 0
2014   2 28  7 28 18 178463    6.89018  -73.86417     3762  14.4  0  0  5  8 0 0 1 1 0 0 0 1 0 0 1 1 0 0
2014   2 28  7 28 18 330153  -21.34690  -46.21281     2637  15.6  0  0  6 14 0 0 1 1 1 0 0 1 0 0 1 0 0 1
2014   2 28  7 28 18 822885  -30.00910  -41.75092     2605  12.3  0  0  7 21 0 0 1 1 1 0 0 1 0 1 1 0 0 1
2014   2 28  7 28 18 836371  -30.01517  -41.75211     2762  11.8  0  0  6 15 0 0 1 1 1 0 0 1 0 1 1 0 0 0
2014   2 28  7 28 19  85438  -30.03711  -41.75227     3005  14.8  0  0  6 15 0 0 1 1 1 0 0 1 0 0 1 0 0 1
2014   2 28  7 28 19 539447    4.57373  153.70399    22014  27.3  1  0  4  6 0 0 1 1 1 0 0 1 0 0 0 0 0 0
2014   2 28  7 28 19 812133    4.74006  153.47787     5443  27.6  0  0  7 21 0 0 1 1 1 0 0 1 0 0 1 1 0 1
2014   2 28  7 28 20  28247    4.63466  153.72461    14568  31.1  0  0  6 15 0 0 1 1 1 0 0 1 0 0 1 0 0 1
2014   2 28  7 28 20 178201  -30.07594  -41.82960     3653   5.2  0  0  4  6 0 0 1 1 1 0 0 1 0 0 0 0 0 0
2014   2 28  7 28 20 194440  -13.67557  -43.08364     3875  10.2  0  0  6 14 0 0 1 0 1 0 0 1 0 0 1 1 0 1
2014   2 28  7 28 20 910441   -1.90772    4.35082    40864  22.7  0  0  5 10 0 0 1 1 1 0 0 0 0 0 1 0 0 1
2014   2 28  7 28 21  90741    6.64401  -72.17773     3700  40.0  0  0  7 21 0 0 1 1 1 0 0 1 0 0 1 1 0 1
2014   2 28  7 28 21 680768  -24.90428  -44.95869     3048  11.8  0  0  5 10 0 0 1 0 1 0 0 0 0 1 1 0 0 1
2014   2 28  7 28 21 727335  -24.10828 -176.19901    12726  37.8  0  0  6 15 0 0 1 1 0 0 0 1 0 0 1 1 0 1
2014   2 28  7 28 21 839033  -21.57021 -141.94550    10431  23.7  0  0  5 10 0 0 1 1 0 0 0 1 0 0 1 1 0 0
2014   2 28  7 28 21 958868   -4.18410  -71.79772     5800  48.7  1  0  5 10 0 0 0 1 0 0 0 1 0 1 1 1 0 0
2014   2 28  7 28 22 162762  -45.28452  -77.64783   161359  13.9  0  0  4  6 0 0 1 1 0 0 0 0 0 0 1 0 0 1
2014   2 28  7 28 23 866335  -10.80349  169.88635    49310  73.7  2  0  5 10 0 0 0 1 1 0 0 0 0 1 0 1 0 1
2014   2 28  7 28 24 734002   -7.95829  -39.95713     6385  44.6  1  0  5 10 0 0 0 1 1 0 0 1 0 0 0 1 0 1
2014   2 28  7 28 25 356216  -33.94409  -38.73047     7443  57.4  2  0  5 10 0 0 1 1 1 0 0 1 0 0 1 0 0 0
2014   2 28  7 28 25 383544  -33.90412  -38.78046     6201  58.5  1  0  6 15 0 0 1 1 1 0 0 1 0 0 1 0 0 1
2014   2 28  7 28 25 431454  -21.23849  -46.50687     3793  60.8  2  0  6 15 0 0 1 1 1 0 0 1 0 0 1 0 0 1
2014   2 28  7 28 25 481548  -33.77802  -39.26419     4073   1.0  0  0  4  6 0 0 1 1 1 0 0 1 0 0 0 0 0 0
2014   2 28  7 28 26 418974   -5.98275   10.48311   102742  82.0  2  0  5 10 0 0 0 1 1 0 0 1 0 0 1 0 0 1
2014   2 28  7 28 26 738677   34.24594 -169.12361    12831  62.6  1  0  7 19 0 0 1 0 1 0 0 1 0 1 1 1 0 1
2014   2 28  7 28 28 416408  -21.32356  -45.94974     2994   6.2  0  0  4  6 0 0 1 0 0 0 0 1 0 0 1 0 0 1
2014   2 28  7 28 28 834856   -9.55222  159.80750    12031  64.7  2  0  6 15 0 0 1 0 1 0 0 1 0 0 1 1 0 1
2014   2 28  7 28 28 851677    7.16605  -74.14693     7476  97.4  2  0  6 15 0 0 1 1 1 0 0 1 0 0 1 1 0 0
2014   2 28  7 28 28 912757    5.95202  -73.18943    18780 110.8  2  0  6 15 0 0 1 1 1 0 0 1 0 1 1 0 0 0
2014   2 28  7 28 29  29086  -11.19987    1.89346    67077  72.5  2  0  5 10 0 0 1 1 1 0 0 0 0 0 1 0 0 1
2014   2 28  7 28 29  56207    7.11186  -74.06438     6464 102.4  2  0  7 21 0 0 1 1 1 0 0 1 0 0 1 1 0 1
2014   2 28  7 28 29 109732   -4.52288  -71.30994     5813  57.2  2  0  5 10 0 0 1 0 0 0 0 0 0 1 1 1 0 1
2014   2 28  7 28 29 169880   -4.59285  -71.62646     4944  83.2  2  0  7 21 0 0 1 0 1 0 0 1 0 1 1 1 0 1
2014   2 28  7 28 29 220439   -4.63975  -71.92039     8026  81.5  2  0  6 15 0 0 0 0 1 0 0 1 0 1 1 1 0 1
2014   2 28  7 28 29 393676   -4.63888  -71.92825     8170  83.6  2  0  6 15 0 0 0 0 1 0 0 1 0 1 1 1 0 1
2014   2 28  7 28 29 427006   -9.67909  160.29544    22033  95.7  2  0  6 13 0 0 1 1 1 0 0 1 0 0 1 1 0 0
2014   2 28  7 28 29 612316  -23.54206  -45.44250     3742   3.4  0  0  4  6 0 0 1 0 0 0 0 1 0 0 1 0 0 1
2014   2 28  7 28 30 295815  -13.04303  -71.00155     4338  42.5  1  0  5 10 0 0 1 0 1 0 0 0 0 0 1 1 0 1
2014   2 28  7 28 30 935581  -12.98746  -71.00880     4503  45.8  1  0  5 10 0 0 1 0 1 0 0 0 0 0 1 1 0 1
2014   2 28  7 28 31 527697  -21.45433  -46.16076     4959 100.9  2  0  6 15 0 0 1 1 1 0 0 1 0 0 1 0 0 1
2014   2 28  7 28 31 658795   -3.93520  -71.07203     6703  70.9  2  0  5 10 0 0 1 0 0 0 0 0 0 1 1 1 0 1
2014   2 28  7 28 31 814545   -4.60053  -74.62816     6453  11.7  0  0  4  6 0 0 0 1 1 0 0 0 0 1 0 1 0 0
2014   2 28  7 28 31 940094   -4.84986  -70.59695     6980  41.2  1  0  5  9 0 0 1 0 1 0 0 1 0 1 0 0 0 1
2014   2 28  7 28 31 995348  -21.46200  -46.18430     5030 103.7  2  0  6 15 0 0 1 1 1 0 0 1 0 0 1 0 0 1
2014   2 28  7 28 32  42573   -4.22189  -71.34764     3484  10.6  0  0  6 14 0 0 1 1 1 0 0 1 0 1 0 0 0 1
2014   2 28  7 28 32 984973   -4.84535  -72.20209     3255   2.9  0  0  5  9 0 0 0 1 1 0 0 1 0 0 1 1 0 0
2014   2 28  7 28 33 323714   -6.86132  171.23013    15119  39.1  0  0  6 14 0 0 0 1 0 0 0 1 0 1 1 1 0 1
2014   2 28  7 28 33 410297   -7.12120  172.83032     7269   6.3  0  0  5 10 0 0 0 1 1 0 0 1 0 0 1 1 0 0
2014   2 28  7 28 33 758718   -7.39640  173.37856    16633   9.4  0  0  5  9 0 0 1 1 1 0 0 1 0 0 1 0 0 0
2014   2 28  7 28 33 963206   -6.41948  171.65408     8882  33.4  0  0  7 20 0 0 1 1 1 0 0 1 0 0 1 1 0 1
2014   2 28  7 28 34  17920   -7.35425  173.30452    15468   9.5  0  0  5 10 0 0 1 1 1 0 0 1 0 0 1 0 0 0
2014   2 28  7 28 34  96983   -7.22264  173.08914    20040   2.0  0  0  4  6 0 0 1 1 0 0 0 1 0 0 1 0 0 0
2014   2 28  7 28 34 182467  -19.70786 -141.86363    10127   9.7  0  0  5 10 0 0 0 1 1 0 0 1 0 0 1 1 0 0
2014   2 28  7 28 34 190234  -19.30497 -141.66667     7545   9.2  0  0  5 10 0 0 1 0 1 0 0 1 0 0 1 1 0 0
2014   2 28  7 28 34 222035  -19.79084 -141.26903     6623  25.1  0  0  7 21 0 0 1 1 0 0 0 1 0 1 1 1 0 1
2014   2 28  7 28 34 262422  -19.82135 -141.09123     6292  20.9  0  0  7 21 0 0 1 0 1 0 0 1 0 1 1 1 0 1
2014   2 28  7 28 34 334382  -19.36978 -141.54533    14224  11.6  0  0  5 10 0 0 1 1 1 0 0 1 0 0 1 0 0 0
2014   2 28  7 28 34 345263  -19.76405 -142.35300    87190  26.3  0  0  5 10 0 0 0 1 1 0 0 1 0 1 0 0 0 1
2014   2 28  7 28 34 421968  -19.21779 -141.95607     8838   3.4  0  0  4  6 0 0 1 1 0 0 0 1 0 0 0 1 0 0
2014   2 28  7 28 34 472641  -20.00452 -140.91490    13676  21.4  0  0  6 15 0 0 1 1 1 0 0 1 0 0 1 0 0 1
2014   2 28  7 28 34 571242  -19.78376 -141.55008     6419  22.4  0  0  7 21 0 0 1 1 1 0 0 1 0 0 1 1 0 1
2014   2 28  7 28 34 601105  -19.76605 -142.16760    11297  22.1  0  0  6 15 0 0 0 1 1 0 0 1 0 0 1 1 0 1
2014   2 28  7 28 34 885487  -20.25693 -140.28149    15763  28.9  0  0  6 15 0 0 1 1 1 0 0 1 0 1 0 0 0 1
2014   2 28  7 28 35 189515    8.52221  -74.95621     4425  31.1  0  0  6 14 0 0 1 0 0 0 0 1 0 1 1 1 0 1
2014   2 28  7 28 35 222114    8.59426  -75.15305     6397  30.3  1  0  5  7 0 0 0 1 0 0 0 1 0 0 1 1 0 1
2014   2 28  7 28 35 229846    8.58286  -75.05451     3630  27.5  0  0  7 19 0 0 1 1 1 0 0 1 0 0 1 1 0 1
2014   2 28  7 28 35 257553    8.59279  -75.10900     6412  34.2  1  0  5  8 0 0 1 1 0 0 0 1 0 0 0 1 0 1
2014   2 28  7 28 35 451463  -21.22843  -46.84193     3415  22.1  0  0  5  8 0 0 1 1 1 0 0 1 0 0 0 0 0 1
2014   2 28  7 28 35 491256  -21.24015  -46.85047     3330  24.0  0  0  5  9 0 0 1 1 1 0 0 1 0 0 0 0 0 1
2014   2 28  7 28 35 939162  -22.50535 -140.24150    34216  26.1  1  0  4  6 0 0 1 1 1 0 0 1 0 0 0 0 0 0
2014   2 28  7 28 35 998442  -22.51917 -139.51810    17982  22.5  1  0  4  6 0 0 1 0 0 0 0 0 0 0 1 1 0 1
2014   2 28  7 28 36 136456  -21.36787  -46.15333     2990  29.5  0  0  6 15 0 0 1 1 1 0 0 1 0 0 1 0 0 1
2014   2 28  7 28 36 266768  -11.88538  -72.88970     3535  49.7  0  0  7 21 0 0 1 1 1 0 0 1 0 1 0 1 0 1
2014   2 28  7 28 36 307937  -11.85391  -72.92602     3678  39.5  0  0  6 14 0 0 1 1 1 0 0 1 0 0 0 1 0 1
2014   2 28  7 28 36 366488  -11.85002  -72.93468     3224  38.6  0  0  7 21 0 0 1 1 1 0 0 1 0 0 1 1 0 1
2014   2 28  7 28 36 426744    5.17825  -72.61517     3709  29.3  0  0  6 14 0 0 1 1 1 0 0 1 0 0 1 1 0 0
2014   2 28  7 28 36 594750  -16.24773  -51.84761     2848  30.9  0  0  6 15 0 0 1 1 1 0 0 1 0 1 0 1 0 0
2014   2 28  7 28 36 906310  -22.73145  -45.73595     3319  41.5  1  0  6 15 0 0 1 1 1 0 0 1 0 0 1 0 0 1
2014   2 28  7 28 38 183269   31.14651 -131.93498    14803   5.8  0  0  4  6 0 0 1 1 0 0 0 1 0 0 0 1 0 0
2014   2 28  7 28 38 933240   -9.39343  159.90057     9717  51.8  1  0  6 12 0 0 1 1 0 0 0 1 0 0 1 1 0 1
2014   2 28  7 28 39 336922  -30.01089  -41.95945     4768  22.0  0  0  5 10 0 0 0 1 1 0 0 1 0 0 1 0 0 1
2014   2 28  7 28 39 349229  -30.39724  -41.63266     4619  46.2  1  0  6 15 0 0 1 1 1 0 0 1 0 0 1 0 0 1
2014   2 28  7 28 39 359482  -30.40937  -41.66001     4625  46.5  1  0  6 15 0 0 1 1 1 0 0 1 0 0 1 0 0 1
2014   2 28  7 28 39 379799  -30.34614  -41.93597     5795  26.4  0  0  5  8 0 0 1 1 1 0 0 1 0 0 0 0 0 1
2014   2 28  7 28 39 405253  -50.28367  -40.62628     9382   5.8  0  0  4  6 0 0 1 1 0 0 0 1 0 0 0 0 0 1
2014   2 28  7 28 39 658557  -22.06280  -46.29475     4912  50.8  2  0  5  8 0 0 0 1 1 0 0 1 0 0 1 1 0 0
2014   2 28  7 28 39 923174  -22.07660  -46.07771     4162  82.9  2  0  6 14 0 0 1 1 1 0 0 0 0 1 0 1 0 1
2014   2 28  7 28 40 805107    2.89756  -85.12674     5618  31.7  1  0  5 10 0 0 1 1 0 0 0 1 0 0 1 1 0 0
2014   2 28  7 28 40 843160    2.60799  -84.47627     5557  63.8  1  0  7 21 0 0 1 0 1 0 0 1 0 1 1 1 0 1
2014   2 28  7 28 40 906231  -21.39368  -46.11919     3834  58.4  1  0  6 15 0 0 1 1 1 0 0 1 0 0 1 0 0 1
2014   2 28  7 28 40 957409    2.93009  -84.58083     3961  25.1  0  0  6 15 0 0 1 0 1 0 0 1 0 0 1 1 0 1
2014   2 28  7 28 41 359560  -23.69609  -45.67513     4468  74.7  2  0  6 15 0 0 1 1 1 0 0 1 0 0 1 0 0 1
2014   2 28  7 28 41 427499  -13.20687  -71.35094     4219  75.3  2  0  7 21 0 0 1 1 1 0 0 1 0 0 1 1 0 1
2014   2 28  7 28 41 559160    5.08900  -73.24169     8387  84.0  2  0  6 15 0 0 0 1 1 0 0 1 0 1 1 1 0 0
2014   2 28  7 28 43  90368    4.38267  -73.80000     9093  87.1  2  0  6 14 0 0 0 1 1 0 0 1 0 0 1 1 0 1
2014   2 28  7 28 43 562167   -6.22553  -54.67165     4163  28.5  0  0  5 10 0 0 1 0 1 0 0 0 0 0 1 1 0 1
2014   2 28  7 28 43 807490   -5.75646  -74.93718     5885 114.5  2  0  7 21 0 0 1 1 0 0 0 1 0 1 1 1 0 1
2014   2 28  7 28 44 764364   -5.47880  -75.10440     6184  89.6  2  0  6 14 0 0 1 1 1 0 0 1 0 0 1 1 0 0
2014   2 28  7 28 45 797303  -14.37855  -44.15751     4474  75.1  2  0  6 15 0 0 1 0 1 0 0 1 0 1 0 1 1 0
2014   2 28  7 28 46 844085  -23.42040  -45.89094     6120 121.4  2  0  6 15 0 0 1 1 1 0 0 1 0 0 1 0 0 1
2014   2 28  7 28 46 890696  -23.43052  -45.90345     6146 122.6  2  0  6 15 0 0 1 1 1 0 0 1 0 0 1 0 0 1
2014   2 28  7 28 47 345756  -33.64478  -39.89137     5341  12.1  0  0  4  6 0 0 1 1 0 0 0 1 0 0 0 0 0 1
2014   2 28  7 28 47 402783  -33.97128  -38.72818     9105 100.1  2  0  6 15 0 0 1 1 1 0 0 1 0 0 1 0 0 1
2014   2 28  7 28 47 529540  -23.19949  -46.43079     3763  38.2  1  0  5 10 0 0 0 1 1 0 0 1 0 1 1 0 0 0
2014   2 28  7 28 47 566891  -23.27280  -46.04538     6253 142.7  2  0  7 20 0 0 1 1 1 0 0 1 0 0 1 1 0 1
2014   2 28  7 28 48 183930  -34.12512  -38.09429     3244   7.4  0  0  5 10 0 0 1 1 1 0 0 1 0 0 1 0 0 0
2014   2 28  7 28 48 291448  -34.13762  -38.19748     3219   5.3  0  0  5 10 0 0 1 1 0 0 0 1 0 0 1 0 0 1
2014   2 28  7 28 48 817029   -2.49622  150.31020     5656  27.3  0  0  6 15 0 0 0 1 1 0 0 1 0 1 1 1 0 0
2014   2 28  7 28 49 132267  -21.29847  -46.23304     2781   8.6  0  0  5  9 0 0 0 1 1 0 0 1 0 0 0 1 0 1
2014   2 28  7 28 49 633221  -21.27257  -46.21087     2417  16.1  0  0  7 18 0 0 0 1 1 0 0 1 0 1 1 1 0 1
2014   2 28  7 28 50  17307  -21.17992  -47.08029     2652  16.0  0  0  6 13 0 0 1 1 1 0 0 1 0 0 1 0 0 1
2014   2 28  7 28 50 426589  -12.45157  -71.59805     3789  22.4  0  0  5  9 0 0 1 1 1 0 0 0 0 0 1 1 0 0
2014   2 28  7 28 50 611743  -12.51340  -71.53939     4315  20.2  0  0  5 10 0 0 1 1 0 0 0 1 0 0 1 0 0 1
2014   2 28  7 28 51  18572   -4.24141  -71.59827     3378  25.8  0  0  7 21 0 0 0 1 1 0 0 1 0 1 1 1 0 1
2014   2 28  7 28 51  91394    2.56777    3.19200    15735  17.2  0  0  5  9 0 0 1 1 0 0 0 1 0 0 1 0 0 1
2014   2 28  7 28 51 363544  -12.07698  -73.11991     4305  25.6  0  0  6 15 0 0 0 0 1 0 0 1 0 1 1 1 0 1
2014   2 28  7 28 51 414609  -12.20845  -73.50703     4565  22.5  0  0  6 15 0 0 0 1 1 0 0 1 0 1 0 1 0 1
2014   2 28  7 28 51 550791  -12.42286  -72.72612     9556  20.9  1  0  4  6 0 0 1 1 0 0 0 0 0 0 1 0 0 1
2014   2 28  7 28 52   6023   -5.42321  -60.46114     3946  34.1  1  0  5  9 0 0 0 1 1 0 0 1 0 0 1 1 0 0
2014   2 28  7 28 52 226589   12.81265 -126.64254    29470  17.6  0  0  4  6 0 0 0 1 0 0 0 1 0 0 0 1 0 1
2014   2 28  7 28 52 536729    4.23219  -73.24305     3782  39.3  0  0  7 19 0 0 1 1 1 0 0 1 0 0 1 1 0 1
2014   2 28  7 28 52 879712  -24.78194  -45.17279     3097  29.6  0  0  6 15 0 0 1 1 1 0 0 1 0 0 1 0 0 1
2014   2 28  7 28 53  81593  -24.84860  -45.03475     7079  36.4  1  0  5  9 0 0 1 0 0 0 0 1 0 0 1 1 0 1
2014   2 28  7 28 53 194450  -24.81837  -45.20665     2743  28.2  0  0  7 21 0 0 1 1 1 0 0 1 0 1 1 1 0 0
2014   2 28  7 28 53 214767  -12.94834  -72.05494     4026  11.7  0  0  5  9 0 0 0 0 1 0 0 1 0 1 0 1 0 1
2014   2 28  7 28 53 278982  -12.72838  -71.72508     3915  30.2  1  0  5 10 0 0 1 0 0 0 0 1 0 0 1 1 0 1
2014   2 28  7 28 53 518583  -25.31894  -44.79290     3040  27.0  0  0  6 15 0 0 1 1 1 0 0 0 0 1 0 1 0 1
2014   2 28  7 28 53 539679  -25.32256  -44.77613     3555  25.7  0  0  5  9 0 0 1 1 1 0 0 0 0 0 1 0 0 1
2014   2 28  7 28 54 780488  -31.14995 -132.13335    11654  54.0  1  0  7 21 0 0 1 1 1 0 0 1 0 0 1 1 0 1
2014   2 28  7 28 55 523375    6.43019  -77.88856     4777  49.8  0  0  7 21 0 0 1 0 1 0 0 1 0 1 1 1 0 1
2014   2 28  7 28 57 385742   -4.03733  -71.39783     4240  62.9  1  0  7 21 0 0 1 0 1 0 0 1 0 1 1 1 0 1
2014   2 28  7 28 57 707297   -4.41943  -71.16573     9957  91.4  2  0  6 15 0 0 1 1 1 0 0 1 0 1 1 0 0 0
2014   2 28  7 28 57 730931  -22.36658 -140.74716    51929  69.9  2  0  5 10 0 0 1 1 0 0 0 1 0 0 1 0 0 1
2014   2 28  7 28 57 859651   -4.08542  -71.94586     6250  84.8  2  0  7 21 0 0 0 1 1 0 0 1 0 1 1 1 0 1
2014   2 28  7 28 58 297580  -21.69434 -141.10634    16721  59.2  1  0  6 15 0 0 1 0 1 0 0 1 0 0 1 1 0 1
2014   2 28  7 28 58 317133  -21.39560 -142.32489    10796   9.1  0  0  4  6 0 0 1 0 0 0 0 1 0 0 1 1 0 0
2014   2 28  7 28 59 152015  -12.70000  156.53879    14695  83.7  2  0  7 20 0 0 1 1 1 0 0 1 0 0 1 1 0 1
2014   2 28  7 28 59 391963   14.82604  -89.89241    13698  91.3  2  0  6 15 0 0 1 0 1 0 0 0 0 1 1 1 0 1
2014   2 28  7 28 59 436251  -21.47046 -143.15889    36648  64.1  2  0  5 10 0 0 0 0 1 0 0 1 0 0 1 1 0 1
2014   2 28  7 28 59 898053  -18.90575 -143.90973    16002  42.8  1  0  5 10 0 0 1 1 0 0 0 1 0 0 1 1 0 0
2014   2 28  7 29  0 394680  -30.16923  -42.34937     3591  51.7  1  0  7 20 0 0 1 1 1 0 0 1 0 1 0 1 0 1
2014   2 28  7 29  0 407614  -30.25422  -41.98329     6337  76.2  2  0  6 15 0 0 1 1 1 0 0 1 0 0 1 0 0 1
2014   2 28  7 29  0 438841  -30.28566  -41.35639     7089  59.3  1  0  6 14 0 0 1 0 1 0 0 0 0 1 1 1 0 1
2014   2 28  7 29  0 452108  -29.60544  -42.52785     4084  17.5  0  0  5 10 0 0 0 1 1 0 0 1 0 0 1 0 0 1
2014   2 28  7 29  0 836586   -4.52341  -71.95689     6706 116.8  2  0  6 15 0 0 1 1 0 0 0 1 0 1 1 1 0 0
2014   2 28  7 29  1 656838  -11.99323  167.76685    23086 107.1  2  0  7 19 0 0 1 1 1 0 0 1 0 0 1 1 0 1
2014   2 28  7 29  2  75136  -10.99209  166.27228    16181 104.2  2  0  7 21 0 0 1 1 1 0 0 1 0 0 1 1 0 1
2014   2 28  7 29  2 710161  -21.39661  -45.97979     4410  60.5  2  0  5 10 0 0 1 0 1 0 0 1 0 0 1 0 0 1
2014   2 28  7 29  4 601731  -21.24439  -46.85637     2585   9.9  0  0  5  9 0 0 0 1 1 0 0 1 0 1 0 0 0 1
2014   2 28  7 29  4 747910  -21.32323  -46.13776     2569   3.0  0  0  5 10 0 0 1 1 1 0 0 1 0 0 0 0 0 1
2014   2 28  7 29  4 950829   22.47180  -85.12392    13035   4.8  0  0  4  6 0 0 1 1 0 0 0 1 0 1 0 0 0 0
2014   2 28  7 29  5 190626   -7.23343    8.62946     8240   4.5  0  0  5 10 0 0 1 1 1 0 0 1 0 0 0 0 0 1
2014   2 28  7 29  5 993721   29.35963 -126.88096    17767  12.2  0  0  4  6 0 0 1 1 1 0 0 1 0 0 0 0 0 0
2014   2 28  7 29  8 708589  -21.49691  -46.17288     3423  30.3  1  0  5  9 0 0 1 1 1 0 0 1 0 0 0 0 0 1
2014   2 28  7 29  9 249889  -30.01649  -41.98624     3808  22.8  0  0  5 10 0 0 1 1 1 0 0 1 0 0 0 0 0 1
2014   2 28  7 29  9 521110  -29.98751  -42.01200     3848  23.5  0  0  5 10 0 0 1 1 1 0 0 1 0 0 0 0 0 1
2014   2 28  7 29  9 963336  -12.13579  -72.59086     4403  46.7  0  0  7 21 0 0 1 1 1 0 0 1 0 1 0 0 1 1
2014   2 28  7 29  9 986056   -0.88359  -16.31356     7216  58.0  1  0  6 11 0 0 1 1 1 0 0 1 1 0 0 0 0 1
2014   2 28  7 29 14 806263  -22.70854  -45.73973     4258  78.9  2  0  6 14 0 0 1 1 1 0 0 1 0 1 0 0 0 1
2014   2 28  7 29 19 356672  -30.13395  -42.64759     5209  24.8  1  0  4  6 0 0 1 1 1 0 0 1 0 0 0 0 0 0
