2014   2 28  0  9 36 525855  -12.68985  -57.24733     4283  12.2  0  0  5 10 0 0 1 1 0 0 0 0 0 1 1 0 0 1
2014   2 28  0  9 36 577396   -5.57720  -74.99458     2966   8.9  0  0  5 10 0 0 1 1 0 0 0 0 0 0 1 1 0 1
2014   2 28  0  9 36 648024   -5.58095  -74.97435     3138  12.9  0  0  5 10 0 0 1 1 0 0 0 0 0 1 1 1 0 0
2014   2 28  0  9 36 666262   -5.56395  -74.92663     4413   6.5  0  0  4  6 0 0 0 1 0 0 0 0 0 0 1 1 0 1
2014   2 28  0  9 36 855427   -5.56088  -75.01460     3521   8.1  0  0  4  6 0 0 1 1 0 0 0 0 0 0 1 1 0 0
2014   2 28  0  9 38 674984  -24.07627 -134.64131    22954  22.9  0  0  5 10 0 0 0 1 0 0 0 0 0 1 1 1 0 1
2014   2 28  0  9 41 288414  -19.66000 -136.68068     9455   3.5  0  0  4  6 0 0 1 1 0 0 0 0 0 0 1 1 0 0
2014   2 28  0  9 44 166316   -5.75705  -72.72073    20595  70.9  2  0  5 10 0 0 1 1 0 0 0 0 0 1 1 0 0 1
2014   2 28  0  9 44 265522   -4.34620  -73.81786     6270  88.0  2  0  6 15 0 0 1 1 0 0 0 0 0 1 1 1 0 1
2014   2 28  0  9 48 271705   -8.17864  -43.14210    16292  22.2  1  0  4  6 0 0 1 1 0 0 0 0 0 0 1 0 0 1
2014   2 28  0  9 49  16798  -18.61234 -139.43852    29790 123.5  2  0  6 15 0 0 1 1 0 0 0 0 0 1 1 1 0 1
2014   2 28  0  9 51  27275    9.09682  147.90369     8930   1.1  0  0  4  6 0 0 1 1 0 0 0 0 0 0 1 1 0 0
2014   2 28  0  9 51 424728  -14.24718  -56.26677     8219 100.0  2  0  6 12 0 0 1 1 0 0 0 0 0 1 1 0 1 1
2014   2 28  0  9 51 440841   -2.00223  -45.06239     8787   5.2  0  0  4  6 0 0 1 0 0 0 0 0 0 1 1 1 0 0
2014   2 28  0  9 52  78602  -25.46595  -45.01202     3210   9.5  0  0  5  8 0 0 1 1 1 0 0 0 0 0 1 0 0 1
2014   2 28  0  9 52 175403  -25.50503  -44.98388     2939   0.8  0  0  4  6 0 0 1 1 0 0 0 1 0 1 0 0 0 0
2014   2 28  0  9 52 360034  -25.48923  -44.99598     2714   7.0  0  0  6 13 0 0 1 1 1 0 0 1 0 0 1 0 0 1
2014   2 28  0  9 52 402768  -25.45646  -45.03247     2973  10.7  0  0  5  9 0 0 1 1 1 0 0 0 0 0 1 0 0 1
2014   2 28  0  9 52 757848  -25.44134  -45.04298     2713  11.0  0  0  6 14 0 0 0 1 1 0 0 1 0 1 1 0 0 1
2014   2 28  0  9 52 849158   -5.19729  -41.69268     4205   2.8  0  0  5  7 0 0 1 1 0 0 0 1 0 0 1 0 0 1
2014   2 28  0  9 52 920706  -25.46879  -45.06538     3035  10.4  0  0  5  8 0 0 1 1 1 0 0 1 0 0 0 0 0 1
2014   2 28  0  9 52 935486  -19.13101  -50.78034     2403   9.4  0  0  6 13 0 0 0 1 1 0 0 1 0 1 1 0 0 1
2014   2 28  0  9 53 110676  -23.30429  -51.10612     3819  57.3  1  0  6 12 0 0 1 1 1 0 0 1 0 0 1 0 0 1
2014   2 28  0  9 53 260962  -19.19417  -50.71191     3689  47.5  1  0  6 11 0 0 1 1 0 0 0 1 0 0 1 1 0 1
2014   2 28  0  9 54 357188  -23.77195  -47.11402     3510  33.3  1  0  5 10 0 0 0 1 1 0 0 1 0 1 1 0 0 0
2014   2 28  0  9 54 570034  -20.85845  -53.13852     2577  30.3  0  0  7 21 0 0 0 0 1 0 0 1 0 1 1 1 1 1
2014   2 28  0  9 54 624501  -20.87862  -53.11688     3171  24.3  0  0  5  9 0 0 0 0 1 0 0 1 0 1 1 0 0 1
2014   2 28  0  9 54 677452  -20.85210  -53.10255     3696  25.1  0  0  5  7 0 0 1 1 0 0 0 1 0 1 0 0 0 1
2014   2 28  0  9 54 737051    0.35880  -71.82147     3938   9.6  0  0  4  6 0 0 0 1 0 0 0 1 0 0 1 1 0 0
2014   2 28  0  9 54 961990  -20.84555  -52.96871     2893  23.0  0  0  6 13 0 0 1 1 1 0 0 1 0 0 1 0 0 1
2014   2 28  0  9 54 995497  -17.78851   15.38503    41375  33.6  1  0  5 10 0 0 0 1 1 0 0 1 0 1 1 0 0 0
2014   2 28  0  9 55  52798   -1.47506  -63.56726     4148  22.4  0  0  5  9 0 0 0 1 1 0 0 1 0 1 0 1 0 0
2014   2 28  0  9 55 533988    3.80861  -71.27646     3857  25.3  0  0  5  9 0 0 1 1 0 0 0 1 0 0 0 1 0 1
2014   2 28  0  9 55 730639    3.92077  -70.03602     4080  31.6  0  0  6 15 0 0 0 1 1 0 0 1 0 0 1 1 0 1
2014   2 28  0  9 55 987188  -16.29518  179.57922    10783  40.0  0  0  7 21 0 0 1 1 1 0 0 1 0 0 1 1 0 1
2014   2 28  0  9 56  77981  -10.02581  -75.61903     4173  45.4  1  0  6 15 0 0 1 1 0 0 0 0 0 1 1 1 0 1
2014   2 28  0  9 56  87622  -10.08494  -75.88123     4928  38.8  0  0  6 15 0 0 0 1 1 0 0 1 0 0 1 1 0 1
2014   2 28  0  9 56  94281  -16.16053  179.40431     8753  10.6  0  0  5 10 0 0 1 1 0 0 0 1 0 0 1 1 0 0
2014   2 28  0  9 56 220552    3.96861  -71.44070     4902  18.5  0  0  4  6 0 0 0 1 0 0 0 1 0 0 1 1 0 0
2014   2 28  0  9 56 308482  -10.20781  -75.84661     4473  12.7  0  0  4  6 0 0 0 1 0 0 0 1 0 0 1 1 0 0
2014   2 28  0  9 56 373047  -10.06067  -75.86292     5111  41.4  1  0  6 15 0 0 0 1 1 0 0 1 0 0 1 1 0 1
2014   2 28  0  9 56 627621  -12.76663  -57.06190     5326  43.8  1  0  5 10 0 0 0 1 1 0 0 1 0 0 1 0 0 1
2014   2 28  0  9 57 336923   22.58844  -86.56227    11816  48.0  1  0  6 13 0 0 1 1 1 0 0 1 0 0 1 1 0 0
2014   2 28  0  9 57 722027   -5.49190  -75.41311     5489  39.1  1  0  5 10 0 0 0 1 0 0 0 1 0 0 1 1 0 1
2014   2 28  0  9 57 932481   -0.67315  -72.36035     3687  49.4  0  0  7 21 0 0 1 1 1 0 0 1 0 0 1 1 0 1
2014   2 28  0  9 58 294869  -25.27706  -45.13175     2903  33.2  0  0  7 20 0 0 1 1 1 0 0 1 0 1 1 0 0 1
2014   2 28  0  9 58 384717  -29.96420 -165.06519    32372  54.5  1  0  6 15 0 0 1 1 1 0 0 0 0 0 1 1 0 1
2014   2 28  0  9 58 511293   23.05301  105.60853     4530   3.5  0  0  4  6 0 0 0 1 0 0 0 1 0 0 1 1 0 0
2014   2 28  0  9 58 696142   -4.77229  -53.72976     3108  51.1  1  0  7 21 0 0 0 1 1 0 0 1 0 1 1 1 0 1
2014   2 28  0  9 58 706257  -17.11848   20.90926    42384  45.6  1  0  5 10 0 0 1 1 1 0 0 0 0 0 1 0 0 1
2014   2 28  0  9 58 718062  -29.32539 -167.82306    28756  53.3  2  0  5 10 0 0 0 1 1 0 0 1 0 0 1 1 0 0
2014   2 28  0  9 59  94865  -14.52209   25.53108    28295  73.9  2  0  6 14 0 0 1 1 1 0 0 1 0 0 1 0 0 1
2014   2 28  0  9 59 268266    5.32307  -73.03716     5067  64.6  1  0  7 19 0 0 1 1 1 0 0 1 0 0 1 1 0 1
2014   2 28  0  9 59 703083  -16.32277  -49.89439     3725  83.2  2  0  7 21 0 0 1 1 1 0 0 1 0 1 1 0 0 1
2014   2 28  0  9 59 710802  -16.31242  -49.73104     3164  51.8  1  0  7 21 0 0 1 0 1 0 0 1 0 1 1 0 1 1
2014   2 28  0  9 59 754830  -16.33421  -49.69267     3708  53.4  1  0  6 14 0 0 1 1 1 0 0 1 0 0 1 0 0 1
2014   2 28  0  9 59 783616  -16.29396  -49.79919     3892  62.6  2  0  6 14 0 0 1 1 1 0 0 1 0 1 1 0 0 0
2014   2 28  0 10  0 287505  -13.15049  159.78682    10188  15.4  0  0  4  6 0 0 1 0 0 0 0 1 0 0 1 1 0 0
2014   2 28  0 10  0 495331  -12.70750  -57.09776     4785  70.5  2  0  6 15 0 0 1 1 1 0 0 1 0 0 1 0 0 1
2014   2 28  0 10  0 514218  -13.48882  -56.62987     5675  49.0  1  0  6 15 0 0 1 1 1 0 0 0 0 1 1 0 0 1
2014   2 28  0 10  0 639946  -14.11470  -55.24522     4122  76.9  2  0  7 21 0 0 1 1 1 0 0 1 0 1 1 0 0 1
2014   2 28  0 10  0 654236   -5.45345  -75.27650     6085  90.8  2  0  6 15 0 0 1 1 0 0 0 1 0 1 1 1 0 0
2014   2 28  0 10  0 800284   -4.41286  -74.23270     4537  74.2  2  0  7 21 0 0 1 1 1 0 0 1 0 0 1 1 0 1
2014   2 28  0 10  0 987591   -8.61087  -76.56920     9852  91.9  2  0  6 15 0 0 1 1 1 0 0 1 0 1 1 0 0 0
2014   2 28  0 10  1 318423  -20.71955  -54.56779     4008  80.8  2  0  7 17 0 0 1 1 1 0 0 1 0 1 1 0 0 1
2014   2 28  0 10  1 325243  -20.65333  -54.46650     3175  39.8  0  0  6 14 0 0 1 0 1 0 0 1 0 1 1 0 0 1
2014   2 28  0 10  1 443534   -4.60108  -74.37134    10446  90.5  2  0  6 15 0 0 1 1 0 0 0 1 0 1 1 0 0 1
2014   2 28  0 10  1 544281  -11.80163  -72.46624     4895  68.0  2  0  6 15 0 0 1 0 1 0 0 1 0 0 1 1 0 1
2014   2 28  0 10  2 513217  -23.20729  -45.69705     5265  90.7  2  0  6 15 0 0 1 1 1 0 0 1 0 0 1 0 0 1
2014   2 28  0 10  3 683831  -26.97989 -134.60764    17459  86.0  2  0  7 21 0 0 1 0 1 0 0 1 0 1 1 1 0 1
2014   2 28  0 10  4 921348  -13.06868  158.19682    14190 100.8  2  0  7 21 0 0 1 1 1 0 0 1 0 0 1 1 0 1
2014   2 28  0 10  4 941060  -12.77701  158.35603    10371  21.4  1  0  4  6 0 0 0 1 0 0 0 1 0 0 1 1 0 0
2014   2 28  0 10  5 208383  -19.16399  -50.85944     5027 100.8  2  0  6 14 0 0 1 0 1 0 0 1 0 1 1 0 0 1
2014   2 28  0 10  5 667601  -19.20121  -50.53075     3417  31.6  1  0  5 10 0 0 1 0 1 0 0 1 0 0 1 0 0 1
2014   2 28  0 10  5 686717  -19.17974  -50.58747     3246  16.2  0  0  4  6 0 0 1 0 0 0 0 1 0 0 1 0 0 1
2014   2 28  0 10  6  98894    3.84184  -71.25595     6478 106.5  2  0  7 20 0 0 1 0 1 0 0 1 0 1 1 1 0 1
2014   2 28  0 10  6 129386    4.11340  -71.71114     7470 115.4  2  0  6 14 0 0 1 1 1 0 0 1 0 0 1 1 0 0
2014   2 28  0 10  6 609984   -8.80294  -60.63568     3987  92.5  2  0  7 21 0 0 1 1 0 0 0 1 0 0 1 1 1 1
2014   2 28  0 10  7 724800  -25.22182  -45.40726     6252  89.9  2  0  7 16 0 0 1 0 1 0 0 1 0 1 1 1 0 1
2014   2 28  0 10  7 766621  -25.11983  -45.68305     4561  84.7  2  0  7 18 0 0 1 1 1 0 0 1 0 1 1 0 0 1
2014   2 28  0 10  8 696052   -8.77622  -76.65092    11740   4.3  0  0  5 10 0 0 0 1 1 0 0 0 0 1 1 0 0 1
2014   2 28  0 10  8 918988   -4.32884  -74.25150     2902  15.7  0  0  6 15 0 0 1 1 1 0 0 1 0 0 1 1 0 0
2014   2 28  0 10  8 961754    3.77740  -71.32323     3711   1.6  0  0  4  6 0 0 0 1 0 0 0 1 0 0 1 1 0 0
2014   2 28  0 10  9   9176    3.75070  -71.33318     4077  14.1  0  0  5  8 0 0 0 1 1 0 0 1 0 0 1 1 0 0
2014   2 28  0 10  9 586545   -4.47478  -73.86489     3408  17.6  0  0  6 15 0 0 0 1 1 0 0 1 0 0 1 1 0 1
2014   2 28  0 10  9 694345   -4.44609  -73.88409     3593   1.8  0  0  4  6 0 0 0 1 0 0 0 1 0 0 1 1 0 0
2014   2 28  0 10  9 736179  -23.72671  -47.81180     3632  40.9  1  0  6 12 0 0 1 1 1 0 0 1 0 0 1 0 0 1
2014   2 28  0 10  9 785810    2.51234  -71.40862     3189  19.3  0  0  7 21 0 0 0 1 1 0 0 1 0 1 1 1 0 1
2014   2 28  0 10  9 811244    2.32671  -71.13198     4437  15.2  0  0  6 15 0 0 1 1 1 0 0 1 0 0 1 0 0 1
2014   2 28  0 10  9 839064    2.28795  -71.09303     4196  18.5  0  0  7 17 0 0 1 1 1 0 0 1 0 1 1 0 0 1
2014   2 28  0 10 10 352672    3.88335  -71.34013     3851   5.8  0  0  4  6 0 0 0 1 0 0 0 1 0 0 1 1 0 0
2014   2 28  0 10 10 373406  -20.88407   47.97821    20349  18.4  0  0  5 10 0 0 1 1 1 0 0 0 0 0 1 0 0 1
2014   2 28  0 10 10 395121  -21.24406   47.36138    23532  18.1  0  0  5  8 0 0 1 1 1 0 0 0 0 0 1 0 0 1
2014   2 28  0 10 10 410909  -20.89500   47.95070    20912  19.4  0  0  5 10 0 0 1 1 1 0 0 0 0 0 1 0 0 1
2014   2 28  0 10 10 461339  -20.68902   48.37014    24906  14.0  0  0  4  6 0 0 1 1 0 0 0 0 0 0 1 0 0 1
2014   2 28  0 10 10 717546    5.82033  -75.75461     8665   9.7  0  0  4  6 0 0 1 1 0 0 0 1 0 0 1 0 0 0
2014   2 28  0 10 10 977859  -25.43496  -45.02243     3662  21.0  0  0  5  9 0 0 1 1 1 0 0 1 0 0 1 0 0 0
2014   2 28  0 10 11 178632    3.71732  -68.44358     3418  31.6  0  0  6 15 0 0 1 1 1 0 0 1 0 0 0 1 0 1
2014   2 28  0 10 11 394814  -14.91272  -53.59084     3035  28.2  0  0  6 15 0 0 1 1 1 0 0 1 0 0 1 0 0 1
2014   2 28  0 10 11 532236  -14.89902  -53.60519     3857  30.3  1  0  5 10 0 0 0 1 1 0 0 1 0 0 1 0 0 1
2014   2 28  0 10 11 742034  -14.95406  -53.61624     2977  37.6  0  0  7 21 0 0 1 1 1 0 0 1 0 1 1 0 0 1
2014   2 28  0 10 12 803813   -4.24958  -74.64996     5516  47.8  1  0  5 10 0 0 1 1 1 0 0 0 0 0 1 1 0 0
2014   2 28  0 10 12 906711   -4.24161  -74.70753     4058  44.8  1  0  6 15 0 0 1 1 1 0 0 1 0 0 1 1 0 0
2014   2 28  0 10 13 361669   -7.78672  -73.53782     5674  54.9  2  0  5 10 0 0 1 1 1 0 0 0 0 0 1 1 0 0
2014   2 28  0 10 13 374021   -7.80412  -73.57729     4234  51.8  1  0  6 15 0 0 1 1 1 0 0 1 0 0 1 1 0 0
2014   2 28  0 10 13 930047   -3.53828  -63.47922     3739  53.6  1  0  7 21 0 0 0 1 1 0 0 1 0 1 1 1 0 1
2014   2 28  0 10 14 855268   -5.34837  -75.06474     5315  21.6  1  0  4  6 0 0 0 1 0 0 0 1 0 0 1 1 0 0
2014   2 28  0 10 15 151291  -23.88905  -51.41330     2694   1.6  0  0  4  6 0 0 1 0 0 0 0 0 0 1 1 0 0 1
2014   2 28  0 10 15 293949  -14.43211  178.78462    30686  34.0  1  0  5  7 0 0 1 1 0 0 0 1 0 0 1 1 0 0
2014   2 28  0 10 15 507943  -25.20921  -45.07563     5559  45.4  1  0  5 10 0 0 1 0 1 0 0 1 0 0 1 0 0 1
2014   2 28  0 10 16  48883    4.40346  -55.09785     4697  35.8  1  0  5 10 0 0 0 1 0 0 0 0 0 1 1 1 0 1
2014   2 28  0 10 16 119215  -12.48071  171.25375     9253   2.4  0  0  4  6 0 0 1 1 0 0 0 1 0 0 0 1 0 0
2014   2 28  0 10 16 195227   -5.37235  -75.40930     4128  19.3  0  0  4  6 0 0 1 1 0 0 0 1 0 0 0 1 0 0
2014   2 28  0 10 16 301598   -5.44951  -75.28072     4761  59.9  1  0  6 15 0 0 1 1 0 0 0 1 0 0 1 1 0 1
2014   2 28  0 10 16 320314   -5.48983  -75.20307     4596  74.2  2  0  7 21 0 0 1 1 1 0 0 1 0 0 1 1 0 1
2014   2 28  0 10 16 334145   -5.40240  -75.38802     4527  31.5  1  0  5  9 0 0 1 1 0 0 0 1 0 0 1 1 0 0
2014   2 28  0 10 16 396957  -23.58097  -50.99584     2872  38.1  0  0  7 17 0 0 1 1 0 0 0 1 0 1 1 1 0 1
2014   2 28  0 10 16 496328   -5.32564  -47.59945     3145  61.9  1  0  7 21 0 0 1 0 1 0 0 0 0 1 1 1 1 1
2014   2 28  0 10 16 774900    3.34657  -70.99826    31697  78.5  2  0  5 10 0 0 0 1 1 0 0 1 0 0 1 0 0 1
2014   2 28  0 10 17   3506    2.90542  -70.66548    11742  81.7  2  0  6 15 0 0 1 1 1 0 0 1 0 1 0 0 0 1
2014   2 28  0 10 17 297204   -5.22086  -75.85866     6027  36.6  1  0  4  6 0 0 1 1 0 0 0 0 0 0 1 1 0 0
2014   2 28  0 10 19 693674  -12.75459  -57.46710     9158 114.4  2  0  6 11 0 0 0 1 1 0 0 1 0 1 1 1 0 0
2014   2 28  0 10 19 940356  -17.84234  -67.68533     5428 136.3  2  0  7 21 0 0 1 1 1 0 0 1 0 1 0 1 0 1
2014   2 28  0 10 20 152341    4.12496  -70.65874     5528  49.8  1  0  5  9 0 0 1 1 0 0 0 1 0 0 1 1 0 0
2014   2 28  0 10 20 551011  -25.26113  -45.49187     4777  73.7  2  0  6 15 0 0 1 1 1 0 0 1 0 0 1 0 0 1
2014   2 28  0 10 20 665825   -4.32406  -74.03383     5796 102.0  2  0  7 21 0 0 1 0 1 0 0 1 0 1 1 1 0 1
2014   2 28  0 10 21 611823   10.82560  -48.75941     6013   5.8  0  0  4  6 0 0 0 0 0 0 0 0 0 1 1 1 0 1
2014   2 28  0 10 22 108827    8.09408  -73.02067    20189 109.1  2  0  6 15 0 0 1 1 1 0 0 1 0 0 1 0 0 1
2014   2 28  0 10 22 677520  -23.13824 -142.02621    16308  23.3  1  0  4  6 0 0 1 0 0 0 0 1 0 0 1 1 0 0
2014   2 28  0 10 23 293471    3.94145  -72.01375    10462 124.4  2  0  6 15 0 0 0 1 1 0 0 1 0 0 1 1 0 1
2014   2 28  0 10 23 434926   11.17801 -120.09568    26680  10.3  0  0  4  6 0 0 0 1 0 0 0 0 0 1 0 1 0 1
2014   2 28  0 10 23 792941  -14.28473  -56.15225     8073  90.2  2  0  6 15 0 0 1 1 1 0 0 0 0 1 1 0 0 1
2014   2 28  0 10 23 811876  -12.83998  -56.70835     5287  35.2  1  0  4  6 0 0 1 0 0 0 0 1 0 0 1 0 0 1
2014   2 28  0 10 24 684646  -19.67644 -138.73416     9537   0.8  0  0  4  6 0 0 1 1 0 0 0 0 0 0 1 1 0 0
2014   2 28  0 10 24 846714   -5.58196  -75.00535     3170  20.3  0  0  6 15 0 0 1 0 1 0 0 1 0 0 1 1 0 1
2014   2 28  0 10 25 352453   -2.68434  -48.02447     4316  16.3  0  0  5  7 0 0 0 1 1 0 0 1 0 0 0 1 0 1
2014   2 28  0 10 25 445549    3.97925  -71.05421     3928  30.6  0  0  6 14 0 0 1 0 1 0 0 1 0 0 1 1 0 1
2014   2 28  0 10 25 572286   -5.28036  -41.74474     4105  17.6  0  0  5  9 0 0 0 1 1 0 0 1 0 0 1 0 0 1
2014   2 28  0 10 25 645411   -5.51383  -74.91092     3421  28.4  0  0  6 15 0 0 1 1 1 0 0 0 0 1 0 1 0 1
2014   2 28  0 10 25 709434  -10.08586  -75.57515     2982  18.2  0  0  6 15 0 0 1 1 0 0 0 1 0 0 1 1 0 1
2014   2 28  0 10 26  39027  -22.40186  -46.80344     3833  33.6  1  0  5 10 0 0 1 0 1 0 0 1 0 1 1 0 0 0
2014   2 28  0 10 26  59415  -22.43377  -46.72781     2752  18.7  0  0  6 13 0 0 1 1 1 0 0 1 0 0 1 0 0 1
2014   2 28  0 10 26 184248  -22.44184  -46.71900     2623  18.3  0  0  6 14 0 0 1 1 1 0 0 1 0 0 1 0 0 1
2014   2 28  0 10 26 434860    3.84737  -70.15884     5705  23.8  0  0  5  7 0 0 1 1 1 0 0 1 0 0 0 1 0 0
2014   2 28  0 10 26 679209   -5.39500  -73.21632     8096  19.4  0  0  5 10 0 0 1 1 1 0 0 0 0 1 0 0 0 1
2014   2 28  0 10 26 728832   -4.49007  -73.94368     4466  33.1  1  0  5 10 0 0 1 0 1 0 0 1 0 0 1 1 0 0
2014   2 28  0 10 26 771087   -4.47846  -73.95481     3556  29.6  0  0  6 15 0 0 1 0 1 0 0 1 0 0 1 1 0 1
2014   2 28  0 10 26 816834   -4.47224  -74.14231     3462  12.2  0  0  5 10 0 0 0 1 0 0 0 1 0 0 1 1 0 1
2014   2 28  0 10 26 821598  -19.83060 -135.65724    18326  32.4  1  0  4  6 0 0 1 1 1 0 0 0 0 0 0 1 0 0
2014   2 28  0 10 26 855123   -4.48075  -73.93802     3930  38.2  0  0  6 15 0 0 1 0 0 0 0 1 0 1 1 1 0 1
2014   2 28  0 10 26 900274   -4.47370  -73.98195     3361  38.6  0  0  7 21 0 0 1 1 0 0 0 1 0 1 1 1 0 1
2014   2 28  0 10 26 940851   -4.50413  -73.89536     5186  45.8  1  0  5 10 0 0 1 0 1 0 0 1 0 1 0 1 0 0
2014   2 28  0 10 27  21524   -4.48185  -73.89878     3551  39.4  0  0  7 21 0 0 1 0 1 0 0 1 0 1 1 1 0 1
2014   2 28  0 10 28 296598  -17.53853 -138.95995    11732   1.1  0  0  4  6 0 0 0 1 0 0 0 1 0 0 1 1 0 0
2014   2 28  0 10 28 326594  -17.68576 -137.36617    14958  41.2  1  0  5 10 0 0 1 1 1 0 0 0 0 0 0 1 0 1
2014   2 28  0 10 28 367204  -23.52884  -45.79814     4672  46.6  1  0  5 10 0 0 0 1 1 0 0 1 0 0 1 0 0 1
2014   2 28  0 10 28 395700  -17.67112 -137.75974     8860  40.6  0  0  7 21 0 0 1 1 1 0 0 1 0 0 1 1 0 1
2014   2 28  0 10 29  25852  -26.15331 -137.69441   117157  49.5  1  0  5 10 0 0 1 1 0 0 0 0 0 1 1 0 0 1
2014   2 28  0 10 29  64393  -27.27002 -138.42751    24457  22.9  1  0  4  6 0 0 0 1 0 0 0 1 0 0 0 1 0 1
2014   2 28  0 10 29  81615  -27.92804 -134.20329    34519  43.8  1  0  5 10 0 0 1 1 1 0 0 1 0 0 1 0 0 0
2014   2 28  0 10 29 123583  -27.26245 -136.17407    10747  46.5  0  0  7 21 0 0 1 1 1 0 0 1 0 0 1 1 0 1
2014   2 28  0 10 29 210889  -15.96672  -49.37053     3464  38.7  0  0  6 14 0 0 1 1 1 0 0 1 0 0 1 0 0 1
2014   2 28  0 10 29 377841  -17.92796  -67.63844     4442  24.3  0  0  5  8 0 0 1 1 0 0 0 1 0 0 1 0 0 1
2014   2 28  0 10 29 453941  -17.98715  -67.41901     4038  29.0  0  0  5 10 0 0 1 0 1 0 0 1 0 0 1 0 0 1
2014   2 28  0 10 29 468702  -15.99380  -49.37760     3994  39.2  1  0  5  9 0 0 0 1 1 0 0 1 0 0 1 0 0 1
2014   2 28  0 10 29 562959  -23.27159  -51.10196     4512  28.6  0  0  5  7 0 0 1 1 0 0 0 1 0 0 1 0 0 1
2014   2 28  0 10 30 764072  -25.19884  -45.33061     3537  40.4  1  0  6 15 0 0 1 1 1 0 0 1 0 0 1 0 0 1
2014   2 28  0 10 31  96982  -12.77155  -56.89884     3668  25.6  0  0  5 10 0 0 1 0 1 0 0 1 0 0 1 0 0 1
2014   2 28  0 10 31 429297  -14.63462  -53.90519     5574  60.8  2  0  5 10 0 0 0 0 1 0 0 1 0 1 1 0 0 1
2014   2 28  0 10 31 582356  -23.22648  -46.05344     4384 100.8  2  0  7 20 0 0 1 1 0 0 0 1 0 1 1 1 0 1
2014   2 28  0 10 32 177400   -8.88572  -60.40288     4129  77.1  2  0  7 20 0 0 1 0 1 0 0 1 0 1 1 1 0 1
2014   2 28  0 10 32 751112  -25.23726  -45.44872     6008  50.7  2  0  5  9 0 0 0 0 1 0 0 1 0 1 1 0 0 1
2014   2 28  0 10 32 944965  -20.83149  -53.07293     3596  88.4  2  0  7 21 0 0 1 1 1 0 0 1 0 1 1 0 0 1
2014   2 28  0 10 33  74339  -19.77185  -48.17332     5553  67.4  2  0  6 11 0 0 1 1 1 0 0 1 0 0 1 0 0 1
2014   2 28  0 10 33 769113   -4.98479  -75.89388     4086  18.2  0  0  4  6 0 0 1 1 0 0 0 1 0 0 0 1 0 0
2014   2 28  0 10 34 194320   -4.45204  -74.11221     7442  77.2  2  0  5 10 0 0 1 0 1 0 0 1 0 0 1 1 0 0
2014   2 28  0 10 34 283650   -4.57659  -74.73540     7705 100.9  2  0  7 21 0 0 0 1 1 0 0 1 0 1 1 1 0 1
2014   2 28  0 10 34 360407   -5.04469  -75.69318     6222  91.4  2  0  6 15 0 0 1 1 1 0 0 1 0 0 1 1 0 0
2014   2 28  0 10 34 371708   -4.51322  -74.66083     7703  84.5  2  0  6 15 0 0 0 1 1 0 0 1 0 0 1 1 0 1
2014   2 28  0 10 36  99753  -24.98272  -47.52322     3701  65.0  1  0  7 19 0 0 1 1 1 0 0 1 0 1 1 0 0 1
2014   2 28  0 10 36 480873   -3.77195  -75.47411     5799 106.1  2  0  7 21 0 0 1 1 1 0 0 1 0 0 1 1 0 1
2014   2 28  0 10 36 490884   -3.85816  -75.13250     6120 106.8  2  0  7 21 0 0 1 0 1 0 0 1 0 1 1 1 0 1
2014   2 28  0 10 36 602270  -18.43986 -141.20984    25592 113.0  2  0  6 15 0 0 1 1 1 0 0 1 0 0 0 1 0 1
2014   2 28  0 10 36 627679  -18.43755 -141.12764    25485 112.7  2  0  6 15 0 0 1 1 1 0 0 1 0 0 0 1 0 1
2014   2 28  0 10 36 671797  -24.13852  -50.17792     3458   8.7  0  0  5  9 0 0 1 1 1 0 0 0 0 0 1 0 0 1
2014   2 28  0 10 36 898983  -23.17329  -51.35152     3452  72.2  2  0  7 18 0 0 1 1 1 0 0 1 0 1 1 0 0 1
2014   2 28  0 10 37 119601  -11.16005  -52.86313     4112  94.9  2  0  7 21 0 0 0 1 1 0 0 1 0 1 1 1 0 1
2014   2 28  0 10 37 126692  -11.15951  -52.48639     6688 103.2  2  0  6 14 0 0 1 1 1 0 0 1 0 0 1 0 0 1
2014   2 28  0 10 37 189361    3.04351  -71.25431     8610 140.7  2  0  7 20 0 0 1 1 1 0 0 0 0 1 1 1 0 1
2014   2 28  0 10 37 221728  -12.13758  -74.30637     7161 118.3  2  0  6 15 0 0 1 0 0 0 0 1 0 1 1 1 0 1
2014   2 28  0 10 37 568311    5.71281  -76.84013     7150  86.0  2  0  6 15 0 0 1 1 0 0 0 1 0 0 1 1 0 1
2014   2 28  0 10 37 604375    5.71004  -76.81219     7161  86.2  2  0  6 15 0 0 1 1 0 0 0 1 0 0 1 1 0 1
2014   2 28  0 10 37 667036    5.41584  -75.93346     6608  46.6  1  0  5 10 0 0 1 0 1 0 0 0 0 0 1 1 0 1
2014   2 28  0 10 38 327317  -23.26084  -46.00285     4967 124.0  2  0  7 21 0 0 1 1 1 0 0 1 0 1 1 0 0 1
2014   2 28  0 10 38 544897   -2.43883  -50.18348     4076  98.3  2  0  7 19 0 0 1 0 1 0 0 1 0 0 1 1 1 1
2014   2 28  0 10 38 590201  -12.87295  -57.23708     6560 116.1  2  0  6 15 0 0 1 1 1 0 0 1 0 0 1 0 0 1
2014   2 28  0 10 39 134995   -8.80634  -56.09272     5380 130.9  2  0  7 21 0 0 1 0 1 0 0 1 0 1 1 1 0 1
2014   2 28  0 10 39 897583   -4.73004  -76.17550     6860 134.4  2  0  7 21 0 0 1 1 1 0 0 1 0 0 1 1 0 1
2014   2 28  0 10 40 498245  -18.40628 -136.34363     6190   2.0  0  0  5 10 0 0 1 0 1 0 0 1 0 0 1 1 0 0
2014   2 28  0 10 40 787607    3.81085  -71.31422     2862   1.3  0  0  6 15 0 0 0 1 1 0 0 1 0 0 1 1 0 1
2014   2 28  0 10 40 927800  -12.71826  -57.04112     2730   3.7  0  0  5 10 0 0 1 1 1 0 0 1 0 0 1 0 0 0
2014   2 28  0 10 41  22927  -12.70211  -57.06026     3066   3.6  0  0  5  8 0 0 1 1 1 0 0 1 0 0 1 0 0 0
2014   2 28  0 10 41 109176  -12.72774  -57.07812     2524   9.2  0  0  7 17 0 0 1 0 1 0 0 1 0 1 1 1 0 1
2014   2 28  0 10 41 152151  -12.72894  -57.03422     3006   3.3  0  0  5  9 0 0 0 1 1 0 0 1 0 0 1 0 0 1
2014   2 28  0 10 41 697235    6.28112  -74.00985     5375   5.8  0  0  5 10 0 0 1 1 1 0 0 1 0 0 1 0 0 0
2014   2 28  0 10 41 839805   -7.49453  -74.23307     4113  18.2  0  0  6 15 0 0 0 1 1 0 0 0 0 1 1 1 0 1
2014   2 28  0 10 42  46067    6.23012  -73.93507     7984   9.8  0  0  4  6 0 0 1 1 1 0 0 1 0 0 0 0 0 0
2014   2 28  0 10 42 118052    6.30294  -73.96754     2982  13.1  0  0  7 18 0 0 1 0 1 0 0 1 0 1 1 1 0 1
2014   2 28  0 10 42 618783    3.82395  -71.30225     3415   9.9  0  0  5  8 0 0 1 0 1 0 0 1 0 0 1 1 0 0
2014   2 28  0 10 43  51539   -4.39516  -74.25848     2984  18.5  0  0  6 15 0 0 1 1 1 0 0 1 0 0 1 1 0 0
2014   2 28  0 10 43 156964   -4.35372  -74.10014     4557  63.2  1  0  7 18 0 0 1 1 1 0 0 1 0 0 1 1 1 0
2014   2 28  0 10 43 557487  -18.26734 -143.56766     6731   5.1  0  0  5 10 0 0 1 1 0 0 0 1 0 0 1 1 0 0
2014   2 28  0 10 44 722986  -25.16974  -45.06181     3356  22.6  0  0  5 10 0 0 0 1 1 0 0 1 0 0 1 0 0 1
2014   2 28  0 10 45 397912   -3.49368  -63.41441     3546  37.0  0  0  6 15 0 0 0 1 1 0 0 1 0 0 1 1 0 1
2014   2 28  0 10 45 697971   -5.01601  -75.80434     3948  40.4  1  0  6 15 0 0 1 1 1 0 0 1 0 0 1 1 0 0
2014   2 28  0 10 45 954960   -5.00024  -75.94299     5084  18.1  0  0  4  6 0 0 0 1 0 0 0 1 0 0 1 1 0 0
2014   2 28  0 10 46 565433  -24.10389 -136.82953    11496  42.5  1  0  6 15 0 0 1 1 1 0 0 1 0 0 1 1 0 0
2014   2 28  0 10 46 739659   -4.24726  -74.59319     5419  22.9  1  0  4  6 0 0 0 1 0 0 0 1 0 0 1 1 0 0
2014   2 28  0 10 47   4902  -12.79234  -57.06435     3771  58.1  1  0  7 21 0 0 1 1 1 0 0 1 0 1 1 0 0 1
2014   2 28  0 10 47 300715  -17.85615  -67.69324     4024  79.7  2  0  7 21 0 0 1 1 1 0 0 1 0 1 0 1 0 1
2014   2 28  0 10 48  18810  -17.25827   27.65541    30800  32.5  1  0  5  7 0 0 1 0 1 0 0 1 0 0 1 0 0 1
2014   2 28  0 10 48  23188   -0.22035  -72.85663     4454  43.6  0  0  7 21 0 0 0 1 1 0 0 1 0 1 0 1 1 1
2014   2 28  0 10 48  48928   -0.28763  -72.08294    11939  58.6  2  0  5 10 0 0 1 1 1 0 0 1 0 0 1 0 0 0
2014   2 28  0 10 48  62508   -5.52003  -75.55961    11409  66.9  2  0  5 10 0 0 0 1 1 0 0 0 0 0 1 1 0 1
2014   2 28  0 10 48  71237   -0.09269  -72.24753     3952  57.0  1  0  7 21 0 0 1 1 1 0 0 1 0 0 1 1 0 1
2014   2 28  0 10 48  98733   -0.02735  -72.35993     4046  29.9  0  0  5 10 0 0 1 1 0 0 0 1 0 0 1 1 0 0
2014   2 28  0 10 48 250238  -18.92609   24.65592    42853  46.9  1  0  5 10 0 0 1 1 1 0 0 0 0 0 1 0 0 1
2014   2 28  0 10 48 367279  -23.12463  -45.75643     4196  86.6  2  0  7 21 0 0 1 1 1 0 0 1 0 0 1 1 0 1
2014   2 28  0 10 48 368287   -0.01918  -72.46635     4656  25.2  0  0  5  7 0 0 1 1 1 0 0 0 0 0 1 1 0 0
2014   2 28  0 10 48 539690    6.40541  -74.16557     7265  81.8  2  0  6 12 0 0 1 1 0 0 0 1 0 1 1 1 0 0
2014   2 28  0 10 48 602822  -19.21297  -50.90872     3605  63.2  2  0  6 14 0 0 0 1 1 0 0 1 0 1 1 0 0 1
2014   2 28  0 10 49 238999    2.00663  -70.27708    19155  50.6  2  0  5 10 0 0 1 1 1 0 0 0 0 0 1 0 0 1
2014   2 28  0 10 49 858459   -5.49458  -75.01260     4718  73.0  2  0  7 21 0 0 1 0 1 0 0 1 0 1 1 1 0 1
2014   2 28  0 10 49 952037   -4.26647  -74.37013     4733  73.0  2  0  7 21 0 0 1 0 1 0 0 1 0 1 1 1 0 1
2014   2 28  0 10 49 965008   -4.18301  -74.69855     5325  73.7  2  0  6 15 0 0 1 1 1 0 0 1 0 0 1 1 0 0
2014   2 28  0 10 50 120884   -4.22704  -74.46010     4744  54.6  1  0  6 15 0 0 1 0 1 0 0 1 0 0 1 1 0 1
2014   2 28  0 10 50 133598   -4.25498  -74.94594     7204  75.4  2  0  6 15 0 0 0 1 1 0 0 1 0 0 1 1 0 1
2014   2 28  0 10 50 143961   -4.36285  -74.22854     4638  76.9  2  0  7 21 0 0 1 1 1 0 0 1 0 0 1 1 0 1
2014   2 28  0 10 50 201844   -4.37745  -74.03760     4762  55.9  1  0  6 15 0 0 1 0 1 0 0 1 0 0 1 1 0 1
2014   2 28  0 10 50 253259   -4.42246  -73.97404     4790  75.7  2  0  7 21 0 0 1 0 1 0 0 1 0 1 1 1 0 1
2014   2 28  0 10 51 523673    1.64491  -73.54357     5838 106.5  2  0  7 21 0 0 1 1 0 0 0 1 0 1 1 1 0 1
2014   2 28  0 10 51 663931   -6.13732  -74.55128    10763 105.4  2  0  6 15 0 0 1 1 1 0 0 1 0 1 0 0 0 1
2014   2 28  0 10 52 206708  -21.88305  -52.43097     4087  99.5  2  0  7 19 0 0 1 1 0 0 0 1 0 1 1 1 0 1
2014   2 28  0 10 52 312676  -26.88072 -137.98094    21256  86.0  2  0  6 15 0 0 1 1 1 0 0 1 0 0 1 1 0 0
2014   2 28  0 10 53 403207  -12.82317  -57.08712     5987 101.2  2  0  6 15 0 0 1 1 1 0 0 1 0 0 1 0 0 1
2014   2 28  0 10 54 146000    6.65493  -84.98077    10712 106.8  2  0  6 15 0 0 1 1 1 0 0 1 0 0 1 1 0 0
2014   2 28  0 10 54 315240  -19.00665  -51.13205     3558  75.9  2  0  7 19 0 0 1 1 1 0 0 0 0 1 1 1 0 1
2014   2 28  0 10 54 505327  -25.11917  -45.34055     6130  78.9  2  0  6 12 0 0 1 0 1 0 0 1 0 1 1 0 0 1
2014   2 28  0 10 54 517196  -25.08299  -45.50747     4923  79.5  2  0  6 15 0 0 1 1 1 0 0 1 0 0 1 0 0 1
2014   2 28  0 10 54 810067    4.14233  -71.87608     7071 103.6  2  0  6 13 0 0 1 1 1 0 0 1 0 0 1 1 0 0
2014   2 28  0 10 55 437604  -23.64716  -45.38179     4019   4.5  0  0  4  6 0 0 1 0 0 0 0 1 0 0 1 0 0 1
2014   2 28  0 10 55 895395   -4.86922  -78.74240     7142  18.4  0  0  5 10 0 0 0 1 1 0 0 0 0 1 0 1 0 1
2014   2 28  0 10 56  60516  -14.35476  -51.68549     2484   9.0  0  0  6 15 0 0 1 1 1 0 0 1 0 0 1 0 0 1
2014   2 28  0 10 56  70015  -14.35603  -51.67694     2455   7.5  0  0  6 15 0 0 1 1 1 0 0 1 0 0 1 0 0 1
2014   2 28  0 10 56 208281   -5.63236  -75.00321     2639   6.5  0  0  6 15 0 0 1 1 1 0 0 1 0 0 1 1 0 0
2014   2 28  0 10 56 385594  -16.52622 -177.48384    34169  12.9  0  0  4  6 0 0 1 1 0 0 0 1 0 0 1 0 0 0
2014   2 28  0 10 56 539091  -11.95555  -72.39649     2937   9.4  0  0  5 10 0 0 1 0 1 0 0 1 0 0 1 1 0 0
2014   2 28  0 10 56 668305    5.07606  -73.05081     4079   5.1  0  0  4  6 0 0 0 1 0 0 0 1 0 0 1 1 0 0
2014   2 28  0 10 56 806554   -5.38100  -75.15598     2629  13.1  0  0  7 21 0 0 1 1 1 0 0 1 0 1 0 1 0 1
2014   2 28  0 10 57  61732  -12.05393  -72.03305     4115   4.3  0  0  5  7 0 0 1 1 1 0 0 1 0 0 1 0 0 0
2014   2 28  0 10 57  69298  -11.98206  -72.10661     2547  13.4  0  0  7 21 0 0 1 1 1 0 0 1 0 0 1 1 0 1
2014   2 28  0 10 57 235625  -22.49952 -135.88406    11262  12.4  0  0  5 10 0 0 0 0 1 0 0 1 0 0 1 1 0 1
2014   2 28  0 10 57 254902  -22.50668 -135.84984    11570  13.1  0  0  5 10 0 0 0 1 0 0 0 1 0 0 1 1 0 1
2014   2 28  0 10 57 376824  -12.09907  -71.97262     7091  11.1  0  0  4  6 0 0 1 1 0 0 0 0 0 0 1 0 0 1
2014   2 28  0 10 58    339    3.83135  -71.29301     2644  11.8  0  0  7 21 0 0 1 1 1 0 0 1 0 0 1 1 0 1
2014   2 28  0 10 58 151205  -15.80698  -49.29630     2515   7.9  0  0  6 14 0 0 1 1 1 0 0 1 0 0 1 0 0 1
2014   2 28  0 10 58 629054    3.74617  -71.28201     3039  14.8  0  0  6 15 0 0 1 0 1 0 0 1 0 0 1 1 0 1
2014   2 28  0 10 59 313395    3.48988  -71.15500     9786  22.0  1  0  4  6 0 0 1 1 0 0 0 1 0 0 0 0 0 1
2014   2 28  0 10 59 357589    3.66630  -71.30485     2971  22.6  0  0  7 20 0 0 1 1 1 0 0 1 0 0 1 1 0 1
2014   2 28  0 10 59 423453  -20.93396 -135.91840    10051  21.1  0  0  5 10 0 0 1 0 1 0 0 1 0 0 1 1 0 0
2014   2 28  0 11  0 308666  -25.43411  -45.19711     3282  32.7  0  0  6 15 0 0 1 1 1 0 0 1 0 0 1 0 0 1
2014   2 28  0 11  0 516150  -25.43003  -45.20828     3247  32.2  0  0  6 15 0 0 1 1 1 0 0 1 0 0 1 0 0 1
2014   2 28  0 11  0 563284  -25.29340  -45.26819     7369  25.9  0  0  5  7 0 0 0 1 1 0 0 1 0 1 0 0 0 1
2014   2 28  0 11  0 628050  -14.74100  -57.68987     3536  12.5  0  0  4  6 0 0 1 0 0 0 0 1 0 0 1 0 0 1
2014   2 28  0 11  0 764534  -12.81219  -57.09988     3115  37.4  0  0  7 21 0 0 0 1 1 0 0 1 0 1 1 1 0 1
2014   2 28  0 11  1 352248  -13.31596  -71.05828     3947  32.5  1  0  5  9 0 0 1 0 1 0 0 0 0 1 0 1 0 1
2014   2 28  0 11  1 617140  -15.87841  -49.01226     2773  37.8  0  0  7 21 0 0 1 1 1 0 0 1 0 1 1 0 0 1
2014   2 28  0 11  1 662620  -18.24916  -50.80106     3637  56.3  1  0  6 15 0 0 1 0 1 0 0 0 0 1 1 1 0 1
2014   2 28  0 11  1 974995  -15.87925  -49.02168     2825  40.7  0  0  7 21 0 0 1 1 1 0 0 1 0 1 1 0 0 1
2014   2 28  0 11  2  77194  -25.35610  -45.09191     4032  37.8  1  0  5 10 0 0 1 1 1 0 0 0 0 0 1 0 0 1
2014   2 28  0 11  2 107512  -13.59725  -52.37664     3561  42.6  1  0  6 15 0 0 1 0 1 0 0 1 0 1 1 0 0 1
2014   2 28  0 11  2 623176  -23.16387  -50.58540     3246  58.1  1  0  7 16 0 0 1 1 1 0 0 1 0 1 1 0 0 1
2014   2 28  0 11  2 954405  -23.18992  -50.49604     4185  67.1  2  0  6 11 0 0 0 1 1 0 0 1 0 1 1 0 0 1
2014   2 28  0 11  5  57078  -12.38934  -74.45509     5014  94.4  2  0  7 21 0 0 1 1 0 0 0 1 0 1 1 1 0 1
2014   2 28  0 11  5 214460   -3.50296  -63.45774     4322  84.5  2  0  7 21 0 0 1 1 1 0 0 1 0 1 0 1 0 1
2014   2 28  0 11  5 279301  -14.42571  -51.96329     4827  73.2  2  0  6 11 0 0 0 1 0 0 0 1 0 1 1 1 0 1
2014   2 28  0 11  5 320439  -12.81466  -57.08269     5394  84.9  2  0  6 15 0 0 1 1 0 0 0 1 0 1 1 0 0 1
2014   2 28  0 11  5 648596   -5.49131  -75.15073     7442 106.3  2  0  6 15 0 0 1 1 1 0 0 0 0 1 1 1 0 0
2014   2 28  0 11  5 866576  -23.29245  -51.06236     3712  92.4  2  0  7 20 0 0 1 1 1 0 0 1 0 1 1 0 0 1
2014   2 28  0 11  6 323725    3.99717  -71.51135     5558  74.7  2  0  6 14 0 0 1 1 1 0 0 1 0 0 1 1 0 0
2014   2 28  0 11  6 338691  -12.84557  -57.01216     4723  90.0  2  0  7 21 0 0 1 1 1 0 0 1 0 1 1 0 0 1
2014   2 28  0 11  6 504934   -6.08483  -54.03077     7272 144.6  2  0  7 20 0 0 1 1 1 0 0 1 0 0 1 0 1 1
2014   2 28  0 11  6 787139  -18.44090  -51.24962     5094  31.5  1  0  5 10 0 0 1 0 1 0 0 0 0 1 1 0 0 1
2014   2 28  0 11  7 158799   -5.46080  -47.10202     3287  68.6  1  0  7 21 0 0 0 1 1 0 0 0 0 1 1 1 1 1
2014   2 28  0 11  7 192297  -19.22845  -51.01887     2869  17.1  0  0  5 10 0 0 1 0 1 0 0 1 0 0 1 0 0 1
2014   2 28  0 11  7 203140  -25.19799  -45.01759     6309  56.5  2  0  5 10 0 0 1 0 1 0 0 1 0 0 1 0 0 1
2014   2 28  0 11  7 553583   -4.31613  -74.06812     5054  89.7  2  0  7 21 0 0 1 1 1 0 0 1 0 0 1 1 0 1
2014   2 28  0 11  7 580178  -26.84731 -114.37465    18596  74.9  2  0  5 10 0 0 1 0 1 0 0 1 0 0 0 1 0 1
2014   2 28  0 11  7 601995  -26.82309 -115.15001    12690  91.1  2  0  7 21 0 0 1 1 1 0 0 1 0 0 1 1 0 1
2014   2 28  0 11  8 183555  -23.30642  -45.67715     5616  99.5  2  0  6 15 0 0 1 1 1 0 0 1 0 0 1 0 0 1
2014   2 28  0 11  8 386215  -23.33055  -50.90247     4865  42.3  1  0  5  7 0 0 1 0 1 0 0 1 0 0 1 0 0 1
2014   2 28  0 11  8 392348    0.29700  -72.52703    14872 114.9  2  0  6 15 0 0 1 1 0 0 0 1 0 1 1 0 0 1
2014   2 28  0 11  8 590915  -25.34443  -45.52507     3964  64.5  2  0  6 15 0 0 1 1 1 0 0 1 0 1 0 0 0 1
2014   2 28  0 11  8 831299  -20.19470   22.12516    64689  76.8  2  0  5 10 0 0 1 1 1 0 0 0 0 0 1 0 0 1
2014   2 28  0 11  9  92201   -4.31718  -74.33033     5554 103.7  2  0  7 21 0 0 1 1 1 0 0 1 0 0 1 1 0 1
2014   2 28  0 11 10 630233   -0.47242  -71.63506    15680  26.3  1  0  4  6 0 0 1 1 0 0 0 0 0 1 0 0 0 1
2014   2 28  0 11 10 702518    4.74127  -74.65989     6954 108.0  2  0  7 21 0 0 1 0 1 0 0 1 0 1 1 1 0 1
2014   2 28  0 11 12 358033  -18.75672   65.98561     9183   9.2  0  0  5 10 0 0 1 1 1 0 0 1 0 0 0 0 0 1
2014   2 28  0 11 12 396488  -11.94117  -72.35333     2534   4.6  0  0  6 14 0 0 1 1 1 0 0 0 0 0 1 1 0 1
2014   2 28  0 11 12 400216  -18.72792   66.01487     9163   9.1  0  0  5 10 0 0 1 1 1 0 0 1 0 0 0 0 0 1
2014   2 28  0 11 12 621476  -11.94777  -72.40672     3427   3.0  0  0  5  9 0 0 0 1 0 0 0 0 0 1 1 1 0 1
2014   2 28  0 11 12 640820  -17.95430  -67.53967     2871   3.1  0  0  5 10 0 0 1 0 1 0 0 1 0 0 1 0 0 1
2014   2 28  0 11 12 843340  -13.57976  -51.34138     5296   2.0  0  0  4  6 0 0 1 0 0 0 0 1 0 1 1 0 0 0
2014   2 28  0 11 13  94722    3.83426  -71.43414     3788   7.2  0  0  5 10 0 0 0 1 1 0 0 1 0 0 0 1 0 1
2014   2 28  0 11 13 452039  -25.52156  -45.10614     3672  19.0  0  0  5  8 0 0 0 1 1 0 0 1 0 0 1 0 0 1
2014   2 28  0 11 13 541203  -21.35395  -48.38816     2544   2.9  0  0  5 10 0 0 1 1 1 0 0 1 0 0 1 0 0 0
2014   2 28  0 11 13 775593  -12.72645  -57.06409     3933  17.6  0  0  5  7 0 0 0 1 1 0 0 1 0 0 1 1 0 0
2014   2 28  0 11 13 790499  -12.75887  -57.02729     2934   6.6  0  0  5 10 0 0 0 1 1 0 0 1 0 0 1 0 0 1
2014   2 28  0 11 13 983415   -3.56822  -63.38594     3356   2.6  0  0  4  6 0 0 0 1 1 0 0 1 0 0 0 1 0 0
2014   2 28  0 11 14 561415  -19.12078  -50.72858     2792   4.4  0  0  5  8 0 0 1 0 1 0 0 1 0 0 1 0 0 1
2014   2 28  0 11 14 653151  -25.62216  -44.93430     4639  65.2  2  0  6 14 0 0 1 1 1 0 0 1 0 0 1 0 0 1
2014   2 28  0 11 14 818917   -5.66365  -75.50063     4846   9.7  0  0  4  6 0 0 0 0 0 0 0 1 0 1 0 1 0 1
2014   2 28  0 11 14 886410    5.12907  171.83356    13285  12.5  0  0  5 10 0 0 0 1 1 0 0 0 0 1 0 1 0 1
2014   2 28  0 11 14 954727  -17.29743 -138.05939     6779  15.8  0  0  6 15 0 0 1 1 1 0 0 0 0 0 1 1 0 1
2014   2 28  0 11 15   6896   -5.56087  -75.03870     2934  13.7  0  0  6 15 0 0 1 0 1 0 0 0 0 1 1 1 0 1
2014   2 28  0 11 15 295527    3.88554  -71.36038     3357  20.3  0  0  7 19 0 0 0 1 1 0 0 1 0 1 1 1 0 1
2014   2 28  0 11 15 330797  -17.23680 -140.05658    14659   5.7  0  0  4  6 0 0 0 1 0 0 0 1 0 0 0 1 0 1
2014   2 28  0 11 15 345235  -17.17952 -139.24818    12326   4.7  0  0  4  6 0 0 0 1 0 0 0 1 0 0 1 1 0 0
2014   2 28  0 11 15 656389    3.63070  -70.99023     4950  18.3  0  0  6 15 0 0 1 1 1 0 0 1 0 0 1 0 0 1
2014   2 28  0 11 15 753222  -24.84381  -45.44773     3064  25.1  0  0  6 13 0 0 1 1 1 0 0 1 0 0 1 0 0 1
2014   2 28  0 11 15 911741    3.74908  -71.28168     3444  34.8  0  0  7 20 0 0 1 1 1 0 0 1 0 1 1 1 0 0
2014   2 28  0 11 16  32820    3.77074  -71.29220     4084  23.9  0  0  6 14 0 0 0 1 1 0 0 1 0 0 1 1 0 1
2014   2 28  0 11 16  59782  -14.48749  -51.67517     3995  29.3  0  0  6 14 0 0 1 1 1 0 0 0 0 1 1 0 0 1
2014   2 28  0 11 16 343006   -5.07081  -76.24985     3341  25.6  0  0  6 15 0 0 1 1 0 0 0 1 0 0 1 1 0 1
2014   2 28  0 11 16 778163  -23.28133  -51.10437     3884  38.5  1  0  5  9 0 0 1 1 0 0 0 1 0 1 0 0 0 1
2014   2 28  0 11 16 804180  -23.51729  -50.80772     4283   7.6  0  0  4  6 0 0 1 1 0 0 0 0 0 0 1 0 0 1
2014   2 28  0 11 16 958495   -4.68023  -73.86160     4513  35.6  0  0  7 21 0 0 1 1 1 0 0 1 0 1 1 0 0 1
2014   2 28  0 11 17 209290  -10.30742  -75.49377     3648  44.5  0  0  7 21 0 0 1 0 1 0 0 1 0 1 1 1 0 1
2014   2 28  0 11 17 931393  -12.80308  -56.92768     3220  16.7  0  0  5 10 0 0 1 0 1 0 0 1 0 0 1 0 0 1
2014   2 28  0 11 18   8776   -3.87343  -62.92775     4443  31.2  0  0  6 14 0 0 1 0 1 0 0 1 0 1 1 0 0 1
2014   2 28  0 11 18  25547  -12.77235  -57.11210     4964  49.0  1  0  5 10 0 0 1 1 0 0 0 1 0 1 1 0 0 0
2014   2 28  0 11 18  50157   -3.69645  -63.25358     3538  37.5  0  0  6 15 0 0 0 1 1 0 0 1 0 0 1 1 0 1
2014   2 28  0 11 18 296234  -23.31172  -45.81275     5695  53.1  2  0  5 10 0 0 1 1 1 0 0 0 0 0 1 0 0 1
2014   2 28  0 11 18 435564    3.82092  -71.38501     4548  49.5  1  0  6 14 0 0 1 1 1 0 0 1 0 0 0 1 0 1
2014   2 28  0 11 18 444259    3.87106  -71.44380     4258  45.8  1  0  6 14 0 0 1 1 1 0 0 1 0 0 1 1 0 0
2014   2 28  0 11 19 262113   -1.27025  140.46053     6733  97.0  2  0  6 15 0 0 0 1 1 0 0 1 0 0 1 1 0 1
2014   2 28  0 11 19 312023  -19.51275 -137.31721     9282  22.1  0  0  5 10 0 0 1 1 0 0 0 1 0 0 1 1 0 0
2014   2 28  0 11 19 755106   -6.47679  -58.39821     3248  55.1  1  0  7 21 0 0 1 1 1 0 0 1 0 0 1 1 0 1
2014   2 28  0 11 20 421384   -8.95002  -60.34827     5030  57.9  1  0  6 15 0 0 1 1 1 0 0 1 0 0 1 0 0 1
2014   2 28  0 11 20 457777   -5.59584  -75.65239     7569  78.0  2  0  6 15 0 0 0 1 1 0 0 1 0 1 1 1 0 0
2014   2 28  0 11 20 823149  -23.47544  -48.21888     4135  86.3  2  0  7 17 0 0 1 1 0 0 0 1 0 1 1 1 0 1
2014   2 28  0 11 21  11445    6.65208  -85.10463     8491  78.2  2  0  6 15 0 0 1 1 1 0 0 1 0 0 1 1 0 0
2014   2 28  0 11 21  23442    6.34358  -84.78188     7585  69.0  2  0  6 15 0 0 1 1 1 0 0 1 0 0 1 1 0 0
2014   2 28  0 11 21 816156  -19.26877  -50.73124     3956  63.7  2  0  6 14 0 0 1 1 1 0 0 1 0 0 1 0 0 1
2014   2 28  0 11 22 290273   -4.20026  -75.31902     7283  75.3  2  0  6 15 0 0 0 1 1 0 0 1 0 0 1 1 0 1
2014   2 28  0 11 22 313996   -4.77521  -73.89980     6832  36.9  1  0  5 10 0 0 1 0 1 0 0 1 0 0 1 0 0 1
2014   2 28  0 11 23 169856  -12.12729  -74.54417     6159  93.7  2  0  6 15 0 0 1 1 1 0 0 0 0 0 1 1 0 1
2014   2 28  0 11 23 277914  -25.13019  -45.48335     3431  59.0  1  0  7 21 0 0 1 1 1 0 0 1 0 1 1 0 0 1
2014   2 28  0 11 23 889493   -4.13702  -76.31226     5563  74.0  2  0  6 15 0 0 1 1 0 0 0 1 0 0 1 1 0 1
2014   2 28  0 11 23 898043   -5.66035  -74.92632    20462  54.5  2  0  5  7 0 0 1 1 1 0 0 0 0 0 1 0 0 1
2014   2 28  0 11 23 922268  -18.59943  -66.93237    14359  81.2  2  0  5 10 0 0 1 1 1 0 0 0 0 0 1 0 0 1
2014   2 28  0 11 24 524898   -5.99346  -58.59977     3720  53.0  1  0  7 19 0 0 0 1 1 0 0 1 0 1 0 1 1 1
2014   2 28  0 11 24 599945   -5.97129  -57.92093     6710 106.1  2  0  7 21 0 0 1 1 1 0 0 1 0 1 1 0 0 1
2014   2 28  0 11 24 734355   -5.36419  -75.27902     7406 105.7  2  0  6 15 0 0 1 1 1 0 0 0 0 0 1 1 0 1
2014   2 28  0 11 24 812025   -4.51882  -74.41913     9609  92.9  2  0  6 15 0 0 0 0 1 0 0 1 0 1 1 1 0 1
2014   2 28  0 11 25   5667   -5.03540  -76.06462    10948  77.9  2  0  5 10 0 0 0 0 1 0 0 1 0 0 1 1 0 1
2014   2 28  0 11 25  46264   -4.45995  -74.79398     8581  96.5  2  0  6 15 0 0 0 1 1 0 0 1 0 0 1 1 0 1
2014   2 28  0 11 25 306779   -4.92829  -76.62794     9900 101.8  2  0  6 14 0 0 0 1 1 0 0 1 0 0 1 1 0 1
2014   2 28  0 11 25 422041  -14.88203  -54.29235     5794 101.5  2  0  6 15 0 0 0 1 1 0 0 1 0 1 1 0 0 1
2014   2 28  0 11 27 471635   -9.60868  -45.93049     3053   8.5  0  0  4  6 0 0 0 1 0 0 0 1 0 0 1 0 0 1
2014   2 28  0 11 27 560376   -5.84938  -58.27158     5491 101.2  2  0  6 15 0 0 0 0 1 0 0 1 0 1 1 1 0 1
2014   2 28  0 11 27 616546   -8.92252  -60.74686     7331 121.3  2  0  6 14 0 0 0 1 1 0 0 1 0 0 1 1 0 1
2014   2 28  0 11 27 636198   -8.86733  -60.21615     5477 115.4  2  0  7 18 0 0 1 0 1 0 0 1 0 1 1 1 0 1
2014   2 28  0 11 27 684646  -11.93201   15.99419    21553 101.0  2  0  6 15 0 0 1 1 1 0 0 0 0 0 1 1 0 1
2014   2 28  0 11 28 209467  -13.23849  -52.39141     2770   4.2  0  0  5 10 0 0 1 0 1 0 0 1 0 0 1 0 0 1
2014   2 28  0 11 28 653198  -12.72500  -57.04811     2992  16.5  0  0  6 12 0 0 1 0 1 0 0 1 0 0 1 1 0 1
2014   2 28  0 11 28 730988  -14.37752  -51.66647     2736   4.2  0  0  5 10 0 0 1 0 1 0 0 1 0 0 1 0 0 1
2014   2 28  0 11 29 224290   -5.59839  -75.08759     3421   8.6  0  0  6 15 0 0 0 1 1 0 0 0 0 1 1 1 0 1
2014   2 28  0 11 29 441414  -25.36026  -44.96272     3794  26.3  0  0  5  9 0 0 0 1 1 0 0 1 0 0 1 0 0 1
2014   2 28  0 11 30 349859    3.82241  -71.40111     3764  15.3  0  0  5 10 0 0 0 1 1 0 0 1 0 0 1 1 0 0
2014   2 28  0 11 30 362494    3.84044  -71.30283     4243  21.4  0  0  5  8 0 0 1 0 0 0 0 1 0 0 1 1 0 1
2014   2 28  0 11 30 758764  -15.88994  -48.93324     2479   5.8  0  0  5 10 0 0 0 1 1 0 0 1 0 1 0 0 0 1
2014   2 28  0 11 30 767811   -5.63655  -75.27917     4526  26.7  0  0  6 15 0 0 0 0 1 0 0 1 0 1 1 1 0 1
2014   2 28  0 11 31 225286  -25.43874  -45.18921     3220  28.1  0  0  6 13 0 0 1 1 1 0 0 1 0 0 1 0 0 1
2014   2 28  0 11 32 299045  -19.01295  -51.16512     2634  31.9  0  0  7 21 0 0 1 1 1 0 0 1 0 1 1 0 0 1
2014   2 28  0 11 33 261830  -23.15590  -45.72305     4613  50.7  2  0  5 10 0 0 0 1 1 0 0 0 0 1 1 0 0 1
2014   2 28  0 11 33 350102  -23.26159  -45.62235     3943  49.0  1  0  6 15 0 0 1 1 1 0 0 1 0 0 1 0 0 1
2014   2 28  0 11 33 380052  -23.25521  -45.62922     3980  50.2  1  0  6 15 0 0 1 1 1 0 0 1 0 0 1 0 0 1
2014   2 28  0 11 33 421670  -23.25685  -45.61689     3901  47.8  1  0  6 15 0 0 1 1 1 0 0 1 0 0 1 0 0 1
2014   2 28  0 11 33 537008  -21.38787   46.85465    27600  27.9  0  0  5 10 0 0 1 1 1 0 0 0 0 0 1 0 0 1
2014   2 28  0 11 33 784297  -19.18238  -50.84975     3190  43.8  1  0  6 15 0 0 1 1 0 0 0 1 0 1 1 0 0 1
2014   2 28  0 11 33 826960  -19.21460  -50.71271     3564  19.9  0  0  5  7 0 0 0 1 1 0 0 1 0 0 1 0 0 1
2014   2 28  0 11 33 974808  -27.91505 -127.46338    94324  35.3  1  0  5 10 0 0 1 1 1 0 0 0 0 0 1 0 0 1
2014   2 28  0 11 33 995359   42.34812 -168.59319    22642 133.6  2  0  7 21 0 0 0 0 1 0 0 1 1 1 1 0 1 1
2014   2 28  0 11 34 227021    1.15338  -95.61812    16844  21.9  0  0  5  9 0 0 0 1 1 0 0 0 0 1 0 1 0 1
2014   2 28  0 11 34 554945   -5.49008  -75.09122     4551  64.7  1  0  7 21 0 0 1 1 1 0 0 0 0 1 1 1 0 1
2014   2 28  0 11 34 715704  -12.72573  -57.10582     3212  38.4  0  0  6 15 0 0 1 1 0 0 0 1 0 0 1 1 0 1
2014   2 28  0 11 34 867216    7.79200  -73.68674    17283  34.3  1  0  5 10 0 0 1 1 1 0 0 0 0 0 1 0 0 1
2014   2 28  0 11 35 451474   -5.37489  -41.93739     4648  44.3  1  0  6 15 0 0 1 1 1 0 0 1 0 0 1 0 0 1
2014   2 28  0 11 35 597556  -19.94024   35.15406    49932  35.6  1  0  4  6 0 0 1 1 0 0 0 0 0 0 1 0 0 1
2014   2 28  0 11 35 856097  -19.88284 -136.45717    32349  25.9  1  0  4  6 0 0 1 1 0 0 0 1 0 0 1 0 0 0
2014   2 28  0 11 36 336303  -21.43327   72.76653    37759  46.0  1  0  5 10 0 0 1 1 1 0 0 0 0 0 1 0 0 1
2014   2 28  0 11 36 553269    1.04981  -71.43384     4258  65.7  1  0  7 21 0 0 1 1 1 0 0 1 0 0 1 1 0 1
2014   2 28  0 11 36 575918    1.04096  -71.73285     6689  60.1  2  0  5 10 0 0 0 1 1 0 0 1 0 0 1 1 0 0
2014   2 28  0 11 36 601900    1.00503  -71.45058     5131  85.5  2  0  7 21 0 0 1 1 1 0 0 1 0 1 0 1 0 1
2014   2 28  0 11 36 718889   -1.45265  -69.89989     5456   6.1  0  0  4  6 0 0 0 1 0 0 0 0 1 1 1 0 0 0
2014   2 28  0 11 36 825889    3.01052  -41.12331     4289  13.4  0  0  4  6 0 0 0 1 0 0 0 0 1 1 1 0 0 0
2014   2 28  0 11 36 850917    5.52818  -76.59139     5232  69.2  1  0  7 21 0 0 1 1 1 0 0 1 0 0 1 1 0 1
2014   2 28  0 11 36 938664  -25.37661  -45.24800     4342  54.1  1  0  6 14 0 0 1 1 1 0 0 1 0 0 1 0 0 1
2014   2 28  0 11 37 160043  -27.02592  -45.09956     4338  48.1  1  0  6 11 0 0 1 1 0 0 0 1 0 1 1 1 0 0
2014   2 28  0 11 37 293609  -26.86120  -45.11949     4993  48.5  1  0  6 11 0 0 1 1 1 0 0 1 0 0 1 0 0 1
2014   2 28  0 11 38 395332   -5.35966  -50.94748     4924  64.9  2  0  6 11 0 0 0 1 0 0 0 1 0 1 1 1 0 1
2014   2 28  0 11 38 804307  -12.04070  170.10313    13833  21.3  1  0  4  6 0 0 0 1 0 0 0 1 0 0 1 1 0 0
2014   2 28  0 11 39 599105  -12.86892  -57.10790     5259 100.2  2  0  7 18 0 0 1 0 1 0 0 1 0 1 1 1 0 1
2014   2 28  0 11 39 608552  -49.73558   27.03992    12677  18.0  0  0  4  6 0 0 0 1 0 0 0 1 1 0 1 0 0 0
2014   2 28  0 11 39 752691  -13.12695  -57.82420     6084  44.1  1  0  5  9 0 0 0 1 1 0 0 1 0 0 0 1 0 1
2014   2 28  0 11 39 761588  -12.99719  -57.28514     5123  80.3  2  0  6 14 0 0 1 1 1 0 0 1 0 0 1 0 0 1
2014   2 28  0 11 40 625951   -2.71557  141.48856     4464 104.8  2  0  6 15 0 0 0 1 1 0 0 0 1 0 1 1 0 1
2014   2 28  0 11 40 659317   -5.55763  -75.53927    10732  99.2  2  0  6 15 0 0 0 0 1 0 0 1 0 1 1 1 0 1
2014   2 28  0 11 40 904954  -12.77894  -57.46324     7238 114.4  2  0  7 17 0 0 0 1 1 0 0 1 0 1 1 1 0 1
2014   2 28  0 11 41  58137   -2.74102  -48.59579     6386  93.9  2  0  6 14 0 0 0 1 1 0 0 1 0 0 1 1 0 1
2014   2 28  0 11 41 929991  -17.27981  -51.42282     4681  63.6  2  0  6 12 0 0 1 1 1 0 0 1 0 0 1 0 0 1
2014   2 28  0 11 43 236493  -28.17810   -4.83468     7129  24.3  0  0  5 10 0 0 0 1 1 0 0 0 1 0 1 0 0 1
2014   2 28  0 11 43 263213   -4.24252  -75.16798    10039 116.0  2  0  6 15 0 0 0 1 1 0 0 1 0 0 1 1 0 1
2014   2 28  0 11 43 537225   -4.05424  -74.75464     5485  95.8  2  0  7 19 0 0 1 1 0 0 0 1 0 0 1 1 1 1
2014   2 28  0 11 43 600989  -15.40333  -71.87083     6517 157.0  2  0  7 21 0 0 1 1 1 0 0 0 0 1 1 1 0 1
2014   2 28  0 11 43 655714   -4.11274  -74.44172     8887 134.2  2  0  6 15 0 0 1 1 1 0 0 0 0 0 1 1 0 1
2014   2 28  0 11 43 774573  -11.01004  -52.56583     6184 113.6  2  0  6 15 0 0 1 1 1 0 0 1 0 0 1 0 0 1
2014   2 28  0 11 43 894641  -12.87144  -57.01365     6650 118.9  2  0  6 15 0 0 1 1 1 0 0 1 0 0 1 0 0 1
2014   2 28  0 12  0 238518  -10.31736  -75.61607     3983  16.7  0  0  5  9 0 0 0 1 1 0 0 1 0 0 1 1 0 0
2014   2 28  0 12  0 292748    3.71898  -71.24052     2729  10.3  0  0  7 20 0 0 1 1 1 0 0 0 0 1 1 1 0 1
2014   2 28  0 12  0 340978  -10.32104  -75.63559     3117  14.1  0  0  7 21 0 0 0 1 1 0 0 1 0 1 1 1 0 1
2014   2 28  0 12  0 419316  -10.30934  -75.63547     3471  15.9  0  0  6 15 0 0 0 1 1 0 0 1 0 0 1 1 0 1
2014   2 28  0 12  0 626581  -25.36878  -45.17224     3438  18.3  0  0  5  8 0 0 0 1 1 0 0 1 0 0 1 0 0 1
2014   2 28  0 12  0 867141    4.18047   -9.14799    21823  17.8  0  0  5  7 0 0 1 1 1 0 0 1 0 0 1 0 0 0
2014   2 28  0 12  1  13368    0.16082  -63.66957     2452  11.3  0  0  7 21 0 0 1 1 0 0 0 1 0 1 1 1 0 1
2014   2 28  0 12  1 191010    3.88066  -71.34753     3116   2.6  0  0  5  8 0 0 1 1 0 0 0 1 0 0 1 1 0 0
2014   2 28  0 12  1 631547  -13.18398  -73.52456     4219  19.2  0  0  5 10 0 0 1 1 0 0 0 1 0 1 0 0 0 1
2014   2 28  0 12  1 730986  -27.37866 -135.13583     6153  18.4  0  0  7 20 0 0 1 1 1 0 0 0 0 1 1 1 0 1
2014   2 28  0 12  1 773983  -27.40166 -135.71796    12613  27.4  0  0  5 10 0 0 1 0 1 0 0 1 0 0 1 1 0 0
2014   2 28  0 12  1 782889  -27.36229 -135.83992     8596  25.0  0  0  6 15 0 0 1 1 1 0 0 1 0 0 1 1 0 0
2014   2 28  0 12  2 177464  -13.70891  -52.47211     2752  19.5  0  0  6 14 0 0 1 1 0 0 0 1 0 1 1 0 0 1
2014   2 28  0 12  2 205919  -13.63902  -52.41431     3418  23.7  0  0  5 10 0 0 0 1 1 0 0 1 0 0 1 0 0 1
2014   2 28  0 12  2 350651    5.63312  -71.64001     3698  28.0  0  0  6 13 0 0 1 1 1 0 0 1 0 0 1 1 0 0
2014   2 28  0 12  2 777676    6.10017  -77.20990     4840  33.6  1  0  5 10 0 0 1 1 1 0 0 1 0 0 0 1 0 0
2014   2 28  0 12  2 827122  -19.84117 -135.91425    13389  33.6  1  0  5 10 0 0 1 0 1 0 0 1 0 0 1 1 0 0
2014   2 28  0 12  3 607836    3.77178  -71.34142     3716  42.8  0  0  7 19 0 0 1 1 1 0 0 1 0 1 1 1 0 0
2014   2 28  0 12  3 685543  -23.30623  -51.02834     2836  43.8  0  0  7 19 0 0 1 1 1 0 0 1 0 1 1 0 0 1
2014   2 28  0 12  3 720644   -8.98467  -60.36963     4438  42.8  1  0  6 15 0 0 1 1 1 0 0 1 0 1 1 0 0 0
2014   2 28  0 12  3 867331  -15.71069   22.27874    33300  32.9  1  0  5 10 0 0 1 1 1 0 0 0 0 0 1 0 0 1
2014   2 28  0 12  4 571420    5.23557  -75.27061     8035  41.0  1  0  6 15 0 0 1 1 1 0 0 1 0 1 0 0 0 1
2014   2 28  0 12  4 883104  -17.94877  -66.97393     5928  17.4  0  0  5  8 0 0 0 0 1 0 0 1 0 1 1 0 0 1
2014   2 28  0 12  4 958562  -10.99566  -56.95769     3957  45.5  1  0  6 15 0 0 1 1 1 0 0 1 0 0 1 0 0 1
2014   2 28  0 12  4 977649  -17.96129  -67.58787     4685  37.4  1  0  5 10 0 0 1 1 0 0 0 1 0 0 1 0 0 1
2014   2 28  0 12  5 659627    2.68407  -66.49867     5329  51.9  2  0  5 10 0 0 0 1 1 0 0 1 0 0 1 1 0 0
2014   2 28  0 12  5 686770  -19.53123 -137.12633     8151  16.7  0  0  5 10 0 0 1 1 0 0 0 1 0 0 1 1 0 0
2014   2 28  0 12  5 797262   -3.51629  -63.38411     4979  52.6  2  0  5 10 0 0 0 0 1 0 0 1 0 1 1 1 0 0
2014   2 28  0 12  6 197527   -4.34043  -74.09584     3520  22.0  0  0  5 10 0 0 1 1 0 0 0 1 0 0 1 1 0 0
2014   2 28  0 12  6 249831  -18.78731   24.71239    42477  46.5  1  0  5 10 0 0 1 1 1 0 0 0 0 0 1 0 0 1
2014   2 28  0 12  6 371069  -16.97257   28.34796    26448  73.3  2  0  6 14 0 0 1 1 1 0 0 1 0 0 0 0 1 1
2014   2 28  0 12  7 555628  -25.27788  -45.30944     5150  44.3  1  0  5 10 0 0 0 0 1 0 0 1 0 1 1 0 0 1
2014   2 28  0 12  7 696718  -25.39382  -45.38360     4238  40.3  1  0  5 10 0 0 1 1 1 0 0 1 0 0 1 0 0 0
2014   2 28  0 12  9 826766  -12.29095  -74.41516     6239  96.4  2  0  6 15 0 0 1 1 1 0 0 0 0 0 1 1 0 1
2014   2 28  0 12 10 367397  -15.87980  -49.45489     3641  82.7  2  0  7 21 0 0 1 1 1 0 0 1 0 1 1 0 0 1
2014   2 28  0 12 10 686043  -15.13327  -51.30051     4965  32.4  1  0  5 10 0 0 1 1 1 0 0 0 0 0 1 0 0 1
2014   2 28  0 12 10 705961  -14.46851  -51.91956     4705  36.6  1  0  5  7 0 0 0 0 1 0 0 1 0 1 0 1 0 1
2014   2 28  0 12 10 814381  -14.45172  -51.81434     4098  91.6  2  0  7 21 0 0 1 1 1 0 0 1 0 1 1 0 0 1
2014   2 28  0 12 11 378930  -12.87593  -56.71753     4440  67.0  2  0  6 15 0 0 1 0 1 0 0 1 0 1 1 0 0 1
2014   2 28  0 12 11 681513   -9.97403  -75.47527     5431  97.4  2  0  7 21 0 0 1 0 1 0 0 1 0 1 1 1 0 1
2014   2 28  0 12 13 776918   -8.99998  -56.69862     3784  56.5  1  0  7 16 0 0 0 1 1 0 0 1 0 1 0 1 1 1
2014   2 28  0 12 13 786714   -5.31327  -75.47928     7480 120.3  2  0  6 15 0 0 1 1 1 0 0 1 0 0 1 1 0 0
2014   2 28  0 12 13 813266   -4.76478  -75.28485     5440  17.7  0  0  4  6 0 0 0 0 1 0 0 1 0 1 0 1 0 0
2014   2 28  0 12 13 899832   -8.86069  -56.25829     4505 125.5  2  0  7 21 0 0 1 1 1 0 0 0 0 1 1 1 1 0
2014   2 28  0 12 13 908608   -8.80036  -56.05686     5074 117.5  2  0  7 21 0 0 1 0 1 0 0 1 0 1 1 1 0 1
2014   2 28  0 12 13 999955  -10.60020  -55.25057     9066  85.4  2  0  6 15 0 0 1 1 1 0 0 0 0 1 1 0 0 1
2014   2 28  0 12 14 192597  -10.61203  -55.22264     9591  89.7  2  0  6 14 0 0 1 1 1 0 0 0 0 1 1 0 0 1
2014   2 28  0 12 14 451178   -8.64171  -56.41302     3425  21.2  0  0  5  8 0 0 1 1 0 0 0 1 0 0 1 1 0 0
2014   2 28  0 12 14 681036    3.89868  -71.75769    10406 107.4  2  0  6 15 0 0 0 0 1 0 0 1 0 1 1 1 0 1
2014   2 28  0 12 15 380423   -4.29477  -74.09708     8218 124.1  2  0  6 15 0 0 1 0 1 0 0 1 0 1 0 1 0 1
2014   2 28  0 12 15 518264  -23.88135  -47.57354     4111  48.0  1  0  5 10 0 0 1 1 0 0 0 1 0 1 1 0 0 0
2014   2 28  0 12 16 525976   -2.48621  -50.00877     2786   5.2  0  0  6 15 0 0 1 1 1 0 0 1 0 0 1 0 0 1
2014   2 28  0 12 17  47310   -9.01705  -60.22453     3865  13.9  0  0  5 10 0 0 0 1 1 0 0 1 0 1 1 0 0 0
2014   2 28  0 12 17  59479  -12.73906  -57.06392     3138  11.6  0  0  6 11 0 0 0 1 1 0 0 1 0 0 1 1 0 1
2014   2 28  0 12 17  79416   -8.94129  -60.25326     2747   9.6  0  0  5  9 0 0 1 1 0 0 0 1 0 0 1 1 0 0
2014   2 28  0 12 17 138504   -8.95542  -60.26628     3908  15.8  0  0  5 10 0 0 0 0 1 0 0 0 0 1 1 1 0 1
2014   2 28  0 12 17 222504  -12.71116  -57.05152     3103  17.3  0  0  5 10 0 0 1 0 1 0 0 0 0 1 0 1 0 1
2014   2 28  0 12 17 322628  -17.94662  -67.53499     3012   8.0  0  0  5 10 0 0 1 1 1 0 0 1 0 0 1 0 0 0
2014   2 28  0 12 17 500113  -23.05359 -134.84570     5585  15.0  0  0  7 21 0 0 1 1 1 0 0 1 0 0 1 1 0 1
2014   2 28  0 12 18 687167    3.85090  -71.28365     2850  16.6  0  0  7 19 0 0 1 1 1 0 0 1 0 0 1 1 0 1
2014   2 28  0 12 18 714653   -5.38466  -75.34824     3211  23.1  0  0  6 15 0 0 1 1 1 0 0 1 0 0 1 1 0 0
2014   2 28  0 12 18 732945   -5.39176  -75.35079     3210  23.2  0  0  6 15 0 0 1 1 1 0 0 1 0 0 1 1 0 0
2014   2 28  0 12 19  84624    6.00720   -8.45372    49749  15.2  0  0  5  8 0 0 0 1 1 0 0 1 0 0 1 0 0 1
2014   2 28  0 12 19 349215    3.70510  -71.28904     6617  15.6  0  0  5  9 0 0 1 1 0 0 0 1 0 0 1 0 0 1
2014   2 28  0 12 19 380563   -5.04397  -76.28600     3242  14.5  0  0  5  9 0 0 1 1 0 0 0 1 0 0 1 1 0 0
2014   2 28  0 12 19 789172   -3.53925  -63.42007     3066  31.5  0  0  7 21 0 0 0 1 1 0 0 1 0 1 1 1 0 1
2014   2 28  0 12 20  28576    1.96518  -66.78133     3832  26.2  0  0  5 10 0 0 0 1 1 0 0 1 0 0 1 1 0 0
2014   2 28  0 12 20 118328  -10.39446  -76.15167     5332  19.7  0  0  5 10 0 0 0 1 1 0 0 1 0 0 0 1 0 1
2014   2 28  0 12 20 511200    3.98339  -71.48039     3793  15.3  0  0  5  7 0 0 1 1 0 0 0 1 0 0 1 1 0 0
2014   2 28  0 12 20 893669  -19.19289  -50.77575     2821  20.4  0  0  6 13 0 0 1 1 1 0 0 1 0 0 1 0 0 1
2014   2 28  0 12 20 911652  -19.15713  -50.90555     2869  43.2  0  0  7 20 0 0 1 1 1 0 0 1 0 1 1 0 0 1
2014   2 28  0 12 21  52224   -5.11857  -75.69114     4137  58.4  1  0  7 21 0 0 1 1 1 0 0 1 0 1 1 1 0 0
2014   2 28  0 12 21 779521   -3.45912  -63.32647     3080  42.2  0  0  7 21 0 0 1 1 1 0 0 1 0 0 1 1 0 1
2014   2 28  0 12 21 932928  -19.48071   35.72200    31775  32.2  1  0  5 10 0 0 1 1 1 0 0 0 0 0 1 0 0 1
2014   2 28  0 12 22 426829    3.78022  -71.45446     4653  52.2  1  0  6 14 0 0 1 1 1 0 0 1 0 0 0 1 0 1
2014   2 28  0 12 22 468290    3.09454  -71.52686     3720  47.2  0  0  7 21 0 0 1 1 1 0 0 1 0 0 1 1 0 1
2014   2 28  0 12 22 529800    3.08368  -71.54616     3852  48.3  0  0  7 20 0 0 1 1 1 0 0 1 0 0 1 1 0 1
2014   2 28  0 12 22 650114   -3.81815  -38.12661     4790  71.7  2  0  6 13 0 0 1 0 1 0 0 1 1 0 1 0 1 0
2014   2 28  0 12 23 436041  -18.00149 -137.50574    14879  22.6  1  0  4  6 0 0 1 0 0 0 0 1 0 0 1 1 0 0
2014   2 28  0 12 23 606452  -32.35289  -42.80290     5385  38.8  1  0  5 10 0 0 1 0 1 0 0 1 0 0 1 0 0 1
2014   2 28  0 12 23 993515  -25.41630  -45.36146     3118  44.0  0  0  7 21 0 0 1 1 1 0 0 1 0 1 1 0 0 1
2014   2 28  0 12 24  11398  -25.43712  -45.30025     3684  43.9  1  0  6 15 0 0 1 1 1 0 0 1 0 0 1 0 0 1
2014   2 28  0 12 24 219700  -25.41229  -45.36628     3315  45.8  0  0  7 20 0 0 1 1 1 0 0 1 0 1 1 0 0 1
2014   2 28  0 12 24 348320  -25.37521  -45.37697     3277  37.1  0  0  6 15 0 0 1 1 1 0 0 1 0 1 1 0 0 0
2014   2 28  0 12 24 392758  -32.76190  -43.16009     4539  61.3  1  0  7 21 0 0 1 1 1 0 0 1 0 1 1 0 0 1
2014   2 28  0 12 25 100703  -25.20724  -45.30124     3198  48.2  0  0  7 21 0 0 1 1 1 0 0 1 0 1 1 0 0 1
2014   2 28  0 12 25 878476   -4.17149  -76.26877     5103  64.1  2  0  6 15 0 0 1 1 0 0 0 1 0 0 1 1 0 1
2014   2 28  0 12 25 941686  -23.16069  -49.38646     3397  10.0  0  0  4  6 0 0 1 0 0 0 0 1 0 1 1 0 0 0
2014   2 28  0 12 26 587339  -23.43562  -50.87741     4925  78.2  2  0  6 13 0 0 1 1 1 0 0 1 0 0 1 0 0 1
2014   2 28  0 12 26 785798  -13.59450  -56.53473     6840  42.5  1  0  5 10 0 0 1 1 1 0 0 0 0 0 1 0 0 1
2014   2 28  0 12 26 803720  -19.68509   22.89576    53758  61.9  2  0  5 10 0 0 1 1 1 0 0 0 0 0 1 0 0 1
2014   2 28  0 12 26 889692  -19.42027 -137.49841    18904  81.5  2  0  6 15 0 0 1 1 1 0 0 1 0 0 1 1 0 0
2014   2 28  0 12 26 970480  -20.82761  -53.13491     4154  87.6  2  0  6 15 0 0 1 1 0 0 0 1 0 1 1 0 0 1
2014   2 28  0 12 27 698220    2.25700  -70.43562     8881  40.7  1  0  5 10 0 0 1 0 1 0 0 1 0 0 1 0 0 1
2014   2 28  0 12 27 715805    3.08102  -71.67944     7627  85.9  2  0  6 15 0 0 0 1 1 0 0 1 0 0 1 1 0 1
2014   2 28  0 12 28  44393   -5.04466  -78.88023     7040  97.0  2  0  6 15 0 0 1 1 1 0 0 1 0 0 1 1 0 0
2014   2 28  0 12 28  65526    4.02198  -71.56331     6425  92.3  2  0  6 14 0 0 1 1 1 0 0 1 0 0 1 1 0 0
2014   2 28  0 12 29 171726   -5.78139  -76.92072    11471  83.0  2  0  6 15 0 0 0 1 1 0 0 1 0 1 0 1 0 1
2014   2 28  0 12 29 236198   -5.35773  -75.35985     5765 106.9  2  0  7 21 0 0 1 1 1 0 0 1 0 0 1 1 0 1
2014   2 28  0 12 29 270565   -5.43633  -74.98193     6026 107.6  2  0  7 21 0 0 1 0 1 0 0 1 0 1 1 1 0 1
2014   2 28  0 12 29 405152  -23.13073  -51.50155     3175  27.1  0  0  5 10 0 0 1 1 0 0 0 1 0 1 1 0 0 0
2014   2 28  0 12 29 440993   -5.32283  -75.45672     6909 107.1  2  0  6 15 0 0 1 1 1 0 0 1 0 0 1 1 0 0
2014   2 28  0 12 29 959611  -12.94337  -57.40984     7284 128.4  2  0  6 15 0 0 1 1 1 0 0 1 0 1 0 0 0 1
2014   2 28  0 12 30 177540  -12.68403  -57.58956     6172 140.4  2  0  7 18 0 0 1 1 0 0 0 1 0 1 1 1 0 1
2014   2 28  0 12 30 583245  -14.28519  -52.29253     8923 111.1  2  0  6 15 0 0 1 1 1 0 0 0 0 1 1 0 0 1
2014   2 28  0 12 30 877543  -22.59203  -46.65532     4698  94.8  2  0  6 15 0 0 1 1 1 0 0 1 0 0 1 0 0 1
2014   2 28  0 12 31  34655    5.50574  -73.43696     8183 115.5  2  0  6 14 0 0 1 1 1 0 0 1 0 0 1 1 0 0
2014   2 28  0 12 32 169183  -11.48211  -56.49599     2906  11.5  0  0  5 10 0 0 0 1 1 0 0 0 0 0 1 1 0 1
2014   2 28  0 12 32 300468  -12.78322  -56.97154     2720   4.4  0  0  5  8 0 0 1 1 0 0 0 0 0 0 1 1 0 1
2014   2 28  0 12 32 324908  -12.77327  -56.97131     4840   5.0  0  0  4  6 0 0 1 1 0 0 0 0 0 0 1 0 0 1
2014   2 28  0 12 32 553635  -12.79766  -56.99831     2562   2.4  0  0  6 12 0 0 1 1 1 0 0 0 0 0 1 1 0 1
2014   2 28  0 12 32 864689  -17.88520  -67.54126     5558   2.4  0  0  5  9 0 0 1 0 1 0 0 0 0 1 1 0 0 1
2014   2 28  0 12 32 901984  -19.16928   65.36656    11461   3.9  0  0  5 10 0 0 1 1 1 0 0 0 0 0 1 0 0 1
2014   2 28  0 12 32 997113   -5.35268  -47.56231     2457  17.4  0  0  7 19 0 0 0 1 1 0 0 0 0 1 1 1 1 1
2014   2 28  0 12 34 623765    4.65919  -74.73170     4243  19.6  0  0  5  9 0 0 1 1 0 0 0 0 0 0 1 1 0 1
2014   2 28  0 12 34 656393    4.61957  -74.54922     3181  10.4  0  0  6 14 0 0 1 0 1 0 0 0 0 1 1 1 0 1
2014   2 28  0 12 34 708722    4.65957  -74.73486     4510  22.2  0  0  5  9 0 0 1 1 1 0 0 0 0 0 1 1 0 0
2014   2 28  0 12 34 866974   -3.35250  -52.89505     3194  19.3  0  0  5  9 0 0 0 1 0 0 0 0 0 1 1 1 0 1
2014   2 28  0 12 35   3072  -23.47884  -45.80079     3722  29.4  0  0  5 10 0 0 1 1 1 0 0 0 0 0 1 0 0 1
2014   2 28  0 12 35 705451  -14.31735  -51.75994     2933  29.7  0  0  7 16 0 0 1 1 1 0 0 0 0 1 1 1 0 1
2014   2 28  0 12 36 171039    6.51889  -77.20388    15821  17.5  0  0  4  6 0 0 1 1 0 0 0 0 0 0 1 0 0 1
2014   2 28  0 12 36 297613  -10.24686  -75.40163     2995   8.9  0  0  5 10 0 0 1 0 1 0 0 0 0 0 1 1 0 1
2014   2 28  0 12 36 442424  -25.38344  -45.25245     3408  23.8  0  0  5 10 0 0 1 1 1 0 0 0 0 0 1 0 0 1
2014   2 28  0 12 36 480090  -25.41430  -45.15829     4512  21.0  0  0  5  7 0 0 1 1 1 0 0 0 0 0 1 0 0 1
2014   2 28  0 12 36 623159    5.57005  -74.26094     5587  47.2  1  0  6 14 0 0 1 1 1 0 0 0 0 1 1 1 0 0
2014   2 28  0 12 36 663065    5.57950  -74.25998     5738  34.0  1  0  5  8 0 0 1 1 0 0 0 0 0 0 1 1 0 1
2014   2 28  0 12 36 718865   -5.52598  -75.05692     3887  46.7  0  0  7 21 0 0 1 1 1 0 0 0 0 1 1 1 0 1
2014   2 28  0 12 37  65378   -5.49709  -75.15271     5388  45.4  1  0  5 10 0 0 1 1 1 0 0 0 0 0 1 1 0 0
2014   2 28  0 12 37 504174   -3.46024  -63.32461     4552  55.2  1  0  6 15 0 0 1 1 1 0 0 0 0 1 0 1 0 1
2014   2 28  0 12 37 664629  -11.90103  -74.86423     3944  56.1  1  0  7 21 0 0 1 1 1 0 0 0 0 1 1 1 0 1
2014   2 28  0 12 37 801476    4.89870  -73.14440    14015  29.2  0  0  5 10 0 0 1 1 1 0 0 0 0 0 1 0 0 1
2014   2 28  0 12 38 148064   -3.38761  -63.04345     5154  15.4  0  0  5  7 0 0 1 0 1 0 0 0 0 0 1 1 0 1
2014   2 28  0 12 38 438282   -5.00299  -75.56728     6257  56.5  2  0  5 10 0 0 1 1 1 0 0 0 0 0 1 1 0 0
2014   2 28  0 12 38 455500   -5.00452  -75.56872     6269  57.2  2  0  5 10 0 0 1 1 1 0 0 0 0 0 1 1 0 0
2014   2 28  0 12 38 894312  -32.74549  -42.68575     5869  49.5  1  0  5 10 0 0 1 1 1 0 0 0 0 0 1 0 0 1
2014   2 28  0 12 39  56373    5.16614  -75.93777     3908  14.7  0  0  5 10 0 0 1 0 1 0 0 0 0 0 1 1 0 1
2014   2 28  0 12 39 170275   -4.29621  -74.23855     5210  61.8  2  0  6 15 0 0 1 1 1 0 0 0 0 0 1 1 0 1
2014   2 28  0 12 39 201439  -19.45410  -50.53311     3484   5.4  0  0  5  8 0 0 1 1 1 0 0 0 0 0 1 0 0 1
2014   2 28  0 12 39 382402   -9.90848  -75.80313     6208  61.1  2  0  5 10 0 0 1 1 0 0 0 0 0 0 1 1 0 1
2014   2 28  0 12 40 565608    5.47261    4.89066    14573  22.2  0  0  5  8 0 0 1 0 1 0 0 0 0 0 1 1 0 1
2014   2 28  0 12 40 917791   -5.46357  -75.07077     5512  89.5  2  0  7 21 0 0 1 1 1 0 0 0 0 1 1 1 0 1
2014   2 28  0 12 41 397961  -19.32129  -50.78704     7216  34.4  1  0  5  7 0 0 1 1 1 0 0 0 0 0 1 0 0 1
2014   2 28  0 12 41 975810  -25.16105  -45.17343     5040  45.1  1  0  5  8 0 0 1 1 1 0 0 0 0 0 1 0 0 1
2014   2 28  0 12 41 985878  -25.09587  -45.29260     3566  46.3  1  0  6 15 0 0 1 1 1 0 0 0 0 1 1 0 0 1
2014   2 28  0 12 42 722721  -15.11559  -56.69770     6579  43.0  1  0  5 10 0 0 1 1 1 0 0 0 0 0 1 0 0 1
2014   2 28  0 12 42 955343  -14.30133  -57.16599    10052 115.0  2  0  7 16 0 0 1 1 1 0 0 0 0 1 1 1 0 1
2014   2 28  0 12 43 301703    4.02711  -71.49910     7617  96.1  2  0  6 15 0 0 1 1 1 0 0 0 0 0 1 1 0 1
2014   2 28  0 12 43 653756    2.07563  -66.98090     4719  92.4  2  0  7 21 0 0 1 1 1 0 0 0 0 0 1 1 1 1
2014   2 28  0 12 43 679339  -14.25308  -57.42609     4885 114.5  2  0  7 20 0 0 1 1 1 0 0 0 0 1 1 1 0 1
2014   2 28  0 12 44 263715    4.05102  -71.44823     8680 106.8  2  0  6 14 0 0 1 1 1 0 0 0 0 0 1 1 0 1
2014   2 28  0 12 44 916233   -3.49043  -70.00517    11795  20.6  1  0  4  6 0 0 1 1 0 0 0 0 0 1 0 0 0 1
2014   2 28  0 12 44 986976   -5.29811  -74.82420     4631  36.3  1  0  5 10 0 0 1 0 1 0 0 0 0 0 1 1 0 1
2014   2 28  0 12 45 595384  -51.97498    6.87280     6045   9.5  0  0  4  6 0 0 1 1 1 0 0 0 1 0 0 0 0 0
2014   2 28  0 12 45 854451  -17.49686  -67.89986     6366 130.3  2  0  7 17 0 0 1 1 1 0 0 0 0 1 1 1 0 1
2014   2 28  0 12 46 473181  -11.72506  -72.48240     6742 148.9  2  0  7 21 0 0 1 1 1 0 0 0 0 1 1 1 0 1
2014   2 28  0 12 47 163081   -4.17935  -74.06828     8701 131.7  2  0  6 15 0 0 1 1 1 0 0 0 0 0 1 1 0 1
2014   2 28  0 12 47 199710  -13.97240  -56.31410     8615  61.7  2  0  5 10 0 0 1 1 1 0 0 0 0 0 1 0 0 1
2014   2 28  0 12 47 221164  -14.70193  -55.80981     4802  90.4  2  0  6 15 0 0 1 1 1 0 0 0 0 0 1 1 0 1
2014   2 28  0 12 47 255775  -12.47730  -51.90120     6491  40.4  1  0  5 10 0 0 1 1 1 0 0 0 0 0 1 0 0 1
2014   2 28  0 12 47 264058  -12.48134  -51.90432     6520  40.8  1  0  5 10 0 0 1 1 1 0 0 0 0 0 1 0 0 1
2014   2 28  0 12 47 793272  -12.24063  -52.29160     9838 106.5  2  0  6 15 0 0 1 1 1 0 0 0 0 1 1 0 0 1
2014   2 28  0 12 47 799523    0.48413  -71.32757     5240  42.1  1  0  5 10 0 0 1 0 1 0 0 0 0 0 1 1 0 1
2014   2 28  0 12 48  59408  -10.28683  -75.47892     2565   4.9  0  0  6 15 0 0 1 1 1 0 0 0 0 1 0 1 0 1
2014   2 28  0 12 48 267836  -25.56351  -44.97663     2597   8.8  0  0  6 14 0 0 1 1 1 0 0 0 0 1 1 0 0 1
2014   2 28  0 12 48 410075   -5.58714  -75.01704     2666   2.8  0  0  6 15 0 0 1 0 1 0 0 0 0 1 1 1 0 1
2014   2 28  0 12 48 534737  -25.56347  -44.99658     2757   6.5  0  0  5  9 0 0 1 1 1 0 0 0 0 1 1 0 0 0
2014   2 28  0 12 49  88714   -5.61348  -75.14844     3416   7.6  0  0  4  6 0 0 1 1 1 0 0 0 0 0 0 1 0 0
2014   2 28  0 12 50 711429    3.89132  -71.33772     3935  19.2  0  0  5  9 0 0 1 1 1 0 0 0 0 0 1 1 0 0
2014   2 28  0 12 51 141868  -25.41488  -45.18948     3093  16.5  0  0  5 10 0 0 0 1 1 0 0 0 0 1 1 0 0 1
2014   2 28  0 12 52 273888   -4.03947  -75.06281     4684  34.7  1  0  5 10 0 0 1 1 1 0 0 0 0 0 1 1 0 0
2014   2 28  0 12 52 314663   -4.05727  -75.00546     4347  44.0  1  0  6 15 0 0 1 1 0 0 0 0 0 1 1 1 0 1
2014   2 28  0 12 52 329124   -4.63219  -74.57123    14478  26.0  1  0  4  6 0 0 1 1 0 0 0 0 0 0 1 0 0 1
2014   2 28  0 12 52 345376   -4.03645  -75.06239     4665  34.4  1  0  5 10 0 0 1 1 1 0 0 0 0 0 1 1 0 0
2014   2 28  0 12 52 524571   -3.99583  -75.18069     4180  16.6  0  0  4  6 0 0 1 1 0 0 0 0 0 0 1 1 0 0
2014   2 28  0 12 53 567642  -27.15876 -134.92342    13675  42.8  1  0  6 15 0 0 1 1 1 0 0 0 0 0 1 1 0 1
2014   2 28  0 12 55 681448    1.84931  -70.19143    12605  46.9  1  0  6 15 0 0 1 1 1 0 0 0 0 1 1 0 0 1
2014   2 28  0 12 55 782916  -16.21699    2.56998     9983   7.0  0  0  5  9 0 0 0 1 1 0 0 0 0 0 1 1 0 1
2014   2 28  0 12 56 425178  -13.50966  -56.62478     5332  43.9  1  0  6 15 0 0 1 1 1 0 0 0 0 1 1 0 0 1
2014   2 28  0 12 57  67180    3.91535  -72.54560    23842  62.3  2  0  5 10 0 0 1 1 0 0 0 0 0 1 1 0 0 1
2014   2 28  0 12 57 106881  -15.13157  -69.19698     3640  26.0  0  0  6 15 0 0 0 1 1 0 0 0 0 1 1 1 0 1
2014   2 28  0 12 57 494283  -22.67231 -142.55464    22166  33.0  1  0  4  6 0 0 1 1 0 0 0 0 0 0 1 1 0 0
2014   2 28  0 12 58  35126   -5.05739  -75.63876     6510  86.6  2  0  6 15 0 0 1 1 1 0 0 0 0 0 1 1 0 1
2014   2 28  0 12 58 381799   -5.07127  -75.54978     6115 104.0  2  0  7 21 0 0 1 1 1 0 0 0 0 1 1 1 0 1
2014   2 28  0 12 58 426474   -5.03393  -75.26593     4306  31.1  1  0  5 10 0 0 1 0 1 0 0 0 0 0 1 1 0 1
2014   2 28  0 12 58 553339  -25.13879  -45.28571     3905  52.0  1  0  6 14 0 0 1 1 1 0 0 0 0 1 1 0 0 1
2014   2 28  0 12 58 656220  -25.15640  -45.22797     6097  59.6  2  0  5  8 0 0 1 1 1 0 0 0 0 0 1 0 0 1
2014   2 28  0 12 58 771785  -19.01316  -50.98717     3740  43.0  1  0  6 14 0 0 1 1 1 0 0 0 0 1 1 0 0 1
2014   2 28  0 13  0  85269   -3.88954  -75.28138     8939 129.8  2  0  6 15 0 0 1 1 1 0 0 0 0 1 1 1 0 0
2014   2 28  0 13  0 605318   -5.47335  -75.17593     8686 136.2  2  0  6 15 0 0 1 1 1 0 0 0 0 1 0 1 0 1
2014   2 28  0 13  0 687491  -13.48068  -50.75981     5656  31.5  1  0  5  9 0 0 1 1 1 0 0 0 0 0 1 0 0 1
2014   2 28  0 13  1 227660  -10.25113  -75.48194     6788 136.0  2  0  7 21 0 0 1 1 1 0 0 0 0 1 1 1 0 1
2014   2 28  0 13  3 461956  -15.26696  -53.58286     5582 114.4  2  0  7 21 0 0 1 1 1 0 0 0 0 1 1 0 1 1
2014   2 28  0 13  3 560624  -15.28634  -53.56237     5531 114.1  2  0  7 21 0 0 1 1 1 0 0 0 0 1 1 0 1 1
2014   2 28  0 13  3 627253  -14.85041  -53.86419     5119 137.9  2  0  7 21 0 0 1 0 1 0 0 0 0 1 1 1 1 1
2014   2 28  0 13  3 999403   -9.47441  -72.10033    10296  32.1  1  0  5 10 0 0 1 1 1 0 0 0 0 1 0 0 0 1
2014   2 28  0 13  4 467631  -12.69196  -57.07647     2562   6.5  0  0  6 13 0 0 1 1 0 0 0 0 0 1 1 1 0 1
2014   2 28  0 13  4 622595  -13.93979  -52.02181     2367   5.1  0  0  7 18 0 0 1 1 1 0 0 0 0 1 1 1 0 1
2014   2 28  0 13  4 920624  -23.55923  -48.02035     3120  35.5  0  0  7 16 0 0 1 1 0 0 0 0 0 1 1 1 1 1
2014   2 28  0 13  4 953810  -23.50866  -48.05579     2643   9.3  0  0  6 11 0 0 1 0 1 0 0 0 0 1 1 1 0 1
2014   2 28  0 13  5   6844  -11.92992  -72.17010     2950   8.1  0  0  5  8 0 0 1 1 1 0 0 0 0 0 0 1 0 1
2014   2 28  0 13  6 127129  -15.88855  -49.40166     5151  82.3  2  0  7 17 0 0 1 1 1 0 0 0 0 0 1 1 1 1
2014   2 28  0 13  6 191720  -15.71550  -49.35909     3047  12.8  0  0  5 10 0 0 1 1 1 0 0 0 0 1 0 0 0 1
2014   2 28  0 13  6 276403  -25.48571  -45.06633     2645  10.8  0  0  6 14 0 0 1 1 1 0 0 0 0 1 1 0 0 1
2014   2 28  0 13  6 413603  -25.48630  -45.13319     3036   9.9  0  0  5  8 0 0 1 1 1 0 0 0 0 0 1 0 0 1
2014   2 28  0 13  6 473318  -12.78464  -57.35657     2559  11.4  0  0  6 14 0 0 1 1 1 0 0 0 0 0 1 1 0 1
2014   2 28  0 13  6 740134  -25.47253  -45.08543     2676  12.3  0  0  6 14 0 0 1 1 1 0 0 0 0 1 1 0 0 1
2014   2 28  0 13  6 887727  -12.87548  -57.29089     4368   9.8  0  0  5  8 0 0 1 1 1 0 0 0 0 0 1 0 0 1
2014   2 28  0 13  7  34035  -25.32690  -44.98600     4054  15.9  0  0  5  7 0 0 1 1 1 0 0 0 0 0 1 0 0 1
2014   2 28  0 13  7 593066  -23.79165  -47.08669     6847  40.0  1  0  5  9 0 0 1 1 1 0 0 0 0 0 1 0 0 1
2014   2 28  0 13  8  51600   -6.32122  -74.45183     8046  28.9  0  0  6 15 0 0 1 1 1 0 0 0 0 1 1 0 0 1
2014   2 28  0 13  8 462761   -5.50983  -75.15278     3910  35.6  0  0  6 15 0 0 1 1 1 0 0 0 0 0 1 1 0 1
2014   2 28  0 13  8 510716   -5.50926  -75.15541     3941  36.2  0  0  6 15 0 0 1 1 1 0 0 0 0 0 1 1 0 1
2014   2 28  0 13  8 617672   -5.48145  -75.29038     4566  21.3  1  0  4  6 0 0 1 1 0 0 0 0 0 0 1 1 0 0
2014   2 28  0 13  9 270737  -25.57327 -139.53748    46544  35.2  1  0  5 10 0 0 0 1 1 0 0 0 0 0 1 1 0 1
2014   2 28  0 13  9 315388  -25.55972 -136.80180    12587  37.9  0  0  6 15 0 0 1 1 1 0 0 0 0 0 1 1 0 1
2014   2 28  0 13  9 600205  -15.49705  164.81168    56282  44.0  1  0  5 10 0 0 1 1 1 0 0 0 0 0 1 1 0 0
2014   2 28  0 13 10 462879  -18.24811  -67.27740     9393  41.6  1  0  5  9 0 0 1 1 1 0 0 0 0 0 1 0 0 1
2014   2 28  0 13 10 692583   -4.83437  -75.52083     6192   8.2  0  0  4  6 0 0 0 1 1 0 0 0 0 1 0 1 0 0
2014   2 28  0 13 11  71525  -13.80572  -74.35799     4454  80.7  2  0  7 21 0 0 1 1 1 0 0 0 0 1 0 1 1 1
2014   2 28  0 13 11 215577    0.21617  -72.24965     3717  17.8  0  0  5 10 0 0 1 0 1 0 0 0 0 0 1 1 0 1
2014   2 28  0 13 11 394960  -11.94916  -72.77415     9580  78.7  2  0  6 15 0 0 0 1 1 0 0 0 0 1 1 1 0 1
2014   2 28  0 13 11 579201    3.97560  -70.00025     4283   9.5  0  0  4  6 0 0 1 0 0 0 0 0 0 0 1 1 0 1
2014   2 28  0 13 11 607777    3.93432  -69.87043     4761  44.0  1  0  6 14 0 0 1 0 1 0 0 0 0 1 1 1 0 1
2014   2 28  0 13 13 713329  -13.48607  -56.62016     6441  38.6  1  0  5 10 0 0 1 1 1 0 0 0 0 0 1 0 0 1
2014   2 28  0 13 13 731080  -13.49239  -56.61012     6450  38.4  1  0  5 10 0 0 1 1 1 0 0 0 0 0 1 0 0 1
2014   2 28  0 13 13 769454  -13.49771  -56.61331     6437  38.3  1  0  5 10 0 0 1 1 1 0 0 0 0 0 1 0 0 1
2014   2 28  0 13 13 810627  -12.77403  -57.48384     6210 105.1  2  0  6 13 0 0 1 1 1 0 0 0 0 1 1 1 0 0
2014   2 28  0 13 14 145808    3.89755  -70.97241     5031  29.4  0  0  5  9 0 0 1 0 1 0 0 0 0 0 1 1 0 1
2014   2 28  0 13 16 120529  -13.39953  -72.55373     4675  49.8  1  0  5 10 0 0 1 0 1 0 0 0 0 1 0 1 0 1
2014   2 28  0 13 16 175245  -13.42264  -73.02583     6442 106.8  2  0  6 15 0 0 1 1 1 0 0 0 0 0 1 1 0 1
2014   2 28  0 13 16 194294  -13.36950  -72.56913     5744  64.3  2  0  5 10 0 0 1 0 0 0 0 0 0 1 1 1 0 1
2014   2 28  0 13 16 207187  -13.36882  -72.68052     4052  34.4  1  0  5 10 0 0 1 0 1 0 0 0 0 0 1 1 0 1
2014   2 28  0 13 16 252428  -13.41083  -73.00783     6640 100.9  2  0  6 14 0 0 1 1 1 0 0 0 0 0 1 1 0 1
2014   2 28  0 13 16 316852   -8.83471  -60.57101     5487 121.4  2  0  7 21 0 0 1 1 1 0 0 0 0 1 1 1 0 1
2014   2 28  0 13 16 348613  -13.36704  -72.68711     4035  34.1  1  0  5 10 0 0 1 0 1 0 0 0 0 0 1 1 0 1
2014   2 28  0 13 16 446784  -14.87191  -71.44437    18154 104.5  2  0  6 15 0 0 1 1 1 0 0 0 0 1 1 0 0 1
2014   2 28  0 13 16 522206  -13.39410  -72.54094     4723  50.7  2  0  5 10 0 0 1 0 1 0 0 0 0 1 0 1 0 1
2014   2 28  0 13 17  97730  -10.04247  -75.38805     4561  37.8  1  0  5 10 0 0 1 0 1 0 0 0 0 0 1 1 0 1
2014   2 28  0 13 17 999279    3.99847  -71.68514     8329 137.4  2  0  7 21 0 0 1 1 1 0 0 0 0 1 1 1 0 1
2014   2 28  0 13 18 456976  -25.25107  -45.60476     4324  70.2  2  0  6 15 0 0 1 1 1 0 0 0 0 1 1 0 0 1
2014   2 28  0 13 18 763452   -5.01664  144.16756    10863  93.5  2  0  6 15 0 0 0 1 1 0 0 0 0 1 1 1 0 1
2014   2 28  0 13 19  45823   -9.95294  -75.32610     4868  43.5  1  0  5 10 0 0 1 0 1 0 0 0 0 0 1 1 0 1
2014   2 28  0 13 19 658702  -17.63614  -67.41616     4675  61.1  2  0  5 10 0 0 1 0 1 0 0 0 0 1 0 1 0 1
2014   2 28  0 13 20   2879  -14.06690  -74.21126     2469   8.9  0  0  7 21 0 0 1 1 1 0 0 0 0 1 1 1 0 1
2014   2 28  0 13 20  61825  -24.13013  -46.87103     3832   9.1  0  0  5  7 0 0 1 1 1 0 0 0 0 0 1 0 0 1
2014   2 28  0 13 20 115822  -24.17656  -46.86443     2852   8.5  0  0  5  8 0 0 1 1 0 0 0 0 0 1 1 0 0 1
2014   2 28  0 13 20 458647   -1.23486  -55.26657     3927   9.8  0  0  5  8 0 0 1 0 1 0 0 0 0 0 1 1 0 1
2014   2 28  0 13 20 695415  -23.82494  -48.63002     2621  12.2  0  0  6 11 0 0 1 1 1 0 0 0 0 1 1 0 0 1
2014   2 28  0 13 20 843292   -4.43749  -74.05695     3800   8.4  0  0  5 10 0 0 0 1 1 0 0 0 0 0 1 1 0 1
2014   2 28  0 13 21 227646  -25.08189   19.28255    19457  11.1  0  0  4  6 0 0 1 1 0 0 0 0 0 0 1 0 0 1
2014   2 28  0 13 21 611914  -12.78802  -57.04233     3139  14.1  0  0  5  7 0 0 1 1 1 0 0 0 0 0 1 1 0 0
2014   2 28  0 13 21 720513  -17.17498   27.96114    15151  15.6  0  0  6 15 0 0 1 1 1 0 0 0 0 1 1 0 0 1
2014   2 28  0 13 21 776147  -17.13477   28.05114    20213  16.6  0  0  5 10 0 0 1 1 1 0 0 0 0 0 1 0 0 1
2014   2 28  0 13 21 840522   -5.59080  -74.96084     2870  12.2  0  0  6 15 0 0 1 0 1 0 0 0 0 1 1 1 0 1
2014   2 28  0 13 22 174916  -17.25670   27.82497    21726  18.7  0  0  5 10 0 0 1 1 1 0 0 0 0 0 1 0 0 1
2014   2 28  0 13 22 218544  -11.42305  -56.60407     2462  15.8  0  0  7 21 0 0 1 1 1 0 0 0 0 1 1 1 0 1
2014   2 28  0 13 23  28690   -4.32676  -75.96928     6930  23.8  1  0  4  6 0 0 0 1 0 0 0 0 0 0 1 1 0 1
2014   2 28  0 13 23 149182   -5.47411  -74.80064     3418  16.5  0  0  5 10 0 0 1 0 1 0 0 0 0 0 1 1 0 1
2014   2 28  0 13 23 261842   -5.52098  -75.05222     3494  28.6  0  0  6 15 0 0 1 1 1 0 0 0 0 0 1 1 0 1
2014   2 28  0 13 23 522237   -5.41624  -75.24904     3574  30.1  0  0  6 15 0 0 1 1 1 0 0 0 0 0 1 1 0 1
2014   2 28  0 13 23 825552   -4.26511  -76.10262     4482  32.1  1  0  5 10 0 0 1 1 1 0 0 0 0 0 1 1 0 0
2014   2 28  0 13 24 223487  -15.62124 -178.03391    21780  32.7  1  0  5 10 0 0 1 0 1 0 0 0 0 0 1 1 0 1
2014   2 28  0 13 24 923976    3.80414  -70.79513     8994  26.7  0  0  5  8 0 0 0 0 1 0 0 0 0 1 1 1 0 1
2014   2 28  0 13 25 947722  -19.39333  -50.61014     4296  17.8  0  0  5  8 0 0 1 1 1 0 0 0 0 0 1 0 0 1
2014   2 28  0 13 25 969658  -19.15977  -50.83498     3960  51.7  1  0  6 14 0 0 1 1 1 0 0 0 0 1 1 0 0 1
2014   2 28  0 13 25 983867  -19.11894  -50.85640     3765  53.4  1  0  7 16 0 0 1 1 1 0 0 0 0 1 1 1 0 1
2014   2 28  0 13 26 417504   -4.46914  -74.07092     5843  54.3  2  0  5 10 0 0 1 1 1 0 0 0 0 0 1 1 0 0
2014   2 28  0 13 28   8086  -12.75957  -57.10880     3774  71.4  2  0  7 21 0 0 1 1 1 0 0 0 0 1 1 1 0 1
2014   2 28  0 13 28 178614  -13.39475  -56.63687     7911  44.9  1  0  5  8 0 0 1 1 1 0 0 0 0 0 1 0 0 1
2014   2 28  0 13 28 472196  -19.72838 -136.26619    25328  75.3  2  0  5 10 0 0 1 1 1 0 0 0 0 0 0 1 0 1
2014   2 28  0 13 28 828612  -10.16725  -75.62780     6140  89.8  2  0  6 15 0 0 1 1 0 0 0 0 0 1 1 1 0 1
2014   2 28  0 13 28 933949  -14.70889  -51.63982     5978  67.3  2  0  6 15 0 0 1 1 1 0 0 0 0 1 1 0 0 1
2014   2 28  0 13 28 956188  -14.78038  -51.65479     5958  52.8  2  0  5 10 0 0 1 1 1 0 0 0 0 1 0 0 0 1
2014   2 28  0 13 29 699122  -18.27147 -141.86491    16097  23.2  1  0  4  6 0 0 1 1 0 0 0 0 0 0 1 1 0 0
2014   2 28  0 13 30 212849  -24.56457 -137.29932    27698  71.1  2  0  5 10 0 0 1 1 0 0 0 0 0 0 1 1 0 1
2014   2 28  0 13 30 623704  -19.55117  -58.13891     5562  68.0  2  0  5 10 0 0 0 0 1 0 0 0 0 1 1 1 0 1
2014   2 28  0 13 31 461002   -5.05468  -75.57066     8318 121.6  2  0  6 15 0 0 1 1 1 0 0 0 0 1 1 1 0 0
2014   2 28  0 13 31 760998   -6.11951  -78.05939     7369  10.4  0  0  4  6 0 0 0 1 1 0 0 0 0 1 0 1 0 0
2014   2 28  0 13 32 625949  -31.09893  -44.03925     4643  18.7  0  0  6 11 0 0 0 1 1 0 0 0 0 1 1 1 0 1
2014   2 28  0 13 32 666067  -32.35212  -43.25933     7129 101.9  2  0  6 15 0 0 1 1 1 0 0 0 0 1 1 0 0 1
2014   2 28  0 13 32 687547  -32.42805  -43.33647     5833  93.6  2  0  7 21 0 0 1 1 1 0 0 0 0 1 1 1 0 1
2014   2 28  0 13 33 252832  -12.49209  -56.79959     4019  42.9  1  0  6 12 0 0 1 0 1 0 0 0 0 1 1 1 0 1
2014   2 28  0 13 34 973589    2.21445  -65.97205    16342  56.7  2  0  5  7 0 0 1 0 1 0 0 0 0 0 1 1 0 1
2014   2 28  0 13 35 377153  -21.88107 -136.70226    32502 127.4  2  0  6 15 0 0 1 1 1 0 0 0 0 0 1 1 0 1
2014   2 28  0 13 36 323232    0.70406   13.56835    27126  10.6  0  0  5 10 0 0 1 1 1 0 0 0 0 0 1 0 0 1
2014   2 28  0 13 36 864525  -17.97704  -67.52043     3017  13.7  0  0  5  9 0 0 1 0 1 0 0 0 0 0 1 1 0 1
2014   2 28  0 13 38 156636   -5.54276  -75.02522     3549  19.3  0  0  5 10 0 0 1 1 1 0 0 0 0 0 1 1 0 0
2014   2 28  0 13 38 315291  -11.16511   19.02912    23739  18.7  0  0  5 10 0 0 1 1 1 0 0 0 0 0 1 0 0 1
2014   2 28  0 13 38 913702  -25.43998  -45.06674     3728  17.5  0  0  5  7 0 0 1 1 1 0 0 0 0 0 1 0 0 1
2014   2 28  0 13 39 427690  -20.74587  -52.95508     2958  14.1  0  0  5  8 0 0 1 0 1 0 0 0 0 1 1 0 0 1
2014   2 28  0 13 39 668999   -2.82784  -48.18765     2645  22.9  0  0  6 15 0 0 1 1 0 0 0 0 0 1 1 1 1 0
2014   2 28  0 13 39 886610   -2.80630  -48.19143     3271  27.7  0  0  6 15 0 0 1 1 1 0 0 0 0 0 1 1 0 1
2014   2 28  0 13 39 907092  -25.41386  -45.13378     3274  21.6  0  0  5  9 0 0 1 1 1 0 0 0 0 1 1 0 0 0
2014   2 28  0 13 40 182819    4.76548  -70.91801     9751  29.4  0  0  6 15 0 0 1 1 1 0 0 0 0 1 1 0 0 1
2014   2 28  0 13 40 247804    4.25112  -70.64915     8770   2.1  0  0  4  6 0 0 1 1 1 0 0 0 0 1 0 0 0 0
2014   2 28  0 13 40 389627   -4.41106  -74.19323     3722  10.6  0  0  4  6 0 0 1 1 0 0 0 0 0 0 1 1 0 0
2014   2 28  0 13 40 404716    5.98597  -71.64307     4368  45.2  0  0  7 20 0 0 1 1 1 0 0 0 0 1 1 1 0 1
2014   2 28  0 13 40 463951    0.45815  -71.98994     6192  41.0  1  0  6 15 0 0 0 1 1 0 0 0 0 1 1 1 0 1
2014   2 28  0 13 40 735072  -19.14538  -50.84756     4171  44.3  1  0  6 13 0 0 1 1 1 0 0 0 0 1 1 0 0 1
2014   2 28  0 13 41 326763    3.78822  -71.35339     4640  43.1  1  0  6 14 0 0 1 1 1 0 0 0 0 0 1 1 0 1
2014   2 28  0 13 41 536521  -12.75478  -57.06202     3173  48.1  0  0  7 21 0 0 1 1 1 0 0 0 0 1 1 1 0 1
2014   2 28  0 13 41 593029  -13.11434  -56.79001     5584  28.6  0  0  5 10 0 0 1 1 1 0 0 0 0 0 1 0 0 1
2014   2 28  0 13 42 637700   -5.42702  -75.39529     4406  19.7  0  0  4  6 0 0 1 1 0 0 0 0 0 0 1 1 0 0
2014   2 28  0 13 43 835898   -3.49308  -62.96557     8967  53.6  2  0  5 10 0 0 0 0 1 0 0 0 0 1 1 1 0 1
2014   2 28  0 13 44  75041   -3.56333  -63.43252     7698  67.7  2  0  5 10 0 0 0 1 1 0 0 0 0 0 1 1 0 1
2014   2 28  0 13 47 655401  -21.12499  -54.03738     7588  57.6  2  0  5  9 0 0 1 1 1 0 0 0 0 0 1 0 0 1
2014   2 28  0 13 47 728895  -10.29730  173.21216    20445  20.5  1  0  4  6 0 0 1 1 0 0 0 0 0 0 1 1 0 0
2014   2 28  0 13 47 882965  -10.60678    2.18729    66235  69.4  2  0  5 10 0 0 1 1 1 0 0 0 0 0 1 0 0 1
2014   2 28  0 13 47 944044  -13.19349   -2.80847    10615  34.5  1  0  5  9 0 0 1 1 1 0 0 0 0 0 0 1 0 1
2014   2 28  0 13 48 265375  -10.65348    1.14387    66766  70.9  2  0  5 10 0 0 1 1 1 0 0 0 0 0 1 0 0 1
2014   2 28  0 13 49 595183   14.69791  -37.76714    29998  23.2  1  0  4  6 0 0 1 0 0 0 0 0 0 1 1 1 0 0
2014   2 28  0 13 50 616116  -14.61843  -54.84582     5462 104.1  2  0  7 20 0 0 1 1 1 0 0 0 0 1 1 0 1 1
2014   2 28  0 13 50 955419    3.21839  -71.68425     9631 127.1  2  0  6 14 0 0 1 1 1 0 0 0 0 0 1 1 0 1
2014   2 28  0 13 51 191918    2.06836  -66.92247     7755 146.0  2  0  7 21 0 0 1 1 1 0 0 0 0 1 1 1 0 1
2014   2 28  0 13 51 251140    2.07014  -66.92228     7751 146.0  2  0  7 21 0 0 1 1 1 0 0 0 0 1 1 1 0 1
2014   2 28  0 13 51 308527    1.73505  -68.85606     5828  16.7  0  0  4  6 0 0 0 1 0 0 0 0 0 1 0 1 0 1
2014   2 28  0 13 51 398063   -4.90328  -75.33495     5957  55.3  2  0  5 10 0 0 1 0 1 0 0 0 0 0 1 1 0 1
2014   2 28  0 13 52 680058   -5.59383  -74.98841     3015  17.2  0  0  6 15 0 0 1 1 1 0 0 0 0 1 0 1 0 1
2014   2 28  0 13 52 911062   -5.57265  -75.01983     4292  20.3  1  0  4  6 0 0 1 1 1 0 0 0 0 0 0 1 0 0
2014   2 28  0 13 54 281718   -5.43655  -75.30012     4198  31.4  1  0  5 10 0 0 1 1 1 0 0 0 0 0 0 1 0 1
2014   2 28  0 13 54 324902    3.76141  -84.44733     7051   3.7  0  0  5  9 0 0 0 1 1 0 0 0 0 1 0 1 0 1
2014   2 28  0 13 55 757359  -14.38893  -51.81152     3203  37.9  0  0  6 13 0 0 1 1 1 0 0 0 0 1 0 1 0 1
2014   2 28  0 13 56 139052  -25.45906  -45.15628     4381  57.1  1  0  6 12 0 0 1 1 1 0 0 0 0 1 0 1 0 1
2014   2 28  0 13 57  48802    6.94288  -73.29224     9895   3.9  0  0  4  6 0 0 1 1 1 0 0 0 0 1 0 0 0 0
2014   2 28  0 13 57 336266    1.47790  -70.00739     6813   9.7  0  0  5 10 0 0 1 1 1 0 0 0 0 1 0 0 0 1
2014   2 28  0 13 57 955738  -13.48050  -56.91426     4457  17.6  0  0  5 10 0 0 1 1 1 0 0 0 0 1 0 0 0 1
2014   2 28  0 13 59 206789    3.86726  -71.43610     7676  85.0  2  0  6 14 0 0 1 1 1 0 0 0 0 1 0 1 0 1
2014   2 28  0 14  0 560661   -6.06738  -77.49559     7137  10.1  0  0  4  6 0 0 0 1 1 0 0 0 0 1 0 1 0 0
2014   2 28  0 14  1 101367  -11.80286  -72.11208     4132  38.4  1  0  5 10 0 0 1 0 1 0 0 0 0 1 0 1 0 1
2014   2 28  0 14  3 868145  -10.96624  -74.82874     4876  48.3  1  0  5 10 0 0 1 0 1 0 0 0 0 1 0 1 0 1
2014   2 28  0 14  4 664252   -4.91619  -77.57414     5524   9.8  0  0  5 10 0 0 0 1 1 0 0 0 0 1 0 1 0 1
2014   2 28  0 14  5 197819   -8.64423  -70.99892     9366  46.7  1  0  6 12 0 0 1 1 1 0 0 0 0 1 0 0 1 1
2014   2 28  0 14  7 194805  -14.40157  -56.24338     8282  39.7  1  0  5  8 0 0 1 1 1 0 0 0 0 1 0 0 0 1
2014   2 28  0 14  8 545337  -10.35201  -75.44167     3397   4.9  0  0  5 10 0 0 1 0 1 0 0 1 0 1 0 0 0 1
2014   2 28  0 14  9 309268   -4.79286  -61.59930     4183   1.2  0  0  5 10 0 0 0 1 1 0 0 1 0 1 0 0 0 1
2014   2 28  0 14  9 949646  -23.79955  -47.03585     3291  24.5  0  0  5  9 0 0 1 1 1 0 0 1 0 0 0 0 0 1
2014   2 28  0 14 10 191901   -4.39121  -74.57919     4591  15.4  0  0  5 10 0 0 1 1 1 0 0 1 0 0 0 0 0 1
2014   2 28  0 14 10 803303    3.20468  -70.21555     6053  19.6  0  0  5 10 0 0 1 1 1 0 0 1 0 0 0 0 0 1
2014   2 28  0 14 11 353848  -23.05462 -139.80116    32620  24.1  1  0  4  6 0 0 1 1 1 0 0 1 0 0 0 0 0 0
2014   2 28  0 14 12 172358    5.08354  -73.90176    10140  38.7  1  0  5 10 0 0 1 1 1 0 0 1 0 1 0 0 0 0
2014   2 28  0 14 12 978249   -4.63211  -73.93134     7141  39.2  1  0  5 10 0 0 1 1 1 0 0 1 0 0 0 0 0 1
2014   2 28  0 14 13  73607   -8.93052  -60.38367     4476  46.0  1  0  6 15 0 0 1 1 1 0 0 1 0 1 0 0 0 1
2014   2 28  0 14 13 135700   -9.59318  -60.00498     4778  12.8  0  0  5 10 0 0 1 1 1 0 0 0 0 1 0 0 0 1
2014   2 28  0 14 13 235874   -8.91289  -60.43502     6882  55.2  2  0  5  9 0 0 1 1 0 0 0 1 0 1 0 0 0 1
2014   2 28  0 14 13 319129   -9.62794  -60.00427     4826  13.4  0  0  5 10 0 0 1 1 1 0 0 0 0 1 0 0 0 1
2014   2 28  0 14 13 467918   -8.97314  -60.22753     4112  28.2  0  0  5 10 0 0 1 0 1 0 0 1 0 1 0 0 0 1
2014   2 28  0 14 13 605434  -32.61787  -42.78401     3702  14.2  0  0  5 10 0 0 1 1 1 0 0 1 0 0 0 0 0 1
2014   2 28  0 14 13 974590  -14.93440  -53.82959     3043  24.5  0  0  6 15 0 0 0 1 1 0 0 1 0 1 0 0 1 1
2014   2 28  0 14 16 379346  -14.03767  -52.32079     6316  48.2  1  0  5  9 0 0 1 1 1 0 0 0 0 1 0 0 0 1
2014   2 28  0 14 17 139251  -12.83134  -57.09510     5386  81.5  2  0  6 15 0 0 1 1 1 0 0 1 0 1 0 0 0 1
2014   2 28  0 14 17 215407  -12.83110  -57.09388     5414  82.1  2  0  6 15 0 0 1 1 1 0 0 1 0 1 0 0 0 1
2014   2 28  0 14 17 314712  -12.80841  -57.75203     6432  33.6  1  0  4  6 0 0 0 1 1 0 0 1 0 1 0 0 0 0
2014   2 28  0 14 18 287696  -25.35124  -45.39304     3726  47.5  1  0  6 14 0 0 1 1 1 0 0 1 0 1 0 0 0 1
2014   2 28  0 14 18 413249  -25.36423  -45.38640     3813  45.0  1  0  6 13 0 0 1 1 1 0 0 1 0 1 0 0 0 1
2014   2 28  0 14 20 856807  -18.11187  -67.08669     5018  48.7  1  0  5  8 0 0 1 0 1 0 0 1 0 1 0 0 0 1
2014   2 28  0 14 20 890748  -12.23905  -71.65273     5819  46.5  1  0  5  9 0 0 1 0 1 0 0 1 0 1 0 0 0 1
2014   2 28  0 14 21 104205  -14.46786  -51.90076     4959  98.7  2  0  6 15 0 0 1 1 1 0 0 1 0 1 0 0 0 1
2014   2 28  0 14 21 863195  -19.30522  -50.95201     4613 110.0  2  0  6 15 0 0 1 1 1 0 0 1 0 1 0 0 0 1
2014   2 28  0 14 23 943979  -31.81446  -44.47835     6467  51.6  2  0  5 10 0 0 1 1 1 0 0 1 0 0 0 0 0 1
