2014   2 28  3 54 40     76  -32.69025  -42.56412     4081  35.0  0  0  7 16 0 0 1 1 0 0 0 1 0 1 1 1 0 1
2014   2 28  3 54 40  10973  -32.73162  -42.32146     2926  14.6  0  0  6 15 0 0 1 1 1 0 0 1 0 0 1 0 0 1
2014   2 28  3 54 40  30141  -32.78498  -42.28144     3888  14.4  0  0  6 15 0 0 0 1 1 0 0 1 0 1 1 0 0 1
2014   2 28  3 54 40  44810  -32.71360  -42.34029     2792  16.7  0  0  7 21 0 0 1 1 1 0 0 1 0 0 1 1 0 1
2014   2 28  3 54 40  56416  -32.71627  -42.32195     2892   2.5  0  0  5 10 0 0 1 1 1 0 0 0 0 0 1 0 0 1
2014   2 28  3 54 40  65187  -32.73312  -42.31776     3639  16.9  0  0  7 21 0 0 0 1 1 0 0 1 0 1 1 1 0 1
2014   2 28  3 54 40  87168  -32.71924  -42.35519     3048  16.6  0  0  7 20 0 0 1 0 1 0 0 1 0 1 1 1 0 1
2014   2 28  3 54 40 138831  -27.24755  -43.38049     2854  12.4  0  0  6 13 0 0 1 1 1 0 0 1 0 0 1 0 0 1
2014   2 28  3 54 40 152110  -32.74394  -42.29183     4716  18.6  0  0  5  7 0 0 1 1 1 0 0 1 0 0 0 0 0 1
2014   2 28  3 54 40 186970  -32.72243  -42.36104     3077  16.4  0  0  7 19 0 0 1 0 1 0 0 1 0 1 1 1 0 1
2014   2 28  3 54 40 210007  -32.71142  -42.32507     3276   7.6  0  0  5  8 0 0 1 1 0 0 0 0 0 0 1 1 0 1
2014   2 28  3 54 40 751651   -4.38647  -70.62077     3753  11.6  0  0  5  9 0 0 0 1 0 0 0 1 0 0 1 1 0 1
2014   2 28  3 54 41 481408    1.34725    1.43644     8693  14.3  0  0  5 10 0 0 1 1 0 0 0 0 0 0 1 1 0 1
2014   2 28  3 54 41 508152    1.31396    1.23255     5579  17.5  0  0  7 21 0 0 1 1 1 0 0 1 0 0 1 1 0 1
2014   2 28  3 54 41 879725    7.62248  -73.84644     5411   2.2  0  0  4  6 0 0 0 1 1 0 0 1 0 0 0 1 0 0
2014   2 28  3 54 42 544539  -27.11832  -43.53436     3652  18.3  0  0  5  9 0 0 1 1 0 0 0 1 0 0 1 0 0 1
2014   2 28  3 54 42 564857  -27.12002  -43.54242     3586  14.4  0  0  5  8 0 0 1 1 1 0 0 1 0 0 1 0 0 0
2014   2 28  3 54 42 729434    7.58198  -73.53230     4301  31.9  0  0  7 19 0 0 1 1 1 0 0 1 0 1 0 1 0 1
2014   2 28  3 54 42 803596  -27.07777  -43.29234     3123  16.7  0  0  6 12 0 0 1 1 1 0 0 1 0 0 1 0 0 1
2014   2 28  3 54 42 864072    7.53699  -73.20535     6231  10.0  0  0  5  9 0 0 0 0 1 0 0 0 0 1 1 1 0 1
2014   2 28  3 54 43   8807  -27.17091  -43.50948     2572  16.4  0  0  7 21 0 0 1 1 1 0 0 1 0 1 1 0 0 1
2014   2 28  3 54 43 385489    7.63485  -73.82385     5870  28.0  0  0  6 13 0 0 0 1 1 0 0 1 0 0 1 1 0 1
2014   2 28  3 54 44 187767  -25.91343  -44.55250     3235  28.5  0  0  6 13 0 0 1 1 1 0 0 1 0 0 1 0 0 1
2014   2 28  3 54 44 229915  -27.12785  -43.68040     2818  16.9  0  0  6 14 0 0 1 1 1 0 0 1 0 1 1 0 0 0
2014   2 28  3 54 44 426451  -27.20777  -43.59903     5039  55.7  1  0  6 11 0 0 1 1 1 0 0 1 0 0 1 0 0 1
2014   2 28  3 54 44 565198  -27.16931  -43.58780     3882  18.3  0  0  5  7 0 0 1 1 1 0 0 1 0 0 1 0 0 0
2014   2 28  3 54 44 616003    2.90671  -84.91099     4933  50.6  1  0  7 21 0 0 1 1 1 0 0 1 0 1 1 1 0 0
2014   2 28  3 54 44 843539  -27.14625  -43.62255     3481  22.1  0  0  5 10 0 0 1 1 1 0 0 0 0 0 1 0 0 1
2014   2 28  3 54 46 977007  -27.02249  -43.80000     3029  32.8  0  0  7 20 0 0 1 1 1 0 0 1 0 1 1 0 0 1
2014   2 28  3 54 47  18037    6.32497  152.19559     9746  67.5  1  0  7 21 0 0 1 1 1 0 0 1 0 0 1 1 0 1
2014   2 28  3 54 47  47392    6.30823  152.78235    18571  61.4  2  0  5 10 0 0 1 1 0 0 0 0 0 0 1 1 0 1
2014   2 28  3 54 47 195443   -6.97109  -22.09268    57519  35.9  1  0  5 10 0 0 1 1 1 0 0 0 0 0 1 0 0 1
2014   2 28  3 54 47 238737  -27.05244  -43.79837     4411  31.2  1  0  5  8 0 0 1 1 1 0 0 0 0 0 1 0 0 1
2014   2 28  3 54 47 240418    6.39901  152.64333    10085  11.9  0  0  4  6 0 0 1 1 0 0 0 0 0 0 1 1 0 0
2014   2 28  3 54 47 437313  -27.04032  -43.86077     3549  26.0  0  0  5 10 0 0 1 1 1 0 0 1 0 0 0 0 0 1
2014   2 28  3 54 47 602355  -27.12144  -43.68736     4633  32.7  1  0  5  8 0 0 1 1 1 0 0 1 0 0 1 0 0 0
2014   2 28  3 54 47 879651  -23.84758  -45.50097     3241  53.9  1  0  7 21 0 0 1 1 1 0 0 1 0 1 1 0 0 1
2014   2 28  3 54 48 375892  -12.28601  -73.36855     5636  71.1  2  0  7 21 0 0 0 1 1 0 0 1 0 1 1 1 0 1
2014   2 28  3 54 48 855726  -27.05897  -43.56601     6254  75.2  2  0  6 11 0 0 1 1 1 0 0 1 0 0 1 1 0 0
2014   2 28  3 54 48 882836  -26.96845  -43.59338     3163  39.3  0  0  7 21 0 0 1 1 1 0 0 1 0 1 1 0 0 1
2014   2 28  3 54 48 900963  -27.04530  -43.48415     4993  33.3  1  0  5  8 0 0 1 1 1 0 0 1 0 0 1 0 0 0
2014   2 28  3 54 49 256266   -9.01458   11.69854    62986  56.6  2  0  5 10 0 0 1 1 1 0 0 0 0 0 1 0 0 1
2014   2 28  3 54 49 866539    4.93256  -74.12789     8202  78.3  2  0  6 15 0 0 0 1 1 0 0 1 0 0 1 1 0 1
2014   2 28  3 54 49 954170  -27.12998  -43.73293     4609  60.9  2  0  6 14 0 0 1 1 1 0 0 1 0 1 1 0 0 0
2014   2 28  3 54 50  21512  -27.10106  -43.76152     4274  64.8  1  0  7 18 0 0 1 1 1 0 0 1 0 1 1 0 0 1
2014   2 28  3 54 50 101197  -27.02738  -43.86280     3521  46.0  0  0  7 18 0 0 1 1 1 0 0 1 0 1 1 0 0 1
2014   2 28  3 54 50 265488  -22.97144  -46.38641     4739  97.9  2  0  6 15 0 0 1 1 0 0 0 1 0 1 1 0 0 1
2014   2 28  3 54 50 272322  -23.09831  -46.23214     4672  81.1  2  0  6 15 0 0 1 1 1 0 0 1 0 0 1 0 0 1
2014   2 28  3 54 50 531194  -27.06101  -43.81557     4772  52.4  1  0  6 12 0 0 1 1 1 0 0 1 0 0 1 0 0 1
2014   2 28  3 54 50 688309  -27.24189  -43.65114     3356  24.4  0  0  6 12 0 0 1 1 1 0 0 1 0 0 1 0 0 1
2014   2 28  3 54 51  13493  -26.97067  -43.96871     4791  53.0  1  0  6 12 0 0 1 1 1 0 0 1 0 0 1 0 0 1
2014   2 28  3 54 51 480091  -15.67779  -49.86582     3799  75.7  2  0  7 21 0 0 1 0 1 0 0 1 0 1 1 1 0 1
2014   2 28  3 54 52 157720  -13.35305  158.48163    17461 100.4  2  0  6 15 0 0 1 1 1 0 0 1 0 0 0 1 0 1
2014   2 28  3 54 52 267573  -13.40188  159.01785    10930  22.2  1  0  4  6 0 0 0 1 0 0 0 1 0 0 1 1 0 0
2014   2 28  3 54 52 639210  -21.94788  -48.83323     4732 124.4  2  0  7 17 0 0 1 1 1 0 0 1 0 1 0 1 0 1
2014   2 28  3 54 52 788333  -21.71964  -48.95881     3752  26.0  1  0  4  6 0 0 0 1 0 0 0 1 0 1 1 0 0 0
2014   2 28  3 54 52 998762  -13.09089  158.59607    14574 102.7  2  0  7 20 0 0 1 1 1 0 0 1 0 0 1 1 0 1
2014   2 28  3 54 53 153968  -26.89516  -43.99388     5650  68.2  2  0  6 15 0 0 0 1 1 0 0 1 0 1 1 0 0 1
2014   2 28  3 54 53 580904   -6.35728   10.22063    29912 103.3  2  0  6 11 0 0 1 1 0 0 0 1 0 0 1 1 0 1
2014   2 28  3 54 53 664623  -13.38766  -75.15488     7670  29.0  1  0  4  6 0 0 0 0 1 0 0 1 0 1 0 1 0 0
2014   2 28  3 54 53 861502   32.73750 -140.78485    29925  96.8  2  0  6 15 0 0 1 1 0 0 0 1 0 0 1 1 0 1
2014   2 28  3 54 54 869502    4.97116  -73.06119    10793 118.3  2  0  6 15 0 0 0 1 1 0 0 1 0 0 1 1 0 1
2014   2 28  3 54 55 345915   -5.22775  -74.69930     5918  37.0  1  0  5  8 0 0 1 1 0 0 0 1 0 0 1 1 0 0
2014   2 28  3 54 55 367882  -26.91341  -43.83754     5733  62.2  2  0  6 11 0 0 1 1 1 0 0 1 0 0 1 0 0 1
2014   2 28  3 54 55 375635  -26.86457  -43.82749     5502  72.9  2  0  6 13 0 0 1 1 1 0 0 1 0 0 1 0 0 1
2014   2 28  3 54 55 647718  -26.87361  -44.21794     4141  72.8  2  0  7 20 0 0 1 1 1 0 0 1 0 1 1 0 0 1
2014   2 28  3 54 56 334876  -12.83980  -73.46915     3664   3.0  0  0  5  8 0 0 1 1 1 0 0 1 0 0 1 0 0 0
2014   2 28  3 54 56 736392   -4.94331  -53.36671     2901  16.5  0  0  5 10 0 0 0 1 1 0 0 1 0 0 1 1 0 0
2014   2 28  3 54 57 558913  -27.87250  -43.43624     4968  19.3  0  0  4  6 0 0 0 1 0 0 0 1 0 1 1 0 0 0
2014   2 28  3 54 57 868422   -2.19589  -71.88477     2981  14.9  0  0  7 21 0 0 0 1 1 0 0 1 0 1 1 1 0 1
2014   2 28  3 54 57 981202   -2.10575  -71.52006     4314  51.6  1  0  6 15 0 0 1 1 1 0 0 1 0 1 0 1 0 0
2014   2 28  3 54 58  20891  -27.03830  -43.47734     2795   7.4  0  0  5  9 0 0 1 1 1 0 0 0 0 1 1 0 0 0
2014   2 28  3 54 58 171931   -2.21066  -72.00970     3942   3.1  0  0  4  6 0 0 0 0 0 0 0 1 0 1 0 1 0 1
2014   2 28  3 54 59 446887  -21.43725  -51.75208     2515  24.6  0  0  7 19 0 0 1 0 1 0 0 1 0 1 1 1 1 0
2014   2 28  3 55  0  36139  -25.44826  -44.85903     4616  30.8  1  0  5 10 0 0 1 0 1 0 0 1 0 0 1 0 0 1
2014   2 28  3 55  0 262991  -27.19689  -43.42651     4800  17.7  0  0  5  7 0 0 1 0 1 0 0 1 0 0 1 0 0 1
2014   2 28  3 55  0 386670  -25.36848  -44.93909     3251  20.5  0  0  5 10 0 0 1 1 1 0 0 0 0 0 1 0 0 1
2014   2 28  3 55  0 901093    6.08058  -77.09706     4837   7.5  0  0  4  6 0 0 0 1 0 0 0 1 0 0 1 1 0 0
2014   2 28  3 55  0 956577    5.98305  -76.47181     5766  63.4  2  0  6 15 0 0 1 1 1 0 0 1 0 0 0 1 0 1
2014   2 28  3 55  0 966022    5.98666  -76.79009     4069  41.8  0  0  7 21 0 0 1 1 1 0 0 1 0 0 1 1 0 1
2014   2 28  3 55  1  21454    6.03165  -77.21870     7993  36.8  1  0  5  9 0 0 0 1 1 0 0 1 0 0 1 1 0 0
2014   2 28  3 55  1  42949    6.01112  -77.21739     6054  41.1  1  0  6 15 0 0 0 1 0 0 0 1 0 1 1 1 0 1
2014   2 28  3 55  1  78874    6.05111  -76.97891     6622  45.1  1  0  6 12 0 0 0 1 1 0 0 1 0 0 1 1 1 0
2014   2 28  3 55  1 135078  -27.11157  -43.71079     3279  22.5  0  0  6 13 0 0 1 1 1 0 0 1 0 0 1 0 0 1
2014   2 28  3 55  1 303009  -27.21029  -43.62326     4976  56.3  1  0  6 12 0 0 1 1 1 0 0 1 0 0 1 0 0 1
2014   2 28  3 55  1 375854  -27.10643  -43.70454     3218  25.4  0  0  6 15 0 0 1 1 1 0 0 1 0 0 1 0 0 1
2014   2 28  3 55  1 944037   -5.07315  -74.47253     4403  55.5  1  0  7 19 0 0 1 1 1 0 0 1 0 0 1 1 0 1
2014   2 28  3 55  1 962657   -5.39542  -75.74776     5891   1.4  0  0  4  6 0 0 0 1 0 0 0 0 0 1 0 1 0 1
2014   2 28  3 55  3  57647   -7.38028  -59.77090     7175  58.6  1  0  6 15 0 0 0 1 1 0 0 1 0 1 1 0 0 1
2014   2 28  3 55  3 697730  -19.42892 -143.15144    21724  70.7  2  0  6 13 0 0 1 1 1 0 0 1 0 0 1 1 0 0
2014   2 28  3 55  3 815054   -5.74565  -53.92438     4640  56.8  2  0  5 10 0 0 0 0 1 0 0 1 0 0 1 1 0 1
2014   2 28  3 55  4 214541   -8.69154   12.82660    55719  48.7  1  0  5 10 0 0 1 1 1 0 0 0 0 0 1 0 0 1
2014   2 28  3 55  4 306200  -23.11781  -46.22791     4921  64.9  2  0  5 10 0 0 0 1 1 0 0 1 0 0 1 0 0 1
2014   2 28  3 55  4 900445  -22.59196 -137.03093    10580  25.1  0  0  5  8 0 0 1 1 0 0 0 1 0 0 1 1 0 0
2014   2 28  3 55  4 908672  -22.98994 -137.12869    24955 107.1  2  0  6 15 0 0 1 1 1 0 0 1 0 0 1 1 0 0
2014   2 28  3 55  5 493948  -26.98898  -43.81032     4268  41.4  1  0  6 12 0 0 1 1 1 0 0 1 0 0 1 0 0 1
2014   2 28  3 55  5 514472  -26.99341  -43.87466     5094  40.4  1  0  5  8 0 0 1 1 1 0 0 0 0 0 1 0 0 1
2014   2 28  3 55  5 631402   -8.92300    5.45050    12325  56.6  1  0  6 15 0 0 1 1 1 0 0 0 0 0 1 1 0 1
2014   2 28  3 55  5 734109  -27.04720  -43.83997     3611  47.2  0  0  7 16 0 0 1 1 1 0 0 1 0 1 1 0 0 1
2014   2 28  3 55  7 177668  -27.02670  -43.58406     5483  65.3  2  0  6 12 0 0 1 1 1 0 0 1 0 0 1 0 0 1
2014   2 28  3 55  7 188211  -26.94579  -43.65563     4130  48.6  1  0  6 15 0 0 1 1 1 0 0 1 0 0 1 0 0 1
2014   2 28  3 55  7 215422  -27.04165  -43.60340     5413  55.7  1  0  6 11 0 0 1 1 1 0 0 1 0 0 1 0 0 1
2014   2 28  3 55  7 596739  -16.13932  -50.78099     2903   3.9  0  0  4  6 0 0 1 1 0 0 0 1 0 0 1 0 0 0
2014   2 28  3 55  7 931218  -27.10745  -43.52826     6905  40.4  1  0  5  7 0 0 1 0 1 0 0 1 0 0 1 0 0 1
2014   2 28  3 55  8 115496  -12.04733  169.50235    23261 118.9  2  0  7 21 0 0 1 1 1 0 0 1 0 1 1 1 0 0
2014   2 28  3 55  8 257623  -26.97202  -43.96487     4340  56.5  1  0  6 12 0 0 1 1 1 0 0 0 0 1 1 0 0 1
2014   2 28  3 55  8 442714  -26.95817  -43.91879     4901  59.1  1  0  6 13 0 0 1 1 1 0 0 1 0 0 1 0 0 1
2014   2 28  3 55  8 789048  -22.86608  -47.26563     4113  81.1  2  0  6 15 0 0 1 1 1 0 0 1 0 0 1 0 0 1
2014   2 28  3 55  8 984168  -33.42310   14.80859    22268  99.4  2  0  7 21 0 0 1 1 1 0 0 1 0 1 1 0 0 1
2014   2 28  3 55  9 335700  -26.64889 -141.28481    44911 133.0  2  0  7 21 0 0 0 1 1 0 0 1 0 1 1 1 0 1
2014   2 28  3 55  9 396631  -29.96117  -62.82859     4359  13.5  0  0  5 10 0 0 1 1 1 0 0 0 0 0 1 0 0 1
2014   2 28  3 55 10 808520    5.80253  -77.02232    10728 154.3  2  0  7 21 0 0 1 1 1 0 0 0 0 1 1 1 0 1
2014   2 28  3 55 10 850690   -2.75807  -69.40885    29148  45.3  1  0  5 10 0 0 0 1 1 0 0 0 0 1 1 0 0 1
2014   2 28  3 55 11 100174  -27.09742  -43.46111     7795  52.1  2  0  5  8 0 0 1 0 1 0 0 1 0 0 1 0 0 1
2014   2 28  3 55 11 125538  -27.00369  -44.03367     6626  57.1  2  0  5  8 0 0 1 1 1 0 0 1 0 0 1 0 0 0
2014   2 28  3 55 11 331736  -25.19056 -136.78297    24355 127.7  2  0  7 21 0 0 1 1 1 0 0 1 0 0 1 1 0 1
2014   2 28  3 55 11 394808  -24.91993 -134.92206    26004 136.8  2  0  7 21 0 0 1 1 1 0 0 0 0 1 1 1 0 1
2014   2 28  3 55 11 428060  -28.57959 -108.26174    27288   1.5  0  0  4  6 0 0 0 0 0 0 0 1 0 1 1 0 0 1
2014   2 28  3 55 11 444702  -27.34512 -129.33931    45013 138.3  2  0  7 21 0 0 1 1 1 0 0 1 0 1 1 0 0 1
2014   2 28  3 55 11 836525  -25.02122  -45.48359     3950  80.7  2  0  7 21 0 0 1 1 1 0 0 1 0 1 1 0 0 1
2014   2 28  3 55 11 879089  -25.03039  -45.44817     5180  87.6  2  0  6 15 0 0 1 1 1 0 0 1 0 0 1 0 0 1
2014   2 28  3 55 12  27417  -28.82438 -135.92671    16687  36.7  1  0  5  9 0 0 1 0 0 0 0 1 0 0 1 1 0 1
2014   2 28  3 55 12 953461  -20.75475  -46.95753     2469   8.1  0  0  6 13 0 0 1 1 1 0 0 1 0 0 1 0 0 1
2014   2 28  3 55 13  62703  -20.74951  -46.98584     2773   8.1  0  0  5  8 0 0 1 1 1 0 0 1 0 0 0 0 0 1
2014   2 28  3 55 13 823034  -27.29409  -43.32417     3445   6.9  0  0  5  7 0 0 1 1 0 0 0 1 0 0 1 0 0 1
2014   2 28  3 55 14 337476  -27.11738  -43.25006     2843  23.9  0  0  7 19 0 0 1 1 0 0 0 1 0 1 1 1 0 1
2014   2 28  3 55 14 503011  -32.99159  -41.35175     5647  15.8  0  0  4  6 0 0 1 1 0 0 0 1 0 0 0 0 0 1
2014   2 28  3 55 14 644854  -27.25961  -43.35894     3414  12.4  0  0  5  9 0 0 1 1 0 0 0 1 0 0 1 0 0 1
2014   2 28  3 55 14 700143  -32.69350  -41.66040     4454  20.0  0  0  6 15 0 0 0 1 1 0 0 1 0 1 1 0 0 1
2014   2 28  3 55 14 730299  -32.92580  -41.49654     3078  24.0  0  0  7 21 0 0 1 1 1 0 0 1 0 1 1 0 0 1
2014   2 28  3 55 14 769684  -32.71608  -41.60918     5110  18.1  0  0  6 11 0 0 0 1 1 0 0 1 0 0 1 1 0 1
2014   2 28  3 55 14 787681  -32.90046  -41.61995     3510  17.0  0  0  5 10 0 0 1 1 1 0 0 1 0 1 0 0 0 0
2014   2 28  3 55 14 813883  -32.94738  -41.43578     3328  20.6  0  0  6 15 0 0 1 1 1 0 0 1 0 0 1 0 0 1
2014   2 28  3 55 14 825356  -32.74792  -41.59871     5256  17.5  0  0  5 10 0 0 0 1 1 0 0 1 0 0 1 0 0 1
2014   2 28  3 55 15 422194    6.27912  -77.77176    13424  18.9  0  0  5 10 0 0 0 1 1 0 0 1 0 0 1 0 0 1
2014   2 28  3 55 15 498749    6.25470  -77.74521    13598  19.3  0  0  5 10 0 0 0 1 1 0 0 1 0 0 1 0 0 1
2014   2 28  3 55 16 174209  -27.16791  -43.54578     3401  22.5  0  0  6 12 0 0 1 1 1 0 0 1 0 0 1 0 0 1
2014   2 28  3 55 16 951657  -27.14621  -43.64853     3517  25.1  0  0  6 12 0 0 1 1 1 0 0 1 0 0 1 0 0 1
2014   2 28  3 55 17   9473  -27.13686  -43.64647     3270  26.0  0  0  6 15 0 0 1 1 1 0 0 1 0 0 1 0 0 1
2014   2 28  3 55 18 311528   -2.54575  -72.43472     3564  27.7  0  0  7 21 0 0 0 1 1 0 0 1 0 1 0 1 1 1
2014   2 28  3 55 18 339186   -2.65232  -71.71147     5914  40.3  1  0  6 15 0 0 1 1 1 0 0 1 0 0 1 0 0 1
2014   2 28  3 55 18 683352  -26.77977  -44.06606     5256  16.0  0  0  4  6 0 0 0 0 0 0 0 1 0 1 1 0 0 1
2014   2 28  3 55 18 702755  -27.38075  -43.26785     3426  34.1  0  0  6 14 0 0 1 1 1 0 0 1 0 0 1 0 0 1
2014   2 28  3 55 18 821643  -26.99396  -43.75692     4478  50.2  1  0  6 11 0 0 1 1 0 0 0 0 0 1 1 1 0 1
2014   2 28  3 55 18 903812  -27.04011  -43.72829     3254  37.2  0  0  7 18 0 0 1 1 1 0 0 1 0 1 1 0 0 1
2014   2 28  3 55 18 966239  -26.78798  -43.88782     4499  17.5  0  0  5  7 0 0 0 1 1 0 0 0 0 0 1 1 0 1
2014   2 28  3 55 19  47491  -27.01916  -43.75701     3707  52.5  1  0  7 16 0 0 1 1 1 0 0 1 0 1 1 1 0 0
2014   2 28  3 55 19 112378  -27.04051  -43.67574     4946  42.0  1  0  6 13 0 0 1 0 1 0 0 1 0 1 1 0 0 1
2014   2 28  3 55 19 342650  -27.23781  -43.40392     4309  27.7  0  0  5  8 0 0 1 1 1 0 0 1 0 0 1 0 0 0
2014   2 28  3 55 19 826292  -25.52879  -45.04790     5632  41.2  1  0  5  7 0 0 1 1 1 0 0 1 0 0 0 0 0 1
2014   2 28  3 55 19 971787  -23.12704  -46.23867     4733  60.9  2  0  5 10 0 0 0 1 1 0 0 1 0 0 1 0 0 1
2014   2 28  3 55 20 401416  -27.15881  -43.66869     4406  42.6  1  0  6 12 0 0 1 1 1 0 0 1 0 0 1 0 0 1
2014   2 28  3 55 20 513389  -27.05011  -43.74603     3774  45.4  1  0  6 15 0 0 1 1 1 0 0 0 0 1 1 0 0 1
2014   2 28  3 55 20 819202  -27.09244  -43.70086     5759  40.5  1  0  5  7 0 0 1 1 1 0 0 1 0 0 1 0 0 0
2014   2 28  3 55 21   8335  -32.84885  -41.59849     6370  53.8  2  0  5 10 0 0 1 1 0 0 0 1 0 0 1 0 0 1
2014   2 28  3 55 21 488995  -27.13462  -43.42324     5182  60.7  2  0  6 13 0 0 1 1 1 0 0 1 0 0 1 0 0 1
2014   2 28  3 55 21 600463  -27.05487  -43.58474     4080  63.6  1  0  7 18 0 0 1 1 1 0 0 1 0 1 1 0 0 1
2014   2 28  3 55 21 799790  -27.00173  -43.55191     5199  51.8  1  0  6 15 0 0 1 0 1 0 0 1 0 1 1 0 0 1
2014   2 28  3 55 22 155312   -2.90030   10.90879    30710  78.3  2  0  6 15 0 0 0 1 1 0 0 1 0 0 1 1 0 1
2014   2 28  3 55 22 291579  -23.10463  -46.75644     4937 105.4  2  0  6 15 0 0 1 1 1 0 0 0 0 0 1 1 0 1
2014   2 28  3 55 22 648122   -2.40425  -64.35280    25563  47.0  1  0  5 10 0 0 0 1 1 0 0 0 0 1 1 0 0 1
2014   2 28  3 55 23  49662  -29.75950 -129.90028    35607  99.2  2  0  7 21 0 0 1 1 1 0 0 1 0 1 1 0 0 1
2014   2 28  3 55 23 120618  -28.05468 -135.93147    25340 124.9  2  0  7 20 0 0 1 1 1 0 0 1 0 1 0 1 0 1
2014   2 28  3 55 24  95211  -25.52604 -138.87169    33948  85.7  2  0  6 15 0 0 0 1 1 0 0 1 0 0 1 1 0 1
2014   2 28  3 55 24 464963  -20.18630  -50.74235     4284  99.0  2  0  7 17 0 0 1 0 1 0 0 1 0 1 1 1 0 1
2014   2 28  3 55 24 594499  -20.18815  -50.88306     4510 100.8  2  0  7 17 0 0 1 1 0 0 0 1 0 1 1 1 0 1
2014   2 28  3 55 24 704886  -27.08984  -43.86671     5461  55.4  1  0  6 11 0 0 1 1 1 0 0 1 0 0 1 0 0 1
2014   2 28  3 55 24 828293  -16.74702  -50.24764     4590  84.0  2  0  6 15 0 0 1 1 1 0 0 1 0 0 1 0 0 1
2014   2 28  3 55 24 921972  -16.58300  -50.44966     3057  10.6  0  0  4  6 0 0 1 1 0 0 0 1 0 0 1 0 0 0
2014   2 28  3 55 24 941963  -27.03487  -43.82699     5943  65.7  2  0  6 15 0 0 1 0 1 0 0 1 0 1 1 0 0 1
2014   2 28  3 55 24 982866  -16.72060  -50.42556     3495  80.5  2  0  7 21 0 0 1 1 1 0 0 1 0 1 0 1 0 1
2014   2 28  3 55 25 476360  -13.91858  159.82047   117115 101.6  2  0  6 15 0 0 1 1 1 0 0 0 0 0 1 1 0 1
2014   2 28  3 55 25 508349  -13.38897  158.86545     8506   1.6  0  0  4  6 0 0 1 0 0 0 0 1 0 0 1 1 0 0
2014   2 28  3 55 25 829177   -0.05095    1.94582    57697 112.2  2  0  6 12 0 0 1 1 1 0 0 1 0 0 1 0 0 1
2014   2 28  3 55 26 336580  -26.95966  -43.99316     5320  71.9  2  0  6 14 0 0 1 1 1 0 0 1 0 0 1 0 0 1
2014   2 28  3 55 26 951040  -26.99391  -44.03508     5635  72.0  2  0  6 13 0 0 1 1 1 0 0 1 0 0 1 0 0 1
2014   2 28  3 55 27 166513    1.92452    3.66819    26370 115.9  2  0  7 19 0 0 1 1 1 0 0 1 0 0 1 1 0 1
2014   2 28  3 55 27 667429  -27.03478  -44.03504     5828  80.3  2  0  6 14 0 0 1 1 1 0 0 1 0 0 1 0 0 1
2014   2 28  3 55 28 220383  -27.36332  -43.34598     3037  13.5  0  0  6 11 0 0 1 1 1 0 0 1 0 0 1 0 0 1
2014   2 28  3 55 28 674681  -25.03423  -45.08518     3520  22.6  0  0  5  9 0 0 0 1 1 0 0 1 0 0 1 0 0 1
2014   2 28  3 55 29  96914   -0.73691   11.58829    41998  11.3  0  0  4  6 0 0 1 1 0 0 0 0 0 0 1 0 0 1
2014   2 28  3 55 29 135872  -13.94430  -58.31743     2953   4.0  0  0  4  6 0 0 0 1 0 0 0 1 0 0 1 1 0 0
2014   2 28  3 55 29 256258  -25.23879  -44.84149     2870  21.9  0  0  7 16 0 0 1 1 1 0 0 1 0 1 0 1 0 1
2014   2 28  3 55 29 576357  -13.79086  159.48520     8722  36.9  0  0  6 15 0 0 1 0 1 0 0 1 0 0 1 1 0 1
2014   2 28  3 55 29 728758    0.39459  -68.81226     6257   8.6  0  0  5 10 0 0 0 1 1 0 0 1 0 0 1 0 0 1
2014   2 28  3 55 29 882082  -27.16953  -43.56372     2761  21.0  0  0  7 19 0 0 1 1 1 0 0 1 0 1 1 0 0 1
2014   2 28  3 55 30  21164    2.82073  -67.50220     3241  18.2  0  0  6 15 0 0 0 1 1 0 0 1 0 0 1 1 0 1
2014   2 28  3 55 30 350370  -27.06932  -43.25921     3885  16.0  0  0  5  8 0 0 0 1 1 0 0 1 0 0 1 0 0 1
2014   2 28  3 55 30 581273    2.57312  -83.49406    13627  16.7  0  0  5  9 0 0 0 1 1 0 0 1 0 0 1 0 0 1
2014   2 28  3 55 30 639456   -0.04210    6.92992    18814  49.7  0  0  7 16 0 0 1 1 1 0 0 1 0 0 1 1 0 1
2014   2 28  3 55 31 373322  -16.94261  -50.84251     2676  18.4  0  0  6 15 0 0 1 1 1 0 0 1 0 0 1 0 0 1
2014   2 28  3 55 31 435961  -22.82402 -140.59808     7029  26.1  0  0  7 21 0 0 1 1 1 0 0 1 0 0 1 1 0 1
2014   2 28  3 55 31 878902   -5.88199    6.14735    36473  26.1  0  0  5 10 0 0 1 1 1 0 0 0 0 0 1 0 0 1
2014   2 28  3 55 31 915836   -6.18533    5.63260    10078  24.1  0  0  6 15 0 0 1 1 1 0 0 1 0 0 1 0 0 1
2014   2 28  3 55 31 933640   -7.71377    7.73425    53618  27.9  1  0  4  6 0 0 1 1 0 0 0 0 0 0 1 0 0 1
2014   2 28  3 55 32 106648   -5.95299    6.06822    38303  27.6  0  0  5 10 0 0 1 1 1 0 0 0 0 0 1 0 0 1
2014   2 28  3 55 32 136369  -27.17356  -43.49909     4030  25.0  0  0  5  8 0 0 1 1 1 0 0 0 0 0 1 0 0 1
2014   2 28  3 55 32 922671  -21.54760  -51.68822     3235  53.0  1  0  7 18 0 0 1 0 1 0 0 1 0 1 1 1 0 1
2014   2 28  3 55 33  75063  -27.12565  -43.66853     3326  33.0  0  0  6 15 0 0 1 1 1 0 0 1 0 1 1 0 0 0
2014   2 28  3 55 33 101100  -27.15815  -43.61898     4286  28.8  0  0  5  8 0 0 1 1 1 0 0 0 0 0 1 0 0 1
2014   2 28  3 55 33 343226  -16.27686  -50.66645     3072  14.5  0  0  4  6 0 0 0 1 0 0 0 1 0 1 0 0 0 1
2014   2 28  3 55 33 496648  -20.08348 -142.04005    14118  72.0  2  0  7 18 0 0 1 0 1 0 0 1 0 1 1 1 0 1
2014   2 28  3 55 33 763439  -19.83281 -142.51964    17659  41.0  1  0  5  8 0 0 1 1 0 0 0 1 0 0 1 1 0 0
2014   2 28  3 55 33 868382  -14.46910  160.06609   185348  45.2  1  0  5  9 0 0 1 1 1 0 0 1 0 0 1 0 0 0
2014   2 28  3 55 34 117494  -13.60680  159.23149     8939  14.0  0  0  4  6 0 0 0 1 0 0 0 1 0 0 1 1 0 0
2014   2 28  3 55 36  53924  -21.27249  -51.93568     3158  32.4  0  0  6 15 0 0 1 1 0 0 0 1 0 0 1 1 1 0
2014   2 28  3 55 36  65521  -21.38974  -51.66872     3616  74.6  2  0  7 19 0 0 1 1 1 0 0 1 0 1 1 0 0 1
2014   2 28  3 55 36  74631  -21.29587  -51.86246     2720  36.0  0  0  7 18 0 0 1 1 1 0 0 1 0 1 1 1 0 0
2014   2 28  3 55 36  84447  -21.28508  -51.88340     2740  34.9  0  0  7 17 0 0 1 1 1 0 0 1 0 1 1 1 0 0
2014   2 28  3 55 36 492733  -27.02767  -43.71735     4984  51.0  2  0  5 10 0 0 1 1 1 0 0 0 0 0 1 0 0 1
2014   2 28  3 55 36 513502  -27.04712  -43.71587     4069  46.7  1  0  6 15 0 0 1 1 1 0 0 1 0 0 1 0 0 1
2014   2 28  3 55 36 618310  -27.05329  -43.87672     3084  29.3  0  0  6 14 0 0 1 1 1 0 0 1 0 1 0 0 0 1
2014   2 28  3 55 36 687657  -26.92440  -43.59599     3807  56.9  1  0  7 19 0 0 1 1 1 0 0 0 0 1 1 1 0 1
2014   2 28  3 55 36 908836  -23.07945  -46.17392     4791  60.4  2  0  5 10 0 0 1 1 0 0 0 1 0 0 1 0 0 1
2014   2 28  3 55 37  28491  -27.04071  -43.55982     4015  61.7  1  0  7 18 0 0 1 1 1 0 0 1 0 1 1 0 0 1
2014   2 28  3 55 37 705407   -2.15957  -72.23272     6515  73.1  2  0  6 15 0 0 0 1 1 0 0 1 0 0 1 1 0 1
2014   2 28  3 55 37 736751  -13.64216  160.93855     6496   6.1  0  0  5 10 0 0 1 1 0 0 0 1 0 0 1 1 0 0
2014   2 28  3 55 37 750122   -2.14865  -72.08839     9336 101.6  2  0  6 12 0 0 1 1 0 0 0 1 0 1 1 1 0 0
2014   2 28  3 55 37 879235  -27.06250  -43.81993     3806  57.5  1  0  7 19 0 0 1 1 1 0 0 1 0 1 1 0 0 1
2014   2 28  3 55 37 888191  -27.10510  -43.72362     4452  53.0  1  0  6 14 0 0 1 1 1 0 0 1 0 0 1 0 0 1
2014   2 28  3 55 37 931512   -2.20866  -72.08577     7626  76.4  2  0  6 15 0 0 0 0 1 0 0 1 0 1 1 1 0 1
2014   2 28  3 55 38 302940  -25.86123  -44.72379     3934  31.0  1  0  5 10 0 0 0 1 1 0 0 0 0 1 1 0 0 1
2014   2 28  3 55 38 671591  -26.12195  -44.60039     4002  55.2  1  0  6 14 0 0 1 1 1 0 0 1 0 1 1 0 0 0
2014   2 28  3 55 38 886231    5.00369  -72.61630     7737  86.6  2  0  7 17 0 0 1 1 1 0 0 1 0 0 1 1 0 1
2014   2 28  3 55 38 987724  -29.68617  -60.49252     3982  11.9  0  0  5 10 0 0 1 1 1 0 0 0 0 0 1 0 0 1
2014   2 28  3 55 40 286896  -27.03236  -43.97756     5298  93.7  2  0  7 16 0 0 1 1 1 0 0 1 0 1 0 1 0 1
2014   2 28  3 55 40 461634  -26.70137  -44.09551     7722  88.2  2  0  6 12 0 0 0 1 1 0 0 1 0 1 1 1 0 0
2014   2 28  3 55 40 539239  -26.91619  -43.97523     4037  68.3  1  0  7 20 0 0 1 1 1 0 0 1 0 1 1 0 0 1
2014   2 28  3 55 41 215776   16.49691  -97.81464    40899  59.3  2  0  5 10 0 0 0 1 1 0 0 1 0 0 0 1 0 1
2014   2 28  3 55 41 281638  -13.13049  159.12029    15395  84.3  2  0  6 15 0 0 1 1 1 0 0 1 0 0 1 1 0 0
2014   2 28  3 55 41 879007  -26.88648  -43.80994     4256  73.2  2  0  7 19 0 0 1 1 1 0 0 1 0 1 1 0 0 1
2014   2 28  3 55 42 877424   -2.35288  -73.00587     5850  77.3  2  0  6 12 0 0 1 1 1 0 0 1 0 0 0 1 1 0
2014   2 28  3 55 43  33158  -26.98627  -43.92789     6706 120.4  2  0  7 17 0 0 1 1 1 0 0 1 0 0 1 1 0 1
2014   2 28  3 55 43 184206  -27.02485  -44.06055     5626  83.8  2  0  6 14 0 0 1 1 0 0 0 1 0 1 1 0 0 1
2014   2 28  3 55 43 324448  -26.93796  -44.08916     4589  83.2  2  0  7 18 0 0 1 1 1 0 0 1 0 1 1 0 0 1
2014   2 28  3 55 43 719797  -27.20693  -43.67720     4152  45.6  1  0  6 15 0 0 1 1 1 0 0 1 0 0 1 0 0 1
2014   2 28  3 55 44  85889    4.83022  -71.53861     4026  17.5  0  0  5 10 0 0 0 1 1 0 0 1 0 0 1 1 0 0
2014   2 28  3 55 44 264438  -33.96131  -40.82891     2677  10.7  0  0  7 20 0 0 1 0 1 0 0 1 1 0 1 1 0 1
2014   2 28  3 55 44 378790   -5.25510  -74.26011     5235  14.4  0  0  5  7 0 0 0 1 1 0 0 1 0 0 1 1 0 0
2014   2 28  3 55 44 528443  -27.45656  -43.31982     2959  10.4  0  0  5  9 0 0 1 1 1 0 0 0 0 1 0 0 0 1
2014   2 28  3 55 44 752314  -27.21271  -43.32017     3990  56.6  1  0  7 16 0 0 1 1 1 0 0 1 0 1 1 0 0 1
2014   2 28  3 55 44 822894    3.81150    7.14226    32815   7.6  0  0  5 10 0 0 1 1 1 0 0 0 0 0 1 0 0 1
2014   2 28  3 55 45 461519  -27.24596  -43.34852     3013   9.5  0  0  5  9 0 0 1 1 1 0 0 1 0 0 0 0 0 1
2014   2 28  3 55 45 529135   -2.23016  -71.85139     2675   6.8  0  0  7 21 0 0 0 1 1 0 0 1 0 1 1 1 0 1
2014   2 28  3 55 45 665511   -2.22531  -71.85934     3508   7.7  0  0  5  9 0 0 0 1 1 0 0 1 0 0 1 1 0 0
2014   2 28  3 55 45 696306    6.30049  151.79460    11271  25.6  1  0  4  6 0 0 0 1 0 0 0 1 0 0 1 1 0 0
2014   2 28  3 55 45 935508  -27.90250  -43.40025     2552  12.6  0  0  7 19 0 0 1 1 1 0 0 1 0 1 1 0 0 1
2014   2 28  3 55 45 945749  -27.91977  -43.37851     3087  10.0  0  0  5  9 0 0 1 1 1 0 0 1 0 0 1 0 0 0
2014   2 28  3 55 46 240591  -13.38243  158.06564     7509  21.0  0  0  5 10 0 0 0 1 0 0 0 1 0 0 1 1 0 1
2014   2 28  3 55 46 330293   -1.40671  -33.51180    34947  53.6  2  0  5  8 0 0 1 1 1 0 0 0 0 0 0 1 0 1
2014   2 28  3 55 46 683310   -4.92795  -53.39914     2355  10.7  0  0  7 21 0 0 0 1 1 0 0 1 0 1 1 1 0 1
2014   2 28  3 55 46 699853   -4.92510  -53.38108     2507  10.8  0  0  6 15 0 0 0 1 1 0 0 1 0 0 1 1 0 1
2014   2 28  3 55 46 848094  -15.14161  -52.70815     3223  11.7  0  0  4  6 0 0 1 0 0 0 0 1 0 1 0 0 0 1
2014   2 28  3 55 46 866946  -15.12316  -52.72467     2659   6.3  0  0  5 10 0 0 1 1 1 0 0 1 0 0 1 0 0 0
2014   2 28  3 55 46 886004  -15.15220  -52.72962     2484  10.0  0  0  6 15 0 0 0 1 1 0 0 1 0 1 1 0 0 1
2014   2 28  3 55 46 895565  -15.17364  -52.64759     2563  12.9  0  0  6 15 0 0 0 1 1 0 0 1 0 0 1 1 0 1
2014   2 28  3 55 47  63317  -15.18419  -52.75055     2546  21.0  0  0  7 21 0 0 0 0 1 0 0 1 0 1 1 1 1 1
2014   2 28  3 55 47 420006  -12.25055  -72.89817     3128  24.4  0  0  6 15 0 0 1 1 1 0 0 1 0 0 1 1 0 0
2014   2 28  3 55 47 467859  -15.79182  -50.04388     2701   9.8  0  0  5 10 0 0 1 1 1 0 0 1 0 0 1 0 0 0
2014   2 28  3 55 47 530020  -12.29815  -73.02817     3689  22.3  0  0  6 15 0 0 0 1 1 0 0 1 0 0 1 1 0 1
2014   2 28  3 55 47 738729  -27.24853  -43.47535     3527  35.8  0  0  6 11 0 0 1 1 1 0 0 1 0 0 1 0 0 1
2014   2 28  3 55 47 755914   -5.77557  -53.83628     2875  22.5  0  0  6 15 0 0 1 0 1 0 0 1 0 0 1 1 0 1
2014   2 28  3 55 47 805490   -5.68110  -53.78011     2541  21.5  0  0  7 21 0 0 1 1 1 0 0 1 0 0 1 1 0 1
2014   2 28  3 55 47 861102   -5.67130  -53.77693     2872  22.6  0  0  6 15 0 0 1 1 0 0 0 0 0 1 1 1 0 1
2014   2 28  3 55 47 894804   -5.73719  -53.84593     2717  19.9  0  0  6 15 0 0 0 1 1 0 0 1 0 0 1 1 0 1
2014   2 28  3 55 47 933909  -15.79373  -50.04995     2821  13.7  0  0  5 10 0 0 1 1 1 0 0 1 0 0 1 0 0 0
2014   2 28  3 55 48  52056  -27.19704  -43.50674     3084  15.6  0  0  6 12 0 0 1 1 1 0 0 1 0 0 1 0 0 1
2014   2 28  3 55 48  95519  -15.80264  -50.06592     2473  20.0  0  0  7 21 0 0 1 1 1 0 0 1 0 1 1 0 0 1
2014   2 28  3 55 48 354248   -5.67480  -53.77084     3282  28.6  0  0  6 14 0 0 1 0 1 0 0 1 0 0 1 1 0 1
2014   2 28  3 55 48 709939   -5.73007  -53.86609     2866  25.8  0  0  6 15 0 0 0 1 1 0 0 1 0 0 1 1 0 1
2014   2 28  3 55 48 761680  -13.09261  -73.86027     5058  32.8  0  0  6 15 0 0 0 0 1 0 0 1 0 1 1 1 0 1
2014   2 28  3 55 48 918259  -11.86368  -57.39666     4116  19.8  0  0  5 10 0 0 0 0 1 0 0 1 0 1 1 0 0 1
2014   2 28  3 55 48 975520  -27.09096  -43.58183     4213  18.8  0  0  5  8 0 0 1 1 0 0 0 1 0 0 1 0 0 1
2014   2 28  3 55 49  57854  -11.78581  -57.61931     2880  35.9  0  0  7 21 0 0 1 1 1 0 0 1 0 0 1 1 0 1
2014   2 28  3 55 49 372755  -27.02699  -43.39682     3801  15.2  0  0  5  8 0 0 0 1 1 0 0 1 0 0 1 0 0 1
2014   2 28  3 55 49 446248  -27.08152  -43.37947     3714  20.4  0  0  5  8 0 0 1 1 1 0 0 0 0 0 1 0 0 1
2014   2 28  3 55 49 592196    3.92167  -72.53934     4478  33.0  0  0  6 15 0 0 0 1 1 0 0 1 0 0 1 1 0 1
2014   2 28  3 55 49 754416  -12.04341  -57.57283     3962  20.0  1  0  4  6 0 0 0 1 0 0 0 0 0 1 0 1 0 1
2014   2 28  3 55 50  96930  -27.18375  -43.57941     3433  23.2  0  0  6 12 0 0 1 1 1 0 0 1 0 0 1 0 0 1
2014   2 28  3 55 50 135336  -27.18034  -43.58739     3084  23.1  0  0  6 15 0 0 1 1 1 0 0 1 0 0 1 0 0 1
2014   2 28  3 55 50 760316    2.34296  -67.93608     8145  46.6  1  0  5  9 0 0 0 1 1 0 0 0 0 0 1 1 0 1
2014   2 28  3 55 51 379099  -27.16108  -43.60641     4713  53.1  1  0  6 12 0 0 1 1 1 0 0 1 0 0 1 0 0 1
2014   2 28  3 55 52 849036  -26.95719  -43.56273     6509  52.9  1  0  6 11 0 0 1 0 1 0 0 1 0 0 1 1 0 1
2014   2 28  3 55 52 881760   36.22587 -161.75546    33937  35.8  0  0  6 15 0 0 0 1 1 0 0 1 0 1 1 0 0 1
2014   2 28  3 55 52 943300  -25.28961  -45.09595     4155  16.6  0  0  4  6 0 0 1 1 0 0 0 1 0 0 1 0 0 0
2014   2 28  3 55 52 970261  -26.93472  -43.83704     3785  52.5  1  0  7 19 0 0 1 1 1 0 0 1 0 0 1 1 0 1
2014   2 28  3 55 53  64303  -26.99583  -43.73719     4415  26.8  0  0  5  8 0 0 1 1 1 0 0 1 0 0 1 0 0 0
2014   2 28  3 55 53  79765  -26.92135  -43.89966     3601  34.8  0  0  6 11 0 0 1 1 1 0 0 0 0 1 0 1 0 1
2014   2 28  3 55 53 590504  -26.98351  -43.65276     5289  40.9  1  0  6 11 0 0 1 1 1 0 0 1 0 0 1 0 0 1
2014   2 28  3 55 53 767985  -27.20583  -43.73502     4825  42.4  1  0  6 11 0 0 1 1 1 0 0 1 0 0 1 0 0 1
2014   2 28  3 55 53 795620  -27.09566  -43.74739     4554  42.5  1  0  5 10 0 0 1 1 1 0 0 0 0 0 1 0 0 1
2014   2 28  3 55 53 895186  -27.11396  -43.76263     3884  42.4  1  0  6 15 0 0 1 1 1 0 0 1 0 0 1 0 0 1
2014   2 28  3 55 54  95970   -5.00171  -74.08315     6763  72.6  2  0  6 13 0 0 1 0 1 0 0 1 0 0 1 1 0 1
2014   2 28  3 55 54 199625  -27.07654  -43.84118     5685  48.9  1  0  5 10 0 0 1 1 0 0 0 1 0 0 1 0 0 1
2014   2 28  3 55 54 223858  -27.02878  -43.94849     4192  50.2  1  0  6 13 0 0 1 1 0 0 0 1 0 1 1 0 0 1
2014   2 28  3 55 54 556961  -16.70402  -50.47314     3200  58.3  1  0  7 21 0 0 0 1 1 0 0 1 0 1 0 1 1 1
2014   2 28  3 55 54 613238  -16.71579  -50.20193     3333  60.6  1  0  7 21 0 0 1 0 1 0 0 1 0 1 1 0 1 1
2014   2 28  3 55 54 698079  -20.86687  -46.95258     3735  59.0  1  0  6 15 0 0 1 1 1 0 0 1 0 0 1 0 0 1
2014   2 28  3 55 55  99608    5.91369  -83.74088     8798 111.9  2  0  7 20 0 0 1 1 0 0 0 1 0 1 1 1 0 1
2014   2 28  3 55 55 148605  -21.47534  -51.60459     5055  79.7  2  0  6 12 0 0 1 1 0 0 0 1 0 1 1 0 0 1
2014   2 28  3 55 55 546877  -26.79092  -44.02190     4077  30.4  1  0  5 10 0 0 0 1 1 0 0 1 0 0 1 0 0 1
2014   2 28  3 55 55 603858    5.03724  -84.20412    19244  66.3  2  0  5 10 0 0 1 1 0 0 0 0 0 0 1 0 1 1
2014   2 28  3 55 55 621764  -11.35026  168.17857    20878  84.9  2  0  6 15 0 0 1 0 1 0 0 1 0 0 1 1 0 1
2014   2 28  3 55 55 631625    6.10670  -84.75312     8083 105.0  2  0  7 21 0 0 1 1 1 0 0 1 0 0 1 1 0 1
2014   2 28  3 55 56 185125  -15.64121  -50.09367     3608  86.0  2  0  7 21 0 0 0 1 1 0 0 1 0 1 1 1 0 1
2014   2 28  3 55 56 371122  -13.03591  -71.68673     5706  92.8  2  0  6 15 0 0 1 1 1 0 0 1 0 0 1 1 0 0
2014   2 28  3 55 56 723615  -13.48126  158.76653    14327  76.4  2  0  6 15 0 0 1 1 1 0 0 1 0 0 1 1 0 0
2014   2 28  3 55 56 763996  -13.50037  159.09146     9492  14.8  0  0  4  6 0 0 1 1 0 0 0 1 0 0 0 1 0 0
2014   2 28  3 55 56 848233  -13.50992  159.05252     8208  22.0  0  0  5 10 0 0 1 1 0 0 0 1 0 0 1 1 0 0
2014   2 28  3 55 57 148228  -13.50672  159.07422     8373  23.1  0  0  5 10 0 0 1 1 0 0 0 1 0 0 1 1 0 0
2014   2 28  3 55 58 440255  -13.81623  159.90692    23179 105.3  2  0  6 14 0 0 1 0 1 0 0 1 0 1 1 1 0 0
2014   2 28  3 55 58 484559  -13.51847  159.76469     9970  31.4  1  0  5 10 0 0 1 1 0 0 0 1 0 0 1 1 0 0
2014   2 28  3 55 58 616799  -13.46676  159.53641     9156   9.3  0  0  4  6 0 0 1 0 0 0 0 1 0 0 1 1 0 0
2014   2 28  3 55 59  74262  -24.19157  -45.60912     4029  89.6  2  0  7 21 0 0 1 1 1 0 0 1 0 1 0 1 0 1
2014   2 28  3 55 59 589752    5.15723  -72.15855     9989 111.5  2  0  6 15 0 0 0 1 1 0 0 1 0 0 1 1 0 1
2014   2 28  3 55 59 635860    5.15175  -71.78767     7575 117.5  2  0  7 19 0 0 1 1 1 0 0 1 0 0 1 1 0 1
2014   2 28  3 56  0 132231  -19.85139   16.01493    13717  10.9  0  0  5 10 0 0 1 1 1 0 0 0 0 0 1 0 0 1
2014   2 28  3 56  0 546946  -27.21795  -43.51656     2839  10.6  0  0  6 11 0 0 1 1 1 0 0 1 0 1 0 0 0 1
2014   2 28  3 56  0 847235  -27.12824  -43.26731     3036  17.9  0  0  6 13 0 0 1 1 1 0 0 1 0 0 1 0 0 1
2014   2 28  3 56  1 940130  -27.20956  -43.50264     3898  10.8  0  0  5  7 0 0 0 1 1 0 0 1 0 0 1 0 0 1
2014   2 28  3 56  2 546768    7.60391  -73.84016     6699  25.9  0  0  5  8 0 0 0 1 1 0 0 1 0 0 1 1 0 0
2014   2 28  3 56  2 725724    7.61509  -74.05516     7578  17.7  0  0  4  6 0 0 0 1 1 0 0 1 0 0 0 1 0 0
2014   2 28  3 56  3 230288  -27.09478  -43.62410     3201  19.7  0  0  6 13 0 0 1 1 1 0 0 1 0 0 1 0 0 1
2014   2 28  3 56  3 418215  -25.46702 -135.72534    15663  57.8  1  0  6 14 0 0 1 1 1 0 0 1 0 0 1 1 0 0
2014   2 28  3 56  3 662935  -25.35027  -45.02245     3541  25.7  0  0  5 10 0 0 0 1 1 0 0 1 0 0 1 0 0 1
2014   2 28  3 56  3 859747  -19.36147 -143.41109    17784  64.8  2  0  6 15 0 0 1 1 1 0 0 1 0 0 1 1 0 0
2014   2 28  3 56  4 578502  -32.37199  -42.72271     7584  18.1  0  0  5  7 0 0 0 1 1 0 0 1 0 0 1 0 0 1
2014   2 28  3 56  4 587306  -32.66300  -42.43788     3468  49.3  0  0  7 21 0 0 1 0 0 0 0 1 0 1 1 1 1 1
2014   2 28  3 56  4 626849  -32.16892  -42.89259     4102  25.1  0  0  7 20 0 0 0 1 1 0 0 1 0 1 1 1 0 1
2014   2 28  3 56  4 637787  -32.23584  -42.84827     4169  20.0  0  0  6 15 0 0 0 1 1 0 0 1 0 1 1 0 0 1
2014   2 28  3 56  4 681484  -32.74845  -42.43113     3813  11.1  0  0  4  6 0 0 1 1 0 0 0 1 0 0 1 0 0 0
2014   2 28  3 56  4 692868  -22.23230   69.49513    28129  32.1  1  0  5 10 0 0 1 1 1 0 0 0 0 0 1 0 0 1
2014   2 28  3 56  4 748923  -32.66196  -42.51566     4912  38.1  1  0  5 10 0 0 1 1 1 0 0 1 0 0 1 0 0 0
2014   2 28  3 56  4 799438  -32.58146  -42.86743     4871  22.4  0  0  5  8 0 0 1 1 1 0 0 1 0 0 0 0 0 1
2014   2 28  3 56  5 771830   21.81790  -97.13459    14828  29.6  0  0  5  7 0 0 1 1 0 0 0 1 0 0 1 1 0 0
2014   2 28  3 56  6    563  -27.18103  -43.66793     3803  29.3  0  0  6 12 0 0 1 1 1 0 0 1 0 0 1 0 0 1
2014   2 28  3 56  6  30688  -27.10928  -43.71230     3282  31.0  0  0  6 15 0 0 1 1 1 0 0 0 0 1 1 0 0 1
2014   2 28  3 56  6 475973  -27.06298  -43.82222     3056  31.5  0  0  7 19 0 0 1 1 1 0 0 1 0 1 1 0 0 1
2014   2 28  3 56  6 601574  -22.89669  -47.46657     3551  77.8  2  0  7 19 0 0 0 1 1 0 0 1 0 1 1 1 0 1
2014   2 28  3 56  6 648138  -22.96235  -47.31710     3248  43.4  1  0  6 14 0 0 1 1 1 0 0 1 0 0 1 0 0 1
2014   2 28  3 56  6 690278  -22.86663  -47.38117     3269  50.7  1  0  6 15 0 0 1 0 1 0 0 1 0 1 1 0 0 1
2014   2 28  3 56  6 737473  -27.07410  -43.79552     3741  32.8  0  0  6 13 0 0 1 1 1 0 0 1 0 0 1 0 0 1
2014   2 28  3 56  7 250710    7.99781  -73.66950     5725  78.8  2  0  7 21 0 0 1 1 1 0 0 1 0 0 1 1 0 1
2014   2 28  3 56  7 718367  -27.09888  -43.73293     4566  37.0  1  0  5  9 0 0 1 1 1 0 0 0 0 0 1 0 0 1
2014   2 28  3 56  8 365030  -15.12605   21.32082    24018  69.6  2  0  6 14 0 0 1 1 1 0 0 1 0 0 1 0 0 1
2014   2 28  3 56  8 401812    6.59860  -75.30164    10988  95.3  2  0  6 15 0 0 0 1 1 0 0 1 0 0 1 1 0 1
2014   2 28  3 56  8 707949  -26.96059  -43.59438     4491  41.5  1  0  5 10 0 0 1 1 1 0 0 0 0 0 1 0 0 1
2014   2 28  3 56  8 824686    5.87555  -78.32595    13497  55.0  2  0  5 10 0 0 0 1 1 0 0 1 0 0 0 1 0 1
2014   2 28  3 56 10  82753  -32.86838  -41.74764     7616  70.9  2  0  5 10 0 0 1 1 1 0 0 1 0 0 1 0 0 0
2014   2 28  3 56 10 577359    5.53198  -70.97019     7624  62.6  2  0  6 13 0 0 1 0 1 0 0 1 0 0 1 1 0 1
2014   2 28  3 56 10 595309    7.00686  -78.58949    13401  97.5  2  0  6 12 0 0 1 1 1 0 0 1 0 0 1 1 0 0
2014   2 28  3 56 11 223999  -22.83876  -46.32549     4676  67.9  2  0  5 10 0 0 1 0 1 0 0 0 0 1 1 0 0 1
2014   2 28  3 56 11 448898  -23.98539  -46.87638     6568 111.0  2  0  6 14 0 0 1 1 1 0 0 1 0 0 1 0 0 1
2014   2 28  3 56 11 916337  -13.51172  159.15791     9050  26.7  0  0  5 10 0 0 1 1 0 0 0 1 0 0 1 1 0 0
2014   2 28  3 56 12  73453   -4.36529  -71.34464     6206  97.7  2  0  7 20 0 0 0 1 1 0 0 1 0 1 1 1 1 0
2014   2 28  3 56 12 451066    8.01634  -75.60232    11542  70.4  2  0  6 15 0 0 0 1 1 0 0 1 0 1 0 1 0 1
2014   2 28  3 56 12 630187  -27.00179  -44.07322     5171  54.7  1  0  6 12 0 0 1 1 1 0 0 1 0 0 1 0 0 1
2014   2 28  3 56 12 654603  -26.93549  -43.74640     4762  58.7  1  0  6 14 0 0 1 1 1 0 0 1 0 0 1 0 0 1
2014   2 28  3 56 12 742989  -26.91621  -43.79564     3783  56.1  1  0  7 19 0 0 1 1 1 0 0 1 0 1 1 0 0 1
2014   2 28  3 56 13 171428  -27.14984  -43.45192     3682  35.6  0  0  6 14 0 0 1 1 1 0 0 1 0 0 1 0 0 1
2014   2 28  3 56 13 565644  -26.69386  -44.26541     6226  71.4  2  0  6 12 0 0 0 1 0 0 0 1 0 1 1 1 0 1
2014   2 28  3 56 13 608892  -26.94933  -44.06248     3791  60.4  1  0  7 21 0 0 1 1 1 0 0 1 0 1 1 0 0 1
2014   2 28  3 56 13 744180  -26.97193  -43.80126     5837  77.2  2  0  7 17 0 0 1 0 1 0 0 1 0 1 1 1 0 1
2014   2 28  3 56 13 807002  -25.28501 -136.33698    31165 122.8  2  0  7 17 0 0 1 1 1 0 0 1 0 0 1 1 0 1
2014   2 28  3 56 13 907940  -26.68336  -44.26208     3428  30.2  0  0  6 14 0 0 0 1 1 0 0 1 0 1 1 0 0 1
2014   2 28  3 56 14 785203  -26.98285  -44.12408     4211  65.4  1  0  7 17 0 0 1 1 1 0 0 1 0 1 1 0 0 1
2014   2 28  3 56 14 825366   -1.96985  -72.11280     6209 123.2  2  0  7 20 0 0 1 1 1 0 0 1 0 0 1 1 0 1
2014   2 28  3 56 14 953729  -26.62169  -44.35566     3321  17.6  0  0  5 10 0 0 0 1 1 0 0 0 0 1 1 0 0 1
2014   2 28  3 56 15 851037  -13.58061  -73.98235     6795 151.1  2  0  7 21 0 0 1 1 1 0 0 0 0 1 1 1 0 1
2014   2 28  3 56 15 962166  -13.72969  -73.97285     6402 134.9  2  0  7 21 0 0 1 0 1 0 0 1 0 1 0 1 1 1
2014   2 28  3 56 16  89375  -13.85472  -73.73205     3266   1.8  0  0  5 10 0 0 1 1 0 0 0 1 0 1 1 0 0 0
2014   2 28  3 56 16 179458  -13.77258  -73.83160     3225   5.5  0  0  4  6 0 0 1 1 0 0 0 0 0 0 1 1 0 0
2014   2 28  3 56 16 197712  -13.78129  -73.86071     2963  11.3  0  0  5 10 0 0 1 1 0 0 0 1 0 0 1 1 0 0
2014   2 28  3 56 16 218871  -13.77496  -73.80971     2949  10.6  0  0  5 10 0 0 1 1 1 0 0 0 0 0 1 1 0 0
2014   2 28  3 56 16 254424  -23.15418  -46.89400     2991   7.5  0  0  4  6 0 0 0 1 0 0 0 1 0 0 1 0 0 1
2014   2 28  3 56 16 483637  -27.26896  -43.41430     3603  12.7  0  0  5  8 0 0 1 1 0 0 0 1 0 0 1 0 0 1
2014   2 28  3 56 17 177227  -27.12078  -43.48077     2633  11.5  0  0  6 15 0 0 1 1 1 0 0 1 0 1 0 0 0 1
2014   2 28  3 56 17 216905  -27.11227  -43.49940     2572  13.7  0  0  7 18 0 0 1 1 1 0 0 1 0 1 0 1 0 1
2014   2 28  3 56 17 263170  -27.02849  -43.64470     5921  15.3  0  0  4  6 0 0 0 0 0 0 0 1 0 1 1 1 0 0
2014   2 28  3 56 17 306844  -27.10640  -43.50226     3200  12.2  0  0  6 13 0 0 1 0 1 0 0 1 0 1 1 0 0 1
2014   2 28  3 56 17 369946  -27.19907  -43.34635     3787  56.6  1  0  7 21 0 0 1 1 1 0 0 1 0 1 1 0 0 1
2014   2 28  3 56 17 394425  -27.10949  -43.49009     2979  12.8  0  0  6 12 0 0 1 1 1 0 0 1 0 0 1 0 0 1
2014   2 28  3 56 17 816759  -27.09649  -43.51959     2594  14.3  0  0  7 19 0 0 1 1 1 0 0 1 0 1 1 0 0 1
2014   2 28  3 56 17 844303  -13.89369  159.55618    10137  31.2  1  0  5 10 0 0 1 1 0 0 0 1 0 0 1 1 0 0
2014   2 28  3 56 18 111943  -27.08967  -43.53058     3433  16.4  0  0  6 13 0 0 1 0 1 0 0 1 0 1 1 0 0 1
2014   2 28  3 56 18 331532  -27.09185  -43.52732     3021  15.9  0  0  6 13 0 0 1 1 1 0 0 1 0 0 1 0 0 1
2014   2 28  3 56 18 530415  -19.51166 -142.02399    11318  22.5  0  0  5 10 0 0 1 1 0 0 0 0 0 0 1 1 0 1
2014   2 28  3 56 18 588480  -19.88804 -141.84547    11988  47.3  0  0  7 20 0 0 1 1 1 0 0 1 0 0 1 1 0 1
2014   2 28  3 56 18 727082  -27.13862  -43.57290     3521  14.5  0  0  5  9 0 0 0 1 1 0 0 1 0 0 1 0 0 1
2014   2 28  3 56 18 737946    4.59664  -72.60796     4145  26.8  0  0  6 15 0 0 0 1 1 0 0 1 0 0 1 1 0 1
2014   2 28  3 56 19 130382    5.61980  -77.62231     7582  26.9  0  0  5  8 0 0 0 1 0 0 0 1 0 0 1 1 0 1
2014   2 28  3 56 19 364136  -27.18552  -43.62165     3133  19.1  0  0  6 13 0 0 1 1 1 0 0 1 0 0 1 0 0 1
2014   2 28  3 56 19 818478  -22.27394  -47.91842     3281  28.2  0  0  5 10 0 0 1 1 1 0 0 1 0 0 1 0 0 0
2014   2 28  3 56 19 867722    1.32760    3.30383    26778  31.5  1  0  5  7 0 0 1 1 0 0 0 1 0 0 1 0 0 1
2014   2 28  3 56 21 384790  -27.09404  -43.39874     4822  25.8  0  0  5  8 0 0 1 1 0 0 0 1 0 0 1 0 0 1
2014   2 28  3 56 21 392848    5.11992  -76.84248    25838  48.4  1  0  5 10 0 0 0 1 1 0 0 1 0 0 1 0 0 1
2014   2 28  3 56 21 807672  -27.02369  -43.80875     3247  37.6  0  0  7 18 0 0 1 1 1 0 0 1 0 1 1 0 0 1
2014   2 28  3 56 21 849027  -21.11500  -49.45019     3739  31.9  1  0  5  9 0 0 1 1 0 0 0 1 0 0 1 1 0 0
2014   2 28  3 56 21 897121  -21.17421  -49.38995     4194  69.2  2  0  6 12 0 0 0 1 1 0 0 1 0 1 1 1 0 0
2014   2 28  3 56 22 575856  -23.35477  -47.17320     3506  82.3  2  0  7 21 0 0 1 1 1 0 0 1 0 1 1 0 0 1
2014   2 28  3 56 22 597493  -27.13394  -43.68744     3886  32.6  0  0  6 12 0 0 1 1 1 0 0 1 0 0 1 0 0 1
2014   2 28  3 56 22 629635  -23.39745  -47.04764     3323  52.1  1  0  6 15 0 0 1 1 1 0 0 1 0 0 1 0 0 1
2014   2 28  3 56 22 798483  -27.12911  -43.67791     3962  38.7  0  0  6 13 0 0 1 1 1 0 0 1 0 0 1 0 0 1
2014   2 28  3 56 22 941914  -27.08522  -43.80098     4853  45.7  1  0  5  8 0 0 1 1 0 0 0 0 0 1 1 0 0 1
2014   2 28  3 56 23 119969  -27.16544  -43.66198     4943  32.4  1  0  5  8 0 0 1 1 1 0 0 1 0 0 1 0 0 0
2014   2 28  3 56 24  13824   -9.26867  152.37590    40922  10.2  0  0  4  6 0 0 1 1 0 0 0 1 0 0 1 0 0 0
2014   2 28  3 56 24 205226  -22.96321 -140.54358    51435  66.4  2  0  5  9 0 0 1 1 0 0 0 1 0 0 1 0 0 1
2014   2 28  3 56 24 351813  -18.19818  164.26778   217489  76.1  2  0  6 15 0 0 1 1 1 0 0 1 0 0 1 0 0 1
2014   2 28  3 56 24 988371  -16.33256  -50.56558     4333  69.0  2  0  6 14 0 0 1 1 1 0 0 1 0 0 1 0 0 1
2014   2 28  3 56 26 565768  -26.93076  -43.87815     3642  25.4  0  0  5  9 0 0 1 1 0 0 0 1 0 1 0 0 0 1
2014   2 28  3 56 26 632063  -26.92090  -43.76543     4809  64.6  2  0  6 13 0 0 1 1 0 0 0 1 0 1 1 0 0 1
2014   2 28  3 56 26 800846  -26.90086  -43.77431     3754  57.9  1  0  7 20 0 0 1 1 1 0 0 1 0 1 1 0 0 1
2014   2 28  3 56 27  21606  -15.48304   53.08732    24355  68.7  2  0  6 15 0 0 1 1 1 0 0 1 0 0 1 0 0 1
2014   2 28  3 56 27 159268  -22.23104  -48.71549     3441  31.7  1  0  5 10 0 0 1 1 0 0 0 1 0 1 1 0 0 0
2014   2 28  3 56 27 340294  -26.96136  -43.94204     4986  60.6  2  0  6 13 0 0 1 1 1 0 0 1 0 0 1 0 0 1
2014   2 28  3 56 27 646013  -27.01528  -44.01433     3902  62.8  1  0  7 20 0 0 1 1 1 0 0 1 0 1 1 0 0 1
2014   2 28  3 56 27 780116   -6.45360  -49.05033     4216  30.2  1  0  4  6 0 0 0 1 1 0 0 0 0 1 0 1 0 0
2014   2 28  3 56 28 768876  -26.90408  -44.22224     4302  71.5  2  0  7 17 0 0 1 1 1 0 0 1 0 1 1 0 0 1
2014   2 28  3 56 30 161298  -12.39772  -71.40354     5429 113.5  2  0  7 21 0 0 1 0 1 0 0 1 0 1 1 1 0 1
2014   2 28  3 56 30 185683  -12.37914  -71.45257     6818 120.2  2  0  6 15 0 0 1 0 0 0 0 1 0 1 1 1 0 1
2014   2 28  3 56 30 228050  -19.54965   13.10884    14353  83.8  2  0  7 19 0 0 1 0 1 0 0 1 0 1 1 1 0 1
2014   2 28  3 56 30 333332  -17.03129  -51.08714     4454 122.3  2  0  7 21 0 0 1 1 1 0 0 1 0 1 1 0 0 1
2014   2 28  3 56 30 525571    2.59803  -68.02422     7660 129.2  2  0  7 21 0 0 0 1 1 0 0 1 0 1 1 1 0 1
2014   2 28  3 56 30 749044  -17.74856  -50.44598     4182  31.2  1  0  5 10 0 0 1 1 1 0 0 0 0 0 1 0 0 1
2014   2 28  3 56 32  75142  -12.24787  -72.88573     3807  13.3  0  0  4  6 0 0 1 0 0 0 0 1 0 0 1 1 0 0
2014   2 28  3 56 32  87467  -22.98695  -46.29852     2468  19.3  0  0  7 21 0 0 1 1 1 0 0 1 0 1 1 0 0 1
2014   2 28  3 56 32 353452  -23.03609  -46.28687     2938  31.7  0  0  7 16 0 0 1 1 1 0 0 0 0 1 1 1 0 1
2014   2 28  3 56 32 558844   -3.84390    8.24558    18446  16.2  0  0  6 11 0 0 1 1 1 0 0 1 0 0 1 0 0 1
2014   2 28  3 56 33 829468   -4.18189  -63.49913     2759  20.3  0  0  7 21 0 0 0 1 1 0 0 0 0 1 1 1 1 1
2014   2 28  3 56 33 851379   -4.28700  -63.37954     5854  17.0  0  0  5  9 0 0 0 1 1 0 0 1 0 0 1 0 0 1
2014   2 28  3 56 34 228996   -5.67749  -42.90926     5056  37.4  1  0  5 10 0 0 0 1 1 0 0 1 0 0 0 1 0 1
2014   2 28  3 56 34 339199  -27.11249  -43.29779     3197  10.5  0  0  5  8 0 0 1 1 1 0 0 0 0 0 1 0 0 1
2014   2 28  3 56 35 630853  -27.18865  -43.43783     4535  13.3  0  0  5  7 0 0 1 0 1 0 0 1 0 0 1 0 0 1
2014   2 28  3 56 35 756695  -27.20130  -43.51022     3384  18.2  0  0  6 11 0 0 1 1 1 0 0 1 0 0 1 0 0 1
2014   2 28  3 56 35 783415  -27.16770  -43.54501     3263  21.3  0  0  6 13 0 0 1 1 1 0 0 1 0 0 1 0 0 1
2014   2 28  3 56 36 215610   -1.65662  -72.00923     3926   9.7  0  0  4  6 0 0 0 1 0 0 0 1 0 0 1 1 0 0
2014   2 28  3 56 38  51867    7.75340  -73.85755     6514  50.6  1  0  6 15 0 0 0 1 1 0 0 1 0 0 1 1 0 1
2014   2 28  3 56 38 632606  -27.16660  -43.71251     4067  30.7  0  0  6 11 0 0 1 1 1 0 0 1 0 0 1 0 0 1
2014   2 28  3 56 38 771433  -24.23834 -135.60970    16935  88.9  2  0  7 20 0 0 1 1 0 0 0 1 0 1 1 1 0 1
2014   2 28  3 56 38 994228  -27.14384  -43.83394     5624  21.0  0  0  6 12 0 0 0 1 1 0 0 1 0 1 0 1 0 1
2014   2 28  3 56 39 202858   -6.29060    5.42293    17208  48.6  1  0  6 15 0 0 1 1 1 0 0 1 0 0 1 0 0 1
2014   2 28  3 56 39 259863   -7.94810    2.65964    51620  45.2  1  0  5 10 0 0 1 1 1 0 0 0 0 0 1 0 0 1
2014   2 28  3 56 39 303561   -6.47864    5.34712    26831  38.2  1  0  5  7 0 0 1 1 0 0 0 0 0 0 1 0 1 1
2014   2 28  3 56 39 627679  -22.76586 -141.97943    14047  26.5  0  0  5  8 0 0 1 1 0 0 0 1 0 0 1 1 0 0
2014   2 28  3 56 40 175091  -20.80655  -47.08766     3327  71.2  2  0  7 21 0 0 1 1 1 0 0 1 0 1 1 0 0 1
2014   2 28  3 56 40 191290  -23.87905 -137.95604    28823  77.7  2  0  7 21 0 0 1 1 1 0 0 1 0 1 1 0 0 1
2014   2 28  3 56 40 355498   -2.94470  -71.36552    11233  80.6  2  0  6 12 0 0 1 1 0 0 0 1 0 1 1 0 0 1
2014   2 28  3 56 40 378834   -2.38399  -72.31519     6175  67.4  2  0  6 15 0 0 0 1 1 0 0 1 0 0 1 1 0 1
2014   2 28  3 56 40 462607   -1.26979  -75.65186    15362  10.0  0  0  4  6 0 0 0 1 1 0 0 1 0 1 0 0 0 0
2014   2 28  3 56 40 518172   -2.52108  -72.77582     8426  51.7  2  0  5 10 0 0 0 1 1 0 0 1 0 0 0 1 0 1
2014   2 28  3 56 40 580826    3.39215  -14.32446    40551  75.5  2  0  6 15 0 0 1 1 1 0 0 1 0 0 1 0 0 1
2014   2 28  3 56 40 837997   32.47977 -140.30885    23215  44.2  1  0  5 10 0 0 1 1 0 0 0 1 0 0 1 1 0 0
2014   2 28  3 56 40 841728  -27.11344  -43.78090     5154  40.1  1  0  5  8 0 0 1 1 1 0 0 0 0 0 1 0 0 1
2014   2 28  3 56 40 846522   32.04660 -138.83270    20164  62.1  2  0  6 15 0 0 1 1 1 0 0 1 0 0 1 1 0 0
2014   2 28  3 56 40 897842  -12.28049  -56.57702     4053  77.8  2  0  7 21 0 0 1 0 1 0 0 1 0 1 1 1 0 1
2014   2 28  3 56 41 159960  -27.06999  -43.82812     4373  46.0  1  0  6 13 0 0 1 1 1 0 0 1 0 0 1 0 0 1
2014   2 28  3 56 41 212807  -27.05149  -43.85269     3409  46.9  0  0  7 21 0 0 1 1 1 0 0 1 0 1 1 0 0 1
2014   2 28  3 56 41 366732  -16.27385  -50.85046     4118  69.1  2  0  6 15 0 0 1 0 1 0 0 1 0 1 1 0 0 1
2014   2 28  3 56 41 536151  -27.26302  -43.53806     5252  32.0  1  0  5  8 0 0 1 1 0 0 0 1 0 0 1 0 0 1
2014   2 28  3 56 42 184277  -27.00885  -43.70103     4024  66.6  1  0  7 19 0 0 1 1 1 0 0 1 0 1 1 0 0 1
2014   2 28  3 56 42 340853  -27.00688  -43.64254     4806  44.6  1  0  6 11 0 0 1 1 1 0 0 1 0 0 1 0 0 1
2014   2 28  3 56 42 467926  -27.11748  -43.65316     6195  42.8  1  0  5  7 0 0 1 1 1 0 0 1 0 0 0 0 0 1
2014   2 28  3 56 42 785541  -32.55368  -42.79768     9143 115.4  2  0  7 16 0 0 1 0 1 0 0 1 0 1 1 1 0 1
2014   2 28  3 56 42 951329  -32.55950  -42.72065     6752  80.4  2  0  6 15 0 0 1 1 1 0 0 1 0 0 1 0 0 1
2014   2 28  3 56 43  29850  -26.98316  -44.07999     4088  27.1  0  0  5  8 0 0 1 1 1 0 0 1 0 0 0 0 0 1
2014   2 28  3 56 43  41674  -27.04144  -43.85924     7612  51.1  2  0  5  7 0 0 1 1 1 0 0 1 0 0 1 0 0 0
2014   2 28  3 56 43  52100  -32.47188  -42.86101     6497  87.6  2  0  6 15 0 0 1 1 1 0 0 0 0 1 1 0 0 1
2014   2 28  3 56 43 629016  -25.08780  -45.22324     4326  65.0  2  0  6 15 0 0 1 1 1 0 0 1 0 0 1 0 0 1
2014   2 28  3 56 44   8711   -8.59359   11.08140    35855 101.8  2  0  6 11 0 0 1 0 1 0 0 1 0 0 1 1 0 1
2014   2 28  3 56 44 189605   -1.74611  -74.16388     5783   8.4  0  0  4  6 0 0 0 1 1 0 0 0 0 1 0 1 0 0
2014   2 28  3 56 44 274929   -1.33016  -71.63287     6852  97.1  2  0  7 19 0 0 1 0 1 0 0 1 0 1 1 1 0 1
2014   2 28  3 56 44 509267  -16.88020  -50.91813     4367  31.0  1  0  5 10 0 0 1 1 1 0 0 0 0 0 1 0 0 1
2014   2 28  3 56 44 526558  -16.26890  -51.45066     4158 102.3  2  0  7 21 0 0 1 1 1 0 0 1 0 1 1 0 0 1
2014   2 28  3 56 44 572139  -16.30023  -50.55861     4951  94.3  2  0  6 15 0 0 1 1 1 0 0 1 0 0 1 0 0 1
2014   2 28  3 56 44 898782  -27.27601  -44.27470     5036  41.4  1  0  5 10 0 0 0 1 0 0 0 1 0 1 1 0 0 1
2014   2 28  3 56 45 121296  -13.23649  159.22057    12840  29.1  1  0  4  6 0 0 0 1 0 0 0 1 0 0 1 1 0 0
2014   2 28  3 56 45 322903  -26.65105  -44.38304     5340  39.3  1  0  5  8 0 0 0 1 0 0 0 1 0 1 1 0 0 1
2014   2 28  3 56 45 830762  -26.98018  -43.44024     4711  67.2  1  0  7 16 0 0 1 0 1 0 0 0 1 1 1 1 0 1
2014   2 28  3 56 48 148604  -27.16978 -137.81589    18062  38.0  0  0  7 20 0 0 0 1 1 0 0 1 0 1 1 1 0 1
2014   2 28  3 56 48 167594  -27.46577 -135.04617    11128  39.9  0  0  7 20 0 0 1 1 1 0 0 1 0 0 1 1 0 1
2014   2 28  3 56 48 191370  -27.23300 -134.75899    33871   6.1  0  0  5 10 0 0 1 0 1 0 0 0 0 1 1 0 0 1
2014   2 28  3 56 48 238047  -27.35766 -135.36952    20350  45.0  1  0  5  9 0 0 1 1 0 0 0 1 0 0 1 1 0 0
2014   2 28  3 56 48 275137  -27.09637 -136.09409    12591  50.1  1  0  7 21 0 0 1 1 1 0 0 1 0 0 1 1 0 1
2014   2 28  3 56 48 866972   -2.31888  -71.58544     4192   8.0  0  0  5  9 0 0 1 0 1 0 0 1 0 0 1 0 0 1
2014   2 28  3 56 49 209794   -2.18877  -71.85725     2952   9.9  0  0  6 15 0 0 0 1 0 0 0 1 0 1 1 1 0 1
2014   2 28  3 56 49 435371   -8.86626   45.80244    21494   5.1  0  0  4  6 0 0 1 1 0 0 0 0 0 0 1 0 0 1
2014   2 28  3 56 49 592569  -28.01730 -134.88519    12983  40.9  1  0  6 15 0 0 1 1 0 0 0 1 0 0 1 1 0 1
2014   2 28  3 56 49 635419  -25.24248  -44.97445     2816  17.6  0  0  6 15 0 0 0 1 1 0 0 1 0 1 1 0 0 1
2014   2 28  3 56 49 900001  -22.62553  -47.30104     2724  11.3  0  0  5 10 0 0 1 1 1 0 0 1 0 0 1 0 0 0
2014   2 28  3 56 50 101960  -25.27476  -44.97740     3689  20.6  0  0  5  8 0 0 1 0 1 0 0 1 0 1 0 0 0 1
2014   2 28  3 56 50 400362  -21.84686  -48.82644     3114  34.4  0  0  6 13 0 0 1 0 0 0 0 0 0 1 1 1 1 1
2014   2 28  3 56 50 411645  -27.12295  -43.27922     3222  15.1  0  0  6 11 0 0 1 1 1 0 0 1 0 0 1 0 0 1
2014   2 28  3 56 50 434139  -27.12095  -43.28477     2944  13.7  0  0  6 13 0 0 1 1 1 0 0 1 0 0 1 0 0 1
2014   2 28  3 56 50 496134  -21.86187  -48.85231     3333  40.6  1  0  6 13 0 0 1 1 0 0 0 1 0 0 1 1 0 1
2014   2 28  3 56 50 519335  -21.99040  -48.57866     2902  18.1  0  0  5 10 0 0 1 1 1 0 0 1 0 0 1 0 0 0
2014   2 28  3 56 51 322716  -13.03846  -73.95396     3641   0.5  0  0  4  6 0 0 0 1 0 0 0 1 0 0 1 1 0 0
2014   2 28  3 56 51 396444  -12.99678  -73.81194     4288  18.8  0  0  4  6 0 0 1 0 0 0 0 1 0 0 1 1 0 0
2014   2 28  3 56 51 468565  -13.06268  -73.65166     4792  35.3  1  0  5  7 0 0 1 1 1 0 0 0 0 0 1 1 0 0
2014   2 28  3 56 51 618802  -13.03254  -73.96914     3645   1.2  0  0  4  6 0 0 0 1 0 0 0 1 0 0 1 1 0 0
2014   2 28  3 56 51 638765  -13.00591  -73.75859     4381  41.7  1  0  5 10 0 0 1 1 1 0 0 1 0 0 0 1 0 0
2014   2 28  3 56 52 110309  -15.67785  164.04582    62739  42.2  1  0  5 10 0 0 1 1 1 0 0 0 0 0 1 1 0 0
2014   2 28  3 56 52 375749  -27.17501  -43.55536     3773  19.5  0  0  5  8 0 0 1 1 1 0 0 0 0 0 1 0 0 1
2014   2 28  3 56 52 412426  -13.94364  160.15269     9809  12.2  0  0  4  6 0 0 1 0 0 0 0 1 0 0 1 1 0 0
2014   2 28  3 56 52 732810  -23.06103  -46.26797     3711  37.9  1  0  5 10 0 0 0 1 1 0 0 1 0 0 1 0 0 1
2014   2 28  3 56 52 762592  -23.09026  -46.26270     3812  40.2  1  0  5 10 0 0 0 1 1 0 0 1 0 0 1 0 0 1
2014   2 28  3 56 53 375257  -15.34101  163.13730    76002  49.2  1  0  5 10 0 0 1 1 1 0 0 0 0 0 1 1 0 0
2014   2 28  3 56 53 718468   -4.68885  -68.76554     4652  41.9  1  0  6 15 0 0 0 0 1 0 0 1 0 1 1 1 0 1
2014   2 28  3 56 53 766090   -5.40021  -74.76530     5974  53.1  1  0  7 19 0 0 0 1 1 0 0 1 0 1 1 1 0 1
2014   2 28  3 56 53 849610  -20.31472 -139.82484    11497  49.4  0  0  7 19 0 0 1 1 1 0 0 0 0 1 1 1 0 1
2014   2 28  3 56 53 885704  -21.48978 -138.08066    30486  41.6  1  0  5 10 0 0 1 1 1 0 0 1 0 0 1 0 0 0
2014   2 28  3 56 53 961749   -4.65238  -68.87338     5281  38.0  1  0  5  9 0 0 0 1 0 0 0 1 0 0 1 1 0 1
2014   2 28  3 56 54 470248  -13.50018  160.21198     7495   2.9  0  0  4  6 0 0 0 1 0 0 0 1 0 0 1 1 0 0
2014   2 28  3 56 54 645792  -26.24511  -44.34405     4848  27.6  0  0  5  8 0 0 1 1 0 0 0 1 0 0 1 0 0 1
2014   2 28  3 56 54 683354  -16.01619  -50.57952     3106  55.3  1  0  7 21 0 0 0 0 1 0 0 1 0 1 1 1 1 1
2014   2 28  3 56 55 158116  -26.18508  -44.43764     3039  33.9  0  0  7 19 0 0 1 1 1 0 0 1 0 1 1 0 0 1
2014   2 28  3 56 55 380718  -27.07796  -43.44638     4560  28.7  0  0  5  8 0 0 1 1 1 0 0 1 0 0 1 0 0 0
2014   2 28  3 56 55 488196  -16.16789  -50.62434     3183  57.0  1  0  7 21 0 0 1 1 1 0 0 1 0 1 1 0 0 1
2014   2 28  3 56 56  28741   -4.91617  -53.49156     3455  61.4  1  0  7 21 0 0 1 0 1 0 0 1 0 1 1 1 0 1
2014   2 28  3 56 56 151568   -4.93819  -53.56651     4988  59.5  2  0  5  9 0 0 0 0 1 0 0 1 0 0 1 1 0 1
2014   2 28  3 56 56 879948  -47.05433  -83.74937    17138  21.2  1  0  4  6 0 0 1 0 0 0 0 0 0 0 1 1 0 1
2014   2 28  3 56 57 561918    8.05678  -75.11180    11010  52.6  2  0  5 10 0 0 0 1 0 0 0 1 0 1 0 1 0 1
2014   2 28  3 56 58 857733    5.36896  -72.66370     8390  86.1  2  0  6 15 0 0 0 1 1 0 0 1 0 0 1 1 0 1
2014   2 28  3 56 59  61758  -13.31022  158.95593    14526  78.2  2  0  6 15 0 0 1 1 1 0 0 1 0 0 1 1 0 0
2014   2 28  3 56 59 293230  -13.32477  159.23369     7113  14.6  0  0  5 10 0 0 1 1 0 0 0 1 0 0 1 1 0 0
2014   2 28  3 57  0 760762   -2.39682  -72.47921     8167  99.9  2  0  6 15 0 0 0 1 1 0 0 1 0 0 1 1 0 1
2014   2 28  3 57  1 716151  -26.73376  -44.14970     4387  24.4  0  0  5  8 0 0 0 1 1 0 0 1 0 0 1 0 0 1
2014   2 28  3 57  1 723527  -27.01684  -43.97044     5397  63.3  2  0  6 12 0 0 1 1 1 0 0 1 0 0 1 0 0 1
2014   2 28  3 57  1 893895  -26.15801 -136.39365    22516 116.3  2  0  7 21 0 0 1 1 1 0 0 1 0 0 1 1 0 1
2014   2 28  3 57  2 433486  -26.91006  -43.78939     5392  70.0  2  0  6 13 0 0 1 1 1 0 0 1 0 0 1 0 0 1
2014   2 28  3 57  3 352867   -4.83821  -74.93742     6390 127.3  2  0  7 21 0 0 1 1 1 0 0 1 0 0 1 1 0 1
2014   2 28  3 57  4 125230  -27.13547  -43.41268     2496  11.1  0  0  7 20 0 0 1 1 1 0 0 1 0 1 1 0 0 1
2014   2 28  3 57  4 263253  -27.13063  -43.41196     2523  10.8  0  0  7 19 0 0 1 1 1 0 0 1 0 1 1 0 0 1
2014   2 28  3 57  4 283059  -27.22655  -43.36213     2821   9.8  0  0  6 12 0 0 1 1 1 0 0 1 0 0 1 0 0 1
2014   2 28  3 57  4 293886  -27.19739  -43.37075     2781  11.2  0  0  6 13 0 0 1 1 1 0 0 1 0 0 1 0 0 1
2014   2 28  3 57  4 517335  -27.13113  -43.41717     2770  12.9  0  0  6 14 0 0 1 1 0 0 0 1 0 1 1 0 0 1
2014   2 28  3 57  4 683777  -27.20086  -43.49543     3624  10.3  0  0  5  7 0 0 1 1 1 0 0 1 0 0 1 0 0 0
2014   2 28  3 57  4 864660  -27.19867  -43.38026     2960  12.1  0  0  6 11 0 0 1 1 1 0 0 1 0 0 1 0 0 1
2014   2 28  3 57  4 980135  -27.11758  -43.44628     2563  12.8  0  0  7 19 0 0 1 1 1 0 0 1 0 1 1 0 0 1
2014   2 28  3 57  4 986455    5.12792  141.34001     5551  27.9  0  0  5  9 0 0 0 1 1 0 0 1 0 0 1 1 0 0
2014   2 28  3 57  5   5975  -32.69604 -120.64240     9726  44.2  0  0  7 21 0 0 1 1 1 0 0 1 0 0 1 1 0 1
2014   2 28  3 57  5 112282  -20.35984  -46.77586     2423  18.5  0  0  7 21 0 0 1 1 1 0 0 1 0 1 1 0 0 1
2014   2 28  3 57  5 888747  -20.68027  -46.95767     3194  13.2  0  0  5  8 0 0 1 0 1 0 0 0 0 1 0 1 0 1
2014   2 28  3 57  6 209378  -20.83101  -46.82745     3921  49.1  1  0  6 13 0 0 1 1 1 0 0 1 0 0 1 0 0 1
2014   2 28  3 57  6 671163   -4.47030  -70.79980     5398  23.9  0  0  5  8 0 0 0 1 1 0 0 1 0 0 1 1 0 0
2014   2 28  3 57  6 695713  -13.15843  -71.50685     3927  33.6  0  0  7 21 0 0 0 1 1 0 0 1 0 1 1 1 0 1
2014   2 28  3 57  7  73431   30.21472 -131.16345    15713  48.2  1  0  6 14 0 0 1 1 0 0 0 1 0 0 1 1 0 1
2014   2 28  3 57  7 102749   30.03058 -130.79692    22891  48.0  1  0  5  9 0 0 1 1 0 0 0 1 0 0 0 1 0 1
2014   2 28  3 57  7 602780    2.04915  -67.77859     6002  34.3  1  0  5 10 0 0 0 1 1 0 0 0 0 0 1 1 0 1
2014   2 28  3 57  7 902903  -11.80596  168.96458    14658  53.5  1  0  6 15 0 0 1 1 0 0 0 1 0 0 1 1 0 1
2014   2 28  3 57  8 572289  -24.96939  -45.27213     2836  32.1  0  0  7 20 0 0 1 1 1 0 0 1 0 1 1 0 0 1
2014   2 28  3 57  8 582213  -24.98266  -45.26160     2884  32.7  0  0  7 19 0 0 1 1 1 0 0 1 0 1 1 0 0 1
2014   2 28  3 57  9  85142  -25.89767  -44.54046     3828  34.3  0  0  6 15 0 0 1 0 1 0 0 1 0 1 1 0 0 1
2014   2 28  3 57 11 123601  -32.25623  -42.03332     6103  28.2  0  0  5 10 0 0 0 1 1 0 0 1 0 0 1 0 0 1
2014   2 28  3 57 11 257574  -27.10526  -43.70864     3968  40.1  1  0  6 12 0 0 1 1 0 0 0 1 0 1 1 0 0 1
2014   2 28  3 57 11 336872  -27.10740  -43.67331     7198  44.5  1  0  5  7 0 0 1 0 0 0 0 1 0 1 1 0 0 1
2014   2 28  3 57 11 396212  -32.80063  -41.62490     5342  55.1  1  0  6 15 0 0 1 1 1 0 0 1 0 0 1 0 0 1
2014   2 28  3 57 12  80190   -8.12675    2.32791    59647  53.9  2  0  5 10 0 0 1 1 1 0 0 0 0 0 1 0 0 1
2014   2 28  3 57 12 639869  -22.08301  -48.31723     3260  43.7  1  0  6 14 0 0 1 1 0 0 0 1 0 1 1 1 0 0
2014   2 28  3 57 13 579701    3.64520  -71.27006     9569  79.8  2  0  7 21 0 0 1 1 1 0 0 1 0 1 1 0 0 1
2014   2 28  3 57 13 616592    4.61617  -72.35690     7634  79.0  2  0  6 15 0 0 0 1 1 0 0 1 0 0 1 1 0 1
2014   2 28  3 57 14 132055   -0.89177    5.60972    32743  82.4  2  0  6 14 0 0 1 1 1 0 0 1 0 0 1 0 0 1
2014   2 28  3 57 14 526742  -27.06441  -43.81284     4725  55.4  1  0  6 13 0 0 1 1 1 0 0 1 0 0 1 0 0 1
2014   2 28  3 57 14 879370  -26.87823  -43.71712     4655  75.0  2  0  7 17 0 0 1 1 1 0 0 1 0 0 1 1 0 1
2014   2 28  3 57 15  44442  -26.91813  -43.70051     3692  54.0  1  0  7 19 0 0 1 1 1 0 0 1 0 1 1 0 0 1
2014   2 28  3 57 15 391304  -26.89726  -44.03444     4185  57.7  1  0  6 15 0 0 1 1 1 0 0 0 0 1 1 0 0 1
2014   2 28  3 57 15 488033  -26.99187  -43.97631     4917  51.2  1  0  6 12 0 0 1 1 1 0 0 1 0 0 1 0 0 1
2014   2 28  3 57 16 291799  -33.78536  -40.86285     8624  81.5  2  0  6 15 0 0 1 0 1 0 0 1 0 1 1 0 0 1
2014   2 28  3 57 16 303470  -33.74796  -41.15055     7660  87.8  2  0  6 15 0 0 1 1 1 0 0 1 0 0 1 0 0 1
2014   2 28  3 57 17 342611  -23.43167 -137.62698    24741 120.3  2  0  7 19 0 0 1 1 1 0 0 1 0 1 0 1 0 1
2014   2 28  3 57 17 385609  -23.31050 -135.83423    24639 124.5  2  0  7 20 0 0 1 1 0 0 0 1 0 1 1 1 0 1
2014   2 28  3 57 17 453270  -16.23916  -51.27854     4899  95.2  2  0  6 15 0 0 1 0 1 0 0 1 0 1 1 0 0 1
2014   2 28  3 57 17 703067  -26.71844  -44.14339     5884  34.3  1  0  5  7 0 0 0 1 1 0 0 1 0 0 1 0 0 1
2014   2 28  3 57 17 741022  -23.18019 -137.68530    23705 117.2  2  0  7 17 0 0 1 1 1 0 0 1 0 0 1 1 1 0
2014   2 28  3 57 18 207070    8.01124  -74.46138    12489 115.9  2  0  6 15 0 0 0 1 1 0 0 1 0 0 1 1 0 1
2014   2 28  3 57 18 318060  -15.72419  -50.05200     4275 111.5  2  0  7 21 0 0 1 1 1 0 0 1 0 1 1 0 0 1
2014   2 28  3 57 20 313889    2.59600  -67.52212     2812   7.8  0  0  6 15 0 0 0 1 1 0 0 1 0 0 1 1 0 1
2014   2 28  3 57 20 331952  -27.16010  -43.36272     3998  42.2  1  0  6 12 0 0 1 1 1 0 0 1 0 0 1 0 0 1
2014   2 28  3 57 20 341926    2.59194  -67.51996     2816   7.9  0  0  6 15 0 0 0 1 1 0 0 1 0 0 1 1 0 1
2014   2 28  3 57 20 359525  -27.12471  -43.37188     2794  15.7  0  0  6 14 0 0 1 1 1 0 0 1 0 1 1 0 0 0
2014   2 28  3 57 20 422658   -5.75636  -53.76001     2347   7.7  0  0  7 21 0 0 0 1 1 0 0 1 0 1 1 1 0 1
2014   2 28  3 57 20 443063  -27.09602  -43.36623     2881  14.1  0  0  6 13 0 0 1 1 1 0 0 1 0 0 1 0 0 1
2014   2 28  3 57 20 573012  -27.10441  -43.38452     2730  16.5  0  0  7 18 0 0 1 1 1 0 0 1 0 0 1 1 0 1
2014   2 28  3 57 20 941263    2.55592    4.95026    24488   4.7  0  0  5  7 0 0 0 1 1 0 0 1 0 0 1 0 0 1
2014   2 28  3 57 21 157088  -14.12613  158.84688    10877  21.9  1  0  4  6 0 0 0 1 0 0 0 1 0 0 1 1 0 0
2014   2 28  3 57 21 318652  -20.32927  -49.64158     2485  11.9  0  0  6 12 0 0 0 1 1 0 0 1 0 1 1 0 0 1
2014   2 28  3 57 23 235564  -25.55982  -44.84678     2835  21.3  0  0  6 15 0 0 1 1 1 0 0 1 0 0 1 0 0 1
2014   2 28  3 57 23 692621  -19.51060 -132.09508    11438  30.4  0  0  7 21 0 0 1 1 1 0 0 1 0 1 1 0 0 1
2014   2 28  3 57 23 711302  -17.61958 -137.42148    17463  18.6  0  0  5  8 0 0 0 1 1 0 0 1 0 0 1 1 0 0
2014   2 28  3 57 23 723000  -17.92517 -139.61545    22044  49.0  1  0  6 13 0 0 0 1 1 0 0 1 0 0 1 1 0 1
2014   2 28  3 57 23 808285  -28.21865  -87.82132    21344  46.0  1  0  5 10 0 0 0 1 1 0 0 0 0 0 1 1 0 1
2014   2 28  3 57 24 480876   26.81097  -59.12143    49946  18.2  0  0  5  7 0 0 0 1 1 0 0 1 0 0 1 0 0 1
2014   2 28  3 57 24 718248  -21.05182   61.99429    13518  38.6  0  0  7 20 0 0 1 1 1 0 0 1 0 1 1 0 0 1
2014   2 28  3 57 25 637300  -13.64321  159.20404     9957  46.0  1  0  6 15 0 0 1 1 1 0 0 1 0 0 1 1 0 0
2014   2 28  3 57 25 942059  -13.62757  159.35391    11828  25.5  1  0  4  6 0 0 1 1 0 0 0 1 0 0 0 1 0 0
2014   2 28  3 57 26 126285  -27.05037  -43.72391     3257  19.5  0  0  6 13 0 0 0 1 1 0 0 1 0 1 1 0 0 1
2014   2 28  3 57 26 173596  -27.12990  -43.63258     3515  22.4  0  0  5 10 0 0 1 1 1 0 0 0 0 0 1 0 0 1
2014   2 28  3 57 26 620553  -13.55752  159.11412     7326   3.4  0  0  4  6 0 0 0 1 0 0 0 1 0 0 1 1 0 0
2014   2 28  3 57 26 918917    4.03678  -83.29116    18820  35.7  1  0  5 10 0 0 1 1 1 0 0 0 0 0 1 0 0 1
2014   2 28  3 57 26 944112    6.12713  -85.81786    13076  49.8  1  0  5  9 0 0 0 1 1 0 0 1 0 0 1 1 0 0
2014   2 28  3 57 28  43195  -27.09790  -43.77969     4478  62.7  2  0  6 11 0 0 1 1 1 0 0 1 0 0 1 0 0 1
2014   2 28  3 57 28 430415  -22.46043  -48.46215     4919  58.1  1  0  6 11 0 0 1 1 0 0 0 1 0 0 1 1 0 1
2014   2 28  3 57 28 441885  -25.14480  -45.15340     3592  50.5  1  0  7 18 0 0 1 1 1 0 0 1 0 0 1 1 0 1
2014   2 28  3 57 28 954051  -32.59750  -42.67414     5328  57.4  1  0  6 15 0 0 1 1 1 0 0 1 0 0 1 0 0 1
2014   2 28  3 57 30 307293  -27.62974 -136.32774    20160  76.7  2  0  6 15 0 0 1 1 0 0 0 1 0 0 1 1 0 1
2014   2 28  3 57 30 654047  -26.97400  -43.80260     4353  37.3  0  0  6 11 0 0 1 1 1 0 0 1 0 0 1 0 0 1
2014   2 28  3 57 30 816106  -26.98923  -43.79597     5064  35.1  1  0  5  8 0 0 1 1 1 0 0 1 0 0 1 0 0 0
2014   2 28  3 57 31 290983    7.83425  -73.72821     7994 124.7  2  0  7 20 0 0 1 1 0 0 0 1 0 1 1 1 0 1
2014   2 28  3 57 31 373990  -16.75582  -50.33792     3697  84.9  2  0  7 21 0 0 1 1 1 0 0 1 0 1 1 0 0 1
2014   2 28  3 57 31 756873  -16.63641  -50.43850     4192 104.0  2  0  7 21 0 0 1 1 1 0 0 1 0 0 1 1 0 1
2014   2 28  3 57 33   9701  -12.24546  -73.11810    10113  95.6  2  0  6 15 0 0 0 0 1 0 0 1 0 1 1 1 0 1
2014   2 28  3 57 33 356453  -12.13836  -72.82397     5657  84.5  2  0  6 15 0 0 1 0 1 0 0 1 0 0 1 1 0 1
2014   2 28  3 57 33 949444  -26.78297  -44.14230     4430  28.3  0  0  5  9 0 0 0 1 1 0 0 1 0 0 1 0 0 1
2014   2 28  3 57 36  73808  -12.97970  -73.77477     3363   8.9  0  0  4  6 0 0 1 0 1 0 0 1 0 0 0 1 0 0
2014   2 28  3 57 36 479362    2.19785  -67.65601     2840  12.5  0  0  7 20 0 0 0 1 1 0 0 1 0 1 1 1 0 1
2014   2 28  3 57 36 570815  -15.69045  -50.06705     2602   2.4  0  0  6 15 0 0 1 1 1 0 0 0 0 1 1 0 0 1
2014   2 28  3 57 36 602557  -15.79105  -49.99813     3693  19.4  0  0  5  8 0 0 1 0 1 0 0 1 0 0 1 1 0 0
2014   2 28  3 57 36 619498  -15.75610  -50.03182     2740  11.0  0  0  5 10 0 0 0 1 1 0 0 1 0 0 1 0 0 1
2014   2 28  3 57 36 922783  -27.30785  -43.38487     2921   8.6  0  0  5 10 0 0 1 1 1 0 0 1 0 0 1 0 0 0
2014   2 28  3 57 37  96686  -22.84212  -47.41129     2678   4.1  0  0  5  7 0 0 0 1 1 0 0 1 0 0 1 0 0 1
2014   2 28  3 57 37 406517  -27.28716  -43.41584     3294   8.5  0  0  5  7 0 0 1 1 1 0 0 1 0 0 0 0 0 1
2014   2 28  3 57 37 578096   -0.28276    7.36356    17250  16.1  0  0  6 11 0 0 0 1 1 0 0 1 0 0 1 1 0 1
2014   2 28  3 57 37 642058   -5.10303  -74.47005     2988  17.5  0  0  7 19 0 0 1 1 1 0 0 0 0 1 1 1 0 1
2014   2 28  3 57 37 845226  -27.23201  -43.38837     3103   8.1  0  0  5  8 0 0 1 1 1 0 0 0 0 0 1 0 0 1
2014   2 28  3 57 37 854338    1.85367  -55.89521     9400  54.8  2  0  5  7 0 0 1 0 1 0 0 0 0 0 1 1 0 1
2014   2 28  3 57 38 649235  -27.09469  -43.30050     3677  24.0  0  0  6 11 0 0 0 1 1 0 0 1 0 0 1 1 0 1
2014   2 28  3 57 38 668628  -27.16366  -43.23299     2852  10.6  0  0  6 13 0 0 1 1 1 0 0 1 0 0 1 0 0 1
2014   2 28  3 57 38 681417  -27.14223  -43.23863     3834  10.0  0  0  5  7 0 0 0 1 1 0 0 1 0 0 1 0 0 1
2014   2 28  3 57 38 746391  -27.12064  -43.29342     2745  18.4  0  0  7 18 0 0 1 1 1 0 0 0 0 1 1 1 0 1
2014   2 28  3 57 39  14614  -27.15663  -43.25304     2855  13.4  0  0  6 14 0 0 1 1 1 0 0 1 0 0 1 0 0 1
2014   2 28  3 57 39  64681  -27.38322  -42.89707     4015  48.8  1  0  6 15 0 0 1 1 1 0 0 1 0 0 1 0 0 1
2014   2 28  3 57 39 175544  -27.13599  -43.30507     2743  19.2  0  0  7 18 0 0 1 1 1 0 0 1 0 1 1 0 0 1
2014   2 28  3 57 40  11525  -27.21464  -43.49921     3326  17.1  0  0  6 11 0 0 1 1 1 0 0 1 0 0 1 0 0 1
2014   2 28  3 57 40 259214  -27.55133  -43.63290     3942  26.5  0  0  5  7 0 0 1 1 1 0 0 0 0 1 1 0 0 0
2014   2 28  3 57 41  10293    6.82869  -78.63663     5392  29.5  0  0  6 15 0 0 0 1 1 0 0 1 0 0 1 1 0 1
2014   2 28  3 57 41  22955    6.84744  -79.04851     9301  19.9  0  0  4  6 0 0 0 1 1 0 0 1 0 0 0 1 0 0
2014   2 28  3 57 42  19082  -25.31223  -44.95869     4186  32.5  1  0  5  8 0 0 1 1 0 0 0 1 0 0 1 0 0 1
2014   2 28  3 57 42  74748  -22.85434  -47.46177     3284  34.5  1  0  5 10 0 0 0 1 1 0 0 1 0 0 1 0 0 1
2014   2 28  3 57 42 377981  -22.91387  -47.50161     3658  32.9  1  0  5  8 0 0 1 1 1 0 0 1 0 0 0 0 0 1
2014   2 28  3 57 42 562582  -27.06145  -43.73021     3499  44.7  0  0  7 19 0 0 1 1 0 0 0 1 0 1 1 1 0 1
2014   2 28  3 57 42 978861  -13.28134  159.13382    12387  52.3  2  0  5  7 0 0 1 1 1 0 0 1 0 0 0 1 0 0
2014   2 28  3 57 43  93316  -27.07329  -43.43945     3672  32.0  0  0  6 13 0 0 1 1 1 0 0 1 0 0 1 0 0 1
2014   2 28  3 57 43 137962  -27.09333  -43.44124     3965  29.1  0  0  6 11 0 0 1 1 1 0 0 1 0 0 1 0 0 1
2014   2 28  3 57 43 207963  -27.24697  -43.41571     4828  55.8  1  0  6 13 0 0 1 1 1 0 0 1 0 0 1 0 0 1
2014   2 28  3 57 43 269592  -27.15521  -43.62391     4575  27.8  0  0  5  8 0 0 1 1 1 0 0 1 0 0 1 0 0 0
2014   2 28  3 57 43 276899  -27.06010  -43.64033     4020  30.2  0  0  6 11 0 0 1 1 1 0 0 1 0 0 1 0 0 1
2014   2 28  3 57 43 298338  -27.32359  -43.36901     3617  27.4  0  0  6 12 0 0 1 1 1 0 0 1 0 0 1 0 0 1
2014   2 28  3 57 43 346612  -13.53504  159.24164     6501   9.2  0  0  5 10 0 0 1 1 0 0 0 1 0 0 1 1 0 0
2014   2 28  3 57 43 793736  -27.20518  -43.56007     5924  32.5  1  0  5  7 0 0 1 1 1 0 0 1 0 0 1 0 0 0
2014   2 28  3 57 43 863623  -27.16021  -43.79937     2893  20.2  0  0  6 13 0 0 1 1 1 0 0 1 0 1 0 0 0 1
2014   2 28  3 57 44 389651  -13.64156  159.11316     6366   8.1  0  0  5 10 0 0 1 1 0 0 0 1 0 0 1 1 0 0
2014   2 28  3 57 45 285028   41.59859  116.00677     5594  45.5  1  0  5  8 0 0 1 0 1 0 0 0 0 0 1 1 0 1
2014   2 28  3 57 46 136047  -16.24706  -51.34309     4024  63.5  2  0  6 15 0 0 1 1 1 0 0 1 0 0 1 0 0 1
2014   2 28  3 57 46 369219  -16.11255  -50.44270     3588  72.4  2  0  7 21 0 0 1 0 1 0 0 1 1 0 1 1 0 1
2014   2 28  3 57 46 603907  -16.66562  -50.28541     3883  22.6  0  0  5 10 0 0 1 1 1 0 0 0 0 0 1 0 0 1
2014   2 28  3 57 46 686997  -16.27770  -50.76446     2891   2.5  0  0  4  6 0 0 1 1 0 0 0 1 0 0 1 0 0 0
2014   2 28  3 57 47  92956  -26.91405 -139.40779    39954 100.8  2  0  6 15 0 0 0 1 1 0 0 1 0 1 0 1 0 1
2014   2 28  3 57 47 316317  -27.04777  -43.91841     4656  60.9  2  0  6 15 0 0 1 1 1 0 0 1 0 0 1 0 0 1
2014   2 28  3 57 47 755875  -19.72340  -48.23759     3265  59.5  1  0  7 19 0 0 1 1 1 0 0 1 0 1 1 1 0 0
2014   2 28  3 57 47 766057  -19.92366  -48.00959     3564  85.7  2  0  7 21 0 0 1 1 1 0 0 1 0 1 1 0 0 1
2014   2 28  3 57 47 940595   -2.01883  150.46167     6050  12.3  0  0  4  6 0 0 0 1 0 0 0 1 0 0 1 1 0 0
2014   2 28  3 57 48 695992    5.05251  -84.40424     4932  22.8  0  0  5 10 0 0 1 1 0 0 0 1 0 0 1 1 0 0
2014   2 28  3 57 48 741857  -32.50942  -42.90358     5583  87.3  2  0  7 21 0 0 1 1 1 0 0 1 0 1 1 0 0 1
2014   2 28  3 57 48 890499  -32.48611  -42.84582     6468 100.3  2  0  7 19 0 0 1 1 1 0 0 0 0 1 1 1 0 1
2014   2 28  3 57 48 951851  -32.54241  -42.88224     6781  92.1  2  0  6 15 0 0 1 1 0 0 0 1 0 1 1 0 0 1
2014   2 28  3 57 49   7274  -32.42651  -43.28392     6262  39.3  1  0  5 10 0 0 1 0 1 0 0 1 0 1 0 0 0 1
2014   2 28  3 57 49 177591  -27.67363  -43.96931     4155  67.6  1  0  7 20 0 0 1 1 1 0 0 1 0 1 1 0 0 1
2014   2 28  3 57 49 227173  -27.72539  -43.85183     5383  66.2  2  0  6 14 0 0 1 1 1 0 0 1 0 0 1 0 0 1
2014   2 28  3 57 49 609564  -27.01649  -44.01909     4031  65.1  1  0  7 19 0 0 1 1 1 0 0 1 0 1 1 0 0 1
2014   2 28  3 57 49 963310  -27.89353  -43.64222     3829  37.4  0  0  6 15 0 0 1 1 1 0 0 1 0 0 1 0 0 1
2014   2 28  3 57 50  24893  -26.95123  -43.92087     4544  30.4  1  0  5  7 0 0 1 1 1 0 0 1 0 0 0 0 0 1
2014   2 28  3 57 50 116415  -26.99408  -43.73967     5398  56.1  1  0  6 11 0 0 1 1 1 0 0 1 0 0 1 0 0 1
2014   2 28  3 57 50 251172  -26.92867  -43.77397     5026  70.3  2  0  6 15 0 0 1 1 1 0 0 1 0 0 1 0 0 1
2014   2 28  3 57 50 291999  -27.18357  -43.40524     3721  36.5  0  0  6 14 0 0 1 1 1 0 0 1 0 0 1 0 0 1
2014   2 28  3 57 50 567041  -25.10835  -45.37964     4834  78.0  2  0  6 15 0 0 1 1 1 0 0 1 0 0 1 0 0 1
2014   2 28  3 57 50 733606  -25.07973  -45.48228     3845  75.4  2  0  7 21 0 0 1 1 1 0 0 1 0 1 1 0 0 1
2014   2 28  3 57 50 830509    0.00056  -78.61511    27819  22.8  1  0  4  6 0 0 0 1 0 0 0 1 0 1 0 0 0 1
2014   2 28  3 57 50 992951   -1.92958  -72.19910     6884  96.1  2  0  6 14 0 0 1 1 0 0 0 1 0 0 1 1 0 1
2014   2 28  3 57 51 800790  -26.63722  -44.40529     4948  32.9  1  0  5  8 0 0 0 1 1 0 0 1 0 0 1 0 0 1
2014   2 28  3 57 51 843893    7.59116  140.32703     6618  28.7  1  0  4  6 0 0 0 1 0 0 0 1 0 0 1 0 0 1
2014   2 28  3 57 52 573499  -27.28687  -43.30743     3337  10.1  0  0  5  7 0 0 1 1 1 0 0 1 0 0 0 0 0 1
2014   2 28  3 57 52 995999    6.14465  -76.27869     3317  12.0  0  0  7 21 0 0 0 1 1 0 0 1 0 1 1 1 0 1
2014   2 28  3 57 53 155765    5.97592  -75.59886     6357  11.0  0  0  4  6 0 0 0 1 1 0 0 1 0 0 0 1 0 0
2014   2 28  3 57 53 756572   -5.60483  -54.31598     2624  15.1  0  0  6 15 0 0 0 1 1 0 0 1 0 0 1 1 0 1
2014   2 28  3 57 54  82959  -13.58663  159.20735     7288  36.8  0  0  7 21 0 0 1 1 1 0 0 1 0 0 1 1 0 1
2014   2 28  3 57 54 105197  -18.40380  165.65112   105319  34.0  0  0  6 15 0 0 1 1 1 0 0 1 0 0 1 0 0 1
2014   2 28  3 57 54 440522  -27.13638  -43.45617     4734  61.8  1  0  7 16 0 0 0 1 1 0 0 1 0 1 1 1 0 1
2014   2 28  3 57 54 693893    4.48838  -72.53180     3686  19.1  0  0  6 15 0 0 0 1 1 0 0 1 0 0 1 1 0 1
2014   2 28  3 57 54 867666    7.66768  -73.95475     7923  22.2  0  0  5  8 0 0 0 0 1 0 0 1 0 0 1 1 0 1
2014   2 28  3 57 54 938684  -27.25743  -43.28170     5648  27.9  0  0  5  7 0 0 1 1 1 0 0 1 0 0 1 0 0 0
2014   2 28  3 57 55  20804  -27.22610  -43.45655     2852  16.7  0  0  6 15 0 0 1 1 1 0 0 1 0 0 1 0 0 1
2014   2 28  3 57 55 293937  -27.10618  -43.51443     3424  16.2  0  0  5  8 0 0 1 1 1 0 0 0 0 0 1 0 0 1
2014   2 28  3 57 55 670161  -26.99243  -43.56099     3031  29.4  0  0  7 18 0 0 1 1 0 0 0 1 0 1 1 1 0 1
2014   2 28  3 57 55 771550   -5.55041  -74.42293     6138  29.6  0  0  5 10 0 0 0 1 1 0 0 0 0 0 1 1 0 1
2014   2 28  3 57 55 913856  -11.23610  -75.70906     3089  13.1  0  0  5 10 0 0 1 1 0 0 0 1 0 0 1 1 0 0
2014   2 28  3 57 55 923795  -11.22120  -75.72273     3208   4.5  0  0  4  6 0 0 1 1 0 0 0 1 0 0 0 1 0 0
2014   2 28  3 57 55 986784  -11.35323  -75.79423     4310  35.2  0  0  7 21 0 0 0 1 1 0 0 1 0 1 1 1 0 1
2014   2 28  3 57 56 214883  -11.21758  -75.74175     3198   4.0  0  0  4  6 0 0 1 1 0 0 0 1 0 0 0 1 0 0
2014   2 28  3 57 56 243650  -11.26370  -75.63512     3816  39.4  0  0  6 15 0 0 1 1 0 0 0 1 0 1 1 1 0 0
2014   2 28  3 57 56 754018  -27.19995  -43.58896     2817  20.4  0  0  6 15 0 0 1 1 1 0 0 1 0 1 0 0 0 1
2014   2 28  3 57 57 324233  -16.28659  -50.87503     2712  32.4  0  0  7 21 0 0 1 1 1 0 0 1 0 1 1 0 0 1
2014   2 28  3 57 57 341660  -16.21846  -50.88215     2963  42.6  0  0  7 21 0 0 1 0 1 0 0 1 0 1 1 1 0 1
2014   2 28  3 57 57 357975  -16.18997  -50.81247     4312  38.9  1  0  5  8 0 0 1 0 0 0 0 1 0 0 1 1 0 1
2014   2 28  3 57 57 472685   -4.11149  -70.57433     4615  36.4  0  0  6 15 0 0 0 0 1 0 0 1 0 1 1 1 0 1
2014   2 28  3 57 57 531240  -16.31159  -50.86061     2738  33.9  0  0  7 21 0 0 1 1 1 0 0 1 0 1 1 0 0 1
2014   2 28  3 57 57 588000  -24.31553  -45.26720     3082  32.0  0  0  6 15 0 0 1 1 1 0 0 0 0 1 1 0 0 1
2014   2 28  3 57 57 725800  -20.36780  -49.56581     3171  29.6  0  0  6 12 0 0 1 1 1 0 0 1 0 0 1 0 0 1
2014   2 28  3 57 57 978466  -25.19338  -44.99020     2902  36.6  0  0  7 21 0 0 1 1 1 0 0 1 0 1 1 0 0 1
2014   2 28  3 57 58 289159  -20.73189  -47.08398     3169  59.4  1  0  7 20 0 0 1 1 0 0 0 1 0 1 1 1 0 1
2014   2 28  3 57 59  49281  -23.15208  -46.23745     4570  55.9  2  0  5 10 0 0 0 1 1 0 0 1 0 0 1 0 0 1
2014   2 28  3 57 59 881697  -21.84149  -48.88640     2697  39.1  0  0  7 21 0 0 1 1 0 0 0 1 0 1 1 1 0 1
2014   2 28  3 58  0 121156  -27.09450  -43.75979     6891  26.8  0  0  5 10 0 0 0 1 1 0 0 1 0 1 0 0 0 1
2014   2 28  3 58  0 265838  -27.18899  -43.36877     5707  30.7  1  0  5  8 0 0 1 0 1 0 0 1 0 0 1 0 0 1
2014   2 28  3 58  0 501967  -22.02105  -48.60692     4741  43.8  1  0  5  8 0 0 1 1 1 0 0 1 0 0 1 0 0 0
2014   2 28  3 58  2 372975  -26.91017  -43.89619     4586  26.8  0  0  5  8 0 0 0 1 1 0 0 1 0 0 1 0 0 1
2014   2 28  3 58  2 442324  -13.35694  159.05226     8785   6.1  0  0  4  6 0 0 1 0 0 0 0 1 0 0 1 1 0 0
2014   2 28  3 58  2 845365  -25.29577  -45.21041     4926  71.3  2  0  7 17 0 0 1 1 1 0 0 1 0 0 1 1 0 1
2014   2 28  3 58  2 874117  -25.42700  -45.08918     4618  40.3  1  0  5  9 0 0 1 1 1 0 0 1 0 0 1 0 0 0
2014   2 28  3 58  3  34782  -25.32140  -45.14128     3435  58.1  1  0  7 21 0 0 1 1 1 0 0 1 0 1 1 0 0 1
2014   2 28  3 58  3 291511  -25.43337  -44.98735     4823  84.1  2  0  7 19 0 0 1 1 1 0 0 1 0 1 1 0 0 1
2014   2 28  3 58  3 534318  -28.80382 -135.42239    26126  88.1  2  0  6 15 0 0 1 1 1 0 0 0 0 0 1 1 0 1
2014   2 28  3 58  4 259449  -22.27877  -48.16549     4322 125.9  2  0  7 20 0 0 0 1 1 0 0 1 0 1 1 1 0 1
2014   2 28  3 58  4 283390  -22.13898  -48.44584     3258  27.8  0  0  5 10 0 0 1 1 0 0 0 1 0 1 1 0 0 0
2014   2 28  3 58  4 305627  -22.42461  -47.90236     3975  75.8  2  0  6 15 0 0 1 1 1 0 0 1 0 0 1 0 0 1
2014   2 28  3 58  4 692810  -22.35560  -48.07405     4676  89.7  2  0  6 14 0 0 1 1 1 0 0 1 0 0 1 0 0 1
2014   2 28  3 58  4 996851  -26.16867  -44.72132     3670  18.2  0  0  4  6 0 0 1 1 0 0 0 1 0 1 0 0 0 0
2014   2 28  3 58  5 265849  -26.98103  -43.86111     4688  36.9  1  0  5  8 0 0 1 1 1 0 0 1 0 0 0 0 0 1
2014   2 28  3 58  5 391903  -27.04352  -43.63016     5737  51.4  2  0  5  9 0 0 1 1 1 0 0 1 0 0 1 0 0 0
2014   2 28  3 58  6 203903  -18.96147 -143.36316    30595 111.4  2  0  6 15 0 0 1 1 1 0 0 0 0 0 1 1 0 1
2014   2 28  3 58  6 614009  -25.21361  -45.42454     4139  60.8  1  0  7 16 0 0 1 1 1 0 0 1 0 1 1 0 0 1
2014   2 28  3 58  6 697476    4.83324  -73.56134     8140 100.7  2  0  7 19 0 0 1 0 1 0 0 1 0 1 1 1 0 1
2014   2 28  3 58  7 406664  -22.31049  -48.48177     5066 143.5  2  0  7 18 0 0 1 1 1 0 0 1 0 1 1 0 0 1
2014   2 28  3 58  7 951723  -27.02040  -43.94299     6029  78.7  2  0  6 12 0 0 1 1 1 0 0 1 0 0 1 0 0 1
2014   2 28  3 58  8 177717   29.30352 -130.69624     5259  10.9  0  0  7 21 0 0 1 0 1 0 0 1 0 1 1 1 0 1
2014   2 28  3 58  9 253548  -27.13148  -43.20395     2914   8.5  0  0  5 10 0 0 1 1 1 0 0 0 0 0 1 0 0 1
2014   2 28  3 58  9 677749  -27.23651  -43.45425     4342  16.4  0  0  5  7 0 0 0 1 1 0 0 1 0 0 1 0 0 1
2014   2 28  3 58  9 742046  -25.25919  -44.94828     4233  25.8  0  0  5 10 0 0 1 0 1 0 0 1 0 0 1 0 0 1
2014   2 28  3 58 12 556583  -27.11861  -43.32572     3633  22.1  0  0  6 11 0 0 1 1 1 0 0 1 0 0 1 0 0 1
2014   2 28  3 58 12 703211  -27.19727  -43.58297     3397  10.5  0  0  5  7 0 0 1 1 1 0 0 1 0 0 0 0 0 1
2014   2 28  3 58 12 815301  -27.16676  -43.53755     3814  27.8  0  0  5 10 0 0 1 1 1 0 0 0 0 0 1 0 0 1
2014   2 28  3 58 13 458837   -8.70114    5.84806    42391  37.1  1  0  5 10 0 0 1 1 1 0 0 0 0 0 1 0 0 1
2014   2 28  3 58 13 552811   32.01472 -172.99464    13471  19.3  0  0  5  7 0 0 1 1 0 0 0 1 0 0 1 1 0 0
2014   2 28  3 58 13 894155   -5.83980  -75.05022     7907  29.7  0  0  5  9 0 0 0 1 1 0 0 1 0 0 0 1 0 1
2014   2 28  3 58 14  39778  -27.08944  -43.63503     3378  32.4  0  0  6 13 0 0 1 1 1 0 0 0 0 1 1 0 0 1
2014   2 28  3 58 14  53367  -27.12480  -43.61934     4338  27.8  0  0  5  8 0 0 1 1 1 0 0 0 0 0 1 0 0 1
2014   2 28  3 58 14 211183   -8.21895  -70.99933    13010  16.0  0  0  5 10 0 0 0 1 1 0 0 0 0 1 1 0 0 1
2014   2 28  3 58 14 234501  -27.12186  -43.59374     3772  32.6  0  0  6 13 0 0 1 1 1 0 0 1 0 0 1 0 0 1
2014   2 28  3 58 14 335834  -27.11792  -43.60265     3758  32.3  0  0  6 13 0 0 1 1 1 0 0 1 0 0 1 0 0 1
2014   2 28  3 58 14 692553    2.56606  -67.66431     4279  52.8  1  0  7 21 0 0 0 1 1 0 0 0 0 1 1 1 1 1
2014   2 28  3 58 14 709368    2.55757  -67.55303     5625  53.1  1  0  6 13 0 0 0 1 1 0 0 1 0 0 1 1 0 1
2014   2 28  3 58 14 720043    2.55052  -67.61827     4258  52.6  1  0  7 21 0 0 0 1 1 0 0 1 0 1 1 1 0 1
2014   2 28  3 58 15 973620   -5.74745  -53.93690     3295  61.9  1  0  7 21 0 0 1 1 1 0 0 1 0 0 1 1 0 1
2014   2 28  3 58 16  11452   -5.77455  -53.99801     3859  60.9  2  0  6 15 0 0 0 1 1 0 0 1 0 0 1 1 0 1
2014   2 28  3 58 16 984908  -23.65021  -46.88119     3667  22.1  1  0  4  6 0 0 1 1 0 0 0 1 0 1 0 0 0 0
2014   2 28  3 58 17 723924  -27.23199  -43.49440     4888  60.6  2  0  6 14 0 0 1 1 1 0 0 1 0 0 1 0 0 1
2014   2 28  3 58 17 931732  -27.12644  -43.77963     4858  44.2  1  0  6 11 0 0 1 1 1 0 0 1 0 0 1 0 0 1
2014   2 28  3 58 17 992752  -26.79670  -43.75386     4090  23.8  0  0  5  9 0 0 0 1 1 0 0 1 0 0 1 0 0 1
2014   2 28  3 58 18 762496   -4.91279  -53.65209     4358  80.6  2  0  6 15 0 0 0 1 1 0 0 1 0 0 1 1 0 1
2014   2 28  3 58 20 960439  -16.83947  -51.31335     3661  48.0  1  0  6 15 0 0 1 1 0 0 0 1 0 1 1 0 1 0
2014   2 28  3 58 21  21611    3.64580  -85.92422     7930  99.4  2  0  7 19 0 0 1 1 1 0 0 1 0 0 1 1 0 1
2014   2 28  3 58 21 192150  -17.02008  -50.88621     4881  93.8  2  0  6 15 0 0 1 1 1 0 0 1 0 0 1 0 0 1
2014   2 28  3 58 21 208580  -17.01687  -51.04177     4039 101.7  2  0  7 21 0 0 1 1 1 0 0 1 0 1 1 0 0 1
2014   2 28  3 58 21 414316  -13.29902  159.07251     7973  20.3  0  0  5 10 0 0 1 1 0 0 0 1 0 0 1 1 0 0
2014   2 28  3 58 22   2067  -33.46413  -41.42867     6320  97.6  2  0  7 21 0 0 1 1 1 0 0 1 0 1 1 0 0 1
2014   2 28  3 58 22 219481  -33.53753  -41.25798     8320  98.9  2  0  6 15 0 0 1 1 1 0 0 1 0 0 1 0 0 1
2014   2 28  3 58 22 340070  -22.70681  -47.31689     4936  91.3  2  0  6 12 0 0 1 1 1 0 0 1 0 0 1 0 0 1
2014   2 28  3 58 22 558795  -22.72666  -47.17375     4445  92.1  2  0  6 15 0 0 1 1 1 0 0 1 0 0 1 0 0 1
2014   2 28  3 58 22 789691  -23.83295  -45.82210     3410  17.3  0  0  4  6 0 0 1 1 1 0 0 0 0 1 0 0 0 0
2014   2 28  3 58 23 147171  -23.70164  -45.89885     3709  76.5  2  0  7 21 0 0 1 1 1 0 0 1 0 1 1 1 0 0
2014   2 28  3 58 23 156691  -23.85014  -45.59537     5255  98.7  2  0  6 15 0 0 1 1 1 0 0 1 0 0 1 0 0 1
2014   2 28  3 58 23 411628  -26.98816  -43.96191     5899  79.7  2  0  6 13 0 0 1 1 1 0 0 1 0 0 1 0 0 1
2014   2 28  3 58 23 632898  -26.86315  -44.11096     4117  72.6  2  0  7 21 0 0 1 1 1 0 0 1 0 1 1 0 0 1
2014   2 28  3 58 23 649600  -20.86140  -49.55731     3448  15.2  0  0  4  6 0 0 1 1 0 0 0 1 0 0 1 0 0 0
2014   2 28  3 58 23 709582  -26.90663  -44.10849     5054  74.9  2  0  6 12 0 0 1 1 1 0 0 1 0 1 1 0 0 0
2014   2 28  3 58 23 864176  -26.89713  -44.05202     5660  79.1  2  0  6 14 0 0 1 1 1 0 0 1 0 0 1 0 0 1
2014   2 28  3 58 23 925042  -26.82035  -44.16878     4416  75.0  2  0  7 19 0 0 1 1 1 0 0 1 0 1 1 0 0 1
2014   2 28  3 58 23 971359  -29.72075 -166.01700    73659 128.3  2  0  6 15 0 0 1 1 1 0 0 0 0 0 1 1 0 1
2014   2 28  3 58 24  83473  -27.18476  -43.35835     2896  13.3  0  0  6 14 0 0 1 1 1 0 0 1 0 0 1 0 0 1
2014   2 28  3 58 24 194222  -27.18224  -43.36532     2953  13.8  0  0  6 13 0 0 1 1 1 0 0 1 0 0 1 0 0 1
2014   2 28  3 58 24 306763  -27.16600  -43.40295     2632  15.3  0  0  7 19 0 0 1 1 1 0 0 1 0 1 1 0 0 1
2014   2 28  3 58 25  38957  -27.17092  -43.16626     3540  16.1  0  0  5  8 0 0 1 1 1 0 0 1 0 0 0 0 0 1
2014   2 28  3 58 25 170840  -27.26967  -43.38722     3529  17.2  0  0  5  9 0 0 1 1 1 0 0 1 0 0 1 0 0 0
2014   2 28  3 58 25 196555  -27.26356  -43.40617     3008  10.6  0  0  5 10 0 0 1 1 1 0 0 0 0 0 1 0 0 1
2014   2 28  3 58 26 106395   -5.75410  -74.02349     3395  29.3  0  0  7 19 0 0 1 0 1 0 0 1 0 1 1 1 0 1
2014   2 28  3 58 26 336133  -22.83218  -47.36877     2412   8.7  0  0  6 15 0 0 1 1 1 0 0 1 0 0 1 0 0 1
2014   2 28  3 58 26 545130  -23.04934  -46.26538     2892   1.9  0  0  4  6 0 0 1 0 0 0 0 1 0 0 1 0 0 1
2014   2 28  3 58 26 681566  -22.99864  -46.31963     3960  37.5  1  0  5  9 0 0 0 1 0 0 0 1 0 0 1 1 0 1
2014   2 28  3 58 27 195779  -32.99439  -41.36203     3556  25.3  0  0  6 15 0 0 1 1 1 0 0 1 0 0 1 0 0 1
2014   2 28  3 58 27 366591  -32.95167  -41.39777     3231  28.7  0  0  7 21 0 0 1 1 1 0 0 1 0 1 1 0 0 1
2014   2 28  3 58 27 403285  -32.70525  -41.54759     5925  22.4  0  0  5 10 0 0 0 1 1 0 0 1 0 0 1 0 0 1
2014   2 28  3 58 27 454056  -27.05799  -43.30337     3627  17.0  0  0  5 10 0 0 0 1 1 0 0 1 0 0 1 0 0 1
2014   2 28  3 58 27 601869  -22.46726  -48.32519     3252  68.1  1  0  7 21 0 0 0 1 1 0 0 1 1 1 1 0 0 1
2014   2 28  3 58 27 696434  -27.10728  -43.30462     3478  12.6  0  0  5  7 0 0 1 1 1 0 0 1 0 0 0 0 0 1
2014   2 28  3 58 28   7803    9.72760  -56.76316     9597  87.4  2  0  6 12 0 0 1 0 1 0 0 1 0 0 1 1 0 1
2014   2 28  3 58 28  26290   -5.73900  -53.83577     3060  32.4  0  0  6 15 0 0 0 1 1 0 0 1 0 0 1 1 0 1
2014   2 28  3 58 28  78495    7.84328  -73.73349     5657  40.3  1  0  6 11 0 0 1 1 0 0 0 1 0 1 1 1 0 0
2014   2 28  3 58 28 190543  -27.18487  -43.49666     3436  20.7  0  0  5 10 0 0 1 1 1 0 0 0 0 0 1 0 0 1
2014   2 28  3 58 28 210764    7.74917  -73.99726     6764  21.9  0  0  5  8 0 0 0 1 0 0 0 1 0 0 1 1 0 1
2014   2 28  3 58 28 353419  -27.16225  -43.55323     2996  26.5  0  0  7 17 0 0 1 1 1 0 0 1 0 1 1 0 0 1
2014   2 28  3 58 28 363189    7.74845  -73.98067     5163  33.4  0  0  6 15 0 0 0 1 1 0 0 1 0 0 1 1 0 1
2014   2 28  3 58 28 526104  -12.69623  -73.63596     3987  46.2  1  0  6 15 0 0 1 1 1 0 0 0 0 1 1 1 0 0
2014   2 28  3 58 28 757110    7.75754  -73.97009     4992  35.7  0  0  7 16 0 0 1 1 1 0 0 1 0 0 1 1 0 1
2014   2 28  3 58 28 866617  -27.19075  -43.50992     4069  23.5  0  0  5  8 0 0 1 1 1 0 0 0 0 0 1 0 0 1
2014   2 28  3 58 28 875264  -16.16337  -51.19953     2802  37.7  0  0  7 21 0 0 1 1 1 0 0 1 0 1 1 0 0 1
2014   2 28  3 58 28 886004  -16.16304  -51.13765     2972  29.4  0  0  6 15 0 0 1 1 1 0 0 1 0 0 1 0 0 1
2014   2 28  3 58 28 905610  -16.10320  -51.28722     3056  38.0  0  0  6 14 0 0 1 1 0 0 0 1 0 1 0 1 0 1
2014   2 28  3 58 29 523087  -23.18491  -47.19418     3456  50.9  1  0  7 16 0 0 1 1 1 0 0 1 0 0 1 1 0 1
2014   2 28  3 58 30 969287    6.52346  -75.72900    10974  29.5  1  0  4  6 0 0 0 1 0 0 0 1 0 0 0 1 0 1
2014   2 28  3 58 31  78992  -27.13369  -43.75082     3318  39.0  0  0  7 17 0 0 1 1 1 0 0 1 0 1 1 0 0 1
2014   2 28  3 58 31 333063  -28.57409 -137.62480    18748  39.0  1  0  5  8 0 0 1 1 0 0 0 1 0 0 1 1 0 0
2014   2 28  3 58 31 404434  -27.05350  -43.74556     3635  47.1  0  0  7 18 0 0 1 1 1 0 0 0 0 1 1 1 0 1
2014   2 28  3 58 31 587944  -27.18799  -43.41275     6082  35.0  1  0  5  8 0 0 1 0 1 0 0 1 0 0 1 0 0 1
2014   2 28  3 58 31 649311  -27.13976  -43.68503     4786  47.2  1  0  5 10 0 0 1 1 0 0 0 1 0 1 1 0 0 0
2014   2 28  3 58 31 695457  -27.15281  -43.74929     3782  16.5  0  0  5  7 0 0 1 1 1 0 0 1 0 0 0 0 0 1
2014   2 28  3 58 32 230325   -4.66517    6.70987    20852  57.5  1  0  6 15 0 0 1 1 1 0 0 1 0 0 1 0 0 1
2014   2 28  3 58 33 472970  -27.00129  -43.54190     4762  46.1  1  0  5 10 0 0 1 1 1 0 0 0 0 0 1 0 0 1
2014   2 28  3 58 33 660015   20.48369  -89.70867    39427  70.7  2  0  5  8 0 0 1 1 1 0 0 1 0 0 1 0 0 0
2014   2 28  3 58 34 218222  -26.88531  -43.88469     4198  19.8  0  0  5  8 0 0 0 1 1 0 0 1 0 0 1 0 0 1
2014   2 28  3 58 34 622856   -5.60078  -74.75376    10832 105.4  2  0  6 14 0 0 0 1 1 0 0 1 0 0 1 1 0 1
2014   2 28  3 58 35 256209    8.95434  -74.81134    10549  53.5  1  0  6 14 0 0 0 1 1 0 0 1 0 1 0 1 0 1
2014   2 28  3 58 35 784211  -26.98499  -43.90665     4924  58.7  1  0  6 13 0 0 1 1 1 0 0 1 0 0 1 0 0 1
2014   2 28  3 58 36 776079  -13.26357  158.22989    16661  92.9  2  0  6 15 0 0 0 1 1 0 0 1 0 0 1 1 0 1
2014   2 28  3 58 37 600259  -26.96507  -43.99632     4803  71.7  2  0  6 14 0 0 1 1 1 0 0 0 0 1 1 0 0 1
2014   2 28  3 58 38 994793   -2.31025  -72.17034     6292 134.2  2  0  7 21 0 0 1 1 0 0 0 1 0 1 1 1 0 1
2014   2 28  3 58 39  69256   -2.35124  -71.85197     6020 111.0  2  0  7 21 0 0 1 0 1 0 0 1 0 1 1 1 0 1
2014   2 28  3 58 39 688846  -22.91276  -47.15359     3009  23.5  0  0  5 10 0 0 1 0 1 0 0 1 0 0 1 0 0 1
2014   2 28  3 58 39 716263  -23.34534  -47.74405     5490  65.3  2  0  5  9 0 0 0 1 1 0 0 1 0 1 0 0 0 1
2014   2 28  3 58 40 246329  -16.40546  -50.49618     2397  15.2  0  0  7 21 0 0 1 1 1 0 0 1 0 0 1 1 0 1
2014   2 28  3 58 40 259410  -16.42479  -50.49401     2359  13.1  0  0  7 21 0 0 1 1 1 0 0 1 0 1 1 0 0 1
2014   2 28  3 58 40 531080    4.59428  -72.73386     3898   2.7  0  0  5  9 0 0 0 1 1 0 0 1 0 0 0 1 0 1
2014   2 28  3 58 40 782382  -27.22176  -43.40377     3105  15.8  0  0  6 12 0 0 1 1 1 0 0 1 0 0 1 0 0 1
2014   2 28  3 58 40 810732  -27.22162  -43.40302     3037  14.4  0  0  6 12 0 0 1 1 1 0 0 1 0 0 1 0 0 1
2014   2 28  3 58 40 820359  -27.22870  -43.41943     2762  12.7  0  0  6 15 0 0 1 1 1 0 0 1 0 0 1 0 0 1
2014   2 28  3 58 40 909005  -27.17821  -43.44109     3927  12.4  0  0  5  7 0 0 0 1 1 0 0 1 0 0 1 0 0 1
2014   2 28  3 58 41  63966  -27.19964  -43.44973     2731  13.5  0  0  6 14 0 0 1 1 1 0 0 0 0 1 1 0 0 1
2014   2 28  3 58 41 250610  -26.97017  -43.54148     3016  13.7  0  0  6 13 0 0 0 1 1 0 0 1 0 1 1 0 0 1
2014   2 28  3 58 41 573356    5.91022  -84.55077    10805  45.0  1  0  5  9 0 0 0 1 1 0 0 1 0 0 1 1 0 0
2014   2 28  3 58 41 609187    5.84492  -84.43111     4840  49.6  0  0  7 19 0 0 1 1 1 0 0 1 0 0 1 1 0 1
2014   2 28  3 58 41 737149    5.88415  -84.40839     5247  50.5  1  0  7 19 0 0 1 0 1 0 0 1 0 1 1 1 0 1
2014   2 28  3 58 41 766243    6.28435  -75.29664     5141  21.5  0  0  5  9 0 0 0 1 0 0 0 1 0 0 1 1 0 1
2014   2 28  3 58 42   8284  -27.23889  -43.17184     4577  37.2  0  0  6 11 0 0 1 1 1 0 0 1 0 0 1 0 0 1
2014   2 28  3 58 42  27883  -27.01804  -43.50968     2757  21.0  0  0  7 19 0 0 1 1 1 0 0 1 0 1 1 0 0 1
2014   2 28  3 58 42 171122  -16.95329  -50.87595     2726  31.2  0  0  7 20 0 0 1 0 1 0 0 1 0 1 1 1 0 1
2014   2 28  3 58 42 537606   -4.42533    8.04242     8634  18.4  0  0  5 10 0 0 1 0 1 0 0 1 0 0 1 1 0 0
2014   2 28  3 58 43 220815  -27.36609  -43.58497     2959  27.5  0  0  7 18 0 0 1 1 1 0 0 1 0 1 1 0 0 1
2014   2 28  3 58 43 654195  -26.97382  -43.70304     4542  22.6  0  0  5  7 0 0 0 1 0 0 0 1 0 1 1 0 0 1
2014   2 28  3 58 43 889791  -27.05326  -43.64563     3555  61.1  1  0  7 16 0 0 1 1 1 0 0 1 0 1 1 1 0 0
2014   2 28  3 58 44 256965  -16.21481  -51.31418     4085  39.8  1  0  5 10 0 0 0 1 1 0 0 1 0 0 1 0 0 1
2014   2 28  3 58 44 577010  -32.64668  -42.49653     4057  45.9  0  0  7 20 0 0 1 1 1 0 0 0 0 1 1 1 0 1
2014   2 28  3 58 44 611127  -32.66724  -42.51302     5180  47.0  1  0  6 11 0 0 1 1 0 0 0 0 0 1 1 1 0 1
2014   2 28  3 58 44 621734  -32.69262  -42.46031     4551  43.0  1  0  6 15 0 0 1 1 1 0 0 1 0 0 1 0 0 1
2014   2 28  3 58 44 641506  -32.70765  -42.16660     4729  33.4  0  0  6 15 0 0 1 0 1 0 0 0 0 1 1 1 0 1
2014   2 28  3 58 44 648665  -32.68438  -42.46354     5632  45.9  1  0  5 10 0 0 1 1 1 0 0 0 0 0 1 0 0 1
2014   2 28  3 58 45 217632  -32.76523  -42.19350     5457  36.6  1  0  5 10 0 0 1 0 1 0 0 1 0 0 1 0 0 1
2014   2 28  3 58 45 392290  -16.38312  -51.35221     3057  49.8  0  0  7 21 0 0 1 1 1 0 0 1 0 1 1 0 0 1
2014   2 28  3 58 46  22743  -20.61526  -47.15420     3544  72.9  2  0  7 20 0 0 1 1 1 0 0 0 0 1 1 1 0 1
2014   2 28  3 58 46 178234  -20.64343  -47.25914     3378  37.5  0  0  6 14 0 0 1 0 0 0 0 1 0 1 1 1 1 0
2014   2 28  3 58 46 267624  -20.70457  -46.99073     3512  65.6  1  0  7 19 0 0 1 0 1 0 0 1 0 1 1 1 0 1
2014   2 28  3 58 46 275638  -20.69750  -47.13458     3265  12.0  0  0  4  6 0 0 1 1 0 0 0 1 0 0 1 0 0 0
2014   2 28  3 58 46 325305  -16.72239  -50.23497     5753  49.6  1  0  5  8 0 0 1 1 1 0 0 0 0 1 0 0 0 1
2014   2 28  3 58 46 607130   -4.76714  -53.53437     4358  56.5  2  0  5 10 0 0 1 1 0 0 0 0 0 1 1 1 0 0
2014   2 28  3 58 46 695807  -16.65472  -50.40210     2938   6.2  0  0  4  6 0 0 1 1 0 0 0 1 0 0 1 0 0 0
2014   2 28  3 58 46 807539  -23.59869  -45.59958     3846  60.3  2  0  6 15 0 0 1 1 1 0 0 1 0 1 0 0 0 1
2014   2 28  3 58 47 787625  -27.10803  -43.69432     4403  47.7  1  0  6 13 0 0 1 1 1 0 0 1 0 0 1 0 0 1
2014   2 28  3 58 47 952163  -27.10279  -43.86306     4190  28.1  0  0  5  8 0 0 1 1 1 0 0 1 0 0 0 0 0 1
2014   2 28  3 58 48 704278    2.93554  -67.78432     6067  75.7  2  0  6 15 0 0 0 1 1 0 0 1 0 0 1 1 0 1
2014   2 28  3 58 49 116906  -26.86041 -140.04236    24845  80.4  2  0  6 15 0 0 1 1 1 0 0 0 0 0 1 1 0 1
2014   2 28  3 58 49 136288  -27.05522 -140.94713    34797  20.9  1  0  4  6 0 0 1 1 0 0 0 1 0 0 1 0 0 0
2014   2 28  3 58 49 607549  -27.06134  -43.52508     5681  44.8  1  0  5  8 0 0 1 1 1 0 0 1 0 0 1 0 0 0
2014   2 28  3 58 50  28985    7.89054  -74.60751    12703  88.1  2  0  6 13 0 0 0 1 1 0 0 1 0 0 1 1 0 1
2014   2 28  3 58 50 924248  -27.05326  -43.84585     5102  62.9  2  0  6 13 0 0 1 1 1 0 0 1 0 0 1 0 0 1
2014   2 28  3 58 52 250629  -28.59025   43.59188    72778  87.4  2  0  5 10 0 0 1 1 1 0 0 0 0 0 1 0 0 1
2014   2 28  3 58 52 333606  -28.61595   43.55196    73144  87.9  2  0  5 10 0 0 1 1 1 0 0 0 0 0 1 0 0 1
2014   2 28  3 58 52 944954    4.55705  -83.22126     9407 116.5  2  0  7 20 0 0 1 1 1 0 0 1 0 0 1 1 0 1
2014   2 28  3 58 53 373641  -11.76577  -57.16746     4795 106.4  2  0  7 21 0 0 1 0 1 0 0 1 0 1 1 1 0 1
2014   2 28  3 58 53 619820  -16.15733  -50.66143     5895 111.4  2  0  6 13 0 0 1 0 0 0 0 1 0 1 1 1 0 1
2014   2 28  3 58 53 629291  -16.33561  -50.55847     5336 106.8  2  0  6 15 0 0 1 1 1 0 0 1 0 0 1 0 0 1
2014   2 28  3 58 53 953270  -26.89199  -43.94998     5554  77.9  2  0  6 14 0 0 1 1 1 0 0 1 0 0 1 0 0 1
2014   2 28  3 58 55 453750  -26.97599  -44.02761     5672  83.1  2  0  6 15 0 0 1 1 1 0 0 1 0 0 1 0 0 1
2014   2 28  3 58 56 177386  -22.17209  -47.89528     2649   1.7  0  0  5  8 0 0 1 1 1 0 0 1 0 0 0 0 0 1
2014   2 28  3 58 56 613984  -21.57109 -137.76245    12781   5.5  0  0  5  9 0 0 1 1 1 0 0 1 0 0 0 0 0 1
2014   2 28  3 58 56 776015  -21.60766 -137.67653    12564   4.0  0  0  5  9 0 0 1 1 1 0 0 1 0 0 0 0 0 1
2014   2 28  3 58 56 919444  -11.46074  -75.20190     3287   1.1  0  0  5 10 0 0 1 0 1 0 0 1 0 1 0 0 0 1
2014   2 28  3 58 58 163063   -2.41357  -71.57117     3985  17.9  0  0  6 15 0 0 1 1 1 0 0 1 0 1 0 0 0 1
2014   2 28  3 58 58 170609   -2.43459  -71.58002     4191  18.0  0  0  6 14 0 0 1 1 1 0 0 1 0 1 0 0 0 1
2014   2 28  3 58 58 990411  -22.60416  -48.29233     2842   4.9  0  0  4  6 0 0 0 1 1 0 0 1 0 1 0 0 0 0
2014   2 28  3 59  0 955813  -15.80179  -50.11981     2942  34.0  0  0  6 15 0 0 1 1 1 0 0 1 0 1 0 0 0 1
2014   2 28  3 59  1 554355    3.32073  -68.91701    16166  23.4  0  0  5 10 0 0 0 1 1 0 0 1 0 1 0 0 0 1
2014   2 28  3 59  1 873752  -12.49638  -72.52232     5444  54.1  1  0  6 15 0 0 1 1 1 0 0 1 0 1 0 0 0 1
2014   2 28  3 59  2 962999  -27.03341  -43.76222     3760  18.8  0  0  5  7 0 0 1 1 1 0 0 1 0 0 0 0 0 1
2014   2 28  3 59  3 424105  -27.16493  -43.81598     2883  17.7  0  0  6 13 0 0 1 1 1 0 0 1 0 1 0 0 0 1
2014   2 28  3 59  3 677171  -27.04632  -43.79934     3391  12.0  0  0  4  6 0 0 1 1 0 0 0 1 0 1 0 0 0 0
2014   2 28  3 59  4  95775  -33.66101  -41.57538     4434  23.9  0  0  5 10 0 0 1 1 1 0 0 1 0 0 0 0 0 1
2014   2 28  3 59  4 430527  -33.57453  -41.63959     5216  25.5  0  0  5  7 0 0 1 1 1 0 0 1 0 0 0 0 0 1
2014   2 28  3 59  5 213019  -27.12267  -43.89133     3099  21.9  0  0  6 11 0 0 1 1 1 0 0 1 0 1 0 0 0 1
2014   2 28  3 59  6 162702  -13.56348  -53.35398     4742  79.5  2  0  6 15 0 0 1 1 1 0 0 1 0 1 0 0 0 1
2014   2 28  3 59  6 168540   -5.08137  -62.42641     8660  88.4  2  0  6 14 0 0 1 1 1 0 0 1 0 1 0 0 0 1
2014   2 28  3 59  7 667720  -26.95037  -43.99277     4258  30.1  1  0  5  8 0 0 1 1 1 0 0 1 0 0 0 0 0 1
2014   2 28  3 59  7 741080  -26.94904  -43.98395     4066  27.2  0  0  5  8 0 0 1 1 1 0 0 1 0 0 0 0 0 1
2014   2 28  3 59  8 787108  -22.28362  -48.63199     3430  19.3  0  0  4  6 0 0 1 1 0 0 0 1 0 1 0 0 0 0
2014   2 28  3 59  8 881423  -26.96255  -43.87739     4042  27.0  0  0  5  8 0 0 1 1 1 0 0 1 0 0 0 0 0 1
2014   2 28  3 59  8 930877  -26.93654  -43.91438     4556  30.8  1  0  5  7 0 0 1 1 1 0 0 1 0 0 0 0 0 1
2014   2 28  3 59 10 849307  -27.01716  -44.21333     4730  37.6  1  0  5  8 0 0 1 1 1 0 0 1 0 0 0 0 0 1
2014   2 28  3 59 10 904568  -15.77366  -50.07915     4701 102.8  2  0  6 15 0 0 1 1 1 0 0 1 0 1 0 0 0 1
2014   2 28  3 59 12 843383  -30.20326 -131.56259    18504   3.4  0  0  4  6 0 0 1 1 1 0 0 1 0 0 0 0 0 0
2014   2 28  3 59 13 731658  -27.22255  -43.40737     3007   8.2  0  0  5  9 0 0 1 1 1 0 0 1 0 0 0 0 0 1
2014   2 28  3 59 15  75016  -25.53125  -44.85886     4512  24.1  1  0  4  6 0 0 1 0 0 0 0 1 0 1 0 0 0 1
2014   2 28  3 59 15 702961    1.90001  -68.11295     8889  15.2  0  0  4  6 0 0 0 1 0 0 0 1 1 0 0 0 0 1
2014   2 28  3 59 16 830776  -27.09891  -43.44209     3146  13.0  0  0  5  8 0 0 1 1 0 0 0 1 0 1 0 0 0 1
2014   2 28  3 59 17 107929  -22.64220  -47.29651     3417  35.9  1  0  5 10 0 0 1 1 1 0 0 1 0 0 0 0 0 1
2014   2 28  3 59 17 421263   -8.15351   14.06549     9924  12.2  0  0  5 10 0 0 1 1 1 0 0 1 0 0 0 0 0 1
2014   2 28  3 59 20 987223  -27.11703  -43.82378     2896  17.9  0  0  6 12 0 0 1 1 1 0 0 1 0 1 0 0 0 1
2014   2 28  3 59 21  81507  -27.12671  -43.82631     2909  18.7  0  0  6 13 0 0 1 1 1 0 0 1 0 1 0 0 0 1
2014   2 28  3 59 21  95129  -27.10592  -43.82691     2944  14.5  0  0  5 10 0 0 1 1 1 0 0 0 0 1 0 0 0 1
2014   2 28  3 59 22 123369   -6.39284  -37.97153     5882  58.3  2  0  5 10 0 0 1 1 0 0 0 1 0 0 0 0 1 1
2014   2 28  3 59 26 630435  -32.36685  -43.43438     3848  40.3  1  0  6 15 0 0 1 1 0 0 0 1 0 1 0 0 1 1
2014   2 28  3 59 26 659488   20.39294  139.32352     3706   5.8  0  0  4  6 0 0 0 1 1 0 0 1 1 0 0 0 0 0
2014   2 28  3 59 27  90324   -0.25082  -50.04274     6223  18.9  0  0  4  6 0 0 1 0 1 0 0 0 1 1 0 0 0 0
2014   2 28  3 59 27 403430  -26.99569  -44.21311     4184  34.8  1  0  5  8 0 0 1 1 1 0 0 0 0 1 0 0 0 1
2014   2 28  3 59 27 899349  -27.00172  -44.28809     2910  34.8  0  0  7 19 0 0 1 1 1 0 0 1 1 1 0 0 0 1
2014   2 28  3 59 27 907781  -27.00665  -44.29599     3259  37.6  0  0  7 16 0 0 1 1 1 0 0 1 1 1 0 0 0 1
