2014   2 28  3 59 28 271866  -27.22775  -43.39724     3055   0.7  0  0  4  6 0 0 1 1 0 0 0 0 0 1 1 0 0 0
2014   2 28  3 59 30 190216  -16.05012  -50.70598     4853   9.7  0  0  4  6 0 0 1 1 0 0 0 0 0 1 1 0 0 0
2014   2 28  3 59 31 400368  -20.21977  -49.74843     2828   5.1  0  0  5  7 0 0 1 1 0 0 0 0 0 1 1 1 0 0
2014   2 28  3 59 37 491653  -22.77255  -46.74027     3894  30.3  1  0  5  8 0 0 1 1 0 0 0 0 0 1 1 1 0 0
2014   2 28  3 59 44 126304  -22.12375  -47.93674     2417   9.9  0  0  6 15 0 0 1 1 1 0 0 1 0 0 1 0 0 1
2014   2 28  3 59 44 136513  -27.14789  -43.39725     2937   6.7  0  0  5  9 0 0 1 1 1 0 0 1 0 0 0 0 0 1
2014   2 28  3 59 44 355915  -26.03670  -44.29193     3027   9.4  0  0  5  8 0 0 1 1 1 0 0 0 0 0 1 0 0 1
2014   2 28  3 59 44 597797  -16.17118  -51.28113     2817   1.2  0  0  4  6 0 0 0 1 0 0 0 1 0 0 1 0 0 1
2014   2 28  3 59 44 769361  -27.16587  -43.17991     3537  52.4  1  0  7 16 0 0 1 1 1 0 0 1 0 1 1 0 0 1
2014   2 28  3 59 44 780004  -27.21792  -43.13627     3453   9.9  0  0  5  7 0 0 1 1 1 0 0 1 0 0 0 0 0 1
2014   2 28  3 59 44 813997  -14.15722  160.06601    11190  36.3  1  0  5 10 0 0 1 1 0 0 0 1 0 0 1 1 0 0
2014   2 28  3 59 45 138178  -14.12880  159.86142     8241  22.2  0  0  5 10 0 0 0 0 1 0 0 1 0 0 1 1 0 1
2014   2 28  3 59 45 227465  -12.29292  155.67598    26177  33.2  0  0  6 15 0 0 1 1 1 0 0 0 0 0 1 1 0 1
2014   2 28  3 59 45 457947    7.66653  -73.80913     3687  11.1  0  0  6 14 0 0 0 1 1 0 0 1 0 0 1 1 0 1
2014   2 28  3 59 45 551781    7.65302  -73.89798     4775  19.3  0  0  6 12 0 0 0 1 0 0 0 1 0 1 1 1 0 1
2014   2 28  3 59 45 671592    7.28104  -73.49894     7905  17.4  0  0  6 15 0 0 1 1 1 0 0 0 0 1 1 0 0 1
2014   2 28  3 59 45 731255  -14.13922  160.25374     8866   3.8  0  0  4  6 0 0 1 0 0 0 0 1 0 0 1 1 0 0
2014   2 28  3 59 46 300656   -5.13080  -74.80608     4635   6.1  0  0  4  6 0 0 0 1 1 0 0 1 0 0 0 1 0 0
2014   2 28  3 59 46 352108  -27.51043  -43.07663     4215  36.6  0  0  6 11 0 0 1 1 1 0 0 1 0 0 1 0 0 1
2014   2 28  3 59 46 393302  -27.24464  -43.56187     4286  13.2  0  0  5  7 0 0 1 0 1 0 0 1 0 1 0 0 0 1
2014   2 28  3 59 46 772367  -20.40177  -46.72601     2580  15.3  0  0  6 15 0 0 1 1 1 0 0 1 0 0 1 0 0 1
2014   2 28  3 59 47 411662  -16.23237  -50.90451     2769  26.5  0  0  6 15 0 0 0 1 1 0 0 1 0 1 1 0 0 1
2014   2 28  3 59 47 574871  -19.92235 -141.44295     7268  20.5  0  0  6 15 0 0 1 1 1 0 0 1 0 0 1 1 0 0
2014   2 28  3 59 47 853424    7.70426  -73.79517     6418  28.8  0  0  5  7 0 0 1 1 0 0 0 0 0 0 1 1 0 1
2014   2 28  3 59 48 852973  -13.64655  159.24435     9219  15.2  0  0  4  6 0 0 0 1 0 0 0 1 0 0 1 1 0 0
2014   2 28  3 59 48 933150  -13.63143  159.16722     8760  38.7  0  0  6 15 0 0 1 1 0 0 0 1 0 0 1 1 0 1
2014   2 28  3 59 49  35892   -2.09832  -72.16640     4903  21.9  0  0  5 10 0 0 0 1 1 0 0 1 0 0 0 1 0 1
2014   2 28  3 59 49  62995   -1.96039  -71.90742     3944  10.2  0  0  4  6 0 0 0 1 0 0 0 1 0 0 1 1 0 0
2014   2 28  3 59 49 184505  -13.66821  159.37692     7419  16.1  0  0  5 10 0 0 1 1 0 0 0 1 0 0 1 1 0 0
2014   2 28  3 59 49 360322  -26.15821 -135.41765    18098  57.4  1  0  6 14 0 0 1 0 1 0 0 1 0 0 1 1 0 1
2014   2 28  3 59 49 368274  -13.06317  157.88837     8228  36.8  0  0  6 15 0 0 1 1 1 0 0 1 0 0 1 1 0 0
2014   2 28  3 59 49 415763  -26.71537 -133.83398    18010   2.2  0  0  4  6 0 0 1 1 0 0 0 1 0 0 1 0 0 0
2014   2 28  3 59 50 585773    5.71780  -77.78887     6704  57.4  1  0  7 21 0 0 0 1 1 0 0 1 0 1 1 1 0 1
2014   2 28  3 59 50 624796    7.53397  -81.45414    21738   0.6  0  0  4  6 0 0 0 1 1 0 0 1 0 1 0 0 0 0
2014   2 28  3 59 50 679022    5.69720  -78.28391     8628  31.1  1  0  5 10 0 0 0 1 1 0 0 1 0 0 0 1 0 1
2014   2 28  3 59 51   7137    3.56472  -73.17426     4010  32.6  0  0  7 21 0 0 0 1 1 0 0 1 0 1 0 1 1 1
2014   2 28  3 59 51 111396    3.62337  -72.80840     8894  51.3  2  0  5  8 0 0 0 1 0 0 0 1 0 0 1 1 0 1
2014   2 28  3 59 51 390117  -10.70885   43.00184    58980  51.8  2  0  5  9 0 0 1 1 1 0 0 0 0 0 1 0 0 1
2014   2 28  3 59 51 395720  -25.31772  -45.01164     4054  38.1  1  0  5 10 0 0 0 1 1 0 0 1 0 0 1 0 0 1
2014   2 28  3 59 51 456297  -20.31654  -46.99995     3808  38.1  1  0  5  9 0 0 1 1 1 0 0 1 0 0 0 0 0 1
2014   2 28  3 59 51 743229  -27.30325  -43.70521     4417  21.2  0  0  5  7 0 0 0 1 1 0 0 1 0 0 1 0 0 1
2014   2 28  3 59 51 959332  -22.35635  -47.85511     4061  50.7  2  0  5  9 0 0 0 1 1 0 0 1 0 0 1 0 0 1
2014   2 28  3 59 52   8535  -27.05875  -43.79626     4978  84.9  2  0  7 19 0 0 1 1 1 0 0 1 0 1 1 0 0 1
2014   2 28  3 59 52 969836    5.98903  -76.61636     7014 103.5  2  0  7 21 0 0 1 1 1 0 0 1 0 1 0 1 0 1
2014   2 28  3 59 54 443861  -32.56910  -41.76001     5734  34.6  0  0  6 15 0 0 0 1 1 0 0 1 0 1 1 0 0 1
2014   2 28  3 59 54 467082  -33.70058  -40.75988     6562  82.9  2  0  7 18 0 0 1 1 1 0 0 1 0 0 1 1 0 1
2014   2 28  3 59 55 248083  -27.02584  -43.56748     4923  59.5  1  0  6 13 0 0 1 1 1 0 0 1 0 0 1 0 0 1
2014   2 28  3 59 55 858291  -33.38871   15.67488    21726  95.4  2  0  7 21 0 0 1 1 1 0 0 1 0 1 1 0 0 1
2014   2 28  3 59 55 868545  -33.94992   14.17640    44772  74.6  2  0  5 10 0 0 1 1 1 0 0 0 0 0 1 0 0 1
2014   2 28  3 59 55 906730  -21.85903  -48.83012     4539 116.2  2  0  7 20 0 0 1 1 0 0 0 1 0 1 1 1 0 1
2014   2 28  3 59 55 918737  -21.86933  -48.92713     3783  21.6  1  0  4  6 0 0 1 1 0 0 0 1 0 0 1 0 0 0
2014   2 28  3 59 55 956361  -22.09649  -48.53159     5285  87.3  2  0  6 11 0 0 1 1 1 0 0 1 0 0 1 0 0 1
2014   2 28  3 59 55 983748  -21.82350  -48.90236     3786  21.7  1  0  4  6 0 0 1 1 0 0 0 1 0 0 1 0 0 0
2014   2 28  3 59 56 425823  -27.01945  -43.91964     4133  68.3  1  0  7 19 0 0 1 1 1 0 0 1 0 1 1 0 0 1
2014   2 28  3 59 56 550933   -8.40525  -52.54650     3005  12.2  0  0  5  8 0 0 0 1 1 0 0 0 0 0 1 1 0 1
2014   2 28  3 59 56 596877   -6.28203  -77.41533     6653   4.7  0  0  4  6 0 0 0 1 0 0 0 0 0 1 0 1 0 1
2014   2 28  3 59 56 753553  -21.68911   61.69225    70576  83.5  2  0  5 10 0 0 1 1 1 0 0 0 0 0 1 0 0 1
2014   2 28  3 59 59 192631  -27.03031  -43.94197     5995  81.9  2  0  6 13 0 0 1 1 1 0 0 1 0 0 1 0 0 1
2014   2 28  3 59 59 717492  -27.02217  -43.82101     7767  85.5  2  0  6 13 0 0 1 0 1 0 0 1 0 1 1 0 0 1
2014   2 28  4  0  1  79368   29.26836 -130.42357    10800  24.5  0  0  6 14 0 0 1 1 0 0 0 1 0 0 1 1 0 1
2014   2 28  4  0  1 728369  -11.79046  -57.13801     2734  12.3  0  0  6 15 0 0 1 0 1 0 0 0 0 1 1 1 0 1
2014   2 28  4  0  2   5069    4.67420  -72.27856     3414  15.8  0  0  6 15 0 0 0 1 1 0 0 1 0 0 1 1 0 1
2014   2 28  4  0  2  10431   -6.92461  173.28877    15269  50.4  1  0  6 15 0 0 1 0 1 0 0 1 0 0 1 1 0 1
2014   2 28  4  0  2  64961   -5.52908  -74.49639     5320  14.1  0  0  5 10 0 0 0 0 1 0 0 0 0 1 1 1 0 1
2014   2 28  4  0  2 341578   -5.43941  -74.80373     3978  20.0  0  0  6 14 0 0 0 1 1 0 0 1 0 0 1 1 0 1
2014   2 28  4  0  2 464832  -13.19135  -71.58754     3370  23.4  0  0  7 21 0 0 0 1 1 0 0 1 0 1 1 1 0 1
2014   2 28  4  0  2 517571  -13.24102  -71.28052     4298  21.4  0  0  5 10 0 0 1 1 1 0 0 1 0 0 1 0 0 0
2014   2 28  4  0  2 862628  -12.85465  -73.86757     3176  16.6  0  0  5 10 0 0 1 1 0 0 0 1 0 0 1 1 0 0
2014   2 28  4  0  2 953548    7.60196  -74.07652     6361  10.8  0  0  4  6 0 0 0 1 1 0 0 1 0 0 0 1 0 0
2014   2 28  4  0  3  26763   -4.98640  -74.61368     6859  47.5  1  0  5  9 0 0 0 1 1 0 0 1 0 0 1 1 0 0
2014   2 28  4  0  3  35625   -5.09671  -74.87238     3775  24.3  0  0  7 20 0 0 0 1 1 0 0 1 0 1 1 1 0 1
2014   2 28  4  0  3 536650    5.38434  -72.78790     4125  25.8  0  0  6 15 0 0 0 1 1 0 0 1 0 0 1 1 0 1
2014   2 28  4  0  3 773283  -27.90929  -43.47130     3195  16.4  0  0  5 10 0 0 1 1 0 0 0 1 0 1 1 0 0 0
2014   2 28  4  0  3 865751  -27.87956  -43.51861     2679  18.1  0  0  7 21 0 0 1 1 1 0 0 1 0 1 1 0 0 1
2014   2 28  4  0  4 162263  -27.89651  -43.49051     2919  17.7  0  0  6 15 0 0 1 1 0 0 0 1 0 1 1 0 0 1
2014   2 28  4  0  4 408744  -28.02415  -43.39522     4513  59.0  1  0  6 15 0 0 1 1 1 0 0 0 0 1 1 0 0 1
2014   2 28  4  0  4 713472  -27.16957  -43.53975     3615  22.7  0  0  5 10 0 0 1 1 1 0 0 0 0 0 1 0 0 1
2014   2 28  4  0  4 922352  -27.20209  -43.62587     3672  15.6  0  0  5  7 0 0 1 1 1 0 0 0 0 0 1 0 0 1
2014   2 28  4  0  5 330913  -27.16475  -43.74559     4753  62.9  2  0  6 13 0 0 1 1 1 0 0 1 0 0 1 0 0 1
2014   2 28  4  0  5 802361   -7.19597    4.07790    40783  33.1  1  0  5 10 0 0 1 1 1 0 0 0 0 0 1 0 0 1
2014   2 28  4  0  6 813682  -15.08516  -52.71384     3886  41.5  1  0  6 12 0 0 1 0 1 0 0 1 0 0 1 1 0 1
2014   2 28  4  0  7  27531  -15.88351  -52.54159     4801  49.6  1  0  6 15 0 0 1 1 1 0 0 0 0 1 1 0 0 1
2014   2 28  4  0  7  92834  -23.09900  -46.32603     9383  68.5  2  0  5 10 0 0 1 1 1 0 0 0 0 0 1 0 0 1
2014   2 28  4  0  7 144368    4.49513  -72.77037     7698  38.1  1  0  5 10 0 0 0 1 1 0 0 1 0 0 0 1 0 1
2014   2 28  4  0  7 150932  -22.83424  -46.35265     2984  13.0  0  0  5  7 0 0 0 0 1 0 0 0 0 1 1 1 0 1
2014   2 28  4  0  7 673347    6.03308  -84.91245    10130  83.5  2  0  6 11 0 0 1 1 0 0 0 1 0 1 1 1 0 0
2014   2 28  4  0  7 707424  -27.15446  -43.63781     3774  35.3  0  0  6 14 0 0 1 1 1 0 0 1 0 0 1 0 0 1
2014   2 28  4  0  7 713605    6.05355  -84.68069     6626  80.9  2  0  7 21 0 0 1 1 1 0 0 1 0 0 1 1 0 1
2014   2 28  4  0  7 746290    6.07543  -84.77544    14287  33.5  1  0  5  8 0 0 1 1 0 0 0 1 0 1 1 0 0 0
2014   2 28  4  0  7 870669  -27.13504  -43.69645     2995  31.7  0  0  7 21 0 0 1 1 1 0 0 1 0 1 1 0 0 1
2014   2 28  4  0  8   7122    5.91951  -84.72245     6152  58.8  1  0  7 20 0 0 1 0 1 0 0 1 0 1 1 1 0 1
2014   2 28  4  0  8  47115  -26.95830  -43.81176     2946   1.7  0  0  5  8 0 0 0 1 1 0 0 0 0 1 1 0 0 1
2014   2 28  4  0  8 107164    5.85302  -84.30888     7038  72.4  2  0  7 20 0 0 1 0 1 0 0 1 0 1 1 1 0 1
2014   2 28  4  0  8 157749  -22.35421  -48.34795     3780  55.0  1  0  6 12 0 0 1 1 1 0 0 1 0 0 1 0 0 1
2014   2 28  4  0  8 445960   -5.33397  -54.33225     3289  62.0  1  0  7 21 0 0 1 1 1 0 0 1 0 0 1 1 0 1
2014   2 28  4  0  8 584362  -16.74940  -50.37187     3648  47.5  1  0  5 10 0 0 1 1 0 0 0 0 0 1 0 1 0 1
2014   2 28  4  0  9 240953  -23.84046  -45.66246     3179  50.6  1  0  7 20 0 0 1 1 1 0 0 1 0 1 1 1 0 0
2014   2 28  4  0  9 460983   -5.38556  -54.33133     4665  69.5  2  0  5 10 0 0 0 1 1 0 0 1 0 0 1 1 0 0
2014   2 28  4  0 10 158434  -25.11259  -45.23722     5381  46.4  1  0  5  8 0 0 0 1 1 0 0 1 0 0 1 0 0 1
2014   2 28  4  0 10 954975  -27.08013  -43.81908     4643  51.5  1  0  6 13 0 0 1 1 1 0 0 1 0 0 1 0 0 1
2014   2 28  4  0 10 988821  -13.54609  159.41302    14573  77.2  2  0  6 15 0 0 1 1 1 0 0 1 0 0 1 1 0 0
2014   2 28  4  0 11  82529  -14.10603  161.01717    54075  18.8  0  0  4  6 0 0 1 1 0 0 0 0 0 0 1 1 0 0
2014   2 28  4  0 11 330573  -27.12371  -43.85408     4968  45.7  1  0  6 11 0 0 1 1 1 0 0 1 0 0 1 0 0 1
2014   2 28  4  0 11 464590  -27.06326  -43.90958     3500  49.7  0  0  7 21 0 0 1 1 1 0 0 1 0 1 1 0 0 1
2014   2 28  4  0 12 525692    3.33781  -85.66343     7761  89.2  2  0  7 20 0 0 1 0 1 0 0 1 0 1 1 1 0 1
2014   2 28  4  0 12 574970    3.55318  -85.87328     8757 121.6  2  0  7 21 0 0 1 1 1 0 0 1 0 0 1 1 0 1
2014   2 28  4  0 12 641320    3.89919  -86.45452     5102  24.1  0  0  5 10 0 0 1 1 0 0 0 1 0 0 1 1 0 0
2014   2 28  4  0 13 323474  -15.48434  -50.32721     3216  57.2  1  0  7 21 0 0 1 1 0 0 0 1 0 1 1 1 1 0
2014   2 28  4  0 13 376699  -15.73698  -49.91518     4848  91.4  2  0  6 15 0 0 1 1 1 0 0 1 0 0 1 0 0 1
2014   2 28  4  0 13 469248   -9.09660    4.60275    30871  89.0  2  0  6 12 0 0 1 1 1 0 0 1 0 0 1 0 0 1
2014   2 28  4  0 13 591539  -13.13614  158.62474    21000  97.6  2  0  6 14 0 0 1 1 1 0 0 1 0 0 1 1 0 0
2014   2 28  4  0 13 912151  -15.62889  -51.32926     8483  28.2  1  0  4  6 0 0 1 1 0 0 0 0 0 1 1 0 0 0
2014   2 28  4  0 13 919292  -16.47610  -50.73360     6041 104.0  2  0  6 11 0 0 0 1 1 0 0 1 0 1 1 0 0 1
2014   2 28  4  0 15 127308  -12.25893  -57.12277     7187 129.4  2  0  6 15 0 0 0 1 1 0 0 0 0 1 1 1 0 1
2014   2 28  4  0 15 681281  -26.99699  -43.98846     5590  73.4  2  0  6 13 0 0 1 1 1 0 0 1 0 0 1 0 0 1
2014   2 28  4  0 15 758194  -27.02600  -43.99072     5651  71.0  2  0  6 13 0 0 1 1 1 0 0 1 0 0 1 0 0 1
2014   2 28  4  0 16  69835   -6.85703    8.93915    17309   4.5  0  0  5 10 0 0 1 1 1 0 0 0 0 0 1 0 0 1
2014   2 28  4  0 16 869239  -28.92245 -136.30161    13879   3.1  0  0  4  6 0 0 0 1 1 0 0 1 0 0 0 1 0 0
2014   2 28  4  0 17 684101   13.86585  -90.52271     5517   6.8  0  0  6 15 0 0 1 1 0 0 0 1 0 1 1 0 0 1
2014   2 28  4  0 19 615452   -5.63977  -42.75787     3994  42.7  1  0  6 15 0 0 1 1 1 0 0 1 0 0 1 1 0 0
2014   2 28  4  0 19 900702  -27.20004  -43.50996     3142  23.1  0  0  6 13 0 0 1 1 0 0 0 1 0 1 1 0 0 1
2014   2 28  4  0 19 937689  -27.20041  -43.50827     3242  20.8  0  0  6 13 0 0 1 1 1 0 0 1 0 0 1 0 0 1
2014   2 28  4  0 19 975070  -27.19048  -43.52433     3106  23.1  0  0  6 15 0 0 1 1 1 0 0 1 0 0 1 0 0 1
2014   2 28  4  0 20 738338  -27.08734  -43.52175     3479  23.6  0  0  6 12 0 0 1 1 1 0 0 1 0 0 1 0 0 1
2014   2 28  4  0 22 401514   -6.88649    8.14918     7683  27.9  0  0  7 18 0 0 1 0 1 0 0 1 0 1 1 1 0 1
2014   2 28  4  0 22 592011   -4.59044    8.01814    53836  39.0  1  0  5 10 0 0 1 1 1 0 0 0 0 0 1 0 0 1
2014   2 28  4  0 22 797076    2.40626  -67.92309     9641  58.5  2  0  5  9 0 0 0 1 1 0 0 0 0 0 1 1 0 1
2014   2 28  4  0 23 110861  -20.46629  -46.74308     3967  45.5  1  0  5 10 0 0 0 1 1 0 0 1 0 0 1 0 0 1
2014   2 28  4  0 23 143856  -20.42958  -46.73874     3717  39.1  1  0  5 10 0 0 1 1 0 0 0 1 0 0 1 0 0 1
2014   2 28  4  0 23 947224  -27.07805  -43.54617     3750  16.8  0  0  5  7 0 0 1 1 1 0 0 1 0 0 0 0 0 1
2014   2 28  4  0 24 551111  -20.32531  -50.60051     4747  44.2  1  0  5  7 0 0 1 0 0 0 0 1 0 1 1 0 0 1
2014   2 28  4  0 25 231959  -21.87739  -49.02351     3363   9.5  0  0  4  6 0 0 1 0 0 0 0 1 0 1 1 0 0 0
2014   2 28  4  0 25 273495  -22.02579  -48.67436     4011  87.8  2  0  7 17 0 0 1 1 1 0 0 1 0 1 1 0 0 1
2014   2 28  4  0 25 427285  -27.11179  -43.74691     5014  50.1  2  0  5 10 0 0 1 1 1 0 0 0 0 0 1 0 0 1
2014   2 28  4  0 25 857249  -27.28212  -43.84907     3466  48.6  0  0  7 21 0 0 1 1 1 0 0 1 0 1 1 0 0 1
2014   2 28  4  0 26 966319  -26.86691  -43.95380     4159  20.6  0  0  5  8 0 0 0 1 1 0 0 1 0 0 1 0 0 1
2014   2 28  4  0 29 192186    2.73675  -68.14301     6595 104.7  2  0  7 21 0 0 0 1 1 0 0 1 0 1 1 1 0 1
2014   2 28  4  0 29 316793  -26.96733  -43.70473     6788  69.9  2  0  6 11 0 0 1 1 1 0 0 1 0 0 1 0 0 1
2014   2 28  4  0 29 761067  -12.79415  158.95969    15464  84.7  2  0  6 15 0 0 1 1 0 0 0 1 0 0 1 1 0 1
2014   2 28  4  0 29 827996  -13.38852  160.31961    16064  85.2  2  0  6 15 0 0 1 1 0 0 0 1 0 0 1 1 0 1
2014   2 28  4  0 30 130224  -13.12844  159.05504    13421  31.6  1  0  4  6 0 0 0 1 0 0 0 1 0 0 1 1 0 0
2014   2 28  4  0 30 307740  -12.97009  158.16106    19173 109.3  2  0  6 15 0 0 0 1 1 0 0 1 0 0 1 1 0 1
2014   2 28  4  0 30 377588   -4.92088  -41.44663    10993  36.3  1  0  5 10 0 0 1 0 1 0 0 1 0 0 1 0 0 1
2014   2 28  4  0 30 641922  -27.00869  -43.93807     5591  73.1  2  0  6 13 0 0 1 1 1 0 0 1 0 0 1 0 0 1
2014   2 28  4  0 30 709566   -4.70978  -69.59921     3761   6.1  0  0  4  6 0 0 0 0 1 0 0 1 0 1 0 1 0 0
2014   2 28  4  0 30 718820  -13.20492  158.69690     8727   6.7  0  0  4  6 0 0 1 0 0 0 0 1 0 0 1 1 0 0
2014   2 28  4  0 30 854678  -26.96874  -43.97845     5900  74.3  2  0  6 12 0 0 1 1 1 0 0 1 0 0 1 0 0 1
2014   2 28  4  0 31 191714  -22.54856  -47.45168     4374 133.7  2  0  7 21 0 0 1 1 1 0 0 1 0 1 1 0 0 1
2014   2 28  4  0 32 110507  -11.97054  -57.29263     2639   8.2  0  0  6 14 0 0 1 1 1 0 0 1 0 0 1 0 0 1
2014   2 28  4  0 32 249673  -27.22537  -43.39709     2737  12.8  0  0  7 21 0 0 0 1 1 0 0 1 0 1 1 1 0 1
2014   2 28  4  0 32 329462  -27.19246  -43.42544     2503   5.5  0  0  7 16 0 0 1 1 1 0 0 0 0 1 1 1 0 1
2014   2 28  4  0 32 384557  -27.21919  -43.41241     2525  11.1  0  0  7 20 0 0 1 1 1 0 0 1 0 1 1 0 0 1
2014   2 28  4  0 32 557578   -5.72036  -74.16666     3177  15.0  0  0  6 13 0 0 1 0 1 0 0 1 0 0 1 1 0 1
2014   2 28  4  0 32 581657  -27.19688  -43.39190     2743  15.2  0  0  7 16 0 0 1 1 0 0 0 1 0 1 1 1 0 1
2014   2 28  4  0 32 594063  -27.18472  -43.46552     3865  25.2  0  0  6 11 0 0 1 1 1 0 0 1 0 0 1 1 0 0
2014   2 28  4  0 33  63863  -14.79693  161.57533    80249  33.6  1  0  4  6 0 0 1 0 0 0 0 0 0 0 1 1 0 1
2014   2 28  4  0 33 367982  -16.36092  -51.24273     2673  11.0  0  0  5 10 0 0 1 0 1 0 0 1 0 1 0 0 0 1
2014   2 28  4  0 33 437867  -14.20557  160.14740    11820  39.0  1  0  5 10 0 0 1 1 0 0 0 1 0 0 1 1 0 0
2014   2 28  4  0 33 547901  -16.36331  -51.18874     3210   7.0  0  0  5 10 0 0 1 1 1 0 0 0 0 0 1 0 0 1
2014   2 28  4  0 33 677413  -28.02698  -43.27691     4920  68.6  2  0  6 15 0 0 1 1 1 0 0 0 0 1 1 0 0 1
2014   2 28  4  0 33 890333  -27.24418  -43.40736     3055  12.4  0  0  6 11 0 0 1 1 1 0 0 1 0 0 1 0 0 1
2014   2 28  4  0 34 274815   -1.48559  -71.79060     3264  16.9  0  0  6 15 0 0 0 1 0 0 0 1 0 1 1 1 0 1
2014   2 28  4  0 34 345278  -27.27180  -43.46634     3223  17.3  0  0  5 10 0 0 1 1 0 0 0 1 0 1 1 0 0 0
2014   2 28  4  0 34 359462   -1.43915  -71.71033     3616  25.3  0  0  6 13 0 0 1 1 0 0 0 1 0 1 1 1 0 0
2014   2 28  4  0 34 392376   -1.46789  -71.76824     3725  10.0  0  0  5  9 0 0 0 1 0 0 0 1 0 0 1 1 0 1
2014   2 28  4  0 34 918190  -27.36307  -43.45364     5073  62.7  2  0  6 13 0 0 1 1 1 0 0 1 0 0 1 0 0 1
2014   2 28  4  0 34 943460  -27.25707  -43.49072     4511  25.5  0  0  5  7 0 0 1 1 0 0 0 1 0 0 0 1 0 1
2014   2 28  4  0 35  55809  -25.50408  -44.86060     2623  22.8  0  0  7 21 0 0 1 1 1 0 0 1 0 1 1 1 0 0
2014   2 28  4  0 35  89723  -11.35030  -75.72595     4093  25.6  0  0  6 15 0 0 0 1 1 0 0 1 0 0 1 1 0 1
2014   2 28  4  0 35 120033  -25.50904  -44.83950     2748  15.4  0  0  6 15 0 0 1 1 0 0 0 0 0 1 1 1 0 1
2014   2 28  4  0 35 132442  -27.26047  -43.44351     3219  15.4  0  0  6 11 0 0 1 1 1 0 0 1 0 0 1 0 0 1
2014   2 28  4  0 35 149226  -27.26263  -43.43007     3240  15.4  0  0  6 11 0 0 1 1 1 0 0 1 0 0 1 0 0 1
2014   2 28  4  0 35 162703  -25.44147  -44.89376     2658   8.4  0  0  6 15 0 0 0 1 1 0 0 0 0 1 1 1 0 1
2014   2 28  4  0 35 471431    7.80338  -73.67735     5918  41.6  1  0  6 12 0 0 1 1 1 0 0 1 0 0 1 1 0 0
2014   2 28  4  0 35 579123  -22.26014  -48.06208     2816  41.9  0  0  7 21 0 0 1 1 1 0 0 1 0 1 1 1 0 0
2014   2 28  4  0 35 649844  -22.31739  -48.09818     3587  47.1  1  0  6 11 0 0 0 1 1 0 0 1 0 1 1 0 0 1
2014   2 28  4  0 35 695609  -22.26964  -48.04181     2877  40.7  0  0  7 18 0 0 1 1 1 0 0 1 0 0 1 1 0 1
2014   2 28  4  0 35 909089  -19.66768 -142.26929    20685  74.9  2  0  6 13 0 0 1 0 1 0 0 1 0 1 1 1 0 0
2014   2 28  4  0 36 151990  -16.21212  -51.37203     2679  33.0  0  0  7 21 0 0 1 1 0 0 0 1 0 1 1 1 0 1
2014   2 28  4  0 36 154798  -12.26288  170.56776     8022  11.5  0  0  5 10 0 0 1 1 0 0 0 1 0 0 1 1 0 0
2014   2 28  4  0 36 398382  -16.27467  -51.26204     2859  25.2  0  0  6 15 0 0 1 1 1 0 0 1 0 0 1 0 0 1
2014   2 28  4  0 36 565714   -5.63006  -74.14330     3759  41.0  0  0  7 19 0 0 1 1 1 0 0 1 0 0 1 1 0 1
2014   2 28  4  0 36 655893  -12.19594  170.37741     9422   4.8  0  0  4  6 0 0 0 1 0 0 0 1 0 0 1 1 0 0
2014   2 28  4  0 36 773155  -16.45333  -50.56868     2921  41.2  0  0  7 21 0 0 1 0 1 0 0 1 0 1 1 1 0 1
2014   2 28  4  0 37 147221    6.11872  -75.87273     8795  20.8  1  0  4  6 0 0 0 1 0 0 0 1 0 0 0 1 0 1
2014   2 28  4  0 37 647761  -27.18365  -43.56072     5067  29.3  0  0  5  7 0 0 1 1 1 0 0 0 0 0 1 0 0 1
2014   2 28  4  0 38  36674  -27.17463  -43.58746     3618  32.2  0  0  6 12 0 0 1 1 0 0 0 1 0 1 1 0 0 1
2014   2 28  4  0 38  50774  -27.13235  -43.60502     3247  30.2  0  0  6 15 0 0 1 1 1 0 0 0 0 1 1 0 0 1
2014   2 28  4  0 38 825675  -21.47293  -51.60773     3887  44.0  1  0  5  9 0 0 1 1 1 0 0 1 0 0 0 0 0 1
2014   2 28  4  0 39  67977  -25.36313  -45.11073     3795  36.0  1  0  5  9 0 0 1 1 1 0 0 1 0 0 0 0 0 1
2014   2 28  4  0 39 498192  -21.92004  -48.56726     4161  76.6  2  0  6 13 0 0 0 1 1 0 0 1 0 1 1 0 0 1
2014   2 28  4  0 39 750718  -21.89070  -48.57417     3959  79.6  2  0  7 16 0 0 1 1 1 0 0 1 0 1 1 0 0 1
2014   2 28  4  0 40  80208  -27.08832  -43.47389     3482  32.3  0  0  7 17 0 0 1 1 1 0 0 1 0 0 1 0 1 1
2014   2 28  4  0 40 231120  -27.07342  -43.48355     3931  33.9  0  0  6 12 0 0 1 1 1 0 0 1 0 0 1 0 0 1
2014   2 28  4  0 40 361149  -32.62152  -42.65278     4886  71.0  2  0  7 19 0 0 1 1 1 0 0 1 0 1 1 1 0 0
2014   2 28  4  0 40 375406  -25.21143  -45.19887     4586  36.6  1  0  5  9 0 0 1 1 1 0 0 1 0 0 1 0 0 0
2014   2 28  4  0 40 393291  -25.11359  -45.21724     4499  43.1  1  0  5  9 0 0 0 1 1 0 0 1 0 0 1 0 0 1
2014   2 28  4  0 40 405064  -32.67296  -42.57400     5406  57.3  1  0  6 15 0 0 1 1 1 0 0 1 0 0 1 0 0 1
2014   2 28  4  0 40 465105  -32.63631  -42.57511     5452  58.4  1  0  6 15 0 0 1 1 1 0 0 1 0 0 1 0 0 1
2014   2 28  4  0 40 474327  -32.66956  -42.57468     5459  58.3  1  0  6 15 0 0 1 1 1 0 0 1 0 0 1 0 0 1
2014   2 28  4  0 40 513935  -32.66570  -42.57594     5484  58.9  1  0  6 15 0 0 1 1 1 0 0 1 0 0 1 0 0 1
2014   2 28  4  0 40 555629  -32.60266  -42.66980     5280  62.7  2  0  6 15 0 0 1 1 1 0 0 0 0 1 1 0 0 1
2014   2 28  4  0 40 583283  -32.55172  -42.96355     5464  29.8  0  0  5 10 0 0 1 0 1 0 0 1 0 1 0 0 0 1
2014   2 28  4  0 40 591293  -12.89499  -73.75810     5392  89.2  2  0  6 14 0 0 1 1 1 0 0 0 0 1 0 1 0 1
2014   2 28  4  0 40 610508  -32.62786  -42.57309     7055  65.0  2  0  5 10 0 0 1 1 1 0 0 0 0 0 1 0 0 1
2014   2 28  4  0 40 752278  -27.12188  -43.67480     5048  43.6  1  0  6 13 0 0 1 0 1 0 0 1 0 1 1 0 0 1
2014   2 28  4  0 40 896177  -13.03100  -74.30315     5064  18.5  0  0  4  6 0 0 0 1 0 0 0 1 0 0 1 1 0 0
2014   2 28  4  0 41 218004  -27.13360  -43.74520     4323  41.3  1  0  6 12 0 0 1 1 1 0 0 1 0 0 1 0 0 1
2014   2 28  4  0 41 235120  -27.13454  -43.76786     5209  40.3  1  0  5  8 0 0 1 1 1 0 0 0 0 0 1 0 0 1
2014   2 28  4  0 41 244425  -22.66540  -47.27562     3719  89.3  2  0  7 21 0 0 1 1 0 0 0 1 0 1 1 1 0 1
2014   2 28  4  0 41 267556  -22.86285  -47.17929     3866  86.3  2  0  7 18 0 0 0 1 1 0 0 1 0 1 1 1 0 1
2014   2 28  4  0 41 514032  -27.13454  -43.85939     3856  18.8  0  0  5  7 0 0 1 1 1 0 0 1 0 0 0 0 0 1
2014   2 28  4  0 41 949118   -9.31456  -76.72501     9082  94.7  2  0  6 15 0 0 0 1 0 0 0 1 0 1 1 1 0 1
2014   2 28  4  0 42 483846  -19.90079 -142.37053    20555  83.5  2  0  6 15 0 0 1 1 1 0 0 1 0 0 1 1 0 0
2014   2 28  4  0 42 647435  -26.25941  -44.43629     6106  39.8  1  0  5  7 0 0 1 1 1 0 0 1 0 0 1 0 0 0
2014   2 28  4  0 43 958129   -5.28915  -75.14097     9074 105.7  2  0  7 20 0 0 0 1 1 0 0 1 0 1 1 1 0 1
2014   2 28  4  0 44 106938    7.81479  -73.53230     8146  81.0  2  0  6 13 0 0 1 0 1 0 0 1 0 0 1 1 0 1
2014   2 28  4  0 44 485475    4.88822  -86.73777    21226  65.4  2  0  5 10 0 0 0 1 1 0 0 1 0 0 0 1 0 1
2014   2 28  4  0 44 667268  -15.93247  -16.17541    14529  23.1  0  0  5  7 0 0 0 1 1 0 0 0 0 0 1 1 0 1
2014   2 28  4  0 44 835378  -26.95843  -43.70559     4687  60.5  2  0  6 15 0 0 1 1 1 0 0 1 0 0 1 0 0 1
2014   2 28  4  0 45  11873  -26.95342  -43.69977     5054  62.9  2  0  6 13 0 0 1 1 1 0 0 1 0 0 1 0 0 1
2014   2 28  4  0 45 211461  -16.30958  -50.72516     4600  91.0  2  0  6 14 0 0 1 1 1 0 0 1 0 1 0 0 0 1
2014   2 28  4  0 45 248163  -16.26306  -50.70439     3996  97.7  2  0  7 21 0 0 1 1 1 0 0 1 0 1 1 0 0 1
2014   2 28  4  0 45 281835  -16.26762  -50.70379     4024  99.0  2  0  7 21 0 0 1 1 1 0 0 1 0 1 1 0 0 1
2014   2 28  4  0 45 332685  -16.10000  -50.87790     4118 104.4  2  0  7 20 0 0 1 1 0 0 0 1 0 1 1 1 0 1
2014   2 28  4  0 45 352373  -16.26448  -50.70536     4031  99.4  2  0  7 21 0 0 1 1 1 0 0 1 0 1 1 0 0 1
2014   2 28  4  0 45 737830    2.09936  -68.51353    12594 119.6  2  0  6 15 0 0 0 1 1 0 0 0 0 1 1 1 0 1
2014   2 28  4  0 45 853649    8.05668  -75.79797    17276  75.9  2  0  5 10 0 0 0 1 1 0 0 1 0 0 0 1 0 1
2014   2 28  4  0 46    288  -13.19288  159.10095     8728  25.1  0  0  5 10 0 0 1 1 0 0 0 1 0 0 1 1 0 0
2014   2 28  4  0 46 480119  -27.37872  -44.31858     4149  86.5  2  0  7 16 0 0 1 1 1 0 0 1 0 1 0 1 0 1
2014   2 28  4  0 46 594448  -12.71993  158.14227    10852  23.4  1  0  4  6 0 0 1 1 0 0 0 1 0 0 0 1 0 0
2014   2 28  4  0 46 678827  -26.97299  -44.01230     4708  71.7  2  0  6 15 0 0 1 1 1 0 0 0 0 1 1 0 0 1
2014   2 28  4  0 46 679579  -12.89219  158.60641    14860 105.8  2  0  7 21 0 0 1 1 1 0 0 1 0 0 1 1 0 1
2014   2 28  4  0 46 690999  -27.04732  -43.92954     5583  67.0  2  0  6 12 0 0 1 1 1 0 0 1 0 0 1 0 0 1
2014   2 28  4  0 46 797638  -27.02345  -44.12950     4534  29.7  0  0  5  7 0 0 1 1 1 0 0 1 0 0 0 0 0 1
2014   2 28  4  0 49 346056  -22.39526  -48.23104     2470  19.9  0  0  7 19 0 0 1 1 1 0 0 1 0 1 1 0 0 1
2014   2 28  4  0 49 682564  -27.20231  -43.44669     3883  50.0  1  0  6 14 0 0 1 1 0 0 0 1 0 1 1 0 0 1
2014   2 28  4  0 49 759431  -27.04150  -43.44616     3326  19.5  0  0  5 10 0 0 1 1 0 0 0 1 0 1 1 0 0 0
2014   2 28  4  0 49 786922  -27.24523  -43.38648     3591  14.2  0  0  5  8 0 0 1 1 1 0 0 1 0 0 1 0 0 0
2014   2 28  4  0 50  23446  -27.22114  -43.44830     2674  17.1  0  0  7 19 0 0 1 1 1 0 0 1 0 1 1 0 0 1
2014   2 28  4  0 50  37431  -11.79893  -57.56336     2520  19.7  0  0  7 21 0 0 1 1 1 0 0 1 0 0 1 1 0 1
2014   2 28  4  0 50 291939  -26.95451  -43.47477     2925  12.4  0  0  6 13 0 0 1 1 1 0 0 1 0 0 1 0 0 1
2014   2 28  4  0 50 341270  -26.84837  -43.60935     3759  16.5  0  0  5  8 0 0 1 1 1 0 0 1 0 0 1 0 0 0
2014   2 28  4  0 50 409622  -27.20614  -43.31269     6180  90.7  2  0  6 12 0 0 1 1 1 0 0 1 0 0 0 0 1 1
2014   2 28  4  0 50 470978  -11.89652  -57.73574     2581  23.0  0  0  7 21 0 0 1 1 1 0 0 1 0 0 1 1 0 1
2014   2 28  4  0 50 592519  -11.95603  -57.86567     2730   5.1  0  0  5  9 0 0 0 1 1 0 0 1 0 1 0 1 0 0
2014   2 28  4  0 51 499799  -24.03427  -46.80409     2882  36.6  0  0  7 19 0 0 1 1 1 0 0 1 0 1 1 1 0 0
2014   2 28  4  0 51 511941  -24.09191  -46.73680     5085  36.5  1  0  5  7 0 0 1 1 1 0 0 1 0 0 0 0 0 1
2014   2 28  4  0 51 557014  -24.01296  -46.84786     4830  78.0  2  0  6 14 0 0 1 1 0 0 0 0 1 0 1 1 0 1
2014   2 28  4  0 51 578058  -22.32583  -47.86330     2543  16.2  0  0  6 15 0 0 1 1 1 0 0 1 0 0 1 0 0 1
2014   2 28  4  0 51 635454  -22.32650  -47.87098     2582  16.8  0  0  6 14 0 0 1 1 1 0 0 1 0 0 1 0 0 1
2014   2 28  4  0 51 718755  -24.00222  -46.79187     2911  16.1  0  0  5 10 0 0 1 1 1 0 0 0 0 1 1 0 0 0
2014   2 28  4  0 51 763875  -24.05057  -46.71498     2843  34.0  0  0  7 21 0 0 1 1 1 0 0 1 0 1 1 0 0 1
2014   2 28  4  0 51 815437  -24.09036  -46.71566     4021  37.2  1  0  5  9 0 0 0 1 0 0 0 1 0 1 1 0 0 1
2014   2 28  4  0 51 843205    7.70384  -73.95513     5898  28.8  0  0  5  9 0 0 0 1 1 0 0 1 0 0 1 1 0 0
2014   2 28  4  0 51 881683  -16.19279  -51.30734     3221  23.0  0  0  5 10 0 0 0 1 1 0 0 1 0 0 1 0 0 1
2014   2 28  4  0 51 952816  -13.81752  159.03587     7504  40.8  0  0  7 21 0 0 1 1 1 0 0 1 0 0 1 1 0 1
2014   2 28  4  0 52 279603  -16.24159  -50.82475     2805  23.8  0  0  6 15 0 0 1 1 1 0 0 1 0 0 1 0 0 1
2014   2 28  4  0 52 514146  -27.14198  -43.27530     3275  21.9  0  0  6 13 0 0 1 1 1 0 0 1 0 0 1 0 0 1
2014   2 28  4  0 52 530000  -27.17447  -43.24567     4152  41.6  1  0  6 13 0 0 1 1 1 0 0 1 0 0 1 0 0 1
2014   2 28  4  0 52 712580  -24.44229  -45.24595     3738  29.4  0  0  5  9 0 0 0 1 1 0 0 1 0 0 1 0 0 1
2014   2 28  4  0 53 157722  -27.19696  -43.59982     3148   7.2  0  0  5  7 0 0 1 1 1 0 0 1 0 0 0 0 0 1
2014   2 28  4  0 53 174505  -27.18080  -43.52113     3685  23.3  0  0  5  9 0 0 1 1 1 0 0 0 0 0 1 0 0 1
2014   2 28  4  0 53 356879   -8.28385   14.45754    12264  30.6  0  0  6 15 0 0 1 1 1 0 0 1 0 0 1 0 0 1
2014   2 28  4  0 53 393445   -8.47398   14.10431    19232  13.1  0  0  5  7 0 0 1 1 1 0 0 1 0 0 0 0 0 1
2014   2 28  4  0 53 554695   -7.68645   15.52914    41048  33.0  1  0  5 10 0 0 1 1 1 0 0 0 0 0 1 0 0 1
2014   2 28  4  0 53 943388   -5.48655  -74.27990     4212  58.9  1  0  7 21 0 0 1 1 1 0 0 0 0 1 1 1 0 1
2014   2 28  4  0 54 797594   -5.72636  -53.90658     3608  58.4  1  0  7 21 0 0 1 1 1 0 0 0 0 1 1 1 0 1
2014   2 28  4  0 54 949789   -5.74132  -53.88214     4519  54.9  1  0  6 15 0 0 1 1 0 0 0 1 0 1 1 0 0 1
2014   2 28  4  0 55 108463   -4.21829    8.64786    19513  71.9  2  0  6 13 0 0 1 1 0 0 0 1 0 0 1 1 0 1
2014   2 28  4  0 56 586659  -27.26513  -43.68783     5528  76.0  2  0  6 13 0 0 1 1 1 0 0 1 0 1 0 0 0 1
2014   2 28  4  0 56 608266  -27.12690  -43.68359     4125  40.2  1  0  6 13 0 0 1 1 1 0 0 1 0 0 1 0 0 1
2014   2 28  4  0 56 626919  -27.13436  -43.68650     4112  40.5  1  0  6 13 0 0 1 1 1 0 0 1 0 0 1 0 0 1
2014   2 28  4  0 57 434189  -11.31543  168.33218    10478  23.9  0  0  5 10 0 0 1 1 0 0 0 1 0 0 1 1 0 0
2014   2 28  4  0 57 477482  -13.79417  160.57024     6409   5.8  0  0  5 10 0 0 1 1 0 0 0 1 0 0 1 1 0 0
2014   2 28  4  0 57 561101  -13.79274  160.22722    10964  68.3  1  0  7 21 0 0 1 1 1 0 0 1 0 0 1 1 0 1
2014   2 28  4  0 57 994247  -20.27815  -46.98911     6356  66.4  2  0  5  9 0 0 1 1 1 0 0 1 0 0 1 0 0 0
2014   2 28  4  0 58   2573  -27.32738  -43.75678     5467  62.7  2  0  6 11 0 0 1 1 1 0 0 1 0 0 1 0 0 1
2014   2 28  4  0 58 144996  -13.75811  160.38510    15282  59.7  2  0  5 10 0 0 1 1 0 0 0 1 0 0 0 1 0 1
2014   2 28  4  0 58 432230  -13.99963  161.43932    38662   7.3  0  0  4  6 0 0 1 1 0 0 0 0 0 0 1 1 0 0
2014   2 28  4  0 59 120328  -11.84193  -57.55539     4523  91.0  2  0  7 21 0 0 0 1 1 0 0 1 0 1 1 1 0 1
2014   2 28  4  0 59 431319   -9.89823    1.39167    66666  67.7  2  0  5 10 0 0 1 1 1 0 0 0 0 0 1 0 0 1
2014   2 28  4  0 59 536570    5.09776  -72.01891     7971  84.0  2  0  6 15 0 0 0 1 1 0 0 1 0 0 1 1 0 1
2014   2 28  4  1  0 725889  -16.96559  -50.93265     4632  90.9  2  0  6 15 0 0 1 0 1 0 0 1 0 1 1 0 0 1
2014   2 28  4  1  1 253194  -16.72688 -139.10258    20971 100.5  2  0  7 20 0 0 1 1 1 0 0 1 0 0 1 1 0 1
2014   2 28  4  1  2 342686   -2.39888  -51.68465     4889  99.5  2  0  6 14 0 0 0 1 1 0 0 1 0 0 1 1 0 1
2014   2 28  4  1  2 836502  -27.01834  -43.92784     5573  72.5  2  0  6 13 0 0 1 1 1 0 0 1 0 0 1 0 0 1
2014   2 28  4  1  2 872836  -10.96824   56.96428    27284  58.4  2  0  5  9 0 0 1 0 1 0 0 1 0 0 1 0 0 1
2014   2 28  4  1  2 884716  -26.66713  -44.25846     4184  37.7  0  0  6 11 0 0 0 1 1 0 0 1 0 1 1 0 0 1
2014   2 28  4  1  2 931667  -27.01989  -43.94027     5545  71.8  2  0  6 13 0 0 1 1 1 0 0 1 0 0 1 0 0 1
2014   2 28  4  1  3  57926  -22.96314  -47.49390     3892  29.0  0  0  5  7 0 0 1 1 0 0 0 1 0 1 0 0 1 0
2014   2 28  4  1  3 132591  -27.03781  -44.00515     5911  62.9  2  0  6 11 0 0 1 1 1 0 0 1 0 0 1 0 0 1
2014   2 28  4  1  3 505045   -2.34157  -72.01580     7183 136.6  2  0  7 21 0 0 1 0 1 0 0 0 0 1 1 1 1 1
2014   2 28  4  1  3 533967   -2.82482  -75.01473     5548   2.9  0  0  4  6 0 0 0 1 1 0 0 0 0 1 0 1 0 0
2014   2 28  4  1  3 627242  -27.02625  -44.17440     4092  27.3  0  0  5  8 0 0 1 1 1 0 0 1 0 0 0 0 0 1
2014   2 28  4  1  3 981299   -2.35774  -72.66087    10114 120.8  2  0  6 14 0 0 0 1 1 0 0 1 0 0 1 1 0 1
2014   2 28  4  1  4 211925  -24.71486 -134.42026     5489   7.7  0  0  6 15 0 0 1 1 1 0 0 1 0 0 1 1 0 0
2014   2 28  4  1  4 340507  -19.52369 -143.92442    10376  37.7  0  0  7 19 0 0 1 1 1 0 0 1 0 0 1 1 0 1
2014   2 28  4  1  4 677186   -2.16759  -71.83836     2703   8.1  0  0  7 21 0 0 0 1 1 0 0 1 0 1 1 1 0 1
2014   2 28  4  1  4 687436   -2.18967  -71.89569     4088   0.5  0  0  4  6 0 0 0 1 1 0 0 1 0 0 0 1 0 0
2014   2 28  4  1  4 699360   -2.17194  -71.85233     3172   7.9  0  0  5 10 0 0 0 1 1 0 0 1 0 0 1 1 0 0
2014   2 28  4  1  5 245895  -27.23670  -43.37770     3023  14.0  0  0  6 12 0 0 1 1 1 0 0 1 0 0 1 0 0 1
2014   2 28  4  1  5 434914  -27.16026  -43.20932     3269  11.6  0  0  5  8 0 0 1 1 1 0 0 0 0 0 1 0 0 1
2014   2 28  4  1  5 865219    3.38374  -85.21010     4274  42.3  0  0  7 21 0 0 1 1 0 0 0 1 0 1 1 1 0 1
2014   2 28  4  1  6 357532  -27.22022  -43.36862     4315  10.2  0  0  5  7 0 0 1 0 1 0 0 1 0 0 1 0 0 1
2014   2 28  4  1  6 940149    4.46687  -72.06718     3708  27.6  0  0  7 21 0 0 0 1 1 0 0 1 0 1 1 1 0 1
2014   2 28  4  1  7 297060   18.80366   41.30629    22584  64.1  2  0  5 10 0 0 1 0 1 0 0 0 0 0 1 1 0 1
2014   2 28  4  1  7 568869  -26.09427 -135.52287    14770  29.6  0  0  5  9 0 0 1 1 0 0 0 1 0 0 1 1 0 0
2014   2 28  4  1  7 644665   30.90394 -133.46355    19548  56.6  1  0  6 14 0 0 1 1 1 0 0 1 0 0 1 1 0 0
2014   2 28  4  1  8   5309   -4.20183  -63.66935     4290  34.8  1  0  5  9 0 0 0 1 1 0 0 1 0 0 1 1 0 0
2014   2 28  4  1  8 116960   -4.20500  -63.67252     3227  36.6  0  0  7 21 0 0 0 1 1 0 0 1 0 1 1 1 0 1
2014   2 28  4  1  9 145360  -20.42506  -46.73278     3814  41.1  1  0  5 10 0 0 0 1 1 0 0 1 0 0 1 0 0 1
2014   2 28  4  1  9 470109  -21.82395  -48.87885     3231  10.6  0  0  4  6 0 0 1 1 0 0 0 0 0 0 1 1 0 0
2014   2 28  4  1  9 514953  -21.90685  -48.72045     3336  56.4  1  0  7 18 0 0 1 1 0 0 0 1 0 1 1 1 0 1
2014   2 28  4  1  9 613483  -27.14947  -43.67097     3671  16.3  0  0  5  7 0 0 1 1 1 0 0 1 0 0 0 0 0 1
2014   2 28  4  1  9 698365  -21.93727  -48.70694     4168  66.6  2  0  6 12 0 0 0 1 1 0 0 1 0 1 1 1 0 0
2014   2 28  4  1 10 380330  -25.19713  -45.11608     2975  38.6  0  0  7 21 0 0 1 1 1 0 0 1 0 1 1 0 0 1
2014   2 28  4  1 10 393777  -25.19809  -45.10952     3592  43.5  1  0  6 15 0 0 1 1 1 0 0 1 0 0 1 0 0 1
2014   2 28  4  1 10 426113   -4.42778  -70.94826     4863  57.4  1  0  7 20 0 0 0 1 1 0 0 1 0 1 1 1 0 1
2014   2 28  4  1 10 636802   -4.47992  -71.07745     3829  37.6  0  0  7 21 0 0 0 1 1 0 0 1 0 1 0 1 1 1
2014   2 28  4  1 11 299386   -5.83816  -74.20584     6311  77.4  2  0  6 13 0 0 1 1 0 0 0 1 0 1 1 1 0 0
2014   2 28  4  1 11 509256  -12.99362  -73.83385     4232  70.6  2  0  7 21 0 0 1 1 1 0 0 1 0 0 1 1 0 1
2014   2 28  4  1 11 534997  -13.04084  -73.82714     8971  62.6  2  0  5 10 0 0 0 0 0 0 0 1 0 1 1 1 0 1
2014   2 28  4  1 11 631245  -13.01527  -73.78368     5465  86.8  2  0  6 15 0 0 1 1 1 0 0 1 0 1 0 1 0 0
2014   2 28  4  1 11 747109  -13.21239  -73.50621     6508  67.3  2  0  6 15 0 0 1 1 1 0 0 1 0 0 1 0 0 1
2014   2 28  4  1 11 893009   20.22101  -95.58015     9824  63.3  1  0  7 21 0 0 1 0 1 0 0 1 0 1 1 1 0 1
2014   2 28  4  1 12 113473  -27.13432  -43.36462     4928  40.1  1  0  6 13 0 0 1 0 1 0 0 1 0 1 1 0 0 1
2014   2 28  4  1 12 320284  -25.41314  -45.04703     3996  36.7  1  0  5 10 0 0 1 1 1 0 0 1 0 0 1 0 0 0
2014   2 28  4  1 12 940054  -27.07652  -43.80085     3450  46.7  0  0  7 20 0 0 1 1 1 0 0 1 0 1 1 0 0 1
2014   2 28  4  1 13  55598  -27.08301  -43.59638     7043  82.9  2  0  6 14 0 0 1 0 1 0 0 1 0 1 1 1 0 0
2014   2 28  4  1 13 119579  -27.01952  -43.80044     4320  49.0  1  0  6 14 0 0 1 1 1 0 0 1 0 0 1 0 0 1
2014   2 28  4  1 13 161067  -27.05526  -43.85345     4671  67.2  1  0  7 16 0 0 1 1 1 0 0 1 0 0 1 1 0 1
2014   2 28  4  1 13 221142  -26.96741  -43.89697     4531  67.1  2  0  6 15 0 0 1 1 0 0 0 1 0 1 1 1 0 0
2014   2 28  4  1 13 252272  -27.04556  -43.82446     4627  43.1  1  0  6 11 0 0 1 1 1 0 0 1 0 0 1 0 0 1
2014   2 28  4  1 13 570194  -22.01047  -48.50023     4872  74.8  2  0  6 11 0 0 1 1 1 0 0 1 0 0 1 0 0 1
2014   2 28  4  1 13 666366  -26.99521  -43.86997     3529  49.2  0  0  7 19 0 0 1 1 1 0 0 1 0 1 1 0 0 1
2014   2 28  4  1 13 810211  -27.00190  -43.84141     4715  54.7  1  0  6 13 0 0 1 1 1 0 0 1 0 0 1 0 0 1
2014   2 28  4  1 15 188624    7.83771  -85.32798    12881   7.6  0  0  4  6 0 0 1 1 1 0 0 0 0 1 0 0 0 0
2014   2 28  4  1 15 271039  -30.46933  -43.02104     6321  77.3  2  0  6 15 0 0 1 1 1 0 0 1 0 0 1 0 0 1
2014   2 28  4  1 15 280444  -30.46618  -43.02026     6320  77.5  2  0  6 15 0 0 1 1 1 0 0 1 0 0 1 0 0 1
2014   2 28  4  1 15 314446  -29.69412  -43.73845     7468  32.9  1  0  5 10 0 0 0 0 1 0 0 1 0 1 1 0 0 1
2014   2 28  4  1 15 349144  -27.09967  -43.81848     5136  63.1  2  0  6 13 0 0 1 1 1 0 0 1 0 0 1 0 0 1
2014   2 28  4  1 15 377025  -30.47530  -42.99025     6320  77.4  2  0  6 15 0 0 1 1 1 0 0 1 0 0 1 0 0 1
2014   2 28  4  1 15 407876  -29.80505  -43.54046     5411  34.2  1  0  5 10 0 0 0 1 1 0 0 1 0 0 1 0 0 1
2014   2 28  4  1 16 984026  -11.06538  167.80276    18214 105.7  2  0  7 21 0 0 1 1 1 0 0 1 0 0 1 1 0 1
2014   2 28  4  1 17  15887  -10.94821  168.01645     9592  26.7  0  0  5 10 0 0 1 1 0 0 0 1 0 0 1 1 0 0
2014   2 28  4  1 17 139733  -33.19748   16.97109    17304  81.1  2  0  7 18 0 0 1 0 1 0 0 1 0 1 1 1 0 1
2014   2 28  4  1 17 298486    8.02188  -74.74854    14444 112.5  2  0  6 14 0 0 0 1 1 0 0 1 0 0 1 1 0 1
2014   2 28  4  1 17 582895   13.98546 -126.36475    12198  17.7  0  0  4  6 0 0 1 1 0 0 0 1 0 0 0 1 0 0
2014   2 28  4  1 17 682300  -26.99634  -44.14914     4939  36.2  1  0  5  7 0 0 1 1 1 0 0 1 0 0 0 0 0 1
2014   2 28  4  1 17 709123  -27.03868  -44.13106     4299  38.4  1  0  5  9 0 0 1 1 1 0 0 1 0 0 0 0 0 1
2014   2 28  4  1 17 716942  -27.05957  -43.99266     6003  71.6  2  0  6 11 0 0 1 1 1 0 0 1 0 0 1 0 0 1
2014   2 28  4  1 17 790512  -27.03645  -43.82762     5998  67.6  2  0  6 15 0 0 1 0 1 0 0 1 0 1 1 0 0 1
2014   2 28  4  1 17 807331  -27.03800  -44.01047     5849  68.2  2  0  6 11 0 0 1 1 1 0 0 1 0 0 1 0 0 1
2014   2 28  4  1 17 822685  -26.97248  -44.02514     4125  70.4  2  0  7 20 0 0 1 1 1 0 0 1 0 1 1 0 0 1
2014   2 28  4  1 18 149687  -26.98143  -44.06348     4247  72.0  2  0  7 19 0 0 1 1 1 0 0 1 0 1 1 0 0 1
2014   2 28  4  1 18 576715  -24.48538 -137.46857    57870 117.9  2  0  6 15 0 0 1 1 1 0 0 1 0 0 1 0 0 1
2014   2 28  4  1 19  16308  -22.29668 -142.78821    24703 102.0  2  0  6 15 0 0 1 1 0 0 0 1 0 0 1 1 0 1
2014   2 28  4  1 19 313593    0.21863  -14.20234    10322 106.0  2  0  6 15 0 0 1 0 0 0 0 1 1 1 1 0 0 1
2014   2 28  4  1 19 895141  -26.88529  -43.91233     4650  83.2  2  0  7 17 0 0 1 1 1 0 0 1 0 1 1 0 0 1
2014   2 28  4  1 21 463642  -27.21759  -43.40818     2932   7.0  0  0  5  8 0 0 1 1 0 0 0 1 0 1 0 0 0 1
2014   2 28  4  1 21 597004   32.92464 -172.77010    15473  22.6  1  0  4  6 0 0 1 1 0 0 0 0 0 0 0 1 0 1
2014   2 28  4  1 22 162233    4.63797  -72.28660     4074  47.7  0  0  7 21 0 0 1 1 1 0 0 1 0 1 0 1 0 1
2014   2 28  4  1 22 171777    4.62260  -72.81544     4200   9.3  0  0  5 10 0 0 0 1 1 0 0 1 0 0 0 1 0 1
2014   2 28  4  1 22 766758  -27.10604  -43.55235     3019  21.1  0  0  6 12 0 0 1 1 0 0 0 1 0 1 0 1 0 1
2014   2 28  4  1 22 943597  -27.24976  -43.40767     4739  57.8  1  0  6 11 0 0 1 1 1 0 0 1 0 1 0 0 0 1
2014   2 28  4  1 23 558136  -27.19914  -43.58271     2577   8.8  0  0  6 15 0 0 1 1 1 0 0 1 0 1 0 0 0 1
2014   2 28  4  1 26 964941  -19.82509  -48.05630     3944  68.2  2  0  6 14 0 0 1 1 1 0 0 1 0 1 0 1 0 0
2014   2 28  4  1 27 950434  -23.93293  -45.47114     4449  56.4  2  0  5 10 0 0 1 1 1 0 0 1 0 0 0 0 0 1
2014   2 28  4  1 28 224055  -13.76811  159.61960    13225  68.5  2  0  6 15 0 0 1 1 1 0 0 1 0 0 0 1 0 1
2014   2 28  4  1 28 249243  -27.22202  -43.79656     4812  33.6  1  0  5  7 0 0 1 1 1 0 0 1 0 0 0 0 0 1
2014   2 28  4  1 28 303276  -27.12092  -43.84043     3612  15.6  0  0  5  7 0 0 1 1 1 0 0 1 0 0 0 0 0 1
2014   2 28  4  1 28 477081  -20.53860  -49.77834     3806  34.0  1  0  5  8 0 0 0 1 1 0 0 1 0 1 0 0 0 1
2014   2 28  4  1 28 558522  -23.20450   59.11535    23289  22.9  0  0  5 10 0 0 1 1 1 0 0 0 0 1 0 0 0 1
2014   2 28  4  1 28 875438  -16.31433  165.81032    98982  70.1  2  0  5 10 0 0 1 1 1 0 0 0 0 0 0 1 0 1
2014   2 28  4  1 29   4325    6.46866  -78.89947     5703  38.4  0  0  7 21 0 0 0 1 1 0 0 1 0 1 0 1 1 1
2014   2 28  4  1 29 108203    6.13094  -78.19268    13230  53.8  2  0  5 10 0 0 0 1 1 0 0 1 0 0 0 1 0 1
2014   2 28  4  1 29 904030  -15.99288  -50.65995     4841  89.8  2  0  6 14 0 0 1 1 1 0 0 1 0 0 0 1 0 1
2014   2 28  4  1 30 373085  -27.09744  -43.95300     3877  23.3  0  0  5  8 0 0 1 1 1 0 0 1 0 0 0 0 0 1
2014   2 28  4  1 32 502309  -13.47875  160.13318    21493 126.2  2  0  7 21 0 0 1 1 1 0 0 1 0 1 0 1 0 1
2014   2 28  4  1 32 840922    6.75741  -91.19978    11447   3.3  0  0  4  6 0 0 0 1 0 0 0 0 0 1 0 1 0 1
2014   2 28  4  1 32 922726  -20.18649  -47.31359     4100 107.6  2  0  7 19 0 0 1 1 1 0 0 1 0 1 0 1 0 1
2014   2 28  4  1 33 286965   27.08744  113.10038     3414  11.6  0  0  4  6 0 0 1 0 0 0 0 1 0 0 0 1 0 1
2014   2 28  4  1 33 745309  -27.02735  -44.16520     8802  28.6  0  0  5  7 0 0 0 1 1 0 0 1 0 1 0 0 0 1
2014   2 28  4  1 33 916812  -27.04790  -44.16198     4364  31.8  1  0  5  8 0 0 1 1 1 0 0 1 0 0 0 0 0 1
2014   2 28  4  1 33 971899  -27.05386  -44.15646     4330  31.2  1  0  5  8 0 0 1 1 1 0 0 1 0 0 0 0 0 1
2014   2 28  4  1 34 683816  -13.50914  -53.51745     5446 110.0  2  0  6 14 0 0 1 1 0 0 0 1 0 1 0 1 0 1
2014   2 28  4  1 35 513760  -41.97441  -66.58511     7576  42.9  1  0  5 10 0 0 1 1 1 0 0 1 0 0 0 0 0 1
2014   2 28  4  1 35 538601   -5.71829  171.44150     8318   1.7  0  0  4  6 0 0 1 1 0 0 0 1 0 0 0 1 0 0
2014   2 28  4  1 38 354571  -27.23797  -43.45501     2887   5.6  0  0  5 10 0 0 1 1 1 0 0 1 0 0 0 0 0 1
2014   2 28  4  1 39 123244  -13.72378  159.11464     6185  38.8  0  0  6 14 0 0 1 1 1 0 0 1 0 0 0 1 0 1
2014   2 28  4  1 40 349661   -5.72465  -74.69367     7017  22.1  1  0  4  6 0 0 0 1 0 0 0 1 0 0 0 1 0 1
2014   2 28  4  1 40 865308  -24.32458  -45.34627     3180  35.8  0  0  6 15 0 0 1 1 0 0 0 1 0 1 0 1 0 1
2014   2 28  4  1 41  59899  -27.18203  -43.63514     3153   9.2  0  0  5  8 0 0 1 1 1 0 0 1 0 0 0 0 0 1
2014   2 28  4  1 41  86408  -27.18618  -43.62884     3402   7.3  0  0  4  6 0 0 1 1 1 0 0 1 0 0 0 0 0 0
2014   2 28  4  1 41 183255  -27.18341  -43.63597     3184   7.9  0  0  5  7 0 0 1 1 1 0 0 1 0 0 0 0 0 1
2014   2 28  4  1 41 193600  -27.17368  -43.63334     3177   6.8  0  0  5  7 0 0 1 1 1 0 0 1 0 0 0 0 0 1
2014   2 28  4  1 41 374569  -16.91093  -51.01855     2923  48.9  0  0  7 21 0 0 1 1 1 0 0 1 0 1 0 1 0 1
2014   2 28  4  1 41 446389  -24.67395   50.51879    37847  66.1  2  0  5  9 0 0 1 1 1 0 0 1 0 0 0 0 0 1
2014   2 28  4  1 41 864190  -27.10907  -43.46873     3209   9.0  0  0  5  7 0 0 1 1 1 0 0 1 0 0 0 0 0 1
2014   2 28  4  1 43 394959  -22.52868  -47.45229     3684  69.3  2  0  6 15 0 0 1 1 1 0 0 1 0 1 0 0 0 1
2014   2 28  4  1 44 236083  -11.82034  -57.48394     4460  76.7  2  0  6 14 0 0 1 1 1 0 0 1 0 0 0 1 0 1
2014   2 28  4  1 44 711586  -30.09863 -165.55457    34858  98.1  2  0  6 15 0 0 1 1 0 0 0 1 0 1 0 1 0 1
2014   2 28  4  1 46 739489  -27.10591  -43.97887     3024  13.2  0  0  5  8 0 0 1 1 1 0 0 1 0 1 0 0 0 0
2014   2 28  4  1 48 192132  -27.64484  -44.06720     2975  24.5  0  0  6 14 0 0 1 1 1 0 0 1 0 1 0 0 0 1
2014   2 28  4  1 49  54174  -27.05796  -44.10257     4154  24.1  0  0  5  7 0 0 1 1 1 0 0 1 0 0 0 0 0 1
2014   2 28  4  1 49  87991  -27.06632  -44.08721     4881  24.5  0  0  5  8 0 0 1 0 1 0 0 1 0 1 0 0 0 1
2014   2 28  4  1 51 404212  -27.04130  -43.90762     3865  22.2  0  0  5  7 0 0 1 1 1 0 0 1 0 0 0 0 0 1
2014   2 28  4  1 52 172395  -22.88553 -135.17052    13618  48.5  1  0  6 15 0 0 1 1 1 0 0 1 0 0 1 1 0 0
2014   2 28  4  1 52 447465  -27.21091  -43.47194     3295  34.1  0  0  7 20 0 0 1 1 1 0 0 1 1 0 1 0 0 1
2014   2 28  4  1 52 455192  -27.23512  -43.33169     2753   8.5  0  0  6 12 0 0 1 1 1 0 0 1 0 0 1 0 0 1
2014   2 28  4  1 52 466944  -27.22060  -43.33713     3064   5.1  0  0  5  7 0 0 1 1 1 0 0 0 0 0 1 0 0 1
2014   2 28  4  1 52 527078  -27.21516  -43.46039     3030  23.8  0  0  7 21 0 0 0 1 1 0 0 1 1 1 1 0 0 1
2014   2 28  4  1 53 264922   -5.68329  -42.84613     3103   6.6  0  0  5 10 0 0 0 1 1 0 0 1 0 0 1 0 0 1
2014   2 28  4  1 53 841460  -26.33746   17.59168    10459   4.4  0  0  5 10 0 0 1 1 1 0 0 0 0 0 1 0 0 1
2014   2 28  4  1 54 201009  -17.03756 -137.03474    36168  55.9  2  0  5 10 0 0 1 1 0 0 0 1 0 0 1 0 0 1
2014   2 28  4  1 55 242038  -19.81219 -141.99435    14412  43.5  1  0  6 14 0 0 1 1 1 0 0 1 0 0 1 1 0 0
2014   2 28  4  1 55 272051  -21.03843 -138.89717    11784  16.8  0  0  6 15 0 0 1 1 1 0 0 1 0 0 1 0 0 1
2014   2 28  4  1 55 378628  -25.02549  -45.27754     2656  15.5  0  0  6 15 0 0 1 1 1 0 0 1 0 1 1 0 0 0
2014   2 28  4  1 55 596036  -19.89357 -140.88957     8945  22.7  0  0  6 14 0 0 1 1 1 0 0 0 0 0 1 1 0 1
2014   2 28  4  1 55 666394  -25.02735  -45.33102     3669  27.0  0  0  5  9 0 0 0 1 1 0 0 1 0 0 1 0 0 1
2014   2 28  4  1 55 922570  -11.65049  168.28894     7966  24.2  0  0  6 15 0 0 0 1 1 0 0 1 0 0 1 1 0 1
2014   2 28  4  1 56 107648  -11.73445  -56.86636     5608  30.3  1  0  5  8 0 0 0 1 1 0 0 1 0 0 1 0 0 1
2014   2 28  4  1 56 139992  -10.15950  155.02644    96615  49.7  1  0  5 10 0 0 1 1 0 0 0 1 0 0 1 0 0 1
2014   2 28  4  1 56 734691  -27.11982  -43.36610     3528  14.4  0  0  5  7 0 0 1 1 1 0 0 1 0 0 0 0 0 1
2014   2 28  4  1 56 752926  -27.20517  -43.62151     3095  13.8  0  0  5 10 0 0 1 1 1 0 0 1 0 0 0 0 0 1
2014   2 28  4  1 56 978877  -27.11170  -43.58582     5739  60.0  2  0  6 14 0 0 1 0 1 0 0 1 0 1 1 0 0 1
2014   2 28  4  1 57 103362  -12.25049  -72.75434     3434  43.5  0  0  7 21 0 0 1 0 1 0 0 1 0 1 1 1 0 1
2014   2 28  4  1 57 400853  -15.12185 -141.39694    12235  37.3  0  0  6 13 0 0 1 1 1 0 0 1 0 0 1 1 0 0
2014   2 28  4  1 57 496716  -15.16075 -140.97119    12383  42.4  1  0  6 15 0 0 1 1 1 0 0 0 0 0 1 1 0 1
2014   2 28  4  1 57 557290  -20.12843  -47.14486     4500  36.4  1  0  5  7 0 0 1 1 1 0 0 0 0 1 1 0 0 0
2014   2 28  4  1 57 615120  -20.21559  -46.99737     3229  56.6  1  0  7 21 0 0 1 1 1 0 0 1 0 0 1 1 0 1
2014   2 28  4  1 57 796527  -20.18778  -46.97133     4218  49.5  1  0  6 12 0 0 1 0 1 0 0 1 0 1 1 0 0 1
2014   2 28  4  1 58 689576  -28.25393 -132.64185    33681  43.5  1  0  5 10 0 0 1 1 1 0 0 1 0 0 1 0 0 0
2014   2 28  4  1 58 735960  -27.22540 -135.78970    25045  63.2  2  0  5 10 0 0 1 0 0 0 0 1 0 0 1 1 0 1
2014   2 28  4  1 58 788827  -27.25624 -135.75041    18527  70.2  2  0  6 15 0 0 1 1 1 0 0 1 0 0 0 1 0 1
2014   2 28  4  1 58 998532   -5.94137   35.49298    17229  42.2  1  0  5  8 0 0 1 0 1 0 0 0 0 0 1 1 0 1
2014   2 28  4  1 59 320463  -29.02264 -135.53564    15802  65.9  1  0  7 20 0 0 1 1 1 0 0 1 0 0 1 1 0 1
2014   2 28  4  1 59 350413  -28.65724 -135.44653    19989  59.9  1  0  6 14 0 0 1 1 1 0 0 0 0 0 1 1 0 1
2014   2 28  4  1 59 436019  -28.48546 -137.66525    16299  40.6  1  0  5 10 0 0 1 1 0 0 0 1 0 0 1 1 0 0
2014   2 28  4  1 59 960399    6.19351  -78.67873    13004  42.8  1  0  5  8 0 0 0 1 1 0 0 1 0 0 0 1 0 1
2014   2 28  4  2  0 123046  -27.08916  -43.72559     3634  39.6  0  0  6 13 0 0 1 1 1 0 0 1 0 1 1 0 0 0
2014   2 28  4  2  0 310984  -27.14664  -43.66873     4875  28.8  0  0  5  7 0 0 1 1 1 0 0 1 0 0 1 0 0 0
2014   2 28  4  2  0 357427  -26.96613  -43.77445     4178  18.4  0  0  5  7 0 0 0 1 1 0 0 1 0 0 1 0 0 1
2014   2 28  4  2  1 124591    0.56390  156.55460    12232  70.0  2  0  6 15 0 0 1 1 1 0 0 1 0 0 1 1 0 0
2014   2 28  4  2  1 716533  -26.96593  -44.02063     4417  46.9  1  0  5  8 0 0 1 1 0 0 0 1 0 1 0 1 0 0
2014   2 28  4  2  2 631489  -27.06580  -43.72368     5846  36.6  1  0  5  7 0 0 1 1 0 0 0 1 0 0 1 0 0 1
2014   2 28  4  2  3 561546  -22.36731  -48.69172     4012  50.3  2  0  5  9 0 0 0 1 0 0 0 1 0 1 1 1 0 0
2014   2 28  4  2  3 584211  -22.59431  -48.36437     4041 108.2  2  0  7 20 0 0 1 1 1 0 0 1 0 1 1 0 0 1
2014   2 28  4  2  3 606447  -22.70839  -48.04609     3991  71.3  2  0  6 14 0 0 1 1 1 0 0 1 0 0 1 0 0 1
2014   2 28  4  2  3 646694  -22.67658  -48.20841     4511  89.0  2  0  6 15 0 0 1 1 1 0 0 1 0 0 1 0 0 1
2014   2 28  4  2  3 961002  -27.17721  -43.98053     4816  76.3  2  0  7 17 0 0 1 1 1 0 0 1 0 0 1 1 0 1
2014   2 28  4  2  4 210599   14.53419  -90.85435    14850 141.1  2  0  7 21 0 0 1 1 0 0 0 1 0 1 1 1 0 1
2014   2 28  4  2  6 830318  -43.79982  -58.58522     6737  26.0  0  0  5  9 0 0 1 1 1 0 0 1 0 0 0 0 0 1
2014   2 28  4  2  7 174244  -22.78595  -47.43464     5378 111.4  2  0  6 13 0 0 1 1 0 0 0 1 0 1 1 0 0 1
2014   2 28  4  2  8 117605  -33.18803 -118.53426    14806  17.9  0  0  5 10 0 0 1 1 1 0 0 1 0 0 1 0 0 0
2014   2 28  4  2  8 210575  -17.91962 -137.25827     8556  20.6  0  0  5  9 0 0 1 1 1 0 0 1 0 0 0 1 0 0
2014   2 28  4  2  8 303445  -24.37819  -45.11051     2595  10.7  0  0  6 15 0 0 1 1 1 0 0 1 0 0 1 0 0 1
2014   2 28  4  2  8 460205   -5.92077    8.33601    26068   1.3  0  0  4  6 0 0 1 1 0 0 0 0 0 0 1 0 0 1
2014   2 28  4  2  8 661282  -27.28014  -43.31750     2450   6.5  0  0  7 19 0 0 1 1 1 0 0 1 0 1 1 0 0 1
2014   2 28  4  2 10 503583   -5.71163  -74.40742     4493  21.4  0  0  6 15 0 0 0 1 1 0 0 0 0 1 1 1 0 1
2014   2 28  4  2 10 587477  -21.91420  -48.70554     2475  19.6  0  0  7 21 0 0 1 1 0 0 0 1 0 1 1 1 1 0
2014   2 28  4  2 10 597543  -21.95478  -48.63517     2664  30.6  0  0  7 19 0 0 1 1 1 0 0 1 0 0 1 1 0 1
2014   2 28  4  2 10 835124  -13.98247  159.34540     9294  27.0  0  0  5 10 0 0 1 1 0 0 0 1 0 0 1 1 0 0
2014   2 28  4  2 11 460668  -27.25529  -43.46093     3236  19.5  0  0  6 12 0 0 1 1 1 0 0 1 0 0 1 0 0 1
2014   2 28  4  2 12 421793    2.66515  -67.63502     4297  27.9  0  0  5  9 0 0 0 1 1 0 0 1 0 0 1 1 0 0
2014   2 28  4  2 13  27750  -13.76274  159.34427     9946  17.2  0  0  4  6 0 0 1 1 0 0 0 1 0 0 0 1 0 0
2014   2 28  4  2 13 509615    2.14588  -67.83738     4679  27.3  0  0  5  9 0 0 0 0 1 0 0 1 0 0 1 1 0 1
2014   2 28  4  2 13 636016  -27.49031 -136.19701    13828  58.8  1  0  7 21 0 0 1 1 1 0 0 1 0 0 1 1 0 1
2014   2 28  4  2 13 717945    7.76800  -74.10181     8070  35.9  1  0  5  8 0 0 0 1 0 0 0 1 0 0 1 1 0 1
2014   2 28  4  2 14 945880  -12.99136  -74.15691     4708  15.8  0  0  4  6 0 0 0 1 0 0 0 1 0 0 1 1 0 0
2014   2 28  4  2 15  90570  -12.96550  -73.81083     4483  37.6  1  0  5 10 0 0 1 0 0 0 0 1 0 0 1 1 0 1
2014   2 28  4  2 15 259420    6.33799  -77.25284     7724  58.4  1  0  6 15 0 0 0 1 0 0 0 1 0 1 1 1 0 1
2014   2 28  4  2 16  21269  -32.68509  -42.53345     4919  64.4  1  0  7 20 0 0 1 1 1 0 0 1 0 0 1 1 0 1
2014   2 28  4  2 16  44234  -32.71126  -42.52794     5260  53.5  1  0  6 15 0 0 1 1 1 0 0 1 0 0 1 0 0 1
2014   2 28  4  2 16  64349  -25.24281  -45.07814     3673  44.9  1  0  6 15 0 0 1 1 1 0 0 1 0 0 1 0 0 1
2014   2 28  4  2 16  84204  -32.73711  -42.37717     6819  51.6  2  0  5 10 0 0 1 0 0 0 0 1 0 1 1 0 0 1
2014   2 28  4  2 16 167647  -32.71882  -42.19447     6340  40.7  1  0  5 10 0 0 1 0 1 0 0 0 0 1 1 0 0 1
2014   2 28  4  2 16 226655  -32.59428  -42.91178     3662   9.6  0  0  4  6 0 0 1 1 1 0 0 0 0 1 0 0 0 0
2014   2 28  4  2 16 362007  -32.64170  -42.63050     5192  60.8  2  0  6 15 0 0 1 1 1 0 0 0 0 1 1 0 0 1
2014   2 28  4  2 16 863583  -22.03509  -48.34707     3795  19.0  0  0  4  6 0 0 1 0 0 0 0 1 0 1 1 0 0 0
2014   2 28  4  2 17 206554  -30.48856  -43.19994     4113  11.8  0  0  4  6 0 0 1 1 1 0 0 1 0 0 0 0 0 0
2014   2 28  4  2 17 215703  -30.51605  -42.96887     4695  57.6  1  0  6 15 0 0 1 1 1 0 0 1 0 1 1 0 0 0
2014   2 28  4  2 17 724762    2.67661  -67.67357     5731  69.9  2  0  6 15 0 0 0 1 1 0 0 1 0 0 1 1 0 1
2014   2 28  4  2 18 425067  -22.38569  -47.94552     3811  64.1  2  0  6 13 0 0 1 1 1 0 0 1 0 0 1 0 0 1
2014   2 28  4  2 18 468341  -10.95681    7.10250    59064  59.6  2  0  5 10 0 0 1 1 1 0 0 0 0 0 1 0 0 1
2014   2 28  4  2 18 907621   -5.66617  -53.97445     3593  76.7  2  0  7 21 0 0 1 1 1 0 0 1 0 0 1 1 0 1
2014   2 28  4  2 18 934963   -5.58647  -54.05048     2967   4.1  0  0  4  6 0 0 1 1 0 0 0 0 0 0 1 1 0 0
2014   2 28  4  2 19 147220   -8.76655    1.47207    66159  62.7  2  0  5 10 0 0 1 1 1 0 0 0 0 0 1 0 0 1
2014   2 28  4  2 19 491653  -16.82643  -51.19828     3717  84.5  2  0  7 21 0 0 1 1 0 0 0 0 0 1 1 1 1 1
2014   2 28  4  2 21  36210  -20.41978  -46.93185     4504  96.2  2  0  6 15 0 0 1 1 0 0 0 1 0 1 1 0 0 1
2014   2 28  4  2 21 373508  -32.73213  -41.90041     7290  93.0  2  0  7 16 0 0 1 1 1 0 0 1 0 0 1 1 0 1
2014   2 28  4  2 21 394941  -32.65831  -42.01914     7103  96.2  2  0  6 15 0 0 1 1 1 0 0 0 0 1 1 0 0 1
2014   2 28  4  2 21 547058  -32.63507  -42.51709     4965  16.6  0  0  4  6 0 0 1 1 1 0 0 1 0 0 0 0 0 0
2014   2 28  4  2 21 566046  -26.99023  -43.93629     5344  68.7  2  0  6 13 0 0 1 1 1 0 0 1 0 0 1 0 0 1
2014   2 28  4  2 21 664299  -26.91467  -44.00724     4054  65.9  1  0  7 19 0 0 1 1 1 0 0 1 0 1 1 0 0 1
2014   2 28  4  2 22 278658  -27.08138  -43.98501     5029  87.4  2  0  7 17 0 0 1 1 1 0 0 1 0 1 1 0 0 1
2014   2 28  4  2 22 334696  -27.05804  -44.05381     5725  71.0  2  0  6 12 0 0 1 1 1 0 0 1 0 0 1 0 0 1
2014   2 28  4  2 23 393528    4.99451  -73.37930    11625 117.6  2  0  6 14 0 0 0 1 1 0 0 1 0 0 1 1 0 1
2014   2 28  4  2 24 189481  -20.23858  -46.92074     2287  10.0  0  0  7 21 0 0 1 1 1 0 0 1 0 1 1 0 0 1
2014   2 28  4  2 24 250135  -27.25823  -43.31687     2767  12.2  0  0  6 13 0 0 1 1 1 0 0 1 0 1 0 0 0 1
2014   2 28  4  2 24 282556  -27.23079  -43.32040     3552  10.4  0  0  5  8 0 0 0 1 1 0 0 1 0 0 1 0 0 1
2014   2 28  4  2 24 322833  -13.93797  160.40599    12189  41.2  1  0  5 10 0 0 1 1 0 0 0 1 0 0 1 1 0 0
2014   2 28  4  2 24 341237  -13.42081  159.29218    10299  15.3  0  0  4  6 0 0 1 0 0 0 0 1 0 0 1 1 0 0
2014   2 28  4  2 24 395929    4.32210    7.63855    13176   8.7  0  0  5  9 0 0 1 0 1 0 0 1 0 0 1 0 0 1
2014   2 28  4  2 24 568934  -19.68446 -140.09752    51793  18.6  0  0  5  7 0 0 0 1 1 0 0 0 1 0 0 1 0 1
2014   2 28  4  2 24 755957    2.59139  -67.48487     2770  10.6  0  0  6 15 0 0 1 1 1 0 0 0 0 0 1 1 0 1
2014   2 28  4  2 25 164796  -14.29395  161.46017    11019  34.4  1  0  5 10 0 0 1 1 0 0 0 1 0 0 1 1 0 0
2014   2 28  4  2 25 234130  -15.18325  163.77779    73897  35.1  1  0  4  6 0 0 1 1 0 0 0 0 0 0 1 1 0 0
2014   2 28  4  2 25 309908   -7.68937  158.45099    11020  41.8  1  0  5 10 0 0 1 1 0 0 0 1 0 0 1 1 0 0
2014   2 28  4  2 25 815503  -23.08572  -47.33651     3029  24.6  0  0  5 10 0 0 1 1 1 0 0 0 0 1 1 0 0 0
2014   2 28  4  2 25 853353  -14.22953  161.30130     9118  36.9  0  0  6 15 0 0 1 1 1 0 0 1 0 0 1 1 0 0
2014   2 28  4  2 26  74794  -20.60513  -47.03460     3110  66.2  1  0  7 21 0 0 1 1 1 0 0 1 0 1 0 1 0 1
2014   2 28  4  2 26 363517  -17.89808  165.77927   141430  35.7  1  0  5  9 0 0 1 1 1 0 0 1 0 0 1 0 0 0
2014   2 28  4  2 26 874676   -2.32097  -71.53636     9544  24.2  0  0  5 10 0 0 0 1 1 0 0 1 0 0 1 0 0 1
2014   2 28  4  2 26 904279  -12.26970  170.53683     8267  33.2  0  0  7 21 0 0 1 1 1 0 0 1 0 0 1 1 0 1
2014   2 28  4  2 27  19691  -16.23232  -50.59912     3282  68.6  1  0  7 21 0 0 0 1 0 0 0 1 0 1 1 1 1 1
2014   2 28  4  2 27  27246  -16.20242  -50.53791     2800  23.0  0  0  6 15 0 0 1 1 1 0 0 1 0 0 1 0 0 1
2014   2 28  4  2 27  63956  -16.16024  -50.60593     2737  33.9  0  0  7 21 0 0 1 1 1 0 0 1 0 0 1 1 0 1
2014   2 28  4  2 27  80693  -16.21453  -50.56880     2987  18.2  0  0  5 10 0 0 1 1 1 0 0 1 0 0 0 0 0 1
2014   2 28  4  2 27 109386  -16.13948  -50.61285     2615  29.2  0  0  7 21 0 0 1 1 1 0 0 0 0 1 1 1 0 1
2014   2 28  4  2 27 285824   -5.07555  -74.86458     5146  34.8  0  0  6 14 0 0 0 1 0 0 0 1 0 1 1 1 0 1
2014   2 28  4  2 27 371052   -2.39700  -71.54049    11746  29.3  0  0  5  9 0 0 0 1 1 0 0 1 0 0 1 0 0 1
2014   2 28  4  2 27 437843  -22.87467  -47.57957     3344  44.2  1  0  6 14 0 0 1 1 1 0 0 1 0 0 1 0 0 1
2014   2 28  4  2 27 455815  -22.85907  -47.49306     3043  23.6  0  0  5  9 0 0 0 1 1 0 0 1 0 0 1 0 0 1
2014   2 28  4  2 27 517473   -2.06838    9.71711    60275  23.0  1  0  4  6 0 0 1 1 0 0 0 0 0 0 1 0 0 1
2014   2 28  4  2 28 943867  -13.66866  159.90376    12830  46.6  1  0  5 10 0 0 1 1 1 0 0 1 0 0 0 1 0 0
2014   2 28  4  2 29  45100  -16.08647  165.75815    68354  31.4  1  0  4  6 0 0 1 1 1 0 0 0 0 0 0 1 0 0
2014   2 28  4  2 29 322350  -23.79206  -47.01288     4090  62.9  2  0  6 15 0 0 1 1 0 0 0 1 0 0 1 1 0 1
2014   2 28  4  2 29 717309  -23.81321  -46.84598     5032  62.4  2  0  5 10 0 0 0 1 1 0 0 1 0 0 1 0 0 1
2014   2 28  4  2 29 774466    4.20928  -71.91016     6773  47.5  0  0  7 21 0 0 1 1 1 0 0 1 0 1 1 0 0 1
2014   2 28  4  2 29 852425   -5.21270  -71.29430     8856  68.1  2  0  6 11 0 0 0 1 1 0 0 1 0 1 0 1 0 1
2014   2 28  4  2 30 165853  -27.01088  -43.65361     4473  17.4  0  0  5  7 0 0 0 1 1 0 0 1 0 0 1 0 0 1
2014   2 28  4  2 30 736543  -22.75568  -48.20749     3466  51.0  1  0  6 15 0 0 1 1 1 0 0 1 0 0 1 0 0 1
2014   2 28  4  2 31 575400  -27.26135  -43.61203     5266  45.1  1  0  6 11 0 0 1 1 1 0 0 1 0 0 1 0 0 1
2014   2 28  4  2 31 794590   -4.67390  -69.31363     6195  44.6  1  0  5 10 0 0 0 1 0 0 0 1 0 1 0 1 0 1
2014   2 28  4  2 32  36807   -4.57381  -69.01074     5054  71.0  2  0  7 21 0 0 0 1 1 0 0 1 0 1 1 1 0 1
2014   2 28  4  2 32 124434   -4.56120  -69.03014     6369  69.2  2  0  6 14 0 0 0 1 1 0 0 1 0 0 1 1 0 1
2014   2 28  4  2 32 870127  -26.91145  -43.87556     3769  23.8  0  0  5 10 0 0 0 1 1 0 0 1 0 0 1 0 0 1
2014   2 28  4  2 33 149606  -13.56272  159.05809     8547   1.6  0  0  4  6 0 0 1 0 0 0 0 1 0 0 1 1 0 0
2014   2 28  4  2 33 311516  -27.03763  -43.73813     5847  77.9  2  0  7 16 0 0 1 1 1 0 0 1 0 0 1 1 0 1
2014   2 28  4  2 33 753584  -26.77732  -43.98734     3342  26.7  0  0  6 14 0 0 0 1 1 0 0 1 0 1 1 0 0 1
2014   2 28  4  2 34 974509  -33.86735   -1.42538    33631  26.1  0  0  5  9 0 0 0 1 1 0 0 0 0 1 1 0 0 1
2014   2 28  4  2 35  25654  -33.58345   16.70377    25687  83.7  2  0  6 15 0 0 1 1 1 0 0 1 0 0 1 0 0 1
2014   2 28  4  2 35 203589  -16.80895  -50.94722     4582  34.4  1  0  5 10 0 0 1 1 1 0 0 0 0 0 1 0 0 1
2014   2 28  4  2 35 306956  -16.25370  -51.30875     4713  86.3  2  0  6 15 0 0 1 1 1 0 0 1 0 0 1 0 0 1
2014   2 28  4  2 36 614337    5.82086  153.73584    25292 107.8  2  0  6 15 0 0 1 1 1 0 0 1 0 1 1 0 0 0
2014   2 28  4  2 37 656476  -27.05784  -44.11423     3299  30.4  0  0  6 13 0 0 1 1 1 0 0 1 0 1 0 0 0 1
2014   2 28  4  2 37 680942  -27.08066  -44.11467     3695  12.1  0  0  4  6 0 0 1 1 1 0 0 1 0 0 0 0 0 0
2014   2 28  4  2 39 188628  -26.82038  -44.11024     6118 107.1  2  0  7 16 0 0 1 1 1 0 0 1 0 0 1 1 0 1
2014   2 28  4  2 39 425366  -26.92837  -44.19912     4318  38.3  1  0  5  9 0 0 1 1 0 0 0 1 0 1 0 0 0 1
2014   2 28  4  2 39 455615  -26.90751  -44.00573     6873  89.7  2  0  6 11 0 0 1 1 1 0 0 1 0 0 1 0 0 1
2014   2 28  4  2 40  53088   -7.47983  151.92453    61487  45.9  1  0  5 10 0 0 1 1 1 0 0 1 0 0 1 0 0 0
2014   2 28  4  2 40 600546  -14.05736  159.84216    13422  42.9  1  0  5  9 0 0 1 1 0 0 0 1 0 0 1 1 0 0
2014   2 28  4  2 40 603898  -27.28267  -43.10090     3021  14.4  0  0  6 13 0 0 1 1 1 0 0 1 0 0 1 0 0 1
2014   2 28  4  2 40 649745  -14.15061  160.08025    12412  42.2  1  0  5 10 0 0 1 1 0 0 0 1 0 0 1 1 0 0
2014   2 28  4  2 40 723554   14.25165  -90.45172     7260  44.3  1  0  6 15 0 0 1 0 1 0 0 1 0 0 1 1 0 1
2014   2 28  4  2 40 917178   -5.97013  -58.86697     3174   3.6  0  0  4  6 0 0 0 1 0 0 0 1 0 0 0 1 0 1
2014   2 28  4  2 41 289003    4.03372    7.57919    42803  12.6  0  0  5  9 0 0 1 1 1 0 0 0 0 0 1 0 0 1
2014   2 28  4  2 41 622465    8.64044  -73.13235     4138  19.5  0  0  6 15 0 0 0 1 1 0 0 1 0 0 1 1 0 1
2014   2 28  4  2 41 649068    4.61190  -72.48444     3674  18.2  0  0  6 15 0 0 0 1 1 0 0 1 0 0 1 1 0 1
2014   2 28  4  2 41 789381  -33.43287  -39.90910     3379  19.9  0  0  6 15 0 0 1 1 1 0 0 1 0 0 1 0 0 1
2014   2 28  4  2 41 922391   -8.60171  -76.39451     3935  27.8  0  0  7 21 0 0 0 1 1 0 0 1 0 1 1 1 0 1
2014   2 28  4  2 42 682138  -27.17684  -43.07963     3756  17.5  0  0  5  9 0 0 1 1 0 0 0 1 0 0 1 0 0 1
2014   2 28  4  2 42 700861  -27.16887  -43.11248     4005  19.2  0  0  5  8 0 0 1 1 1 0 0 1 0 0 1 0 0 0
2014   2 28  4  2 42 723529  -27.14803  -43.13600     3021  18.7  0  0  6 15 0 0 1 1 1 0 0 1 0 0 1 0 0 1
2014   2 28  4  2 42 745003  -27.12197  -43.16518     2786  21.4  0  0  7 19 0 0 1 1 1 0 0 1 0 1 1 0 0 1
2014   2 28  4  2 42 795038  -27.12560  -43.16579     2685  19.4  0  0  7 21 0 0 1 1 1 0 0 1 0 1 1 0 0 1
2014   2 28  4  2 42 825858  -27.12154  -43.17159     2942  21.7  0  0  6 15 0 0 1 1 1 0 0 1 0 1 1 0 0 0
2014   2 28  4  2 43 169723  -27.11538  -43.19422     2781  22.6  0  0  7 20 0 0 1 1 1 0 0 1 0 1 1 0 0 1
2014   2 28  4  2 43 546818   -5.30773    5.96467    39086  27.6  0  0  5 10 0 0 1 1 1 0 0 0 0 0 1 0 0 1
2014   2 28  4  2 44 162764   -5.28073  -74.56190     5798  38.0  0  0  6 13 0 0 0 1 1 0 0 1 0 0 1 1 0 1
2014   2 28  4  2 45  43726    4.82233  -71.81229     6320  51.9  2  0  5  9 0 0 1 1 0 0 0 1 0 0 0 1 0 1
2014   2 28  4  2 45  72635    4.77996  -72.20322     5155  42.1  1  0  6 14 0 0 0 1 1 0 0 1 0 0 1 1 0 1
2014   2 28  4  2 45 426181  -27.18914  -43.59423     3801  33.6  0  0  6 13 0 0 1 1 1 0 0 1 0 0 1 0 0 1
2014   2 28  4  2 45 684493  -27.61913  -43.76042     3266  30.7  0  0  7 21 0 0 0 1 1 0 0 1 0 1 1 1 0 1
2014   2 28  4  2 45 692787  -27.86702  -43.65730     3703  16.5  0  0  5  8 0 0 1 1 1 0 0 1 0 0 0 0 0 1
2014   2 28  4  2 45 975050  -32.30096 -137.48491    19871  79.6  2  0  7 21 0 0 1 0 1 0 0 1 0 1 1 1 0 1
2014   2 28  4  2 46 237837  -23.26004  -47.37632     2889  38.0  0  0  7 21 0 0 1 1 0 0 0 1 0 1 1 1 1 0
2014   2 28  4  2 46 334389  -25.51965  -44.90578     5372  36.7  1  0  5  8 0 0 1 1 0 0 0 1 0 0 1 0 0 1
2014   2 28  4  2 48   4364    5.51998  -85.19478     7741  81.2  2  0  7 19 0 0 1 1 0 0 0 1 0 1 1 1 0 1
2014   2 28  4  2 48 388592  -17.08742  -50.92427     5120  70.4  2  0  6 15 0 0 1 1 1 0 0 0 0 1 1 0 0 1
2014   2 28  4  2 48 545082  -27.15022  -43.57665     3425  15.2  0  0  5  8 0 0 1 1 1 0 0 1 0 0 0 0 0 1
2014   2 28  4  2 48 992960  -15.76056  -50.25018     4771  78.7  2  0  6 14 0 0 0 1 1 0 0 1 0 0 1 1 0 1
2014   2 28  4  2 49 554726   -7.55258   13.01020    40850  85.6  2  0  6 12 0 0 1 1 1 0 0 1 0 0 1 0 0 1
2014   2 28  4  2 50 508392  -20.09745  -50.94046     3639  54.2  1  0  6 12 0 0 1 0 0 0 0 1 0 1 1 1 0 1
2014   2 28  4  2 51 218081  -18.94386 -143.80382    19829  82.7  2  0  6 15 0 0 1 1 1 0 0 1 0 0 1 1 0 0
2014   2 28  4  2 51 239958  -20.55637 -140.57141    50565  71.1  2  0  5 10 0 0 1 1 0 0 0 1 0 0 1 0 0 1
2014   2 28  4  2 51 937301  -13.11751  -72.00862     8627 104.1  2  0  6 15 0 0 0 1 1 0 0 1 0 0 1 1 0 1
2014   2 28  4  2 52 430879  -27.22921  -43.95153     3961  64.6  1  0  7 21 0 0 1 1 1 0 0 1 0 1 1 0 0 1
2014   2 28  4  2 52 477231  -27.25757  -44.07745     4381  26.4  0  0  5  7 0 0 1 1 1 0 0 1 0 0 0 0 0 1
2014   2 28  4  2 52 751555    5.16376  -72.36053     9422 102.6  2  0  6 15 0 0 0 1 1 0 0 1 0 0 1 1 0 1
2014   2 28  4  2 52 783008  -20.09300  -47.43720     3256  67.7  1  0  7 21 0 0 1 1 1 0 0 1 0 1 1 1 0 0
2014   2 28  4  2 52 841806  -20.29385  -47.38403     4086  95.3  2  0  7 16 0 0 1 1 1 0 0 1 0 1 0 1 0 1
2014   2 28  4  2 54 111145  -27.01429  -43.92879     5442  74.2  2  0  6 14 0 0 1 1 1 0 0 1 0 0 1 0 0 1
2014   2 28  4  2 54 163310  -27.02743  -43.91079     5568  74.9  2  0  6 14 0 0 1 1 1 0 0 1 0 0 1 0 0 1
2014   2 28  4  2 54 698650  -33.30600  -41.48722     6686 105.5  2  0  7 21 0 0 1 1 1 0 0 1 0 1 1 0 0 1
2014   2 28  4  2 54 754647  -32.00448  -42.35473     7021  36.5  1  0  5 10 0 0 0 1 1 0 0 1 0 0 1 0 0 1
2014   2 28  4  2 55 764707   -2.86991  -71.59125    13234 122.1  2  0  6 15 0 0 1 1 1 0 0 1 0 0 1 0 0 1
2014   2 28  4  2 55 780770   -2.30919  -72.63497     9776 125.2  2  0  6 15 0 0 0 1 1 0 0 1 0 0 1 1 0 1
2014   2 28  4  2 55 916022   -2.84007  -75.08425     6841  12.7  0  0  4  6 0 0 0 1 0 0 0 0 0 1 0 1 0 1
2014   2 28  4  2 56 208076  -20.35779  -46.73470     2499  10.7  0  0  6 15 0 0 1 1 1 0 0 1 0 0 1 0 0 1
2014   2 28  4  2 56 349806  -20.33376  -46.74881     2852   8.8  0  0  5  7 0 0 1 1 1 0 0 0 0 1 0 1 0 0
2014   2 28  4  2 56 375389  -20.35846  -46.74657     2381  12.9  0  0  7 19 0 0 1 1 1 0 0 1 0 1 1 0 0 1
2014   2 28  4  2 56 512830  -27.24402  -43.11832     3009  12.8  0  0  6 13 0 0 0 1 1 0 0 1 0 1 1 0 0 1
2014   2 28  4  2 56 794740  -22.85972  -47.38876     2644   3.2  0  0  5  7 0 0 0 1 1 0 0 1 0 0 1 0 0 1
2014   2 28  4  2 56 828157  -27.26361  -43.34393     3248  11.6  0  0  5  8 0 0 1 1 1 0 0 1 0 0 1 0 0 0
2014   2 28  4  2 56 927293  -21.46583  -51.54309     2522  15.4  0  0  6 15 0 0 1 1 0 0 0 1 0 1 1 1 0 0
2014   2 28  4  2 56 989347  -27.27253  -43.40248     2547  11.6  0  0  7 19 0 0 1 1 1 0 0 1 0 1 1 0 0 1
2014   2 28  4  2 57   8710  -21.41145  -51.56479     2779  42.0  0  0  7 20 0 0 1 1 0 0 0 1 0 1 1 1 0 1
2014   2 28  4  2 57 521926  -21.44196  -51.63955     2766  15.4  0  0  5 10 0 0 0 1 0 0 0 1 0 0 1 1 0 1
2014   2 28  4  2 57 615204  -21.99869  -48.61361     2483  19.3  0  0  7 18 0 0 1 1 1 0 0 1 0 1 1 0 0 1
2014   2 28  4  2 57 792436  -25.27488  -44.84214     2800  15.0  0  0  6 14 0 0 1 1 1 0 0 1 0 0 1 0 0 1
2014   2 28  4  2 57 873779  -25.28642  -44.86671     2702  13.7  0  0  6 15 0 0 1 1 1 0 0 1 0 0 1 0 0 1
2014   2 28  4  2 58 393353  -25.27482  -44.86877     2634  13.1  0  0  7 16 0 0 1 1 1 0 0 1 0 1 1 0 0 1
2014   2 28  4  2 59 996928  -23.72301  -46.72259     3670  19.4  0  0  4  6 0 0 0 1 0 0 0 1 0 1 1 0 0 0
2014   2 28  4  3  0 682323  -22.54293  -47.44968     2904  46.5  0  0  7 21 0 0 1 1 0 0 0 1 0 1 1 1 0 1
2014   2 28  4  3  1 101544  -27.20681  -43.61370     2668   5.9  0  0  6 11 0 0 1 1 1 0 0 1 0 1 0 0 0 1
2014   2 28  4  3  1 811657  -27.04493  -43.81996     3365  29.7  0  0  7 19 0 0 0 1 1 0 0 1 0 1 1 1 0 1
2014   2 28  4  3  2   7561  -27.17428  -43.72315     4073  26.5  0  0  6 13 0 0 1 0 1 0 0 1 0 1 1 0 0 1
2014   2 28  4  3  2 155207  -28.70932 -135.47314    20447  49.1  1  0  5 10 0 0 1 1 1 0 0 0 0 0 0 1 0 1
2014   2 28  4  3  3 117230    6.00733  -84.59651     6260  75.3  2  0  7 21 0 0 1 1 1 0 0 1 0 0 1 1 0 1
2014   2 28  4  3  3 410348    6.23951  -84.99439     4309   5.4  0  0  5  7 0 0 1 1 0 0 0 1 0 0 1 1 0 0
2014   2 28  4  3  4  78476    7.85015  -73.59367     6262  91.0  2  0  7 21 0 0 1 1 0 0 0 1 0 1 1 1 0 1
2014   2 28  4  3  4 411006  -21.81037  -48.71871     3115   4.3  0  0  4  6 0 0 1 1 0 0 0 1 0 0 1 0 0 0
2014   2 28  4  3  5 380859    4.82149  -72.66980     6872  66.5  2  0  6 15 0 0 0 1 1 0 0 1 0 0 1 1 0 1
2014   2 28  4  3  6 114467  -15.55110  -50.02667     4381  84.3  2  0  6 15 0 0 1 1 1 0 0 0 0 0 1 1 0 1
2014   2 28  4  3  6 127212  -15.70401  -49.89350     4052  65.1  2  0  6 15 0 0 1 1 1 0 0 1 0 0 1 0 0 1
2014   2 28  4  3  6 143490  -15.61285  -50.01278     5565  85.5  2  0  6 13 0 0 1 0 1 0 0 1 0 1 1 1 0 0
2014   2 28  4  3  6 159664  -15.71024  -49.90434     4070  65.6  2  0  6 15 0 0 1 1 1 0 0 1 0 0 1 0 0 1
2014   2 28  4  3  6 402064  -12.89456  157.82346    10764  72.9  2  0  7 21 0 0 1 1 1 0 0 1 0 0 1 1 0 1
2014   2 28  4  3  6 458473  -12.93528  158.22038     6796  13.7  0  0  5 10 0 0 1 1 0 0 0 1 0 0 1 1 0 0
2014   2 28  4  3  6 515947  -12.87917  157.61304    13113  71.5  2  0  6 15 0 0 0 1 1 0 0 1 0 0 1 1 0 1
2014   2 28  4  3  6 865386  -11.68297  169.63116    13801  76.0  2  0  7 21 0 0 1 1 1 0 0 1 0 0 1 1 0 1
2014   2 28  4  3  7  86437    3.82957  -71.80979    31803  95.3  2  0  6 15 0 0 0 1 1 0 0 1 0 1 1 0 0 1
2014   2 28  4  3  7 253522  -19.27058 -143.73997    19118  74.5  2  0  6 15 0 0 1 1 0 0 0 1 0 0 1 1 0 1
2014   2 28  4  3  7 263118  -19.39199 -143.28477    18527  92.0  2  0  7 21 0 0 1 1 1 0 0 1 0 0 1 1 0 1
2014   2 28  4  3  7 284954  -19.05588 -143.38681    16093  81.6  2  0  7 21 0 0 1 1 1 0 0 1 0 0 1 1 0 1
2014   2 28  4  3  7 353492    1.46212  -22.33849     4951  86.2  2  0  7 19 0 0 0 1 1 0 0 1 1 0 1 1 0 1
2014   2 28  4  3  7 646885  -13.65927   -3.41075    16576  88.5  2  0  6 14 0 0 1 1 1 0 0 0 0 0 1 1 0 1
2014   2 28  4  3  8 697899  -11.95504  -57.90450     4986  42.7  1  0  5  8 0 0 0 1 1 0 0 1 0 1 0 1 0 0
2014   2 28  4  3  9  28328  -13.47040  -55.84038     2881  15.9  0  0  5 10 0 0 0 1 1 0 0 0 0 0 1 1 0 1
2014   2 28  4  3 12 476565    3.62954  -72.42249     2881  12.2  0  0  7 19 0 0 1 1 1 0 0 1 0 0 1 1 0 1
2014   2 28  4  3 12 632869  -16.15330  -50.58887     2423   9.6  0  0  7 17 0 0 1 1 1 0 0 0 0 1 1 1 1 0
2014   2 28  4  3 12 643576  -16.18393  -50.53854     2392   4.4  0  0  6 15 0 0 1 1 1 0 0 1 0 0 1 0 0 1
2014   2 28  4  3 12 778097  -16.13465  -50.52284     2550   2.9  0  0  5 10 0 0 0 1 1 0 0 1 0 0 1 0 0 1
2014   2 28  4  3 12 883934  -16.21006  -50.55669     2545   2.3  0  0  5 10 0 0 0 1 1 0 0 1 0 0 1 0 0 1
2014   2 28  4  3 13 161396    5.03840  -72.70474     3837  10.2  0  0  5  9 0 0 0 1 1 0 0 1 0 0 1 1 0 0
2014   2 28  4  3 13 639408  -26.89998 -139.47798     5566  11.0  0  0  7 21 0 0 1 1 1 0 0 0 0 1 1 1 0 1
2014   2 28  4  3 13 641757    7.63762  -73.79561     4593  11.9  0  0  5  9 0 0 0 0 1 0 0 1 0 0 1 1 0 1
2014   2 28  4  3 13 672189  -26.88773 -140.73489    15257  48.9  1  0  6 14 0 0 1 1 1 0 0 1 0 0 1 1 0 0
2014   2 28  4  3 14 173201  -27.21927  -43.47857     2570  14.3  0  0  7 21 0 0 1 1 1 0 0 1 0 1 1 0 0 1
2014   2 28  4  3 14 200148  -27.26239  -43.43315     2769   9.2  0  0  6 13 0 0 1 1 1 0 0 1 0 0 1 0 0 1
2014   2 28  4  3 14 595845  -27.25709  -43.44567     2950  10.4  0  0  6 11 0 0 1 1 1 0 0 1 0 0 1 0 0 1
2014   2 28  4  3 14 615675  -27.24912  -43.44218     3629  11.7  0  0  5  8 0 0 0 1 1 0 0 1 0 0 1 0 0 1
2014   2 28  4  3 16 338521  -13.96704  -74.32784     4825  45.0  0  0  7 21 0 0 0 1 1 0 0 0 0 1 1 1 1 1
2014   2 28  4  3 16 362812  -13.84529  -74.00965     3371  42.2  0  0  7 21 0 0 1 1 1 0 0 0 0 1 1 1 0 1
2014   2 28  4  3 16 375332  -13.91740  -74.07730     5150  13.8  0  0  4  6 0 0 1 1 0 0 0 1 0 0 1 0 0 0
2014   2 28  4  3 16 431250    7.77634  -74.35316     6143  18.4  0  0  5  9 0 0 0 1 1 0 0 1 0 0 0 1 0 1
2014   2 28  4  3 16 554755  -13.99166  -73.92905     5302  30.6  1  0  5 10 0 0 1 1 1 0 0 1 0 0 1 0 0 0
2014   2 28  4  3 17 223907    7.14417  -74.92690     9055  45.6  1  0  6 14 0 0 0 1 1 0 0 0 0 1 1 1 0 1
2014   2 28  4  3 17 224827  -13.96853  159.89861     8017  22.6  0  0  5  9 0 0 1 1 0 0 0 1 0 0 1 1 0 0
2014   2 28  4  3 17 465323   -3.55316    7.14810    45238  29.7  0  0  5 10 0 0 1 1 1 0 0 0 0 0 1 0 0 1
2014   2 28  4  3 18 159842   -5.62323  -74.11956     4335  61.4  1  0  7 21 0 0 1 1 1 0 0 0 0 1 1 1 0 1
2014   2 28  4  3 18 315447    3.96239  -83.47913     7792  23.7  0  0  5  9 0 0 1 0 1 0 0 1 0 1 0 0 0 1
2014   2 28  4  3 18 572815    4.91613  -85.19550    11044  48.6  1  0  6 13 0 0 0 1 1 0 0 1 0 0 1 1 0 1
2014   2 28  4  3 19 181892  -23.06903  -46.35893     3977  68.6  2  0  6 14 0 0 1 1 1 0 0 1 0 1 0 0 0 1
2014   2 28  4  3 19 408542  -16.20035  -51.42485     3654  56.4  1  0  6 15 0 0 1 1 0 0 0 1 0 1 1 0 0 1
2014   2 28  4  3 19 429271  -16.18935  -51.48506     3184  59.3  1  0  7 20 0 0 0 1 1 0 0 1 0 1 1 1 0 1
2014   2 28  4  3 19 450352  -16.20531  -51.14437     2896  13.2  0  0  5 10 0 0 1 0 1 0 0 1 0 0 1 0 0 1
2014   2 28  4  3 19 500823  -16.20555  -51.48280     3218  55.4  1  0  7 18 0 0 0 1 1 0 0 1 0 1 1 1 0 1
2014   2 28  4  3 19 558499  -16.21978  -51.38560     3267  59.6  1  0  7 21 0 0 1 1 1 0 0 1 0 1 1 0 0 1
2014   2 28  4  3 19 965562  -27.00720  -43.56076     3949  46.6  1  0  6 14 0 0 1 1 0 0 0 0 0 1 1 1 0 1
2014   2 28  4  3 19 977178  -27.07053  -43.50769     3123  36.2  0  0  7 21 0 0 1 1 1 0 0 1 0 1 1 0 0 1
2014   2 28  4  3 20   2861  -27.06290  -43.60250     3003  31.8  0  0  7 19 0 0 1 1 1 0 0 1 0 1 0 1 0 1
2014   2 28  4  3 20  69340  -27.04657  -43.53211     3793  48.4  0  0  7 18 0 0 1 1 1 0 0 1 0 0 1 1 0 1
2014   2 28  4  3 20 123944  -26.90772  -43.66685     5786  30.9  1  0  4  6 0 0 0 1 0 0 0 1 0 1 1 0 0 0
2014   2 28  4  3 20 195467  -27.08255  -43.45030     3875  36.5  0  0  6 13 0 0 1 1 1 0 0 1 0 0 1 0 0 1
2014   2 28  4  3 20 239395  -27.12969  -43.43332     5525  34.1  1  0  5  8 0 0 1 1 0 0 0 1 0 0 1 0 0 1
2014   2 28  4  3 20 293398  -26.19728  -44.50149     5380  54.0  1  0  6 11 0 0 1 1 1 0 0 1 0 0 1 0 1 0
2014   2 28  4  3 20 361225  -26.22663  -44.51043     3041  26.3  0  0  6 14 0 0 1 1 1 0 0 1 0 1 0 0 0 1
2014   2 28  4  3 20 434865  -26.18620  -44.48079     3683  48.7  0  0  7 19 0 0 1 1 1 0 0 1 0 0 1 1 0 1
2014   2 28  4  3 21  26630  -26.21527  -44.46271     3896  39.1  0  0  6 13 0 0 1 1 1 0 0 1 0 0 1 0 0 1
2014   2 28  4  3 21 124055  -26.23324  -44.57508     3853  24.8  0  0  5  7 0 0 1 1 0 0 0 1 0 1 0 0 0 1
2014   2 28  4  3 21 454562  -25.79265 -137.11029    20912  43.9  1  0  5  7 0 0 1 1 0 0 0 1 0 0 1 1 0 0
2014   2 28  4  3 21 488035  -22.22170  -47.92828     4214  87.2  2  0  7 16 0 0 1 0 1 0 0 1 0 1 1 1 0 1
2014   2 28  4  3 22 730877  -24.19705  -45.46851     3371  58.9  1  0  7 21 0 0 1 1 1 0 0 1 0 1 1 0 0 1
2014   2 28  4  3 23 275807   -8.07317  -76.33630     6064 115.6  2  0  7 21 0 0 1 1 1 0 0 1 0 1 1 1 0 0
2014   2 28  4  3 23 287552   -7.94507  -76.70766     5242  41.9  1  0  5  9 0 0 1 1 0 0 0 1 0 0 1 1 0 0
2014   2 28  4  3 24 421980  -16.05638   52.19739    70526  76.6  2  0  5 10 0 0 1 1 1 0 0 0 0 0 1 0 0 1
2014   2 28  4  3 24 606214   -5.62251  -74.17641     8202 127.4  2  0  6 15 0 0 1 1 0 0 0 0 0 1 1 1 0 1
2014   2 28  4  3 25 207438  -27.09082  -43.92307     5970  92.7  2  0  6 13 0 0 1 1 1 0 0 1 0 0 1 0 0 1
2014   2 28  4  3 25 233522  -32.50190  -42.88907     6691  93.3  2  0  6 15 0 0 1 1 1 0 0 1 0 1 1 0 0 0
2014   2 28  4  3 25 291922  -27.08113  -43.92195     5534  60.5  2  0  6 11 0 0 1 1 1 0 0 1 0 0 1 0 0 1
2014   2 28  4  3 25 498374  -32.59591  -43.41231     6568  42.3  1  0  5  8 0 0 1 1 1 0 0 1 0 0 0 0 0 1
2014   2 28  4  3 27 268688  -28.62508 -137.50075    27611 110.7  2  0  6 15 0 0 1 1 1 0 0 1 0 0 1 1 0 0
2014   2 28  4  3 27 823639    6.45572  -74.71841     9347 113.1  2  0  7 19 0 0 1 0 1 0 0 1 0 1 1 1 0 1
2014   2 28  4  3 28  41064   -5.78715  -53.67973     2461   8.7  0  0  7 18 0 0 0 1 1 0 0 1 0 1 1 1 0 1
2014   2 28  4  3 28  88572   -5.77243  -53.69683     2683   3.4  0  0  6 15 0 0 1 0 1 0 0 0 0 1 1 1 0 1
2014   2 28  4  3 28 105462   -5.79205  -53.69867     3095  17.0  0  0  5  9 0 0 1 1 0 0 0 1 0 0 0 1 0 1
2014   2 28  4  3 28 122596   -5.79080  -53.76953     3457   6.2  0  0  5  7 0 0 0 0 1 0 0 1 0 0 1 1 0 1
2014   2 28  4  3 28 136437   -5.79906  -53.70834     2939  17.8  0  0  5 10 0 0 1 1 1 0 0 1 0 0 0 1 0 0
2014   2 28  4  3 28 232054   -5.56322  -54.26477     3088   3.4  0  0  5 10 0 0 0 0 1 0 0 0 0 1 1 1 0 1
2014   2 28  4  3 28 660369    9.55411  -74.61739     4961  13.0  0  0  5  8 0 0 0 1 0 0 0 1 0 0 1 1 0 1
2014   2 28  4  3 28 724563   -5.80409  -53.74223     2408  11.1  0  0  7 21 0 0 0 1 1 0 0 1 0 1 1 1 0 1
2014   2 28  4  3 29 301659  -13.10758  -73.64768     2859  15.6  0  0  6 15 0 0 1 0 1 0 0 1 0 0 1 1 0 1
2014   2 28  4  3 29 412930  -23.98028  -45.27355     4181   3.9  0  0  4  6 0 0 1 1 0 0 0 0 0 0 1 0 0 1
2014   2 28  4  3 30 907143  -19.57446  168.23315    95238  28.7  0  0  5 10 0 0 1 1 1 0 0 1 0 0 1 0 0 0
2014   2 28  4  3 30 917435  -26.71217 -131.98155    14803  14.2  0  0  5 10 0 0 1 1 1 0 0 1 0 0 1 0 0 0
2014   2 28  4  3 31 634490  -24.39909  -45.20715     2522  19.6  0  0  7 21 0 0 1 1 1 0 0 1 0 1 1 0 0 1
2014   2 28  4  3 32 311121  -27.10702  -43.52472     2679  17.7  0  0  7 19 0 0 1 1 1 0 0 1 0 1 1 0 0 1
2014   2 28  4  3 32 321358    7.26620  -73.45113    21387  32.2  1  0  5 10 0 0 0 1 1 0 0 1 0 1 1 0 0 0
2014   2 28  4  3 32 811381  -27.07665  -43.56570     3391  35.3  0  0  7 16 0 0 1 1 1 0 0 1 0 0 1 1 0 1
2014   2 28  4  3 32 995602  -11.43323  -75.24807     3943  24.2  0  0  6 15 0 0 1 0 1 0 0 1 0 1 1 0 0 1
2014   2 28  4  3 33 145174    4.54445  -72.19541     6136  28.1  0  0  5  8 0 0 0 1 0 0 0 1 0 0 1 1 0 1
2014   2 28  4  3 33 573677    4.24346  -13.31122    26127  38.7  0  0  6 14 0 0 1 1 1 0 0 1 0 0 1 0 0 1
2014   2 28  4  3 33 821181    3.81860  -13.97574    11527  37.8  0  0  6 13 0 0 1 1 1 0 0 1 0 0 1 1 0 0
2014   2 28  4  3 34  15388    3.79668  -14.08453    11717  43.6  1  0  6 14 0 0 1 1 1 0 0 1 0 0 0 1 0 1
2014   2 28  4  3 34 808020  -27.03689  -43.69294     3530  11.1  0  0  5  8 0 0 0 1 1 0 0 1 0 0 1 0 0 1
2014   2 28  4  3 35 751223  -15.60010  161.39069   112765  15.4  0  0  4  6 0 0 1 1 0 0 0 1 0 0 1 0 0 0
2014   2 28  4  3 35 989298  -16.66265  166.47589    70461  50.4  2  0  5 10 0 0 1 1 1 0 0 0 0 0 0 1 0 1
2014   2 28  4  3 36  59136  -16.62488  166.39142    72162  51.6  2  0  5 10 0 0 1 1 1 0 0 0 0 0 0 1 0 1
2014   2 28  4  3 37  36910  -22.69718  -47.14449     4360  62.9  2  0  5 10 0 0 1 0 0 0 0 1 0 1 1 0 0 1
2014   2 28  4  3 37  43965  -22.61047  -47.37517     3504  56.4  1  0  6 15 0 0 1 1 1 0 0 0 0 1 1 1 0 0
2014   2 28  4  3 37 953756   26.50809   53.59834    31758  65.6  2  0  5  7 0 0 1 0 1 0 0 0 0 0 1 1 0 1
2014   2 28  4  3 38 903583  -27.08399  -43.79629     4727  50.3  1  0  6 12 0 0 1 1 1 0 0 1 0 0 1 0 0 1
2014   2 28  4  3 39  58994    7.82300  -74.24129     8298  85.3  2  0  7 21 0 0 0 1 1 0 0 1 0 1 1 1 0 1
2014   2 28  4  3 39 757902  -27.03621  -43.57383     4502  50.8  1  0  6 13 0 0 1 1 1 0 0 1 0 0 1 0 0 1
2014   2 28  4  3 39 856431  -25.32911 -136.28125    21616  88.6  2  0  6 15 0 0 1 1 1 0 0 1 0 0 1 1 0 0
2014   2 28  4  3 39 995589   -4.44322  -71.21624     6593  95.7  2  0  7 21 0 0 0 1 1 0 0 1 0 1 1 1 0 1
2014   2 28  4  3 41  42782  -22.67976  -47.57599     3236  13.2  0  0  5  7 0 0 1 1 1 0 0 0 0 0 1 0 0 1
2014   2 28  4  3 41 607137  -23.94805  -46.76459     4889  93.3  2  0  6 14 0 0 1 0 0 0 0 1 0 1 1 1 0 1
2014   2 28  4  3 41 700136  -24.05826  -46.55634     5332  62.1  2  0  5  9 0 0 1 0 1 0 0 1 0 0 1 0 0 1
2014   2 28  4  3 43 120803  -11.84292  -56.30104     3327  24.0  0  0  5 10 0 0 0 0 1 0 0 1 0 0 1 1 0 1
2014   2 28  4  3 43 296019  -14.52761  160.79875    26887 103.1  2  0  7 20 0 0 1 1 1 0 0 0 0 1 1 1 0 1
2014   2 28  4  3 43 350323  -12.87876  157.29820     8681   7.7  0  0  4  6 0 0 1 0 0 0 0 1 0 0 1 1 0 0
2014   2 28  4  3 43 551932  -13.36569  159.67152    12736  28.3  1  0  4  6 0 0 1 1 0 0 0 1 0 0 0 1 0 0
2014   2 28  4  3 43 574795   -2.38020  -72.70237    10047 128.6  2  0  6 15 0 0 0 1 0 0 0 1 0 1 1 1 0 1
2014   2 28  4  3 43 702192  -27.01480  -43.94872     5616  73.7  2  0  6 13 0 0 1 1 1 0 0 1 0 0 1 0 0 1
2014   2 28  4  3 44  68074  -14.17048  159.89024    12926  27.8  1  0  4  6 0 0 0 1 0 0 0 1 0 0 1 1 0 0
2014   2 28  4  3 45 182973  -32.80944  -42.24096     3688  13.4  0  0  5 10 0 0 1 0 1 0 0 1 0 0 1 0 0 1
2014   2 28  4  3 45 229272  -32.78774  -42.32344     3079  20.8  0  0  6 13 0 0 1 1 0 0 0 1 0 1 1 1 0 0
2014   2 28  4  3 45 276674  -32.65378  -42.45641     3668  11.5  0  0  6 15 0 0 0 1 1 0 0 1 0 1 1 0 0 1
2014   2 28  4  3 46 467385  -14.21154  172.55760    32926   3.3  0  0  4  6 0 0 1 1 0 0 0 1 0 0 1 0 0 0
2014   2 28  4  3 46 664526  -22.94649  -47.33401     3528  22.3  0  0  5  8 0 0 1 1 0 0 0 1 0 0 1 0 0 1
2014   2 28  4  3 46 830169    7.71748  -74.17793     5814  18.0  0  0  5 10 0 0 0 1 1 0 0 1 0 0 0 1 0 1
2014   2 28  4  3 47 749653    8.59620  -74.01677     6113  14.8  0  0  5 10 0 0 0 1 1 0 0 0 0 1 0 1 0 1
2014   2 28  4  3 48 341296  -21.54933  -51.67934     2857  42.2  0  0  7 17 0 0 1 1 1 0 0 0 0 1 1 1 0 1
2014   2 28  4  3 48 611764  -21.68099  -51.59210     3867  44.7  1  0  6 12 0 0 1 1 1 0 0 1 0 0 1 0 0 1
2014   2 28  4  3 48 863293  -21.42062  -51.67636     2524  11.6  0  0  6 12 0 0 1 1 1 0 0 1 0 1 0 0 0 1
2014   2 28  4  3 48 975447  -27.22357  -43.30261     4160  22.4  0  0  5  7 0 0 1 1 1 0 0 0 0 0 1 0 0 1
2014   2 28  4  3 49 217282  -27.05976  -43.46104     3014  16.3  0  0  6 15 0 0 0 1 1 0 0 1 0 1 1 0 0 1
2014   2 28  4  3 50 459741  -27.21614  -43.62756     4190  25.9  0  0  5  8 0 0 1 1 1 0 0 1 0 0 1 0 0 0
2014   2 28  4  3 50 486147  -27.18389  -43.64175     5236  38.9  1  0  5  9 0 0 1 1 0 0 0 1 0 0 1 0 0 1
2014   2 28  4  3 50 571101  -27.15492  -43.70026     3628  36.9  0  0  6 14 0 0 1 1 0 0 0 1 0 1 1 0 0 1
2014   2 28  4  3 50 649094  -27.17036  -43.66628     4290  40.1  1  0  6 11 0 0 1 1 1 0 0 1 0 0 1 0 0 1
2014   2 28  4  3 51  31977  -27.19920  -43.66366     4942  32.0  1  0  5  7 0 0 1 1 1 0 0 0 0 0 1 0 0 1
2014   2 28  4  3 51 303584  -27.06186  -43.68279     5965  42.7  1  0  5  8 0 0 1 1 0 0 0 1 0 0 1 0 0 1
2014   2 28  4  3 51 688023  -27.09805  -43.79813     2900   7.2  0  0  5  8 0 0 1 1 1 0 0 1 0 1 0 0 0 0
2014   2 28  4  3 52   2743  -22.99492  -47.51254     3470  12.1  0  0  4  6 0 0 1 1 0 0 0 1 0 0 1 0 0 0
2014   2 28  4  3 53 550672  -13.52833  159.55046     8116   4.5  0  0  4  6 0 0 1 1 0 0 0 1 0 0 0 1 0 0
2014   2 28  4  3 53 700595  -20.47383  -46.72235     4108  68.7  2  0  6 15 0 0 1 1 1 0 0 1 0 0 1 0 0 1
2014   2 28  4  3 53 711614  -20.46465  -46.85260     4549  88.2  2  0  6 15 0 0 1 1 1 0 0 0 0 1 1 0 0 1
2014   2 28  4  3 54  77436    5.69831  -76.94534     8444 112.8  2  0  7 21 0 0 1 1 1 0 0 0 0 1 1 1 0 1
2014   2 28  4  3 54 224111  -27.07969  -43.84111     5413  51.6  2  0  5  9 0 0 1 1 1 0 0 0 0 0 1 0 0 1
2014   2 28  4  3 54 640783    5.66459  -76.75412    16597  36.4  1  0  5  7 0 0 1 0 1 0 0 0 0 0 1 1 0 1
2014   2 28  4  3 55 631127    7.94077  -74.41472    10749  96.7  2  0  6 15 0 0 0 1 1 0 0 1 0 0 1 1 0 1
2014   2 28  4  3 57 384462  -26.80014 -137.58327    26892 120.6  2  0  7 19 0 0 1 1 1 0 0 1 0 0 1 1 0 1
2014   2 28  4  3 57 432935  -26.61973 -137.99284    24102 120.3  2  0  7 21 0 0 1 1 1 0 0 1 0 0 1 1 0 1
2014   2 28  4  3 57 451814  -26.67639 -136.54027    32642 115.1  2  0  6 15 0 0 1 1 1 0 0 0 0 0 1 1 0 1
2014   2 28  4  3 57 785337  -28.42632 -132.27322    54184 110.7  2  0  6 15 0 0 1 1 1 0 0 1 0 0 1 0 0 1
2014   2 28  4  3 58 148038  -22.75201  -47.94437     3891  21.2  1  0  4  6 0 0 1 1 0 0 0 1 0 0 1 0 0 0
2014   2 28  4  3 58 988176   -6.45951  172.79192    29295 117.2  2  0  6 15 0 0 1 0 1 0 0 1 0 0 1 1 0 1
2014   2 28  4  4  0 293407  -16.24097  -50.60112     2886   9.3  0  0  4  6 0 0 0 1 1 0 0 1 0 1 0 0 0 0
2014   2 28  4  4  1 417441  -15.75309  -50.07095     2571  18.0  0  0  6 15 0 0 1 1 1 0 0 1 0 1 0 0 0 1
2014   2 28  4  4  2 675275  -18.95192   65.62236    43539  24.9  0  0  5  7 0 0 1 1 1 0 0 1 0 0 0 0 0 1
2014   2 28  4  4  4 321564  -22.31074  -48.45076     2638  23.1  0  0  6 14 0 0 1 1 1 0 0 1 0 1 0 0 0 1
2014   2 28  4  4  5 652475  -32.58612  -42.71424     4068  18.1  0  0  5  9 0 0 1 1 1 0 0 1 0 0 0 0 0 1
2014   2 28  4  4  6 325235  -21.56374 -137.45309    40798  62.3  2  0  5 10 0 0 1 1 0 0 0 1 0 1 0 0 0 1
2014   2 28  4  4  6 756207  -27.17483  -43.44309     3506  15.3  0  0  5  7 0 0 1 1 1 0 0 1 0 0 0 0 0 1
2014   2 28  4  4  8 837801    0.30483  -14.44933     7218  77.1  2  0  6 15 0 0 1 1 1 0 0 1 1 0 0 0 0 1
2014   2 28  4  4 13 159787  -27.04676  -44.17336     9425  33.8  1  0  5  8 0 0 0 1 1 0 0 1 0 1 0 0 0 1
2014   2 28  4  4 14 369968  -23.31241  -47.66311     3813  25.8  1  0  4  6 0 0 1 1 0 0 0 1 0 1 0 0 0 0
2014   2 28  4  4 15 606846    0.24143  -73.36105     9985  19.7  0  0  5  9 0 0 1 1 1 0 0 0 0 1 0 0 0 1
2014   2 28  4  4 16 175684  -27.30967  -43.12829     3351  12.5  0  0  5  8 0 0 1 1 1 0 0 1 0 0 0 0 0 1
2014   2 28  4  4 16 512505    2.22126    4.60997    15761  14.7  0  0  5  8 0 0 1 1 1 0 0 1 0 0 0 0 0 1
2014   2 28  4  4 16 836919  -23.16129  -46.94440     2864  18.3  0  0  5 10 0 0 1 1 0 0 0 1 0 1 0 0 0 1
2014   2 28  4  4 16 862592  -23.18319  -46.89484     2943   4.0  0  0  4  6 0 0 1 1 0 0 0 1 0 0 0 0 0 1
2014   2 28  4  4 16 913686  -23.15759  -46.88580     2571   3.7  0  0  5 10 0 0 1 1 1 0 0 1 0 0 0 0 0 1
2014   2 28  4  4 16 955941  -23.18287  -46.93793     2570  19.7  0  0  6 15 0 0 1 1 1 0 0 1 0 1 0 0 0 1
2014   2 28  4  4 17  62222  -27.51175  -43.45632     4798  68.0  2  0  6 13 0 0 1 1 1 0 0 1 0 1 0 0 0 1
2014   2 28  4  4 17 232597  -27.45312  -43.45332     3320  11.1  0  0  5  8 0 0 1 1 1 0 0 1 0 0 0 0 0 1
2014   2 28  4  4 17 465209  -24.70179  172.09851    76815   4.6  0  0  5 10 0 0 1 1 1 0 0 1 0 0 0 0 0 1
2014   2 28  4  4 18 300493  -27.22919  -43.27508     3493  12.3  0  0  5  7 0 0 1 1 1 0 0 1 0 0 0 0 0 1
2014   2 28  4  4 18 589979  -25.55038  -44.85515     2748   6.6  0  0  5  9 0 0 1 1 1 0 0 0 0 1 0 0 0 1
2014   2 28  4  4 18 723778  -20.68872 -139.43082    14970  27.0  0  0  6 15 0 0 1 1 1 0 0 1 0 1 0 0 0 1
2014   2 28  4  4 19 349227  -27.23852  -43.55280     3272   8.2  0  0  5  7 0 0 1 1 1 0 0 1 0 0 0 0 0 1
2014   2 28  4  4 20 498670  -25.99269  -44.52843     3465  17.9  0  0  5  7 0 0 1 1 0 0 0 1 0 1 0 0 0 1
2014   2 28  4  4 21 247548  -27.10330  -43.73577     2788  14.1  0  0  6 13 0 0 1 1 1 0 0 1 0 1 0 0 0 1
2014   2 28  4  4 21 385778  -27.09507  -43.74743     3216  16.7  0  0  5  7 0 0 1 1 1 0 0 1 0 1 0 0 0 0
2014   2 28  4  4 21 532333  -27.10690  -43.74770     3517  18.2  0  0  5  7 0 0 1 1 1 0 0 1 0 1 0 0 0 0
2014   2 28  4  4 21 553740  -37.36707 -173.64954   212190  22.9  1  0  4  6 0 0 1 1 1 0 0 1 0 0 0 0 0 0
2014   2 28  4  4 21 844998  -27.20430  -43.44538     3417  14.5  0  0  5  8 0 0 1 1 1 0 0 1 0 0 0 0 0 1
2014   2 28  4  4 22 280731   -5.77653  -54.18118     4285  24.9  0  0  5 10 0 0 0 1 1 0 0 1 0 1 0 0 0 1
2014   2 28  4  4 22 592806   -5.78604  -54.19301     4387  26.2  0  0  5 10 0 0 0 1 1 0 0 1 0 1 0 0 0 1
2014   2 28  4  4 23 552845  -27.17451  -43.80205     3559  16.5  0  0  5  8 0 0 1 1 1 0 0 1 0 0 0 0 0 1
2014   2 28  4  4 25 505962    1.68419  -69.69810    11807  15.5  0  0  4  6 0 0 1 1 0 0 0 0 0 1 0 0 0 1
2014   2 28  4  4 26 215209  -20.43249  -49.75667     4253  81.0  2  0  6 13 0 0 1 1 1 0 0 1 0 1 0 0 0 1
2014   2 28  4  4 26 317195  -27.13568  -43.92017     4060  19.2  0  0  5  7 0 0 1 1 1 0 0 1 0 0 0 0 0 1
2014   2 28  4  4 26 335822  -27.13910  -43.97202     3296  19.8  0  0  5  8 0 0 1 1 1 0 0 1 0 1 0 0 0 0
2014   2 28  4  4 26 495882  -27.12077  -43.97085     4027  24.8  0  0  5  8 0 0 1 1 1 0 0 1 0 0 0 0 0 1
2014   2 28  4  4 26 553610   -7.93194  -72.30820     7663  19.4  0  0  5 10 0 0 1 1 1 0 0 0 0 1 0 0 0 1
2014   2 28  4  4 26 636340  -27.09522  -43.98095     4033  21.2  0  0  5  7 0 0 1 1 1 0 0 1 0 0 0 0 0 1
2014   2 28  4  4 30 262801  -27.04480  -44.15077     4653  30.3  1  0  5  7 0 0 1 1 1 0 0 1 0 0 0 0 0 1
2014   2 28  4  4 30 454833  -27.05021  -44.23414     3853  48.8  1  0  6 11 0 0 1 1 1 0 0 1 0 1 0 0 0 1
2014   2 28  4  4 31 461132  -27.11982  -44.01644     3847  44.1  1  0  6 13 0 0 1 1 1 0 0 1 0 1 0 0 0 1
2014   2 28  4  4 31 533537  -27.03790  -44.03040     3461  25.5  0  0  5  8 0 0 1 1 1 0 0 0 0 1 0 0 0 1
2014   2 28  4  4 31 720685  -27.05576  -44.02963     3218  35.9  0  0  6 15 0 0 1 1 1 0 0 1 0 1 0 0 0 1
