2014   2 28  4  4 33 516358    0.96267    2.81308    44504   7.0  0  0  4  6 0 0 1 1 0 0 0 0 0 0 1 0 0 1
2014   2 28  4  4 33 711683  -16.28281  -50.52924     3920   6.6  0  0  4  6 0 0 1 1 0 0 0 0 0 0 1 0 0 1
2014   2 28  4  4 35 133368    7.78161  -74.05547     7823  28.6  0  0  5  7 0 0 0 1 0 0 0 0 0 1 1 1 0 1
2014   2 28  4  4 36 336606    5.93707  -84.95808     4818  41.2  0  0  7 20 0 0 1 1 0 0 0 0 0 1 1 1 1 1
2014   2 28  4  4 36 554190    5.99848  -85.00276     6907  38.4  1  0  5 10 0 0 1 1 0 0 0 0 0 0 1 1 0 1
2014   2 28  4  4 36 700068  -16.52690  -50.35690     2809   2.5  0  0  4  6 0 0 0 1 0 0 0 0 0 1 1 1 0 0
2014   2 28  4  4 36 733832  -16.86599  -50.05853     4045  11.6  0  0  4  6 0 0 1 1 0 0 0 0 0 0 1 0 0 1
2014   2 28  4  4 36 931585    2.02652  -80.37363    24928   6.1  0  0  4  6 0 0 0 1 0 0 0 0 0 1 1 0 0 1
2014   2 28  4  4 37 700591   -4.82532  -53.07529    14517  34.1  1  0  4  6 0 0 1 0 0 0 0 0 1 1 1 0 0 0
2014   2 28  4  4 38 361432  -32.71159  -42.51798     5353  49.9  1  0  5 10 0 0 1 1 0 0 0 0 0 1 1 0 0 1
2014   2 28  4  4 38 401764  -32.70686  -42.47486     5246  59.3  1  0  6 13 0 0 1 1 0 0 0 0 0 1 1 1 0 1
2014   2 28  4  4 38 855114   -5.81441  -74.10437     5429  68.9  2  0  6 15 0 0 1 1 0 0 0 0 0 1 1 1 0 1
2014   2 28  4  4 38 902473   -5.79814  -73.89418     4601  19.8  0  0  4  6 0 0 1 0 0 0 0 0 0 0 1 1 0 1
2014   2 28  4  4 40 843903    5.29623  144.24045     7783  49.8  1  0  5 10 0 0 1 1 0 0 0 0 0 1 0 1 0 1
2014   2 28  4  4 43 826212  -16.80935  -51.19595     4824 100.3  2  0  6 14 0 0 1 1 0 0 0 0 0 1 1 1 0 1
2014   2 28  4  4 45 128254  -21.71951  -48.96084     3150  14.4  0  0  4  6 0 0 1 1 0 0 0 0 0 1 1 0 0 0
2014   2 28  4  4 45 602116  -12.41827  171.89024    35488 110.3  2  0  6 15 0 0 1 1 0 0 0 0 0 1 1 1 0 1
2014   2 28  4  4 48 444397    4.16970  -71.85990     3404   2.7  0  0  7 21 0 0 1 1 1 0 0 1 0 1 1 0 0 1
2014   2 28  4  4 48 763733    4.19515  -72.12151     4493   9.0  0  0  5  8 0 0 0 0 1 0 0 1 0 0 1 1 0 1
2014   2 28  4  4 49  23270   -5.12192  -74.68055     3462  11.2  0  0  6 14 0 0 0 1 1 0 0 1 0 0 1 1 0 1
2014   2 28  4  4 49  32454   -5.13920  -74.73677     3849  10.2  0  0  6 12 0 0 0 1 1 0 0 1 0 0 1 1 0 1
2014   2 28  4  4 49 242720  -27.24673  -43.18616     3526  18.2  0  0  6 13 0 0 1 0 1 0 0 1 0 1 0 1 0 1
2014   2 28  4  4 49 363618  -27.29526  -43.08861     3454   1.0  0  0  4  6 0 0 1 1 0 0 0 1 0 0 1 0 0 0
2014   2 28  4  4 49 376296  -27.17140  -43.43855     3106  18.1  0  0  6 13 0 0 1 1 1 0 0 1 0 0 0 1 0 1
2014   2 28  4  4 49 423491  -27.47900  -42.80400     4198  47.8  1  0  6 14 0 0 1 1 1 0 0 1 0 0 1 0 0 1
2014   2 28  4  4 49 477009  -27.25788  -43.17929     2916   7.4  0  0  5 10 0 0 1 1 1 0 0 1 0 0 0 0 0 1
2014   2 28  4  4 49 621374    4.59471  -84.52257     6813   2.3  0  0  4  6 0 0 0 1 1 0 0 1 0 0 0 1 0 0
2014   2 28  4  4 50 562989    3.46938  -13.74191     7938  12.0  0  0  5  8 0 0 0 1 1 0 0 1 0 0 0 1 0 1
2014   2 28  4  4 50 711746  -27.24193  -43.16936     3444  13.2  0  0  5  9 0 0 1 1 0 0 0 1 0 0 1 0 0 1
2014   2 28  4  4 50 724809  -27.29070  -43.22165     5440  62.9  2  0  6 12 0 0 1 1 1 0 0 1 0 0 1 0 0 1
2014   2 28  4  4 50 839610  -27.24696  -43.14584     3812  12.1  0  0  5  7 0 0 1 1 1 0 0 1 0 0 1 0 0 0
2014   2 28  4  4 50 888623  -27.23768  -43.19212     3742  16.1  0  0  5  8 0 0 1 1 1 0 0 1 0 0 1 0 0 0
2014   2 28  4  4 51 181622  -32.88110  -41.50930     3209  27.4  0  0  7 21 0 0 1 1 0 0 0 1 0 1 0 1 1 1
2014   2 28  4  4 52 441880  -32.82796  -41.59583     4125  45.7  0  0  7 21 0 0 1 1 1 0 0 1 0 0 1 1 0 1
2014   2 28  4  4 52 450590  -32.87388  -41.53127     4051  32.4  0  0  6 15 0 0 1 1 1 0 0 1 0 0 1 0 0 1
2014   2 28  4  4 52 516312  -32.47461  -41.83709     4992  16.7  0  0  5 10 0 0 0 1 1 0 0 1 0 0 1 0 0 1
2014   2 28  4  4 52 635429    4.92356  -71.71368     4649  35.8  0  0  6 15 0 0 0 1 1 0 0 1 0 0 1 1 0 1
2014   2 28  4  4 52 956483  -13.82250  158.95187     7169  36.9  0  0  7 21 0 0 0 1 1 0 0 1 0 1 1 1 0 1
2014   2 28  4  4 53  24368  -13.67684  158.62857    10424  35.8  1  0  5 10 0 0 0 0 1 0 0 1 0 0 1 1 0 1
2014   2 28  4  4 53 219333    4.89559  -71.76375     5203  40.0  1  0  6 14 0 0 0 1 1 0 0 1 0 0 1 1 0 1
2014   2 28  4  4 53 280238  -19.98563  -47.51277     2799  42.2  0  0  7 21 0 0 1 1 1 0 0 1 0 1 1 0 0 1
2014   2 28  4  4 53 515634  -14.04054  159.78966    52237  17.5  0  0  4  6 0 0 1 1 0 0 0 0 0 0 1 1 0 0
2014   2 28  4  4 54 171926    4.56395  -72.92983     8258  47.7  1  0  5  8 0 0 0 1 1 0 0 1 0 0 1 1 0 0
2014   2 28  4  4 54 227274  -27.20148  -43.57682     5125  30.1  1  0  5  8 0 0 1 1 0 0 0 1 0 0 1 0 0 1
2014   2 28  4  4 54 258799  -27.20638  -43.58433     4595  28.7  0  0  5  8 0 0 1 1 1 0 0 1 0 0 1 0 0 0
2014   2 28  4  4 54 290451  -27.03050  -43.71872     3755  14.5  0  0  5  8 0 0 0 1 1 0 0 1 0 0 1 0 0 1
2014   2 28  4  4 54 688319  -27.35290  -43.32373     3452  33.6  0  0  6 14 0 0 1 1 1 0 0 1 0 0 1 0 0 1
2014   2 28  4  4 55 640909  -32.69181  -42.50370     6685  60.0  2  0  5 10 0 0 1 1 1 0 0 0 0 0 1 0 0 1
2014   2 28  4  4 55 692367  -32.69729  -42.51984     5347  55.8  1  0  6 15 0 0 1 1 1 0 0 1 0 0 1 0 0 1
2014   2 28  4  4 55 714694  -32.70043  -42.51001     5318  55.4  1  0  6 15 0 0 1 1 1 0 0 1 0 0 1 0 0 1
2014   2 28  4  4 55 797330  -32.71698  -42.44062     5339  55.6  1  0  6 15 0 0 1 1 1 0 0 1 0 0 1 0 0 1
2014   2 28  4  4 55 901343  -32.73180  -42.48817     6890  57.7  2  0  5  9 0 0 1 1 1 0 0 1 0 0 1 0 0 0
2014   2 28  4  4 56 407027   -2.65281  -73.50706     4545   7.7  0  0  5 10 0 0 0 1 1 0 0 0 0 1 0 1 0 1
2014   2 28  4  4 56 427123   -2.35289  -72.08285     4735  66.4  2  0  6 15 0 0 1 0 0 0 0 1 0 1 1 1 1 0
2014   2 28  4  4 56 991356  -22.60331  -47.25928     3583  59.2  1  0  6 15 0 0 1 1 1 0 0 1 0 0 1 0 0 1
2014   2 28  4  4 57   2678  -22.60605  -47.27818     3708  59.2  1  0  6 14 0 0 1 1 1 0 0 1 0 0 1 0 0 1
2014   2 28  4  4 58 126766  -27.03073  -43.51007     3956  50.3  1  0  6 15 0 0 1 1 1 0 0 0 0 1 1 0 0 1
2014   2 28  4  4 58 129231    7.89138  -74.34363    10649  79.1  2  0  6 14 0 0 0 1 1 0 0 1 0 0 1 1 0 1
2014   2 28  4  4 58 235551   -6.32354  -48.75791     4371  69.7  2  0  6 15 0 0 0 1 1 0 0 0 0 1 1 1 0 1
2014   2 28  4  4 58 956534  -20.35690  -50.53038     3604  89.7  2  0  7 21 0 0 1 1 1 0 0 1 0 1 1 0 0 1
2014   2 28  4  4 59 980763  -23.92562  -47.02019     3985  87.4  2  0  7 21 0 0 1 1 1 0 0 1 0 1 1 1 0 0
2014   2 28  4  5  0 357379   -5.49343  -75.79353     6680 108.3  2  0  7 19 0 0 1 1 1 0 0 1 0 0 1 1 0 1
2014   2 28  4  5  0 364648   -5.47374  -75.72911     7631 110.1  2  0  6 15 0 0 1 1 1 0 0 0 0 0 1 1 0 1
2014   2 28  4  5  1 337690   -5.35602    5.85955    31969  94.7  2  0  6 15 0 0 1 1 1 0 0 1 0 0 1 0 0 1
2014   2 28  4  5  1 939315  -23.05570  -47.22437     4401  93.5  2  0  6 15 0 0 1 1 1 0 0 1 0 0 1 0 0 1
2014   2 28  4  5  3  18637  -26.67193  -44.21060     6356  76.7  2  0  5 10 0 0 1 1 1 0 0 0 0 0 1 0 0 1
2014   2 28  4  5  3  81482  -26.77425  -44.06970     5533  74.5  2  0  6 13 0 0 1 1 1 0 0 1 0 0 1 0 0 1
2014   2 28  4  5  3 109933  -26.59060  -44.17656     4000  70.3  2  0  7 21 0 0 1 1 1 0 0 1 0 1 1 0 0 1
2014   2 28  4  5  4 252852  -20.91213 -139.29836    12884  19.6  0  0  6 15 0 0 1 1 1 0 0 1 0 0 1 0 0 1
2014   2 28  4  5  4 941006  -27.27818  -43.33703     2661   7.2  0  0  6 15 0 0 1 1 1 0 0 1 0 0 1 0 0 1
2014   2 28  4  5  5 553846    3.53591  -14.77951     6454  14.0  0  0  6 14 0 0 0 1 1 0 0 1 0 0 1 1 0 1
2014   2 28  4  5  5 602522   -8.51201  153.65242    78558  40.0  1  0  5 10 0 0 1 1 0 0 0 1 0 0 1 0 0 1
2014   2 28  4  5  5 642944  -14.07719  160.02925    10780  34.2  1  0  5 10 0 0 1 1 0 0 0 1 0 0 1 1 0 0
2014   2 28  4  5  6 108112  -20.27147  -47.04471     2725  19.4  0  0  6 12 0 0 0 1 1 0 0 1 0 1 1 0 0 1
2014   2 28  4  5  6 122291  -20.14625  -47.12892     3409  48.8  1  0  6 13 0 0 1 1 1 0 0 1 0 1 0 1 0 0
2014   2 28  4  5  6 156315  -20.24687  -47.05931     3215  17.0  0  0  5  7 0 0 1 1 1 0 0 1 0 1 0 0 0 0
2014   2 28  4  5  6 188536  -20.22564  -47.07533     3784  17.6  0  0  5  7 0 0 1 1 0 0 0 1 0 0 1 1 0 0
2014   2 28  4  5  6 250102    7.16912  -74.77017     5845   2.6  0  0  4  6 0 0 0 1 0 0 0 1 0 0 0 1 0 1
2014   2 28  4  5  6 293373  -20.24325  -47.06695     2563  29.5  0  0  7 20 0 0 0 1 1 0 0 1 0 1 1 1 0 1
2014   2 28  4  5  7 333935    3.98190  -84.29589     9824  60.2  2  0  6 15 0 0 0 1 1 0 0 1 0 0 1 1 0 1
2014   2 28  4  5  7 506747  -20.50240  -46.67262     2988  12.6  0  0  5 10 0 0 1 1 1 0 0 0 0 0 1 0 0 1
2014   2 28  4  5  7 723620  -20.26690  -46.99415     3802  40.1  1  0  5 10 0 0 1 1 1 0 0 0 0 1 1 0 0 0
2014   2 28  4  5  7 882554  -20.46250  -46.72700     3306  11.2  0  0  5  7 0 0 1 1 1 0 0 0 0 0 1 0 0 1
2014   2 28  4  5  8  91427  -27.22224  -43.23130     4002  18.4  0  0  5  7 0 0 1 1 1 0 0 1 0 0 1 0 0 0
2014   2 28  4  5  8 111484  -16.43722  -50.56019     3242  24.7  0  0  5 10 0 0 1 1 1 0 0 1 0 0 1 0 0 0
2014   2 28  4  5  8 143852  -27.21627  -43.26343     3738  19.3  0  0  5  8 0 0 1 1 1 0 0 0 0 0 1 0 0 1
2014   2 28  4  5  8 284315    7.74289  -73.97402     9167  27.9  0  0  5  8 0 0 0 0 1 0 0 1 0 0 1 1 0 1
2014   2 28  4  5  8 574523  -27.83518  -43.60730     3805   9.3  0  0  5  7 0 0 1 0 1 0 0 1 0 1 0 0 0 1
2014   2 28  4  5  8 682504    0.21081  -64.90551     3787  35.5  0  0  6 14 0 0 1 1 1 0 0 0 0 0 1 1 0 1
2014   2 28  4  5  8 791315    0.16495  -65.08063     3539  37.7  0  0  7 19 0 0 0 1 1 0 0 1 0 1 1 1 0 1
2014   2 28  4  5  9 331976   -5.84994  -74.11565    24308  48.2  1  0  5  7 0 0 0 1 1 0 0 1 0 0 1 0 0 1
2014   2 28  4  5  9 361111    4.64095  -84.17792     4205  37.1  0  0  7 21 0 0 1 0 1 0 0 1 0 1 1 1 0 1
2014   2 28  4  5  9 404019    4.86132  -85.07513     7506  49.2  0  0  7 21 0 0 0 1 1 0 0 1 0 1 1 1 0 1
2014   2 28  4  5  9 847126   -2.09110  -72.14188     7632  44.8  1  0  5 10 0 0 0 1 1 0 0 0 0 0 1 1 0 1
2014   2 28  4  5 10  32296   -2.35545  -72.89098     4090   1.2  0  0  5 10 0 0 0 1 1 0 0 0 0 1 0 1 0 1
2014   2 28  4  5 10 134880   -2.16300  -72.31576     3878  13.9  0  0  5 10 0 0 0 0 1 0 0 1 0 1 0 1 0 1
2014   2 28  4  5 10 523249  -29.51745 -134.47141    23422   9.7  0  0  4  6 0 0 1 1 0 0 0 1 0 0 1 0 0 0
2014   2 28  4  5 10 559682  -27.04046  -43.71750     3640  12.6  0  0  5  8 0 0 0 1 1 0 0 1 0 0 1 0 0 1
2014   2 28  4  5 10 709183  -32.84504  -42.45395     4058  48.2  0  0  7 21 0 0 1 1 1 0 0 1 0 1 1 0 0 1
2014   2 28  4  5 10 760036  -32.84219  -42.46432     4785  51.9  1  0  6 15 0 0 1 1 1 0 0 0 0 1 1 0 0 1
2014   2 28  4  5 10 865521  -22.33794  -47.83550     3965  45.6  1  0  5 10 0 0 1 1 1 0 0 1 0 0 1 0 0 0
2014   2 28  4  5 11  30138  -22.18938  -48.67835     3387  71.9  2  0  7 21 0 0 1 1 1 0 0 1 0 1 1 1 0 0
2014   2 28  4  5 11  46767  -22.42956  -48.26547     3297  66.6  1  0  7 19 0 0 1 1 1 0 0 1 0 1 1 0 0 1
2014   2 28  4  5 11 468368    0.31755  -64.75328     3759  58.1  1  0  7 21 0 0 0 1 1 0 0 1 0 1 1 1 1 0
2014   2 28  4  5 11 610320  -18.21111  164.61467   199180  55.2  2  0  5 10 0 0 1 1 1 0 0 1 0 0 1 0 0 0
2014   2 28  4  5 11 826929  -13.47873  159.14027     7201   0.3  0  0  4  6 0 0 0 1 0 0 0 1 0 0 1 1 0 0
2014   2 28  4  5 12 357497  -13.55276  159.01640    11564  66.3  1  0  7 21 0 0 0 1 1 0 0 1 0 1 1 1 0 1
2014   2 28  4  5 12 607814  -27.16719  -43.58360     3636  15.6  0  0  5  7 0 0 1 1 1 0 0 1 0 0 0 0 0 1
2014   2 28  4  5 12 715915  -13.32778  158.71112    13619  51.3  2  0  5 10 0 0 0 1 0 0 0 1 0 0 1 1 0 1
2014   2 28  4  5 13 411033  -15.81515  -50.17114     3370  67.2  1  0  7 21 0 0 1 1 1 0 0 1 0 1 1 0 0 1
2014   2 28  4  5 14 702778  -27.05820  -43.85574     4350  56.2  1  0  6 12 0 0 1 1 1 0 0 0 0 1 1 0 0 1
2014   2 28  4  5 15 154187  -27.03827  -43.88248     5953  67.5  2  0  6 11 0 0 1 1 1 0 0 0 0 0 1 1 0 1
2014   2 28  4  5 15 215277   -5.67471  -53.91857     3677  81.0  2  0  7 21 0 0 1 1 1 0 0 1 0 0 1 1 0 1
2014   2 28  4  5 15 258137   -5.57056  -53.98961     3513   5.6  0  0  4  6 0 0 1 1 0 0 0 1 0 0 1 0 0 0
2014   2 28  4  5 15 543863  -26.79953  -43.81765     3646  22.8  0  0  6 11 0 0 0 1 1 0 0 1 0 1 1 0 0 1
2014   2 28  4  5 15 590750  -27.09077  -43.56521     4840  57.5  1  0  6 13 0 0 1 1 1 0 0 1 0 0 1 0 0 1
2014   2 28  4  5 15 877887  -11.56086    5.82848    67182  71.1  2  0  5 10 0 0 1 1 1 0 0 0 0 0 1 0 0 1
2014   2 28  4  5 16 260749  -25.34048 -136.49763    19217  98.8  2  0  7 21 0 0 1 1 1 0 0 1 0 0 1 1 0 1
2014   2 28  4  5 16 658344    5.78783  -83.89169     8795 118.3  2  0  7 21 0 0 1 1 0 0 0 1 0 1 1 1 0 1
2014   2 28  4  5 16 793337  -16.21332  -50.86285     5625 115.0  2  0  6 15 0 0 0 1 1 0 0 1 0 0 1 1 0 1
2014   2 28  4  5 16 809586  -16.30974  -50.58976     4780  88.8  2  0  6 15 0 0 1 1 1 0 0 1 0 0 1 0 0 1
2014   2 28  4  5 16 898287    5.66165  -83.40987     7549  93.1  2  0  7 21 0 0 1 0 1 0 0 1 0 1 1 1 0 1
2014   2 28  4  5 18  52847  -27.08319  -43.66736     5411  69.8  2  0  6 13 0 0 1 1 1 0 0 1 0 0 1 0 0 1
2014   2 28  4  5 18 205445  -27.19499  -43.59465     5723  65.5  2  0  6 12 0 0 1 1 1 0 0 1 0 0 1 0 0 1
2014   2 28  4  5 18 281264  -27.09746  -43.88004     4035  26.3  0  0  5  8 0 0 1 1 1 0 0 1 0 0 0 0 0 1
2014   2 28  4  5 18 454813    6.46428  -76.83491     6015  12.1  0  0  4  6 0 0 0 0 1 0 0 1 0 1 0 1 0 0
2014   2 28  4  5 18 951557  -20.23164  -50.93180     2912   2.4  0  0  4  6 0 0 1 1 0 0 0 0 0 1 1 0 0 0
2014   2 28  4  5 19  48324  -27.08270  -44.21632     3092  31.5  0  0  6 15 0 0 1 1 1 0 0 1 0 1 0 0 0 1
2014   2 28  4  5 19 485537  -10.96061  169.59578    20247 116.0  2  0  7 21 0 0 1 1 1 0 0 1 0 0 1 1 0 1
2014   2 28  4  5 19 825966    6.51351  -76.60611    13131 132.8  2  0  7 20 0 0 0 1 1 0 0 1 0 1 1 1 0 1
2014   2 28  4  5 20 120124   -5.01805  -53.45259     3140   9.3  0  0  4  6 0 0 0 1 0 0 0 1 0 0 0 1 0 1
2014   2 28  4  5 21 487876  -13.48480  -53.17676     2844   9.5  0  0  5 10 0 0 0 1 1 0 0 1 0 0 1 0 0 1
2014   2 28  4  5 21 540186  -15.02620  163.60519    78704  37.9  1  0  4  6 0 0 1 1 0 0 0 0 0 0 1 1 0 0
2014   2 28  4  5 21 551239  -13.46783  -53.21560     3054   7.0  0  0  4  6 0 0 1 1 0 0 0 1 0 0 1 0 0 0
2014   2 28  4  5 21 916711  -16.68615  -50.20531     2542  17.7  0  0  6 15 0 0 0 1 1 0 0 1 0 1 0 1 0 1
2014   2 28  4  5 22  50534  -24.39444  -44.95787     4590  63.9  2  0  6 15 0 0 0 1 1 0 0 1 0 1 1 0 0 1
2014   2 28  4  5 22 132061   -2.48475  -71.96008     6061  20.3  0  0  5  7 0 0 1 0 1 0 0 1 0 0 0 1 0 1
2014   2 28  4  5 22 478055   -2.42051  -72.01559     3743  18.8  0  0  5 10 0 0 0 1 0 0 0 1 0 0 1 1 0 1
2014   2 28  4  5 22 546461    7.70670  -73.95298     7881  30.2  1  0  5  9 0 0 0 1 0 0 0 0 0 1 1 1 0 1
2014   2 28  4  5 22 773507    1.04079    0.76286    14375  33.6  0  0  6 11 0 0 0 1 1 0 0 1 0 1 1 1 0 0
2014   2 28  4  5 22 823709    0.68815    0.40122    14630  37.7  0  0  6 11 0 0 1 1 1 0 0 1 0 0 1 1 0 0
2014   2 28  4  5 23 454718  -13.80522  158.87965    15513  37.7  1  0  4  6 0 0 0 0 0 0 0 1 0 0 1 1 0 1
2014   2 28  4  5 23 594609  -27.21103  -43.46510     3478  21.5  0  0  5 10 0 0 1 1 1 0 0 0 0 0 1 0 0 1
2014   2 28  4  5 23 970158  -27.19226  -43.53679     3251  28.7  0  0  6 15 0 0 1 1 0 0 0 1 0 1 1 0 0 1
2014   2 28  4  5 24 687884    1.62585    2.39606    57977  54.3  2  0  5  8 0 0 0 1 1 0 0 0 0 1 0 1 0 1
2014   2 28  4  5 25 186330    6.15925  -77.91622     5337  10.9  0  0  4  6 0 0 0 1 0 0 0 1 0 0 1 1 0 0
2014   2 28  4  5 25 540009  -27.18574  -43.28298     3386  30.1  0  0  6 15 0 0 1 1 1 0 0 1 0 0 1 0 0 1
2014   2 28  4  5 26 152519    2.39098  -67.91935     9087  54.1  2  0  5  9 0 0 0 1 1 0 0 0 0 0 1 1 0 1
2014   2 28  4  5 26 813425  -16.89568  -51.10028     3192  60.0  1  0  7 21 0 0 1 1 1 0 0 1 0 1 1 1 0 0
2014   2 28  4  5 26 840050  -16.89264  -50.98510     3387  65.8  1  0  7 21 0 0 1 1 1 0 0 1 0 0 1 1 0 1
2014   2 28  4  5 27 934130  -33.76276  -40.69678     5515  71.0  2  0  7 19 0 0 1 1 1 0 0 1 0 0 1 1 0 1
2014   2 28  4  5 28 245063  -25.33304  -45.03782     4353  44.0  1  0  5 10 0 0 0 1 1 0 0 1 0 0 1 0 0 1
2014   2 28  4  5 28 533952  -32.80750  -41.74477     5268  29.7  0  0  6 11 0 0 0 1 1 0 0 0 0 1 1 1 0 1
2014   2 28  4  5 28 813847  -25.47284  -45.09482     3277  50.3  1  0  7 21 0 0 1 1 1 0 0 1 0 1 1 0 0 1
2014   2 28  4  5 29  26835  -23.19415  -46.12405     4551  75.3  2  0  6 15 0 0 1 1 1 0 0 1 0 0 1 0 0 1
2014   2 28  4  5 29 293678   -6.48872    8.79357    10356  53.8  1  0  7 20 0 0 1 0 1 0 0 1 0 1 1 1 0 1
2014   2 28  4  5 29 461862  -33.74870  -40.49689     8581  53.5  2  0  5 10 0 0 1 0 1 0 0 0 0 1 1 0 0 1
2014   2 28  4  5 29 665702  -33.70601  -41.02039     6399  68.2  2  0  6 15 0 0 1 1 1 0 0 1 0 0 1 0 0 1
2014   2 28  4  5 29 934161  -27.09921  -43.69316     6856  54.1  1  0  6 11 0 0 1 0 1 0 0 1 0 1 1 0 0 1
2014   2 28  4  5 30  34132  -16.78235  -50.90297     4062  26.4  0  0  5 10 0 0 1 1 1 0 0 0 0 0 1 0 0 1
2014   2 28  4  5 30 442464    5.46601  -76.54530     9430  81.9  2  0  6 15 0 0 0 1 1 0 0 1 0 0 1 1 0 1
2014   2 28  4  5 31 698212  -12.06094  -72.68689     4324  39.9  1  0  5 10 0 0 1 0 1 0 0 0 0 0 1 1 0 1
2014   2 28  4  5 31 966881   -5.29459   -6.03416    92288  70.8  2  0  5 10 0 0 1 1 1 0 0 0 0 0 1 0 0 1
2014   2 28  4  5 32  14314    4.20322  -13.29974    17983  94.0  2  0  6 15 0 0 1 1 1 0 0 1 0 0 0 1 0 1
2014   2 28  4  5 32 712105  -30.40227  -43.47133     3424  34.7  0  0  6 15 0 0 1 1 1 0 0 1 0 1 0 0 0 1
2014   2 28  4  5 32 756790  -29.57019  -43.90833     8487  40.2  1  0  5 10 0 0 0 0 1 0 0 1 0 1 1 0 0 1
2014   2 28  4  5 32 788441  -29.65474  -43.68839     4458  23.4  0  0  5 10 0 0 0 1 1 0 0 0 0 1 1 0 0 1
2014   2 28  4  5 32 804833  -29.77964  -43.58328     4419  35.4  0  0  6 15 0 0 0 1 1 0 0 1 0 0 1 1 0 1
2014   2 28  4  5 32 947400  -22.42758  -47.75437     5293 100.2  2  0  6 11 0 0 0 1 1 0 0 1 0 0 1 1 0 1
2014   2 28  4  5 33 200097    7.83614  -72.73956     6477  66.6  2  0  6 13 0 0 1 0 1 0 0 0 0 1 1 1 0 1
2014   2 28  4  5 33 363167  -26.72536  -43.93549     3846  38.1  0  0  6 15 0 0 0 1 1 0 0 1 0 1 1 0 0 1
2014   2 28  4  5 33 897793   -5.74143  -73.90075     6672 108.6  2  0  7 19 0 0 1 0 1 0 0 1 0 1 1 1 0 1
2014   2 28  4  5 35 238456  -23.19861  -46.66351     3004   7.6  0  0  4  6 0 0 1 0 0 0 0 1 0 0 1 0 0 1
2014   2 28  4  5 35 658920  -27.01622  -43.72708     5900  81.3  2  0  6 13 0 0 1 1 1 0 0 1 0 0 1 0 0 1
2014   2 28  4  5 35 670689    1.51636  -37.41724     8400  29.8  0  0  5  7 0 0 1 1 1 0 0 0 0 0 1 1 0 0
2014   2 28  4  5 35 719569  -20.18836  -47.30527     7083 121.5  2  0  6 12 0 0 1 1 0 0 0 1 0 1 1 0 0 1
2014   2 28  4  5 35 812752  -19.90117  -47.55090     3803  21.7  1  0  4  6 0 0 1 1 0 0 0 0 0 1 1 0 0 0
2014   2 28  4  5 36 118488   13.12042  -57.48096     9060 105.8  2  0  6 15 0 0 1 0 1 0 0 1 0 0 1 1 0 1
2014   2 28  4  5 36 133968  -13.13587  -71.42657     3238  14.0  0  0  6 15 0 0 0 1 1 0 0 1 0 0 1 1 0 1
2014   2 28  4  5 36 146037   15.67866  -56.57598    24531  64.7  2  0  6 12 0 0 1 1 1 0 0 0 0 0 1 0 1 1
2014   2 28  4  5 36 276533  -27.24289  -43.08524     2628   8.6  0  0  6 15 0 0 1 1 0 0 0 1 0 1 1 0 0 1
2014   2 28  4  5 36 374836  -27.22219  -43.09688     2916  13.5  0  0  6 13 0 0 1 1 1 0 0 0 0 0 1 1 0 1
2014   2 28  4  5 36 671543  -27.25773  -42.87040     5192  53.1  1  0  6 11 0 0 1 1 1 0 0 1 0 0 1 0 0 1
2014   2 28  4  5 36 838531  -27.24991  -43.08765     3226   9.0  0  0  5  8 0 0 1 1 1 0 0 1 0 0 1 0 0 0
2014   2 28  4  5 37  15856  -12.10404  156.46368    18941   5.7  0  0  5 10 0 0 0 1 1 0 0 0 0 0 1 1 0 1
2014   2 28  4  5 37 169229    4.56651  -71.11830     9768   2.9  0  0  4  6 0 0 0 1 0 0 0 1 0 0 1 0 0 1
2014   2 28  4  5 37 185714    4.84964  -71.64602     5095   6.2  0  0  4  6 0 0 0 1 0 0 0 1 0 0 0 1 0 1
2014   2 28  4  5 37 294231  -11.90869  169.40009    14969  49.2  1  0  6 15 0 0 1 1 1 0 0 1 0 0 0 1 0 1
2014   2 28  4  5 37 714056  -12.66638  171.93567    14299  15.6  0  0  5 10 0 0 1 1 1 0 0 0 0 0 1 1 0 0
2014   2 28  4  5 37 779572   -5.54613  -74.12775     3627  12.3  0  0  6 13 0 0 1 0 1 0 0 1 0 1 1 0 0 1
2014   2 28  4  5 37 869612  -27.26101  -43.15647     3260  11.7  0  0  5  8 0 0 1 1 1 0 0 0 0 0 1 0 0 1
2014   2 28  4  5 37 991016  -32.94747  -41.35060     3043  14.9  0  0  6 15 0 0 1 1 1 0 0 1 0 0 1 0 0 1
2014   2 28  4  5 38   1214  -32.93921  -41.34869     3406  12.5  0  0  5  9 0 0 1 1 1 0 0 1 0 0 1 0 0 0
2014   2 28  4  5 38  71445  -32.90776  -41.38373     2777  15.8  0  0  7 21 0 0 1 1 1 0 0 1 0 1 1 0 0 1
2014   2 28  4  5 38 137658  -32.92942  -41.38279     3417  15.9  0  0  5 10 0 0 1 1 0 0 0 1 0 1 1 0 0 0
2014   2 28  4  5 38 160427  -21.23157  -49.23544     3005  28.6  0  0  6 11 0 0 0 1 1 0 0 1 0 1 1 1 0 0
2014   2 28  4  5 38 191235  -27.25648  -43.34838     2874  11.2  0  0  6 14 0 0 1 1 1 0 0 1 0 0 1 0 0 1
2014   2 28  4  5 38 212667  -32.90215  -41.32602     3135  16.6  0  0  6 15 0 0 1 1 1 0 0 1 0 0 1 0 0 1
2014   2 28  4  5 38 444410    5.65692  -76.94072     4394  44.4  0  0  7 21 0 0 1 1 1 0 0 1 0 1 1 1 0 0
2014   2 28  4  5 38 481964  -27.24195  -43.41886     3186  16.8  0  0  6 11 0 0 1 1 1 0 0 1 0 0 1 0 0 1
2014   2 28  4  5 38 907645   -4.66760    6.68260    29739  17.7  0  0  5 10 0 0 1 1 1 0 0 0 0 0 1 0 0 1
2014   2 28  4  5 39  98311  -14.03603  160.22162     9194   7.7  0  0  4  6 0 0 1 0 0 0 0 1 0 0 1 1 0 0
2014   2 28  4  5 39 183625  -13.91442  159.72516    12021  25.3  1  0  4  6 0 0 0 1 0 0 0 1 0 0 1 1 0 0
2014   2 28  4  5 39 363413  -21.95630  -48.43797     3402  23.3  0  0  5  7 0 0 0 1 1 0 0 1 0 0 1 0 0 1
2014   2 28  4  5 39 521387  -27.12391  -43.56888     3013  20.6  0  0  6 14 0 0 1 1 0 0 0 1 0 1 1 0 0 1
2014   2 28  4  5 39 599054  -27.13139  -43.56958     2991  21.5  0  0  6 13 0 0 1 1 1 0 0 1 0 1 1 0 0 0
2014   2 28  4  5 39 733397  -14.02057  160.89525     6207  28.7  0  0  7 21 0 0 0 1 1 0 0 1 0 1 1 1 0 1
2014   2 28  4  5 39 941556  -20.24342  -46.67656     2911  18.7  0  0  6 12 0 0 1 0 1 0 0 0 0 1 1 1 0 1
2014   2 28  4  5 39 983953  -20.41904  -46.71376     2783  23.4  0  0  6 15 0 0 1 1 1 0 0 1 0 0 1 0 0 1
2014   2 28  4  5 40 448497  -11.70280  -56.82632     3929  32.2  0  0  6 14 0 0 0 1 1 0 0 1 0 1 1 0 0 1
2014   2 28  4  5 40 632397   39.28321 -136.09294    13935  44.4  0  0  7 20 0 0 1 1 1 0 0 1 0 1 0 1 0 1
2014   2 28  4  5 41 273116  -27.47281  -43.49360     6037  48.8  1  0  5  7 0 0 1 1 1 0 0 0 0 1 1 0 0 0
2014   2 28  4  5 41 323484  -27.34949  -43.50687     4010  41.2  0  0  7 19 0 0 1 0 1 0 0 1 0 1 1 1 0 1
2014   2 28  4  5 41 493405    1.36665  -70.55613     4875  43.6  1  0  6 13 0 0 1 1 1 0 0 1 0 0 0 1 0 1
2014   2 28  4  5 42  16339  -20.32765  -47.08600     5534  48.2  1  0  5  8 0 0 1 1 1 0 0 0 0 1 0 0 0 1
2014   2 28  4  5 42 843130  -22.65387  -48.29617     4116  75.3  2  0  6 15 0 0 1 1 0 0 0 1 0 0 1 1 0 1
2014   2 28  4  5 43 450223  -23.07366  -47.25062     3867  51.0  2  0  5 10 0 0 1 1 1 0 0 1 0 0 0 0 0 1
2014   2 28  4  5 43 704789  -15.79212 -140.18904    10456  55.0  1  0  7 21 0 0 1 1 1 0 0 1 0 1 0 1 0 1
2014   2 28  4  5 43 726604  -15.76097 -139.00307    12304  67.0  1  0  7 21 0 0 1 1 1 0 0 1 0 1 1 1 0 0
2014   2 28  4  5 43 814599   -6.24367   17.28800    53062  59.9  1  0  6 11 0 0 1 1 1 0 0 1 0 0 1 0 0 1
2014   2 28  4  5 43 847961  -27.16125  -43.50157     3689  17.4  0  0  5  7 0 0 1 1 1 0 0 1 0 0 0 0 0 1
2014   2 28  4  5 44 831395  -27.15006  -43.69339     4727  46.1  1  0  5 10 0 0 1 1 1 0 0 0 0 0 1 0 0 1
2014   2 28  4  5 44 869711  -27.15433  -43.64460     5244  38.6  1  0  5  8 0 0 1 1 1 0 0 1 0 0 1 0 0 0
2014   2 28  4  5 44 917931  -32.62881  -42.63882     5734  82.2  2  0  7 21 0 0 1 1 1 0 0 1 0 0 1 1 0 1
2014   2 28  4  5 44 930457  -32.57086  -42.95129     3829  34.1  0  0  6 12 0 0 1 1 1 0 0 0 0 1 0 1 0 1
2014   2 28  4  5 45 126370  -32.70808  -42.55865     6080  64.3  2  0  6 14 0 0 1 1 1 0 0 1 0 0 1 0 0 1
2014   2 28  4  5 45 352997  -32.71294  -42.54996     7516  71.1  2  0  5 10 0 0 1 1 1 0 0 0 0 0 1 0 0 1
2014   2 28  4  5 45 397847   -4.99705  -49.81926     6407  70.5  2  0  5 10 0 0 0 1 1 0 0 0 0 0 1 1 0 1
2014   2 28  4  5 46   4551  -15.09632   53.68243    60219  65.0  2  0  5 10 0 0 1 1 1 0 0 0 0 0 1 0 0 1
2014   2 28  4  5 46 451835  -11.71340  -32.67241    67759  52.1  2  0  5 10 0 0 1 1 1 0 0 0 0 0 1 0 0 1
2014   2 28  4  5 47 455974  -11.64168  -57.24199     4198  96.5  2  0  7 21 0 0 1 1 1 0 0 1 0 0 1 1 0 1
2014   2 28  4  5 47 977744   -1.11838  -70.65603     4956  90.7  2  0  7 20 0 0 1 1 1 0 0 1 0 0 1 1 0 1
2014   2 28  4  5 47 994234  -16.24541  -51.30704     4696  85.3  2  0  6 15 0 0 1 1 1 0 0 1 0 0 1 0 0 1
2014   2 28  4  5 50 517978  -22.46973  -48.28823     5763  96.3  2  0  6 11 0 0 1 1 1 0 0 1 0 0 1 0 0 1
2014   2 28  4  5 52 107442  -14.18931  159.75018    11835  21.5  1  0  4  6 0 0 1 0 0 0 0 1 0 0 1 1 0 0
2014   2 28  4  5 52 193454    2.09751  -67.58691     2684  12.2  0  0  7 21 0 0 0 1 1 0 0 1 0 1 1 1 0 1
2014   2 28  4  5 52 510797  -20.27357  -46.82379     3409  31.2  0  0  6 12 0 0 1 1 1 0 0 1 0 0 1 0 0 1
2014   2 28  4  5 52 920296  -23.13321  -46.12520     3094  10.7  0  0  5  9 0 0 0 1 1 0 0 0 0 0 1 1 0 1
2014   2 28  4  5 53 360330    5.59916  154.30159    18887  13.5  0  0  4  6 0 0 1 0 0 0 0 1 0 0 1 0 0 1
2014   2 28  4  5 53 362159    1.46283    3.35587    13819   7.9  0  0  5  7 0 0 1 1 0 0 0 1 0 0 1 0 0 1
2014   2 28  4  5 53 367488    6.16799  152.50273     4818  21.4  0  0  7 21 0 0 0 1 1 0 0 1 0 1 1 1 0 1
2014   2 28  4  5 53 395735    5.80521  153.58247    16168  17.8  0  0  5 10 0 0 0 1 1 0 0 1 0 0 1 0 0 1
2014   2 28  4  5 53 464398  -27.23332  -43.35555     3212  12.0  0  0  5  7 0 0 1 1 0 0 0 1 0 1 0 0 0 1
2014   2 28  4  5 53 501214  -27.23082  -43.38115     2903  12.6  0  0  6 13 0 0 1 1 1 0 0 1 0 0 1 0 0 1
2014   2 28  4  5 53 568655  -27.23480  -43.37916     2600  13.5  0  0  7 19 0 0 1 1 0 0 0 1 0 1 1 1 0 1
2014   2 28  4  5 53 633525  -13.97988  173.23955    31927   4.7  0  0  4  6 0 0 1 1 0 0 0 1 0 0 1 0 0 0
2014   2 28  4  5 53 829264  -27.26613  -43.17178     2967  16.1  0  0  6 13 0 0 1 1 1 0 0 1 0 0 1 0 0 1
2014   2 28  4  5 53 858472  -27.25815  -43.18064     2575  13.8  0  0  7 20 0 0 1 1 1 0 0 1 0 1 1 0 0 1
2014   2 28  4  5 54 307465    6.78212  -78.50001     6408   0.1  0  0  4  6 0 0 0 1 0 0 0 1 0 0 0 1 0 1
2014   2 28  4  5 55 202824    4.78140  -72.10178     4437  48.3  1  0  6 15 0 0 1 1 1 0 0 1 0 0 0 1 0 1
2014   2 28  4  5 55 907021  -13.90432  159.24936     9905  30.5  1  0  5 10 0 0 1 1 0 0 0 1 0 0 1 1 0 0
2014   2 28  4  5 56 414200  -24.23821 -135.69519    13709  61.8  1  0  7 21 0 0 1 1 1 0 0 1 0 0 1 1 0 1
2014   2 28  4  5 56 678307  -27.21270  -43.56114     3192  18.8  0  0  6 13 0 0 1 1 1 0 0 1 0 0 1 0 0 1
2014   2 28  4  5 56 836533  -27.23466  -43.54134     3931  18.1  0  0  5  8 0 0 1 1 1 0 0 1 0 0 1 0 0 0
2014   2 28  4  5 57  69121  -27.14530  -43.61533     3716  12.6  0  0  5  8 0 0 0 1 1 0 0 1 0 0 1 0 0 1
2014   2 28  4  5 57 134273  -27.19804  -43.60294     2727  19.1  0  0  7 21 0 0 1 0 1 0 0 1 0 1 1 0 1 1
2014   2 28  4  5 57 170244  -12.18555  171.06874     9945   8.4  0  0  4  6 0 0 1 1 0 0 0 1 0 0 0 1 0 0
2014   2 28  4  5 57 463154  -21.08177 -138.87820    27320  35.8  1  0  5 10 0 0 1 1 1 0 0 1 0 0 1 0 0 0
2014   2 28  4  5 57 544911   -6.06871  -73.88412     5413  44.7  0  0  7 19 0 0 1 1 1 0 0 1 0 1 1 0 0 1
2014   2 28  4  5 57 567330   -5.84495  -74.99631    10576  30.7  1  0  5  8 0 0 0 1 1 0 0 1 0 0 0 1 0 1
2014   2 28  4  5 57 696863  -22.70630  -48.26225     4509  85.1  2  0  6 14 0 0 1 1 1 0 0 1 0 0 1 0 0 1
2014   2 28  4  5 57 792494  -20.37823  -49.66470     2916  48.4  0  0  7 20 0 0 1 1 1 0 0 1 0 1 1 0 0 1
2014   2 28  4  5 57 922266    8.42293  139.12741     7735 122.4  2  0  6 14 0 0 1 1 1 0 0 1 0 0 1 0 0 1
2014   2 28  4  5 58  33043  -19.35828 -143.84062    17951  43.8  1  0  5  9 0 0 1 1 0 0 0 1 0 0 1 1 0 0
2014   2 28  4  5 58  83751   -4.47966  -68.77665     3429  47.7  0  0  7 21 0 0 1 1 1 0 0 1 0 0 1 1 0 1
2014   2 28  4  5 58 103119  -19.14292 -148.13998   120063  73.2  2  0  6 14 0 0 0 1 1 0 0 1 0 0 1 0 1 1
2014   2 28  4  5 58 147211  -19.53509 -145.78827    22880  52.8  1  0  6 14 0 0 0 1 1 0 0 1 0 0 1 1 0 1
2014   2 28  4  5 59  15268    4.94387  -85.09202    21199  66.4  2  0  6 14 0 0 0 1 1 0 0 0 0 1 1 1 0 1
2014   2 28  4  5 59  54740  -27.17622  -43.47642     3290  11.6  0  0  5  8 0 0 1 1 1 0 0 1 0 0 0 0 0 1
2014   2 28  4  5 59  88528    4.97072  -85.37608     9704  59.1  1  0  7 20 0 0 0 1 1 0 0 1 0 1 1 1 0 1
2014   2 28  4  5 59 824224  -27.82712  -43.69392     3107  34.1  0  0  7 21 0 0 1 1 1 0 0 1 0 1 1 0 0 1
2014   2 28  4  6  0  93896  -22.82372  -47.34594     3319  49.2  1  0  6 15 0 0 1 1 1 0 0 1 0 0 1 0 0 1
2014   2 28  4  6  0 296355  -27.06595  -43.82310     3971  50.8  1  0  7 16 0 0 1 1 1 0 0 1 0 0 1 1 0 1
2014   2 28  4  6  0 328208  -26.93324  -43.94079     7151  37.3  0  0  6 11 0 0 0 1 1 0 0 1 0 1 0 1 0 1
2014   2 28  4  6  0 429984  -26.94839  -43.87379     3843  22.1  0  0  5 10 0 0 0 1 0 0 0 1 0 1 1 0 0 1
2014   2 28  4  6  0 705804  -27.03955  -43.79028     3550  36.6  0  0  6 15 0 0 1 1 0 0 0 1 0 1 1 0 0 1
2014   2 28  4  6  0 798647  -26.91446  -43.91054     4222  16.1  0  0  5  7 0 0 0 1 1 0 0 1 0 0 1 0 0 1
2014   2 28  4  6  0 809146  -21.43477  -51.70079     3602  67.9  1  0  7 16 0 0 0 1 1 0 0 1 0 1 1 1 0 1
2014   2 28  4  6  1  46448  -27.01137  -43.82960     3201  36.9  0  0  7 19 0 0 1 1 1 0 0 1 0 1 1 0 0 1
2014   2 28  4  6  1 229494  -27.04963  -43.79562     4290  34.1  0  0  6 11 0 0 1 1 1 0 0 1 0 0 1 0 0 1
2014   2 28  4  6  1 826331    2.71119  -67.94873     6243  72.7  2  0  6 14 0 0 0 1 1 0 0 1 0 0 1 1 0 1
2014   2 28  4  6  3 501688  -26.89546  -43.75091     3846  15.4  0  0  5  8 0 0 0 1 1 0 0 1 0 0 1 0 0 1
2014   2 28  4  6  4  50933  -20.36491  -46.89850     4243  76.9  2  0  6 15 0 0 1 1 1 0 0 1 0 0 1 0 0 1
2014   2 28  4  6  4 428527  -22.70343  -47.54962     3040  16.6  0  0  5 10 0 0 1 1 1 0 0 0 0 0 1 0 0 1
2014   2 28  4  6  4 463349   11.63506  -88.23963    23161 101.6  2  0  6 15 0 0 1 1 1 0 0 1 0 1 0 0 0 1
2014   2 28  4  6  4 993393   30.31868 -131.62300    27068 104.4  2  0  6 15 0 0 1 0 1 0 0 1 0 0 1 1 0 1
2014   2 28  4  6  5  78880    4.81187  -10.35562    28670  89.0  2  0  6 14 0 0 0 1 1 0 0 1 0 0 1 1 0 1
2014   2 28  4  6  5 154975    4.14920  -13.24058    17959  97.0  2  0  7 18 0 0 1 1 1 0 0 1 0 0 1 1 0 1
2014   2 28  4  6  5 799378  -27.04398  -43.93631     4675  58.9  1  0  6 15 0 0 1 1 1 0 0 1 0 0 1 0 0 1
2014   2 28  4  6  6 130518  -24.97875  -45.52583     3706  32.2  1  0  5 10 0 0 0 1 1 0 0 1 0 1 1 0 0 0
2014   2 28  4  6  6 139889  -25.06723  -45.39960     3575  65.4  1  0  7 21 0 0 1 1 1 0 0 1 0 1 1 0 0 1
2014   2 28  4  6  6 701293  -25.01583  -45.44812     4709  61.4  2  0  6 12 0 0 1 1 1 0 0 1 0 0 1 0 0 1
2014   2 28  4  6  6 966238  -20.47267  -47.22986     4658 117.8  2  0  7 18 0 0 1 1 1 0 0 1 0 1 1 0 0 1
2014   2 28  4  6  7  65779  -20.87982  -46.74113     5764  35.7  1  0  5  8 0 0 1 1 1 0 0 0 0 0 1 0 0 1
2014   2 28  4  6  8  93101    7.10679  151.74901    11514  18.1  0  0  5 10 0 0 0 1 1 0 0 0 0 0 1 1 0 1
2014   2 28  4  6  8 532146  -27.20665 -125.51591    20355  96.1  2  0  6 14 0 0 1 1 1 0 0 1 0 0 1 1 0 0
2014   2 28  4  6  8 583534  -16.18859  -50.55764     2314  11.1  0  0  7 21 0 0 0 1 1 0 0 1 0 1 1 1 0 1
2014   2 28  4  6  8 674166  -16.91555  -50.87862     2300   8.8  0  0  7 21 0 0 1 1 1 0 0 0 0 1 1 1 0 1
2014   2 28  4  6  8 920930  -16.32243  -50.27890     4538  89.6  2  0  6 15 0 0 0 1 1 0 0 1 0 0 1 1 0 1
2014   2 28  4  6  9 223631  -20.38324  -46.74145     2608  18.0  0  0  6 15 0 0 1 1 1 0 0 1 0 1 1 0 0 0
2014   2 28  4  6  9 767300  -33.65554  -40.68889     3723   8.1  0  0  4  6 0 0 1 1 0 0 0 0 0 0 1 0 0 1
2014   2 28  4  6 10  92154  -15.38465  161.32654    45569  43.0  1  0  6 15 0 0 1 1 1 0 0 1 0 1 0 0 0 1
2014   2 28  4  6 10 523516    4.63415  -72.26142     3573   2.5  0  0  5 10 0 0 0 0 1 0 0 1 0 1 0 1 0 1
2014   2 28  4  6 10 708179    0.41616  -14.22022     5631  19.2  0  0  7 20 0 0 1 1 1 0 0 1 0 0 1 1 0 1
2014   2 28  4  6 10 870194   -0.13184  -14.53870    16110  21.5  0  0  6 11 0 0 1 1 1 0 0 1 0 0 1 0 0 1
2014   2 28  4  6 10 902057  -27.14830 -138.66585    19687  46.5  0  0  7 21 0 0 0 1 1 0 0 1 0 1 1 1 0 1
2014   2 28  4  6 10 913513  -27.12659  -43.17718     3586  16.9  0  0  5  9 0 0 0 1 1 0 0 1 0 1 1 0 0 0
2014   2 28  4  6 11   3000  -27.08451 -136.26596    14637  60.7  1  0  7 21 0 0 1 1 1 0 0 1 0 0 1 1 0 1
2014   2 28  4  6 11 578877    4.47959  -72.63973     3793  27.8  0  0  7 21 0 0 0 1 1 0 0 1 0 1 1 1 0 1
2014   2 28  4  6 11 775922    6.43426  -75.48946     4506  28.8  0  0  7 20 0 0 0 1 1 0 0 1 0 1 1 1 0 1
2014   2 28  4  6 12  83449  -27.20122  -43.30144     2722  19.3  0  0  7 19 0 0 1 1 1 0 0 1 0 1 1 0 0 1
2014   2 28  4  6 12 145906  -23.12293  -46.18159     4388  35.2  0  0  6 11 0 0 1 1 1 0 0 1 0 0 1 0 0 1
2014   2 28  4  6 12 177434  -27.20473  -43.27121     4303  16.5  0  0  4  6 0 0 1 1 0 0 0 0 0 0 1 0 0 1
2014   2 28  4  6 12 292551  -23.16114  -46.11632     3399  40.7  1  0  6 15 0 0 1 1 1 0 0 1 0 0 1 0 0 1
2014   2 28  4  6 12 300345  -23.16493  -46.11316     3390  40.5  1  0  6 15 0 0 1 1 1 0 0 1 0 0 1 0 0 1
2014   2 28  4  6 13 773503  -20.41151  -49.54871     3282  37.0  0  0  6 14 0 0 1 1 1 0 0 1 0 0 1 0 0 1
2014   2 28  4  6 13 829273   -2.08261  -71.95531     4612  41.5  1  0  6 15 0 0 0 1 1 0 0 1 0 0 1 1 0 1
2014   2 28  4  6 13 953797   -2.17527  -72.28699     4554  27.0  0  0  6 15 0 0 0 1 1 0 0 1 0 1 0 1 0 1
2014   2 28  4  6 14  94862   -2.10547  -72.01276     4533  48.9  0  0  7 21 0 0 0 1 1 0 0 1 0 1 1 1 0 1
2014   2 28  4  6 14 182682   -2.07516  -71.96223     4795  44.7  1  0  6 15 0 0 0 1 1 0 0 1 0 0 1 1 0 1
2014   2 28  4  6 14 245734   -2.10062  -71.87487     5261  43.4  1  0  6 15 0 0 0 0 1 0 0 1 0 1 1 1 0 1
2014   2 28  4  6 14 652006    5.58106  151.88441     9233  21.4  1  0  4  6 0 0 1 0 0 0 0 1 0 0 1 1 0 0
2014   2 28  4  6 14 884158  -15.81671  -50.08409     4363  47.9  1  0  5 10 0 0 0 1 1 0 0 1 0 0 1 0 0 1
2014   2 28  4  6 15 347185  -27.15266  -43.39389     4496  30.2  1  0  5  8 0 0 1 1 1 0 0 1 0 0 1 0 0 0
2014   2 28  4  6 15 492523  -20.32832  -46.92825     4142  49.6  1  0  5 10 0 0 0 1 1 0 0 1 0 0 1 0 0 1
2014   2 28  4  6 15 701928    5.37173  -76.31019    30933  59.6  2  0  5 10 0 0 0 1 1 0 0 1 0 0 1 0 0 1
2014   2 28  4  6 16 226363  -27.14310  -43.74330     3151  38.6  0  0  7 21 0 0 1 1 1 0 0 1 0 1 1 0 0 1
2014   2 28  4  6 16 556255  -27.15946  -43.74116     4530  46.0  1  0  6 11 0 0 1 1 1 0 0 1 0 0 1 0 0 1
2014   2 28  4  6 16 641212   -5.59190  -54.55471     3331  61.2  1  0  7 21 0 0 0 1 1 0 0 0 0 1 1 1 1 1
2014   2 28  4  6 17 487236  -23.10445  -45.99999     4510  60.8  2  0  5 10 0 0 1 0 1 0 0 1 0 0 1 0 0 1
2014   2 28  4  6 17 560058  -23.14135  -46.05417     4682  80.6  2  0  6 15 0 0 1 1 1 0 0 1 0 0 1 0 0 1
2014   2 28  4  6 18 365528  -12.81690  -74.45489     5780  24.2  1  0  4  6 0 0 0 1 0 0 0 1 0 0 1 1 0 0
2014   2 28  4  6 18 441683  -26.84468  -43.76163     3264  14.7  0  0  5 10 0 0 0 1 1 0 0 0 0 1 1 0 0 1
2014   2 28  4  6 18 929477    5.78177  -78.35951    10024  88.6  2  0  7 20 0 0 0 1 1 0 0 0 0 1 1 1 1 1
2014   2 28  4  6 19 245820    6.43395  -76.02612    10918  89.6  2  0  6 13 0 0 0 1 1 0 0 1 0 0 1 1 0 1
2014   2 28  4  6 19 569202    6.58801  -75.74356    12227 113.5  2  0  6 13 0 0 0 1 1 0 0 1 0 0 1 1 0 1
2014   2 28  4  6 19 679411  -13.31218  158.39189   105243  81.7  2  0  5 10 0 0 1 1 0 0 0 0 0 0 1 1 0 1
2014   2 28  4  6 20 417153   11.67088 -106.28648    19998  28.8  1  0  4  6 0 0 0 1 0 0 0 1 0 0 1 1 0 0
2014   2 28  4  6 20 581941  -16.28502  -51.22239     4052  98.2  2  0  7 21 0 0 1 1 1 0 0 1 0 1 1 0 0 1
2014   2 28  4  6 20 623782  -11.62311  -57.18660     5849 119.9  2  0  6 15 0 0 1 1 0 0 0 0 0 1 1 1 0 1
2014   2 28  4  6 21 894837  -15.15105  -52.69148     5407 102.9  2  0  6 15 0 0 1 1 1 0 0 1 0 0 1 0 0 1
2014   2 28  4  6 21 902936  -15.14855  -52.69146     5384 102.3  2  0  6 15 0 0 1 1 1 0 0 1 0 0 1 0 0 1
2014   2 28  4  6 21 974556  -15.16139  -52.95435     4366 113.0  2  0  7 21 0 0 0 1 1 0 0 1 0 1 1 1 0 1
2014   2 28  4  6 22 366493   -5.82289  -54.20690     4126 100.7  2  0  7 21 0 0 0 1 1 0 0 0 0 1 1 1 1 1
2014   2 28  4  6 22 405585   -5.71701  -54.00043     4296 110.2  2  0  7 21 0 0 1 1 1 0 0 1 0 0 1 1 0 1
2014   2 28  4  6 22 432435   -5.86166  -54.26357     3303  61.8  1  0  7 21 0 0 0 1 1 0 0 1 0 1 0 1 1 1
2014   2 28  4  6 22 457610   -5.73985  -54.01327     5506 125.1  2  0  7 21 0 0 1 1 1 0 0 0 0 1 1 1 0 1
2014   2 28  4  6 22 706476   -5.79563  -54.16771     4312 104.3  2  0  7 21 0 0 0 1 1 0 0 1 0 1 1 1 0 1
2014   2 28  4  6 22 916035   -5.70977  -53.97908     4401 115.2  2  0  7 21 0 0 1 1 1 0 0 1 0 0 1 1 0 1
2014   2 28  4  6 23   6097   -5.79361  -54.17788     4373 107.0  2  0  7 21 0 0 0 1 1 0 0 1 0 1 1 1 0 1
2014   2 28  4  6 23 174727  -32.67675  -41.95007     8099 100.6  2  0  6 15 0 0 1 1 1 0 0 1 0 0 1 0 0 1
2014   2 28  4  6 23 252121  -32.59254  -42.13326     6277 102.5  2  0  7 21 0 0 1 1 1 0 0 1 0 1 1 0 0 1
2014   2 28  4  6 23 469584    5.61311  -91.52253    11021   2.8  0  0  4  6 0 0 0 1 1 0 0 0 0 1 0 1 0 0
2014   2 28  4  6 23 741875  -20.42538  -46.96090     5051 103.8  2  0  6 15 0 0 1 1 1 0 0 1 0 0 1 0 0 1
2014   2 28  4  6 23 948560  -22.47226  -47.74299     4997  99.3  2  0  6 13 0 0 1 1 1 0 0 1 0 0 1 0 0 1
2014   2 28  4  6 23 966396  -19.39111 -144.49879    22894 134.7  2  0  7 21 0 0 1 1 0 0 0 1 0 0 1 1 1 1
2014   2 28  4  6 24  33920  -20.19127 -139.98982     4924   9.2  0  0  7 21 0 0 1 1 1 0 0 0 0 1 1 1 0 1
2014   2 28  4  6 24  51476  -20.24417 -140.81187    11571  52.9  1  0  7 20 0 0 1 1 1 0 0 1 0 0 1 1 0 1
2014   2 28  4  6 24  76008  -20.57542 -139.29953     5059  10.8  0  0  7 21 0 0 1 1 1 0 0 0 0 1 1 1 0 1
2014   2 28  4  6 24 117415  -20.57665 -139.35619     5007  10.5  0  0  7 21 0 0 1 1 1 0 0 0 0 1 1 1 0 1
2014   2 28  4  6 24 172109  -20.18683 -140.28561     6962  16.8  0  0  6 15 0 0 1 1 1 0 0 1 0 0 0 1 0 1
2014   2 28  4  6 24 178935  -22.31336  -47.88014     2439   8.0  0  0  6 13 0 0 1 1 1 0 0 1 0 0 1 0 0 1
2014   2 28  4  6 24 267427  -13.46661  158.32988     8163  46.9  0  0  7 21 0 0 1 1 1 0 0 1 0 0 1 1 0 1
2014   2 28  4  6 24 514494  -27.49301  -43.35318     2888  12.7  0  0  6 13 0 0 1 1 1 0 0 1 0 0 1 0 0 1
2014   2 28  4  6 24 544662  -12.78915  -73.68423     3011  12.8  0  0  7 21 0 0 0 1 1 0 0 1 0 1 1 1 0 1
2014   2 28  4  6 24 561458  -12.78361  -73.69769     3214  11.4  0  0  6 15 0 0 0 1 1 0 0 1 0 0 1 1 0 1
2014   2 28  4  6 24 749265    3.87730  149.65657     5672  40.0  0  0  7 21 0 0 0 1 1 0 0 1 0 0 1 1 1 1
2014   2 28  4  6 25 191751    1.30541    1.88708    22364  13.7  0  0  5  7 0 0 1 1 1 0 0 1 0 0 0 0 0 1
2014   2 28  4  6 25 873577  -27.23226  -43.40760     2943   4.5  0  0  5  8 0 0 1 1 1 0 0 0 0 0 1 0 0 1
2014   2 28  4  6 26 113645  -23.10865  -46.29948     3025  21.5  0  0  5 10 0 0 1 1 1 0 0 1 0 0 0 0 0 1
2014   2 28  4  6 26 831990  -11.71690  168.44225    15533  28.4  0  0  5  9 0 0 0 1 1 0 0 1 0 0 1 1 0 0
2014   2 28  4  6 26 994976  -12.71935  171.99898    16988   4.3  0  0  4  6 0 0 1 1 0 0 0 0 0 0 1 1 0 0
2014   2 28  4  6 27  46473  -11.93696  169.36948    15740  54.0  1  0  6 15 0 0 1 1 1 0 0 1 0 0 1 1 0 0
2014   2 28  4  6 27 124443  -11.93367  169.35556    15916  55.0  1  0  6 15 0 0 1 1 1 0 0 1 0 0 1 1 0 0
2014   2 28  4  6 27 852039  -11.95938  169.56505    20629  46.1  1  0  5  9 0 0 1 1 0 0 0 1 0 0 1 1 0 0
2014   2 28  4  6 28  97075  -27.28436  -43.29949     6570  38.4  1  0  5  7 0 0 1 0 1 0 0 1 0 0 1 0 0 1
2014   2 28  4  6 28 161917  -27.13451  -43.55208     2727  20.3  0  0  7 20 0 0 1 1 1 0 0 1 0 1 1 0 0 1
2014   2 28  4  6 28 192615  -27.10626  -43.59298     3577  31.9  0  0  6 11 0 0 1 1 0 0 0 1 0 1 1 1 0 0
2014   2 28  4  6 28 273703  -27.20899  -43.49593     3759  33.4  0  0  7 16 0 0 1 1 1 0 0 1 0 1 1 0 0 1
2014   2 28  4  6 28 620158  -27.14678  -43.55692     3451  11.6  0  0  5  7 0 0 1 1 1 0 0 1 0 0 0 0 0 1
2014   2 28  4  6 29  64089  -27.21049  -43.61048     3252  20.4  0  0  6 13 0 0 1 1 1 0 0 1 0 0 1 0 0 1
2014   2 28  4  6 29 104895  -22.46110  -48.08149     2940  26.6  0  0  6 12 0 0 1 1 1 0 0 1 0 0 1 0 0 1
2014   2 28  4  6 29 130568  -21.44025  -51.58953     3516  42.8  1  0  6 13 0 0 1 1 0 0 0 1 0 1 1 0 0 1
2014   2 28  4  6 30 136240    7.11459  -79.94696    17115   8.7  0  0  5 10 0 0 0 1 1 0 0 1 0 1 0 0 0 1
2014   2 28  4  6 30 249539    1.29050    1.52445    15828  57.4  1  0  7 20 0 0 0 1 1 0 0 1 0 1 1 1 0 1
2014   2 28  4  6 31 173858  -20.34146  -46.90720     4561  47.5  1  0  5  9 0 0 0 1 1 0 0 1 0 0 1 0 0 1
2014   2 28  4  6 33 368621  -27.17573  -43.27533     5292  44.5  1  0  6 11 0 0 1 1 1 0 0 1 0 0 1 0 0 1
2014   2 28  4  6 33 538904  -27.05962  -43.42130     3715  37.5  0  0  6 15 0 0 1 1 1 0 0 1 0 0 1 0 0 1
2014   2 28  4  6 33 898133  -25.46981  -44.95005     6085  91.6  2  0  7 17 0 0 1 0 1 0 0 1 0 1 1 1 0 1
2014   2 28  4  6 34  32369  -25.54682  -44.90350     4538  20.4  1  0  4  6 0 0 1 1 0 0 0 1 0 0 1 0 0 0
2014   2 28  4  6 34 275121  -27.10791  -43.53313     4124  44.2  1  0  6 14 0 0 1 1 1 0 0 1 0 0 1 0 0 1
2014   2 28  4  6 34 630303   -5.00468  -75.28467     9221  83.7  2  0  6 14 0 0 0 1 1 0 0 1 0 0 1 1 0 1
2014   2 28  4  6 34 685750  -27.50352  -43.99950     3733  32.4  0  0  6 15 0 0 0 1 1 0 0 1 0 1 1 0 0 1
2014   2 28  4  6 34 752935  -27.56643  -43.91072     4234  28.3  0  0  5 10 0 0 0 1 1 0 0 1 0 0 1 0 0 1
2014   2 28  4  6 34 822615  -27.48124  -44.00826     3713  32.1  0  0  6 15 0 0 0 1 1 0 0 1 0 1 1 0 0 1
2014   2 28  4  6 34 923425   10.15767  -73.17827     8846  90.6  2  0  7 18 0 0 1 1 1 0 0 1 0 0 1 1 0 1
2014   2 28  4  6 35 572553  -27.07061  -43.55339     4684  54.0  1  0  6 13 0 0 1 1 1 0 0 1 0 0 1 0 0 1
2014   2 28  4  6 35 721103  -17.05249   16.60216    61500  70.9  2  0  5 10 0 0 1 1 1 0 0 0 0 0 1 0 0 1
2014   2 28  4  6 36  44860    5.02305  -71.77641    11281 121.8  2  0  7 17 0 0 1 1 1 0 0 1 0 1 0 1 0 1
2014   2 28  4  6 36 157138    5.02281  -72.81032    10928  68.3  2  0  5 10 0 0 0 1 0 0 0 1 0 1 0 1 0 1
2014   2 28  4  6 36 212849  -13.02990 -152.67380    29075 100.9  2  0  6 15 0 0 1 0 1 0 0 1 0 0 1 1 0 1
2014   2 28  4  6 36 282567  -26.73981  -44.05231     4415  24.3  0  0  5  8 0 0 0 1 1 0 0 1 0 0 1 0 0 1
2014   2 28  4  6 36 371564  -26.90674  -43.99363     3678  55.8  1  0  7 20 0 0 1 1 1 0 0 1 0 1 1 0 0 1
2014   2 28  4  6 36 510943    3.05197  -69.48035    32394  67.1  2  0  5  9 0 0 0 0 1 0 0 1 0 1 1 0 0 1
2014   2 28  4  6 37 853749  -30.35785  -43.56147     3481  44.6  0  0  7 16 0 0 1 1 1 0 0 1 0 1 0 1 0 1
2014   2 28  4  6 37 881208  -30.31466  -43.63055     3949  58.4  1  0  7 21 0 0 1 1 1 0 0 1 0 1 0 1 0 1
2014   2 28  4  6 37 889377  -30.46499  -43.06700     6656  83.9  2  0  6 15 0 0 1 1 1 0 0 1 0 0 1 0 0 1
2014   2 28  4  6 37 937996  -29.85392  -43.76426    10992  60.2  2  0  6 15 0 0 0 1 1 0 0 1 0 1 0 1 0 1
2014   2 28  4  6 37 967369  -30.56158  -42.92316     8029  79.6  2  0  5 10 0 0 1 1 0 0 0 1 0 0 1 0 0 1
2014   2 28  4  6 38 103066  -30.39092  -43.28732     5198  87.1  2  0  7 21 0 0 1 1 1 0 0 1 0 1 1 0 0 1
2014   2 28  4  6 38 361475  -27.01341  -44.02671     5040  72.6  2  0  6 14 0 0 1 1 0 0 0 1 0 1 1 0 0 1
2014   2 28  4  6 38 424139  -27.03784  -43.93176     5252  65.9  2  0  6 13 0 0 1 1 1 0 0 1 0 0 1 0 0 1
2014   2 28  4  6 38 799577  -27.03431  -43.94508     5408  68.5  2  0  6 13 0 0 1 1 1 0 0 1 0 0 1 0 0 1
2014   2 28  4  6 39 253521  -27.06844  -43.68642     6426  66.3  2  0  5  9 0 0 1 1 1 0 0 1 0 0 1 0 0 0
2014   2 28  4  6 39 319207  -16.28701  -51.45692     4557 121.7  2  0  7 21 0 0 1 1 1 0 0 1 0 1 1 0 0 1
2014   2 28  4  6 39 505884  -16.31683  -51.50278     4562 122.0  2  0  7 21 0 0 1 1 1 0 0 1 0 1 1 0 0 1
2014   2 28  4  6 40 486648  -12.72635  171.09427     9798  24.5  0  0  7 21 0 0 1 1 1 0 0 0 0 1 1 1 0 1
2014   2 28  4  6 40 523194  -12.06991  168.81236    12378  32.6  0  0  6 14 0 0 0 1 1 0 0 1 0 0 1 1 0 1
2014   2 28  4  6 40 706734  -14.00659  159.15591     9313  40.6  1  0  6 15 0 0 1 1 1 0 0 1 0 0 1 1 0 0
2014   2 28  4  6 40 813327    6.20375  -75.17319     5499  15.7  0  0  5  8 0 0 0 1 0 0 0 1 0 0 1 1 0 1
2014   2 28  4  6 41 750934  -14.30012  160.71225     6909  32.6  0  0  7 21 0 0 1 1 1 0 0 1 0 0 1 1 0 1
2014   2 28  4  6 41 779170  -14.32878  160.79163     8355  33.5  0  0  6 15 0 0 1 1 0 0 0 1 0 0 1 1 0 1
2014   2 28  4  6 41 848395  -14.31203  160.78220    11158  35.4  1  0  5 10 0 0 1 1 1 0 0 1 0 0 0 1 0 0
2014   2 28  4  6 42  97207  -14.32687  161.06488     9061   5.5  0  0  4  6 0 0 1 0 0 0 0 1 0 0 1 1 0 0
2014   2 28  4  6 42 306394    7.60605  -82.17584     4317  11.8  0  0  7 21 0 0 1 1 1 0 0 1 0 1 1 0 0 1
2014   2 28  4  6 42 447503    1.49530    3.58889     9363  12.7  0  0  6 14 0 0 1 1 1 0 0 1 0 0 1 0 0 1
2014   2 28  4  6 44  43742    4.93451    2.88870    29303  18.9  0  0  5  7 0 0 1 1 0 0 0 1 0 0 1 0 0 1
2014   2 28  4  6 44  44785  -25.26311  -44.94233     3517  24.1  0  0  5 10 0 0 0 1 1 0 0 1 0 0 1 0 0 1
2014   2 28  4  6 44 172316    8.52438  150.14973    13191  28.5  1  0  4  6 0 0 0 1 0 0 0 1 0 0 1 1 0 0
2014   2 28  4  6 44 816218    3.80909  -72.62605     7998  24.3  0  0  5  7 0 0 0 1 0 0 0 1 0 0 1 1 0 1
2014   2 28  4  6 44 858036   -8.13982    6.80305    35733  29.3  0  0  5 10 0 0 1 1 1 0 0 0 0 0 1 0 0 1
2014   2 28  4  6 45 270041    3.71615  -72.66080     5466  33.4  0  0  6 11 0 0 0 1 1 0 0 1 0 0 1 1 0 1
2014   2 28  4  6 45 590568  -15.78731 -139.55849    39526  30.6  1  0  4  6 0 0 0 1 0 0 0 0 0 0 1 1 0 1
2014   2 28  4  6 45 610034  -15.80936 -140.15892    16251  36.5  0  0  6 15 0 0 0 1 1 0 0 1 0 0 1 1 0 1
2014   2 28  4  6 45 864815    8.76936  -73.42622     5892  41.5  1  0  6 15 0 0 0 1 1 0 0 1 0 0 1 1 0 1
2014   2 28  4  6 46 404839  -27.27681  -43.53476     4695  46.9  1  0  6 11 0 0 1 1 0 0 0 1 0 1 1 0 0 1
2014   2 28  4  6 46 681170  -22.95729  -47.48592     3602  15.1  0  0  4  6 0 0 1 1 0 0 0 1 0 0 1 0 0 0
2014   2 28  4  6 46 914506  -27.17200  -43.51547     5016  33.1  1  0  5  8 0 0 1 1 1 0 0 1 0 0 1 0 0 0
2014   2 28  4  6 46 964706  -23.03152  -47.38863     3515  61.3  2  0  6 15 0 0 0 1 1 0 0 1 0 1 1 0 0 1
2014   2 28  4  6 50 217220  -20.35427  -49.76305     4216  78.7  2  0  6 14 0 0 1 1 1 0 0 1 0 1 1 0 0 0
2014   2 28  4  6 50 567837  -22.40862  -47.75024     3811  62.9  2  0  6 14 0 0 1 1 1 0 0 1 0 0 1 0 0 1
2014   2 28  4  6 50 655739    7.90559  -74.33215     8972  77.4  2  0  6 15 0 0 0 1 1 0 0 1 0 0 1 1 0 1
2014   2 28  4  6 50 967961  -21.81308  -48.88471     3177  26.5  0  0  5 10 0 0 1 1 0 0 0 1 0 1 1 0 0 0
2014   2 28  4  6 50 987772  -21.86837  -48.70048     4040 107.8  2  0  7 21 0 0 1 1 1 0 0 1 0 1 1 1 0 0
2014   2 28  4  6 51 257066  -11.58956  167.85735    10720  17.1  0  0  5  9 0 0 1 1 0 0 0 1 0 0 1 1 0 0
2014   2 28  4  6 51 423649    2.07654  -81.16666    31820  71.6  2  0  5 10 0 0 1 1 1 0 0 0 0 0 1 0 0 1
2014   2 28  4  6 51 485951   -6.17317  -61.13982     7222 100.9  2  0  6 15 0 0 0 1 1 0 0 0 0 1 1 1 0 1
2014   2 28  4  6 51 557036    2.29829  -68.18028     6465  82.8  2  0  6 15 0 0 0 1 1 0 0 1 0 0 1 1 0 1
2014   2 28  4  6 52 363634  -15.97133  -50.61992     4083  94.8  2  0  7 21 0 0 1 0 1 0 0 1 0 1 1 1 0 1
2014   2 28  4  6 52 833459  -16.13863  -50.47311     4617  84.2  2  0  6 15 0 0 1 1 1 0 0 1 0 0 1 0 0 1
2014   2 28  4  6 53 269803  -20.22003  -50.97853     3258  10.6  0  0  4  6 0 0 1 1 0 0 0 1 0 0 1 0 0 0
2014   2 28  4  6 53 336510   -9.93552  -64.09456     5625  62.1  2  0  6 15 0 0 0 1 1 0 0 0 0 1 1 1 0 1
2014   2 28  4  6 53 561929  -20.04714  -51.29509     3268  55.1  1  0  7 19 0 0 1 1 0 0 0 1 0 1 1 1 1 0
2014   2 28  4  6 53 795817  -11.68450  -57.34824     6006 110.1  2  0  6 15 0 0 0 1 1 0 0 1 0 0 1 1 0 1
2014   2 28  4  6 54 352337    0.17537  -65.52434     5986 107.8  2  0  7 20 0 0 0 1 1 0 0 1 0 1 1 1 0 1
2014   2 28  4  6 54 453661    0.33472  -64.35289    13622  79.4  2  0  5 10 0 0 0 0 1 0 0 0 0 1 1 1 0 1
2014   2 28  4  6 54 742766  -20.51034  -46.91045     3955 105.4  2  0  7 21 0 0 1 1 1 0 0 1 0 1 1 0 0 1
2014   2 28  4  6 54 825738  -20.31812  -47.07154     3725  23.2  1  0  4  6 0 0 1 1 0 0 0 1 0 0 1 0 0 0
2014   2 28  4  6 54 996268  -26.97341  -43.68545     4436  76.1  2  0  7 17 0 0 1 1 1 0 0 1 0 1 1 0 0 1
2014   2 28  4  6 56 222794    7.81412  -73.92310     5080   7.7  0  0  5  7 0 0 0 1 1 0 0 0 0 0 1 1 0 1
2014   2 28  4  6 56 264150   -3.89654    7.94344    21377   7.1  0  0  5 10 0 0 1 1 1 0 0 0 0 0 1 0 0 1
2014   2 28  4  6 56 653315  -27.26557  -43.13177     3395   6.0  0  0  5  7 0 0 0 1 1 0 0 1 0 0 1 0 0 1
2014   2 28  4  6 56 863450  -27.25958  -43.15358     2978  11.3  0  0  6 13 0 0 0 1 1 0 0 1 0 1 1 0 0 1
2014   2 28  4  6 57 115852  -27.25221  -43.15477     2994  15.2  0  0  6 13 0 0 1 1 1 0 0 1 0 0 1 0 0 1
2014   2 28  4  6 57 475474  -27.19625  -43.28176     3431  18.6  0  0  5  9 0 0 1 1 1 0 0 0 0 0 1 0 0 1
2014   2 28  4  6 57 758739  -27.23629  -43.45067     2874  20.8  0  0  7 16 0 0 1 1 1 0 0 1 0 0 1 1 0 1
2014   2 28  4  6 57 907231  -27.22885  -43.46198     3113  18.1  0  0  6 13 0 0 1 1 1 0 0 1 0 0 1 0 0 1
2014   2 28  4  6 58   2456  -27.14957  -43.52763     3023  11.7  0  0  6 11 0 0 0 1 1 0 0 1 0 1 1 0 0 1
2014   2 28  4  6 58  34328  -20.35068  -49.63464     2554  24.0  0  0  7 18 0 0 1 1 1 0 0 1 0 1 1 0 0 1
2014   2 28  4  6 58  82856  -20.35038  -49.64030     2690  19.3  0  0  6 12 0 0 1 0 1 0 0 1 0 1 1 0 0 1
2014   2 28  4  6 58 531661  -29.83468 -167.94933    11631  21.6  0  0  6 15 0 0 0 1 1 0 0 1 0 0 1 1 0 1
2014   2 28  4  6 58 630944  -30.15728 -166.38701    18511  40.7  1  0  6 15 0 0 1 0 1 0 0 1 0 0 1 1 0 1
2014   2 28  4  6 59  60172  -27.92926  -43.46776     3540  38.3  0  0  6 15 0 0 1 1 0 0 0 1 0 1 1 1 0 0
2014   2 28  4  7  1  42842   -9.36617  157.03102    47365  25.2  0  0  5 10 0 0 0 1 1 0 0 0 0 0 1 1 0 1
2014   2 28  4  7  1 101724  -27.21356  -43.30768     3868  36.5  0  0  6 13 0 0 1 1 1 0 0 1 0 0 1 0 0 1
2014   2 28  4  7  1 276972  -21.15724 -139.01759    27343  37.7  1  0  5 10 0 0 1 1 1 0 0 1 0 0 0 0 0 1
2014   2 28  4  7  1 519503  -19.36040 -142.11821    41710  56.2  1  0  6 15 0 0 0 1 1 0 0 0 0 1 1 1 0 1
2014   2 28  4  7  1 537663  -19.68113 -141.85318    13847  46.1  1  0  6 15 0 0 1 1 1 0 0 0 0 0 1 1 0 1
2014   2 28  4  7  1 689499  -22.14575  -48.05513     3261  66.1  1  0  7 21 0 0 1 1 1 0 0 1 0 1 1 1 0 0
2014   2 28  4  7  1 697908  -22.24478  -47.88143     3106  38.1  0  0  6 14 0 0 1 1 1 0 0 1 0 0 1 0 0 1
2014   2 28  4  7  2 476854  -22.67231  -48.15213     3636  48.0  1  0  6 12 0 0 1 1 1 0 0 1 0 0 1 0 0 1
2014   2 28  4  7  2 597082    3.35883  -15.47317     5063  48.3  0  0  7 20 0 0 1 0 1 0 0 1 1 0 1 1 0 1
2014   2 28  4  7  2 946633   -5.75225  -54.01157     3773  57.9  1  0  6 15 0 0 0 1 1 0 0 1 0 0 1 1 0 1
2014   2 28  4  7  3 367661    7.82480  -74.30401    16159  70.9  2  0  5  9 0 0 0 1 1 0 0 0 0 0 1 1 0 1
2014   2 28  4  7  3 619782  -15.73756  -50.17004     3661  70.8  2  0  7 19 0 0 1 1 1 0 0 1 0 0 1 1 0 1
2014   2 28  4  7  4  42017   -1.25813  -71.69448     4263  60.1  1  0  7 21 0 0 1 0 1 0 0 1 0 1 1 1 0 1
2014   2 28  4  7  4  62883   -1.37726  -72.33460     3576   7.7  0  0  5 10 0 0 0 0 1 0 0 1 0 1 0 1 0 1
2014   2 28  4  7  4 464449  -23.14096  -47.16835     4412  78.8  2  0  6 12 0 0 1 0 1 0 0 1 0 1 1 1 0 0
2014   2 28  4  7  4 865980  -27.17258  -43.45571     4748  50.8  1  0  6 12 0 0 1 1 1 0 0 1 0 0 1 0 0 1
2014   2 28  4  7  6 592413    7.89571  -74.27291    10749  89.5  2  0  6 14 0 0 0 1 1 0 0 1 0 0 1 1 0 1
2014   2 28  4  7  7  42205  -27.12598  -43.70361     4006  26.3  0  0  5  8 0 0 1 1 1 0 0 1 0 0 0 0 0 1
2014   2 28  4  7  7 283782  -23.16947  -46.02956     4710  64.6  2  0  5 10 0 0 1 0 1 0 0 1 0 0 1 0 0 1
2014   2 28  4  7  7 803878  -14.37627  160.65501   150511  28.2  1  0  4  6 0 0 1 1 0 0 0 1 0 0 1 0 0 0
2014   2 28  4  7  9 185796    0.73565    1.23225    72549 119.2  2  0  6 11 0 0 1 1 1 0 0 1 0 0 1 0 0 1
2014   2 28  4  7  9 456558  -30.85194 -146.03178    40995  99.7  2  0  6 15 0 0 0 1 1 0 0 1 0 0 1 1 0 1
2014   2 28  4  7  9 548928  -22.72655  -47.88958     3457  34.2  1  0  5 10 0 0 1 1 0 0 0 1 0 1 1 0 0 0
2014   2 28  4  7 10 908264  -29.14283  -62.05329     3647   8.6  0  0  5 10 0 0 1 1 1 0 0 0 0 0 1 0 0 1
2014   2 28  4  7 12 873032  -27.24780  -43.44155     3423   2.1  0  0  4  6 0 0 0 1 0 0 0 0 0 1 1 0 0 1
2014   2 28  4  7 12 981973  -16.92587  -50.92476     2371   2.7  0  0  6 14 0 0 0 1 1 0 0 0 0 1 1 1 0 1
2014   2 28  4  7 13  36283  -16.93640  -50.93441     2560   4.1  0  0  6 15 0 0 1 1 1 0 0 0 0 1 1 0 0 1
2014   2 28  4  7 13 295120  -27.25012  -43.44873     2744   8.6  0  0  6 13 0 0 1 1 1 0 0 1 0 0 1 0 0 1
2014   2 28  4  7 13 662578  -20.25344  -47.04731     3157  15.3  0  0  4  6 0 0 1 1 0 0 0 0 0 1 0 0 0 1
2014   2 28  4  7 13 737308  -20.26692  -47.02352     2565   6.4  0  0  5 10 0 0 0 1 1 0 0 1 0 0 1 0 0 1
2014   2 28  4  7 13 895051  -33.35944  -39.20522     2975  11.8  0  0  6 15 0 0 1 1 1 0 0 1 0 0 1 0 0 1
2014   2 28  4  7 13 912809  -20.25755  -47.04622     2413  12.6  0  0  7 19 0 0 1 1 1 0 0 1 0 1 1 0 0 1
2014   2 28  4  7 13 925963  -20.26774  -47.03161     2688   7.1  0  0  5 10 0 0 1 1 1 0 0 1 0 0 1 0 0 0
2014   2 28  4  7 14 268434  -27.25225  -43.45069     2901  12.8  0  0  6 13 0 0 1 1 1 0 0 1 0 0 1 0 0 1
2014   2 28  4  7 14 309531  -27.26568  -43.45401     3260  10.9  0  0  5  8 0 0 1 1 1 0 0 1 0 0 0 0 0 1
2014   2 28  4  7 14 337333  -27.24889  -43.45997     2568   8.7  0  0  6 15 0 0 1 1 1 0 0 0 0 1 1 0 0 1
2014   2 28  4  7 14 455873  -20.42776  -49.58798     2744   2.6  0  0  5 10 0 0 1 1 1 0 0 0 0 0 1 0 0 1
2014   2 28  4  7 14 526969  -27.26294  -43.43980     3244   7.5  0  0  5  7 0 0 1 1 1 0 0 1 0 0 1 0 0 0
2014   2 28  4  7 14 573873   -5.62884  -74.74680     3571  21.5  0  0  7 20 0 0 0 1 1 0 0 1 0 1 1 1 0 1
2014   2 28  4  7 14 602783  -12.27823  -72.91761     3166  25.4  0  0  6 15 0 0 1 1 1 0 0 1 0 0 1 1 0 0
2014   2 28  4  7 14 718803  -23.47856  -47.11820     2709  32.6  0  0  7 21 0 0 1 1 0 0 0 1 0 1 1 1 0 1
2014   2 28  4  7 14 726703  -23.55140  -47.01702     3211  22.0  0  0  5 10 0 0 1 1 0 0 0 1 0 0 1 0 0 1
2014   2 28  4  7 14 851434  -14.59810  162.30937    12439  16.6  0  0  5 10 0 0 1 1 0 0 0 0 0 1 1 1 0 0
2014   2 28  4  7 15 195071  -27.24809  -43.26999     3306   9.4  0  0  5  7 0 0 1 1 1 0 0 1 0 0 0 0 0 1
2014   2 28  4  7 15 299170    5.26213  -72.73981     5390  19.7  0  0  5  8 0 0 0 0 0 0 0 1 0 1 1 1 0 1
2014   2 28  4  7 16 890632    7.82149  -74.07767     5962  33.4  1  0  5 10 0 0 0 1 1 0 0 1 0 0 1 1 0 0
2014   2 28  4  7 16 991901    7.99455  -74.48705     6739  36.7  1  0  5  7 0 0 0 1 1 0 0 1 0 0 1 1 0 0
2014   2 28  4  7 18 487177  -21.55327  -51.45142     3185  42.0  1  0  6 15 0 0 1 1 1 0 0 1 0 0 1 0 0 1
2014   2 28  4  7 18 513954  -21.44613  -51.71347     2427  10.8  0  0  6 13 0 0 1 1 1 0 0 1 0 1 1 0 0 0
2014   2 28  4  7 18 556610  -27.08498  -43.46451     3624  12.8  0  0  5  8 0 0 0 1 1 0 0 1 0 0 1 0 0 1
2014   2 28  4  7 19 654839  -11.75465  -57.38785     3586  56.7  1  0  7 21 0 0 0 1 1 0 0 1 0 1 1 1 0 1
2014   2 28  4  7 20  37103   -4.42998  -68.70351     6376  53.1  2  0  5  9 0 0 1 0 1 0 0 1 0 0 0 1 0 1
2014   2 28  4  7 20 107897  -20.35656  -46.95903     4223  51.1  2  0  5 10 0 0 0 1 1 0 0 1 0 0 1 0 0 1
2014   2 28  4  7 20 151578  -23.14021  -47.00305     4137  76.3  2  0  6 15 0 0 1 1 0 0 0 1 0 1 1 0 0 1
2014   2 28  4  7 20 569711  -20.35131  -49.72105     6120  43.1  1  0  5  7 0 0 1 1 1 0 0 1 0 0 1 0 0 0
2014   2 28  4  7 20 721770  -20.21851  -49.93571     2932   2.5  0  0  4  6 0 0 1 1 0 0 0 0 0 1 1 0 0 0
2014   2 28  4  7 20 810967  -16.23994  -50.73273     3816  61.4  2  0  6 15 0 0 1 1 1 0 0 1 0 1 1 0 0 0
2014   2 28  4  7 20 825563   -4.67620  -72.22315     4155   5.4  0  0  5 10 0 0 0 1 1 0 0 0 0 1 0 1 0 1
2014   2 28  4  7 20 848851   20.94965  -96.55599    13513  89.1  2  0  7 21 0 0 1 1 1 0 0 1 0 0 1 1 0 1
2014   2 28  4  7 20 860247  -32.62558  -42.70285     6425  74.9  2  0  6 15 0 0 1 1 1 0 0 0 0 0 1 1 0 1
2014   2 28  4  7 20 902406  -32.72887  -42.45551     5837  53.4  1  0  6 15 0 0 1 0 1 0 0 1 0 1 1 0 0 1
2014   2 28  4  7 21  46366  -19.11351 -143.47856    22041  68.9  2  0  6 13 0 0 1 1 1 0 0 1 0 0 1 1 0 0
2014   2 28  4  7 21 325790  -32.74591  -42.49275     6435  57.9  2  0  5 10 0 0 1 1 0 0 0 1 0 0 1 0 0 1
2014   2 28  4  7 21 790741   -4.93829  -74.65059     5806  96.6  2  0  7 21 0 0 1 1 1 0 0 0 0 1 1 1 0 1
2014   2 28  4  7 21 933264   -4.95167  -74.50333     5210  72.3  2  0  7 20 0 0 1 0 1 0 0 1 0 1 1 1 0 1
2014   2 28  4  7 21 992261   -5.18179  -75.50813     6266  22.1  1  0  4  6 0 0 0 0 0 0 0 1 0 1 0 1 0 1
2014   2 28  4  7 22  17980    7.78000  -74.18848     8659  74.5  2  0  6 15 0 0 0 1 1 0 0 1 0 0 1 1 0 1
2014   2 28  4  7 22 254945   -4.89703  -74.56307     6852 123.7  2  0  7 19 0 0 1 1 1 0 0 1 0 1 1 1 0 0
2014   2 28  4  7 22 405861   -4.91039  -74.82344     5905  89.9  2  0  7 19 0 0 1 1 1 0 0 1 0 0 1 1 0 1
2014   2 28  4  7 22 647775   -5.00635  -75.33244     9033  83.0  2  0  6 14 0 0 0 1 1 0 0 1 0 0 1 1 0 1
2014   2 28  4  7 22 666557   -5.00964  -75.33417     9030  83.1  2  0  6 14 0 0 0 1 1 0 0 1 0 0 1 1 0 1
2014   2 28  4  7 23 494769    7.93582  -74.35482     9808  86.3  2  0  6 15 0 0 0 1 1 0 0 1 0 0 1 1 0 1
2014   2 28  4  7 23 686013    4.19297  -12.75027    16973  87.8  2  0  7 18 0 0 1 1 1 0 0 1 0 0 1 1 0 1
2014   2 28  4  7 23 780284  -26.89248  -43.78591     4762  22.3  0  0  5  7 0 0 0 1 1 0 0 1 0 0 1 0 0 1
2014   2 28  4  7 23 965765  -27.12264  -43.60299     4621  53.2  1  0  6 13 0 0 1 1 1 0 0 1 0 0 1 0 0 1
2014   2 28  4  7 25 330332  -33.61750  -40.70183     7537  84.4  2  0  6 15 0 0 1 1 1 0 0 1 0 0 1 0 0 1
2014   2 28  4  7 25 515266  -23.14853  -46.25116     4423 109.3  2  0  7 21 0 0 1 1 1 0 0 1 0 1 1 0 0 1
2014   2 28  4  7 25 556074    5.46303  -85.07679     6430  36.8  1  0  5 10 0 0 1 1 0 0 0 1 0 0 1 1 0 0
2014   2 28  4  7 25 623223  -23.01828  -46.54094     4231  24.0  1  0  4  6 0 0 1 1 0 0 0 1 0 0 1 0 0 0
2014   2 28  4  7 25 896500  -21.78508  -48.91056     3485  75.7  2  0  7 20 0 0 1 1 1 0 0 1 0 1 1 1 0 0
2014   2 28  4  7 25 906813  -21.80788  -48.92173     3354  12.3  0  0  4  6 0 0 1 1 0 0 0 1 0 0 1 0 0 0
2014   2 28  4  7 26 836017  -27.23656  -43.98411     6538  76.1  2  0  5 10 0 0 1 1 1 0 0 0 0 0 1 0 0 1
2014   2 28  4  7 26 869565  -27.24965  -44.02308     3979  64.9  1  0  7 21 0 0 1 1 1 0 0 1 0 1 1 0 0 1
2014   2 28  4  7 27  97455  -26.74883  -44.21828     3419  32.0  0  0  6 15 0 0 0 1 1 0 0 1 0 1 1 0 0 1
2014   2 28  4  7 27 210592  -27.03580  -43.97943     5593  73.2  2  0  6 13 0 0 1 1 1 0 0 1 0 0 1 0 0 1
2014   2 28  4  7 27 710285  -24.33282 -134.95166    28831  90.3  2  0  6 13 0 0 1 0 1 0 0 1 0 0 1 1 0 1
2014   2 28  4  7 28 348427  -14.09835  159.34656    11895  40.0  1  0  5 10 0 0 1 1 0 0 0 1 0 0 1 1 0 0
2014   2 28  4  7 28 810093    3.64179  -72.64147     3602   6.8  0  0  5 10 0 0 0 1 0 0 0 1 0 1 0 1 0 1
2014   2 28  4  7 28 827394    3.63916  -72.61534     3423   5.0  0  0  5  9 0 0 0 1 1 0 0 1 0 0 1 1 0 0
2014   2 28  4  7 28 988113  -14.05707  159.31705    11136  36.4  1  0  5 10 0 0 1 1 0 0 0 1 0 0 1 1 0 0
2014   2 28  4  7 29 913331  -13.43741  -53.22385     2388   9.9  0  0  7 21 0 0 1 1 1 0 0 1 0 1 1 0 0 1
2014   2 28  4  7 30 314254    7.93559  -74.23631     3650  10.7  0  0  6 14 0 0 0 1 1 0 0 1 0 0 1 1 0 1
2014   2 28  4  7 30 633400  -27.29974  -43.19436     2704  13.5  0  0  7 16 0 0 1 1 1 0 0 1 0 0 1 0 1 1
2014   2 28  4  7 30 652595  -27.28797  -43.20232     2721  10.9  0  0  6 15 0 0 1 1 1 0 0 1 0 0 1 0 0 1
2014   2 28  4  7 31  89190   -0.59600    6.14122    11409  18.1  0  0  6 13 0 0 1 1 1 0 0 1 0 0 1 0 0 1
2014   2 28  4  7 31 422441   -0.32728  -18.66922     4856  33.9  0  0  6 14 0 0 1 1 0 0 0 1 1 0 1 0 0 1
2014   2 28  4  7 31 832369  -20.01640 -140.61331     9955  32.4  0  0  6 15 0 0 1 1 1 0 0 0 0 1 0 1 0 1
2014   2 28  4  7 31 865561    8.27136  139.33365     6647  86.0  2  0  6 14 0 0 0 1 1 0 0 1 0 0 1 1 0 1
2014   2 28  4  7 31 911364  -21.69418 -137.53000    59230  18.6  0  0  5  9 0 0 0 1 1 0 0 1 0 0 1 0 0 1
2014   2 28  4  7 32 119132  -21.27861 -138.75359    17413   1.9  0  0  4  6 0 0 1 1 0 0 0 1 0 0 1 0 0 0
2014   2 28  4  7 32 218568  -19.84078 -142.87080    10814  19.2  0  0  5  7 0 0 1 1 1 0 0 1 0 0 0 1 0 0
2014   2 28  4  7 32 385808  -30.64979  -42.74967     3876  27.1  0  0  5 10 0 0 1 1 0 0 0 0 0 1 1 0 0 1
2014   2 28  4  7 32 420396  -20.23237  -47.02011     2993   1.1  0  0  4  6 0 0 1 1 0 0 0 1 0 0 1 0 0 0
2014   2 28  4  7 32 445670  -30.64402  -42.57116     5404  34.3  1  0  5  9 0 0 1 0 0 0 0 0 0 1 1 1 0 1
2014   2 28  4  7 32 517073  -30.63256  -42.85312     3410  12.8  0  0  5 10 0 0 1 1 1 0 0 1 0 0 0 0 0 1
2014   2 28  4  7 32 617028  -30.68122  -42.66827     4666  21.9  1  0  4  6 0 0 1 1 0 0 0 0 0 0 1 0 0 1
2014   2 28  4  7 32 698915  -30.67438  -42.71416     3861  23.0  0  0  5 10 0 0 1 1 1 0 0 1 0 0 1 0 0 0
2014   2 28  4  7 32 758658  -30.65693  -42.72446     3436  23.9  0  0  6 15 0 0 1 1 1 0 0 1 0 0 1 0 0 1
2014   2 28  4  7 33 321302   -8.17995  -76.69006     9720  44.7  1  0  5  8 0 0 0 1 1 0 0 1 0 0 1 1 0 0
2014   2 28  4  7 33 430730   -5.92604  -43.06778     4171  26.3  0  0  5 10 0 0 0 1 1 0 0 1 0 0 1 0 0 1
2014   2 28  4  7 34 292707  -27.28361 -132.06764    28941  37.7  1  0  5 10 0 0 1 1 1 0 0 1 0 0 1 0 0 0
2014   2 28  4  7 34 862183  -27.24215  -43.31829     4369  27.1  0  0  5  9 0 0 1 1 0 0 0 1 0 0 1 0 0 1
2014   2 28  4  7 35  32740  -23.10007  -46.40059     3368  60.7  1  0  7 21 0 0 1 1 1 0 0 1 0 1 1 0 0 1
2014   2 28  4  7 35 171483  -27.20837  -43.36592     3858  26.6  0  0  6 11 0 0 1 1 1 0 0 1 0 0 1 0 0 1
2014   2 28  4  7 35 306440  -25.54922  -45.01498     3640  33.2  1  0  5 10 0 0 1 1 1 0 0 1 0 0 0 0 0 1
2014   2 28  4  7 35 384427  -25.51336  -45.01794     2908  35.2  0  0  7 21 0 0 1 1 1 0 0 1 0 1 1 0 0 1
2014   2 28  4  7 35 628191    2.55080  -67.78854     4497  56.9  1  0  7 21 0 0 0 1 1 0 0 1 0 1 1 1 0 1
2014   2 28  4  7 35 628975   41.06978 -170.86253    15026  69.2  1  0  7 20 0 0 1 1 1 0 0 0 0 1 1 1 0 1
2014   2 28  4  7 35 655158   40.79252 -168.69717    26722  37.6  1  0  5  8 0 0 1 1 1 0 0 0 0 1 1 0 0 0
2014   2 28  4  7 35 730563   41.09768 -171.16039    25590  79.9  2  0  6 15 0 0 1 1 0 0 0 1 0 1 1 1 0 0
2014   2 28  4  7 36  14561  -27.16879  -43.68833     3785  33.8  0  0  6 13 0 0 1 1 1 0 0 1 0 0 1 0 0 1
2014   2 28  4  7 36  67864  -27.18766  -43.67291     4413  33.1  1  0  5  9 0 0 1 1 1 0 0 1 0 0 1 0 0 0
2014   2 28  4  7 36 302663  -27.16168  -43.70336     3953  37.4  0  0  6 13 0 0 1 1 1 0 0 1 0 0 1 0 0 1
2014   2 28  4  7 36 464602  -27.16789  -43.72767     4117  32.1  0  0  6 11 0 0 1 1 1 0 0 1 0 0 1 0 0 1
2014   2 28  4  7 38 117530    4.59785  -72.79571     8697  51.2  2  0  5  9 0 0 0 0 1 0 0 1 0 0 1 1 0 1
2014   2 28  4  7 38 970994    4.60205  -83.46448     7974  95.4  2  0  7 21 0 0 1 0 1 0 0 1 0 1 1 1 0 1
2014   2 28  4  7 39  72180   20.71434  -89.59146    23384  73.4  2  0  6 15 0 0 1 1 1 0 0 1 0 0 1 0 0 1
2014   2 28  4  7 39 208663   17.49241  -87.17535    31173  68.7  2  0  6 15 0 0 1 1 1 0 0 0 0 1 1 0 0 1
2014   2 28  4  7 40 702534   -4.75180  -53.57685     4870 100.2  2  0  6 13 0 0 1 1 1 0 0 1 0 1 0 1 0 0
2014   2 28  4  7 41 386626  -20.99152   22.07488    62252  75.3  2  0  5 10 0 0 1 1 1 0 0 0 0 0 1 0 0 1
2014   2 28  4  7 41 843751  -20.51264  -46.94587     3911 102.0  2  0  7 21 0 0 1 1 1 0 0 1 0 1 1 0 0 1
2014   2 28  4  7 41 851760  -20.87824  -46.47113     5208  19.9  0  0  5  7 0 0 1 1 1 0 0 0 0 0 1 0 0 1
2014   2 28  4  7 42 208964  -26.96642  -43.91901     3852  62.1  1  0  7 21 0 0 1 1 1 0 0 1 0 1 1 0 0 1
2014   2 28  4  7 42 462926  -32.40320  -43.04829     6830  78.2  2  0  6 13 0 0 1 1 0 0 0 1 0 1 0 1 0 1
2014   2 28  4  7 42 484771  -32.26921  -42.69373    11618  32.3  1  0  5 10 0 0 0 1 1 0 0 1 0 1 0 0 0 1
2014   2 28  4  7 42 499113  -27.00822  -44.00082     4417  28.8  0  0  5  7 0 0 1 1 1 0 0 1 0 0 0 0 0 1
2014   2 28  4  7 42 520627  -32.45845  -42.73006     4454  62.0  1  0  7 21 0 0 1 1 1 0 0 1 0 1 0 1 0 1
2014   2 28  4  7 42 560921  -32.71644  -41.92897     7656  92.2  2  0  6 15 0 0 1 1 1 0 0 1 0 0 1 0 0 1
2014   2 28  4  7 42 579660  -32.71767  -41.91021     7316 112.3  2  0  7 19 0 0 1 1 1 0 0 1 0 0 1 1 0 1
2014   2 28  4  7 43 460611  -16.11734  -51.41052     6574 125.4  2  0  6 15 0 0 1 0 1 0 0 1 0 1 1 1 0 0
2014   2 28  4  7 44 259790  -27.30341  -43.10800     3743  16.4  0  0  5  9 0 0 0 1 0 0 0 1 0 1 1 0 0 1
2014   2 28  4  7 44 346071  -27.29168  -43.10665     3405  15.6  0  0  5  9 0 0 1 1 1 0 0 1 0 0 1 0 0 0
2014   2 28  4  7 44 357629  -27.26968  -43.13576     3708   5.2  0  0  5  7 0 0 1 1 1 0 0 0 0 0 1 0 0 1
2014   2 28  4  7 44 379046  -27.68955  -42.64782     6180  38.6  1  0  5  8 0 0 0 1 1 0 0 1 0 0 1 0 0 1
2014   2 28  4  7 44 987733    3.94468  -13.73134    19418   8.6  0  0  5  7 0 0 1 1 0 0 0 1 0 0 1 0 0 1
2014   2 28  4  7 45 281716  -26.97905 -131.20715    14240  13.0  0  0  5 10 0 0 1 1 1 0 0 1 0 0 1 0 0 0
2014   2 28  4  7 45 290411    5.66736  -77.21662     5947   1.7  0  0  4  6 0 0 0 1 0 0 0 1 0 0 0 1 0 1
2014   2 28  4  7 45 362512  -19.47376 -142.75224    14113   8.8  0  0  4  6 0 0 0 1 0 0 0 1 0 0 1 1 0 0
2014   2 28  4  7 45 707353  -25.51159 -135.62303    10814  11.3  0  0  5 10 0 0 0 1 0 0 0 1 0 0 1 1 0 1
2014   2 28  4  7 45 818758    5.59365  -77.43400     5267  20.1  0  0  6 15 0 0 0 1 1 0 0 0 0 1 1 1 0 1
2014   2 28  4  7 45 949713    5.62457  -77.52352     4841  19.4  0  0  5 10 0 0 0 1 1 0 0 1 0 0 1 1 0 0
2014   2 28  4  7 45 995255    7.80267  -74.35061     3506   5.6  0  0  6 15 0 0 0 1 1 0 0 1 0 1 0 1 0 1
2014   2 28  4  7 46  12356    5.66056  -77.52361     4344  13.6  0  0  5 10 0 0 0 1 0 0 0 1 0 0 1 1 0 1
2014   2 28  4  7 46 111844    5.58589  -77.58617     4026  22.1  0  0  7 21 0 0 0 1 1 0 0 1 0 1 1 1 0 1
2014   2 28  4  7 46 936327  -23.16741  -46.08207     3888  24.3  1  0  4  6 0 0 0 1 0 0 0 1 0 0 1 0 0 1
2014   2 28  4  7 47 423002  -13.02425  -73.76783     4526  39.8  1  0  5 10 0 0 1 1 1 0 0 0 0 0 1 1 0 0
2014   2 28  4  7 47 504570  -27.16627  -43.55785     2958  31.9  0  0  7 19 0 0 1 1 1 0 0 1 0 1 1 1 0 0
2014   2 28  4  7 47 527470  -27.12904  -43.56058     3873  14.8  0  0  5  8 0 0 0 1 1 0 0 1 0 0 1 0 0 1
2014   2 28  4  7 47 650775  -13.14161  -74.01622     5331  37.2  1  0  5 10 0 0 0 1 1 0 0 1 0 0 1 1 0 0
2014   2 28  4  7 49 282059  -27.20461  -43.33912     3661  27.4  0  0  6 12 0 0 1 1 1 0 0 1 0 0 1 0 0 1
2014   2 28  4  7 49 867802  -22.97937  -46.31829     3319  25.3  0  0  5 10 0 0 1 1 0 0 0 1 0 1 1 0 0 0
2014   2 28  4  7 50 153289  -27.17514  -43.63132     3978  33.1  0  0  6 11 0 0 1 1 1 0 0 1 0 0 1 0 0 1
2014   2 28  4  7 50 940260    4.82086  -72.67289     7018  49.5  1  0  5  9 0 0 0 1 0 0 0 1 0 0 1 1 0 1
2014   2 28  4  7 51  18725  -22.41612  -47.76737     3846  49.8  1  0  5 10 0 0 0 1 1 0 0 1 0 0 1 0 0 1
2014   2 28  4  7 51 141280  -22.41498  -47.76735     3853  50.0  1  0  5 10 0 0 0 1 1 0 0 1 0 0 1 0 0 1
2014   2 28  4  7 53 521509  -27.57416  -43.82473     5351  56.3  1  0  6 11 0 0 1 1 1 0 0 1 0 0 1 0 0 1
2014   2 28  4  7 54 259759  -27.34094  -44.10634     3948  48.4  0  0  7 20 0 0 0 1 1 0 0 1 0 1 1 1 0 1
2014   2 28  4  7 54 354296  -27.61670  -43.92241     4232  73.7  2  0  7 21 0 0 1 1 0 0 0 1 0 1 1 1 0 1
2014   2 28  4  7 54 869172    4.71877  -73.90284    11014  66.4  2  0  5 10 0 0 0 1 1 0 0 1 0 1 0 1 0 0
2014   2 28  4  7 55  69416    4.62232  -72.59043     9129  90.8  2  0  6 14 0 0 0 1 1 0 0 1 0 0 1 1 0 1
2014   2 28  4  7 55 918916    2.65785  -78.04565    25731  26.9  0  0  5 10 0 0 0 1 1 0 0 1 0 1 0 0 0 1
2014   2 28  4  7 56  40557    0.52443  -73.67382     5591  61.7  1  0  7 21 0 0 0 1 1 0 0 1 0 1 0 1 1 1
2014   2 28  4  7 56 818497  -13.42346  160.21443    14734  99.6  2  0  7 21 0 0 1 1 1 0 0 1 0 0 1 1 0 1
2014   2 28  4  7 57 446930  -22.76446 -145.06729   130643  47.0  1  0  5 10 0 0 1 0 1 0 0 0 0 1 1 0 0 1
2014   2 28  4  7 58  10848  -16.12845  -50.69166     4274 110.8  2  0  7 21 0 0 1 1 1 0 0 1 0 1 1 0 0 1
2014   2 28  4  7 58 144412  -15.80088  -50.25482     4265 111.1  2  0  7 21 0 0 1 1 1 0 0 1 0 1 1 0 0 1
2014   2 28  4  7 58 266553  -13.11220  158.96602    12656  29.2  1  0  4  6 0 0 1 1 0 0 0 1 0 0 0 1 0 0
2014   2 28  4  7 58 708216  -13.09353  158.97017    13127  31.3  1  0  4  6 0 0 1 1 0 0 0 1 0 0 0 1 0 0
2014   2 28  4  8  0   3089  -27.40378  -43.28280     5399  12.2  0  0  5  9 0 0 0 1 1 0 0 1 0 1 0 0 0 1
2014   2 28  4  8  0 298125  -23.07726  -46.33553     2785  11.4  0  0  5 10 0 0 1 1 0 0 0 1 0 1 1 0 0 0
2014   2 28  4  8  0 359870  -23.09937  -46.32662     2475  11.6  0  0  6 15 0 0 0 1 1 0 0 1 0 1 1 0 0 1
2014   2 28  4  8  0 483501  -17.42525 -136.07062     4543   7.6  0  0  7 20 0 0 1 1 1 0 0 0 0 1 1 1 0 1
2014   2 28  4  8  0 508844  -17.43718 -135.96628     8610   2.5  0  0  4  6 0 0 1 1 1 0 0 0 0 0 0 1 0 0
2014   2 28  4  8  0 691255  -23.08177  -46.29878     2719  10.4  0  0  5 10 0 0 0 1 1 0 0 1 0 0 1 0 0 1
2014   2 28  4  8  0 698515  -23.12220  -46.29966     2743  11.0  0  0  5 10 0 0 0 1 1 0 0 1 0 0 1 0 0 1
2014   2 28  4  8  1 426643   -6.08692   17.22767    23132  13.6  0  0  5 10 0 0 1 1 1 0 0 0 0 0 1 0 0 1
2014   2 28  4  8  1 504006   -6.80460   15.95156    10386  17.5  0  0  6 13 0 0 1 1 1 0 0 1 0 0 1 0 0 1
2014   2 28  4  8  2 174422  -27.25098  -43.19656     3495  12.5  0  0  5  7 0 0 1 1 1 0 0 1 0 0 0 0 0 1
2014   2 28  4  8  2 184596  -27.25707  -43.19160     2639  15.3  0  0  7 19 0 0 1 1 1 0 0 1 0 1 1 0 0 1
2014   2 28  4  8  2 192435  -27.26092  -43.18503     2965  17.4  0  0  6 15 0 0 1 1 1 0 0 1 0 0 1 0 0 1
2014   2 28  4  8  2 213706  -27.25926  -43.17738     2952  13.3  0  0  6 13 0 0 1 1 1 0 0 1 0 0 1 0 0 1
2014   2 28  4  8  2 220797  -27.25677  -43.19310     2841  14.2  0  0  6 15 0 0 1 1 1 0 0 1 0 0 1 0 0 1
2014   2 28  4  8  2 228956  -27.26933  -43.16450     3712  15.7  0  0  5  8 0 0 1 1 1 0 0 1 0 0 1 0 0 0
2014   2 28  4  8  2 356617  -27.26895  -43.20406     3391  13.3  0  0  5  8 0 0 1 1 1 0 0 1 0 0 0 0 0 1
2014   2 28  4  8  2 517620    7.09605  -74.63929     6804  23.3  0  0  5  9 0 0 0 1 1 0 0 0 0 0 1 1 0 1
2014   2 28  4  8  2 807661  -20.38784  -49.59185     2787  15.6  0  0  5 10 0 0 0 1 1 0 0 1 0 0 1 0 0 1
2014   2 28  4  8  3  20649  -20.36804  -49.61984     3012   1.5  0  0  4  6 0 0 1 1 0 0 0 1 0 0 1 0 0 0
2014   2 28  4  8  3  30509  -20.38804  -49.58258     3729  22.0  0  0  5  8 0 0 1 1 1 0 0 1 0 0 1 0 0 0
2014   2 28  4  8  3 117192  -16.32365  -50.66892     3193  12.9  0  0  4  6 0 0 0 1 0 0 0 1 0 0 1 0 0 1
2014   2 28  4  8  3 584351  -21.48206  -51.55014     2972  28.5  0  0  6 14 0 0 1 1 0 0 0 1 0 1 1 0 0 1
2014   2 28  4  8  3 965116  -27.16900  -43.43659     2824  14.2  0  0  6 13 0 0 1 1 1 0 0 1 0 1 0 0 0 1
2014   2 28  4  8  4  28513  -16.63183  -34.79567    10193  40.5  1  0  5  9 0 0 1 0 1 0 0 1 0 0 1 0 0 1
2014   2 28  4  8  4 165180  -26.11254 -130.84229    19339  25.1  0  0  5 10 0 0 1 0 1 0 0 1 0 0 1 0 0 1
2014   2 28  4  8  4 341053  -27.16780  -43.45855     3109  15.5  0  0  5  9 0 0 1 1 1 0 0 1 0 1 0 0 0 0
2014   2 28  4  8  5  13938  -27.15659  -43.22992     3351  26.0  0  0  6 14 0 0 1 1 1 0 0 1 0 0 1 0 0 1
2014   2 28  4  8  5  35786  -27.20188  -43.23381     4931  68.8  2  0  6 13 0 0 1 1 1 0 0 1 0 0 1 0 0 1
2014   2 28  4  8  5 429570  -11.68264  -57.47433     3351  50.9  1  0  7 21 0 0 1 1 1 0 0 0 0 1 1 1 0 1
2014   2 28  4  8  5 562150   -5.59788  -54.04083     3282  41.2  1  0  6 15 0 0 0 1 1 0 0 1 0 0 1 1 0 1
2014   2 28  4  8  5 571230  -11.74688  -57.57788     3217  43.4  0  0  7 21 0 0 0 1 1 0 0 1 0 1 1 1 0 1
2014   2 28  4  8  5 730772  -11.82662  -57.44324     5885  46.4  1  0  5  9 0 0 0 1 1 0 0 1 0 0 1 0 0 1
2014   2 28  4  8  5 792868  -11.76935  -57.75083     3337  47.3  0  0  7 21 0 0 0 1 1 0 0 1 0 1 1 1 0 1
2014   2 28  4  8  6 900332   -2.14078  -72.26933     4864  55.2  1  0  7 21 0 0 0 1 1 0 0 1 0 1 1 1 0 1
2014   2 28  4  8  6 923449   -2.10446  -72.26519     7280  53.3  2  0  5  9 0 0 0 1 1 0 0 1 0 0 1 1 0 0
2014   2 28  4  8  6 998956    4.82520  -84.22330     5988  58.1  1  0  7 19 0 0 1 0 1 0 0 1 0 1 1 1 0 1
2014   2 28  4  8  7 133514   -4.02911  -70.72449     4268  16.5  0  0  4  6 0 0 0 1 0 0 0 1 0 0 1 1 0 0
2014   2 28  4  8  7 268668  -22.01735  -48.62620     4272  68.5  2  0  6 11 0 0 1 1 1 0 0 1 0 1 0 0 0 1
2014   2 28  4  8  7 294725  -27.14466  -43.41677     3826  31.9  0  0  6 12 0 0 1 1 1 0 0 1 0 0 1 0 0 1
2014   2 28  4  8  8 158185  -23.03221  -46.17570     4084  85.0  2  0  7 20 0 0 1 1 1 0 0 1 0 0 1 1 0 1
2014   2 28  4  8  8 833179  -27.08420  -43.75236     5643  63.2  2  0  6 13 0 0 1 1 0 0 0 1 0 0 1 1 0 1
2014   2 28  4  8  8 952014  -26.90083  -43.91000     3477  36.7  0  0  7 16 0 0 0 1 1 0 0 1 0 1 1 1 0 1
2014   2 28  4  8  9  28857  -16.28200  -50.81866     3611  59.1  1  0  6 15 0 0 0 1 1 0 0 1 0 1 0 1 0 1
2014   2 28  4  8  9  84013  -16.26992  -50.59602     5082  67.1  2  0  5 10 0 0 1 1 1 0 0 1 0 0 1 0 0 0
2014   2 28  4  8  9 302964  -16.12886  -50.81283     4086  71.6  2  0  6 14 0 0 1 1 0 0 0 1 0 0 1 1 0 1
2014   2 28  4  8  9 359307  -27.10575  -43.70850     5311  47.2  1  0  5  9 0 0 1 1 1 0 0 0 0 0 1 0 0 1
2014   2 28  4  8  9 383242  -27.11572  -43.71685     4320  45.2  1  0  6 13 0 0 1 1 1 0 0 1 0 0 1 0 0 1
2014   2 28  4  8  9 404763  -26.95156  -43.91078     4305  21.0  0  0  5  8 0 0 0 1 1 0 0 1 0 0 1 0 0 1
2014   2 28  4  8  9 429241    2.75048    5.37803    37189  80.9  2  0  6 14 0 0 1 1 1 0 0 1 0 0 1 0 0 1
2014   2 28  4  8  9 506868  -27.11277  -43.72566     4319  45.4  1  0  6 13 0 0 1 1 1 0 0 1 0 0 1 0 0 1
2014   2 28  4  8  9 574570  -27.10501  -43.77777     3886  47.4  1  0  6 13 0 0 1 1 1 0 0 1 0 1 1 0 0 0
2014   2 28  4  8  9 904273  -27.07955  -43.80274     3596  48.5  0  0  7 17 0 0 1 1 1 0 0 1 0 1 1 0 0 1
2014   2 28  4  8 10   9146  -26.92332  -43.71398     3914  28.0  0  0  6 13 0 0 0 1 1 0 0 1 0 1 1 0 0 1
2014   2 28  4  8 10 231515    6.15793  -76.98197     7176  99.6  2  0  7 19 0 0 1 1 1 0 0 1 0 0 1 1 0 1
2014   2 28  4  8 10 280347    6.23644  -77.99575    10965  90.2  2  0  6 15 0 0 0 1 1 0 0 1 0 1 1 1 0 0
2014   2 28  4  8 10 318796    6.16490  -78.41927     4819  10.6  0  0  5 10 0 0 0 0 1 0 0 1 0 1 0 1 0 1
2014   2 28  4  8 10 360203    6.14841  -77.52703    10646  71.7  2  0  6 15 0 0 0 0 1 0 0 1 0 1 1 1 0 1
2014   2 28  4  8 10 908077    4.17921  -13.09563    23564  94.6  2  0  6 12 0 0 1 1 1 0 0 1 0 0 0 1 0 1
2014   2 28  4  8 11 707031  -22.60983  -48.11930     4012  41.6  1  0  5  8 0 0 0 1 1 0 0 1 0 1 0 0 0 1
2014   2 28  4  8 12 340403  -27.06453  -43.86911     5047  60.7  2  0  6 13 0 0 1 1 1 0 0 1 0 0 1 0 0 1
2014   2 28  4  8 12 408618  -33.49336  -41.21372     7364  84.1  2  0  6 15 0 0 1 1 1 0 0 1 0 0 1 0 0 1
2014   2 28  4  8 12 493042   -6.05729    4.91528    31602  89.0  2  0  6 14 0 0 1 1 1 0 0 1 0 0 1 0 0 1
2014   2 28  4  8 12 616449  -26.81497  -44.08215     4603  25.1  0  0  5  8 0 0 0 1 1 0 0 1 0 0 1 0 0 1
2014   2 28  4  8 12 625002  -33.62603  -41.39051     5838  85.9  2  0  7 21 0 0 1 1 1 0 0 1 0 1 1 0 0 1
2014   2 28  4  8 12 902563  -33.49105  -41.18327     7556  87.0  2  0  6 15 0 0 1 1 1 0 0 1 0 0 1 0 0 1
2014   2 28  4  8 14 702170  -20.57854  -46.71880     4724  92.8  2  0  6 15 0 0 1 1 1 0 0 1 0 0 1 0 0 1
2014   2 28  4  8 16 237506   23.42102  -80.51249    17226  19.5  0  0  5  8 0 0 0 1 1 0 0 1 0 0 1 1 0 0
2014   2 28  4  8 17  59597    0.86870  152.99460    11723  54.3  2  0  5 10 0 0 1 1 0 0 0 1 0 0 1 1 0 0
2014   2 28  4  8 17 195651    7.51295  -73.91961     6415  18.5  0  0  5  8 0 0 0 1 1 0 0 1 0 0 1 1 0 0
2014   2 28  4  8 17 233417  -22.32871  -47.80728     2370   3.8  0  0  6 14 0 0 1 1 1 0 0 1 0 0 1 0 0 1
2014   2 28  4  8 17 247030  -22.32743  -47.81002     2913   5.2  0  0  4  6 0 0 1 1 1 0 0 1 0 0 0 0 0 0
2014   2 28  4  8 17 371767  -22.33572  -47.80153     2495   4.9  0  0  5 10 0 0 0 1 1 0 0 1 0 0 1 0 0 1
2014   2 28  4  8 17 385813  -20.27705  -46.97142     2407   7.2  0  0  6 15 0 0 1 1 1 0 0 1 0 0 1 0 0 1
2014   2 28  4  8 17 479107  -22.40389  -48.17921     2919  23.7  0  0  5 10 0 0 0 1 1 0 0 1 0 1 1 0 0 0
2014   2 28  4  8 17 559178  -22.36284  -48.28212     3391  70.5  2  0  7 19 0 0 1 1 1 0 0 1 0 1 0 1 0 1
2014   2 28  4  8 17 583731  -27.24424  -43.14910     3819  13.9  0  0  5  8 0 0 0 1 1 0 0 1 0 0 1 0 0 1
2014   2 28  4  8 18  68551  -23.16422  -46.07703     2953  26.2  0  0  6 15 0 0 1 1 1 0 0 1 0 0 1 0 0 1
2014   2 28  4  8 18  87668  -23.12676  -46.14031     2809  34.3  0  0  7 21 0 0 1 1 1 0 0 1 0 1 1 0 0 1
2014   2 28  4  8 18  98177  -23.18596  -46.06580     3284  25.3  0  0  5 10 0 0 0 1 1 0 0 1 0 0 1 0 0 1
2014   2 28  4  8 18 196330  -23.16267  -46.10014     3360  28.1  0  0  5 10 0 0 1 1 1 0 0 1 0 0 0 0 0 1
2014   2 28  4  8 18 219728  -23.15852  -46.09740     2973  27.4  0  0  6 15 0 0 1 1 1 0 0 1 0 0 1 0 0 1
2014   2 28  4  8 18 226331  -27.36174  -43.48080     3313  17.7  0  0  6 12 0 0 0 1 1 0 0 1 0 1 1 0 0 1
2014   2 28  4  8 20 919341    7.80048  -74.07690     7026  39.1  1  0  5  9 0 0 0 1 1 0 0 1 0 0 1 1 0 0
2014   2 28  4  8 20 988024    7.80483  -74.07021     5854  41.5  1  0  6 15 0 0 0 1 1 0 0 1 0 0 1 1 0 1
2014   2 28  4  8 21  38369    7.80728  -74.06380     5849  41.5  1  0  6 15 0 0 0 1 1 0 0 1 0 0 1 1 0 1
2014   2 28  4  8 21  82798    7.82791  -74.06236     6660  41.2  1  0  5 10 0 0 0 1 1 0 0 1 0 0 1 1 0 0
2014   2 28  4  8 22 437008  -27.12892  -43.40171     3952  34.2  1  0  5 10 0 0 1 1 0 0 0 0 0 1 1 0 0 1
2014   2 28  4  8 22 500803  -27.16155  -43.67964     3805  21.2  0  0  5  8 0 0 1 1 1 0 0 1 0 0 0 0 0 1
2014   2 28  4  8 22 526651  -27.18057  -43.72533     2878  22.6  0  0  6 15 0 0 1 1 1 0 0 1 0 1 0 0 0 1
2014   2 28  4  8 22 779445  -27.16158  -43.47956     2886  22.9  0  0  6 15 0 0 1 1 1 0 0 1 0 1 0 0 0 1
2014   2 28  4  8 22 788208  -27.13254  -43.66308     3135  37.6  0  0  7 20 0 0 1 1 1 0 0 1 0 1 1 0 0 1
2014   2 28  4  8 23 720691  -17.02583  -51.00939     3519  59.0  1  0  6 15 0 0 0 1 1 0 0 1 0 1 1 0 0 1
2014   2 28  4  8 23 911498  -17.05980  -50.94910     3557  60.8  2  0  6 15 0 0 0 1 1 0 0 1 0 1 1 0 0 1
2014   2 28  4  8 24 307514   -5.08040  -53.44863     9564  70.3  2  0  5 10 0 0 1 1 1 0 0 0 0 1 0 0 1 0
2014   2 28  4  8 24 336457   -4.89984  -53.59277     3197  57.8  1  0  7 21 0 0 0 1 1 0 0 1 0 0 1 1 1 1
2014   2 28  4  8 24 365344   -4.89431  -53.58519     6601  71.6  2  0  5 10 0 0 0 1 1 0 0 0 0 0 1 1 0 1
2014   2 28  4  8 24 371403  -20.74604  168.88271    89247  49.1  1  0  5 10 0 0 1 0 1 0 0 1 0 1 0 0 0 1
2014   2 28  4  8 24 426660  -13.78548  160.73674    12725  62.3  2  0  6 15 0 0 1 1 1 0 0 1 0 0 1 1 0 0
2014   2 28  4  8 24 712981   -8.80012  -11.83268    15765  82.7  2  0  6 15 0 0 1 1 1 0 0 0 0 0 1 1 0 1
2014   2 28  4  8 24 738966  -13.68612  160.42789    17066  63.6  2  0  5 10 0 0 0 1 1 0 0 1 0 0 1 1 0 0
2014   2 28  4  8 24 928755  -13.70827  160.88161     8236   2.2  0  0  4  6 0 0 1 1 0 0 0 1 0 0 0 1 0 0
2014   2 28  4  8 25 607966  -12.27457  -57.07587     3820  74.7  2  0  7 20 0 0 0 1 1 0 0 1 0 1 1 1 1 0
2014   2 28  4  8 25 684109  -12.39279  -57.15392     3013  36.6  0  0  7 20 0 0 0 1 1 0 0 1 0 1 0 1 1 1
2014   2 28  4  8 25 769037  -12.36968  -56.58514     4570  83.3  2  0  7 21 0 0 1 1 1 0 0 1 0 1 1 0 0 1
2014   2 28  4  8 26  86786  -27.11913  -43.56315     3834  47.9  1  0  6 15 0 0 1 1 1 0 0 1 0 1 1 0 0 0
2014   2 28  4  8 26 502906  -27.09088  -43.58896     3491  50.3  1  0  7 21 0 0 1 1 1 0 0 1 0 1 1 0 0 1
2014   2 28  4  8 26 668391  -27.08657  -43.70119     3827  18.6  0  0  4  6 0 0 1 1 0 0 0 0 0 1 0 0 0 1
2014   2 28  4  8 26 740733  -27.08169  -43.60922     3556  52.6  1  0  7 21 0 0 1 1 1 0 0 1 0 1 1 0 0 1
2014   2 28  4  8 27 992593  -20.29151  -47.15888     4499  91.6  2  0  6 15 0 0 1 1 1 0 0 1 0 1 1 0 0 0
2014   2 28  4  8 28 194140  -20.18040  -47.19047     3158  10.4  0  0  4  6 0 0 1 1 0 0 0 1 0 0 1 0 0 0
2014   2 28  4  8 28 549181  -12.71361  157.61008    14373  80.8  2  0  6 15 0 0 1 1 0 0 0 1 0 0 1 1 0 1
2014   2 28  4  8 28 624070  -12.78106  158.04956     9792  19.3  0  0  4  6 0 0 0 1 0 0 0 1 0 0 1 1 0 0
2014   2 28  4  8 28 733686  -15.07959  -52.86592     5450 118.9  2  0  6 15 0 0 1 1 1 0 0 0 0 0 1 1 0 1
2014   2 28  4  8 28 819635  -27.02600  -43.72198     3823  62.0  1  0  7 21 0 0 1 1 1 0 0 1 0 1 1 0 0 1
2014   2 28  4  8 28 958644  -27.09852  -43.66352     5905  67.9  2  0  5 10 0 0 1 1 0 0 0 1 0 1 1 0 0 0
2014   2 28  4  8 28 987059  -27.03724  -43.72040     3797  61.1  1  0  7 21 0 0 1 1 1 0 0 1 0 1 1 0 0 1
2014   2 28  4  8 29  54821  -22.33460 -135.47331    38113 115.2  2  0  7 21 0 0 1 1 1 0 0 1 0 1 1 0 0 1
2014   2 28  4  8 29 103060  -19.28975 -144.46715    23623  58.8  2  0  5  9 0 0 1 1 0 0 0 1 0 0 1 1 0 0
2014   2 28  4  8 29 112470  -19.38365 -144.47411    23186  89.0  2  0  6 12 0 0 1 1 1 0 0 1 0 0 1 1 0 0
2014   2 28  4  8 29 194342  -22.35914 -135.41588    38415 116.3  2  0  7 21 0 0 1 1 1 0 0 1 0 1 1 0 0 1
2014   2 28  4  8 29 275458  -19.96521 -140.96986    29165 108.6  2  0  6 15 0 0 1 1 1 0 0 0 0 0 1 1 0 1
2014   2 28  4  8 29 281778  -26.97388  -43.66220     3864  63.7  1  0  7 21 0 0 1 1 1 0 0 1 0 1 1 0 0 1
2014   2 28  4  8 30 676013   -7.93830  -74.80538    10558 125.4  2  0  6 15 0 0 0 1 1 0 0 1 0 0 1 1 0 1
2014   2 28  4  8 30 738637  -22.48438  -47.67312     4476  94.9  2  0  6 15 0 0 1 1 1 0 0 1 0 0 1 0 0 1
2014   2 28  4  8 31 230851  -23.22453  -46.11291     6239 125.8  2  0  6 15 0 0 1 1 1 0 0 1 0 0 1 0 0 1
2014   2 28  4  8 31 450000  -23.56524  -46.40572     3832  34.2  1  0  5 10 0 0 1 1 1 0 0 0 0 0 1 0 0 1
2014   2 28  4  8 31 483134  -26.85726  -44.15431     4861  76.3  2  0  6 15 0 0 1 1 1 0 0 0 0 1 1 0 0 1
2014   2 28  4  8 31 587401  -22.78924  -47.07246     4829 114.9  2  0  6 15 0 0 1 0 1 0 0 1 0 1 1 0 0 1
2014   2 28  4  8 31 764905   13.82176   15.41568    19727  40.0  1  0  5 10 0 0 1 0 1 0 0 0 0 0 1 1 0 1
2014   2 28  4  8 31 832467    5.81524  -76.63082     9893 118.0  2  0  7 19 0 0 1 0 1 0 0 1 0 1 1 1 0 1
2014   2 28  4  8 31 983818  -26.94902  -44.02056     6088  78.6  2  0  6 12 0 0 1 1 1 0 0 1 0 0 1 0 0 1
2014   2 28  4  8 32  78239  -27.26549  -43.38631     3818   8.2  0  0  5  8 0 0 1 0 1 0 0 1 0 0 1 0 0 1
2014   2 28  4  8 32 488798  -27.25358  -43.34893     2784   7.8  0  0  5 10 0 0 1 1 1 0 0 0 0 1 0 0 0 1
2014   2 28  4  8 32 944402  -13.85537  160.58096     9999  43.2  1  0  6 15 0 0 1 1 1 0 0 1 0 0 1 1 0 0
2014   2 28  4  8 33 343199  -25.58757  -44.72137     3345  21.3  0  0  5 10 0 0 1 1 1 0 0 1 0 0 1 0 0 0
2014   2 28  4  8 35   3762  -27.16458  -43.36275     2712  21.2  0  0  7 21 0 0 1 1 1 0 0 1 0 1 1 0 0 1
2014   2 28  4  8 35 162635  -27.15861  -43.28352     4860  26.6  0  0  5  8 0 0 0 1 0 0 0 1 0 1 1 1 0 0
2014   2 28  4  8 35 174263  -27.22422  -43.23400     2969  22.7  0  0  6 15 0 0 1 1 1 0 0 1 0 1 1 0 0 0
2014   2 28  4  8 35 312390  -27.22406  -43.14561     4878  15.4  0  0  5  7 0 0 1 0 1 0 0 1 0 0 1 0 0 1
2014   2 28  4  8 35 350729  -27.18703  -43.40807     3677  22.7  0  0  5  7 0 0 1 1 1 0 0 1 0 1 0 0 0 0
2014   2 28  4  8 36 516339  -16.22205  -51.28590     3569  29.5  0  0  5 10 0 0 0 1 1 0 0 1 0 0 1 0 0 1
2014   2 28  4  8 36 912405  -13.54458  159.27814     9397  28.2  0  0  5 10 0 0 1 1 0 0 0 1 0 0 1 1 0 0
2014   2 28  4  8 37  24188  -13.75514  159.32285     9996  33.0  1  0  5 10 0 0 0 1 0 0 0 1 0 0 1 1 0 1
2014   2 28  4  8 37  88792  -13.88890  159.92162     9872  13.0  0  0  4  6 0 0 1 0 0 0 0 1 0 0 1 1 0 0
2014   2 28  4  8 37 132628  -13.81429  159.53001     9787  44.9  1  0  6 15 0 0 1 1 0 0 0 1 0 0 1 1 0 1
2014   2 28  4  8 37 188352   -9.10193  154.19516    88925  50.5  2  0  5 10 0 0 1 1 0 0 0 1 0 0 1 0 0 1
2014   2 28  4  8 37 364394   -5.77559  -53.89345     4110  44.6  1  0  5 10 0 0 0 0 1 0 0 1 0 0 1 1 0 1
2014   2 28  4  8 37 791614   -5.64089  -53.83196     3592  38.1  1  0  5 10 0 0 0 1 0 0 0 1 0 0 1 1 0 1
2014   2 28  4  8 38 187722   -5.55865  -53.47276     3639  18.4  0  0  5 10 0 0 1 0 1 0 0 0 0 0 1 1 0 1
2014   2 28  4  8 38 434120    5.03792  -73.39371     3871   4.9  0  0  5  9 0 0 0 0 1 0 0 1 0 1 0 1 0 1
2014   2 28  4  8 38 498163  -27.34900  -43.35137     3816  60.1  1  0  7 20 0 0 1 1 1 0 0 1 0 1 1 0 0 1
2014   2 28  4  8 39 131143    7.84859  -74.30682     6572  61.1  1  0  7 21 0 0 0 1 1 0 0 1 0 1 1 1 0 1
2014   2 28  4  8 39 570458  -12.83238  -26.27056    11597  55.6  1  0  6 11 0 0 0 1 1 0 0 0 1 0 1 0 1 1
2014   2 28  4  8 40 136436   -5.76879  -21.55818    10109  39.2  0  0  6 12 0 0 1 1 1 0 0 0 0 0 1 1 0 1
2014   2 28  4  8 40 304902  -20.30313  -47.07061     3471  60.9  2  0  6 15 0 0 1 1 1 0 0 1 0 1 0 0 0 1
2014   2 28  4  8 40 539496  -23.54228 -136.60854    16096  76.6  2  0  7 20 0 0 1 1 1 0 0 0 0 1 1 1 0 1
2014   2 28  4  8 40 578706  -23.73877 -136.56685    17848  99.5  2  0  7 21 0 0 1 1 1 0 0 1 0 1 1 1 0 0
2014   2 28  4  8 40 579641  -21.83948  -48.67830     3958  89.9  2  0  7 20 0 0 1 1 0 0 0 1 0 1 1 1 0 1
2014   2 28  4  8 40 586978  -23.41838 -136.87859    20406  59.8  1  0  6 11 0 0 1 1 0 0 0 1 0 0 1 1 0 1
2014   2 28  4  8 40 663270  -23.86993 -135.86798    21549  88.6  2  0  6 15 0 0 1 1 1 0 0 1 0 0 0 1 0 1
2014   2 28  4  8 41 813935  -27.03757  -43.96844     5237  52.3  1  0  6 13 0 0 1 0 1 0 0 1 0 1 0 1 0 1
2014   2 28  4  8 41 874590  -27.02797  -43.83107     5178  63.2  2  0  6 13 0 0 1 1 1 0 0 1 0 0 1 0 0 1
2014   2 28  4  8 42  48401  -27.07005  -43.93553     3103   7.2  0  0  4  6 0 0 1 1 1 0 0 0 0 1 0 0 0 0
2014   2 28  4  8 42 707120   -5.55081  -43.30641     3233  68.2  1  0  7 20 0 0 1 1 0 0 0 0 0 1 1 1 1 1
2014   2 28  4  8 44 207798  -27.07601  -43.80955     4838  60.7  2  0  6 14 0 0 1 1 1 0 0 1 0 0 1 0 0 1
2014   2 28  4  8 44 675411  -27.06602  -43.61147     5639  62.2  2  0  5 10 0 0 1 1 1 0 0 0 0 0 1 0 0 1
2014   2 28  4  8 44 893054  -27.09916  -43.82600     5505  56.2  2  0  5 10 0 0 1 1 1 0 0 1 0 0 1 0 0 0
2014   2 28  4  8 45 740315    5.06475  -72.47747    16446 125.1  2  0  6 15 0 0 0 1 1 0 0 0 0 1 1 1 0 1
2014   2 28  4  8 46 381008  -33.24125  -40.09620     7957  90.9  2  0  6 15 0 0 1 1 1 0 0 1 0 0 1 0 0 1
2014   2 28  4  8 46 594248  -32.07425  -41.14024     6882  34.6  1  0  5 10 0 0 0 1 1 0 0 1 0 0 1 0 0 1
2014   2 28  4  8 46 783418    1.90110    3.37794    22481 115.6  2  0  7 20 0 0 1 1 1 0 0 1 0 0 1 1 0 1
2014   2 28  4  8 47  29525  -10.63604  166.33551    22393 104.4  2  0  6 15 0 0 0 1 1 0 0 1 0 0 1 1 0 1
2014   2 28  4  8 47  76236  -10.91773  167.67747    21888 107.5  2  0  6 15 0 0 1 1 1 0 0 1 0 0 1 1 0 0
2014   2 28  4  8 47 562908  -26.52910 -138.62660    27770 133.8  2  0  7 21 0 0 1 1 1 0 0 1 0 0 1 1 0 1
2014   2 28  4  8 48 408754  -23.09766  -46.12090     2688  16.1  0  0  6 14 0 0 1 1 0 0 0 1 0 0 1 1 0 1
2014   2 28  4  8 48 420411  -23.12098  -46.09270     2730   8.7  0  0  5 10 0 0 1 1 0 0 0 1 0 0 1 0 0 1
2014   2 28  4  8 48 468056  -23.13430  -46.11464     2952  17.0  0  0  5 10 0 0 1 1 1 0 0 1 0 0 0 0 0 1
2014   2 28  4  8 50 768666    6.04325  -76.77251     5213  60.4  1  0  7 21 0 0 1 1 1 0 0 1 0 0 1 1 0 1
2014   2 28  4  8 50 792551    5.80240  -76.91658     6131  17.4  0  0  5  9 0 0 0 1 1 0 0 0 0 0 1 1 0 1
2014   2 28  4  8 50 874661    5.84680  -77.05766     5679  16.7  0  0  5  9 0 0 0 1 0 0 0 1 0 0 1 1 0 1
2014   2 28  4  8 50 998594    5.83403  -77.05862     8138  24.6  0  0  5  9 0 0 0 0 1 0 0 1 0 0 1 1 0 1
2014   2 28  4  8 51 217968  -27.24825  -43.16715     3116  17.2  0  0  6 13 0 0 1 1 1 0 0 1 0 0 1 0 0 1
2014   2 28  4  8 51 820115  -21.11799 -138.65318    19706  24.6  0  0  5 10 0 0 1 0 1 0 0 1 0 0 1 0 0 1
2014   2 28  4  8 51 892050  -19.35352 -142.83479    14224   9.0  0  0  4  6 0 0 0 1 0 0 0 1 0 0 1 1 0 0
2014   2 28  4  8 52 272799  -19.83886 -141.05696     8969  26.2  0  0  6 15 0 0 1 1 1 0 0 0 0 0 1 1 0 1
2014   2 28  4  8 54 532464    1.13255    1.06374    11352  46.4  1  0  6 15 0 0 1 1 1 0 0 1 0 0 1 1 0 0
2014   2 28  4  8 54 998892  -27.17253  -43.37057     3694  34.9  0  0  6 14 0 0 1 1 1 0 0 1 0 0 1 0 0 1
2014   2 28  4  8 55 287594   -3.37881   -5.15479    79100  42.7  1  0  5  9 0 0 1 1 1 0 0 0 0 0 1 0 0 1
2014   2 28  4  8 55 667895    5.37344  -74.84041    27523  54.5  2  0  5 10 0 0 0 1 1 0 0 1 0 0 1 0 0 1
2014   2 28  4  8 55 778470    5.97601  -74.63697     4664  17.5  0  0  5  8 0 0 1 0 1 0 0 0 0 0 1 1 0 1
2014   2 28  4  8 56 589579  -30.59904  -42.81709     7104  52.3  2  0  5  9 0 0 1 1 1 0 0 1 0 0 1 0 0 0
2014   2 28  4  8 56 815848  -27.01106  -43.77391     4861  20.5  0  0  5  7 0 0 0 1 1 0 0 1 0 0 1 0 0 1
2014   2 28  4  8 56 858116  -27.15631  -43.66328     4154  41.6  1  0  6 13 0 0 1 1 1 0 0 1 0 0 1 0 0 1
2014   2 28  4  8 57 431867    4.95132  -84.10311     4333   5.3  0  0  4  6 0 0 1 1 0 0 0 1 0 0 0 1 0 0
2014   2 28  4  8 57 614780  -33.50967   16.80800    19985  62.3  2  0  6 15 0 0 1 1 1 0 0 1 0 0 1 0 0 1
2014   2 28  4  8 57 892175  -21.59451  -51.36825     4147  62.1  2  0  6 14 0 0 1 1 1 0 0 1 0 0 1 0 0 1
2014   2 28  4  8 58 272844  -27.07730  -43.40191     4548  45.3  1  0  6 12 0 0 1 1 1 0 0 1 0 0 1 0 0 1
2014   2 28  4  8 58 285940  -27.07342  -43.39088     4315  45.6  1  0  6 13 0 0 1 1 1 0 0 1 0 0 1 0 0 1
2014   2 28  4  8 58 608954  -27.05681  -43.42396     4111  47.1  1  0  6 15 0 0 1 1 1 0 0 1 0 0 1 0 0 1
2014   2 28  4  8 58 663925  -23.14602  -46.04919     4745  83.0  2  0  6 15 0 0 1 1 1 0 0 1 0 0 1 0 0 1
2014   2 28  4  8 58 727581  -23.15381  -46.05469     4778  83.9  2  0  6 15 0 0 1 1 1 0 0 1 0 0 1 0 0 1
2014   2 28  4  8 58 989090  -23.13243  -45.88642     2978   0.9  0  0  4  6 0 0 1 0 0 0 0 1 0 0 1 0 0 1
2014   2 28  4  8 59 135682  -23.15816  -46.05361     4831  85.1  2  0  6 15 0 0 1 1 1 0 0 1 0 0 1 0 0 1
2014   2 28  4  8 59 296216  -10.02148    8.69723    21865  67.1  2  0  6 12 0 0 1 1 1 0 0 1 0 0 1 0 0 1
2014   2 28  4  8 59 376876  -23.19765  -46.14014     4951  88.7  2  0  6 15 0 0 1 1 1 0 0 1 0 0 1 0 0 1
2014   2 28  4  8 59 632835  -11.31999    6.29172    66945  69.9  2  0  5 10 0 0 1 1 1 0 0 0 0 0 1 0 0 1
2014   2 28  4  9  0 627511  -27.03929  -43.86831     3576  26.8  0  0  5 10 0 0 1 1 1 0 0 1 0 0 0 0 0 1
2014   2 28  4  9  0 640207  -27.06174  -43.76633     5483  64.6  2  0  6 11 0 0 1 1 1 0 0 1 0 0 1 0 0 1
2014   2 28  4  9  0 913167  -27.12900  -43.53862     4544  51.5  1  0  6 14 0 0 1 1 1 0 0 1 0 0 1 1 0 0
2014   2 28  4  9  1  34680  -27.04952  -43.72426     5059  56.6  1  0  6 12 0 0 1 1 1 0 0 1 0 0 1 0 0 1
2014   2 28  4  9  2 196676  -22.69686 -136.73825    19193 105.2  2  0  7 21 0 0 1 1 1 0 0 1 0 0 1 1 0 1
2014   2 28  4  9  2 219388  -22.70159 -136.75131    19294 106.0  2  0  7 21 0 0 1 1 1 0 0 1 0 0 1 1 0 1
2014   2 28  4  9  2 313573  -13.23082  158.76215     8745   6.6  0  0  4  6 0 0 1 0 0 0 0 1 0 0 1 1 0 0
2014   2 28  4  9  3 477473   39.61524   65.53314    12156  23.6  0  0  5  9 0 0 1 0 1 0 0 0 0 0 1 1 0 1
2014   2 28  4  9  3 565085   -3.86911    9.93121    20762 120.2  2  0  7 21 0 0 1 1 1 0 0 1 0 0 1 1 0 1
2014   2 28  4  9  5 307384  -33.41048 -133.40919    12063  11.2  0  0  6 15 0 0 1 1 1 0 0 1 0 1 0 0 0 1
2014   2 28  4  9  5 766509  -22.06717  -48.58026     2697  17.4  0  0  6 11 0 0 1 1 1 0 0 1 0 1 0 0 0 1
2014   2 28  4  9  6 447665  -25.37314  -44.79423     3656  28.0  0  0  5  8 0 0 1 1 1 0 0 1 0 0 0 0 0 1
2014   2 28  4  9  7 826899   -3.67604    8.27213    35515  33.0  1  0  5  7 0 0 1 1 1 0 0 1 0 0 0 0 0 1
2014   2 28  4  9  8  28584  -22.50111  -48.29282     3431  19.3  0  0  4  6 0 0 1 1 0 0 0 1 0 1 0 0 0 0
2014   2 28  4  9  8 580640    5.14664  -72.28281    18548  12.4  0  0  4  6 0 0 0 1 0 0 0 1 0 1 0 0 0 1
2014   2 28  4  9  9 444035    5.02083  153.13280    25959  36.2  1  0  4  6 0 0 1 1 1 0 0 1 0 0 0 0 0 0
2014   2 28  4  9 10 132840  -27.23483  -43.35194     3619  19.0  0  0  5  8 0 0 1 1 1 0 0 1 0 0 0 0 0 1
2014   2 28  4  9 10 229251  -27.23497  -43.32980     3929  19.6  0  0  5  7 0 0 1 1 1 0 0 1 0 0 0 0 0 1
2014   2 28  4  9 10 340132  -22.40211  -47.78664     3268  32.1  1  0  5 10 0 0 1 1 1 0 0 1 0 0 0 0 0 1
2014   2 28  4  9 11 224609  -22.95769  -47.01266     3622  41.8  1  0  5 10 0 0 1 1 1 0 0 1 0 0 0 0 0 1
2014   2 28  4  9 12 517795    7.69845  -81.10604    29532  14.4  0  0  4  6 0 0 0 1 1 0 0 1 0 1 0 0 0 0
2014   2 28  4  9 16 206149  -27.13955  -43.70761     3197  33.8  0  0  6 14 0 0 1 1 1 0 0 1 0 1 0 0 0 1
2014   2 28  4  9 16 282295  -27.10959  -43.71988     9063  29.9  0  0  5  8 0 0 0 1 1 0 0 1 0 1 0 0 0 1
2014   2 28  4  9 16 808733  -19.94621  -48.03810     4223  81.1  2  0  6 13 0 0 1 1 1 0 0 1 0 1 0 0 0 1
2014   2 28  4  9 17  22659  -19.96455  -48.03384     4008  79.9  2  0  6 14 0 0 1 1 1 0 0 1 0 1 0 0 0 1
2014   2 28  4  9 17 887802    4.47102  -71.12511    37084  52.7  2  0  5 10 0 0 0 1 1 0 0 1 0 1 0 0 0 1
2014   2 28  4  9 19 647623  -28.41965 -125.52090    28517  45.3  1  0  5 10 0 0 1 0 1 0 0 1 0 1 0 0 0 1
2014   2 28  4  9 22 163361   -5.03621  -53.46341     3145   6.9  0  0  5 10 0 0 0 1 1 0 0 1 0 1 0 0 0 1
2014   2 28  4  9 23  65849  -25.47481  -44.90915     6195  26.9  0  0  5  8 0 0 0 1 1 0 0 1 0 1 0 0 0 1
2014   2 28  4  9 23 347364  -25.47840  -44.91579     6264  27.5  0  0  5  8 0 0 0 1 1 0 0 1 0 1 0 0 0 1
2014   2 28  4  9 23 445935  -23.21398  -46.16362     3513  31.4  1  0  5 10 0 0 0 1 1 0 0 1 0 1 0 0 0 1
2014   2 28  4  9 23 469916  -23.23528  -46.16645     3422  29.1  0  0  5 10 0 0 0 1 1 0 0 1 0 1 0 0 0 1
2014   2 28  4  9 23 563914  -25.55532  -44.91892     5829  26.7  0  0  5  7 0 0 0 1 1 0 0 1 0 1 0 0 0 1
2014   2 28  4  9 26 770057  -20.36934  -47.07180     2728  16.1  0  0  5  9 0 0 0 1 1 0 0 1 0 1 0 0 0 1
2014   2 28  4  9 28 341033  -12.40376  -77.02095    17070  24.3  0  0  5 10 0 0 0 1 1 0 0 1 0 1 0 0 0 1
2014   2 28  4  9 29 478702  -16.33865  -50.77585     3549  38.0  1  0  5 10 0 0 0 1 1 0 0 1 0 1 0 0 0 1
2014   2 28  4  9 29 523383  -32.22932  -43.14492    11862  33.8  1  0  5 10 0 0 0 1 1 0 0 1 0 1 0 0 0 1
2014   2 28  4  9 29 607024  -16.26989  -50.78610     3567  38.3  1  0  5 10 0 0 0 1 1 0 0 1 0 1 0 0 0 1
2014   2 28  4  9 29 845843  -32.93224  -42.75296    17853  70.8  2  0  6 14 0 0 0 1 1 0 0 1 0 1 0 0 1 1
2014   2 28  4  9 33 603879   14.54275  -82.94530    86402  53.5  2  0  5 10 0 0 0 1 1 0 0 1 0 1 0 0 0 1
