2014   2 28  0 24 32  97900    0.87495  -71.88242     3916   6.0  0  0  5  7 0 0 1 1 0 0 0 0 0 1 1 1 0 0
2014   2 28  0 24 32 621449  -19.06126  -51.10181     2982   5.0  0  0  5  8 0 0 1 1 0 0 0 0 0 1 1 0 0 1
2014   2 28  0 24 36  54690  -15.88310  -49.73014     2781  23.3  0  0  6 13 0 0 1 1 0 0 0 0 0 1 1 1 0 1
2014   2 28  0 24 36  68496  -32.36620  -43.11635     3904  26.9  0  0  5 10 0 0 1 1 0 0 0 0 0 1 1 0 0 1
2014   2 28  0 24 36 128639  -32.41959  -43.03082     4606  22.4  1  0  4  6 0 0 1 1 0 0 0 0 0 0 1 0 0 1
2014   2 28  0 24 36 778029  -23.49540  -48.16597     2904   6.1  0  0  4  6 0 0 1 1 0 0 0 0 0 1 1 0 0 0
2014   2 28  0 24 37 475108   -2.14389  -70.21652    32557  25.6  1  0  4  6 0 0 0 1 0 0 0 0 0 1 1 0 0 1
2014   2 28  0 24 37 989216    0.25382  -72.45812     6358  62.0  2  0  5 10 0 0 1 1 0 0 0 0 0 1 0 1 0 1
2014   2 28  0 24 38 258897    0.10505  -73.54121     5298   1.8  0  0  4  6 0 0 0 1 0 0 0 0 0 1 0 1 0 1
2014   2 28  0 24 38 353716  -14.03403  161.03239    17117  46.3  1  0  6 15 0 0 1 1 0 0 0 0 0 1 1 1 0 1
2014   2 28  0 24 38 511875   -5.09364  -75.32946     3706   7.0  0  0  4  6 0 0 1 0 0 0 0 0 0 0 1 1 0 1
2014   2 28  0 24 38 628356  -13.95310  160.69206    17089  46.8  1  0  6 15 0 0 1 1 0 0 0 0 0 1 1 1 0 1
2014   2 28  0 24 39 206182  -24.54795 -135.99850    16205  58.7  1  0  6 15 0 0 1 1 0 0 0 0 0 1 1 1 0 1
2014   2 28  0 24 40  98540  -10.89943  -77.79547    11995  24.1  1  0  4  6 0 0 0 1 0 0 0 0 0 1 0 1 0 1
2014   2 28  0 24 40 137455  -10.15827  -75.44318     3777  11.3  0  0  4  6 0 0 1 0 0 0 0 0 0 0 1 1 0 1
2014   2 28  0 24 40 285154  -10.12672  -75.51613     5956  84.4  2  0  6 15 0 0 1 1 0 0 0 0 0 1 1 1 0 1
2014   2 28  0 24 42  76263   -4.24942  -74.31296     7044  99.7  2  0  6 15 0 0 1 1 0 0 0 0 0 1 1 1 0 1
2014   2 28  0 24 47 407258  -20.63819  -53.18368     3232  26.9  0  0  5  9 0 0 1 0 0 0 0 0 0 1 1 1 0 1
2014   2 28  0 24 49 551144    3.89169  -71.32980     2972  14.7  0  0  7 19 0 0 1 1 1 0 0 0 0 1 1 1 0 1
2014   2 28  0 24 50 433250  -22.54482  -51.76425     4224  25.2  0  0  5  7 0 0 0 1 0 0 0 1 0 1 0 1 0 1
2014   2 28  0 24 50 462270  -22.46521  -51.62504     2636   4.8  0  0  5  9 0 0 1 1 0 0 0 1 0 0 1 0 0 1
2014   2 28  0 24 50 626894  -20.63183  -54.04337     2545  26.1  0  0  7 21 0 0 1 1 1 0 0 1 0 1 1 0 0 1
2014   2 28  0 24 50 638973  -20.65521  -54.06033     2711  24.3  0  0  6 15 0 0 0 1 1 0 0 1 0 1 1 0 0 1
2014   2 28  0 24 50 694731  -20.70864  -53.94030     2536   1.7  0  0  5 10 0 0 1 0 1 0 0 1 0 0 1 0 0 1
2014   2 28  0 24 50 719513  -20.55499  -54.03420     2681  28.6  0  0  7 19 0 0 1 1 1 0 0 1 0 0 1 1 0 1
2014   2 28  0 24 51 569266  -25.88740 -133.46289    11571  16.3  0  0  6 15 0 0 1 0 1 0 0 1 0 1 1 0 0 1
2014   2 28  0 24 52 430954  -23.44130  -50.80274     3485  12.3  0  0  4  6 0 0 1 1 0 0 0 1 0 0 1 0 0 0
2014   2 28  0 24 53 216118  -25.31635  -45.02515     4223  36.7  1  0  5  9 0 0 0 1 1 0 0 1 0 0 1 0 0 1
2014   2 28  0 24 53 283682    4.96864  -76.32912     8597  67.8  2  0  5  8 0 0 1 1 0 0 0 1 0 1 0 1 0 0
2014   2 28  0 24 53 792739  -16.91962 -145.54988    11339  39.2  0  0  6 15 0 0 1 1 0 0 0 1 0 0 1 1 0 1
2014   2 28  0 24 53 817047  -16.91618 -145.52762    16405  48.1  1  0  5 10 0 0 1 1 1 0 0 1 0 0 0 1 0 0
2014   2 28  0 24 53 955463    3.82377  -71.43979     4226  44.3  1  0  6 14 0 0 1 1 1 0 0 1 0 0 1 1 0 0
2014   2 28  0 24 54 259560  -25.48405  -45.22720     2974  39.6  0  0  7 21 0 0 1 1 1 0 0 1 0 1 1 0 0 1
2014   2 28  0 24 54 413977  -25.47979  -45.23685     3003  40.6  0  0  7 21 0 0 1 1 1 0 0 1 0 1 1 0 0 1
2014   2 28  0 24 54 543118  -12.75269  -57.01033     4319  44.7  1  0  6 11 0 0 1 1 1 0 0 1 0 0 1 0 0 1
2014   2 28  0 24 54 703370    1.93241  -70.20065    11790  42.9  1  0  6 15 0 0 1 1 1 0 0 0 0 1 1 0 0 1
2014   2 28  0 24 54 761917  -17.81131  -67.52647     3726  65.4  1  0  7 21 0 0 1 0 1 0 0 1 0 1 1 1 0 1
2014   2 28  0 24 54 792025  -13.13593  -52.69849     3213  51.7  1  0  7 20 0 0 0 1 1 0 0 1 0 1 1 1 0 1
2014   2 28  0 24 54 822764  -13.21599  -52.82681     5353 123.4  2  0  7 20 0 0 1 1 1 0 0 1 0 1 1 0 0 1
2014   2 28  0 24 55  16434   -8.84312  -60.65328     6943  54.4  2  0  5  7 0 0 0 1 1 0 0 1 0 0 1 1 0 0
2014   2 28  0 24 55 528718   -5.87900  -75.03232    19283  57.4  2  0  5 10 0 0 0 1 1 0 0 1 0 0 1 0 0 1
2014   2 28  0 24 55 741437  -23.27489  -51.10466     3814  57.2  1  0  6 11 0 0 1 1 1 0 0 1 0 0 1 0 0 1
2014   2 28  0 24 55 839888   -7.33644  -73.39483     4195  65.7  1  0  7 21 0 0 1 1 1 0 0 1 0 0 1 1 0 1
2014   2 28  0 24 56  51625   -9.49996  -71.51595    11610  23.8  1  0  4  6 0 0 1 1 1 0 0 0 0 1 0 0 0 0
2014   2 28  0 24 56 346741  -19.26100  -50.71101     3492  35.3  0  0  6 12 0 0 1 1 1 0 0 1 0 0 1 0 0 1
2014   2 28  0 24 56 823398    3.10251  -71.60046     4549  67.0  1  0  7 20 0 0 1 1 1 0 0 1 0 0 1 1 0 1
2014   2 28  0 24 56 860534    2.36367  -70.83327     7161  28.8  0  0  5 10 0 0 1 0 1 0 0 1 0 0 1 0 0 1
2014   2 28  0 24 56 878426    3.09348  -71.61829     4549  67.1  1  0  7 20 0 0 1 1 1 0 0 1 0 0 1 1 0 1
2014   2 28  0 24 56 900894    3.07114  -71.11574     4767  24.0  0  0  5  8 0 0 1 0 1 0 0 0 0 0 1 1 0 1
2014   2 28  0 24 56 918445    3.03921  -71.42057     5174  76.8  2  0  7 21 0 0 1 0 1 0 0 1 0 1 1 1 0 1
2014   2 28  0 24 56 928554    3.11417  -71.59786     4419  67.3  1  0  7 21 0 0 1 1 1 0 0 1 0 0 1 1 0 1
2014   2 28  0 24 56 948596    2.20895  -70.85231    11989  81.4  2  0  6 15 0 0 1 1 1 0 0 1 0 1 1 0 0 0
2014   2 28  0 24 57  16454    3.09826  -71.60927     4602  68.4  1  0  7 20 0 0 1 1 1 0 0 1 0 0 1 1 0 1
2014   2 28  0 24 57 528328  -24.10493  -51.08881     4234  55.3  1  0  6 13 0 0 1 1 1 0 0 1 0 0 1 0 0 1
2014   2 28  0 24 57 974288   -3.54249  -63.64552     6788 119.3  2  0  7 16 0 0 1 1 0 0 0 1 0 1 1 1 0 1
2014   2 28  0 24 58 209281    5.91711  -76.90847     7610 102.7  2  0  7 21 0 0 1 1 1 0 0 0 0 1 1 1 0 1
2014   2 28  0 24 58 313111    5.96265  -77.18931     5810  79.4  2  0  7 21 0 0 1 1 1 0 0 1 0 0 1 1 0 1
2014   2 28  0 24 58 646980    6.01422  -76.99752     5898  81.9  2  0  7 21 0 0 1 1 1 0 0 1 0 0 1 1 0 1
2014   2 28  0 24 59 170619  -25.45173  -45.46144     3546  62.5  1  0  7 21 0 0 1 1 1 0 0 1 0 1 1 0 0 1
2014   2 28  0 24 59 222175  -24.72726 -137.72684    20273  82.7  2  0  6 15 0 0 1 1 1 0 0 1 0 0 1 1 0 0
2014   2 28  0 24 59 405987  -10.22116  -75.70108     6371 127.9  2  0  7 21 0 0 1 1 1 0 0 1 0 1 1 1 0 0
2014   2 28  0 24 59 437887  -25.49533  -45.40756     4402  60.8  2  0  6 14 0 0 1 1 1 0 0 1 0 0 1 0 0 1
2014   2 28  0 24 59 558107    6.04321  -76.89762     6208  88.9  2  0  7 21 0 0 1 1 1 0 0 1 0 0 1 1 0 1
2014   2 28  0 24 59 655694    6.02364  -76.92692     6497  90.2  2  0  7 20 0 0 1 1 1 0 0 1 0 0 1 1 0 1
2014   2 28  0 25  0 362231  -21.30203  -53.59617     4113 116.7  2  0  7 21 0 0 1 1 1 0 0 1 0 1 1 0 0 1
2014   2 28  0 25  1 813126    0.23663  -74.60342     4383   2.8  0  0  5 10 0 0 0 1 1 0 0 0 0 1 0 1 0 1
2014   2 28  0 25  1 894408   -0.33065  -71.16969    15565 127.5  2  0  6 15 0 0 1 1 0 0 0 1 0 1 1 0 0 1
2014   2 28  0 25  1 952172    0.58074  -72.03293     6566 136.1  2  0  7 21 0 0 1 1 0 0 0 1 0 1 1 1 0 1
2014   2 28  0 25  2 354324  -18.31394   14.65307    29705 100.5  2  0  6 15 0 0 1 1 1 0 0 1 0 0 1 0 0 1
2014   2 28  0 25  2 530825  -18.31303   14.69516    30264 102.6  2  0  6 15 0 0 1 1 1 0 0 1 0 0 1 0 0 1
2014   2 28  0 25  2 789648  -15.22670  -53.48339     5331 113.0  2  0  7 17 0 0 1 0 1 0 0 1 0 1 1 1 0 1
2014   2 28  0 25  2 870907  -15.21246  -53.53981     4887 108.9  2  0  7 17 0 0 1 1 1 0 0 1 0 0 1 1 0 1
2014   2 28  0 25  3 887748   -1.25888  -69.19488    14095  25.9  1  0  4  6 0 0 1 1 1 0 0 0 0 1 0 0 0 0
2014   2 28  0 25  4 202392   -0.37514  -55.29345     2822   9.1  0  0  5 10 0 0 0 1 1 0 0 1 0 0 0 1 0 1
2014   2 28  0 25  4 657221  -25.34048  -44.82403     5621  77.5  2  0  6 13 0 0 0 1 1 0 0 1 0 0 1 0 1 1
2014   2 28  0 25  4 711089  -24.08892  -51.16709     4737  62.4  2  0  6 11 0 0 1 1 1 0 0 1 0 0 1 0 0 1
2014   2 28  0 25  4 902357  -32.81582  -42.51209     2596  11.3  0  0  7 21 0 0 1 1 1 0 0 1 0 1 1 0 0 1
2014   2 28  0 25  5  89694  -25.33456  -44.93716     2770  17.0  0  0  6 15 0 0 1 1 1 0 0 1 0 0 1 0 0 1
2014   2 28  0 25  5 541964  -25.55191  -44.99147     2839  19.1  0  0  6 15 0 0 1 1 1 0 0 1 0 0 1 0 0 1
2014   2 28  0 25  5 693428   -4.73124  -73.67648     7677  14.2  0  0  5 10 0 0 0 1 1 0 0 1 0 1 1 0 0 0
2014   2 28  0 25  5 979590  -25.53099  -45.02575     3360  13.7  0  0  5  8 0 0 0 1 0 0 0 1 0 1 1 0 0 1
2014   2 28  0 25  5 990198   -4.55135  -74.05592     3921  18.9  0  0  5 10 0 0 0 1 1 0 0 1 0 0 1 1 0 0
2014   2 28  0 25  6  40354  -25.46024  -45.06873     2934  21.9  0  0  6 15 0 0 1 1 1 0 0 1 0 0 1 0 0 1
2014   2 28  0 25  6  61678  -25.45785  -45.05856     3009  51.0  1  0  7 18 0 0 1 1 1 0 0 1 0 1 0 1 0 1
2014   2 28  0 25  6 529108  -17.85477  -67.67235     3899  29.7  0  0  6 15 0 0 0 1 0 0 0 1 0 1 1 1 0 1
2014   2 28  0 25  6 859455  -23.73924  -47.19114     4356  29.2  0  0  5  7 0 0 0 1 0 0 0 1 0 1 1 0 0 1
2014   2 28  0 25  7 750211   -8.88414  -60.43703     4252  36.5  1  0  5  9 0 0 1 0 0 0 0 1 0 1 1 1 0 0
2014   2 28  0 25  8 634110   -8.89175  -60.39222     3726  44.4  1  0  6 14 0 0 1 0 1 0 0 1 0 1 1 1 0 0
2014   2 28  0 25  9 121023   -5.57807  -75.06895     5276  46.9  1  0  5 10 0 0 1 0 1 0 0 1 0 1 0 1 0 0
2014   2 28  0 25  9 348334    2.09349    3.56663    73091  34.3  1  0  5 10 0 0 1 1 1 0 0 0 0 0 1 0 0 1
2014   2 28  0 25  9 502169  -23.41184  -45.66509     5333  58.2  2  0  5 10 0 0 0 1 1 0 0 1 0 0 1 0 0 1
2014   2 28  0 25  9 838159  -23.38200  -45.83226     3611  24.3  0  0  5  9 0 0 1 1 1 0 0 1 0 0 1 0 0 0
2014   2 28  0 25 10 278008   -5.49862  -74.59308     3949  51.2  1  0  7 21 0 0 1 0 1 0 0 1 0 1 1 1 0 1
2014   2 28  0 25 10 640189  -20.95256  -52.75555     3431  19.0  0  0  4  6 0 0 1 0 0 0 0 1 0 0 1 0 0 1
2014   2 28  0 25 10 713323   -4.17713  -74.80563     6131  57.1  2  0  5 10 0 0 1 1 1 0 0 0 0 0 1 1 0 0
2014   2 28  0 25 10 744821  -10.94837  174.04309    10327   6.8  0  0  4  6 0 0 0 1 0 0 0 1 0 0 1 1 0 0
2014   2 28  0 25 10 909296   31.89638 -141.94145    25234  63.9  2  0  5 10 0 0 1 1 1 0 0 0 0 0 1 1 0 0
2014   2 28  0 25 10 979689   -4.23561  -74.41467     4442  54.9  1  0  6 15 0 0 1 1 1 0 0 1 0 0 1 1 0 0
2014   2 28  0 25 11   8791   -4.22848  -74.36922     6255  59.3  2  0  5 10 0 0 1 1 1 0 0 0 0 0 1 1 0 0
2014   2 28  0 25 11 118846   -4.20241  -74.58076     4514  14.9  0  0  4  6 0 0 0 1 0 0 0 1 0 0 1 1 0 0
2014   2 28  0 25 11 431510   -4.21556  -74.42594     4240  49.8  1  0  6 15 0 0 1 1 0 0 0 1 0 0 1 1 0 1
2014   2 28  0 25 11 459581   -4.26526  -74.61391     6926  58.9  2  0  5 10 0 0 0 1 1 0 0 1 0 0 1 1 0 0
2014   2 28  0 25 12  73221   -3.96387  -75.42629     5097  18.9  0  0  4  6 0 0 0 1 0 0 0 1 0 0 1 1 0 0
2014   2 28  0 25 12 325192  -22.39733   45.85501    50981  56.6  2  0  5 10 0 0 1 1 1 0 0 0 0 0 1 0 0 1
2014   2 28  0 25 12 455499  -17.89435  -67.51541     6739  66.7  2  0  5 10 0 0 1 1 1 0 0 1 0 0 1 0 0 0
2014   2 28  0 25 12 626781    2.75441  -71.30850     6348  67.5  2  0  6 15 0 0 0 1 1 0 0 1 0 0 1 1 0 1
2014   2 28  0 25 12 663883    2.15558  -70.66633    10796  72.4  2  0  6 15 0 0 1 1 0 0 0 1 0 1 1 0 0 1
2014   2 28  0 25 13 101263  -16.62653   28.76959    27225  81.6  2  0  6 15 0 0 1 1 1 0 0 1 0 0 1 0 0 1
2014   2 28  0 25 13 198828  -19.08688   23.92768    55754  63.0  2  0  5 10 0 0 1 1 1 0 0 0 0 0 1 0 0 1
2014   2 28  0 25 13 238204  -19.08402   23.94568    55559  62.7  2  0  5 10 0 0 1 1 1 0 0 0 0 0 1 0 0 1
2014   2 28  0 25 13 932621   -6.16486  -58.41929     3182  12.4  0  0  4  6 0 0 0 1 0 0 0 1 0 0 1 1 0 0
2014   2 28  0 25 15 397255  -15.87915  -49.06382     3686  85.4  2  0  7 21 0 0 1 1 1 0 0 1 0 1 1 0 0 1
2014   2 28  0 25 15 509802  -23.06605  -48.72607     4440 123.7  2  0  7 19 0 0 1 1 1 0 0 1 0 1 1 1 0 0
2014   2 28  0 25 16 148755   -4.81422  -76.27020     4448  18.6  0  0  4  6 0 0 1 0 0 0 0 1 0 0 1 1 0 0
2014   2 28  0 25 16 255687  -12.80768  157.93843    15404  87.8  2  0  6 15 0 0 1 1 1 0 0 1 0 0 1 1 0 0
2014   2 28  0 25 16 519761   -1.39584 -100.73285    16634  52.8  2  0  5 10 0 0 1 0 1 0 0 1 0 1 0 0 0 1
2014   2 28  0 25 16 644133  -25.37879  -45.34962     4888  74.1  2  0  6 14 0 0 1 1 1 0 0 1 0 0 1 0 0 1
2014   2 28  0 25 16 768516  -25.18613  -45.45971     4112  60.3  2  0  6 15 0 0 0 1 1 0 0 1 0 1 1 0 0 1
2014   2 28  0 25 16 855426  -20.52319  -54.43634     4466  94.2  2  0  6 15 0 0 1 0 1 0 0 1 0 1 1 0 0 1
2014   2 28  0 25 17 178152  -19.49276  -54.79282     5608  59.6  2  0  5  8 0 0 1 0 1 0 0 0 0 1 1 1 0 0
2014   2 28  0 25 17 226267  -10.06538  -76.05842     5724  31.9  1  0  4  6 0 0 1 0 0 0 0 1 0 0 1 1 0 0
2014   2 28  0 25 17 426148  -17.41348  -51.75816     4325  37.0  1  0  5  7 0 0 0 1 1 0 0 1 0 1 0 0 0 1
2014   2 28  0 25 17 442150  -17.30581  -51.38620     7423  64.8  2  0  5  7 0 0 0 1 1 0 0 1 0 0 1 0 0 1
2014   2 28  0 25 17 478123  -17.27945  -51.66925     4359 104.4  2  0  7 19 0 0 1 1 1 0 0 1 0 1 1 0 0 1
2014   2 28  0 25 18 497013  -25.14887  -45.43031     4731  59.3  1  0  6 11 0 0 1 1 0 0 0 1 0 1 1 0 0 1
2014   2 28  0 25 19  67367   -5.02560  -73.09615    10184 129.1  2  0  7 21 0 0 1 1 1 0 0 1 0 1 1 0 0 1
2014   2 28  0 25 36 275793   -4.58822  -74.16449     4293   0.7  0  0  4  6 0 0 0 1 1 0 0 1 0 0 0 1 0 0
2014   2 28  0 25 38 945667   -7.64122  -73.00086     3691   9.6  0  0  5 10 0 0 1 0 1 0 0 1 0 1 0 0 0 1
2014   2 28  0 25 40 131262  -15.89327  -48.98645     3674  23.8  0  0  5  9 0 0 1 1 1 0 0 1 0 0 0 0 0 1
2014   2 28  0 25 40 371109  -12.44358  -74.36678     3659  52.7  1  0  7 21 0 0 1 1 1 0 0 0 0 1 0 1 1 1
2014   2 28  0 25 40 511556  -12.46136  -74.37180     3763  54.4  1  0  7 21 0 0 1 1 1 0 0 1 0 1 0 1 0 1
2014   2 28  0 25 40 693544   -7.49251  -73.99870     5902  28.4  0  0  5 10 0 0 0 1 1 0 0 1 0 0 0 1 0 1
2014   2 28  0 25 42 181674  -13.31937  159.06459    10511  61.2  1  0  7 21 0 0 1 1 1 0 0 1 0 1 0 1 0 1
2014   2 28  0 25 42 768499  -25.60391  -45.25974     3245  39.8  0  0  6 15 0 0 1 1 1 0 0 1 0 1 0 0 0 1
2014   2 28  0 25 42 811970  -22.77411 -137.03122     9633   8.6  0  0  4  6 0 0 1 1 0 0 0 1 0 0 0 1 0 0
2014   2 28  0 25 42 901447  -13.59850  -72.80340     4551  62.1  2  0  6 15 0 0 1 0 1 0 0 1 0 1 0 1 0 1
2014   2 28  0 25 43 640244   -2.79458  -48.37412     3910  46.8  1  0  5  9 0 0 1 1 0 0 0 0 0 1 0 1 1 0
2014   2 28  0 25 44  87920  -14.91447  179.71269    21166  66.2  2  0  6 15 0 0 1 0 1 0 0 1 0 1 0 1 0 1
2014   2 28  0 25 44 167250  -14.50313  178.81700    22549  70.6  2  0  5 10 0 0 1 1 1 0 0 1 0 0 0 1 0 0
2014   2 28  0 25 44 834794  -22.42286  -51.77600     4005  98.4  2  0  7 19 0 0 1 1 1 0 0 1 0 1 0 1 0 1
2014   2 28  0 25 49  66656   -4.26659  -74.22556     7149 120.5  2  0  6 15 0 0 1 1 1 0 0 1 0 0 0 1 0 1
2014   2 28  0 26  8  81906  -12.08739  -72.41779     3299   7.6  0  0  6 14 0 0 0 1 1 0 0 1 0 1 0 1 0 1
2014   2 28  0 26  8 202691  -12.11036  -72.48174     3788   8.8  0  0  5 10 0 0 0 0 1 0 0 1 0 1 0 1 0 1
2014   2 28  0 26  8 290444  -33.01247  -42.52215     3425   3.4  0  0  5  9 0 0 1 1 1 0 0 1 0 0 0 0 0 1
2014   2 28  0 26  8 299405  -14.06799   25.34862    13110   6.6  0  0  4  6 0 0 1 1 1 0 0 1 0 0 0 0 0 0
2014   2 28  0 26  8 367698  -33.04557  -42.47855     3961   3.1  0  0  4  6 0 0 1 1 1 0 0 1 0 0 0 0 0 0
2014   2 28  0 26  8 402951  -33.00607  -42.52343     3308   3.3  0  0  5 10 0 0 1 1 1 0 0 1 0 0 0 0 0 1
2014   2 28  0 26  8 420481  -33.02762  -42.51313     3302   3.0  0  0  5 10 0 0 1 1 1 0 0 1 0 0 0 0 0 1
2014   2 28  0 26  8 720747  -32.99376  -42.51353     3984   3.9  0  0  4  6 0 0 1 1 1 0 0 1 0 0 0 0 0 0
2014   2 28  0 26  8 808891  -33.03697  -42.49573     3330   4.1  0  0  5 10 0 0 1 1 1 0 0 1 0 0 0 0 0 1
2014   2 28  0 26  8 849677   -4.44754  -74.18194     4298   0.8  0  0  4  6 0 0 0 1 1 0 0 1 0 0 0 1 0 0
2014   2 28  0 26  8 862971  -33.01429  -42.55259     3613   8.0  0  0  4  6 0 0 1 1 0 0 0 1 0 1 0 0 0 0
2014   2 28  0 26  8 915132   -4.42793  -74.12564     2566   3.4  0  0  6 15 0 0 1 1 1 0 0 1 0 0 0 1 0 1
2014   2 28  0 26  8 983257   -4.43528  -74.18087     4295   0.8  0  0  4  6 0 0 0 1 1 0 0 1 0 0 0 1 0 0
2014   2 28  0 26  9 182315  -17.84714  -67.63293     2787  11.4  0  0  5 10 0 0 1 1 1 0 0 1 0 0 0 1 0 0
2014   2 28  0 26  9 937943   -3.53541  -63.34835     2861   9.8  0  0  5 10 0 0 1 1 1 0 0 0 0 0 0 1 0 1
2014   2 28  0 26 10 382044   -3.55255  -63.41504     3638  10.0  0  0  4  6 0 0 0 1 1 0 0 1 0 0 0 1 0 0
2014   2 28  0 26 10 398480  -25.27032  -44.97160     4539  48.6  1  0  6 11 0 0 1 1 1 0 0 1 0 0 0 1 0 1
2014   2 28  0 26 11 668618   -4.51413  -73.99083     3886  19.8  0  0  5  9 0 0 1 0 1 0 0 1 0 0 0 1 0 1
2014   2 28  0 26 11 702604   -0.20524  -72.15205     3310  35.9  0  0  7 21 0 0 1 1 1 0 0 1 0 1 0 1 0 1
2014   2 28  0 26 12 450502  -25.51390  -45.12082     2536  19.7  0  0  7 21 0 0 1 1 1 0 0 1 0 1 0 0 1 1
2014   2 28  0 26 12 564366   -5.69080  -75.62476     7937  28.1  1  0  4  6 0 0 0 1 1 0 0 1 0 0 0 1 0 0
2014   2 28  0 26 12 767607  -19.08963   65.40333    17806  34.1  1  0  5 10 0 0 1 1 1 0 0 1 0 0 0 0 0 1
2014   2 28  0 26 12 864531  -20.86402 -136.28532    11930  33.9  1  0  5 10 0 0 1 1 1 0 0 1 0 0 0 1 0 0
2014   2 28  0 26 12 885100  -20.86552 -136.30865    11892  33.7  1  0  5 10 0 0 1 1 1 0 0 1 0 0 0 1 0 0
2014   2 28  0 26 13 223310  -17.72555 -138.11310    12576  37.0  1  0  5 10 0 0 1 1 1 0 0 1 0 0 0 1 0 0
2014   2 28  0 26 13 506544  -19.28520 -136.53302    12964  38.7  1  0  5 10 0 0 1 1 1 0 0 1 0 0 0 1 0 0
2014   2 28  0 26 14  39966  -15.10557  179.53192    13917  45.9  1  0  6 15 0 0 1 1 1 0 0 1 0 0 0 1 0 1
2014   2 28  0 26 14 608557  -15.89813  -48.88285     3664  35.6  1  0  5 10 0 0 1 1 1 0 0 1 0 0 0 0 0 1
2014   2 28  0 26 16 868317  -25.29741  -45.18840     4471  40.8  1  0  5  8 0 0 1 1 1 0 0 1 0 0 0 0 0 1
2014   2 28  0 26 17 268584  -18.77730 -140.04362    15699  87.0  2  0  7 21 0 0 1 1 1 0 0 1 0 1 0 1 0 1
2014   2 28  0 26 20  23432  -12.78358  -57.84813     4877 112.6  2  0  7 21 0 0 1 1 1 0 0 1 0 1 0 1 0 1
2014   2 28  0 26 22 155520  -21.94480  -52.28577     4881 130.3  2  0  7 17 0 0 1 1 1 0 0 1 0 1 0 1 0 1
2014   2 28  0 26 23 741715  -25.37198  -45.67287     3284  24.9  0  0  5 10 0 0 1 1 1 0 0 1 0 1 0 0 0 0
2014   2 28  0 26 24 620635  -25.56740  -44.89056     2983  15.0  0  0  5 10 0 0 1 1 1 0 0 1 0 0 0 0 0 1
2014   2 28  0 26 26 998877    3.28217  -70.86615     8218  17.6  0  0  4  6 0 0 1 0 1 0 0 1 0 1 0 0 0 0
2014   2 28  0 26 27  61297    3.72294  -71.56982     4132  11.3  0  0  5 10 0 0 0 1 1 0 0 1 0 0 0 1 0 1
2014   2 28  0 26 27  85535    3.91939  -72.34669     3441  23.9  0  0  6 14 0 0 1 1 1 0 0 1 0 0 0 1 0 1
2014   2 28  0 26 27 135869    3.78412  -71.33459     3537  34.2  0  0  7 20 0 0 1 1 1 0 0 1 0 1 0 1 0 1
2014   2 28  0 26 27 200762    3.74492  -68.42887     3238  32.7  0  0  7 21 0 0 1 1 1 0 0 1 0 1 0 1 0 1
2014   2 28  0 26 27 552831    3.73762  -68.74527     3421  14.9  0  0  6 15 0 0 0 1 1 0 0 1 0 1 0 1 0 1
2014   2 28  0 26 27 853553    3.73024  -71.36259     3752  39.9  0  0  7 20 0 0 1 1 1 0 0 1 0 1 0 1 0 1
2014   2 28  0 26 29 478309  -23.20379  -48.51566     4323  43.5  1  0  5  7 0 0 1 1 1 0 0 1 0 0 0 0 0 1
2014   2 28  0 26 29 491875  -23.36072  -48.75256     4296  30.2  1  0  5  7 0 0 0 1 1 0 0 1 0 1 0 0 0 1
2014   2 28  0 26 29 846972  -20.82413  -54.74678     8005  21.1  0  0  5  8 0 0 0 1 1 0 0 1 0 1 0 0 0 1
2014   2 28  0 26 30 359721  -20.87079  -54.92181     6165  23.5  0  0  5  9 0 0 0 1 1 0 0 1 0 1 0 0 0 1
2014   2 28  0 26 30 426222  -25.60023  -45.17826     3908  23.3  0  0  5  7 0 0 1 1 1 0 0 1 0 0 0 0 0 1
2014   2 28  0 26 30 539737   18.84433 -148.77306    13056  30.2  1  0  5  7 0 0 1 0 1 0 0 0 0 1 0 1 0 1
2014   2 28  0 26 31 377535  -24.26150  -50.63744     3518  24.8  0  0  5  7 0 0 1 1 0 0 0 1 0 1 0 0 0 1
2014   2 28  0 26 31 755281  -12.70767  -57.28397     4935  70.2  2  0  6 15 0 0 1 1 1 0 0 1 0 1 0 0 0 1
2014   2 28  0 26 31 974559   -2.65747  -48.22781     3433  49.9  1  0  6 14 0 0 1 1 1 0 0 0 0 0 0 1 1 1
2014   2 28  0 26 32 181988  -25.28916  -45.23315     4326  77.3  2  0  6 14 0 0 1 1 1 0 0 1 0 1 0 1 0 0
2014   2 28  0 26 32 260212   43.11197 -134.49345    63729  13.9  0  0  5 10 0 0 0 1 1 0 0 1 0 0 0 1 0 1
2014   2 28  0 26 32 328639  -25.28876  -45.18620     4275  32.1  1  0  5  7 0 0 1 1 1 0 0 0 0 1 0 0 0 1
2014   2 28  0 26 32 338768   -3.75846  -48.17318    16244  55.7  2  0  5 10 0 0 1 1 1 0 0 0 0 1 0 0 0 1
2014   2 28  0 26 32 591061  -25.27692  -45.21272     3336  43.4  1  0  6 15 0 0 1 1 1 0 0 1 0 1 0 0 0 1
2014   2 28  0 26 32 597597   -4.96204  -76.01326     5981  57.1  2  0  5 10 0 0 1 0 1 0 0 1 0 0 0 1 0 1
2014   2 28  0 26 32 671171   -4.93942  -76.17774     5434  75.2  2  0  6 15 0 0 1 1 1 0 0 1 0 0 0 1 0 1
2014   2 28  0 26 33 610033  -25.23108  -45.21645     4374  50.7  2  0  5 10 0 0 1 1 1 0 0 1 0 0 0 0 0 1
2014   2 28  0 26 33 651436   -4.33740  -73.92107     5528 101.5  2  0  7 21 0 0 1 1 1 0 0 1 0 1 0 1 0 1
2014   2 28  0 26 35  25933  -19.46829  -54.27686     4749  92.5  2  0  6 14 0 0 1 1 1 0 0 1 0 1 0 0 0 1
2014   2 28  0 26 35  87075  -25.89056 -138.65295    14248  20.8  1  0  4  6 0 0 1 1 0 0 0 1 0 0 0 1 0 0
2014   2 28  0 26 36 349198  -16.04151  -48.83314     4339  97.5  2  0  7 17 0 0 1 1 1 0 0 1 0 1 0 1 0 1
2014   2 28  0 26 36 626063  -11.26179  -53.13915     4269  13.9  0  0  5  7 0 0 0 1 1 0 0 1 0 0 0 1 0 1
2014   2 28  0 26 38 247105  -16.31231 -141.06100    15831  27.8  1  0  4  6 0 0 1 1 0 0 0 1 0 0 0 1 0 0
2014   2 28  0 26 40 359721  -25.22503  -46.96918     2739  19.7  0  0  6 13 0 0 1 1 0 0 0 1 0 1 0 1 0 1
2014   2 28  0 26 41 551619  -24.23910  -46.83236     3816  25.1  0  0  5  8 0 0 1 1 1 0 0 1 0 0 0 0 0 1
2014   2 28  0 26 42 742491  -25.57472  -44.99442     2786  18.5  0  0  6 14 0 0 1 1 1 0 0 1 0 1 0 0 0 1
2014   2 28  0 26 42 847831  -25.56528  -45.11085     4051  12.5  0  0  4  6 0 0 1 0 1 0 0 1 0 1 0 0 0 0
2014   2 28  0 26 42 901495  -25.56368  -45.01684     2714  13.9  0  0  6 12 0 0 1 1 1 0 0 1 0 1 0 0 0 1
2014   2 28  0 26 43 182627   -3.47420  -63.40951     3128  10.9  0  0  5 10 0 0 0 1 1 0 0 1 0 0 0 1 0 1
2014   2 28  0 26 43 835522  -17.08924 -137.84023     7263  31.4  0  0  7 21 0 0 1 1 1 0 0 1 0 1 0 1 0 1
2014   2 28  0 26 44  28226  -13.29003  -52.53870     2866  32.8  0  0  7 19 0 0 1 1 1 0 0 1 0 0 0 1 1 1
2014   2 28  0 26 45 582610  -22.38155 -135.63454    15939  42.0  1  0  5 10 0 0 1 1 1 0 0 0 0 0 0 1 0 1
2014   2 28  0 26 45 593865  -22.42484 -135.64467    10074  49.8  0  0  7 21 0 0 1 1 1 0 0 1 0 1 0 1 0 1
2014   2 28  0 26 46 342445  -18.44745 -143.12431    11658  57.0  1  0  7 21 0 0 1 1 1 0 0 1 0 1 0 1 0 1
2014   2 28  0 26 46 404697  -18.26986 -143.77991    13648  38.2  1  0  5 10 0 0 1 1 0 0 0 1 0 0 0 1 0 1
2014   2 28  0 26 47 492845    4.12185  -85.28179     6328  74.8  2  0  7 21 0 0 1 1 1 0 0 1 0 1 0 1 0 1
2014   2 28  0 26 48 930888  -19.19703  -51.26231     3423  49.8  1  0  6 14 0 0 1 1 1 0 0 1 0 1 0 0 0 1
2014   2 28  0 26 48 975993   -3.17255  -64.79718     4496  45.0  1  0  6 15 0 0 0 1 1 0 0 1 0 1 0 1 0 1
2014   2 28  0 26 50 635048   -4.31899  -74.36669     5758 106.4  2  0  7 21 0 0 1 1 1 0 0 1 0 1 0 1 0 1
2014   2 28  0 26 51 798152   -4.37528  -74.12672    11439 109.1  2  0  6 12 0 0 1 1 1 0 0 1 0 0 0 1 0 1
2014   2 28  0 26 54  69806  -13.24354  -57.86306     7833  66.3  2  0  6 11 0 0 0 1 1 0 0 1 0 1 0 1 0 1
2014   2 28  0 26 54 943729    4.31037  -71.90086     8054 141.0  2  0  7 20 0 0 1 1 1 0 0 1 0 1 0 1 0 1
2014   2 28  0 26 55  67285  -25.44368  -45.56137     4364  68.4  2  0  6 14 0 0 1 1 1 0 0 1 0 1 0 0 0 1
2014   2 28  0 26 55 258899  -11.66812  -79.62168    19884  54.6  2  0  5  9 0 0 0 1 1 0 0 0 0 1 0 1 0 1
2014   2 28  0 26 55 373468  -12.73261  -73.26105     8075  68.9  2  0  6 15 0 0 1 1 1 0 0 0 0 1 0 0 1 1
2014   2 28  0 26 56  36752   -4.44113  -74.15858     5344  22.1  1  0  4  6 0 0 0 1 0 0 0 1 0 0 1 1 0 0
2014   2 28  0 26 56 156953  -23.33248  -45.51805     3320  19.5  0  0  5 10 0 0 1 1 1 0 0 1 0 0 0 0 0 1
2014   2 28  0 26 56 434416  -27.11056 -134.66330     7367  19.8  0  0  6 15 0 0 1 1 0 0 0 1 0 1 0 1 0 1
2014   2 28  0 26 56 514445  -27.03900 -135.41449    10410   7.9  0  0  4  6 0 0 1 0 0 0 0 1 0 0 1 1 0 0
2014   2 28  0 26 56 932898  -19.78554 -136.23929     9558   7.5  0  0  4  6 0 0 1 0 0 0 0 1 0 0 1 1 0 0
2014   2 28  0 26 56 944182  -19.78006 -136.24800     9476   7.2  0  0  4  6 0 0 1 0 0 0 0 1 0 0 1 1 0 0
2014   2 28  0 26 56 984922  -12.81691  -51.25105     2678   7.8  0  0  5 10 0 0 0 1 1 0 0 1 0 0 1 0 0 1
2014   2 28  0 26 57 182072  -25.39266  -45.00605     3380  23.8  0  0  6 12 0 0 0 1 1 0 0 1 0 1 1 0 0 1
2014   2 28  0 26 57 331745  -25.41236  -44.96627     3093  20.2  0  0  6 12 0 0 1 1 0 0 0 1 0 1 1 0 0 1
2014   2 28  0 26 57 374847  -25.39144  -44.97564     3125  24.3  0  0  6 14 0 0 1 1 1 0 0 1 0 0 1 0 0 1
2014   2 28  0 26 58 103056  -25.40307  -44.97335     3302  25.4  0  0  6 14 0 0 1 1 1 0 0 1 0 0 1 0 0 1
2014   2 28  0 26 58 401494  -23.48244  -45.51840     3641  15.1  0  0  5  8 0 0 1 1 0 0 0 1 0 0 1 0 0 1
2014   2 28  0 26 59 184330   -4.46248  -74.12971     3775   7.7  0  0  5 10 0 0 0 1 1 0 0 1 0 0 0 1 0 1
2014   2 28  0 26 59 330097  -12.60804  -57.25665     3842  24.7  0  0  5  9 0 0 1 1 1 0 0 1 0 0 1 0 0 0
2014   2 28  0 26 59 378565   -8.82905  -56.05354     2858  33.0  0  0  7 21 0 0 0 1 1 0 0 1 0 1 1 1 0 1
2014   2 28  0 26 59 517894  -12.66787  -57.33603     4418  21.6  0  0  5  8 0 0 0 1 1 0 0 1 0 0 1 0 0 1
2014   2 28  0 26 59 795766  -11.92036  -72.25550     3827  42.1  1  0  6 15 0 0 1 0 1 0 0 1 0 0 1 1 0 1
2014   2 28  0 26 59 805645  -11.92107  -72.29122     3282  40.9  0  0  7 21 0 0 1 1 1 0 0 1 0 0 1 1 0 1
2014   2 28  0 26 59 864830  -25.34329  -44.93243     3451  22.2  0  0  5  9 0 0 1 1 1 0 0 0 0 0 1 0 0 1
2014   2 28  0 26 59 879556  -24.86349 -136.57239     8551  14.0  0  0  5 10 0 0 1 1 0 0 0 1 0 0 1 1 0 0
2014   2 28  0 26 59 979232  -12.10606  -72.06537     5572  33.4  1  0  5 10 0 0 1 1 1 0 0 1 0 0 1 0 0 0
2014   2 28  0 27  0  65384   -6.07368  -53.73681     4009  32.0  0  0  6 15 0 0 0 0 1 0 0 1 0 1 1 0 1 1
2014   2 28  0 27  0 516666    5.92375  -77.12043     5327  40.8  1  0  5 10 0 0 1 1 1 0 0 1 0 0 0 1 0 0
2014   2 28  0 27  0 668303  -15.87893  -48.92468     3400  29.7  0  0  5 10 0 0 0 1 1 0 0 1 0 0 1 0 0 1
2014   2 28  0 27  0 772925  -15.87551  -48.91161     2904  28.3  0  0  6 15 0 0 1 1 1 0 0 1 0 0 1 0 0 1
2014   2 28  0 27  1 115484   -5.09539  -75.66645     3111  12.2  0  0  5 10 0 0 1 1 0 0 0 1 0 0 1 1 0 0
2014   2 28  0 27  1 242706   -5.40946  -75.20148     7883  39.7  1  0  5 10 0 0 1 1 1 0 0 1 0 0 1 0 0 0
2014   2 28  0 27  1 310099   -5.53628  -75.46918     3702   1.3  0  0  4  6 0 0 0 1 0 0 0 1 0 0 1 1 0 0
2014   2 28  0 27  1 375232   -5.09858  -75.77290     3739   1.4  0  0  4  6 0 0 0 1 0 0 0 1 0 0 1 1 0 0
2014   2 28  0 27  1 511727  -28.00584    8.41424    35428  95.4  2  0  6 13 0 0 0 1 1 0 0 1 0 0 1 1 0 1
2014   2 28  0 27  1 788143  -12.60579  -57.12531     3877  55.9  1  0  6 14 0 0 1 1 1 0 0 1 0 0 1 1 0 0
2014   2 28  0 27  1 811708  -22.33814  -51.93829     3303  52.6  1  0  7 18 0 0 1 1 0 0 0 1 0 1 1 1 0 1
2014   2 28  0 27  2 317276  -13.85166  -69.08257    22988  26.7  1  0  4  6 0 0 0 1 0 0 0 0 0 1 1 0 0 1
2014   2 28  0 27  2 420200   -5.68318  -57.16807     5749  54.8  1  0  6 11 0 0 1 1 1 0 0 1 0 0 0 0 1 1
2014   2 28  0 27  2 510109   38.70897 -111.67835    32555  16.8  0  0  4  6 0 0 1 1 0 0 0 1 0 0 0 1 0 0
2014   2 28  0 27  2 645738  -11.82704  -72.61432     3943  62.8  1  0  7 21 0 0 1 1 1 0 0 1 0 0 1 1 0 1
2014   2 28  0 27  2 813859    5.39569  -76.63045     5283  53.4  1  0  6 14 0 0 1 1 1 0 0 1 0 0 1 1 0 0
2014   2 28  0 27  4 524374   -9.21219  -59.80302     4849  54.6  1  0  6 13 0 0 1 0 1 0 0 1 0 1 1 0 0 1
2014   2 28  0 27  4 586829   -8.83852  -60.62838     4081  88.4  2  0  7 21 0 0 1 1 1 0 0 1 0 1 1 1 0 0
2014   2 28  0 27  4 625928   -8.83017  -60.63969     3925  83.3  2  0  7 21 0 0 1 1 0 0 0 1 0 1 1 1 0 1
2014   2 28  0 27  4 707378   -9.94330  -59.81808     7763  56.7  1  0  6 15 0 0 1 1 1 0 0 0 0 1 1 0 0 1
2014   2 28  0 27  4 804404  -13.51767  -69.35180    18202  28.0  0  0  5  8 0 0 0 1 1 0 0 0 0 1 1 0 0 1
2014   2 28  0 27  5  56122  -20.58704 -135.26353    14191  74.1  2  0  7 21 0 0 1 0 1 0 0 1 0 1 1 1 0 1
2014   2 28  0 27  5  81379  -20.19446 -137.30415    14672  20.9  1  0  4  6 0 0 1 1 0 0 0 0 0 0 1 1 0 0
2014   2 28  0 27  5 126795  -25.20582 -137.24657    17237  69.5  2  0  6 15 0 0 1 1 1 0 0 1 0 0 1 1 0 0
2014   2 28  0 27  6 274904    3.17178  -71.63814     4753  79.2  2  0  7 21 0 0 1 1 1 0 0 1 0 0 1 1 0 1
2014   2 28  0 27  6 573634    2.02961  -70.45210    13073  68.6  2  0  5 10 0 0 1 0 1 0 0 1 0 1 1 0 0 0
2014   2 28  0 27  7 661416    3.43347  -71.40706     5246  70.2  2  0  6 14 0 0 1 1 0 0 0 1 0 0 1 1 0 1
2014   2 28  0 27  9  24346  -25.21774  -45.49416     4826  68.4  2  0  6 14 0 0 0 1 1 0 0 1 0 1 1 0 0 1
2014   2 28  0 27  9 133042  -25.37350  -45.40242     3970  73.6  2  0  7 18 0 0 1 1 1 0 0 1 0 1 1 0 0 1
2014   2 28  0 27  9 199633  -25.35252  -45.60517     6839  65.8  2  0  5 10 0 0 1 0 1 0 0 1 0 1 1 0 0 0
2014   2 28  0 27  9 417308  -25.42617  -45.55374     4003  36.0  1  0  5  9 0 0 1 1 1 0 0 1 0 1 0 0 0 0
2014   2 28  0 27  9 457340  -25.38016  -45.34961     4838  75.7  2  0  6 15 0 0 1 1 1 0 0 1 0 0 1 0 0 1
2014   2 28  0 27  9 727379  -17.23972  -51.66119     4155 104.5  2  0  7 21 0 0 1 0 1 0 0 1 0 1 1 1 0 1
2014   2 28  0 27  9 764937  -17.33286  -51.51791     4904  95.2  2  0  6 15 0 0 1 1 1 0 0 1 0 0 1 0 0 1
2014   2 28  0 27 11 116682  -25.36151  -45.34903     5118  82.8  2  0  6 15 0 0 1 1 1 0 0 1 0 0 1 0 0 1
2014   2 28  0 27 11 778781  -14.33234  -55.19235     5616 134.9  2  0  7 21 0 0 1 1 1 0 0 1 0 1 1 0 0 1
2014   2 28  0 27 11 788899  -14.27754  -54.75690     4606  49.2  1  0  5 10 0 0 1 0 1 0 0 1 0 0 1 0 0 1
2014   2 28  0 27 12 177082  -13.66292   24.80533    10412   9.3  0  0  6 12 0 0 1 1 1 0 0 1 0 0 1 0 0 1
2014   2 28  0 27 12 430474  -25.29478  -44.97107     2700  14.2  0  0  6 15 0 0 1 1 1 0 0 1 0 0 1 0 0 1
2014   2 28  0 27 12 499735  -25.39652  -44.85532     2833  16.4  0  0  6 13 0 0 1 1 1 0 0 1 0 0 1 0 0 1
2014   2 28  0 27 12 548510  -25.38986  -44.85311     3208  13.5  0  0  5  8 0 0 1 1 1 0 0 0 0 0 1 0 0 1
2014   2 28  0 27 12 686049  -25.28718  -44.95080     2719  15.1  0  0  6 15 0 0 1 1 1 0 0 1 0 0 1 0 0 1
2014   2 28  0 27 12 737446  -25.31918  -44.93280     2767  15.2  0  0  6 14 0 0 1 1 1 0 0 1 0 0 1 0 0 1
2014   2 28  0 27 13 176350  -17.81684  -67.56364     2705  23.8  0  0  7 21 0 0 1 0 1 0 0 1 0 1 1 1 0 1
2014   2 28  0 27 13 288310  -17.79650  -67.54784     2566  10.5  0  0  6 15 0 0 1 0 1 0 0 0 0 1 1 1 0 1
2014   2 28  0 27 13 564115    7.63871  -78.10640     4895   3.8  0  0  4  6 0 0 0 1 0 0 0 1 0 0 1 1 0 0
2014   2 28  0 27 13 637575   -8.93735  -60.32203     2770  23.8  0  0  7 21 0 0 0 1 1 0 0 1 0 1 1 1 0 1
2014   2 28  0 27 13 707137   -8.92913  -60.33618     3499  24.1  0  0  5  9 0 0 0 1 1 0 0 1 0 0 1 1 0 0
2014   2 28  0 27 13 927796   -4.70778  -53.45275     4029  25.2  0  0  5  7 0 0 0 1 1 0 0 1 0 0 1 1 0 0
2014   2 28  0 27 13 981364  -10.89107  -48.84459     7475 113.4  2  0  6 15 0 0 1 0 1 0 0 1 0 1 1 0 0 1
2014   2 28  0 27 14  41503   -3.56285  -63.28468     3362  24.2  0  0  5 10 0 0 0 1 1 0 0 1 0 0 1 1 0 0
2014   2 28  0 27 14 238740  -17.05499 -137.95740     7556  24.0  0  0  6 15 0 0 1 1 1 0 0 1 0 0 1 1 0 0
2014   2 28  0 27 14 275067  -10.31497  -75.52690     3305  26.7  0  0  6 15 0 0 1 1 0 0 0 1 0 0 1 1 0 1
2014   2 28  0 27 14 499063   -3.55136  -63.30924     3432  25.9  0  0  5 10 0 0 0 1 1 0 0 1 0 0 1 1 0 0
2014   2 28  0 27 14 618089  -24.35641  -50.45475     4155  57.4  1  0  6 13 0 0 1 1 1 0 0 1 0 0 1 0 0 1
2014   2 28  0 27 14 800144  -23.44460  -49.11457     3526  63.6  1  0  7 17 0 0 1 1 1 0 0 1 0 1 1 0 0 1
2014   2 28  0 27 14 820130  -23.47800  -49.06544     3049  28.1  0  0  6 11 0 0 1 1 0 0 0 1 0 0 1 1 0 1
2014   2 28  0 27 14 833812  -23.51560  -48.99813     3927  66.6  2  0  6 13 0 0 1 1 1 0 0 1 0 0 1 0 0 1
2014   2 28  0 27 14 936368  -23.46450  -49.12346     3449  24.0  0  0  5  7 0 0 1 1 0 0 0 0 0 1 1 0 0 1
2014   2 28  0 27 14 944720  -23.39876  -49.22372     3660  17.4  0  0  5  7 0 0 1 0 0 0 0 1 0 1 1 1 0 0
2014   2 28  0 27 14 971026  -23.46066  -49.22694     2683  26.2  0  0  7 16 0 0 1 1 0 0 0 1 0 1 1 1 0 1
2014   2 28  0 27 15  36240   -5.57055  -75.27619     5564  40.3  1  0  5 10 0 0 0 1 0 0 0 1 0 1 1 1 0 0
2014   2 28  0 27 15 511044  -24.94306  -45.44654     3812  28.6  0  0  5  9 0 0 0 1 1 0 0 1 0 0 1 0 0 1
2014   2 28  0 27 15 558023    1.99729  -66.69957     4383  36.1  1  0  5 10 0 0 0 1 1 0 0 1 0 0 1 1 0 0
2014   2 28  0 27 16 467307  -20.57778  -54.55806     3048  51.1  1  0  7 20 0 0 1 1 1 0 0 1 0 0 1 1 0 1
2014   2 28  0 27 16 492854  -20.56367  -54.59971     3098  56.3  1  0  7 21 0 0 1 1 1 0 0 1 0 1 1 0 0 1
2014   2 28  0 27 16 600881   -8.25287    6.37016    49903  26.3  1  0  4  6 0 0 1 1 0 0 0 0 0 0 1 0 0 1
2014   2 28  0 27 16 750092  -20.56346  -54.43939     6364 102.2  2  0  6 15 0 0 0 1 1 0 0 1 0 1 1 0 0 1
2014   2 28  0 27 16 756998  -20.65542  -54.44136     3195  36.4  0  0  6 13 0 0 1 1 1 0 0 1 0 0 1 0 0 1
2014   2 28  0 27 17 582809  -15.86837  -48.96931     3514  48.0  1  0  6 15 0 0 1 1 1 0 0 1 0 0 1 0 0 1
2014   2 28  0 27 18 190997  -13.56873  -72.95636     4708  69.2  2  0  6 15 0 0 1 1 1 0 0 1 0 0 0 1 0 1
2014   2 28  0 27 18 672572  -25.53004  -45.35651     3114  32.3  0  0  6 15 0 0 1 1 1 0 0 1 0 1 1 0 0 0
2014   2 28  0 27 18 789800   29.62688 -132.31235    11767  55.5  1  0  7 21 0 0 1 0 1 0 0 1 0 1 1 1 0 1
2014   2 28  0 27 19 223577    0.52455  -72.07940     7041  63.7  2  0  5 10 0 0 0 1 1 0 0 1 0 0 1 1 0 0
2014   2 28  0 27 19 732389   -9.86001    3.39150    51889  50.7  2  0  5 10 0 0 1 1 1 0 0 0 0 0 1 0 0 1
2014   2 28  0 27 19 837341    0.49230  -71.67524     4501  65.3  1  0  7 21 0 0 1 0 1 0 0 1 0 1 1 1 0 1
2014   2 28  0 27 20 181546    0.53059  -72.11459     6521  71.2  2  0  6 15 0 0 0 1 1 0 0 1 0 0 1 1 0 1
2014   2 28  0 27 20 328126  -27.02561 -134.76251    37443  73.1  2  0  6 15 0 0 1 1 1 0 0 1 0 0 1 0 0 1
2014   2 28  0 27 21  19776  -25.21521 -138.63925    21594  32.1  1  0  4  6 0 0 1 1 0 0 0 0 0 0 1 1 0 0
2014   2 28  0 27 21  31277  -25.23132 -138.37459    12052  29.4  0  0  5 10 0 0 1 1 0 0 0 1 0 0 1 1 0 0
2014   2 28  0 27 22 683662    7.00129  -77.50492    21946  79.3  2  0  5 10 0 0 1 1 0 0 0 1 0 0 1 0 0 1
2014   2 28  0 27 23  11507    7.61894  -78.13922     8613  95.0  2  0  6 14 0 0 1 1 1 0 0 1 0 0 1 1 0 0
2014   2 28  0 27 23 463904  -23.15733  -51.22632     4120 105.7  2  0  7 18 0 0 1 1 1 0 0 1 0 1 1 0 0 1
2014   2 28  0 27 23 484721  -23.07789  -51.36964     4281  46.4  1  0  5  8 0 0 1 1 0 0 0 0 0 1 1 0 0 1
2014   2 28  0 27 23 797189  -23.38323  -45.72684     5673 101.8  2  0  6 15 0 0 1 1 1 0 0 1 0 0 1 0 0 1
2014   2 28  0 27 24 407665  -19.20707  -50.80744     4564  98.9  2  0  6 15 0 0 1 0 1 0 0 1 0 1 1 0 0 1
2014   2 28  0 27 24 533736    3.50307  -73.96971    13230 116.1  2  0  7 21 0 0 1 1 1 0 0 1 0 1 1 0 0 1
2014   2 28  0 27 24 894668   -4.90315  -76.02776     5359  50.0  2  0  5 10 0 0 1 1 0 0 0 1 0 0 1 1 0 0
2014   2 28  0 27 25 618198   -4.27027  -74.08374     6008 108.2  2  0  7 21 0 0 1 0 1 0 0 1 0 1 1 1 0 1
2014   2 28  0 27 26 969204  -12.10122  -74.72755     6389 135.2  2  0  7 21 0 0 1 1 1 0 0 1 0 0 1 1 0 1
2014   2 28  0 27 27 102149  -12.34852  -75.28400    11413 155.3  2  0  7 21 0 0 0 1 1 0 0 1 0 1 1 1 0 1
2014   2 28  0 27 27 627534   -4.27782  -74.52716     6604 134.6  2  0  7 21 0 0 1 1 1 0 0 1 0 0 1 1 0 1
2014   2 28  0 27 27 776902  -10.13030  -75.82623     6839 142.1  2  0  7 21 0 0 1 1 1 0 0 1 0 0 1 1 0 1
2014   2 28  0 27 28  39536   -4.50466  -74.16944     2980   9.1  0  0  5 10 0 0 1 1 0 0 0 1 0 0 1 1 0 0
2014   2 28  0 27 28  69173   -4.51004  -74.22926     3685   3.8  0  0  4  6 0 0 0 1 0 0 0 1 0 0 1 1 0 0
2014   2 28  0 27 28 614262  -20.76268 -138.45033     6929  17.3  0  0  6 15 0 0 1 1 1 0 0 1 0 0 1 1 0 0
2014   2 28  0 27 28 754674  -23.38123  -45.66407     3381  21.5  0  0  5 10 0 0 1 0 1 0 0 1 0 0 1 0 0 1
2014   2 28  0 27 28 860224  -25.61390  -44.88644     3154  36.1  0  0  7 20 0 0 1 1 1 0 0 1 0 1 1 0 0 1
2014   2 28  0 27 28 908451  -25.55534  -44.96365     3589  14.2  0  0  5  8 0 0 1 1 1 0 0 1 0 0 1 0 0 0
2014   2 28  0 27 28 930337  -25.54129  -44.97144     2938   9.9  0  0  5  9 0 0 1 1 1 0 0 0 0 0 1 0 0 1
2014   2 28  0 27 29  34327  -23.37256  -45.71615     3207  12.5  0  0  4  6 0 0 1 1 0 0 0 1 0 1 0 0 0 0
2014   2 28  0 27 29  80464  -23.40789  -45.60767     3063  12.2  0  0  5 10 0 0 1 1 0 0 0 1 0 0 1 0 0 1
2014   2 28  0 27 29 107414  -25.64702  -44.97833     4831  81.9  2  0  7 16 0 0 1 1 1 0 0 1 0 1 1 0 0 1
2014   2 28  0 27 29 155182  -23.37619  -45.67710     2995  21.7  0  0  6 15 0 0 1 1 1 0 0 1 0 0 1 0 0 1
2014   2 28  0 27 29 211539  -25.55210  -44.96696     2764  14.6  0  0  6 15 0 0 1 1 1 0 0 1 0 0 1 0 0 1
2014   2 28  0 27 29 416659  -10.16348  -75.63216     4126  15.1  0  0  4  6 0 0 1 0 0 0 0 1 0 0 1 1 0 0
2014   2 28  0 27 29 467244  -10.18859  -75.52639     4501  27.9  0  0  5  9 0 0 1 0 0 0 0 1 0 1 1 1 0 0
2014   2 28  0 27 29 552166  -25.51529  -45.01083     2750  14.5  0  0  6 15 0 0 0 1 1 0 0 1 0 1 1 0 0 1
2014   2 28  0 27 29 646209  -25.53953  -44.99837     2484  14.8  0  0  7 21 0 0 1 1 1 0 0 1 0 1 1 0 0 1
2014   2 28  0 27 29 721578   -4.18435  -74.73101     3952  24.6  0  0  5 10 0 0 1 1 1 0 0 0 0 0 1 1 0 0
2014   2 28  0 27 29 766945  -25.53751  -45.06225     3280  37.4  0  0  7 20 0 0 1 1 1 0 0 1 0 0 1 0 1 1
2014   2 28  0 27 30  33101   -4.20771  -74.89725     4342  24.7  0  0  5 10 0 0 0 1 1 0 0 1 0 0 1 1 0 0
2014   2 28  0 27 30  75561  -25.50700  -45.03886     3197  13.1  0  0  5  8 0 0 1 1 1 0 0 0 0 0 1 0 0 1
2014   2 28  0 27 30 214174   -4.36694  -73.84698     3683   4.9  0  0  4  6 0 0 0 1 0 0 0 1 0 0 1 1 0 0
2014   2 28  0 27 30 578113  -25.50527  -45.09279     3208  17.8  0  0  5  9 0 0 1 1 1 0 0 1 0 0 0 0 0 1
2014   2 28  0 27 31 285757    4.62385  -74.76270     6232  28.4  0  0  5  7 0 0 1 0 1 0 0 1 0 0 1 1 0 0
2014   2 28  0 27 31 297081    4.61500  -74.65337     6671  33.4  1  0  5  8 0 0 1 0 1 0 0 1 0 0 1 1 0 0
2014   2 28  0 27 31 355601  -10.20648  -75.33821     3566  20.9  0  0  5 10 0 0 1 0 1 0 0 0 0 1 1 1 0 0
2014   2 28  0 27 31 395320  -10.20669  -75.68314     4466  19.2  0  0  4  6 0 0 1 0 0 0 0 1 0 0 1 1 0 0
2014   2 28  0 27 31 433576  -23.27004  -50.96452     4129  36.3  1  0  5  7 0 0 1 1 1 0 0 1 0 0 0 0 0 1
2014   2 28  0 27 31 576020   -4.35324  -43.14507     2598  29.2  0  0  7 21 0 0 1 1 1 0 0 1 0 0 1 0 1 1
2014   2 28  0 27 31 766726  -17.11255 -139.01907    12226   4.6  0  0  4  6 0 0 0 1 0 0 0 1 0 0 1 1 0 0
2014   2 28  0 27 31 874984    4.68652  -74.83533     4790  49.2  1  0  6 14 0 0 1 1 0 0 0 1 0 1 1 1 0 0
2014   2 28  0 27 31 927761  -25.32084  -45.03659     3535  21.6  0  0  5  9 0 0 0 1 1 0 0 1 0 0 1 0 0 1
2014   2 28  0 27 32 280316    0.21726  -72.56184     3853  37.9  0  0  7 21 0 0 0 0 1 0 0 1 0 1 1 1 1 1
2014   2 28  0 27 32 362455    0.16577  -72.96984     5819  31.0  1  0  5 10 0 0 0 1 1 0 0 1 0 1 0 1 0 0
2014   2 28  0 27 32 662425   -3.26867  -72.65086     4400  15.3  0  0  4  6 0 0 0 1 0 0 0 1 0 0 1 1 0 0
2014   2 28  0 27 33 235455    5.58082  -75.64949     5863  43.8  1  0  6 15 0 0 0 1 1 0 0 1 0 0 1 1 0 1
2014   2 28  0 27 33 542842  -23.80569  -47.11722     4747  33.0  1  0  5  7 0 0 1 1 0 0 0 1 0 0 1 0 0 1
2014   2 28  0 27 33 642424  -24.32825 -137.13051     8526  16.7  0  0  5 10 0 0 1 1 0 0 0 1 0 0 1 1 0 0
2014   2 28  0 27 33 768746  -23.83262  -47.04029     4506  54.9  1  0  6 12 0 0 1 1 1 0 0 1 0 0 1 0 0 1
2014   2 28  0 27 33 963502  -19.07137  -51.06265     4530  37.8  1  0  5  7 0 0 0 1 1 0 0 1 0 0 1 0 0 1
2014   2 28  0 27 34 170254  -10.51735  -75.34193     6418  56.2  1  0  6 15 0 0 1 1 1 0 0 1 0 0 1 0 0 1
2014   2 28  0 27 34 243126  -10.27864  -75.49353     4207  62.1  1  0  7 21 0 0 1 0 1 0 0 1 0 1 1 1 0 1
2014   2 28  0 27 34 419716  -12.51109  -57.43005     3779  67.5  1  0  7 21 0 0 1 0 1 0 0 1 0 1 1 1 0 1
2014   2 28  0 27 34 609693  -10.31554  -75.77105     4256  65.6  1  0  7 21 0 0 1 1 1 0 0 1 0 0 1 1 0 1
2014   2 28  0 27 34 800529  -14.79153  -48.82623    12284  43.8  1  0  5 10 0 0 1 0 1 0 0 0 0 1 1 0 0 1
2014   2 28  0 27 35 119208   -3.56811  -63.49313     6829  61.4  2  0  6 13 0 0 1 1 1 0 0 1 0 0 1 0 0 1
2014   2 28  0 27 35 216203  -23.15748  -51.10944     4344  75.6  2  0  6 11 0 0 1 0 1 0 0 1 0 1 1 0 0 1
2014   2 28  0 27 35 485643   -2.94657  -48.52480     3991  65.7  1  0  7 21 0 0 1 1 1 0 0 0 0 1 1 1 0 1
2014   2 28  0 27 35 539765   -3.03445  -48.50199     4032  65.3  1  0  7 20 0 0 1 1 1 0 0 1 0 1 1 0 0 1
2014   2 28  0 27 36  15979    4.00280  -71.41209     4560  68.4  1  0  7 19 0 0 1 1 1 0 0 1 0 0 1 1 0 1
2014   2 28  0 27 36 336408    3.47091  -76.97268    11247  66.3  2  0  6 15 0 0 1 1 1 0 0 1 0 0 1 0 0 1
2014   2 28  0 27 36 446607   -2.82123  -48.09763    11297  75.5  2  0  5 10 0 0 1 0 1 0 0 0 0 1 1 1 0 0
2014   2 28  0 27 36 654439   -0.48494  -69.16178     9229  10.8  0  0  4  6 0 0 1 1 1 0 0 0 0 1 0 0 0 0
2014   2 28  0 27 36 994703  -14.49519  179.11229    18300  73.8  2  0  6 15 0 0 1 1 1 0 0 1 0 0 1 1 0 0
2014   2 28  0 27 37  97146  -14.36052  178.90993    12335  15.1  0  0  4  6 0 0 1 0 0 0 0 1 0 0 1 1 0 0
2014   2 28  0 27 37 627026  -25.40731 -138.68640    12312  31.0  1  0  5 10 0 0 1 1 0 0 0 1 0 0 1 1 0 0
2014   2 28  0 27 37 693177  -23.95335  -51.28547     3605  68.1  1  0  7 17 0 0 1 1 1 0 0 1 0 1 1 0 0 1
2014   2 28  0 27 37 788100  -25.38743  -45.29782     3254  49.8  0  0  7 21 0 0 1 1 1 0 0 1 0 1 1 0 0 1
2014   2 28  0 27 37 966497  -25.38925  -45.30965     3241  49.9  0  0  7 21 0 0 1 1 1 0 0 1 0 1 1 0 0 1
2014   2 28  0 27 38 736355  -19.33290  -51.02654     4222  93.3  2  0  6 15 0 0 0 1 1 0 0 1 0 1 1 0 0 1
2014   2 28  0 27 38 793618  -19.24870  -50.91483     4987  55.3  2  0  5  9 0 0 1 1 0 0 0 1 0 0 1 0 0 1
2014   2 28  0 27 38 918832  -19.29094  -51.03572     4403  88.3  2  0  6 13 0 0 0 1 1 0 0 1 0 1 1 0 0 1
2014   2 28  0 27 39 163334  -17.71873  -67.80772     4826 106.9  2  0  7 21 0 0 1 1 1 0 0 1 0 0 1 1 0 1
2014   2 28  0 27 39 349680  -74.67613   64.89571    94637  13.8  0  0  4  6 0 0 0 1 0 0 0 0 0 1 1 0 0 1
2014   2 28  0 27 39 574497  -23.13447  -48.69153     5058 133.7  2  0  7 17 0 0 1 1 1 0 0 1 0 1 1 0 0 1
2014   2 28  0 27 39 978564   -0.12059  -55.46702     3953  93.9  2  0  7 21 0 0 1 1 1 0 0 1 0 0 1 1 0 1
2014   2 28  0 27 40 414612  -14.56823   23.57798    32920 100.9  2  0  6 15 0 0 1 1 1 0 0 1 0 0 1 0 0 1
2014   2 28  0 27 41 784468    5.49245  -76.68293    10424 148.6  2  0  7 20 0 0 1 1 1 0 0 0 0 1 1 1 0 1
2014   2 28  0 27 41 878289    0.11307  -73.17831    12768  32.6  1  0  5 10 0 0 1 1 1 0 0 0 0 1 0 0 0 1
2014   2 28  0 27 42  63544  -18.28397 -134.81699    41019 136.5  2  0  7 21 0 0 1 1 1 0 0 1 0 1 1 0 0 1
2014   2 28  0 27 42 202774   34.79815 -103.57972    31020 126.8  2  0  7 21 0 0 1 0 1 0 0 1 0 1 0 1 1 1
2014   2 28  0 27 42 215456   37.37662 -106.21357    27837  55.4  2  0  5  9 0 0 1 0 1 0 0 0 0 0 1 1 0 1
2014   2 28  0 27 42 502005    5.46193  -76.00135     7984  54.5  2  0  5  9 0 0 1 0 1 0 0 0 0 0 1 1 0 1
2014   2 28  0 27 42 547568   -5.60220  -47.51454     3931 111.1  2  0  7 21 0 0 1 1 1 0 0 0 0 1 1 1 1 0
2014   2 28  0 27 43 292180   -5.07378  -76.36662    11281 127.3  2  0  6 15 0 0 0 1 1 0 0 1 0 0 1 1 0 1
2014   2 28  0 27 43 349640   -9.87229  -75.94965     6640 135.5  2  0  7 21 0 0 1 1 1 0 0 1 0 0 1 1 0 1
2014   2 28  0 27 43 551232  -31.03033  -44.25338     8996  58.0  2  0  5 10 0 0 0 1 0 0 0 1 0 1 1 0 0 1
2014   2 28  0 27 43 561271  -31.14071  -44.10581     8186  49.3  1  0  5 10 0 0 0 1 1 0 0 1 0 0 1 0 0 1
2014   2 28  0 27 43 568905  -32.18200  -44.04372     4210  56.1  1  0  7 16 0 0 1 1 1 0 0 1 0 1 0 1 0 1
2014   2 28  0 27 43 860895   -4.96986  -75.79099     6785 135.0  2  0  7 21 0 0 1 1 1 0 0 1 0 0 1 1 0 1
2014   2 28  0 27 44  90852    5.58184  -71.37378     3608   5.5  0  0  7 21 0 0 1 1 1 0 0 1 0 1 1 0 0 1
2014   2 28  0 27 44 151977   -7.31296  -73.18201     2897   4.3  0  0  6 15 0 0 0 0 1 0 0 1 0 1 1 1 0 1
2014   2 28  0 27 44 213050    5.89101  -71.59483     3143  16.6  0  0  7 18 0 0 1 1 1 0 0 1 0 0 1 1 0 1
2014   2 28  0 27 44 258554    5.49566  -71.26463    10678   4.8  0  0  5 10 0 0 0 1 1 0 0 1 0 1 0 0 0 1
2014   2 28  0 27 44 337291    5.47413  -71.24659    14300   4.0  0  0  4  6 0 0 0 1 0 0 0 1 0 1 0 0 0 1
2014   2 28  0 27 44 411663   -7.37498  -73.22970     2541  10.6  0  0  7 21 0 0 1 1 1 0 0 1 0 0 1 1 0 1
2014   2 28  0 27 44 466586   -7.42399  -73.30900     3804   7.0  0  0  4  6 0 0 0 1 0 0 0 1 0 0 1 1 0 0
2014   2 28  0 27 45 259943    3.07243  -70.23151    12338   5.2  0  0  5 10 0 0 0 1 1 0 0 0 0 1 1 0 0 1
2014   2 28  0 27 45 631825  -18.21653  -55.13515     2693  12.5  0  0  6 12 0 0 1 1 1 0 0 1 0 1 1 0 0 0
2014   2 28  0 27 46 233994  -10.38318  -75.63940     3784  15.5  0  0  5 10 0 0 0 1 1 0 0 1 0 0 1 1 0 0
2014   2 28  0 27 46 829432  -13.43331  159.16197     8526  48.7  0  0  7 21 0 0 1 1 1 0 0 1 0 0 1 1 0 1
2014   2 28  0 27 46 891719  -13.39508  158.98625     8033   5.5  0  0  4  6 0 0 1 1 0 0 0 1 0 0 0 1 0 0
2014   2 28  0 27 47  45988  -27.68476  -44.51684     3187  17.4  0  0  5 10 0 0 1 1 0 0 0 1 0 1 1 0 0 0
2014   2 28  0 27 47 316571   -5.00532  -75.79021     3848  22.9  0  0  6 15 0 0 0 1 1 0 0 1 0 0 1 1 0 1
2014   2 28  0 27 47 567801  -15.82971  -48.97848     4595  29.4  0  0  5  9 0 0 1 1 1 0 0 0 0 1 1 0 0 0
2014   2 28  0 27 47 707217  -15.85408  -48.95660     3024  19.7  0  0  5 10 0 0 0 1 1 0 0 1 0 0 1 0 0 1
2014   2 28  0 27 48 238114  -10.24769  -75.57180     3653  32.3  0  0  6 15 0 0 1 0 1 0 0 1 0 0 1 1 0 1
2014   2 28  0 27 48 273013  -10.32320  -75.89386     5296  43.8  1  0  6 15 0 0 0 1 1 0 0 1 0 1 1 1 0 0
2014   2 28  0 27 48 621018  -10.26544  -75.43816     3490  39.8  0  0  7 21 0 0 1 0 1 0 0 1 0 1 1 1 0 1
2014   2 28  0 27 49 375569  -25.42080  -44.97039     5024  95.7  2  0  7 17 0 0 1 1 1 0 0 1 0 1 1 1 0 0
2014   2 28  0 27 49 455326  -25.37059  -44.98748     3430  46.5  0  0  7 21 0 0 1 1 1 0 0 1 0 1 1 0 0 1
2014   2 28  0 27 49 493969    2.70830  -66.41560     4210  18.3  0  0  4  6 0 0 0 1 0 0 0 1 0 0 1 1 0 0
2014   2 28  0 27 49 533987   -9.46072  -60.04237     8478  70.0  2  0  6 15 0 0 0 1 1 0 0 1 0 1 0 0 1 1
2014   2 28  0 27 49 616665   -4.21204  -63.08293     4785  30.9  1  0  5  9 0 0 0 1 1 0 0 1 0 0 0 1 0 1
2014   2 28  0 27 49 798383   -8.89099  -60.53955     4106  59.7  1  0  6 14 0 0 1 1 0 0 0 1 0 1 0 1 0 1
2014   2 28  0 27 49 824717   -8.88568  -60.54598     4433  39.4  1  0  5 10 0 0 0 0 1 0 0 1 0 0 1 1 0 1
2014   2 28  0 27 49 849271   -8.83923  -60.49481     3820  49.1  1  0  6 15 0 0 1 1 1 0 0 0 0 0 1 1 0 1
2014   2 28  0 27 50 215065  -25.16888  -45.12865     3873  21.7  0  0  5  8 0 0 0 1 1 0 0 0 0 1 1 0 0 1
2014   2 28  0 27 50 340137  -25.65089   17.93116    25560  45.6  1  0  5  9 0 0 1 1 1 0 0 1 0 0 1 0 0 0
2014   2 28  0 27 50 383242  -26.29776   16.10176    26507  35.3  1  0  5 10 0 0 1 1 1 0 0 0 0 0 1 0 0 1
2014   2 28  0 27 50 715076  -15.19639  -53.46770     4876  49.6  1  0  5 10 0 0 0 1 1 0 0 1 0 0 1 0 0 1
2014   2 28  0 27 51 629612   -5.46234  -75.20712     6820  66.0  2  0  5 10 0 0 1 1 1 0 0 0 0 0 1 1 0 0
2014   2 28  0 27 51 638699   -5.45929  -75.51478     5567  22.6  1  0  4  6 0 0 0 1 0 0 0 1 0 0 1 1 0 0
2014   2 28  0 27 51 799233  -13.50402  -56.90529     8303  29.3  1  0  4  6 0 0 1 1 0 0 0 0 0 0 1 0 0 1
2014   2 28  0 27 51 914947  -22.02753  -52.13737     4336  50.9  2  0  5 10 0 0 1 1 0 0 0 1 0 0 1 0 0 1
2014   2 28  0 27 51 923173  -22.05205  -52.06587     3983  55.7  1  0  6 14 0 0 1 1 1 0 0 1 0 0 1 0 0 1
2014   2 28  0 27 52 466341  -19.25353  -50.96997     3916  61.6  2  0  6 12 0 0 0 1 1 0 0 1 0 1 1 0 0 1
2014   2 28  0 27 53 484024   -4.31330  -74.01459     6210  96.8  2  0  6 15 0 0 1 1 0 0 0 1 0 1 1 1 0 0
2014   2 28  0 27 53 550430   -4.41353  -74.09090     7668  70.4  2  0  6 15 0 0 0 0 1 0 0 1 0 1 1 1 0 1
2014   2 28  0 27 53 558174   -4.31658  -73.97950     4641  77.0  2  0  7 21 0 0 1 1 1 0 0 1 0 0 1 1 0 1
2014   2 28  0 27 54 644359  -15.18502  178.70911    17204  80.9  2  0  7 21 0 0 1 1 1 0 0 1 0 0 1 1 0 1
2014   2 28  0 27 54 715530  -20.46590 -136.85075    18409  79.1  2  0  6 15 0 0 1 1 1 0 0 1 0 0 1 1 0 0
2014   2 28  0 27 54 764118   -5.14236  -52.96513     5594  27.1  0  0  5  7 0 0 1 0 1 0 0 1 0 0 1 0 0 1
2014   2 28  0 27 55 117009   -5.62669  -47.01710     6386  71.1  2  0  5 10 0 0 0 1 1 0 0 1 0 0 1 0 0 1
2014   2 28  0 27 55 215152  -17.62626 -137.75446    18000  69.7  2  0  6 15 0 0 1 0 1 0 0 1 0 0 1 1 0 1
2014   2 28  0 27 56 852117  -25.79132   47.85014    26571  46.5  1  0  5  8 0 0 1 0 1 0 0 1 0 0 1 0 0 1
2014   2 28  0 27 57  76449  -22.11043  -52.09127     5038  83.7  2  0  6 13 0 0 1 1 1 0 0 1 0 0 1 0 0 1
2014   2 28  0 27 57 338994  -24.35503  -50.34198     6075 125.6  2  0  7 16 0 0 1 1 1 0 0 1 0 0 1 1 0 1
2014   2 28  0 27 58 212594   -4.37655  -74.25630     7098 145.7  2  0  7 21 0 0 1 1 1 0 0 1 0 1 0 1 0 1
2014   2 28  0 27 58 950163  -19.25380  -50.54787     3197  25.7  0  0  5 10 0 0 1 0 1 0 0 1 0 0 1 0 0 1
2014   2 28  0 27 59 297334  -13.29000  158.52745    14133  34.6  1  0  4  6 0 0 0 1 0 0 0 1 0 0 1 1 0 0
2014   2 28  0 27 59 391217    3.86447  -71.59774     7616 118.6  2  0  6 14 0 0 1 1 1 0 0 1 0 0 1 1 0 0
2014   2 28  0 28  0 620205  -10.27516  -75.54115     3171   7.1  0  0  5  8 0 0 1 1 0 0 0 0 0 0 1 1 0 1
2014   2 28  0 28  0 742331  -10.39999  -75.41520     3505   5.3  0  0  5 10 0 0 1 1 1 0 0 1 0 0 0 0 0 1
2014   2 28  0 28  0 793651  -12.60758  -57.31120     2590  11.7  0  0  7 18 0 0 1 1 0 0 0 1 0 1 1 1 0 1
2014   2 28  0 28  0 847738  -12.60195  -57.32135     2477  13.6  0  0  7 20 0 0 1 1 0 0 0 1 0 1 1 1 0 1
2014   2 28  0 28  0 854443  -11.97310  -72.16894     3386  10.8  0  0  6 15 0 0 0 1 1 0 0 0 0 1 1 1 0 1
2014   2 28  0 28  0 869148    2.81500  -71.02899     3474  10.4  0  0  5 10 0 0 0 1 0 0 0 1 0 0 1 1 0 1
2014   2 28  0 28  0 885264  -11.98154  -72.19207     2643  17.2  0  0  7 21 0 0 1 1 1 0 0 1 0 0 1 1 0 1
2014   2 28  0 28  0 894032  -12.08078  -72.06425     2997   8.0  0  0  6 15 0 0 1 1 1 0 0 1 0 0 1 0 0 1
2014   2 28  0 28  0 906751  -12.61703  -57.28394     5457   5.3  0  0  4  6 0 0 1 1 0 0 0 0 0 1 1 0 0 0
2014   2 28  0 28  0 959967   -5.62568  -75.22587     4233  10.0  0  0  4  6 0 0 0 1 0 0 0 1 0 0 1 1 0 0
2014   2 28  0 28  1  33946  -17.85331  -67.67736     3115  19.1  0  0  7 21 0 0 0 1 1 0 0 1 0 1 1 1 0 1
2014   2 28  0 28  1 212594  -17.88128  -67.52685     2712   9.0  0  0  6 15 0 0 1 1 1 0 0 1 0 0 1 0 0 1
2014   2 28  0 28  1 244130  -11.97517  -72.18305     2614  15.6  0  0  7 21 0 0 1 1 1 0 0 0 0 1 1 1 0 1
2014   2 28  0 28  1 266374  -17.81409  -67.62098     2914  24.5  0  0  6 15 0 0 1 1 0 0 0 1 0 1 0 1 0 1
2014   2 28  0 28  1 283123  -17.88619  -67.50647     2612  12.3  0  0  7 21 0 0 1 1 1 0 0 1 0 1 1 0 0 1
2014   2 28  0 28  1 431723  -12.09792  -74.92360     3701   6.6  0  0  5  9 0 0 1 1 1 0 0 1 0 0 1 0 0 0
2014   2 28  0 28  1 612744  -23.43074  -45.64043     2634  22.7  0  0  7 21 0 0 1 1 1 0 0 1 0 1 1 0 0 1
2014   2 28  0 28  1 666134  -23.48919  -45.56975     3035  24.2  0  0  6 15 0 0 1 1 1 0 0 1 0 0 1 0 0 1
2014   2 28  0 28  1 734967    2.43801  -13.81133    58007   5.8  0  0  5 10 0 0 1 1 1 0 0 0 0 0 1 0 0 1
2014   2 28  0 28  1 843477  -10.66401  -75.27462     5642  15.5  0  0  6 15 0 0 1 1 1 0 0 0 0 1 1 0 0 1
2014   2 28  0 28  1 857678  -10.48444  -75.46626     3955  11.1  0  0  5 10 0 0 1 1 1 0 0 1 0 0 1 0 0 0
2014   2 28  0 28  1 874524  -10.36726  -75.66821     3075  12.4  0  0  5 10 0 0 1 1 0 0 0 1 0 0 1 1 0 0
2014   2 28  0 28  2  34256    6.35921  -75.22649     3112  17.0  0  0  7 19 0 0 1 1 1 0 0 1 0 0 1 1 0 1
2014   2 28  0 28  2 284554  -12.63555  -57.25671     2637  13.7  0  0  6 14 0 0 1 1 0 0 0 1 0 0 1 1 0 1
2014   2 28  0 28  2 468864    5.28454  -76.75542     4923  14.2  0  0  5  7 0 0 1 1 1 0 0 1 0 0 0 1 0 0
2014   2 28  0 28  2 839935    4.71429  -75.60163     4430  19.0  0  0  7 21 0 0 1 1 1 0 0 1 0 1 1 0 0 1
2014   2 28  0 28  3 146965  -10.45119  -75.44011     3643  30.7  0  0  6 14 0 0 1 0 1 0 0 1 0 1 0 1 0 1
2014   2 28  0 28  3 737504   -3.53429  -63.42109     3364  24.1  0  0  5 10 0 0 0 1 1 0 0 1 0 0 1 1 0 0
2014   2 28  0 28  3 758054   -3.54056  -63.44415     3898  25.4  0  0  5  9 0 0 0 1 0 0 0 1 0 0 1 1 0 1
2014   2 28  0 28  4 174291  -10.10832  -75.73822     4477  19.7  0  0  4  6 0 0 1 0 0 0 0 1 0 0 1 1 0 0
2014   2 28  0 28  4 222252  -10.36954  -75.31745     4493  30.2  0  0  6 15 0 0 1 1 1 0 0 1 0 0 1 0 0 1
2014   2 28  0 28  4 705761   -4.26153  -74.88248     3986   8.3  0  0  4  6 0 0 0 1 0 0 0 1 0 0 1 1 0 0
2014   2 28  0 28  5 102748   30.76665 -133.52933     9873  42.7  0  0  7 21 0 0 1 0 1 0 0 1 0 1 1 1 0 1
2014   2 28  0 28  5 560342  -20.97252  -52.87490     2980  30.2  0  0  6 14 0 0 1 1 1 0 0 1 0 0 1 0 0 1
2014   2 28  0 28  6    814  -20.85878  -53.09571     3298  55.1  1  0  7 21 0 0 1 1 0 0 0 1 0 0 1 1 1 1
2014   2 28  0 28  6  46863  -20.83272  -53.05832     3607  55.7  1  0  6 14 0 0 1 0 1 0 0 1 0 1 1 1 0 0
2014   2 28  0 28  6 176911  -20.89993  -53.05019     3016  55.7  1  0  7 21 0 0 1 1 1 0 0 1 0 1 1 0 0 1
2014   2 28  0 28  6 189351   36.89607 -108.21779    17070  54.0  1  0  7 20 0 0 1 1 1 0 0 1 0 0 1 1 0 1
2014   2 28  0 28  6 243670  -20.89180  -53.02835     4050  53.6  2  0  5 10 0 0 0 0 1 0 0 1 0 1 1 0 0 1
2014   2 28  0 28  6 663833   -5.02748  -76.04488     4031  55.5  1  0  7 21 0 0 1 1 1 0 0 1 0 0 1 1 0 1
2014   2 28  0 28  6 684174   -4.96772  -76.35981     4793  15.3  0  0  4  6 0 0 0 1 0 0 0 1 0 0 1 1 0 0
2014   2 28  0 28  6 763883   -4.98976  -76.33333     4729  14.6  0  0  4  6 0 0 0 1 0 0 0 1 0 0 1 1 0 0
2014   2 28  0 28  6 773510   -5.56205  -75.55772     4739  15.9  0  0  4  6 0 0 0 1 0 0 0 1 0 0 1 1 0 0
2014   2 28  0 28  6 858418  -20.46029 -137.09018    10349  18.6  0  0  5  9 0 0 1 1 0 0 0 1 0 0 1 1 0 0
2014   2 28  0 28  6 884870  -20.56886 -136.65349    12475  49.2  1  0  6 15 0 0 1 1 1 0 0 1 0 0 1 1 0 0
2014   2 28  0 28  7 199551  -23.30896  -50.99004     3701  64.3  2  0  6 15 0 0 1 1 0 0 0 1 0 1 1 0 0 1
2014   2 28  0 28  7 474019   -5.29508  -75.37563     3566  11.6  0  0  4  6 0 0 1 1 0 0 0 1 0 0 0 1 0 0
2014   2 28  0 28  8 171125  -23.29710  -51.13606     2791  21.2  0  0  6 11 0 0 1 1 1 0 0 0 0 1 1 0 0 1
2014   2 28  0 28  8 591839  -19.60340   74.66281    19952  60.6  2  0  6 15 0 0 1 1 1 0 0 1 0 0 1 0 0 1
2014   2 28  0 28  8 839908  -16.85844 -138.46506    18252  70.0  2  0  6 15 0 0 1 1 1 0 0 0 0 0 1 1 0 1
2014   2 28  0 28  8 875109  -16.88118 -138.55482    20489  56.8  2  0  5 10 0 0 1 0 1 0 0 1 0 0 1 1 0 0
2014   2 28  0 28  9 103327  -25.30947  -45.20673     4085  56.6  1  0  6 15 0 0 1 1 1 0 0 1 0 0 1 0 0 1
2014   2 28  0 28  9 115996  -25.21038  -45.26811     4775  52.9  2  0  5 10 0 0 0 1 1 0 0 1 0 0 1 0 0 1
2014   2 28  0 28  9 678866  -20.69202   62.72643    12217  51.5  1  0  6 15 0 0 1 0 1 0 0 1 0 0 1 1 0 1
2014   2 28  0 28  9 771735  -23.28067  -48.51363     4637  69.1  2  0  6 12 0 0 1 1 1 0 0 1 0 0 1 0 0 1
2014   2 28  0 28 10 306196  -12.75764  -56.77572     3766  29.5  0  0  5 10 0 0 1 0 1 0 0 1 0 0 1 0 0 1
2014   2 28  0 28 10 319070   -8.93172  -60.76351     5937  81.5  2  0  6 13 0 0 0 1 1 0 0 1 0 0 1 1 0 1
2014   2 28  0 28 10 772038  -12.60832  -57.13926     5241  93.0  2  0  7 17 0 0 1 1 1 0 0 1 0 0 1 1 0 1
2014   2 28  0 28 10 971759  -12.77024  -57.04614     5216  81.9  2  0  6 15 0 0 1 1 1 0 0 1 0 0 1 0 0 1
2014   2 28  0 28 11 233234    3.94301  -70.51205     5049  85.0  2  0  7 20 0 0 1 1 1 0 0 1 0 0 1 1 0 1
2014   2 28  0 28 12  67898  -12.99786  -57.35337     5702 114.9  2  0  7 17 0 0 1 1 1 0 0 1 0 1 1 1 0 0
2014   2 28  0 28 12 735646  -25.37496  -45.35078     4439  73.8  2  0  7 16 0 0 1 1 1 0 0 1 0 0 1 1 0 1
2014   2 28  0 28 12 756728  -25.22361  -45.46521     4327  66.1  2  0  6 15 0 0 0 1 1 0 0 1 0 1 1 0 0 1
2014   2 28  0 28 12 815848  -25.37759  -45.46350     3789  54.1  1  0  6 15 0 0 1 1 1 0 0 1 0 1 1 0 0 0
2014   2 28  0 28 13  95373  -25.34632  -45.40965     3802  73.2  2  0  7 21 0 0 1 1 1 0 0 1 0 1 1 0 0 1
2014   2 28  0 28 13 344628  -25.37134  -45.34168     4897  77.2  2  0  6 15 0 0 1 1 1 0 0 1 0 0 1 0 0 1
2014   2 28  0 28 13 414719  -25.37165  -45.34405     4929  78.0  2  0  6 15 0 0 1 1 1 0 0 1 0 0 1 0 0 1
2014   2 28  0 28 13 501494  -25.44287  -45.34640     4945  55.1  2  0  5 10 0 0 1 1 1 0 0 1 0 0 1 0 0 0
2014   2 28  0 28 13 636479  -25.33200  -45.38964     4324  69.3  2  0  6 15 0 0 1 1 1 0 0 0 0 1 1 0 0 1
2014   2 28  0 28 15 503150   -8.89984  -60.35151     5310 123.2  2  0  7 21 0 0 1 0 1 0 0 1 0 1 1 1 0 1
2014   2 28  0 28 16 158221  -23.53405  -47.32962     3118  51.0  1  0  7 20 0 0 1 1 1 0 0 1 0 0 1 1 0 1
2014   2 28  0 28 16 887608   -8.84335  -60.40408     2796   6.6  0  0  5  9 0 0 0 1 0 0 0 1 0 0 1 1 0 1
2014   2 28  0 28 17 145869   -7.72716  -73.11269     2480   9.0  0  0  7 21 0 0 1 1 1 0 0 1 0 0 1 1 0 1
2014   2 28  0 28 17 199318   -7.71770  -73.07648     2690  10.0  0  0  6 15 0 0 1 1 1 0 0 0 0 0 1 1 0 1
2014   2 28  0 28 17 253031   -8.80788  -60.42621     2564   9.4  0  0  6 15 0 0 0 1 1 0 0 1 0 0 1 1 0 1
2014   2 28  0 28 17 457824    0.90670  -72.03574     2829  12.1  0  0  7 21 0 0 0 1 1 0 0 1 0 1 1 1 0 1
2014   2 28  0 28 17 576315    1.32743  -72.36957     4411  31.2  0  0  6 11 0 0 1 1 1 0 0 1 0 0 1 1 0 0
2014   2 28  0 28 17 576378  -14.25622   24.49974    12862  11.2  0  0  5  8 0 0 1 1 1 0 0 1 0 0 0 0 0 1
2014   2 28  0 28 17 750224   -4.54897  -74.02757     2756  12.0  0  0  6 15 0 0 1 1 1 0 0 1 0 0 1 1 0 0
2014   2 28  0 28 17 775356   -4.55282  -74.08735     3668   4.1  0  0  4  6 0 0 0 1 0 0 0 1 0 0 1 1 0 0
2014   2 28  0 28 18 104718   -4.49897  -74.10987     3706   4.9  0  0  4  6 0 0 0 1 0 0 0 1 0 0 1 1 0 0
2014   2 28  0 28 18 173708  -15.80237  -48.99098     2787  12.8  0  0  6 15 0 0 1 1 1 0 0 0 0 1 1 0 0 1
2014   2 28  0 28 18 194240   -5.17917  -75.47395     3296  17.9  0  0  5 10 0 0 1 1 1 0 0 1 0 0 0 1 0 0
2014   2 28  0 28 18 231231   -5.18217  -75.44221     3384  15.4  0  0  5 10 0 0 1 0 1 0 0 1 0 0 1 1 0 0
2014   2 28  0 28 18 243088   -5.17803  -75.47740     2677  15.0  0  0  7 21 0 0 1 1 1 0 0 1 0 0 1 1 0 1
2014   2 28  0 28 18 528235  -15.81177  -48.95595     2743  12.7  0  0  5 10 0 0 1 1 1 0 0 1 0 0 1 0 0 0
2014   2 28  0 28 19 234220  -25.54335  -45.07554     2783  13.7  0  0  6 14 0 0 0 1 1 0 0 1 0 1 1 0 0 1
2014   2 28  0 28 19 490593  -10.16946  -75.75664     3961  16.2  0  0  5  9 0 0 0 1 0 0 0 1 0 0 1 1 0 1
2014   2 28  0 28 19 723583  -10.17074  -75.54959     3427  41.6  0  0  7 21 0 0 1 1 1 0 0 1 0 1 0 1 0 1
2014   2 28  0 28 19 826456  -10.13486  -75.67690     3283  16.3  0  0  5  9 0 0 1 1 0 0 0 1 0 0 1 1 0 0
2014   2 28  0 28 19 958481  -19.04483  -51.22680     2490  21.8  0  0  7 20 0 0 1 1 1 0 0 1 0 1 1 1 0 0
2014   2 28  0 28 19 996153  -13.72047  -52.60180     3164  28.8  0  0  6 14 0 0 1 0 1 0 0 1 0 0 1 1 0 1
2014   2 28  0 28 20  15134  -19.14241  -51.13395     4521  81.5  2  0  6 14 0 0 1 1 1 0 0 1 0 0 1 0 0 1
2014   2 28  0 28 20  53038  -11.36263  -56.60044     3673  14.4  0  0  5  7 0 0 1 0 1 0 0 1 0 0 1 0 0 1
2014   2 28  0 28 20 127080  -19.08175  -50.99123     2747  12.1  0  0  5 10 0 0 1 0 1 0 0 1 0 0 1 0 0 1
2014   2 28  0 28 20 933288   -4.34660  -73.81392     4386  40.9  1  0  5 10 0 0 1 1 1 0 0 1 0 0 0 1 0 0
2014   2 28  0 28 20 971308  -25.62497  -45.18014     3509  24.8  0  0  5  9 0 0 1 1 0 0 0 1 0 1 1 0 0 0
2014   2 28  0 28 20 971587   -4.31510  -73.89656     4196  18.0  0  0  4  6 0 0 1 1 0 0 0 0 0 0 1 1 0 0
2014   2 28  0 28 21  27194  -25.65377  -45.10864     3226  20.6  0  0  6 12 0 0 1 1 1 0 0 1 0 0 1 0 0 1
2014   2 28  0 28 21 124841  -25.40351  -45.01851     3172  25.8  0  0  6 14 0 0 1 1 1 0 0 1 0 0 1 0 0 1
2014   2 28  0 28 21 139743  -25.31676  -45.04549     2688  23.5  0  0  7 20 0 0 1 1 1 0 0 1 0 1 1 0 0 1
2014   2 28  0 28 21 497856  -25.31292  -45.06239     3065  27.4  0  0  6 15 0 0 1 1 0 0 0 1 0 1 1 0 0 1
2014   2 28  0 28 21 578849  -23.76853  -47.81328     4103  60.6  2  0  6 11 0 0 1 1 1 0 0 1 0 1 0 0 0 1
2014   2 28  0 28 22  67684   39.23180 -114.57341    38821   1.7  0  0  4  6 0 0 0 1 0 0 0 1 0 0 1 1 0 0
2014   2 28  0 28 22 258500  -21.96968  -52.30703     3723  42.6  1  0  5  9 0 0 0 1 0 0 0 1 0 1 1 0 0 1
2014   2 28  0 28 22 341586  -22.01922  -52.18250     3769  37.5  1  0  5 10 0 0 1 1 0 0 0 1 0 0 1 0 0 1
2014   2 28  0 28 24  82647  -14.02109  -52.06069     3883  55.0  1  0  6 15 0 0 1 1 1 0 0 1 0 0 1 0 0 1
2014   2 28  0 28 25 528981  -14.38326  -51.80907     3618  70.9  2  0  7 21 0 0 1 1 1 0 0 1 0 1 1 0 0 1
2014   2 28  0 28 25 956138  -13.15704  -52.53982     4398  69.0  2  0  6 15 0 0 1 1 1 0 0 1 0 0 1 0 0 1
2014   2 28  0 28 25 964680  -13.17726  -52.63956     3914  77.4  2  0  7 21 0 0 1 1 1 0 0 1 0 1 1 0 0 1
2014   2 28  0 28 25 983161  -13.16013  -52.51056     4946  69.8  2  0  6 14 0 0 1 1 1 0 0 1 0 0 1 0 0 1
2014   2 28  0 28 26  64644  -13.15778  -52.55047     4417  69.6  2  0  6 15 0 0 1 1 1 0 0 1 0 0 1 0 0 1
2014   2 28  0 28 26 132923  -25.42034  -45.24749     3977  50.8  1  0  6 15 0 0 1 1 1 0 0 1 0 0 1 0 0 1
2014   2 28  0 28 26 142034  -25.41448  -45.25806     3922  49.6  1  0  6 15 0 0 1 1 1 0 0 1 0 0 1 0 0 1
2014   2 28  0 28 26 166258  -25.40896  -45.25648     3918  49.9  1  0  6 15 0 0 1 1 1 0 0 1 0 0 1 0 0 1
2014   2 28  0 28 26 348182  -25.40342  -45.27328     3969  50.7  1  0  6 15 0 0 1 1 1 0 0 1 0 0 1 0 0 1
2014   2 28  0 28 26 367403  -25.45398  -45.40113     3133  16.4  0  0  5  9 0 0 1 1 1 0 0 1 0 1 0 0 0 0
2014   2 28  0 28 26 407312  -25.36553  -45.27839     4279  52.1  1  0  6 14 0 0 1 1 1 0 0 1 0 0 1 0 0 1
2014   2 28  0 28 26 441988    6.73930  -84.94226     6800  39.8  1  0  5 10 0 0 1 1 0 0 0 1 0 0 1 1 0 0
2014   2 28  0 28 27 238725    4.47147  -72.06805     5341  44.2  1  0  5  7 0 0 1 1 0 0 0 1 0 0 1 1 0 0
2014   2 28  0 28 27 502717  -25.47202  -45.41381     4130  60.1  2  0  6 15 0 0 1 1 0 0 0 1 0 1 1 0 0 1
2014   2 28  0 28 27 532988  -16.77707 -141.38322    40138  82.9  2  0  5 10 0 0 0 1 1 0 0 1 0 0 1 1 0 0
2014   2 28  0 28 27 541361  -17.20000 -137.54512    15019  79.9  2  0  7 21 0 0 1 0 1 0 0 1 0 1 1 1 0 1
2014   2 28  0 28 27 731830  -22.03959 -137.21584    19821  84.8  2  0  6 15 0 0 1 1 1 0 0 1 0 0 1 1 0 0
2014   2 28  0 28 27 774296    7.75597  139.68382     3946   7.2  0  0  4  6 0 0 0 1 0 0 0 0 0 0 1 1 0 1
2014   2 28  0 28 28 582960  -18.17188 -129.36668    25452  15.8  0  0  4  6 0 0 0 0 0 0 0 0 0 1 1 1 0 1
2014   2 28  0 28 28 590300  -17.80293 -138.08409    13721  19.7  0  0  4  6 0 0 1 0 0 0 0 1 0 0 1 1 0 0
2014   2 28  0 28 28 623312  -17.96240 -137.68626    22023 100.8  2  0  6 15 0 0 1 1 1 0 0 1 0 0 0 1 0 1
2014   2 28  0 28 28 645882  -19.34853 -133.57997    31074  51.2  2  0  5 10 0 0 1 0 1 0 0 1 0 0 1 0 0 1
2014   2 28  0 28 28 720269  -10.13509  -75.87106     5708  31.7  1  0  4  6 0 0 1 0 0 0 0 1 0 0 1 1 0 0
2014   2 28  0 28 28 810670  -24.43127  -47.01977     6541  96.6  2  0  6 14 0 0 1 1 1 0 0 1 0 0 1 0 0 1
2014   2 28  0 28 29 538370  -12.64565  -57.49968     6873 120.8  2  0  6 15 0 0 1 1 0 0 0 1 0 1 1 0 0 1
2014   2 28  0 28 30 306089    3.89350  -71.69942     7265 138.8  2  0  7 20 0 0 1 1 1 0 0 1 0 1 1 1 0 0
2014   2 28  0 28 31 679197   -4.22528  -74.60141     6318 116.1  2  0  7 21 0 0 1 0 1 0 0 1 0 1 1 1 0 1
2014   2 28  0 28 31 875732  -16.41766 -146.85573    29471 127.8  2  0  6 15 0 0 1 1 1 0 0 1 0 0 0 1 0 1
2014   2 28  0 28 31 894068    9.86026   62.68007     7083   8.0  0  0  4  6 0 0 1 1 0 0 0 0 0 0 1 1 0 0
2014   2 28  0 28 32  54580   -4.38733  -74.65926     4166  10.0  0  0  4  6 0 0 0 1 0 0 0 1 0 0 1 1 0 0
2014   2 28  0 28 32 160730   -4.45551  -73.85953     3350   8.2  0  0  5 10 0 0 0 1 1 0 0 1 0 0 1 1 0 0
2014   2 28  0 28 32 220066  -13.47688  158.43060    10810  51.6  1  0  6 15 0 0 1 1 1 0 0 1 0 0 1 1 0 0
2014   2 28  0 28 32 680880  -20.06863  -49.78965     3594  69.3  1  0  7 16 0 0 1 0 1 0 0 1 0 1 1 1 0 1
2014   2 28  0 28 33  44011  -23.40772  -45.59278     3514   8.7  0  0  4  6 0 0 0 1 0 0 0 1 0 0 1 0 0 1
2014   2 28  0 28 33 247709  -12.97972  -57.20310     2516   5.2  0  0  6 15 0 0 1 1 1 0 0 1 0 0 1 0 0 1
2014   2 28  0 28 33 282232  -25.43259  -44.84247     3300  15.3  0  0  5  9 0 0 0 1 1 0 0 1 0 0 1 0 0 1
2014   2 28  0 28 33 339642  -23.38531  -45.65213     2955  15.4  0  0  6 14 0 0 1 1 1 0 0 1 0 0 1 0 0 1
2014   2 28  0 28 33 966167  -25.31867  -44.95504     3314  16.2  0  0  5  9 0 0 0 1 1 0 0 1 0 0 1 0 0 1
2014   2 28  0 28 34  13526    3.87730  -71.43001     3076  16.3  0  0  7 21 0 0 0 1 1 0 0 1 0 1 1 1 0 1
2014   2 28  0 28 34 764909    6.38667  -75.16651     3470  19.3  0  0  6 14 0 0 1 1 1 0 0 1 0 0 1 1 0 0
2014   2 28  0 28 34 878760  -23.22226  -51.03749     2533  26.1  0  0  7 20 0 0 1 1 1 0 0 1 0 1 1 0 0 1
2014   2 28  0 28 35   2159  -12.54561  -74.48252     5153  32.9  0  0  6 14 0 0 0 1 1 0 0 1 0 1 1 1 0 0
2014   2 28  0 28 35  21694  -15.14670  -53.51250     2661  26.2  0  0  7 20 0 0 0 1 1 0 0 1 0 1 1 1 0 1
2014   2 28  0 28 35  49590  -15.13603  -53.45166     2863  29.0  0  0  7 18 0 0 1 0 1 0 0 1 0 1 1 1 0 1
2014   2 28  0 28 35  53242  -17.04310 -138.52965    14813  13.0  0  0  5  7 0 0 0 1 0 0 0 1 0 0 1 1 0 1
2014   2 28  0 28 35 176522  -17.05045 -138.96541    10280  18.4  0  0  6 15 0 0 0 1 1 0 0 1 0 0 1 1 0 1
2014   2 28  0 28 35 241015  -25.86027 -136.50409     7890  23.4  0  0  7 20 0 0 1 1 1 0 0 1 0 0 1 1 0 1
2014   2 28  0 28 35 312938  -25.82955 -136.33966    13294  22.4  0  0  5  9 0 0 1 1 1 0 0 0 0 0 1 1 0 0
2014   2 28  0 28 35 391668    6.58209  151.48817    11557  57.7  1  0  6 15 0 0 1 1 1 0 0 1 0 0 0 1 0 1
2014   2 28  0 28 35 528673  -12.46498  -74.57522     4166  25.5  0  0  6 14 0 0 0 1 1 0 0 1 0 0 1 1 0 1
2014   2 28  0 28 35 532969  -28.96188   45.51016    17932   6.5  0  0  4  6 0 0 1 1 0 0 0 0 0 0 1 0 0 1
2014   2 28  0 28 36 291786  -23.86101  -46.99788     4271  36.3  1  0  5  9 0 0 1 1 1 0 0 1 0 0 1 0 0 0
2014   2 28  0 28 36 930890   -5.23170    3.97357    33320  22.1  0  0  5 10 0 0 1 1 1 0 0 0 0 0 1 0 0 1
2014   2 28  0 28 38  50415    0.23887  -72.47872     4156  61.1  1  0  7 21 0 0 1 1 1 0 0 1 0 1 1 1 0 0
2014   2 28  0 28 38  82715    0.31030  -72.65916     4790  18.1  0  0  4  6 0 0 0 1 0 0 0 1 0 0 1 1 0 0
2014   2 28  0 28 38  89837    0.27303  -72.69814     5439  41.5  1  0  5 10 0 0 0 1 1 0 0 1 0 0 1 1 0 0
2014   2 28  0 28 38 163554  -15.89078  -48.99333     3650  35.1  1  0  5 10 0 0 0 1 1 0 0 1 0 0 1 0 0 1
2014   2 28  0 28 38 209163  -32.63233  -42.78693     4398  39.9  0  0  6 15 0 0 1 1 1 0 0 1 0 0 1 0 0 1
2014   2 28  0 28 38 220016  -32.59299  -42.80515     6770  65.4  2  0  5 10 0 0 1 1 1 0 0 1 0 0 1 0 0 0
2014   2 28  0 28 38 246931  -32.63725  -42.81248     4390  39.9  0  0  6 15 0 0 1 1 1 0 0 1 0 0 1 0 0 1
2014   2 28  0 28 38 323310  -15.88404  -48.95767     3178  37.2  0  0  6 15 0 0 1 1 1 0 0 1 0 0 1 0 0 1
2014   2 28  0 28 38 796206  -12.66940  -71.63054    12537  43.5  1  0  5  9 0 0 1 1 1 0 0 0 0 0 1 0 0 1
2014   2 28  0 28 38 940979   -5.44082  -75.48117     4983  18.1  0  0  4  6 0 0 0 1 0 0 0 1 0 0 1 1 0 0
2014   2 28  0 28 39 447444   -4.17810  -74.30152     4077  57.4  1  0  7 17 0 0 1 1 1 0 0 1 0 0 1 1 0 1
2014   2 28  0 28 39 480928   -4.38010  -74.33387     6151  69.2  2  0  6 11 0 0 1 1 1 0 0 1 0 0 1 1 0 0
2014   2 28  0 28 39 557355  -10.04357  -75.66728     6123  40.0  1  0  5  8 0 0 1 1 0 0 0 0 0 0 1 1 0 1
2014   2 28  0 28 39 590582  -12.18122  -72.08822    14559  59.3  2  0  5  9 0 0 0 1 1 0 0 1 0 0 1 0 0 1
2014   2 28  0 28 39 669937   -4.34263  -74.16086     4697  30.5  1  0  5  8 0 0 1 1 0 0 0 1 0 0 1 1 0 0
2014   2 28  0 28 39 761037    3.91619  -71.22478    25113  58.5  2  0  5 10 0 0 0 1 1 0 0 1 0 0 1 0 0 1
2014   2 28  0 28 39 962977  -11.87041  -72.35120     4247  69.8  1  0  7 21 0 0 1 0 1 0 0 1 0 1 1 1 0 1
2014   2 28  0 28 40 240180   -4.27848  -73.83442     5425  67.1  2  0  6 15 0 0 1 1 1 0 0 0 0 0 1 1 0 1
2014   2 28  0 28 40 842357  -13.95521  179.74791     9123  17.9  0  0  5 10 0 0 1 1 0 0 0 1 0 0 1 1 0 0
2014   2 28  0 28 40 982334  -25.61749 -136.07561    14507  67.6  1  0  7 21 0 0 1 0 1 0 0 1 0 1 1 1 0 1
2014   2 28  0 28 41 160198  -25.30052 -137.90923    14996  20.6  1  0  4  6 0 0 1 0 0 0 0 1 0 0 1 1 0 0
2014   2 28  0 28 41 915276   -4.99505  -76.15255     5784 103.6  2  0  7 21 0 0 1 1 1 0 0 1 0 1 0 1 0 1
2014   2 28  0 28 42 256010  -10.28374  -75.70486     5682 110.1  2  0  7 21 0 0 1 1 1 0 0 1 0 1 0 1 0 1
2014   2 28  0 28 42 410832   -0.10393  -72.41518     4709  61.4  2  0  6 15 0 0 1 1 0 0 0 1 0 0 1 1 0 1
2014   2 28  0 28 42 631106   -4.34220  -74.60918     6880  34.7  1  0  4  6 0 0 0 1 0 0 0 1 0 0 1 1 0 0
2014   2 28  0 28 42 960676   -4.39563  -74.24755     4985  86.8  2  0  7 21 0 0 1 1 1 0 0 1 0 0 1 1 0 1
2014   2 28  0 28 43 184032    5.48516  -76.78287     7769  93.1  2  0  6 14 0 0 1 1 1 0 0 1 0 0 0 1 0 1
2014   2 28  0 28 43 262599  -13.53397  -52.53366     4707  78.2  2  0  6 15 0 0 1 1 1 0 0 1 0 0 1 0 0 1
2014   2 28  0 28 43 304075    5.53072  -76.77888     5866  84.0  2  0  7 21 0 0 1 1 1 0 0 1 0 0 1 1 0 1
2014   2 28  0 28 43 491094  -25.35879  -45.32560     3729  50.9  1  0  6 15 0 0 1 1 1 0 0 0 0 1 1 0 0 1
2014   2 28  0 28 43 506883  -25.30596  -45.31175     4765  51.9  2  0  5 10 0 0 0 1 1 0 0 1 0 0 1 0 0 1
2014   2 28  0 28 43 539585    5.54571  -76.87552     8626 114.3  2  0  6 15 0 0 1 1 0 0 0 1 0 1 1 1 0 0
2014   2 28  0 28 44 814131    3.19257  -71.72945     5560  96.1  2  0  7 20 0 0 1 1 1 0 0 1 0 0 1 1 0 1
2014   2 28  0 28 44 825505    3.20664  -71.70046     5364  95.6  2  0  7 21 0 0 1 1 1 0 0 1 0 0 1 1 0 1
2014   2 28  0 28 44 858988    3.19592  -71.72618     5599  97.1  2  0  7 20 0 0 1 1 1 0 0 1 0 0 1 1 0 1
2014   2 28  0 28 44 913459    2.45346  -71.06801    13197  92.5  2  0  6 15 0 0 1 1 1 0 0 1 0 0 1 0 0 1
2014   2 28  0 28 44 922768    3.21035  -71.71461     5391  96.1  2  0  7 21 0 0 1 1 1 0 0 1 0 0 1 1 0 1
2014   2 28  0 28 45    444  -25.48013  -45.26967     4615  49.0  1  0  6 13 0 0 1 1 0 0 0 1 0 0 1 0 1 1
2014   2 28  0 28 45  77748  -25.36689  -45.50262     4856  79.6  2  0  7 18 0 0 1 1 1 0 0 1 0 1 1 0 0 1
2014   2 28  0 28 45 266159  -25.40476  -45.37167     4524  66.7  2  0  6 15 0 0 1 1 1 0 0 1 0 0 1 0 0 1
2014   2 28  0 28 45 431003  -21.26700  -53.58563     4125 110.0  2  0  7 19 0 0 1 1 1 0 0 1 0 1 1 0 0 1
2014   2 28  0 28 45 697545  -25.37715  -45.53800     3766  53.4  1  0  6 15 0 0 1 1 1 0 0 1 0 1 1 0 0 0
2014   2 28  0 28 45 829153  -18.58090   66.20959    31415  98.4  2  0  6 15 0 0 1 1 1 0 0 1 0 0 1 0 0 1
2014   2 28  0 28 46 129850  -23.32810  -45.84169     4030  92.2  2  0  7 21 0 0 1 0 1 0 0 1 0 1 1 1 0 1
2014   2 28  0 28 46 904636  -42.34827  -67.75210    29241  18.5  0  0  4  6 0 0 1 1 0 0 0 0 0 0 1 0 0 1
2014   2 28  0 28 47 612217  -17.54647  -67.44897     5201  63.8  2  0  6 11 0 0 1 0 0 0 0 1 0 1 1 1 0 1
2014   2 28  0 28 47 941132  -24.32683  -46.57410     3491   9.3  0  0  4  6 0 0 1 0 0 0 0 1 0 0 1 0 0 1
2014   2 28  0 29  4  11530  -25.38504  -44.79264     3218  36.7  0  0  7 17 0 0 1 1 1 0 0 1 0 1 0 0 1 1
2014   2 28  0 29  4  56426  -25.36537  -44.88974     3370  17.0  0  0  5 10 0 0 1 0 1 0 0 1 0 1 0 0 0 1
2014   2 28  0 29  4 113823  -25.38916  -44.84266     2770  16.1  0  0  6 14 0 0 1 1 1 0 0 1 0 1 0 0 0 1
2014   2 28  0 29  4 445701  -25.37496  -44.89676     4228  18.0  0  0  5  7 0 0 1 1 1 0 0 1 0 0 0 0 0 1
2014   2 28  0 29  4 549192  -15.42932   24.35772    13061  14.0  0  0  5  8 0 0 1 1 1 0 0 1 0 0 0 0 0 1
2014   2 28  0 29  4 988875  -17.88144  -67.47793     3167  12.8  0  0  5 10 0 0 1 0 1 0 0 1 0 1 0 0 0 1
2014   2 28  0 29  5  84198  -17.87071  -67.51581     3212  12.6  0  0  5 10 0 0 1 1 0 0 0 1 0 1 0 0 0 1
2014   2 28  0 29  5 116526  -17.84737  -67.56833     3376   0.9  0  0  4  6 0 0 1 1 0 0 0 1 0 0 0 0 0 1
2014   2 28  0 29  5 185657  -17.89429  -67.48769     2963  16.1  0  0  6 15 0 0 1 1 1 0 0 1 0 1 0 0 0 1
2014   2 28  0 29  5 743871   -4.44777  -74.52254     5129  19.3  0  0  5 10 0 0 1 1 1 0 0 1 0 0 0 0 0 1
2014   2 28  0 29  5 869707   -5.80424  -74.78003     4348  15.1  0  0  5 10 0 0 1 0 1 0 0 1 0 1 0 0 0 1
2014   2 28  0 29  6 117922    3.52713  -70.94456    10794  10.5  0  0  4  6 0 0 1 1 0 0 0 0 0 1 0 0 0 1
2014   2 28  0 29  7 965506  -12.08872  -72.19079     5822  39.4  1  0  5 10 0 0 1 1 1 0 0 1 0 0 0 0 0 1
2014   2 28  0 29  8 182114  -12.11892  -72.11419     4848  43.3  1  0  6 15 0 0 1 1 1 0 0 1 0 1 0 0 0 1
2014   2 28  0 29  8 746018   -0.09805  -72.16924     8295  40.9  1  0  5 10 0 0 1 1 1 0 0 1 0 0 0 0 0 1
2014   2 28  0 29  8 953591  -25.46223  -45.08812     3613  28.6  0  0  5  9 0 0 1 1 1 0 0 1 0 0 0 0 0 1
2014   2 28  0 29  9 282978  -25.41965  -45.14990     3836  32.2  1  0  5  9 0 0 1 1 1 0 0 1 0 0 0 0 0 1
2014   2 28  0 29  9 391454  -27.67995 -132.44780    18176  20.7  0  0  5 10 0 0 1 0 1 0 0 1 0 1 0 0 0 1
2014   2 28  0 29 12 122449   10.56437  -83.83827    35308  14.0  0  0  4  6 0 0 0 1 0 0 0 1 0 1 0 0 0 1
2014   2 28  0 29 12 887617  -25.53170  -45.35167     4340  45.0  1  0  5  9 0 0 1 1 1 0 0 1 0 0 0 0 0 1
2014   2 28  0 29 14 221859  -10.72303  -74.95973     9164  98.9  2  0  6 15 0 0 1 1 1 0 0 1 0 1 0 0 0 1
2014   2 28  0 29 15 545501  -25.41078  -45.40758     4787  57.0  2  0  5 10 0 0 1 1 1 0 0 1 0 0 0 0 0 1
2014   2 28  0 29 15 583567  -32.53963  -43.19881     7403  36.2  1  0  4  6 0 0 1 0 0 0 0 1 0 1 0 0 0 1
2014   2 28  0 29 15 594485  -25.42987  -45.41860     4722  34.8  1  0  5  7 0 0 1 1 1 0 0 1 0 0 0 0 0 1
2014   2 28  0 29 17 115757  -15.30051  -71.55650    12409  47.8  1  0  5 10 0 0 1 1 1 0 0 0 0 1 0 0 0 1
2014   2 28  0 29 17 162293  -16.01050  -49.26877     3611  40.8  1  0  5 10 0 0 0 1 1 0 0 1 0 1 0 0 0 1
2014   2 28  0 29 17 206413  -15.95329  -49.17646     4250  89.8  2  0  6 15 0 0 1 1 1 0 0 1 0 1 0 0 0 1
2014   2 28  0 29 18 553045  -23.43092  -45.89374     5946 121.2  2  0  6 14 0 0 1 1 1 0 0 1 0 1 0 0 0 1
