2014   2 28  7 39 28 803438    6.11875  -82.51760     3848   9.8  0  0  5 10 0 0 1 1 0 0 0 0 0 1 1 1 0 0
2014   2 28  7 39 31  31689  -19.61508 -141.80063    10025   2.2  0  0  4  6 0 0 1 1 0 0 0 0 0 0 1 1 0 0
2014   2 28  7 39 33 610847  -25.29472  -44.73851     3946  38.3  1  0  5 10 0 0 1 1 0 0 0 0 0 1 1 1 0 0
2014   2 28  7 39 35  47368  -21.09633  -47.12122     3116  17.4  0  0  5  7 0 0 1 1 0 0 0 0 0 1 1 1 0 0
2014   2 28  7 39 37 259037  -12.18249  161.49077    48865  22.0  1  0  4  6 0 0 1 1 0 0 0 0 0 0 1 1 0 0
2014   2 28  7 39 37 934548  -31.75800 -136.94933    22652  28.8  1  0  4  6 0 0 1 1 0 0 0 0 0 0 1 1 0 0
2014   2 28  7 39 38 697729  -20.89463  -47.73474     3814  30.7  1  0  5  8 0 0 1 1 0 0 0 0 0 1 1 1 0 0
2014   2 28  7 39 38 753632  -20.88657  -47.76944     3734  29.2  0  0  5  8 0 0 1 1 0 0 0 0 0 1 1 1 0 0
2014   2 28  7 39 39 380603  -21.76847 -142.97621    21050  31.3  1  0  4  6 0 0 1 1 0 0 0 0 0 0 1 1 0 0
2014   2 28  7 39 42 829137  -21.76933  -46.65813     4606  55.8  2  0  5  9 0 0 1 1 0 0 0 0 0 1 1 1 0 0
2014   2 28  7 39 44 840639  -19.12961 -139.32007    49759   4.4  0  0  5  7 0 0 0 1 1 0 0 1 0 0 1 0 0 1
2014   2 28  7 39 46 322509  -30.06362  -41.57855     2935   5.4  0  0  5 10 0 0 1 1 1 0 0 0 0 0 1 0 0 1
2014   2 28  7 39 46 342307  -30.05953  -41.60843     2620  13.2  0  0  7 21 0 0 1 1 1 0 0 1 0 1 1 0 0 1
2014   2 28  7 39 46 577063  -30.06268  -41.60059     3367  12.9  0  0  5 10 0 0 1 1 1 0 0 1 0 0 0 0 0 1
2014   2 28  7 39 46 590014  -30.06627  -41.59044     4222  14.1  0  0  4  6 0 0 1 1 1 0 0 1 0 0 0 0 0 0
2014   2 28  7 39 46 613899  -30.06910  -41.65345     3252  12.8  0  0  6 11 0 0 1 1 1 0 0 1 0 1 0 0 0 1
2014   2 28  7 39 46 672034    6.41860  -77.42243     4918  13.8  0  0  5 10 0 0 0 0 1 0 0 1 0 0 1 1 0 1
2014   2 28  7 39 46 677457  -30.09570  -41.57674     2988   7.1  0  0  5 10 0 0 1 1 1 0 0 0 0 0 1 0 0 1
2014   2 28  7 39 46 749685    2.25539    2.70022     6126   5.7  0  0  6 12 0 0 1 1 0 0 0 1 0 0 1 1 0 1
2014   2 28  7 39 46 897182  -30.04732  -41.63877     3965  13.1  0  0  5 10 0 0 0 1 1 0 0 1 0 0 1 0 0 1
2014   2 28  7 39 47  16355    2.56693   -0.50988     8938   9.3  0  0  6 15 0 0 1 1 1 0 0 1 0 0 1 0 0 1
2014   2 28  7 39 47 396068  -16.45664  -51.94595     2583  27.8  0  0  7 21 0 0 0 1 1 0 0 1 0 1 1 1 0 1
2014   2 28  7 39 47 455739  -16.45380  -51.94574     2667  28.0  0  0  7 19 0 0 0 1 1 0 0 1 0 1 1 1 0 1
2014   2 28  7 39 47 465235  -30.42393  -41.45112     4343  11.7  0  0  5  7 0 0 1 1 1 0 0 0 0 0 1 0 0 1
2014   2 28  7 39 47 505597  -30.47363  -41.35920     3904  11.4  0  0  4  6 0 0 1 1 0 0 0 0 0 0 1 0 0 1
2014   2 28  7 39 47 824718  -20.58402  -48.43707     2708  15.7  0  0  6 13 0 0 1 1 1 0 0 1 0 0 1 0 0 1
2014   2 28  7 39 47 914665  -30.55305  -41.41007     3072  16.7  0  0  6 15 0 0 1 1 1 0 0 1 0 0 1 0 0 1
2014   2 28  7 39 47 923130  -30.52847  -41.47021     3065  16.9  0  0  6 15 0 0 1 1 1 0 0 1 0 0 1 0 0 1
2014   2 28  7 39 48 464025  -20.62349  -47.54343     2846  37.0  0  0  7 19 0 0 1 1 1 0 0 1 0 1 1 1 0 0
2014   2 28  7 39 50 103941   -0.42179    5.62998    14279  25.8  0  0  6 11 0 0 1 0 1 0 0 1 0 0 1 1 0 1
2014   2 28  7 39 50 151284    6.99853  -73.93959     4117  35.9  0  0  6 15 0 0 1 1 1 0 0 1 0 0 1 1 0 0
2014   2 28  7 39 51  90981  -23.80171 -176.82646    10165  35.8  0  0  7 21 0 0 1 0 1 0 0 1 0 0 1 1 1 1
2014   2 28  7 39 51 159238    5.40158  -72.87025     4529  22.2  0  0  5  7 0 0 1 1 0 0 0 1 0 0 1 1 0 0
2014   2 28  7 39 51 196323  -23.58871 -177.56058    15003  39.8  0  0  6 15 0 0 0 1 1 0 0 1 0 0 1 1 0 1
2014   2 28  7 39 51 733712  -22.65329  -45.95887     4643  50.1  1  0  6 11 0 0 1 1 0 0 0 1 0 1 1 0 0 1
2014   2 28  7 39 51 743641  -23.64207 -176.82005    10884  18.4  0  0  5 10 0 0 1 1 0 0 0 1 0 0 1 1 0 0
2014   2 28  7 39 51 747505  -22.73682  -45.83635     3264  58.3  1  0  7 21 0 0 1 1 1 0 0 1 0 1 1 0 0 1
2014   2 28  7 39 51 758484  -22.80522  -45.75269     4254  51.4  2  0  5  9 0 0 1 1 1 0 0 1 0 0 0 0 0 1
2014   2 28  7 39 52  16263  -30.12201  -41.95199     3879  21.9  0  0  6 15 0 0 0 1 1 0 0 1 0 1 1 0 0 1
2014   2 28  7 39 52 111616  -30.43192  -41.84115     3552  16.7  0  0  5 10 0 0 1 1 1 0 0 1 0 0 0 0 0 1
2014   2 28  7 39 52 782796  -21.39819  -46.14806     3349  44.2  1  0  6 15 0 0 1 1 1 0 0 1 0 0 1 0 0 1
2014   2 28  7 39 53 316189    6.85430  -72.61369     7564  56.2  2  0  5 10 0 0 0 1 1 0 0 1 0 0 1 1 0 0
2014   2 28  7 39 53 365833    6.78968  -72.40046    12576  73.0  2  0  6 11 0 0 0 1 1 0 0 1 0 0 1 1 0 1
2014   2 28  7 39 53 581848    6.74174  -72.11782     5086  61.9  1  0  7 20 0 0 1 0 1 0 0 1 0 1 1 1 0 1
2014   2 28  7 39 53 812251  -14.53729  -44.00715     3007  54.7  1  0  7 21 0 0 1 1 1 0 0 1 0 1 1 0 0 1
2014   2 28  7 39 53 865839  -19.28321 -142.85489    13604  66.0  1  0  7 21 0 0 1 1 1 0 0 1 0 0 1 1 0 1
2014   2 28  7 39 53 875320  -18.96063 -143.82077    11406  14.0  0  0  4  6 0 0 1 1 0 0 0 1 0 0 0 1 0 0
2014   2 28  7 39 53 933402  -19.41986 -142.11732    21690  56.7  2  0  5 10 0 0 1 0 1 0 0 1 0 0 0 1 0 1
2014   2 28  7 39 53 995098  -19.11432 -143.26199    14219  19.2  0  0  4  6 0 0 1 0 0 0 0 1 0 0 1 1 0 0
2014   2 28  7 39 54 337984   11.80022  142.16559    14802  75.5  2  0  6 14 0 0 1 1 1 0 0 0 0 0 1 1 0 1
2014   2 28  7 39 54 348152  -19.40425 -141.68486    21538  85.7  2  0  6 15 0 0 1 1 1 0 0 0 0 1 0 1 0 1
2014   2 28  7 39 54 378805  -19.12986 -143.21779    15852  62.0  2  0  6 15 0 0 1 1 1 0 0 1 0 0 1 1 0 0
2014   2 28  7 39 54 386046  -18.92822 -143.89531    11646  15.0  0  0  4  6 0 0 1 1 0 0 0 1 0 0 0 1 0 0
2014   2 28  7 39 54 528644  -19.28110 -142.45341    21086  73.4  2  0  6 15 0 0 1 1 1 0 0 0 0 0 1 1 0 1
2014   2 28  7 39 54 546639  -19.10733 -145.33331    26415  64.7  2  0  6 15 0 0 0 1 1 0 0 1 0 0 1 1 0 1
2014   2 28  7 39 54 793142  -21.20659  -49.68239     3187   7.0  0  0  4  6 0 0 1 0 0 0 0 1 0 1 1 0 0 0
2014   2 28  7 39 55 541636  -22.54087 -140.63983    55400  74.5  2  0  5 10 0 0 1 1 1 0 0 1 0 0 1 0 0 0
2014   2 28  7 39 56 225890  -10.41269    3.12997    59091  60.3  2  0  5 10 0 0 1 1 1 0 0 0 0 0 1 0 0 1
2014   2 28  7 39 56 982008    5.24694  148.01006     8852  24.1  1  0  4  6 0 0 1 1 0 0 0 1 0 0 0 1 0 0
2014   2 28  7 39 57 122923    7.27458  -74.00535     8131 112.9  2  0  7 21 0 0 1 1 1 0 0 0 0 1 1 1 0 1
2014   2 28  7 39 57 658476    5.46359  147.32782    11055  95.6  2  0  7 21 0 0 0 1 1 0 0 1 0 0 1 1 1 1
2014   2 28  7 39 58 411087   -2.26524  -67.66401    28398  46.9  1  0  5 10 0 0 0 1 1 0 0 0 0 1 1 0 0 1
2014   2 28  7 39 58 884786  -21.52375  -46.16046     4510  85.2  2  0  6 15 0 0 1 1 1 0 0 1 0 0 1 0 0 1
2014   2 28  7 39 59 241995   -3.34555  -72.23813     8424 106.3  2  0  6 15 0 0 0 1 1 0 0 1 0 0 1 1 0 1
2014   2 28  7 39 59 834612  -29.22881  -42.79248     4371  34.1  0  0  6 15 0 0 0 1 1 0 0 1 0 1 1 0 0 1
2014   2 28  7 39 59 895175  -29.84007  -42.28773     6222  92.5  2  0  6 15 0 0 1 1 1 0 0 0 0 1 1 0 0 1
2014   2 28  7 39 59 925129  -29.95835  -42.13374     6673  84.9  2  0  6 15 0 0 1 1 1 0 0 1 0 0 1 0 0 1
2014   2 28  7 39 59 964680  -29.81386  -42.67972     4721  84.3  2  0  7 21 0 0 1 1 1 0 0 1 0 1 0 1 0 1
2014   2 28  7 40  0 341739    3.97586   10.95921    41661   1.1  0  0  4  6 0 0 1 1 0 0 0 0 0 0 1 0 0 1
2014   2 28  7 40  0 570937  -19.16005 -141.52412     6623  14.9  0  0  6 15 0 0 1 1 1 0 0 1 0 0 0 1 0 1
2014   2 28  7 40  0 977265  -19.11912 -141.82982    10555  10.2  0  0  4  6 0 0 1 0 1 0 0 1 0 0 0 1 0 0
2014   2 28  7 40  1 502163  -25.43243  -44.52611     2638  20.0  0  0  7 20 0 0 1 1 1 0 0 1 0 0 1 1 0 1
2014   2 28  7 40  2 296181   -6.57053    7.19170    10227  12.4  0  0  5 10 0 0 1 1 0 0 0 1 0 0 1 0 0 1
2014   2 28  7 40  2 835649  -23.52046  -45.77353     3276  32.1  0  0  6 15 0 0 1 1 1 0 0 1 0 0 1 0 0 1
2014   2 28  7 40  3 772159   -4.31949  -71.29652     4862  21.0  0  0  5 10 0 0 1 1 1 0 0 1 0 0 0 0 0 1
2014   2 28  7 40  3 869293   -4.13346  -71.56126     6783  41.1  1  0  5 10 0 0 0 1 0 0 0 0 0 1 1 1 0 1
2014   2 28  7 40  3 896476  -34.03299  -38.32013     3942  27.3  0  0  6 15 0 0 1 1 1 0 0 1 0 0 1 0 0 1
2014   2 28  7 40  3 904652  -34.06254  -38.26407     4229  21.3  0  0  5 10 0 0 1 1 1 0 0 1 0 0 1 0 0 0
2014   2 28  7 40  4 329538  -34.05491  -38.28779     4891  28.9  0  0  5 10 0 0 1 1 0 0 0 1 0 0 1 0 0 1
2014   2 28  7 40  4 563901    0.91025    1.23667    10491  43.0  0  0  7 18 0 0 1 1 1 0 0 1 0 0 1 1 0 1
2014   2 28  7 40  4 683300   -6.69313    7.76436    14107  24.9  0  0  5 10 0 0 1 1 1 0 0 1 0 0 0 0 0 1
2014   2 28  7 40  5  93752  -32.07894 -135.09662     9946   2.8  0  0  4  6 0 0 1 1 0 0 0 1 0 0 0 1 0 0
2014   2 28  7 40  5 161921  -32.18140 -133.60471    14079  44.2  1  0  6 15 0 0 1 1 0 0 0 0 0 1 1 1 0 1
2014   2 28  7 40  5 221889  -32.14546 -134.79219     9748  29.4  0  0  6 15 0 0 1 1 1 0 0 1 0 0 1 1 0 0
2014   2 28  7 40  5 531085  -16.57431  -51.93548     4568  50.0  2  0  5 10 0 0 1 0 1 0 0 1 0 1 1 0 0 0
2014   2 28  7 40  6 110791  -21.40378  -46.13304     3065  34.6  0  0  6 15 0 0 1 1 1 0 0 1 0 0 1 0 0 1
2014   2 28  7 40  6 337079  -21.74732 -141.44839     9705  44.6  0  0  7 21 0 0 1 1 1 0 0 0 0 0 1 1 1 1
2014   2 28  7 40  6 362044  -21.72213 -141.67831    10913  83.8  2  0  7 16 0 0 1 1 1 0 0 1 0 0 1 1 1 0
2014   2 28  7 40  6 370111  -21.89003 -140.61835    10946  48.3  0  0  7 21 0 0 1 0 1 0 0 1 0 1 1 1 0 1
2014   2 28  7 40  6 409869  -21.75980 -141.14001    14416  47.2  1  0  6 15 0 0 1 1 1 0 0 0 0 0 1 1 0 1
2014   2 28  7 40  6 428150  -21.80812 -141.13641    11549  55.8  1  0  7 21 0 0 1 1 1 0 0 1 0 1 1 1 0 0
2014   2 28  7 40  6 447044  -21.97281 -136.17972    18001  11.0  0  0  5 10 0 0 0 0 1 0 0 0 0 1 1 1 0 1
2014   2 28  7 40  6 565175  -21.24632  -46.42420     2839  34.7  0  0  6 14 0 0 1 1 0 0 0 1 0 1 0 1 0 1
2014   2 28  7 40  6 860787  -21.73086 -141.57671    10762  49.4  0  0  7 21 0 0 1 1 1 0 0 1 0 0 1 1 0 1
2014   2 28  7 40  7 252282  -19.10843 -142.31532    11040  52.4  1  0  7 21 0 0 1 1 1 0 0 1 0 0 1 1 0 1
2014   2 28  7 40  7 260529  -19.10063 -142.31468    11025  52.6  1  0  7 21 0 0 1 1 1 0 0 1 0 0 1 1 0 1
2014   2 28  7 40  8 856649    6.89001  -74.96645    10129  44.5  1  0  5 10 0 0 0 1 1 0 0 1 0 0 0 1 0 1
2014   2 28  7 40  9   2593    2.17256    5.25178    21440  16.5  0  0  4  6 0 0 1 1 0 0 0 1 0 0 1 0 0 0
2014   2 28  7 40 10  28719  -18.88845 -143.97389    32506  23.3  1  0  4  6 0 0 1 1 0 0 0 1 0 0 1 0 0 0
2014   2 28  7 40 11 223420  -21.98106 -141.96165    17810  71.7  2  0  6 15 0 0 1 1 1 0 0 1 0 0 1 1 0 0
2014   2 28  7 40 11 549127    6.99810  150.59695    12269  98.5  2  0  7 21 0 0 1 1 1 0 0 1 0 1 0 1 0 1
2014   2 28  7 40 11 560264   -3.04841  -71.71744    41888  62.6  2  0  5 10 0 0 1 0 1 0 0 0 0 1 1 0 0 1
2014   2 28  7 40 11 586810    7.17393  149.60483    10237  76.8  2  0  7 21 0 0 1 1 1 0 0 1 0 0 1 1 0 1
2014   2 28  7 40 11 626467    7.22423  149.68654    10737  67.9  2  0  6 15 0 0 1 1 1 0 0 1 0 0 1 1 0 0
2014   2 28  7 40 11 647914   -4.11953  -71.49708     4967  85.9  2  0  7 21 0 0 1 0 1 0 0 1 0 1 1 1 0 1
2014   2 28  7 40 12 171030    3.74887    5.96400    30334  26.8  1  0  4  6 0 0 1 1 0 0 0 1 0 0 1 0 0 0
2014   2 28  7 40 12 778082  -13.04485  -71.02306     6252  72.1  2  0  6 15 0 0 1 0 1 0 0 1 0 1 1 0 0 1
2014   2 28  7 40 12 892133  -12.71880  -71.76152     5728 126.8  2  0  7 21 0 0 1 1 1 0 0 1 0 1 0 1 0 1
2014   2 28  7 40 13 660955  -11.44826  -42.06320     5198  79.7  2  0  5 10 0 0 0 1 1 0 0 1 0 0 1 0 0 1
2014   2 28  7 40 14 920733    5.06920  -83.83931     8207  57.0  2  0  5 10 0 0 1 0 1 0 0 0 0 0 1 1 0 1
2014   2 28  7 40 14 928150    5.27907  -84.70147     8686 115.8  2  0  7 21 0 0 1 1 1 0 0 1 0 0 1 1 0 1
2014   2 28  7 40 14 975034    5.72255  -90.76837    12340  10.1  0  0  4  6 0 0 0 1 1 0 0 0 0 1 0 1 0 0
2014   2 28  7 40 15 870262  -33.39707  -39.70404     4431  69.0  1  0  7 20 0 0 1 1 1 0 0 1 0 1 0 1 0 1
2014   2 28  7 40 15 897937  -33.41026  -39.81075     4398  21.1  0  0  5 10 0 0 1 1 1 0 0 1 0 0 0 0 0 1
2014   2 28  7 40 16 263465  -30.60554  -41.22654     4429  15.1  0  0  5 10 0 0 0 1 1 0 0 1 0 0 1 0 0 1
2014   2 28  7 40 16 572586  -30.50591  -41.29106     3672  15.8  0  0  5 10 0 0 1 1 1 0 0 1 0 0 0 0 0 1
2014   2 28  7 40 16 949596   -3.98966  148.63568     5629  32.6  0  0  6 15 0 0 0 1 1 0 0 1 0 0 1 1 0 1
2014   2 28  7 40 17 777944  -11.92535  -72.81487     3039  22.0  0  0  6 14 0 0 1 1 1 0 0 1 0 0 1 1 0 0
2014   2 28  7 40 17 874425  -30.04803  -41.60784     5451  16.8  0  0  5  8 0 0 1 1 1 0 0 1 0 0 0 0 0 1
2014   2 28  7 40 17 884002  -23.34925  -45.81098     2632  15.0  0  0  6 15 0 0 1 1 1 0 0 0 0 1 1 0 0 1
2014   2 28  7 40 18 239929  -30.10164  -41.49741     3687   6.9  0  0  4  6 0 0 1 1 0 0 0 1 0 0 1 0 0 0
2014   2 28  7 40 18 287965  -19.74686 -141.10797     7058  15.7  0  0  6 15 0 0 1 1 1 0 0 0 0 0 1 1 0 1
2014   2 28  7 40 18 467386  -12.00697  -72.97909     3543  25.0  0  0  7 21 0 0 0 1 1 0 0 1 0 1 1 1 0 1
2014   2 28  7 40 18 507498  -11.95273  -72.86821     3228  28.3  0  0  6 15 0 0 1 1 1 0 0 1 0 0 1 1 0 0
2014   2 28  7 40 18 529211  -19.69003 -141.57980     8752  17.4  0  0  5 10 0 0 1 1 0 0 0 1 0 0 0 1 0 1
2014   2 28  7 40 18 637723  -12.09319  -73.20409     4347  11.1  0  0  5  9 0 0 0 1 0 0 0 1 0 1 0 1 0 1
2014   2 28  7 40 18 695302  -25.34276  -44.64421     2561  18.6  0  0  7 21 0 0 1 1 1 0 0 1 0 1 1 0 0 1
2014   2 28  7 40 19 158941  -21.14201  -47.00200     2834  20.0  0  0  6 12 0 0 1 1 1 0 0 1 0 0 1 0 0 1
2014   2 28  7 40 19 682912  -22.72166  -45.82242     2724  34.8  0  0  7 21 0 0 1 1 1 0 0 1 0 1 1 0 0 1
2014   2 28  7 40 20 310740  -21.74974  -50.57328     3054   2.1  0  0  4  6 0 0 1 0 0 0 0 1 0 1 1 0 0 0
2014   2 28  7 40 20 330296  -21.73799  -50.55606     2894  22.0  0  0  6 11 0 0 1 1 1 0 0 1 0 1 1 0 0 0
2014   2 28  7 40 20 547414   -9.43286  161.69617     8222   1.3  0  0  5  8 0 0 1 1 0 0 0 1 0 0 1 1 0 0
2014   2 28  7 40 20 657372  -19.71377 -141.68758    19463   7.4  0  0  4  6 0 0 1 1 0 0 0 1 0 0 1 0 0 0
2014   2 28  7 40 20 851623  -22.29677 -140.66934     9279  39.6  0  0  7 21 0 0 1 1 1 0 0 1 0 0 1 1 0 1
2014   2 28  7 40 20 911513  -22.10872 -141.18756     7461   9.7  0  0  5 10 0 0 1 1 0 0 0 1 0 0 1 1 0 0
2014   2 28  7 40 21 857787  -21.53038  -46.08200     3596  32.8  1  0  5 10 0 0 1 1 1 0 0 0 0 0 1 0 0 1
2014   2 28  7 40 21 914803    6.13895  150.46831    11294  51.3  2  0  5 10 0 0 1 1 1 0 0 1 0 0 0 1 0 0
2014   2 28  7 40 22 412302  -30.09228  -41.93568     3139  31.0  0  0  7 18 0 0 1 1 1 0 0 1 0 1 0 1 0 1
2014   2 28  7 40 22 425570  -30.12990  -41.75227     4312  41.0  1  0  6 15 0 0 1 1 1 0 0 1 0 0 1 0 0 1
2014   2 28  7 40 22 459703  -30.12948  -41.82116     3522  40.9  0  0  7 21 0 0 1 1 1 0 0 1 0 1 1 0 0 1
2014   2 28  7 40 22 494059  -30.12192  -41.94978     2975  17.1  0  0  6 15 0 0 1 1 1 0 0 1 0 1 0 0 0 1
2014   2 28  7 40 23   3976  -11.84648  -72.96477     3880  54.3  1  0  7 20 0 0 1 0 1 0 0 1 0 1 1 1 0 1
2014   2 28  7 40 24 484972    4.33906  147.78879     7870  67.9  1  0  7 21 0 0 1 1 1 0 0 1 0 1 0 1 0 1
2014   2 28  7 40 25  96911   -4.38407  -71.23184     8143  71.2  2  0  6 15 0 0 1 1 1 0 0 1 0 0 1 0 0 1
2014   2 28  7 40 25 192810   -4.10557  -71.96424     5967  79.7  2  0  7 21 0 0 0 1 1 0 0 1 0 1 1 1 0 1
2014   2 28  7 40 25 318549   -4.04780  -71.44863     4546  71.7  2  0  7 21 0 0 1 0 1 0 0 1 0 1 1 1 0 1
2014   2 28  7 40 25 613318  -16.54979  -51.91990     3661  77.9  2  0  7 21 0 0 1 1 1 0 0 1 0 1 1 0 0 1
2014   2 28  7 40 25 782851   -4.47292  -70.96248     8350  53.1  2  0  5 10 0 0 1 0 0 0 0 1 0 1 1 0 0 1
2014   2 28  7 40 27  15130  -21.80042 -142.55334    11634  27.7  0  0  5 10 0 0 1 1 0 0 0 1 0 0 1 1 0 0
2014   2 28  7 40 27 351796  -21.39210  -46.30691     3660  89.9  2  0  7 21 0 0 1 1 1 0 0 1 0 1 1 0 0 1
2014   2 28  7 40 28 322649  -24.75750  -45.43856     4412  74.4  2  0  6 15 0 0 1 1 1 0 0 1 0 0 1 1 0 0
2014   2 28  7 40 28 598829  -24.61551  -45.50486     4345  61.0  2  0  6 14 0 0 0 1 1 0 0 1 0 1 1 1 0 0
2014   2 28  7 40 30 516312  -11.95600  -73.13986     6412 138.8  2  0  7 21 0 0 1 1 1 0 0 0 0 1 1 1 0 1
2014   2 28  7 40 31 531588   -0.72658  -72.02309     6303 132.2  2  0  7 21 0 0 1 1 0 0 0 1 0 1 1 1 0 1
2014   2 28  7 40 32 654038   23.39680  -84.73482     5019  14.1  0  0  7 21 0 0 1 1 1 0 0 1 0 0 1 1 0 1
2014   2 28  7 40 32 684278    4.58992  -73.48383     3292   8.9  0  0  6 14 0 0 0 1 1 0 0 1 0 0 1 1 0 1
2014   2 28  7 40 32 696165    4.39793  -73.20799     6843   5.8  0  0  4  6 0 0 1 0 0 0 0 1 0 1 1 0 0 0
2014   2 28  7 40 32 722557    4.59253  -73.37828     3035  14.0  0  0  7 18 0 0 1 1 0 0 0 1 0 1 1 1 0 1
2014   2 28  7 40 32 733950    4.57697  -73.54134     5457   9.8  0  0  4  6 0 0 0 1 1 0 0 1 0 0 0 1 0 0
2014   2 28  7 40 34  79905    5.34597  -72.47040     4701  20.2  0  0  6 12 0 0 1 1 1 0 0 1 0 0 0 1 0 1
2014   2 28  7 40 35 830935  -21.25160  -46.41241     2660  19.7  0  0  6 15 0 0 1 1 1 0 0 1 0 0 1 0 0 1
2014   2 28  7 40 35 953005  -21.38239  -46.16079     2694  20.8  0  0  6 15 0 0 1 1 1 0 0 1 0 0 1 0 0 1
2014   2 28  7 40 35 974551  -21.37442  -46.16078     3306  23.6  0  0  5  8 0 0 1 1 1 0 0 1 0 0 0 0 0 1
2014   2 28  7 40 36 144276    7.53605  -73.67947     5850  32.2  1  0  5  8 0 0 1 1 1 0 0 0 0 0 1 1 0 0
2014   2 28  7 40 38   4473    6.32270  -74.09927     7945  37.3  0  0  6 15 0 0 1 1 1 0 0 1 0 0 1 0 0 1
2014   2 28  7 40 38  33605    6.95272  -74.62022     4465  41.5  1  0  6 15 0 0 1 1 1 0 0 1 0 0 1 1 0 0
2014   2 28  7 40 38 344672  -33.99094  -38.70270     3356  10.2  0  0  5 10 0 0 1 1 1 0 0 0 0 1 0 0 0 1
2014   2 28  7 40 38 411314  -34.03633  -38.53363     3755  34.9  0  0  7 21 0 0 1 1 1 0 0 1 0 1 1 0 0 1
2014   2 28  7 40 38 435138  -33.50744  -38.95374     5157  13.6  0  0  5 10 0 0 0 1 1 0 0 1 0 0 1 0 0 1
2014   2 28  7 40 38 736989  -24.77958  -45.01391     4255  46.9  1  0  6 15 0 0 1 0 1 0 0 1 0 0 1 1 0 1
2014   2 28  7 40 38 797146  -30.44628  -41.50195     4970  35.6  1  0  5 10 0 0 1 1 0 0 0 1 0 0 1 0 0 1
2014   2 28  7 40 38 844276  -24.76026  -45.13968     3275  46.5  0  0  7 21 0 0 1 1 1 0 0 1 0 0 1 1 0 1
2014   2 28  7 40 39 115656  -24.47552  -45.30556     3156  37.9  0  0  6 15 0 0 1 1 1 0 0 1 0 1 0 0 0 1
2014   2 28  7 40 39 152431  -33.41700  -39.03368     5319  15.4  0  0  5 10 0 0 0 1 1 0 0 1 0 0 1 0 0 1
2014   2 28  7 40 39 972051    3.26252   11.16456    96403  53.2  2  0  5  9 0 0 0 1 1 0 0 1 0 0 1 0 0 1
2014   2 28  7 40 40 184457  -22.70744  -45.81742     4426  89.8  2  0  6 15 0 0 0 1 1 0 0 1 0 0 1 1 0 1
2014   2 28  7 40 40 788742  -22.79225  -45.66647     5025  69.2  2  0  5  9 0 0 0 1 1 0 0 1 0 0 1 0 0 1
2014   2 28  7 40 41  47552  -18.37338 -142.18005    20326  52.8  2  0  5 10 0 0 1 0 1 0 0 1 0 0 1 1 0 0
2014   2 28  7 40 41 905905   -4.06501  -71.67819     4978  88.8  2  0  7 21 0 0 1 1 1 0 0 1 0 1 0 1 0 1
2014   2 28  7 40 43  90208  -12.26295  -72.27480     7629  88.3  2  0  6 15 0 0 0 1 1 0 0 1 0 0 1 1 0 1
2014   2 28  7 40 43 425098  -23.32969  -45.91616     4052  87.7  2  0  7 21 0 0 1 1 1 0 0 1 0 1 1 0 0 1
2014   2 28  7 40 44 555311  -21.23551  -47.17592     4221  79.0  2  0  6 15 0 0 1 1 1 0 0 1 0 0 1 0 0 1
2014   2 28  7 40 46   2541  -16.34514  -52.01812     4710 112.4  2  0  7 19 0 0 1 1 1 0 0 1 0 0 1 1 0 1
2014   2 28  7 40 46 253569  -29.76932  -42.49396     3942  24.9  0  0  5 10 0 0 1 1 1 0 0 1 0 0 0 0 0 1
2014   2 28  7 40 46 262581   -4.30703  -72.53287     3852  12.5  0  0  5 10 0 0 0 0 1 0 0 1 0 1 0 1 0 1
2014   2 28  7 40 46 292033  -29.21741  -42.59041     4490  24.6  0  0  5 10 0 0 0 1 1 0 0 1 0 0 1 0 0 1
2014   2 28  7 40 46 353480   -4.68687  -71.08318     8938 112.8  2  0  7 21 0 0 1 1 1 0 0 1 0 1 1 0 0 1
2014   2 28  7 40 46 429870  -11.72760  -62.84503     8334 109.1  2  0  6 15 0 0 0 1 1 0 0 0 0 1 1 1 0 1
2014   2 28  7 40 46 501901   -4.07142  -71.52713     5400  95.0  2  0  7 21 0 0 1 0 1 0 0 1 0 1 1 1 0 1
2014   2 28  7 40 46 772672   -3.96831  -71.91978     6341 106.7  2  0  6 15 0 0 1 1 1 0 0 1 0 0 1 1 0 0
2014   2 28  7 40 47 321866   -8.14906  159.68066   144379 117.0  2  0  6 15 0 0 1 1 1 0 0 1 0 0 1 0 0 1
2014   2 28  7 40 48    100  -20.59572  -46.48560     3329   2.3  0  0  4  6 0 0 1 0 0 0 0 1 0 1 1 0 0 0
2014   2 28  7 40 48 348815  -34.00540  -39.02071     3386  12.9  0  0  5 10 0 0 1 1 1 0 0 0 0 0 1 0 0 1
2014   2 28  7 40 48 360332  -33.99175  -39.05134     6220  18.1  0  0  5 10 0 0 0 1 1 0 0 1 0 0 1 0 0 1
2014   2 28  7 40 48 736558  -34.28735  -38.99187     2638  10.2  0  0  7 21 0 0 1 0 1 0 0 1 1 1 0 1 0 1
2014   2 28  7 40 48 824186  -33.96698  -39.23624     4431  17.1  0  0  5 10 0 0 1 0 1 0 0 1 0 0 1 0 0 1
2014   2 28  7 40 48 920327  -34.19514  -38.86193     3195  15.6  0  0  6 15 0 0 1 1 1 0 0 1 0 0 1 0 0 1
2014   2 28  7 40 49 260723   23.88775   41.48680    39828  55.5  2  0  5 10 0 0 1 0 1 0 0 1 0 0 1 0 0 1
2014   2 28  7 40 49 409418  -21.34009  -46.15822     2884  12.5  0  0  5  8 0 0 1 0 1 0 0 1 0 0 1 0 0 1
2014   2 28  7 40 49 496451  -21.36674  -46.24313     3226  39.6  0  0  6 15 0 0 1 1 1 0 0 1 0 0 1 0 0 1
2014   2 28  7 40 49 915390    2.40436  -84.51364     3580  19.6  0  0  6 15 0 0 1 1 1 0 0 1 0 0 0 1 0 1
2014   2 28  7 40 50 999866  -21.93516 -140.76503     7669  21.7  0  0  6 15 0 0 1 1 1 0 0 1 0 0 1 1 0 0
2014   2 28  7 40 51   7143  -21.95038 -140.70416     6356  21.1  0  0  7 21 0 0 1 1 1 0 0 1 0 0 1 1 0 1
2014   2 28  7 40 51 197954  -21.37412  -47.37988     3285  62.4  1  0  7 17 0 0 1 1 1 0 0 0 0 1 1 1 0 1
2014   2 28  7 40 51 436018  -21.99379 -140.68904     8253  24.0  0  0  6 15 0 0 1 1 1 0 0 1 0 0 0 1 0 1
2014   2 28  7 40 51 486002  -22.03080 -140.35957     9369  29.4  0  0  6 15 0 0 1 0 1 0 0 1 0 1 1 1 0 0
2014   2 28  7 40 52   3402  -21.16762  -46.38312     3122  24.4  0  0  5 10 0 0 1 1 1 0 0 1 0 0 0 0 0 1
2014   2 28  7 40 52 217051  -21.12897  -46.41488     2881  38.3  0  0  7 20 0 0 1 1 1 0 0 1 0 0 1 1 0 1
2014   2 28  7 40 52 601548    4.27858  -73.31570     3541  23.5  0  0  6 13 0 0 1 1 0 0 0 1 0 0 1 1 0 1
2014   2 28  7 40 52 860238  -25.38896  -44.67290     3049  16.9  0  0  5  9 0 0 1 1 1 0 0 1 0 0 0 0 0 1
2014   2 28  7 40 52 926576  -25.36816  -44.65554     3070  26.3  0  0  6 15 0 0 1 1 1 0 0 1 0 0 1 0 0 1
2014   2 28  7 40 53 125218    2.24651    4.88013    15753   5.1  0  0  4  6 0 0 1 1 0 0 0 1 0 0 1 0 0 0
2014   2 28  7 40 53 640491   -8.22081    9.29199    48860  25.3  1  0  4  6 0 0 1 1 0 0 0 0 0 0 1 0 0 1
2014   2 28  7 40 53 913808   -7.28322    8.21103    13711  36.3  0  0  6 15 0 0 1 1 1 0 0 1 0 0 1 0 0 1
2014   2 28  7 40 53 985070   -7.88180    7.34083    52339  27.2  1  0  4  6 0 0 1 1 0 0 0 0 0 0 1 0 0 1
2014   2 28  7 40 54 468078    5.74061  -72.01878     3729  44.7  0  0  7 21 0 0 1 1 1 0 0 1 0 0 1 1 0 1
2014   2 28  7 40 54 570916    5.64634  -71.45713    10726  40.8  1  0  5 10 0 0 0 0 1 0 0 0 0 1 1 1 0 1
2014   2 28  7 40 55 420616  -14.67021  -44.02185     3635  46.3  1  0  5 10 0 0 1 1 1 0 0 1 0 0 0 0 0 1
2014   2 28  7 40 55 560133  -12.68873  156.94206     9295  54.6  1  0  7 21 0 0 1 0 1 0 0 1 0 1 1 1 0 1
2014   2 28  7 40 55 880281  -19.38954 -144.85551    28979  43.7  1  0  5 10 0 0 0 1 1 0 0 1 0 0 0 1 0 1
2014   2 28  7 40 56 174688  -30.78391 -109.66238     7989  53.9  1  0  7 21 0 0 1 0 1 0 0 1 0 1 1 1 0 1
2014   2 28  7 40 56 318696  -19.30707 -142.49915     9425   3.8  0  0  4  6 0 0 1 0 0 0 0 1 0 0 1 1 0 0
2014   2 28  7 40 56 518692  -21.38068  -46.27916     3691  70.5  2  0  7 19 0 0 1 1 1 0 0 1 0 0 1 1 0 1
2014   2 28  7 40 56 779232  -30.66479 -109.61416     8262  57.3  1  0  7 21 0 0 1 0 1 0 0 1 0 1 1 1 0 1
2014   2 28  7 40 57  55120  -29.57017  -42.65127     3992  37.5  0  0  7 21 0 0 0 1 1 0 0 1 0 1 1 1 0 1
2014   2 28  7 40 58 552028  -20.80876  -47.50264     3562  85.4  2  0  7 21 0 0 1 1 1 0 0 1 0 1 1 0 0 1
2014   2 28  7 40 59 257834   -6.65551  158.03377    68705  22.3  1  0  4  6 0 0 1 1 0 0 0 1 0 0 1 0 0 0
2014   2 28  7 40 59 410365   -9.16648  161.26303    11160  75.2  2  0  7 20 0 0 1 1 1 0 0 1 0 0 1 1 0 1
2014   2 28  7 41  0 134707  -24.76195  -45.40649     4005  73.3  2  0  7 21 0 0 1 1 1 0 0 1 0 0 1 1 0 1
2014   2 28  7 41  0 444697  -24.83483  -45.31173     4278  64.0  2  0  6 15 0 0 1 1 1 0 0 1 0 0 1 0 0 1
2014   2 28  7 41  1 518561    4.56063  -93.38477    20280 104.8  2  0  6 15 0 0 0 1 1 0 0 1 0 0 1 1 0 1
2014   2 28  7 41  1 809488  -30.64457  -42.62378     4886  23.4  0  0  5 10 0 0 0 1 1 0 0 1 0 0 1 0 0 1
2014   2 28  7 41  1 832757  -30.67323  -42.59636     8302  26.8  1  0  4  6 0 0 0 1 0 0 0 1 0 0 1 0 0 1
2014   2 28  7 41  2 894145   -4.21959  -72.47732     6529  29.6  1  0  4  6 0 0 0 0 0 0 0 1 0 1 0 1 0 1
2014   2 28  7 41  3 890011    6.85624  -78.19746     8633 135.4  2  0  7 20 0 0 1 1 0 0 0 1 0 1 1 1 0 1
2014   2 28  7 41  4 232452  -21.35317  -46.17554     2521  13.0  0  0  6 14 0 0 1 1 1 0 0 1 0 1 0 1 0 0
2014   2 28  7 41  4 286373  -21.35273  -46.17459     2377  10.0  0  0  6 15 0 0 1 1 1 0 0 1 0 1 0 0 0 1
2014   2 28  7 41  4 778409  -21.35601  -46.18204     2354  14.1  0  0  7 20 0 0 1 1 1 0 0 1 0 1 0 1 0 1
2014   2 28  7 41  4 937960  -21.35621  -46.17810     2416  11.5  0  0  6 15 0 0 1 1 0 0 0 1 0 1 1 0 0 1
2014   2 28  7 41  5  24497  -21.36235  -46.17598     2325  13.4  0  0  7 21 0 0 1 1 1 0 0 1 0 1 1 0 0 1
2014   2 28  7 41  5 271481  -13.31563  -39.72749     3618  26.7  0  0  6 12 0 0 1 1 1 0 0 1 0 0 1 0 0 1
2014   2 28  7 41  5 372766   -9.38459  161.50410     6807  22.2  0  0  6 15 0 0 1 1 1 0 0 1 0 0 1 1 0 0
2014   2 28  7 41  5 921969  -21.24256  -46.42044     2539  27.4  0  0  7 21 0 0 0 1 1 0 0 1 0 1 1 1 0 1
2014   2 28  7 41  6 276966   29.43229 -127.46966    23604  13.8  0  0  4  6 0 0 1 1 0 0 0 0 0 0 1 0 0 1
2014   2 28  7 41  7 288579  -20.45033  -46.17334     2786  23.4  0  0  6 15 0 0 1 1 1 0 0 1 0 0 1 0 0 1
2014   2 28  7 41  7 873433  -30.07983  -41.67891     2835  20.2  0  0  7 21 0 0 1 1 1 0 0 1 0 1 1 0 0 1
2014   2 28  7 41  8 399382    4.99300  -84.64692     5819  32.9  0  0  6 15 0 0 0 1 0 0 0 1 0 1 1 1 1 0
2014   2 28  7 41  8 427351    4.95002  -84.10339     4822  46.4  0  0  7 21 0 0 1 1 1 0 0 1 0 0 1 1 0 1
2014   2 28  7 41  8 460966    4.87826  -84.05206     4141  33.4  0  0  7 21 0 0 1 0 1 0 0 1 0 1 1 1 0 1
2014   2 28  7 41  8 504291    4.92214  -84.23195     4330  39.0  0  0  7 21 0 0 1 1 0 0 0 1 0 1 1 1 0 1
2014   2 28  7 41  8 565728    4.87458  -84.06306     4219  34.7  0  0  7 21 0 0 1 0 1 0 0 1 0 1 1 1 0 1
2014   2 28  7 41  8 670540    4.90275  -84.10957     4561  40.2  0  0  7 21 0 0 1 1 1 0 0 0 0 1 1 1 0 1
2014   2 28  7 41  8 762918    4.31957  153.06413    14188  34.4  1  0  5 10 0 0 1 1 0 0 0 0 0 0 1 1 0 1
2014   2 28  7 41  9 109278  -10.56648  -57.63684     3138  40.7  0  0  7 21 0 0 1 0 1 0 0 1 0 1 1 1 0 1
2014   2 28  7 41  9 215579  -21.59845 -141.80988     7320   9.0  0  0  5 10 0 0 1 1 0 0 0 1 0 0 1 1 0 0
2014   2 28  7 41  9 240664  -21.81166 -140.24184    11475  23.0  0  0  5 10 0 0 1 0 1 0 0 0 0 0 1 1 0 1
2014   2 28  7 41  9 733726  -10.73392  -57.63420     3614  47.9  1  0  6 13 0 0 1 1 1 0 0 1 0 0 1 1 0 0
2014   2 28  7 41  9 938893  -33.58547   18.32047    18777  37.4  1  0  5 10 0 0 1 1 0 0 0 1 0 0 1 0 0 1
2014   2 28  7 41  9 999464  -14.45369  161.93031    12164  38.8  1  0  5 10 0 0 0 1 0 0 0 1 0 0 1 1 0 1
2014   2 28  7 41 10 267042   -8.24498    6.84910    57515  31.3  1  0  4  6 0 0 1 1 0 0 0 0 0 0 1 0 0 1
2014   2 28  7 41 11   5226  -21.37168  -46.22407     5242  50.8  2  0  5  9 0 0 1 1 1 0 0 1 0 0 1 0 0 0
2014   2 28  7 41 11 213157    6.96920  -74.94940    14330  61.8  2  0  5  9 0 0 0 1 1 0 0 0 0 0 1 1 0 1
2014   2 28  7 41 11 378693    6.99644  -74.63165     7640  54.6  2  0  5  9 0 0 1 1 0 0 0 0 0 0 1 1 0 1
2014   2 28  7 41 11 553149  -20.81285  -46.65263     3353  67.2  1  0  7 20 0 0 1 1 0 0 0 1 0 1 1 1 0 1
2014   2 28  7 41 12 407447  -21.09168  -47.17372     2878  37.3  0  0  7 21 0 0 1 1 0 0 0 1 0 1 1 1 1 0
2014   2 28  7 41 12 422492  -21.33763  -46.80532     3581  53.9  1  0  6 15 0 0 0 1 1 0 0 1 0 0 1 0 1 1
2014   2 28  7 41 12 477389  -11.78387  -72.93742     5140  63.5  2  0  6 14 0 0 1 1 1 0 0 0 0 0 1 1 0 1
2014   2 28  7 41 12 517601  -11.80183  -73.00632     4187  70.6  2  0  7 21 0 0 1 1 1 0 0 1 0 0 1 1 0 1
2014   2 28  7 41 12 601246  -30.30404  -41.93465     3374  13.7  0  0  5 10 0 0 1 1 1 0 0 1 0 0 0 0 0 1
2014   2 28  7 41 12 615612  -30.39902  -41.55913     5892  46.7  1  0  5 10 0 0 1 1 0 0 0 1 0 0 1 0 0 1
2014   2 28  7 41 12 628642  -30.30050  -41.93225     3420  14.6  0  0  5 10 0 0 1 1 1 0 0 1 0 0 0 0 0 1
2014   2 28  7 41 13 356644   -9.27495  161.30759    10195  66.9  1  0  7 21 0 0 1 1 1 0 0 1 0 0 1 1 0 1
2014   2 28  7 41 13 517544  -12.49930  165.83234    36237  52.4  1  0  6 15 0 0 1 0 1 0 0 1 0 1 1 0 0 1
2014   2 28  7 41 13 883090  -14.69277  -44.04410     3543  65.6  2  0  6 15 0 0 0 1 1 0 0 1 0 1 1 0 0 1
2014   2 28  7 41 14 518819  -21.15633  -47.25428     4593  96.7  2  0  6 15 0 0 1 1 1 0 0 0 0 1 1 1 0 0
2014   2 28  7 41 15  18710  -15.99213  -51.61827     3933  83.2  2  0  7 20 0 0 1 0 1 0 0 1 0 1 1 1 0 1
2014   2 28  7 41 15 462476  -29.36859  -42.41084     4160  19.2  0  0  5 10 0 0 0 1 1 0 0 1 0 0 1 0 0 1
2014   2 28  7 41 15 504009  -29.86984  -41.98040     4905  63.5  1  0  7 19 0 0 1 1 1 0 0 1 0 0 1 1 0 1
2014   2 28  7 41 16 280527  -10.38084  162.49217    20328  91.7  2  0  7 21 0 0 1 1 1 0 0 0 0 1 1 1 0 1
2014   2 28  7 41 16 784180  -22.67902  -45.89207     4610 125.3  2  0  7 21 0 0 1 1 1 0 0 1 0 0 1 1 0 1
2014   2 28  7 41 16 887397   21.31814 -121.68032    29855  27.9  1  0  4  6 0 0 0 1 0 0 0 1 0 0 1 1 0 0
2014   2 28  7 41 18 561186  -22.25164 -140.36310    31168  84.3  2  0  5 10 0 0 1 0 1 0 0 1 0 0 0 1 0 1
2014   2 28  7 41 18 968715   -0.79777   -9.21641    43029 113.6  2  0  6 15 0 0 1 1 1 0 0 1 0 0 1 0 0 1
2014   2 28  7 41 18 994159  -16.36421  -52.56643     5823  62.1  2  0  5  8 0 0 0 1 0 0 0 1 0 1 1 1 0 0
2014   2 28  7 41 19 643888   -1.44917  150.42401    15051 125.8  2  0  7 21 0 0 1 1 1 0 0 0 0 1 1 1 1 0
2014   2 28  7 41 19 801698   -1.29597  149.95198    13033 102.2  2  0  6 14 0 0 1 1 1 0 0 1 0 0 1 1 0 0
2014   2 28  7 41 19 870943   -2.02761  152.29585    21339 109.6  2  0  6 15 0 0 1 1 1 0 0 0 0 1 0 1 0 1
2014   2 28  7 41 20 911415  -32.97155   20.51240    10364   7.4  0  0  5 10 0 0 1 1 1 0 0 0 0 0 1 0 0 1
2014   2 28  7 41 21 758891  -19.90592 -141.16472    11526   1.6  0  0  5 10 0 0 1 1 0 0 0 1 0 0 1 0 0 1
2014   2 28  7 41 21 784311   18.68806  -91.81505     8338  40.2  1  0  6 12 0 0 1 0 1 0 0 1 0 0 1 1 0 1
2014   2 28  7 41 22 290168  -25.34933  -44.61010     2739  15.3  0  0  6 15 0 0 1 1 1 0 0 1 0 0 0 1 0 1
2014   2 28  7 41 22 348238  -25.34599  -44.59007     2482  13.0  0  0  7 20 0 0 1 1 1 0 0 1 0 1 1 0 0 1
2014   2 28  7 41 22 500495  -24.75070  -45.00850     4913  83.8  2  0  7 19 0 0 1 1 1 0 0 1 0 0 1 1 0 1
2014   2 28  7 41 22 549655   -4.26663  -71.37077     3525  19.6  0  0  7 21 0 0 1 1 1 0 0 1 0 1 1 0 0 1
2014   2 28  7 41 22 703401   -4.13270  -71.54493     3976  14.3  0  0  5 10 0 0 0 1 1 0 0 0 0 0 1 1 0 1
2014   2 28  7 41 22 816884  -19.71842 -141.74686     9298   3.1  0  0  4  6 0 0 1 0 0 0 0 1 0 0 1 1 0 0
2014   2 28  7 41 23  44389   -4.12820  -71.50399     2973  17.3  0  0  6 15 0 0 1 1 1 0 0 0 0 0 1 1 0 1
2014   2 28  7 41 23 155894   -4.16500  -71.61864     3285  24.6  0  0  7 21 0 0 0 1 1 0 0 1 0 1 1 1 0 1
2014   2 28  7 41 23 385840  -21.73405 -141.28444     9270  11.5  0  0  5  9 0 0 1 1 0 0 0 0 0 0 1 1 0 1
2014   2 28  7 41 24 499320  -32.72499   17.74345    19570  26.8  0  0  5 10 0 0 1 1 1 0 0 0 0 0 1 0 0 1
2014   2 28  7 41 24 800449  -18.86374 -142.57977     7231   9.4  0  0  5 10 0 0 1 1 0 0 0 1 0 0 1 1 0 0
2014   2 28  7 41 24 862554   -9.50287  161.62415     7239  29.3  0  0  6 15 0 0 1 1 1 0 0 1 0 0 0 1 0 1
2014   2 28  7 41 25 236504  -22.46411 -140.82982    12531  25.1  0  0  5 10 0 0 1 1 0 0 0 0 0 0 1 1 0 1
2014   2 28  7 41 25 471259  -18.99824 -142.27864    16170  38.0  1  0  5 10 0 0 1 1 1 0 0 0 0 0 1 1 0 0
2014   2 28  7 41 25 948443   -1.28946  -71.45443     6678  47.4  1  0  6 15 0 0 1 1 1 0 0 1 0 1 0 0 0 1
2014   2 28  7 41 25 994013   -1.00206  -72.10394     4035  16.4  0  0  5 10 0 0 0 0 1 0 0 1 0 1 0 1 0 1
2014   2 28  7 41 26 434518   -1.00919  -72.05045     4717  51.3  1  0  7 21 0 0 0 1 1 0 0 0 0 1 1 1 1 1
2014   2 28  7 41 26 561040   -0.97686  -71.63866     3693  45.9  0  0  7 21 0 0 1 0 1 0 0 1 0 1 1 1 0 1
2014   2 28  7 41 26 602028   -0.97845  -71.63835     3681  46.0  0  0  7 21 0 0 1 0 1 0 0 1 0 1 1 1 0 1
2014   2 28  7 41 27 291983   -4.45217  -71.78569     3801  52.1  1  0  7 21 0 0 1 0 1 0 0 1 0 1 1 1 0 1
2014   2 28  7 41 27 628184   -9.65481  161.85518   108738  58.5  2  0  5 10 0 0 1 1 1 0 0 1 0 0 0 0 0 1
2014   2 28  7 41 28 264340   -5.18737  -72.76035     5198  63.9  2  0  6 14 0 0 1 1 1 0 0 1 0 0 1 1 0 0
2014   2 28  7 41 28 356740   -4.59714  -72.45666     4043  25.9  0  0  5  8 0 0 1 1 0 0 0 1 0 0 1 1 0 0
2014   2 28  7 41 29 840364   -9.23920  159.54636     8937  28.6  0  0  5 10 0 0 1 1 0 0 0 1 0 0 1 1 0 0
2014   2 28  7 41 30 504002    6.95223  150.90736    10120  74.3  2  0  7 21 0 0 1 0 1 0 0 1 0 1 1 1 0 1
2014   2 28  7 41 30 534317    7.16663  149.80571    14951  74.9  2  0  5 10 0 0 1 1 1 0 0 1 0 0 0 1 0 0
2014   2 28  7 41 30 572823    7.21532  149.70421     8559  48.8  1  0  6 15 0 0 1 1 0 0 0 1 0 0 1 1 0 1
2014   2 28  7 41 31  25539  -30.34988  -41.74842     5814  66.0  2  0  6 15 0 0 1 1 1 0 0 1 0 0 1 0 0 1
2014   2 28  7 41 31 584134  -34.03282  -38.56879     7388  74.3  2  0  6 15 0 0 1 1 1 0 0 1 0 0 1 0 0 1
2014   2 28  7 41 31 757113  -10.83707  -56.95189     4688 104.4  2  0  7 21 0 0 1 1 1 0 0 0 0 1 1 1 0 1
2014   2 28  7 41 31 783118  -21.44000  -46.35527     3815  70.8  2  0  6 14 0 0 1 1 1 0 0 1 0 1 0 0 0 1
2014   2 28  7 41 31 861805  -21.44835  -46.21279     4576  77.3  2  0  6 12 0 0 1 1 1 0 0 1 0 0 1 0 0 1
2014   2 28  7 41 33 924120   -4.17917  -72.21881     7959 118.3  2  0  7 21 0 0 0 1 1 0 0 1 0 1 1 1 0 1
2014   2 28  7 41 34  11533  -23.36782  -45.91040     5798 109.5  2  0  6 15 0 0 1 1 1 0 0 1 0 0 1 0 0 1
2014   2 28  7 41 34  91640  -23.36579  -46.01168     5366 109.5  2  0  6 14 0 0 1 1 1 0 0 1 0 1 0 0 0 1
2014   2 28  7 41 34 222193  -23.37863  -45.90361     5859 111.0  2  0  6 15 0 0 1 1 1 0 0 1 0 0 1 0 0 1
2014   2 28  7 41 35 170189  -13.03526  -71.29626     8362 132.0  2  0  7 20 0 0 1 1 1 0 0 1 0 1 1 0 0 1
2014   2 28  7 41 35 252312  -12.64258  -71.57698     5235 108.3  2  0  7 21 0 0 1 0 1 0 0 1 0 1 1 1 0 1
2014   2 28  7 41 36 480610    4.98815  -72.61444     3574  24.9  0  0  6 14 0 0 1 1 1 0 0 1 0 0 1 1 0 0
2014   2 28  7 41 36 724532    0.32820    0.94745    13254  17.2  0  0  5 10 0 0 1 1 1 0 0 1 0 0 0 0 0 1
2014   2 28  7 41 37 618162    0.87204    2.02914    11798  37.1  0  0  6 13 0 0 1 1 1 0 0 1 0 0 0 1 0 1
2014   2 28  7 41 37 704620    4.26530  -84.33312     6268   4.8  0  0  4  6 0 0 0 1 0 0 0 0 0 0 1 1 0 1
2014   2 28  7 41 38 368597  -23.53861  -45.73208     3543  36.7  0  0  6 15 0 0 1 1 1 0 0 1 0 0 1 0 0 1
2014   2 28  7 41 38 404222  -23.48853  -45.76973     3032  37.4  0  0  7 20 0 0 0 1 1 0 0 1 0 1 1 1 0 1
2014   2 28  7 41 38 801419  -16.51653  -51.78188     2769  33.6  0  0  7 21 0 0 1 1 1 0 0 1 0 1 1 0 0 1
2014   2 28  7 41 39 310448  -20.96317  -47.15958     2961  20.1  0  0  6 11 0 0 1 1 1 0 0 0 0 0 1 1 0 1
2014   2 28  7 41 39 389146  -21.01678  -47.11831     3094  41.7  1  0  6 15 0 0 0 1 1 0 0 1 0 0 1 1 0 1
2014   2 28  7 41 39 785578   -4.94533   11.99193    29099  18.1  0  0  5 10 0 0 1 1 1 0 0 0 0 0 1 0 0 1
2014   2 28  7 41 40 118085  -21.24731  -46.74065     3225  47.4  1  0  6 15 0 0 0 1 1 0 0 1 0 0 1 1 0 1
2014   2 28  7 41 40 125781   34.75519 -173.73596    20508  80.4  2  0  6 15 0 0 1 1 1 0 0 1 0 0 1 1 0 0
2014   2 28  7 41 40 195592  -21.33552  -46.83246     3508  47.2  1  0  6 11 0 0 0 1 1 0 0 1 0 1 0 1 0 1
2014   2 28  7 41 40 498516   23.55710  -84.36063     8899  49.2  0  0  7 20 0 0 1 1 1 0 0 1 0 0 1 1 0 1
2014   2 28  7 41 40 844996    2.43005  -84.27473     4698  34.9  0  0  6 15 0 0 1 1 1 0 0 0 0 0 1 1 0 1
2014   2 28  7 41 42 705561  -24.56683  -44.99042     5232  61.6  2  0  5 10 0 0 1 1 1 0 0 1 0 0 0 0 0 1
2014   2 28  7 41 42 914032  -30.58790  -41.08344     6779  59.5  2  0  5 10 0 0 1 1 1 0 0 1 0 0 0 0 0 1
2014   2 28  7 41 42 968737  -30.64160  -41.07191     6924  61.0  2  0  5 10 0 0 1 1 1 0 0 1 0 0 0 0 0 1
2014   2 28  7 41 43 583711   -0.97578   -2.91499    34176  65.8  2  0  5 10 0 0 1 1 1 0 0 1 0 0 1 0 0 0
2014   2 28  7 41 43 601263   -0.40739   -1.38982    24207  42.6  1  0  5 10 0 0 1 0 1 0 0 1 0 0 1 0 0 1
2014   2 28  7 41 43 622367   -0.85711   -2.70094    35191  65.9  2  0  5 10 0 0 1 1 0 0 0 1 0 0 1 0 0 1
2014   2 28  7 41 44 267574    6.79329  -73.61710     6535  77.6  2  0  6 15 0 0 1 1 0 0 0 1 0 0 1 1 0 1
2014   2 28  7 41 44 654252  -25.01438  -44.73499     3974  71.5  2  0  7 20 0 0 1 1 1 0 0 1 0 1 1 0 0 1
2014   2 28  7 41 45  74499  -10.49751  178.78308    32081  34.3  1  0  5 10 0 0 1 1 1 0 0 1 0 0 0 0 0 1
2014   2 28  7 41 45 274745  -21.84715 -139.60017     7619  11.0  0  0  5 10 0 0 1 0 1 0 0 0 0 1 0 1 0 1
2014   2 28  7 41 45 301232  -21.82891 -140.48265    17626  87.1  2  0  7 21 0 0 1 1 1 0 0 1 0 0 1 1 0 1
2014   2 28  7 41 45 389356  -21.81252 -140.84363    17988  65.4  2  0  6 15 0 0 1 0 1 0 0 1 0 1 0 1 0 1
2014   2 28  7 41 45 531988  -21.84490 -139.63029     8637  10.9  0  0  5  9 0 0 1 0 1 0 0 0 0 1 0 1 0 1
2014   2 28  7 41 46 306098  -19.75044 -134.16170    28486  33.9  1  0  5 10 0 0 0 1 1 0 0 0 0 1 1 1 0 0
2014   2 28  7 41 46 405115  -23.40180  -45.60813     5604  86.6  2  0  6 15 0 0 1 1 1 0 0 1 0 0 1 0 0 1
2014   2 28  7 41 47 110829  -30.51643  -40.89199     5617  74.7  2  0  6 15 0 0 1 1 1 0 0 1 0 0 1 0 0 1
2014   2 28  7 41 47 371692  -18.81786  174.55449    73225  39.4  1  0  5 10 0 0 1 1 1 0 0 1 0 0 0 0 0 1
2014   2 28  7 41 47 516658   -9.07923  160.83478    12692  69.3  2  0  6 15 0 0 1 0 1 0 0 1 0 0 1 1 0 1
2014   2 28  7 41 47 628417  -31.51734 -105.49078    16469  54.4  1  0  6 15 0 0 1 1 1 0 0 1 0 1 0 0 0 1
2014   2 28  7 41 47 672892  -16.88025  171.90056   109475  94.0  2  0  6 15 0 0 1 1 1 0 0 1 0 0 1 0 0 1
2014   2 28  7 41 47 898181  -20.70437  -47.17184     4782  86.3  2  0  6 14 0 0 1 0 1 0 0 1 0 0 1 1 0 1
2014   2 28  7 41 47 907096  -21.37543  -45.85964     4214  69.7  2  0  6 15 0 0 1 1 1 0 0 1 0 0 1 0 0 1
2014   2 28  7 41 47 934364   -9.16156  160.84105    15321 107.3  2  0  7 21 0 0 1 1 1 0 0 1 0 0 1 1 0 1
2014   2 28  7 41 48 135699  -20.72962  -46.94025     3909  59.1  1  0  6 14 0 0 1 1 1 0 0 1 0 0 1 0 0 1
2014   2 28  7 41 49 270174  -24.36550 -175.34969    32063 125.9  2  0  7 20 0 0 1 1 0 0 0 1 0 1 1 1 0 1
2014   2 28  7 41 49 313607  -32.88700 -158.92929    81598  51.9  2  0  5 10 0 0 1 1 1 0 0 1 0 0 0 0 0 1
2014   2 28  7 41 49 363326  -29.14663 -149.36296    71120  39.5  1  0  5 10 0 0 0 1 1 0 0 0 0 0 1 1 0 1
2014   2 28  7 41 49 381801  -24.06133 -175.77846    30859  92.8  2  0  6 15 0 0 1 0 0 0 0 1 0 1 1 1 0 1
2014   2 28  7 41 49 381902   10.87599  151.20123    15590  82.1  2  0  6 15 0 0 1 1 1 0 0 1 0 0 1 0 0 1
2014   2 28  7 41 49 638759    7.62409  -82.55917    14876  78.7  2  0  6 15 0 0 1 0 1 0 0 1 0 1 1 0 0 1
2014   2 28  7 41 50 385599  -18.69493 -130.71266    19645  21.6  0  0  5 10 0 0 0 1 1 0 0 0 0 0 1 1 0 1
2014   2 28  7 41 51 723815  -14.71483  -43.43802     3587  65.7  2  0  6 15 0 0 1 1 1 0 0 1 0 0 1 0 0 1
2014   2 28  7 41 52  98468    5.94048  151.06406     6534  25.8  0  0  6 15 0 0 1 1 0 0 0 1 0 0 1 1 0 1
2014   2 28  7 41 53 720014  -11.69457  163.11758    64730  16.1  0  0  4  6 0 0 1 1 0 0 0 1 0 0 1 0 0 0
2014   2 28  7 41 53 810815  -33.53245   17.71520    19433   8.2  0  0  5 10 0 0 0 1 1 0 0 1 0 0 1 0 0 1
2014   2 28  7 41 54 108767  -30.17272  -41.55412     2710  16.8  0  0  7 21 0 0 1 1 1 0 0 1 0 1 1 0 0 1
2014   2 28  7 41 54 133883  -30.16879  -41.58550     2886  14.2  0  0  6 15 0 0 1 1 1 0 0 1 0 1 0 0 0 1
2014   2 28  7 41 54 495415  -30.16211  -41.55238     3111  27.0  0  0  7 20 0 0 1 1 1 0 0 1 0 0 1 1 0 1
2014   2 28  7 41 54 579907   -4.11137  -71.60071     3830  16.6  0  0  5 10 0 0 0 0 1 0 0 1 0 0 1 1 0 1
2014   2 28  7 41 54 607912  -30.05751  -41.64845     4399   6.9  0  0  4  6 0 0 0 1 0 0 0 0 0 1 1 0 0 1
2014   2 28  7 41 54 613543   -4.12146  -71.61646     3073  17.7  0  0  7 21 0 0 0 1 1 0 0 1 0 1 1 1 0 1
2014   2 28  7 41 54 637855   -4.09350  -71.52817     2665  16.6  0  0  7 21 0 0 1 1 1 0 0 1 0 0 1 1 0 1
2014   2 28  7 41 54 705290   -4.11918  -71.61257     3093  18.3  0  0  7 21 0 0 0 1 1 0 0 1 0 1 1 1 0 1
2014   2 28  7 41 54 750502  -30.16636  -41.56407     3912  16.7  0  0  4  6 0 0 1 1 0 0 0 0 0 1 1 0 0 0
2014   2 28  7 41 54 800498  -30.17566  -41.54876     3143  17.4  0  0  6 14 0 0 1 1 1 0 0 1 0 0 1 0 0 1
2014   2 28  7 41 55  75599  -30.23130  -41.34108     4461  51.2  1  0  6 15 0 0 1 1 1 0 0 0 0 1 1 0 0 1
2014   2 28  7 41 55 133672  -30.17249  -41.48195     4034  13.2  0  0  4  6 0 0 1 1 0 0 0 0 0 0 1 0 0 1
2014   2 28  7 41 55 262738  -30.25751  -41.51221     3145  19.3  0  0  6 15 0 0 1 1 1 0 0 1 0 0 1 0 0 1
2014   2 28  7 41 55 338011   -7.74099  -39.00808     4995  34.2  0  0  6 14 0 0 0 1 1 0 0 1 0 0 1 1 0 1
2014   2 28  7 41 55 481096    8.07866  -82.51380     4322  24.1  0  0  6 15 0 0 1 0 1 0 0 1 0 0 1 1 0 1
2014   2 28  7 41 56  49284  -13.03930  157.12657     5456  23.9  0  0  7 21 0 0 1 1 1 0 0 1 0 0 1 1 0 1
2014   2 28  7 41 56 540710  -21.43279  -46.15522     2637  19.2  0  0  6 15 0 0 1 1 1 0 0 1 0 0 1 0 0 1
2014   2 28  7 41 56 709721  -21.43385  -46.17332     3323  24.2  0  0  5  9 0 0 0 1 1 0 0 1 0 0 1 0 0 1
2014   2 28  7 41 56 807192  -21.42604  -46.17850     2918  20.6  0  0  5 10 0 0 0 1 1 0 0 1 0 0 1 0 0 1
2014   2 28  7 41 57 773209  -27.57372  -81.46821    25527  46.2  1  0  5 10 0 0 0 1 0 0 0 1 0 1 1 0 0 1
2014   2 28  7 41 57 798544  -22.79713  -45.74195     3051  33.8  0  0  6 15 0 0 1 1 1 0 0 1 0 0 1 0 0 1
2014   2 28  7 41 58 221064  -22.73798  -45.55026     3623  40.5  1  0  5 10 0 0 0 1 1 0 0 1 0 0 1 0 0 1
2014   2 28  7 41 58 585923   -0.62154    6.42914    21811  35.4  1  0  5 10 0 0 1 1 1 0 0 1 0 0 1 0 0 0
2014   2 28  7 41 59 472519   -7.19045    9.27958    15189  41.1  1  0  6 15 0 0 1 1 1 0 0 1 0 0 1 0 0 1
2014   2 28  7 41 59 776515  -25.28778  -44.74509     3215  39.4  0  0  7 19 0 0 1 1 1 0 0 1 0 1 1 0 0 1
2014   2 28  7 41 59 794453  -25.29113  -44.74113     3568  39.8  0  0  6 14 0 0 1 1 1 0 0 1 0 0 1 0 0 1
2014   2 28  7 41 59 823648  -25.28471  -44.74836     3204  39.5  0  0  7 19 0 0 1 1 1 0 0 1 0 1 1 0 0 1
2014   2 28  7 41 59 917830  -25.33797  -44.78027     3165  29.9  0  0  6 13 0 0 1 1 1 0 0 1 0 1 0 0 0 1
2014   2 28  7 42  0 513814  -25.15437  -44.76138     4183  59.0  1  0  7 19 0 0 1 1 1 0 0 1 0 0 1 1 0 1
2014   2 28  7 42  2 318739    6.96232  -74.58816     6419  63.9  2  0  6 15 0 0 1 0 1 0 0 1 0 1 0 1 0 1
2014   2 28  7 42  2 706959    5.10796  -84.60271     7309  91.4  2  0  7 21 0 0 1 1 1 0 0 1 0 1 1 1 0 0
2014   2 28  7 42  2 870779    5.23091  -84.77908     7097  65.7  2  0  6 15 0 0 1 1 0 0 0 1 0 0 1 1 0 1
2014   2 28  7 42  3 945121   -5.88146  155.94467    16702  55.8  2  0  5  9 0 0 1 0 0 0 0 1 0 0 1 1 0 1
2014   2 28  7 42  4  53286    8.80054  141.19463     6699  10.5  0  0  4  6 0 0 1 0 0 0 0 1 0 1 1 0 0 0
2014   2 28  7 42  4 366599  -30.45705  -41.27661     7982  56.1  2  0  5 10 0 0 1 0 1 0 0 1 0 0 1 0 0 1
2014   2 28  7 42  4 375594  -30.33065  -42.05807     3891   9.3  0  0  4  6 0 0 1 1 1 0 0 1 0 0 0 0 0 0
2014   2 28  7 42  4 712987   -6.87083  -74.82244     5105  91.7  2  0  7 21 0 0 1 1 1 0 0 1 0 0 1 1 0 1
2014   2 28  7 42  5 337979  -30.41417  -41.89853     4922  76.6  2  0  7 21 0 0 1 1 1 0 0 1 0 1 1 0 0 1
2014   2 28  7 42  6 294132   -2.58423  -72.61710     5194  98.2  2  0  7 21 0 0 1 1 1 0 0 1 0 0 1 1 0 1
2014   2 28  7 42  7 583080  -33.70152  -38.82769     8622  94.3  2  0  6 15 0 0 1 1 1 0 0 1 0 0 1 0 0 1
2014   2 28  7 42  8 374524  -21.22303  -46.40096     2379  10.8  0  0  7 18 0 0 1 1 1 0 0 1 0 1 1 0 0 1
2014   2 28  7 42  8 608632  -34.12349  -38.09244     4322  19.4  0  0  5 10 0 0 1 1 1 0 0 1 0 0 0 0 0 1
2014   2 28  7 42  8 716867    5.93568  -77.20626     4588   9.5  0  0  6 15 0 0 1 1 1 0 0 1 0 0 1 0 0 1
2014   2 28  7 42  9 507962  -22.73977  -45.53508     2576   5.9  0  0  5 10 0 0 1 1 1 0 0 1 0 0 0 0 0 1
2014   2 28  7 42  9 509045   18.44063  -91.65605    10470  14.6  0  0  5  7 0 0 1 1 0 0 0 1 0 0 1 1 0 0
2014   2 28  7 42  9 552516   18.56059  -91.72234     7892  17.2  0  0  5  8 0 0 1 1 0 0 0 1 0 0 1 1 0 0
2014   2 28  7 42  9 799587   19.25380  -92.49577    10399  72.5  2  0  6 11 0 0 1 1 0 0 0 1 0 0 1 1 0 1
2014   2 28  7 42  9 940400   -7.73914   10.21643     9072   7.8  0  0  5 10 0 0 1 1 1 0 0 1 0 0 1 0 0 0
2014   2 28  7 42 11 322107  -12.25736  -71.74715     3451  31.0  0  0  6 14 0 0 1 1 0 0 0 1 0 1 1 1 0 0
2014   2 28  7 42 11 412146  -12.33012  -71.78741     4718  32.9  0  0  6 15 0 0 0 0 1 0 0 1 0 1 1 1 0 1
2014   2 28  7 42 11 455399  -12.34265  -71.85725     3858  33.0  0  0  7 21 0 0 0 1 1 0 0 1 0 1 1 1 0 1
2014   2 28  7 42 11 487745  -12.26656  -71.66631     2938  29.4  0  0  7 21 0 0 1 1 1 0 0 0 0 1 1 1 0 1
2014   2 28  7 42 12 151465  -12.27557  -71.74332     3029  32.7  0  0  7 21 0 0 1 1 1 0 0 1 0 0 1 1 0 1
2014   2 28  7 42 12 259515  -12.37939  -71.60921     4767  20.3  0  0  5  9 0 0 1 1 1 0 0 1 0 0 1 0 0 0
2014   2 28  7 42 12 558572  -12.26912  -71.67515     3835  38.3  0  0  6 14 0 0 1 0 0 0 0 1 0 1 1 1 0 1
2014   2 28  7 42 12 866397  -12.22672  -71.57240     6092  88.4  2  0  7 21 0 0 0 1 0 0 0 1 0 1 1 1 1 1
2014   2 28  7 42 13 159439  -23.31869  -45.85326     3201  41.6  1  0  6 15 0 0 1 1 0 0 0 0 0 1 1 1 0 1
2014   2 28  7 42 13 169837  -23.43840  -45.77010     4189  44.6  1  0  5 10 0 0 1 1 1 0 0 1 0 0 0 0 0 1
2014   2 28  7 42 14 302796    7.32101  -78.78041     5138  57.2  1  0  7 21 0 0 1 1 1 0 0 1 0 1 0 1 0 1
2014   2 28  7 42 14 330190    7.44504  -79.12394     6852  42.3  1  0  6 15 0 0 0 1 1 0 0 1 0 0 1 1 0 1
2014   2 28  7 42 14 704842  -10.06139  160.71408     8863  48.2  0  0  7 21 0 0 1 1 1 0 0 1 0 1 0 1 0 1
2014   2 28  7 42 14 718009   -9.50847  159.91386     9790  40.8  1  0  5  7 0 0 1 1 1 0 0 1 0 0 0 1 0 0
2014   2 28  7 42 15 124587   -9.30871  161.31343    10889  42.7  1  0  6 11 0 0 1 1 0 0 0 1 0 0 1 1 0 1
2014   2 28  7 42 15 287102   -9.35828  161.40796     8416  38.8  0  0  6 15 0 0 1 1 1 0 0 1 0 0 1 1 0 0
2014   2 28  7 42 15 697143  -33.59863  -41.01521     5174  50.0  1  0  6 15 0 0 1 1 1 0 0 1 0 0 1 0 0 1
2014   2 28  7 42 15 707098  -33.60197  -41.00145     5260  48.9  1  0  6 14 0 0 1 1 1 0 0 1 0 0 1 0 0 1
2014   2 28  7 42 15 850206  -33.59669  -40.96116     5957  46.9  1  0  5 10 0 0 1 1 1 0 0 1 0 0 1 0 0 0
2014   2 28  7 42 16 607069  -25.73455  -44.56314     4355  40.0  1  0  5  9 0 0 1 1 1 0 0 0 0 0 1 0 0 1
2014   2 28  7 42 16 949487   -0.92224  -72.15309     5617  69.7  1  0  7 21 0 0 0 1 1 0 0 1 0 1 1 1 0 1
2014   2 28  7 42 17 340394    4.71935  -73.59974     4984  67.5  1  0  7 19 0 0 1 1 1 0 0 1 0 0 1 1 0 1
2014   2 28  7 42 17 570850    2.82774  -85.20570     5100  24.8  0  0  5  8 0 0 1 1 0 0 0 1 0 0 1 1 0 0
2014   2 28  7 42 20  16255  -21.36921  -46.96552     4043  67.9  2  0  6 14 0 0 1 1 1 0 0 1 0 0 1 0 0 1
2014   2 28  7 42 20 190666  -30.28520  -42.06903     6076 105.1  2  0  7 21 0 0 1 1 1 0 0 1 0 0 1 0 1 1
2014   2 28  7 42 20 841483  -23.31664  -46.15105     3752  77.8  2  0  7 20 0 0 1 1 0 0 0 1 0 1 1 1 0 1
2014   2 28  7 42 20 886804  -23.62592  -45.39841     3863   1.0  0  0  4  6 0 0 1 0 0 0 0 1 0 0 1 0 0 1
2014   2 28  7 42 20 957619  -32.94994  -40.53031     7285  82.5  2  0  6 15 0 0 1 1 1 0 0 1 0 0 1 0 0 1
2014   2 28  7 42 21 775710   -7.45264  -60.36470     4494  86.3  2  0  6 15 0 0 1 1 0 0 0 1 0 0 1 1 0 1
2014   2 28  7 42 24 375866  -22.07700  -45.99546     3006  41.3  0  0  7 19 0 0 1 1 0 0 0 1 0 1 1 1 0 1
2014   2 28  7 42 24 403049  -22.14236  -45.87391     2833  18.0  0  0  5 10 0 0 0 1 1 0 0 1 0 0 1 0 0 1
2014   2 28  7 42 25 126510    2.52584  -17.32113    11873  31.1  1  0  5  7 0 0 0 1 1 0 0 1 0 0 0 1 0 1
2014   2 28  7 42 25 603425  -16.56803  -51.85059     2589  21.3  0  0  7 20 0 0 1 1 1 0 0 1 0 1 1 0 0 1
2014   2 28  7 42 25 703039   -4.64838  -71.70560     3495  25.4  0  0  7 21 0 0 0 1 1 0 0 1 0 1 1 1 0 1
2014   2 28  7 42 25 965829  -19.74520 -142.44054    21498  30.6  1  0  5 10 0 0 0 1 1 0 0 1 0 0 0 1 0 1
2014   2 28  7 42 26  32299  -19.74380 -141.25923     7631  30.4  0  0  7 21 0 0 1 1 0 0 0 1 0 1 1 1 0 1
2014   2 28  7 42 26 160425   -4.60421  -70.84785     6478  11.7  0  0  5 10 0 0 0 1 1 0 0 1 0 1 1 0 0 0
2014   2 28  7 42 26 197033   -4.23739  -71.59142     4121  30.4  0  0  6 15 0 0 0 1 0 0 0 1 0 1 1 1 0 1
2014   2 28  7 42 26 608206   -4.19103  -71.51231     3197  33.1  0  0  7 21 0 0 1 1 0 0 0 1 0 1 1 1 0 1
2014   2 28  7 42 26 621440   -4.17395  -71.44968     3763  20.9  0  0  5  9 0 0 1 1 1 0 0 0 0 0 0 1 0 1
2014   2 28  7 42 26 834132    6.85405  150.61000     6967  35.1  0  0  6 15 0 0 0 1 1 0 0 1 0 1 0 1 0 1
2014   2 28  7 42 26 945492    6.84619  150.79472    10026  43.8  1  0  6 15 0 0 0 1 1 0 0 1 0 0 1 1 0 1
2014   2 28  7 42 26 985707    6.82154  151.11505    10329  48.7  1  0  6 15 0 0 1 1 0 0 0 1 0 0 1 1 0 1
2014   2 28  7 42 27 273025  -33.01622   19.88897    12844  15.2  0  0  5 10 0 0 1 1 1 0 0 0 0 0 1 0 0 1
2014   2 28  7 42 27 373343  -21.31894  -46.01619     3206  36.6  0  0  6 14 0 0 1 0 1 0 0 1 0 0 1 1 0 1
2014   2 28  7 42 27 757226  -21.31955  -45.88892     2762  35.6  0  0  7 21 0 0 1 1 1 0 0 1 0 1 1 0 0 1
2014   2 28  7 42 28 141627  -20.70695  -46.38933     2850  46.1  0  0  7 20 0 0 0 1 1 0 0 1 0 1 1 1 0 1
2014   2 28  7 42 28 234037  -21.80455  -50.52535     5916  92.3  2  0  6 12 0 0 1 1 1 0 0 1 0 0 1 0 0 1
2014   2 28  7 42 28 494937  -21.78031  -50.57259     3552  71.6  2  0  7 18 0 0 1 1 0 0 0 1 0 1 1 1 0 1
2014   2 28  7 42 28 784801  -24.92179  -44.75180     5141  49.0  1  0  5 10 0 0 0 1 1 0 0 1 0 0 1 0 0 1
2014   2 28  7 42 29 247538   -7.70448    7.08987    20794  43.5  1  0  5 10 0 0 1 1 1 0 0 1 0 0 0 0 0 1
2014   2 28  7 42 29 678336  -27.89220 -138.39864    65706  30.4  1  0  4  6 0 0 0 1 1 0 0 0 0 1 0 1 0 0
2014   2 28  7 42 29 695723  -15.37041  169.58330    55339  27.4  0  0  5 10 0 0 1 1 1 0 0 1 0 0 0 0 0 1
2014   2 28  7 42 30 329682    6.48321  -77.70560     3774  30.0  0  0  7 21 0 0 1 1 1 0 0 0 0 1 1 1 0 1
2014   2 28  7 42 30 354602  -33.20093 -129.94070    42422  52.2  2  0  5 10 0 0 1 1 0 0 0 1 0 0 1 0 0 1
2014   2 28  7 42 30 929379  -13.22380  -37.05275    16172  51.3  1  0  7 21 0 0 1 1 1 0 0 1 0 0 1 1 0 1
2014   2 28  7 42 31  96196  -14.88202  169.13327   100203  63.0  2  0  5 10 0 0 1 1 1 0 0 1 0 0 1 0 0 0
2014   2 28  7 42 31 454689  -21.91064 -139.38139     9735  41.7  0  0  7 21 0 0 1 1 1 0 0 0 0 1 1 1 0 1
2014   2 28  7 42 31 858873  -21.88272 -140.42923    20604  77.8  2  0  6 15 0 0 1 1 1 0 0 1 0 0 1 1 0 0
2014   2 28  7 42 32 474714  -30.61630 -109.06496     7161  47.9  0  0  7 21 0 0 1 1 1 0 0 0 0 1 1 1 0 1
2014   2 28  7 42 32 493754  -30.75838 -109.62321    13835  79.8  2  0  6 15 0 0 1 1 1 0 0 1 0 0 1 1 0 0
2014   2 28  7 42 32 517790  -30.80239 -109.90626     8391  56.0  1  0  7 21 0 0 1 0 1 0 0 1 0 1 1 1 0 1
2014   2 28  7 42 32 550314  -30.66888 -108.98568     7274  37.3  0  0  6 15 0 0 1 1 1 0 0 0 0 1 0 1 0 1
2014   2 28  7 42 32 563141  -30.78555 -109.65341    10288  73.8  2  0  7 21 0 0 1 1 1 0 0 1 0 0 1 1 0 1
2014   2 28  7 42 32 582984  -30.68138 -109.31824     5980  15.0  0  0  5 10 0 0 1 0 1 0 0 0 0 1 0 1 0 1
2014   2 28  7 42 32 962282  -29.49778 -104.55239    14574  17.2  0  0  5 10 0 0 0 1 1 0 0 0 0 0 1 1 0 1
2014   2 28  7 42 35 118006   -1.56124   -4.26458    38362  76.2  2  0  5 10 0 0 1 1 1 0 0 1 0 0 1 0 0 0
2014   2 28  7 42 35 429072    5.25234  -71.51023     5697  28.4  0  0  5  9 0 0 0 1 1 0 0 0 0 0 1 1 0 1
2014   2 28  7 42 35 499271  -30.07841  -41.32004     5889  88.6  2  0  6 15 0 0 1 1 1 0 0 1 0 1 1 0 0 0
2014   2 28  7 42 35 553854  -30.11424  -41.10129     4178  31.9  1  0  5 10 0 0 1 1 1 0 0 0 0 0 1 0 0 1
2014   2 28  7 42 35 769449  -29.96458  -42.35355     4860  14.0  0  0  4  6 0 0 1 0 1 0 0 1 0 1 0 0 0 0
2014   2 28  7 42 35 884554  -30.18724  -41.06432     8427  81.7  2  0  5 10 0 0 1 1 1 0 0 1 0 0 0 0 0 1
2014   2 28  7 42 35 934361  -30.05833  -41.55846     8174  57.8  2  0  5 10 0 0 1 0 1 0 0 1 0 0 1 0 0 1
2014   2 28  7 42 36 162735  -20.04126 -142.75919    27386  74.0  2  0  5 10 0 0 1 0 1 0 0 1 0 0 1 1 0 0
2014   2 28  7 42 36 997440  -14.71150  -43.55194     3420  41.3  1  0  5 10 0 0 1 1 1 0 0 1 0 0 0 0 0 1
2014   2 28  7 42 37 227314    5.94344  -72.30273     7489  93.9  2  0  6 15 0 0 1 0 1 0 0 1 0 1 1 1 0 0
2014   2 28  7 42 38  57252  -22.85042  -45.53407     5289  99.5  2  0  6 14 0 0 1 1 1 0 0 1 0 0 1 0 0 1
2014   2 28  7 42 38 320119  -21.21736  -45.83965     5249  66.2  2  0  5 10 0 0 1 1 1 0 0 0 0 0 1 0 0 1
2014   2 28  7 42 40 300537    0.94047  -13.21966     6598  54.1  1  0  6 15 0 0 1 0 1 0 0 1 1 0 1 1 0 0
2014   2 28  7 42 40 479403    0.44003  -13.71734    13771  13.8  0  0  5  9 0 0 1 1 1 0 0 1 0 0 1 0 0 0
2014   2 28  7 42 41 368491    4.40942  -84.26833     3417  22.8  0  0  7 21 0 0 1 1 0 0 0 1 0 1 1 1 0 1
2014   2 28  7 42 41 381927  -10.07013  160.88467    11618  16.4  0  0  5  8 0 0 1 0 1 0 0 1 0 0 1 1 0 0
2014   2 28  7 42 41 667443  -10.54650  163.11481    39092  18.1  0  0  5 10 0 0 1 1 1 0 0 1 0 0 1 0 0 0
2014   2 28  7 42 41 813548   -9.66740  161.88051     5532  20.5  0  0  7 20 0 0 1 1 1 0 0 1 0 0 1 1 0 1
2014   2 28  7 42 42 121030  -22.80173 -139.67973    19619   5.9  0  0  4  6 0 0 1 1 0 0 0 1 0 0 1 0 0 0
2014   2 28  7 42 42 988671   -0.72123  -16.14154    16765  20.6  0  0  5 10 0 0 1 0 1 0 0 1 0 0 1 0 0 1
2014   2 28  7 42 43  53236    4.32078  -73.33759     3373  32.9  0  0  7 21 0 0 1 1 1 0 0 1 0 1 1 1 0 0
2014   2 28  7 42 43 241517    6.73303  -78.90276     6526   6.8  0  0  4  6 0 0 0 1 1 0 0 1 0 0 0 1 0 0
2014   2 28  7 42 45 104591    0.94488  -64.80206     4312  36.8  0  0  6 11 0 0 1 0 1 0 0 0 0 1 1 1 0 1
2014   2 28  7 42 45 115552    0.58251  -64.69727    12207  41.7  1  0  6 11 0 0 1 1 1 0 0 1 0 0 1 0 0 1
2014   2 28  7 42 45 534472  -13.08070  157.25218     8132  46.2  0  0  7 21 0 0 1 0 1 0 0 1 0 1 1 1 0 1
2014   2 28  7 42 45 600556   21.43293 -116.30508    28160  10.6  0  0  4  6 0 0 0 1 0 0 0 1 0 0 0 1 0 1
2014   2 28  7 42 45 755617    1.11179  -98.97881    17097  46.6  1  0  5 10 0 0 0 0 1 0 0 1 0 0 1 1 0 1
2014   2 28  7 42 45 830246    1.16840 -100.53094    18512  23.2  1  0  4  6 0 0 0 1 0 0 0 1 0 0 0 1 0 1
2014   2 28  7 42 46 221631   30.43397 -129.75879    19263  65.7  2  0  6 15 0 0 1 1 1 0 0 1 0 0 0 1 0 1
2014   2 28  7 42 46 854147    1.82083  -83.81049     8745  47.7  1  0  6 15 0 0 1 0 1 0 0 1 0 1 1 0 0 1
2014   2 28  7 42 46 927289    2.55703  -87.29741     9032   2.9  0  0  5  7 0 0 0 1 1 0 0 0 0 1 0 1 0 1
2014   2 28  7 42 47 371332  -20.93693  -47.05865     3256  19.8  0  0  5 10 0 0 1 1 1 0 0 0 0 0 1 0 0 1
2014   2 28  7 42 47 474761  -24.91552  -45.16652     4055  48.7  1  0  6 14 0 0 1 1 1 0 0 1 0 0 1 0 0 1
2014   2 28  7 42 47 717932  -25.18833  -44.86533     3130  39.8  0  0  7 21 0 0 0 1 1 0 0 1 0 1 1 1 0 1
2014   2 28  7 42 47 766305  -25.32841  -44.82811     3067  41.6  0  0  7 19 0 0 1 1 1 0 0 1 0 1 0 1 0 1
2014   2 28  7 42 47 825918  -25.33274  -44.75559     3063  41.5  0  0  7 21 0 0 1 1 1 0 0 1 0 1 1 0 0 1
2014   2 28  7 42 48 624012    1.87446  -84.20293     6708  84.3  2  0  7 21 0 0 1 1 1 0 0 0 0 1 1 1 0 1
2014   2 28  7 42 48 706048  -22.43771 -139.78183    13880  66.7  1  0  7 21 0 0 1 0 1 0 0 1 0 1 1 1 0 1
2014   2 28  7 42 48 752896    6.36741  -82.76308     8098  75.5  2  0  6 15 0 0 1 1 1 0 0 0 0 0 1 1 0 1
2014   2 28  7 42 48 761169    4.00536  -79.32423    19794  37.1  0  0  6 13 0 0 0 0 1 0 0 1 0 1 1 0 1 1
2014   2 28  7 42 48 798130    6.34818  -82.86214     7034  88.2  2  0  7 21 0 0 1 1 1 0 0 1 0 1 1 1 0 0
2014   2 28  7 42 48 884963    6.44740  -83.38419    11461  74.3  2  0  6 15 0 0 0 1 1 0 0 1 0 0 1 1 0 1
2014   2 28  7 42 48 961129    6.34520  -82.78096     8843  80.7  2  0  6 14 0 0 1 1 1 0 0 0 0 0 1 1 0 1
2014   2 28  7 42 49 599978  -21.28309  -46.46176     3545  70.1  2  0  7 19 0 0 1 1 1 0 0 1 0 0 1 1 0 1
2014   2 28  7 42 49 624180    0.85478  154.89616    13473  67.8  2  0  5  9 0 0 1 0 1 0 0 1 0 0 1 1 0 0
2014   2 28  7 42 49 634934   -4.37375  -72.00776     4432  78.0  2  0  7 21 0 0 1 1 1 0 0 1 0 0 1 1 0 1
2014   2 28  7 42 49 656950    6.09592  152.71500    12559  86.5  2  0  7 21 0 0 0 1 1 0 0 1 0 1 1 1 0 1
2014   2 28  7 42 49 712204    0.88784  154.58447    11902  74.3  2  0  6 15 0 0 1 0 1 0 0 1 0 0 1 1 0 1
2014   2 28  7 42 49 749100    0.97825  154.24301    14601  70.5  2  0  5 10 0 0 0 1 1 0 0 1 0 0 1 1 0 0
2014   2 28  7 42 50  69239  -33.55131  -39.22632     4208  50.4  1  0  7 21 0 0 1 1 1 0 0 1 0 1 0 1 0 1
2014   2 28  7 42 50 123485  -33.73336  -38.60653     7006  71.0  2  0  6 15 0 0 1 1 1 0 0 1 0 0 1 0 0 1
2014   2 28  7 42 50 147357    7.16488   15.26327    10153   9.4  0  0  4  6 0 0 1 0 1 0 0 0 0 1 0 1 0 0
2014   2 28  7 42 50 228567  -33.66615  -38.73401     6744  77.9  2  0  6 15 0 0 1 1 1 0 0 0 0 1 1 0 0 1
2014   2 28  7 42 50 264142  -33.71649  -38.61007     9106  79.1  2  0  5 10 0 0 1 1 1 0 0 0 0 0 1 0 0 1
2014   2 28  7 42 50 376629   -5.88770  -74.98941     4916  86.1  2  0  7 21 0 0 1 1 1 0 0 1 0 0 1 1 0 1
2014   2 28  7 42 50 421318  -33.72250  -38.62666     7172  73.5  2  0  6 15 0 0 1 1 1 0 0 1 0 0 1 0 0 1
2014   2 28  7 42 50 475011  -33.72208  -38.62635     7195  73.7  2  0  6 15 0 0 1 1 1 0 0 1 0 0 1 0 0 1
2014   2 28  7 42 50 607726   -5.95997  -75.05899     6087  93.5  2  0  6 15 0 0 1 1 1 0 0 1 0 0 0 1 0 1
2014   2 28  7 42 50 993286  -30.33150  -41.71946     6076  72.3  2  0  6 15 0 0 1 1 1 0 0 1 0 0 1 0 0 1
2014   2 28  7 42 51   9749  -29.84893  -42.12132     3549  27.7  0  0  6 14 0 0 1 1 1 0 0 1 0 0 1 0 0 1
2014   2 28  7 42 51  93748  -30.41958  -41.29927     8960  65.0  2  0  5 10 0 0 1 0 1 0 0 1 0 0 1 0 0 1
2014   2 28  7 42 51 571128  -30.06540  -42.68077     3907  24.6  0  0  5 10 0 0 1 1 1 0 0 1 0 0 0 0 0 1
2014   2 28  7 42 52 284650  -13.16432  -70.99843     4776  95.2  2  0  7 21 0 0 1 0 1 0 0 1 0 1 1 1 0 1
2014   2 28  7 42 52 294402   -6.11648  157.12679    80453  27.1  1  0  4  6 0 0 1 1 0 0 0 1 0 0 1 0 0 0
2014   2 28  7 42 52 572587  -29.24009  -42.57438     4235  31.5  0  0  6 15 0 0 0 1 1 0 0 1 0 1 1 0 0 1
2014   2 28  7 42 52 830463  -13.56599  -69.21690     9877  39.4  1  0  5  9 0 0 0 0 1 0 0 1 0 1 1 0 0 1
2014   2 28  7 42 52 862257  -24.36061  -45.51505     3691  72.9  2  0  7 21 0 0 1 1 1 0 0 1 0 1 1 0 0 1
2014   2 28  7 42 53 387356  -21.43096  -47.14016     4477  90.2  2  0  6 15 0 0 1 1 1 0 0 1 0 0 1 0 0 1
2014   2 28  7 42 55 585591  -22.33511  -46.17936     4932 107.7  2  0  6 15 0 0 1 1 1 0 0 1 0 0 1 0 0 1
2014   2 28  7 42 57  17817  -22.67201  -45.93034     2502  22.8  0  0  7 21 0 0 1 1 0 0 0 1 0 1 1 1 0 1
2014   2 28  7 42 57 139516  -21.96817 -140.85715     6716  14.9  0  0  6 15 0 0 1 1 1 0 0 1 0 0 1 1 0 0
2014   2 28  7 42 57 180897  -21.97913 -140.85406     6968  16.5  0  0  6 15 0 0 1 1 1 0 0 1 0 0 1 1 0 0
2014   2 28  7 42 57 973507   19.52518 -117.33760    22255  18.3  0  0  4  6 0 0 0 1 0 0 0 0 0 0 1 1 0 1
2014   2 28  7 42 58  39016   21.34160 -112.34736    15881   8.5  0  0  5 10 0 0 0 1 1 0 0 1 0 0 0 1 0 1
2014   2 28  7 42 58 336569   -6.47302    7.58328     9560  20.1  0  0  6 15 0 0 1 1 1 0 0 1 0 0 1 0 0 1
2014   2 28  7 42 58 553605    6.82603  -74.20249     5552  27.4  0  0  5  9 0 0 0 1 1 0 0 1 0 0 1 1 0 0
2014   2 28  7 42 58 729754    1.76692  -68.71840    19964  20.7  0  0  5 10 0 0 1 0 1 0 0 0 0 1 1 0 0 1
2014   2 28  7 43  2 114754  -14.59060  -43.91391     3801  48.0  0  0  7 21 0 0 1 0 1 0 0 1 0 1 1 1 0 1
2014   2 28  7 43  2 163453  -14.70483  -44.23296     2694   8.8  0  0  5  7 0 0 0 1 1 0 0 1 0 0 0 1 0 1
2014   2 28  7 43  2 462237  -33.89628   17.20857    30564  46.7  1  0  5 10 0 0 1 1 1 0 0 0 0 0 1 0 0 1
2014   2 28  7 43  2 817581    5.01817  -84.35923     5864  30.8  1  0  5 10 0 0 1 0 0 0 0 1 0 0 1 1 0 1
2014   2 28  7 43  2 882958    5.07528  -84.97742    10374  64.1  2  0  6 15 0 0 0 1 0 0 0 1 0 1 1 1 0 1
2014   2 28  7 43  3 230104    5.02388  -84.49079     6368  75.3  2  0  7 21 0 0 1 1 1 0 0 1 0 1 0 1 0 1
2014   2 28  7 43  3 312521  -25.73407  -44.42908     5851  41.2  1  0  5 10 0 0 1 0 1 0 0 1 0 0 1 0 0 1
2014   2 28  7 43  3 512076    5.29797  -85.23731     5979  66.9  1  0  7 21 0 0 1 1 1 0 0 1 0 0 1 1 0 1
2014   2 28  7 43  5 280941   10.62998 -134.98178    21386 100.8  2  0  6 15 0 0 1 1 1 0 0 1 0 0 0 1 0 1
2014   2 28  7 43  6  44531  -14.68371  -43.81799     4047  55.6  1  0  6 12 0 0 0 1 1 0 0 1 0 0 1 1 0 1
2014   2 28  7 43  6 541357  -23.64511 -177.01280    18653  81.4  2  0  7 21 0 0 1 1 1 0 0 1 0 0 1 1 0 1
2014   2 28  7 43  6 599074  -24.22890 -175.51607    20645  72.5  2  0  7 21 0 0 1 0 1 0 0 1 0 1 1 1 0 1
2014   2 28  7 43  6 637100  -23.87901 -176.46237    21869  65.4  2  0  6 15 0 0 1 0 1 0 0 1 0 0 1 1 0 1
2014   2 28  7 43  6 702595  -23.46405 -177.05292    30608  45.0  1  0  5  8 0 0 1 1 0 0 0 1 0 0 1 1 0 0
2014   2 28  7 43  7   5870   11.56627  142.02122    11715 110.6  2  0  6 15 0 0 0 1 1 0 0 0 0 1 1 1 0 1
2014   2 28  7 43  7 241906   -1.39126  149.24915    36352  21.3  1  0  4  6 0 0 0 1 0 0 0 1 0 0 1 0 0 1
2014   2 28  7 43  8 828653   -3.90307  -70.66073    11544  60.6  2  0  5 10 0 0 0 0 1 0 0 0 0 1 1 1 0 1
2014   2 28  7 43  9 321448  -11.26099  -63.39154     7329  90.2  2  0  6 15 0 0 0 1 1 0 0 0 0 1 1 1 0 1
2014   2 28  7 43 10 818919  -33.81539  -39.26971     3810  36.4  0  0  7 21 0 0 1 1 1 0 0 1 0 1 0 0 1 1
2014   2 28  7 43 10 855269  -33.98470  -38.72130     9334 101.8  2  0  6 15 0 0 1 1 1 0 0 1 0 0 1 0 0 1
2014   2 28  7 43 11 343491  -27.25773 -136.84926    23800  98.6  2  0  6 15 0 0 1 1 0 0 0 1 0 0 1 1 0 1
2014   2 28  7 43 11 567756  -23.26412  -46.39032     3916  52.2  1  0  6 14 0 0 1 1 1 0 0 1 0 1 1 0 0 0
2014   2 28  7 43 11 592666  -23.45378  -45.97876     6344 128.3  2  0  6 15 0 0 1 1 1 0 0 1 0 0 1 0 0 1
2014   2 28  7 43 11 620364  -23.22179  -46.46488     3900  76.9  2  0  7 19 0 0 1 1 1 0 0 1 0 1 1 1 0 0
2014   2 28  7 43 11 653445  -23.32389  -46.35278     4797  49.0  1  0  5  9 0 0 1 1 0 0 0 1 0 1 1 0 0 0
2014   2 28  7 43 11 720601  -23.30248  -46.44048     5032  51.1  2  0  5 10 0 0 1 0 1 0 0 1 0 1 1 0 0 0
2014   2 28  7 43 11 949996  -23.34214  -46.35373     4769  51.4  2  0  5 10 0 0 1 1 1 0 0 1 0 0 1 0 0 0
2014   2 28  7 43 28 566907  -22.02956 -140.50928     5521   7.3  0  0  6 15 0 0 1 1 1 0 0 1 0 1 0 1 0 0
2014   2 28  7 43 28 589380  -22.00953 -140.53874     9871   1.8  0  0  4  6 0 0 1 1 0 0 0 0 0 0 0 1 0 1
2014   2 28  7 43 28 610107  -22.02546 -140.77826    10872   8.0  0  0  5 10 0 0 0 0 1 0 0 1 0 1 0 1 0 1
2014   2 28  7 43 28 705531  -22.00014 -140.65649     9058   3.0  0  0  4  6 0 0 1 1 0 0 0 1 0 0 0 1 0 0
2014   2 28  7 43 28 805501  -22.00536 -140.50995     4848   8.9  0  0  7 21 0 0 1 1 1 0 0 1 0 1 0 1 0 1
2014   2 28  7 43 28 836637  -27.78481 -133.98056     5591   6.1  0  0  6 15 0 0 1 1 1 0 0 1 0 0 0 1 0 1
2014   2 28  7 43 29 171754    6.28093  -77.14365     3387  18.8  0  0  6 15 0 0 1 1 0 0 0 1 0 1 0 1 0 1
2014   2 28  7 43 30 569530  -12.92530  -72.06944     4138  12.6  0  0  5 10 0 0 0 1 1 0 0 1 0 0 0 1 0 1
2014   2 28  7 43 30 957561  -13.12215  -71.72013     3715  16.5  0  0  5 10 0 0 1 0 1 0 0 1 0 1 0 0 0 1
2014   2 28  7 43 32 297845    2.54537  -84.60823     4572  46.7  0  0  7 21 0 0 1 1 1 0 0 1 0 1 0 1 0 1
2014   2 28  7 43 33 436643    4.96740  -84.33047     5447  46.7  1  0  6 15 0 0 1 1 1 0 0 1 0 0 0 1 0 1
2014   2 28  7 43 34  65076  -21.05643  -47.57166     3145  27.6  0  0  5 10 0 0 1 1 0 0 0 1 0 1 0 1 0 0
2014   2 28  7 43 34 157616   21.55328 -116.55280    30352  24.8  0  0  5 10 0 0 0 1 1 0 0 1 0 0 0 1 0 1
2014   2 28  7 43 34 203983  -21.15275  -47.39727     4154  61.6  2  0  6 12 0 0 1 1 1 0 0 1 0 0 0 1 0 1
2014   2 28  7 43 34 322449  -21.17587  -47.42605     3349  61.4  1  0  7 18 0 0 1 1 1 0 0 1 0 1 0 1 0 1
2014   2 28  7 43 35 719661   -3.42235  -71.25083     4314  34.3  1  0  5 10 0 0 1 0 1 0 0 0 0 1 0 1 0 1
2014   2 28  7 43 36 723425  -24.82516  -45.12903     4635  36.4  1  0  5  8 0 0 1 1 1 0 0 1 0 0 0 0 0 1
2014   2 28  7 43 37 613280  -29.99243  -42.22960     3284  10.8  0  0  5 10 0 0 1 1 1 0 0 1 0 0 0 0 0 1
2014   2 28  7 43 37 623495  -29.97230  -42.23878     3251  10.1  0  0  5 10 0 0 1 1 1 0 0 1 0 0 0 0 0 1
2014   2 28  7 43 37 658229  -29.52073  -42.44796     8894  45.4  1  0  6 15 0 0 0 1 1 0 0 1 0 1 0 1 0 1
2014   2 28  7 43 37 694157  -29.99373  -42.19796     3329   6.5  0  0  5  8 0 0 1 1 1 0 0 1 0 0 0 0 0 1
2014   2 28  7 43 37 718632  -29.65373  -42.35273    14134  41.8  1  0  5  8 0 0 0 1 1 0 0 1 0 1 0 1 0 0
2014   2 28  7 43 37 747497  -29.95845  -42.29395     4341   9.4  0  0  4  6 0 0 1 1 0 0 0 1 0 0 0 0 0 1
2014   2 28  7 43 37 891241  -29.97845  -42.24025     2705   9.8  0  0  6 15 0 0 1 1 1 0 0 1 0 1 0 0 0 1
2014   2 28  7 43 39 544936  -14.69507  -44.16156     3806  58.6  1  0  6 13 0 0 1 1 1 0 0 1 0 0 0 1 0 1
2014   2 28  7 43 42 699446  -21.02346  -46.80918     4901  65.1  2  0  5  9 0 0 1 0 1 0 0 0 0 1 0 1 0 1
2014   2 28  7 43 43 291511  -10.60280  -58.01394     5511 134.3  2  0  7 20 0 0 1 1 1 0 0 1 0 1 0 1 0 1
2014   2 28  7 43 43 819792    5.98321  155.00313     9437  19.5  0  0  4  6 0 0 1 0 0 0 0 0 0 1 0 1 0 1
2014   2 28  7 43 44 179186  -30.50203  -41.33010     2702   6.5  0  0  6 15 0 0 1 1 1 0 0 1 0 1 0 0 0 1
2014   2 28  7 43 44 303891  -30.49234  -41.36934     3127   5.4  0  0  5 10 0 0 1 1 1 0 0 1 0 0 0 0 0 1
2014   2 28  7 43 45 221766  -29.24468 -133.15582    11770  14.3  0  0  6 15 0 0 1 1 1 0 0 1 0 1 0 0 0 1
2014   2 28  7 43 45 892213  -22.64213  -45.69867     3520  13.7  0  0  4  6 0 0 1 1 0 0 0 1 0 0 0 1 0 0
2014   2 28  7 43 45 918605  -22.71651  -45.58140     2734  25.5  0  0  6 15 0 0 1 1 1 0 0 1 0 1 0 0 0 1
2014   2 28  7 43 47 411572  -20.60896  -46.49258     2963  36.9  0  0  6 15 0 0 1 1 0 0 0 1 0 1 0 1 0 1
2014   2 28  7 43 48 288585  -20.83356  -47.53753     2976  34.0  0  0  6 14 0 0 0 1 1 0 0 1 0 1 0 1 0 1
2014   2 28  7 43 48 351904  -20.82017  -47.52361     2690  34.2  0  0  7 21 0 0 0 1 1 0 0 1 0 1 0 1 1 1
2014   2 28  7 43 48 636833  -25.35235  -44.70200     3192  29.7  0  0  6 14 0 0 1 1 0 0 0 1 0 1 0 1 0 1
2014   2 28  7 43 48 740307  -25.29768  -44.78045     9440  30.7  1  0  5  7 0 0 0 1 1 0 0 1 0 0 0 1 0 1
2014   2 28  7 43 48 810974  -25.22304  -44.75528     5375  23.3  0  0  5 10 0 0 0 1 1 0 0 1 0 1 0 0 0 1
2014   2 28  7 43 48 909063  -25.35829  -44.70938     2948  27.4  0  0  7 18 0 0 1 1 1 0 0 1 0 1 0 1 0 1
2014   2 28  7 43 49 254146  -23.00490 -138.76169    39569  56.2  2  0  5 10 0 0 1 1 1 0 0 1 0 0 0 0 0 1
2014   2 28  7 43 49 839623  -22.59377  -46.11071     3512  26.1  0  0  5 10 0 0 1 1 0 0 0 1 0 0 0 1 1 0
2014   2 28  7 43 49 886298  -22.79955  -45.79838     4742  64.2  2  0  5  9 0 0 1 1 1 0 0 1 0 0 0 0 0 1
2014   2 28  7 43 51 486503  -19.55393 -141.71483    17944  78.8  2  0  6 15 0 0 1 1 1 0 0 1 0 1 0 1 0 0
2014   2 28  7 43 52 793078   32.57917 -178.09824     8034  19.3  0  0  5 10 0 0 1 0 1 0 0 0 0 1 0 1 0 1
2014   2 28  7 43 52 980633  -24.48251  -45.44038     4444  55.7  2  0  5 10 0 0 1 1 0 0 0 1 0 1 0 0 0 1
2014   2 28  7 43 52 988498  -24.45893  -45.48371     4421  54.6  2  0  5 10 0 0 1 1 1 0 0 1 0 0 0 0 0 1
2014   2 28  7 43 55  18166  -13.05796  157.32211    18181  97.8  2  0  6 15 0 0 0 1 1 0 0 1 0 1 0 1 0 1
2014   2 28  7 43 55 625588  -21.32565  -46.52900     5168  95.9  2  0  6 13 0 0 1 1 1 0 0 1 0 1 0 1 0 0
2014   2 28  7 43 55 756712  -21.42783  -46.42263     4003 107.1  2  0  7 20 0 0 1 1 1 0 0 1 0 1 0 1 0 1
2014   2 28  7 43 56 168636   -3.57066  -70.83288     4676  39.2  1  0  5 10 0 0 1 0 1 0 0 0 0 1 0 1 0 1
2014   2 28  7 43 58 443257    4.75771  -73.66827     7959 141.9  2  0  7 21 0 0 1 1 1 0 0 1 0 1 0 1 0 1
2014   2 28  7 43 58 692719  -21.35241  -46.62626     4707 108.1  2  0  6 14 0 0 1 1 1 0 0 1 0 1 0 0 0 1
2014   2 28  7 43 59 744582   22.33103 -133.75258    91643  77.5  2  0  5 10 0 0 0 1 1 0 0 1 0 0 0 1 0 1
2014   2 28  7 44  0 480544  -21.39444  -46.16262     2640   8.5  0  0  5 10 0 0 1 1 1 0 0 1 0 0 0 0 0 1
2014   2 28  7 44  3 282676   -8.97065  -65.23298     7076  32.1  1  0  5  7 0 0 1 1 1 0 0 1 0 1 0 0 0 0
2014   2 28  7 44  5 279541    2.42608  -17.56276    33003  42.1  1  0  5 10 0 0 1 1 1 0 0 1 0 0 0 0 0 1
2014   2 28  7 44  5 329964  -12.20696  -72.79285     5345  50.9  1  0  6 15 0 0 1 1 1 0 0 1 0 1 0 0 0 1
2014   2 28  7 44  6 260953  -21.31935  -46.93973     3326  51.2  1  0  6 14 0 0 1 1 1 0 0 1 0 1 0 0 0 1
2014   2 28  7 44  6 381650  -25.13829  -44.75320     3363  28.7  0  0  5 10 0 0 1 1 1 0 0 1 0 0 0 0 0 1
2014   2 28  7 44  6 503609  -30.07302  -41.98093     2832  13.5  0  0  6 15 0 0 1 1 1 0 0 1 0 1 0 0 0 1
2014   2 28  7 44  6 873770  -30.21114  -41.91921     4258  13.3  0  0  4  6 0 0 1 1 1 0 0 1 0 0 0 0 0 0
2014   2 28  7 44  6 896449   -4.41589  -71.23959     6627  50.4  1  0  6 15 0 0 1 1 1 0 0 1 0 0 0 0 1 1
2014   2 28  7 44  7 163084  -30.16039  -41.99171     2815   3.6  0  0  5 10 0 0 1 1 1 0 0 0 0 1 0 0 0 1
2014   2 28  7 44  7 251274   -4.57431  -71.12798     7434  66.5  2  0  6 15 0 0 1 1 1 0 0 1 0 1 0 0 0 1
2014   2 28  7 44  7 383530  -25.75413  -44.61205     2935  15.9  0  0  5 10 0 0 1 1 1 0 0 1 0 1 0 0 0 0
2014   2 28  7 44  7 429640  -30.17271  -41.99266     4318  14.1  0  0  4  6 0 0 1 1 1 0 0 1 0 0 0 0 0 0
2014   2 28  7 44  7 489071  -30.15954  -42.01858     3413  14.7  0  0  5 10 0 0 1 1 1 0 0 1 0 0 0 0 0 1
2014   2 28  7 44  7 626153  -30.15691  -42.03048     3453  15.6  0  0  5 10 0 0 1 1 1 0 0 1 0 0 0 0 0 1
2014   2 28  7 44  7 733471   -3.29934  -74.69575     9581   6.4  0  0  5 10 0 0 0 1 1 0 0 1 0 1 0 0 0 1
2014   2 28  7 44  8 780026  -22.65093 -139.38051    51643  75.1  2  0  5 10 0 0 1 1 1 0 0 1 0 0 0 0 0 1
2014   2 28  7 44  8 913256  -28.45690 -138.71860    61540  78.1  2  0  5 10 0 0 1 1 1 0 0 1 0 0 0 0 0 1
2014   2 28  7 44 11 210310   -1.71738  -70.90414     7397  39.9  1  0  5 10 0 0 1 0 1 0 0 1 0 1 0 0 0 1
2014   2 28  7 44 12 663237   -3.46169  -78.33141    13380  11.1  0  0  5  9 0 0 0 1 1 0 0 1 0 1 0 0 0 1
2014   2 28  7 44 12 703605  -34.52066   14.23388    28585  94.9  2  0  6 15 0 0 1 1 1 0 0 1 0 1 0 0 0 1
2014   2 28  7 44 14 514373    5.34545  -73.29733    18626 120.6  2  0  6 15 0 0 1 1 1 0 0 1 0 1 0 0 0 1
2014   2 28  7 44 15 398094    1.85923  -70.70879     7987  14.3  0  0  5 10 0 0 1 1 1 0 0 0 0 1 0 0 0 1
2014   2 28  7 44 17 552158  -21.26285  -47.11094     2701   3.6  0  0  5  7 0 0 0 1 1 0 0 1 0 1 0 0 0 1
2014   2 28  7 44 18 718108   30.10207 -141.42439    46780   6.6  0  0  5 10 0 0 0 1 1 0 0 1 0 1 0 0 0 1
2014   2 28  7 44 20 250790  -12.34933  -73.61099    12119   8.4  0  0  4  6 0 0 0 1 1 0 0 1 0 1 0 0 0 0
2014   2 28  7 44 20 419023  -12.98341  -73.62532    15828  11.1  0  0  5  7 0 0 0 1 1 0 0 1 0 1 0 0 0 1
2014   2 28  7 44 23 782650  -21.54972  -46.24098     3258  19.3  0  0  4  6 0 0 0 1 0 0 0 1 0 1 0 0 0 1
