2014   2 28  6 49 37 372622    0.04226   -6.52220     7245   4.5  0  0  5  9 0 0 1 1 0 0 0 0 0 0 1 1 0 1
2014   2 28  6 49 37 638473  -13.06941  -71.62534     2816   6.1  0  0  5  9 0 0 1 1 0 0 0 0 0 0 1 1 0 1
2014   2 28  6 49 37 922023  -29.35976  -42.08323     3974   4.4  0  0  4  6 0 0 0 1 0 0 0 0 0 1 1 0 0 1
2014   2 28  6 49 37 991081  -29.46734  -41.96856     3749   9.7  0  0  4  6 0 0 1 1 0 0 0 0 0 0 1 0 0 1
2014   2 28  6 49 38 590684  -31.01515  -41.86647     4233  16.2  0  0  4  6 0 0 1 1 0 0 0 0 0 0 1 0 0 1
2014   2 28  6 49 39  98026    4.64283  -71.66246    12481  13.2  0  0  4  6 0 0 1 1 0 0 0 0 0 0 1 0 0 1
2014   2 28  6 49 39 210109    5.84912  -74.21312    10087   4.5  0  0  4  6 0 0 1 1 0 0 0 0 0 1 0 0 0 1
2014   2 28  6 49 39 404643    6.96961  -74.75101     4839  17.3  0  0  5  7 0 0 1 0 0 0 0 0 0 1 1 1 0 1
2014   2 28  6 49 40  40843  -21.08699  -46.81024     3445  34.1  1  0  5 10 0 0 1 1 0 0 0 0 0 1 1 0 0 1
2014   2 28  6 49 40  73269  -21.05171  -46.81287     3459  38.3  0  0  6 11 0 0 1 1 0 0 0 0 0 1 1 1 0 1
2014   2 28  6 49 40 269445  -24.23168 -136.55295   103539  23.6  1  0  4  6 0 0 1 1 0 0 0 0 0 0 1 0 0 1
2014   2 28  6 49 40 334441  -21.92583 -141.33543    12053  10.6  0  0  4  6 0 0 1 1 0 0 0 0 0 0 1 1 0 0
2014   2 28  6 49 40 400928  -20.77776  -47.23242     3604  37.6  1  0  5 10 0 0 1 1 0 0 0 0 0 1 1 0 0 1
2014   2 28  6 49 40 432511  -22.16678 -139.96837     9446  18.2  0  0  5 10 0 0 1 0 0 0 0 0 0 1 1 1 0 1
2014   2 28  6 49 40 530129  -15.98604 -138.16100    10002  35.1  0  0  6 15 0 0 1 1 0 0 0 0 0 1 1 1 0 1
2014   2 28  6 49 40 546645  -15.86379 -138.88670    10804  11.1  0  0  4  6 0 0 1 1 0 0 0 0 0 0 1 1 0 0
2014   2 28  6 49 42 929811  -16.27774  -51.81132     3661  54.4  1  0  6 13 0 0 1 1 0 0 0 0 0 0 1 1 1 1
2014   2 28  6 49 42 938241  -16.28168  -51.81413     3655  52.5  1  0  6 13 0 0 1 1 0 0 0 0 0 1 1 1 0 1
2014   2 28  6 49 43  88118  -16.47186  -51.69798     6712  55.3  2  0  5 10 0 0 1 1 0 0 0 0 0 1 1 0 0 1
2014   2 28  6 49 43 318021  -16.44744  -51.72958     6836  56.3  2  0  5 10 0 0 1 1 0 0 0 0 0 1 1 0 0 1
2014   2 28  6 49 45 118379  -21.00934  -46.97694     3884  40.7  1  0  5 10 0 0 1 1 0 0 0 0 0 0 1 0 1 1
2014   2 28  6 49 47 317663  -20.82342  -47.44451     3432  29.1  0  0  5  9 0 0 1 1 0 0 0 0 0 1 1 1 0 0
2014   2 28  6 49 47 685301  -21.41313  -46.78699     3172   8.5  0  0  4  6 0 0 1 1 0 0 0 0 0 0 1 0 0 1
2014   2 28  6 49 48 330283  -29.82973  -42.47120     5005  44.3  1  0  5  7 0 0 1 1 0 0 0 0 0 1 0 1 0 1
2014   2 28  6 49 49 859300  -22.41483  -45.78535     4160  27.7  1  0  4  6 0 0 1 0 0 0 0 0 0 1 1 0 0 1
2014   2 28  6 49 53  22467   -6.16084  -74.57972     3396  17.9  0  0  5 10 0 0 1 0 0 0 0 1 0 1 0 1 0 1
2014   2 28  6 49 53 142266  -16.03157  -51.49799     2755   6.3  0  0  5  8 0 0 1 1 1 0 0 1 0 0 0 0 0 1
2014   2 28  6 49 53 349745   -2.45566  -72.16935     2888  16.2  0  0  6 15 0 0 1 1 0 0 0 1 0 1 0 1 0 1
2014   2 28  6 49 53 419749  -29.54275  -41.96759     2853  14.0  0  0  6 15 0 0 1 1 1 0 0 1 0 1 0 0 0 1
2014   2 28  6 49 53 432714  -29.54846  -41.95909     3559  17.5  0  0  5 10 0 0 1 1 1 0 0 1 0 0 0 0 0 1
2014   2 28  6 49 54 920535  -21.02416  -46.98932     2898  31.7  0  0  6 14 0 0 1 0 1 0 0 1 0 1 0 1 0 1
2014   2 28  6 49 55 361121  -20.64569  -47.19169     2674  10.2  0  0  5 10 0 0 1 1 1 0 0 1 0 0 0 0 0 1
2014   2 28  6 49 56 218923  -11.08686  -57.73752     3185   3.8  0  0  5  7 0 0 0 1 1 0 0 1 0 0 0 1 0 1
2014   2 28  6 49 57 127019   -6.68004  149.93913     6320  11.8  0  0  4  6 0 0 1 1 0 0 0 1 0 0 0 1 0 0
2014   2 28  6 49 57 680388  -20.77061  -47.17640     3205  26.0  0  0  5 10 0 0 1 1 1 0 0 1 0 0 0 0 0 1
2014   2 28  6 49 57 786307    1.90993  -84.38198     5251  47.1  1  0  6 15 0 0 1 1 1 0 0 1 0 0 0 1 0 1
2014   2 28  6 49 57 808259  -18.61369 -143.49799     8852   1.9  0  0  4  6 0 0 1 1 0 0 0 1 0 0 0 1 0 0
2014   2 28  6 49 59 415587  -29.34502  -42.41147     3405  16.4  0  0  5 10 0 0 1 1 1 0 0 1 0 0 0 0 0 1
2014   2 28  6 50  1  95063    5.23860  153.33841    12753  65.2  2  0  6 14 0 0 1 1 1 0 0 1 0 0 0 1 0 1
2014   2 28  6 50  2 325070  -18.69723 -144.27815    19224  83.1  2  0  6 15 0 0 1 1 1 0 0 1 0 1 0 1 0 0
2014   2 28  6 50  3 473087  -21.73203 -141.59128    18332  98.0  2  0  7 21 0 0 1 1 1 0 0 1 0 1 0 1 0 1
2014   2 28  6 50  3 574595  -12.37467  156.15111    15855  82.1  2  0  6 14 0 0 1 1 1 0 0 1 0 0 0 1 0 1
2014   2 28  6 50  3 753664  -21.63194 -142.28099    22010  90.8  2  0  6 15 0 0 1 1 1 0 0 1 0 0 0 1 0 1
2014   2 28  6 50  4 282856  -12.76456  -71.84743     5973 105.5  2  0  6 15 0 0 1 1 1 0 0 1 0 0 0 1 0 1
2014   2 28  6 50  4 790152  -30.08465  -42.46234     6118  28.3  1  0  4  6 0 0 1 0 0 0 0 1 0 1 0 0 0 1
2014   2 28  6 50  6  50193  -21.23725  -47.21059     3534  38.5  1  0  5  9 0 0 0 1 1 0 0 1 0 1 0 0 0 1
2014   2 28  6 50  6 283411  -21.18594  -47.12913     4191  91.3  2  0  6 15 0 0 1 1 1 0 0 1 0 1 0 0 0 1
2014   2 28  6 50  6 642126  -12.53218  -72.56715     9320 117.2  2  0  6 15 0 0 1 1 1 0 0 1 0 1 0 0 0 1
2014   2 28  6 50  8  20018  -22.45961  -45.66945     3237  16.8  0  0  5  7 0 0 1 1 0 0 0 1 0 1 0 1 0 0
2014   2 28  6 50  8  29849  -22.47404  -45.65670     2713  14.6  0  0  5 10 0 0 1 1 1 0 0 1 0 0 0 0 0 1
2014   2 28  6 50  8  49002  -22.47404  -45.65624     2748  16.0  0  0  5 10 0 0 1 1 1 0 0 1 0 0 0 0 0 1
2014   2 28  6 50  9 442338    6.66200  -73.35760     5268   5.6  0  0  5 10 0 0 1 1 1 0 0 1 0 0 0 0 0 1
2014   2 28  6 50  9 513824    6.67807  -73.33340     5387   6.9  0  0  5 10 0 0 1 1 0 0 0 1 0 1 0 0 0 1
2014   2 28  6 50  9 566503    7.12184  -74.06856     3538   6.6  0  0  6 14 0 0 0 1 1 0 0 1 0 1 0 1 0 1
2014   2 28  6 50 10  46760   -2.32122    2.41990    14878  14.7  0  0  5  7 0 0 1 1 1 0 0 1 0 0 0 0 0 1
2014   2 28  6 50 10 716026  -20.63148  -47.25521     2701  25.8  0  0  6 15 0 0 1 1 1 0 0 1 0 1 0 0 0 1
2014   2 28  6 50 10 742526  -20.65128  -47.18534     2729  12.2  0  0  5 10 0 0 1 1 1 0 0 1 0 0 0 0 0 1
2014   2 28  6 50 10 931515  -20.91894  -46.55626     2874  35.2  0  0  6 15 0 0 1 1 0 0 0 1 0 1 0 1 0 1
2014   2 28  6 50 11  10848  -20.96388  -46.48426     2905  13.6  0  0  5  8 0 0 1 1 1 0 0 1 0 0 0 0 0 1
2014   2 28  6 50 11  41414  -20.62840  -47.24416     2691  36.1  0  0  7 20 0 0 1 1 1 0 0 1 0 1 0 1 0 1
2014   2 28  6 50 11 823432  -29.34634  -42.22906     3505  18.3  0  0  5 10 0 0 1 1 1 0 0 1 0 0 0 0 0 1
2014   2 28  6 50 11 859754  -29.53385  -42.18054     6885  17.3  0  0  5 10 0 0 0 1 1 0 0 1 0 1 0 0 0 1
2014   2 28  6 50 12 405181  -29.28709  -42.18681     3509  18.8  0  0  5 10 0 0 1 1 1 0 0 1 0 0 0 0 0 1
2014   2 28  6 50 12 699190  -19.02974 -141.78119    15120  37.1  1  0  5 10 0 0 1 1 1 0 0 0 0 0 0 1 0 1
2014   2 28  6 50 12 981654   -9.52546  159.91504    10496  35.6  1  0  5  9 0 0 1 1 1 0 0 1 0 0 0 1 0 0
2014   2 28  6 50 13  33132   -9.50325  159.77325     8368  38.2  0  0  6 15 0 0 1 1 1 0 0 1 0 0 0 1 0 1
2014   2 28  6 50 13 407794   21.86771 -114.96563    23601   7.6  0  0  4  6 0 0 0 1 1 0 0 1 0 0 0 1 0 0
2014   2 28  6 50 13 532739  -22.25729  -45.93647     3248  31.6  1  0  5 10 0 0 1 1 1 0 0 1 0 0 0 0 0 1
2014   2 28  6 50 13 623645  -38.04822  -41.78518     5362   3.8  0  0  4  6 0 0 1 1 0 0 0 1 0 0 0 0 0 1
2014   2 28  6 50 13 672926  -22.27053  -45.93093     3261  32.0  1  0  5 10 0 0 1 1 1 0 0 1 0 0 0 0 0 1
2014   2 28  6 50 13 760962  -22.19130  -46.03093     3689  58.1  1  0  6 14 0 0 1 1 1 0 0 1 0 0 0 1 0 1
2014   2 28  6 50 14 389196  -11.16387  -57.52387     3535  58.2  1  0  7 20 0 0 1 1 1 0 0 1 0 1 0 1 0 1
2014   2 28  6 50 15 393617  -20.72412  -47.21978     4889  41.5  1  0  5  8 0 0 1 1 1 0 0 1 0 0 0 0 0 1
2014   2 28  6 50 16 267443   -2.73240  150.62524     7045  46.2  1  0  6 14 0 0 1 1 1 0 0 1 0 1 0 1 0 0
2014   2 28  6 50 16 390077  -13.66166  -39.11369     3372  35.3  0  0  7 21 0 0 1 0 1 0 0 1 0 1 0 1 1 1
2014   2 28  6 50 16 540140   25.15713  -78.88386    25868  93.2  2  0  6 15 0 0 1 1 1 0 0 1 0 1 0 1 0 0
2014   2 28  6 50 17 677394  -20.76603  -47.44847     3909  78.1  2  0  6 15 0 0 1 1 1 0 0 1 0 1 0 1 0 0
2014   2 28  6 50 17 810254  -29.28905  -42.58347     3845  25.6  0  0  5 10 0 0 1 1 1 0 0 1 0 0 0 0 0 1
2014   2 28  6 50 17 911734  -20.81857  -47.23177     4511  65.0  2  0  5 10 0 0 1 0 1 0 0 1 0 1 0 0 0 1
2014   2 28  6 50 17 975819  -20.93239  -47.32292     3710  70.2  2  0  6 15 0 0 1 1 1 0 0 1 0 1 0 0 0 1
2014   2 28  6 50 18 924731  -21.11119  -47.15442     3776  96.8  2  0  7 20 0 0 1 1 1 0 0 1 0 1 0 1 0 1
2014   2 28  6 50 19 669516  -21.10539  -47.26323     5058  81.5  2  0  6 11 0 0 1 1 1 0 0 1 0 1 0 1 0 0
2014   2 28  6 50 22 304335  -29.76767  -42.66236     3537  24.6  0  0  5 10 0 0 1 1 1 0 0 0 0 1 0 0 0 1
2014   2 28  6 50 22 450733  -29.79231  -42.67118     3227  29.7  0  0  6 15 0 0 1 1 1 0 0 1 0 1 0 0 0 1
2014   2 28  6 50 22 555103   -6.43276  -76.37557    11048  80.3  2  0  6 15 0 0 0 1 1 0 0 1 0 1 0 1 0 1
2014   2 28  6 50 22 598347  -29.90347  -42.72584     3244  30.0  0  0  6 15 0 0 1 1 1 0 0 1 0 1 0 0 0 1
2014   2 28  6 50 22 775242    2.05495  -70.87349     9502   7.9  0  0  4  6 0 0 1 1 0 0 0 0 0 1 0 0 0 1
2014   2 28  6 50 24 142411    6.19966  150.43153     8793  18.9  0  0  4  6 0 0 1 0 1 0 0 1 0 0 0 1 0 0
2014   2 28  6 50 24 264800  -22.22011  -45.88545     2757  15.1  0  0  5 10 0 0 1 1 1 0 0 1 0 0 0 0 0 1
2014   2 28  6 50 24 721008  -11.03496  -57.56223     3184   9.4  0  0  5  8 0 0 1 1 1 0 0 1 0 0 0 0 0 1
2014   2 28  6 50 25 517943  -16.26574  -51.76042     2437  19.4  0  0  7 21 0 0 1 1 1 0 0 1 0 1 0 1 0 1
2014   2 28  6 50 27   2700  -21.10590  -46.98899     2611  24.8  0  0  7 19 0 0 1 1 1 0 0 1 0 1 0 1 0 1
2014   2 28  6 50 27 117065  -19.01488 -143.79773    16518  10.3  0  0  4  6 0 0 0 1 1 0 0 1 0 0 0 1 0 0
2014   2 28  6 50 27 498250  -19.66770 -140.51944    31249  24.6  1  0  4  6 0 0 1 1 1 0 0 1 0 0 0 0 0 0
2014   2 28  6 50 29 808946   -0.20605  -71.58875     5864  57.6  1  0  6 13 0 0 1 1 1 0 0 1 0 1 0 1 0 0
2014   2 28  6 50 30   2838   -0.65012  -71.09554     6299  42.3  1  0  6 15 0 0 1 1 1 0 0 1 0 1 0 0 0 1
2014   2 28  6 50 30 218579  -21.93574  -45.88578     3042  39.0  0  0  6 14 0 0 1 1 1 0 0 1 0 1 0 0 0 1
2014   2 28  6 50 30 733720  -29.28908  -42.42310     3435  16.6  0  0  5 10 0 0 1 1 1 0 0 1 0 0 0 0 0 1
2014   2 28  6 50 30 786462  -29.44409  -42.30397     4958  17.1  0  0  4  6 0 0 1 1 0 0 0 1 0 0 0 0 0 1
2014   2 28  6 50 30 801170  -21.15245  -46.82433     5091  39.0  1  0  5  7 0 0 1 1 1 0 0 1 0 0 0 0 0 1
2014   2 28  6 50 30 807168  -29.17809  -42.46298     8748  37.3  0  0  6 12 0 0 0 1 1 0 0 1 0 1 0 1 0 1
2014   2 28  6 50 30 970304  -29.28321  -42.45361     3434  16.9  0  0  5 10 0 0 1 1 1 0 0 1 0 0 0 0 0 1
2014   2 28  6 50 30 980937  -29.39466  -42.36387     3473  17.3  0  0  5 10 0 0 1 1 1 0 0 1 0 0 0 0 0 1
2014   2 28  6 50 31 236288  -29.40052  -42.36415     5103  18.3  0  0  4  6 0 0 1 1 0 0 0 1 0 0 0 0 0 1
2014   2 28  6 50 31 343911   -6.04635  -75.50245     5703  33.2  0  0  6 15 0 0 0 1 1 0 0 1 0 1 0 1 0 1
2014   2 28  6 50 33   1318  -20.69968  -47.19259     4247  52.8  2  0  5 10 0 0 1 1 1 0 0 1 0 0 0 0 0 1
2014   2 28  6 50 33 319731  -20.77088  -47.36501     3495  23.6  0  0  5  7 0 0 1 1 1 0 0 1 0 0 0 0 0 1
2014   2 28  6 50 35 819071    6.53740  -77.46414     6700  41.7  1  0  5  9 0 0 1 0 1 0 0 0 0 1 0 1 0 1
2014   2 28  6 50 35 859786    6.73103  -78.26829     8451 111.1  2  0  7 19 0 0 1 1 1 0 0 1 0 1 0 1 0 1
2014   2 28  6 50 36 677028    6.79284  -78.30238     9291 107.3  2  0  6 14 0 0 1 1 1 0 0 1 0 0 0 1 0 1
2014   2 28  6 50 38 388746  -24.09668  -45.90436     5561 101.1  2  0  6 13 0 0 1 1 0 0 0 1 0 1 0 1 0 1
2014   2 28  6 50 39 662083  -29.19058  -42.91844     5001  29.1  0  0  5 10 0 0 1 0 1 0 0 1 0 1 0 0 0 1
2014   2 28  6 50 39 974488  -33.83175  -39.22120     3633  10.4  0  0  5 10 0 0 1 1 1 0 0 1 0 0 0 0 0 1
2014   2 28  6 50 39 985508  -33.82108  -39.24932     3692  11.4  0  0  5 10 0 0 1 1 1 0 0 1 0 0 0 0 0 1
2014   2 28  6 50 39 999805  -33.83469  -39.25469     3659  10.8  0  0  5 10 0 0 1 1 1 0 0 1 0 0 0 0 0 1
2014   2 28  6 50 40  38499  -29.49294  -41.86489     4091  13.9  0  0  4  6 0 0 1 1 1 0 0 1 0 0 0 0 0 0
2014   2 28  6 50 40 753935  -20.83437  -47.17818     2716  16.9  0  0  5 10 0 0 0 1 1 0 0 1 0 1 0 0 0 1
2014   2 28  6 50 40 766041  -20.81967  -47.16867     2677  20.3  0  0  6 14 0 0 1 1 1 0 0 1 0 1 0 0 0 1
2014   2 28  6 50 40 775211  -20.80424  -47.17904     2457  19.9  0  0  7 19 0 0 1 1 1 0 0 1 0 1 0 1 0 1
2014   2 28  6 50 40 984823  -21.02118  -46.88453     2551   1.3  0  0  5 10 0 0 1 1 1 0 0 1 0 0 0 0 0 1
2014   2 28  6 50 41 210392  -21.03685  -46.97512     2632  22.7  0  0  6 13 0 0 0 1 1 0 0 1 0 1 0 1 0 1
2014   2 28  6 50 41 442729    2.79738  -84.61178     4539  20.5  0  0  5  9 0 0 1 1 0 0 0 1 0 0 0 1 0 1
2014   2 28  6 50 42 469997   29.42808 -129.00221     8748  27.2  0  0  6 15 0 0 1 1 1 0 0 0 0 1 0 1 0 1
2014   2 28  6 50 43 132488   20.68796 -113.98706    20593   3.9  0  0  4  6 0 0 0 1 1 0 0 1 0 0 0 1 0 0
2014   2 28  6 50 43 360934    4.91651  -73.61589     4298   4.5  0  0  5  7 0 0 0 0 1 0 0 1 0 1 0 1 0 1
2014   2 28  6 50 44 427800  -21.16532  -47.12951     3603  41.1  1  0  5 10 0 0 1 0 1 0 0 1 0 1 0 0 0 1
2014   2 28  6 50 45 206608  -21.01534  -47.08895     3341  30.0  0  0  5 10 0 0 1 1 1 0 0 1 0 0 0 0 0 1
2014   2 28  6 50 45 576079  -20.99884  -47.19815     3161  46.7  1  0  6 15 0 0 1 1 1 0 0 1 0 1 0 0 0 1
2014   2 28  6 50 45 672201  -21.02005  -47.08849     3492  34.1  1  0  5 10 0 0 1 1 1 0 0 1 0 0 0 0 0 1
2014   2 28  6 50 46 235932  -33.60286  -39.92382     4280  20.8  0  0  5 10 0 0 1 1 1 0 0 1 0 0 0 0 0 1
2014   2 28  6 50 46 729167  -24.99520  -44.84568     3611  35.7  1  0  5 10 0 0 1 1 1 0 0 1 0 0 0 0 0 1
2014   2 28  6 50 46 841788  -34.34455  -39.68931    43221  34.3  1  0  5  8 0 0 0 1 1 0 0 1 0 0 0 1 0 1
2014   2 28  6 50 47  49548    7.50341  -74.88416     9754  33.5  1  0  5  7 0 0 0 1 1 0 0 1 0 0 0 1 0 1
2014   2 28  6 50 47 125702    7.34575  -73.82317     5965  64.2  2  0  6 14 0 0 1 1 1 0 0 1 0 0 0 1 0 1
2014   2 28  6 50 47 675816    8.37404  -82.82034     4956   9.9  0  0  4  6 0 0 1 1 0 0 0 1 0 0 0 1 0 0
2014   2 28  6 50 49 107371  -22.28738  -45.89914     4074  46.5  1  0  5  7 0 0 1 1 1 0 0 1 0 0 0 0 0 1
2014   2 28  6 50 49 206786  -29.34397  -42.58172     3701  22.9  0  0  5 10 0 0 1 1 1 0 0 1 0 0 0 0 0 1
2014   2 28  6 50 49 389089  -12.34685  -74.27354     7620  51.3  1  0  6 15 0 0 0 1 1 0 0 1 0 1 0 1 0 1
2014   2 28  6 50 50 354680  -29.19742  -42.70412     3763  24.6  0  0  5 10 0 0 1 1 1 0 0 1 0 0 0 0 0 1
2014   2 28  6 50 50 809336  -29.18769  -42.72442     2988  22.6  0  0  6 15 0 0 1 1 1 0 0 1 0 1 0 0 0 1
2014   2 28  6 50 51 863981  -29.81315  -42.56198     4775  21.1  1  0  4  6 0 0 1 1 1 0 0 1 0 0 0 0 0 0
2014   2 28  6 50 51 874583  -29.77834  -42.54762     3065  24.0  0  0  6 15 0 0 1 1 1 0 0 1 0 1 0 0 0 1
2014   2 28  6 50 51 939148  -29.81362  -42.50650     4785  41.6  1  0  5  7 0 0 1 1 0 0 0 0 0 1 0 1 0 1
2014   2 28  6 50 52  35235  -29.40470  -42.71078     4616  20.2  1  0  4  6 0 0 1 1 1 0 0 1 0 0 0 0 0 0
2014   2 28  6 50 53 424931  -29.59268  -42.72600     4736  21.3  1  0  4  6 0 0 1 1 1 0 0 1 0 0 0 0 0 0
2014   2 28  6 50 53 468741  -29.57892  -42.80725     4069  29.4  0  0  5 10 0 0 1 1 1 0 0 1 0 0 0 0 0 1
2014   2 28  6 50 56  83735  -13.89862  -43.51477     4807   3.8  0  0  4  6 0 0 1 0 0 0 0 1 0 0 1 0 0 1
2014   2 28  6 50 56 204496  -21.07946  -46.91798     2314  12.2  0  0  7 21 0 0 1 1 1 0 0 1 0 1 1 0 0 1
2014   2 28  6 50 56 237954  -21.10007  -46.87807     2648   4.8  0  0  5 10 0 0 1 1 1 0 0 1 0 0 1 0 0 0
2014   2 28  6 50 56 482123  -21.08876  -46.90121     2945  12.3  0  0  5  8 0 0 1 1 1 0 0 1 0 0 0 0 0 1
2014   2 28  6 50 57   2164  -21.88574  -45.79300     2517  15.1  0  0  6 15 0 0 1 1 1 0 0 1 0 0 1 0 0 1
2014   2 28  6 50 57  37745  -21.89309  -45.79055     2491  13.5  0  0  6 15 0 0 1 1 1 0 0 1 0 0 1 0 0 1
2014   2 28  6 50 57 286540   -4.83196  -72.09003     2908  13.8  0  0  7 21 0 0 0 1 1 0 0 1 0 1 1 1 0 1
2014   2 28  6 50 57 297629   -6.74024    6.45779    17006  15.5  0  0  5  7 0 0 1 1 0 0 0 1 0 0 1 0 0 1
2014   2 28  6 50 57 327868   -4.80592  -72.00262     3134  20.7  0  0  6 15 0 0 1 0 1 0 0 1 0 0 1 1 0 1
2014   2 28  6 50 57 361879   -4.80843  -72.00050     2787  19.2  0  0  7 21 0 0 1 1 1 0 0 1 0 1 1 1 0 0
2014   2 28  6 50 57 592810  -12.93787  156.73271     6688  32.8  0  0  7 20 0 0 1 1 1 0 0 1 0 1 1 1 0 0
2014   2 28  6 50 57 698017  -12.97589  156.86488    10042  33.8  1  0  5 10 0 0 1 1 0 0 0 1 0 0 1 1 0 0
2014   2 28  6 50 57 892951   -4.76895  -71.87514     2857  10.3  0  0  6 14 0 0 1 0 1 0 0 0 0 1 1 1 0 1
2014   2 28  6 50 58  22639    7.18091  -73.83147     3707  17.0  0  0  7 17 0 0 0 1 1 0 0 1 0 1 1 1 0 1
2014   2 28  6 50 58  77146    6.82751  -73.43038     6895   2.6  0  0  4  6 0 0 1 0 0 0 0 1 0 0 1 0 0 1
2014   2 28  6 50 58 143548    6.96011  -73.66840    16106   1.1  0  0  4  6 0 0 0 1 0 0 0 1 0 1 0 0 0 1
2014   2 28  6 50 58 171063  -20.81548  -47.10231     2721  14.4  0  0  5 10 0 0 0 1 1 0 0 1 0 0 1 0 0 1
2014   2 28  6 50 58 541294   -2.70561  -71.62256     3361  18.9  0  0  6 15 0 0 0 1 1 0 0 1 0 0 1 1 0 1
2014   2 28  6 50 59  82449    7.94466  -74.33197    10874  18.6  0  0  6 15 0 0 0 1 1 0 0 1 0 1 1 0 0 1
2014   2 28  6 50 59 357183  -12.25817  -73.21991     3344  20.3  0  0  5 10 0 0 1 1 0 0 0 1 0 0 1 1 0 0
2014   2 28  6 50 59 420159  -29.41631  -42.07202     3177  20.3  0  0  6 15 0 0 1 1 1 0 0 1 0 0 1 0 0 1
2014   2 28  6 51  1 187090   39.37090 -138.21034    16705  41.9  1  0  6 15 0 0 1 1 0 0 0 1 0 0 1 1 0 1
2014   2 28  6 51  1 346821  -20.64734  -47.20020     3535  32.4  1  0  5  9 0 0 0 1 1 0 0 1 0 0 1 0 0 1
2014   2 28  6 51  1 478984  -20.64953  -47.14172     3411  35.6  0  0  6 13 0 0 1 1 1 0 0 1 0 0 1 0 0 1
2014   2 28  6 51  1 498734  -20.60883  -47.26504     4704  45.9  1  0  6 11 0 0 1 1 1 0 0 1 0 0 1 0 0 1
2014   2 28  6 51  1 595351  -21.11810  -46.78539     2965  33.4  0  0  6 15 0 0 1 1 1 0 0 1 0 0 1 0 0 1
2014   2 28  6 51  2 624962  -22.18742  -45.67734     3152  44.0  1  0  6 15 0 0 1 1 1 0 0 1 0 0 1 0 0 1
2014   2 28  6 51  3 159963  -24.91775 -135.58742    11606  55.6  1  0  7 21 0 0 1 1 1 0 0 1 0 0 1 1 0 1
2014   2 28  6 51  3 283490  -24.87371 -135.22327    16279  56.7  1  0  6 15 0 0 1 1 1 0 0 0 0 0 1 1 0 1
2014   2 28  6 51  3 511886  -24.69855 -136.46440     9600  19.7  0  0  5  9 0 0 1 1 0 0 0 1 0 0 1 1 0 0
2014   2 28  6 51  3 679894  -12.13791  -73.44395     5928  68.3  1  0  7 21 0 0 0 1 1 0 0 1 0 1 1 1 0 1
2014   2 28  6 51  3 892461  -12.03312  -73.14886     4264  68.7  1  0  7 20 0 0 1 1 0 0 0 1 0 1 1 1 0 1
2014   2 28  6 51  3 927346  -11.99428  -73.31364     4537  55.3  1  0  6 14 0 0 1 1 0 0 0 1 0 0 1 1 0 1
2014   2 28  6 51  4   2064  -12.01313  -73.24665     5269  59.7  2  0  5 10 0 0 1 1 0 0 0 1 0 0 0 1 0 1
2014   2 28  6 51  4  12266  -11.94976  -73.24150     4188  69.4  1  0  7 21 0 0 1 1 1 0 0 1 0 0 1 1 0 1
2014   2 28  6 51  4  50591  -13.33318  -70.34816     7383  24.6  0  0  5 10 0 0 0 0 1 0 0 1 0 1 1 0 0 1
2014   2 28  6 51  4 120061  -13.10691  -71.98428     7063  78.3  2  0  6 15 0 0 0 1 1 0 0 1 0 1 1 1 0 0
2014   2 28  6 51  4 198198  -12.96496  -71.78963     4250  55.7  1  0  6 15 0 0 1 1 0 0 0 1 0 0 1 1 0 1
2014   2 28  6 51  4 215975  -12.93256  -71.90233     4129  28.7  0  0  5  9 0 0 1 1 0 0 0 1 0 0 1 1 0 0
2014   2 28  6 51  4 234348  -13.24010  -71.21356     5410  38.4  1  0  5 10 0 0 1 0 1 0 0 1 0 0 1 0 0 1
2014   2 28  6 51  5 232420  -22.09906  -45.94137     4257  62.0  2  0  5 10 0 0 0 1 1 0 0 1 0 0 1 0 0 1
2014   2 28  6 51  5 642388   33.68286 -133.29926    16823   6.9  0  0  4  6 0 0 1 1 0 0 0 1 0 0 0 1 0 0
2014   2 28  6 51  6 140290  -21.78206 -140.67065    23598  90.5  2  0  6 15 0 0 1 1 1 0 0 0 0 1 1 1 0 0
2014   2 28  6 51  6 198216  -21.38936 -142.88150    11437  26.2  0  0  5  8 0 0 1 1 0 0 0 1 0 0 1 1 0 0
2014   2 28  6 51  6 255041  -21.93813 -140.45409    15167  72.2  2  0  7 21 0 0 1 0 1 0 0 1 0 1 1 1 0 1
2014   2 28  6 51  6 261954  -21.69941 -141.87161    15759  78.7  2  0  7 21 0 0 1 1 1 0 0 1 0 0 1 1 0 1
2014   2 28  6 51  6 823175  -21.20065 -143.24908    12546  16.8  0  0  4  6 0 0 1 1 0 0 0 1 0 0 0 1 0 0
2014   2 28  6 51  7 306552  -15.94915  -51.42414     4414  77.2  2  0  6 15 0 0 1 0 1 0 0 1 0 1 1 0 0 1
2014   2 28  6 51  7 340270  -15.90107  -51.35138     4637  72.6  2  0  6 14 0 0 1 1 1 0 0 1 0 0 1 0 0 1
2014   2 28  6 51  7 622512  -18.31283 -144.15717    12675  31.4  1  0  5  9 0 0 1 1 0 0 0 1 0 0 1 1 0 0
2014   2 28  6 51  7 714178  -18.20121 -144.37361    13061  19.2  0  0  4  6 0 0 1 1 0 0 0 1 0 0 0 1 0 0
2014   2 28  6 51  8  75544  -18.38326 -148.17387    48184  77.2  2  0  5 10 0 0 0 1 1 0 0 1 0 0 0 1 0 1
2014   2 28  6 51  8 832963   -5.83428  -75.08265     4782  41.3  1  0  5  9 0 0 1 1 0 0 0 1 0 0 1 1 0 0
2014   2 28  6 51  8 975019  -21.04411  -46.90077     3587  27.2  0  0  5 10 0 0 1 1 1 0 0 0 0 0 1 0 0 1
2014   2 28  6 51 10  50707  -20.76760  -47.15348     4605  92.3  2  0  6 15 0 0 1 1 1 0 0 1 0 0 1 0 0 1
2014   2 28  6 51 10  72222    7.23682  -74.55066     7775  85.2  2  0  6 14 0 0 1 0 1 0 0 1 0 0 1 1 0 1
2014   2 28  6 51 10 304525  -21.78339  170.05243   109082 105.3  2  0  6 15 0 0 1 1 1 0 0 1 0 1 0 0 0 1
2014   2 28  6 51 10 833352  -27.67740  -43.62569     6292  70.2  2  0  6 15 0 0 1 0 1 0 0 1 0 1 1 0 0 1
2014   2 28  6 51 10 880166  -27.64402  -43.82453     5728  77.4  2  0  6 15 0 0 1 1 1 0 0 1 0 0 1 0 0 1
2014   2 28  6 51 11 237361  -27.53515  -43.92115     5096  78.3  2  0  6 15 0 0 1 1 1 0 0 0 0 1 1 0 0 1
2014   2 28  6 51 12 240733  -29.53745  -41.91632     2865  13.2  0  0  6 14 0 0 1 1 1 0 0 1 0 0 1 0 0 1
2014   2 28  6 51 12 387023  -29.51733  -41.88772     3340  13.0  0  0  5  9 0 0 1 1 1 0 0 1 0 0 0 0 0 1
2014   2 28  6 51 12 508555  -20.61571  -47.17116     2528   4.9  0  0  5 10 0 0 0 1 1 0 0 1 0 0 1 0 0 1
2014   2 28  6 51 12 553079  -29.57071  -41.87830     3979  15.3  0  0  5 10 0 0 0 1 1 0 0 1 0 0 1 0 0 1
2014   2 28  6 51 12 573273  -20.60372  -47.18012     2669   6.7  0  0  5 10 0 0 1 1 1 0 0 1 0 0 1 0 0 0
2014   2 28  6 51 12 580165  -20.61486  -47.18132     2748   6.6  0  0  5  9 0 0 1 1 1 0 0 1 0 0 0 0 0 1
2014   2 28  6 51 13 323568  -21.08958  -46.87030     2363   3.1  0  0  6 15 0 0 1 1 1 0 0 1 0 0 1 0 0 1
2014   2 28  6 51 14  73676  -20.98199  -46.53165     2390   5.1  0  0  6 15 0 0 1 1 1 0 0 1 0 0 1 0 0 1
2014   2 28  6 51 14 382484  -21.00609  -46.51616     2709   4.0  0  0  5 10 0 0 1 1 1 0 0 0 0 0 1 0 0 1
2014   2 28  6 51 15  76702    6.60132  -78.64258     4983   7.7  0  0  5 10 0 0 0 1 1 0 0 1 0 0 0 1 0 1
2014   2 28  6 51 16 132606  -22.22897  -45.95309     2846  17.9  0  0  5 10 0 0 1 1 1 0 0 1 0 0 0 0 0 1
2014   2 28  6 51 16 922462    5.23910  150.17096     7183  35.4  0  0  6 15 0 0 1 1 1 0 0 1 0 1 0 1 0 0
2014   2 28  6 51 17  15138    5.85817  149.84811    21390  27.3  0  0  5  7 0 0 1 1 1 0 0 1 0 0 1 0 0 0
2014   2 28  6 51 17 760013    7.07799  -75.10332     4162  40.6  0  0  7 19 0 0 1 1 1 0 0 1 0 0 1 1 0 1
2014   2 28  6 51 18 179464  -29.62657  -41.90944     5317  31.0  1  0  5 10 0 0 1 0 1 0 0 1 0 0 1 0 0 1
2014   2 28  6 51 18 190977  -29.60754  -42.05579     4833  35.0  1  0  5 10 0 0 1 1 0 0 0 1 0 0 1 0 0 1
2014   2 28  6 51 18 408533  -29.36332  -42.26550     4259  20.7  0  0  5 10 0 0 0 1 1 0 0 1 0 0 1 0 0 1
2014   2 28  6 51 18 615248  -20.61810  -47.05735     2711   9.7  0  0  5 10 0 0 1 0 1 0 0 1 0 0 1 0 0 1
2014   2 28  6 51 18 638158  -20.76801  -47.04603     2771   7.6  0  0  5 10 0 0 1 1 1 0 0 0 0 0 1 0 0 1
2014   2 28  6 51 18 716746  -20.68778  -47.18731     3536  33.9  1  0  5 10 0 0 1 1 1 0 0 1 0 0 0 0 0 1
2014   2 28  6 51 18 788482  -21.05285  -46.95517     3251  48.7  0  0  7 17 0 0 1 0 1 0 0 1 0 1 1 1 0 1
2014   2 28  6 51 18 889500  -21.96666  -45.78133     3068  35.0  0  0  6 15 0 0 1 1 1 0 0 1 0 0 1 0 0 1
2014   2 28  6 51 18 901549  -21.97261  -45.80505     3495  37.5  1  0  5 10 0 0 0 1 1 0 0 1 0 0 1 0 0 1
2014   2 28  6 51 19  24026  -21.98462  -45.79871     3105  36.4  0  0  6 15 0 0 1 1 1 0 0 1 0 0 1 0 0 1
2014   2 28  6 51 19  48961  -21.98062  -45.79630     3087  35.7  0  0  6 15 0 0 1 1 1 0 0 1 0 0 1 0 0 1
2014   2 28  6 51 19  58720  -21.99856  -45.79362     3088  35.5  0  0  6 15 0 0 1 1 1 0 0 1 0 0 1 0 0 1
2014   2 28  6 51 19 152462  -21.81138  -46.63204     3067  51.1  1  0  7 19 0 0 1 1 0 0 0 1 0 1 1 1 0 1
2014   2 28  6 51 19 205259  -22.02239  -46.26702     3459  58.3  1  0  6 15 0 0 0 1 1 0 0 1 0 1 1 0 0 1
2014   2 28  6 51 19 231192  -21.95970  -46.26328     3527  73.1  2  0  7 21 0 0 1 1 1 0 0 1 0 0 1 1 0 1
2014   2 28  6 51 19 290499  -20.56540  -46.54400     3549  69.9  1  0  7 21 0 0 1 1 1 0 0 1 0 0 1 1 0 1
2014   2 28  6 51 19 298436  -22.03654  -46.21450     4101  34.0  0  0  6 11 0 0 1 1 1 0 0 1 0 0 1 0 0 1
2014   2 28  6 51 19 334809  -22.01050  -46.26931     3199  57.5  1  0  7 20 0 0 1 1 1 0 0 1 0 1 1 0 0 1
2014   2 28  6 51 19 372885  -22.02089  -46.27398     3166  58.3  1  0  7 21 0 0 1 1 1 0 0 1 0 1 1 0 0 1
2014   2 28  6 51 19 414960  -21.92829  -46.32848     3964  89.9  2  0  7 18 0 0 1 1 1 0 0 1 0 1 0 1 0 1
2014   2 28  6 51 19 542216  -21.82021  -46.58205     2943  41.7  0  0  7 20 0 0 1 0 1 0 0 1 0 1 1 1 1 0
2014   2 28  6 51 19 559510  -22.01398  -46.11914     3376  65.8  1  0  7 20 0 0 1 1 1 0 0 1 1 0 1 0 0 1
2014   2 28  6 51 20 334033  -22.57669  -45.62990     4020  53.2  2  0  5 10 0 0 0 1 1 0 0 1 0 0 1 0 0 1
2014   2 28  6 51 21  22466   -9.48471  159.72334    13385  58.7  1  0  6 15 0 0 1 0 1 0 0 1 0 1 0 1 0 1
2014   2 28  6 51 21 328129  -20.64602  -47.28991     4620  78.6  2  0  6 11 0 0 0 0 1 0 0 1 0 1 1 1 0 1
2014   2 28  6 51 21 590280  -21.15348  -49.46817     3501  75.1  2  0  7 19 0 0 1 1 1 0 0 1 0 1 1 0 0 1
2014   2 28  6 51 21 710098  -12.85017  -71.59205     4259  74.1  2  0  7 21 0 0 1 0 1 0 0 1 0 1 1 1 0 1
2014   2 28  6 51 21 732766  -12.84157  -71.60019     4256  74.3  2  0  7 21 0 0 1 0 1 0 0 1 0 1 1 1 0 1
2014   2 28  6 51 21 794616  -12.83988  -71.58005     4275  75.0  2  0  7 21 0 0 1 0 1 0 0 1 0 1 1 1 0 1
2014   2 28  6 51 21 830783  -12.82439  -71.85864     5844  97.7  2  0  6 15 0 0 1 1 0 0 0 1 0 1 1 1 0 0
2014   2 28  6 51 22 407139  -18.56581 -143.40161    26985  69.0  2  0  5 10 0 0 1 1 1 0 0 0 0 0 1 1 0 0
2014   2 28  6 51 22 624154  -29.37353  -42.27072     6838  60.9  2  0  5 10 0 0 1 1 0 0 0 1 0 0 1 0 0 1
2014   2 28  6 51 22 755105  -18.34563 -144.27214    11796  29.3  0  0  5 10 0 0 1 1 0 0 0 1 0 0 1 1 0 0
2014   2 28  6 51 23  18399  -21.13350  -46.93779     4585  63.7  2  0  6 11 0 0 1 1 1 0 0 1 0 0 1 0 0 1
2014   2 28  6 51 23  92284  -22.26382  -45.63478     4438  61.2  2  0  5  9 0 0 0 1 1 0 0 1 0 0 1 0 0 1
2014   2 28  6 51 23 362379  -20.63779  -47.36051     5464  95.3  2  0  6 14 0 0 1 0 1 0 0 1 0 1 1 1 0 0
2014   2 28  6 51 23 739997  -20.78852  -47.31324     3649  88.1  2  0  7 21 0 0 1 1 1 0 0 1 0 1 1 0 0 1
2014   2 28  6 51 24  79444  -20.70087  -47.44218     4178  80.4  2  0  6 15 0 0 1 1 1 0 0 1 0 1 1 0 0 0
2014   2 28  6 51 25  88413   -2.63892    3.46635    58452  89.9  2  0  6 11 0 0 1 1 1 0 0 1 0 0 1 0 0 1
2014   2 28  6 51 27 157058  -29.85838  -42.27392     6729  87.3  2  0  6 15 0 0 1 1 1 0 0 1 0 0 1 0 0 1
2014   2 28  6 51 27 164408  -29.74106  -42.74676     4049  63.2  1  0  7 18 0 0 1 1 1 0 0 1 0 1 0 1 0 1
2014   2 28  6 51 27 187561  -29.83667  -42.65537     3601   4.9  0  0  4  6 0 0 1 1 1 0 0 1 0 0 0 0 0 0
2014   2 28  6 51 28 782367  -24.56207  -45.41184     3611  22.3  0  0  5 10 0 0 1 1 0 0 0 1 0 0 0 1 0 1
2014   2 28  6 51 28 793501  -24.58304  -45.37446     2911  13.9  0  0  5 10 0 0 1 1 1 0 0 1 0 0 0 0 0 1
2014   2 28  6 51 28 816765  -24.57358  -45.36715     2694  14.0  0  0  6 15 0 0 1 1 1 0 0 1 0 0 1 0 0 1
2014   2 28  6 51 30 890356    2.44394  -68.45803     4169  18.3  0  0  5  8 0 0 1 0 1 0 0 1 0 0 0 1 0 1
2014   2 28  6 51 31 153985  -20.80746  -47.13018     3035  28.3  0  0  6 12 0 0 1 0 1 0 0 1 0 1 1 0 0 1
2014   2 28  6 51 31 233352  -20.61615  -47.14214     3102  18.8  0  0  5  9 0 0 0 1 1 0 0 1 0 0 1 0 0 1
2014   2 28  6 51 31 242225  -20.61506  -47.16441     3365  19.7  0  0  5  8 0 0 0 1 1 0 0 1 0 0 1 0 0 1
2014   2 28  6 51 31 699621  -21.93937  -45.79601     2915  21.8  0  0  5 10 0 0 0 1 1 0 0 1 0 0 1 0 0 1
2014   2 28  6 51 32  95694  -16.38668  -51.71558     3018  32.3  0  0  6 15 0 0 1 0 1 0 0 1 0 1 1 0 0 1
2014   2 28  6 51 32 473598  -16.39362  -51.66904     3577  21.0  0  0  5  8 0 0 0 1 1 0 0 1 0 0 1 0 0 1
2014   2 28  6 51 32 510708  -16.40519  -51.72209     4745  38.6  1  0  5  9 0 0 1 0 1 0 0 1 0 1 1 0 0 0
2014   2 28  6 51 33  95266  -21.72248 -142.04553    12424   2.4  0  0  4  6 0 0 0 1 0 0 0 1 0 0 1 1 0 0
2014   2 28  6 51 33 156579  -24.62908  -45.42746     3272  34.8  0  0  6 15 0 0 1 1 1 0 0 1 0 0 1 0 0 1
2014   2 28  6 51 33 169298  -24.52322  -45.53072     3037  38.4  0  0  7 21 0 0 0 1 1 0 0 1 0 1 1 1 0 1
2014   2 28  6 51 33 414208  -24.62726  -45.77819     4114  42.8  1  0  5  9 0 0 1 1 1 0 0 1 0 0 0 1 0 0
2014   2 28  6 51 33 824354    6.74094  -78.89513     7552  22.7  0  0  5 10 0 0 0 1 1 0 0 1 0 0 0 1 0 1
2014   2 28  6 51 33 868567    6.00807  -77.40207     7224  34.1  0  0  6 15 0 0 1 0 1 0 0 1 0 1 1 0 0 1
2014   2 28  6 51 34  30494    6.77902  -78.40429     6959  43.9  1  0  6 12 0 0 0 1 1 0 0 1 0 0 1 1 0 1
2014   2 28  6 51 34 136949  -29.53403  -41.89000     5585  32.4  1  0  5 10 0 0 1 0 1 0 0 1 0 0 1 0 0 1
2014   2 28  6 51 34 162025  -29.49091  -42.09194     4003  36.1  0  0  6 15 0 0 1 1 1 0 0 1 0 0 1 0 0 1
2014   2 28  6 51 34 245666  -29.47956  -42.10180     4814  39.3  1  0  5 10 0 0 1 1 1 0 0 0 0 0 1 0 0 1
2014   2 28  6 51 34 368424  -29.49877  -42.00004     7613  43.1  1  0  5  7 0 0 1 0 1 0 0 1 0 0 1 1 0 0
2014   2 28  6 51 34 471562  -29.16287  -42.46833     3762  23.0  0  0  6 15 0 0 0 1 1 0 0 1 0 1 1 0 0 1
2014   2 28  6 51 34 861336   -4.30181  -71.56020     4022  64.6  1  0  7 21 0 0 1 1 1 0 0 1 0 1 1 1 0 0
2014   2 28  6 51 34 903603  -29.44109  -42.26440     3569  43.0  0  0  7 21 0 0 1 1 1 0 0 1 0 1 1 0 0 1
2014   2 28  6 51 35 100853  -29.47397  -42.18253     4295  41.8  1  0  6 15 0 0 1 1 1 0 0 1 0 0 1 0 0 1
2014   2 28  6 51 35 619979   -5.11311  145.51411     7525  77.8  2  0  7 19 0 0 0 1 1 0 0 1 0 1 1 1 0 1
2014   2 28  6 51 36  15734  -21.10781  -47.07210     3707  74.4  2  0  7 16 0 0 1 1 1 0 0 1 0 1 0 1 0 1
2014   2 28  6 51 36  23026  -21.99417  -45.82792     3728  40.3  1  0  5  9 0 0 1 1 1 0 0 1 0 0 0 0 0 1
2014   2 28  6 51 36 306283   -8.81908  -76.41817     4860  77.5  2  0  7 21 0 0 1 1 1 0 0 0 0 1 1 1 0 1
2014   2 28  6 51 36 380264  -21.48392  -46.15950     3532  21.4  0  0  5  9 0 0 1 1 1 0 0 0 0 0 1 0 0 1
2014   2 28  6 51 37 807337  -18.36456 -144.15842    12403  17.2  0  0  4  6 0 0 1 1 0 0 0 1 0 0 0 1 0 0
2014   2 28  6 51 37 884332  -20.01579 -139.71619    37770  84.1  2  0  6 15 0 0 1 1 1 0 0 1 0 1 0 0 0 1
2014   2 28  6 51 38  23310  -18.77665 -142.03780    17225  85.0  2  0  7 21 0 0 1 1 1 0 0 0 0 1 1 1 0 1
2014   2 28  6 51 38 325012    7.04940  -74.46764     5610  74.0  2  0  7 21 0 0 1 0 1 0 0 1 0 1 1 1 0 1
2014   2 28  6 51 38 403233    7.10311  -74.70920     5817  78.1  2  0  7 19 0 0 1 1 1 0 0 1 0 0 1 1 0 1
2014   2 28  6 51 38 445479  -18.44858 -145.00616    32664  65.0  2  0  5 10 0 0 0 1 0 0 0 1 0 0 1 1 0 1
2014   2 28  6 51 38 826367  -12.53932  156.81825    77951  77.1  2  0  6 15 0 0 1 1 1 0 0 0 0 0 1 1 0 1
2014   2 28  6 51 39  82410  -24.86214  -45.06310     5455  52.6  2  0  5  9 0 0 1 1 1 0 0 1 0 0 0 0 0 1
2014   2 28  6 51 39  89239  -24.84450  -44.83960     6070  54.4  2  0  5 10 0 0 1 0 1 0 0 1 0 0 1 0 0 1
2014   2 28  6 51 39 251655  -21.87542 -139.79066    10076  50.7  1  0  7 21 0 0 1 0 1 0 0 0 0 1 1 1 1 1
2014   2 28  6 51 39 264099  -21.32400 -143.33704    12187  28.2  0  0  5  9 0 0 1 1 0 0 0 1 0 0 1 1 0 0
2014   2 28  6 51 39 283440  -21.74351 -140.88556    19612  95.7  2  0  7 21 0 0 1 1 1 0 0 0 0 1 1 1 0 1
2014   2 28  6 51 39 692326   -4.78560  -72.74445     5176  57.5  1  0  7 21 0 0 0 1 1 0 0 1 0 1 0 1 1 1
2014   2 28  6 51 39 729385   -4.51698  -71.56570     4916  84.8  2  0  7 21 0 0 1 0 1 0 0 1 0 1 1 1 0 1
2014   2 28  6 51 39 773912   -6.40642  -70.27722    15752  80.8  2  0  6 15 0 0 1 1 1 0 0 0 0 1 1 0 0 1
2014   2 28  6 51 39 887028   -4.52360  -71.90215     4815  93.3  2  0  7 21 0 0 1 1 1 0 0 1 0 0 0 1 1 1
2014   2 28  6 51 40 349800  -29.34653  -42.36576     7150  71.4  2  0  5 10 0 0 1 1 1 0 0 1 0 0 1 0 0 0
2014   2 28  6 51 40 371665  -29.30758  -42.39478     5875  72.5  2  0  6 15 0 0 1 1 1 0 0 1 0 0 1 0 0 1
2014   2 28  6 51 40 861575  -29.28882  -42.42754     5995  74.8  2  0  6 15 0 0 1 1 1 0 0 1 0 0 1 0 0 1
2014   2 28  6 51 41 463904  -14.40819  -44.02488     4157  87.1  2  0  6 15 0 0 1 1 1 0 0 1 0 0 1 0 0 1
2014   2 28  6 51 41 697753  -20.75199  -49.93604     4181  93.2  2  0  7 16 0 0 1 1 1 0 0 1 0 1 1 0 0 1
2014   2 28  6 51 41 737296  -20.61012  -50.00957     4232  69.4  2  0  6 11 0 0 1 0 1 0 0 1 0 1 0 1 0 1
2014   2 28  6 51 42 326618  -24.79881  -45.22013     4074  88.9  2  0  7 21 0 0 1 1 1 0 0 1 0 1 1 1 0 0
2014   2 28  6 51 42 807567  -22.34054  -45.90067     4596  94.9  2  0  6 15 0 0 1 1 1 0 0 1 0 0 1 0 0 1
2014   2 28  6 51 44 425468   -5.13722  145.32820     7669  39.8  1  0  5  9 0 0 0 1 1 0 0 1 0 0 1 1 0 0
2014   2 28  6 51 44 481596    6.72360  145.45450    12369  47.8  1  0  5  9 0 0 0 1 0 0 0 1 0 0 1 1 0 1
2014   2 28  6 51 44 766969  -20.93039  -46.45948     2383   4.2  0  0  6 15 0 0 1 1 1 0 0 1 0 0 1 0 0 1
2014   2 28  6 51 45  91225  -21.05317  -47.00269     2646   4.4  0  0  5 10 0 0 1 1 1 0 0 1 0 0 1 0 0 0
2014   2 28  6 51 45 125468  -21.01896  -46.99157     2394   6.8  0  0  6 15 0 0 1 1 1 0 0 1 0 0 1 0 0 1
2014   2 28  6 51 45 640084  -21.02069  -47.00843     2779   9.8  0  0  5 10 0 0 1 1 1 0 0 1 0 0 1 0 0 0
2014   2 28  6 51 45 724535  -20.94651  -47.12338     3681  55.8  1  0  6 14 0 0 0 1 1 0 0 1 0 0 1 1 0 1
2014   2 28  6 51 45 896183  -21.05705  -46.98436     3016   6.5  0  0  5  8 0 0 1 1 1 0 0 0 0 0 1 0 0 1
2014   2 28  6 51 45 945884  -21.01850  -47.06374     2674  15.4  0  0  5 10 0 0 1 1 0 0 0 1 0 1 0 0 0 1
2014   2 28  6 51 46   3196  -21.03946  -47.08204     2437   4.0  0  0  5 10 0 0 0 1 1 0 0 1 0 1 0 0 0 1
2014   2 28  6 51 46 443933  -20.79276  -48.64564     2970  38.0  0  0  7 19 0 0 0 1 1 0 0 1 0 1 1 1 1 0
2014   2 28  6 51 47 564951  -11.26330  162.09386    55299  34.3  0  0  6 15 0 0 1 1 1 0 0 1 0 0 1 0 0 1
2014   2 28  6 51 47 859572  -20.65549  -47.15163     3274  29.4  0  0  5 10 0 0 0 1 1 0 0 1 0 0 1 0 0 1
2014   2 28  6 51 48 347786  -20.58434  -47.25251     3167   9.2  0  0  4  6 0 0 1 1 0 0 0 1 0 0 1 0 0 0
2014   2 28  6 51 49 203638    4.88279  -84.67599     9561  43.2  1  0  6 14 0 0 1 1 1 0 0 1 0 0 1 0 0 1
2014   2 28  6 51 49 215861    5.35609  -85.04927     4789  43.6  0  0  7 21 0 0 1 0 1 0 0 1 0 1 1 1 0 1
2014   2 28  6 51 49 259819  -22.77851  -45.90993     4082  37.4  1  0  5 10 0 0 1 1 1 0 0 1 0 0 1 0 0 0
2014   2 28  6 51 49 321180    5.48243  -85.32282     5677  45.8  1  0  6 15 0 0 1 1 0 0 0 1 0 1 1 1 0 0
2014   2 28  6 51 50 150796  -21.98173  -45.81192     3720  45.7  1  0  5 10 0 0 0 1 1 0 0 1 0 0 1 0 0 1
2014   2 28  6 51 50 684443  -29.02855  -42.49739     4276  22.9  0  0  5 10 0 0 0 1 1 0 0 1 0 1 1 0 0 0
2014   2 28  6 51 51 666843  -14.41508  -43.73809     2960  39.5  0  0  6 14 0 0 1 1 1 0 0 1 0 1 0 0 0 1
2014   2 28  6 51 52 142987  -12.15804  -73.36855    10360  81.9  2  0  6 15 0 0 0 1 1 0 0 0 0 1 1 1 0 1
2014   2 28  6 51 52 419198    6.23361  -73.12267    36825  74.6  2  0  5 10 0 0 0 1 1 0 0 1 0 0 1 0 0 1
2014   2 28  6 51 52 449895  -12.05441  -73.28376     5147  76.4  2  0  6 15 0 0 1 1 1 0 0 1 0 0 1 1 0 0
2014   2 28  6 51 52 585139  -12.05665  -73.12670     5365  79.2  2  0  6 15 0 0 1 1 1 0 0 0 0 0 1 1 0 1
2014   2 28  6 51 53  75626  -18.55883 -143.76126    17025  24.5  1  0  4  6 0 0 1 1 0 0 0 0 0 0 1 1 0 0
2014   2 28  6 51 53 559662  -25.16453 -129.79984   176490  74.8  2  0  5 10 0 0 1 1 1 0 0 0 0 0 1 0 0 1
2014   2 28  6 51 53 706884  -15.99096  -51.56681     5094  83.7  2  0  6 15 0 0 1 0 1 0 0 1 0 1 1 1 0 0
2014   2 28  6 51 53 759176  -15.99863  -51.62613     3899  89.6  2  0  7 21 0 0 1 1 1 0 0 1 0 0 1 1 0 1
2014   2 28  6 51 53 857032  -15.87994  -51.41101     5797 103.0  2  0  6 13 0 0 1 0 1 0 0 1 0 0 1 1 0 1
2014   2 28  6 51 54 871336   -6.05249  -74.74317     6380 101.7  2  0  6 15 0 0 1 1 1 0 0 1 0 0 0 1 0 1
2014   2 28  6 51 55 227951    1.19547    0.93078    16073  91.4  2  0  7 21 0 0 1 1 1 0 0 1 0 0 1 1 0 1
2014   2 28  6 51 55 527503  -15.59283 -141.89949    36803  95.3  2  0  6 15 0 0 0 1 1 0 0 1 0 0 1 1 0 1
2014   2 28  6 51 55 670529  -16.22778  -51.95947     2920   1.6  0  0  4  6 0 0 1 1 0 0 0 1 0 0 1 0 0 0
2014   2 28  6 51 55 678590  -16.41331  -51.65499     4877  92.0  2  0  6 15 0 0 1 1 1 0 0 1 0 0 1 0 0 1
2014   2 28  6 51 56 502186  -30.03200  -42.26997     5217  80.0  2  0  7 20 0 0 1 1 1 0 0 1 0 1 1 0 0 1
2014   2 28  6 51 56 542033  -30.05863  -42.14786     6649  84.1  2  0  6 15 0 0 1 1 1 0 0 1 0 0 1 0 0 1
2014   2 28  6 51 56 567391   17.22562  -67.28239     7608  34.8  1  0  5 10 0 0 1 0 1 0 0 0 1 0 1 0 0 1
2014   2 28  6 51 56 596109  -30.07056  -42.13885     5726  95.0  2  0  7 19 0 0 1 1 0 0 0 1 0 1 1 1 0 1
2014   2 28  6 51 57 226364  -28.08367 -136.30174    11386  10.4  0  0  4  6 0 0 1 0 0 0 0 1 0 0 1 1 0 0
2014   2 28  6 51 57 641710   -0.14207  -14.76889    29539 111.6  2  0  6 15 0 0 1 1 1 0 0 0 0 0 1 1 0 1
2014   2 28  6 51 57 673513   -0.55791  -15.55705    19232 109.1  2  0  7 17 0 0 1 1 1 0 0 1 0 0 1 1 0 1
2014   2 28  6 51 57 725045  -21.21408  -46.77959     4638  94.2  2  0  6 15 0 0 1 1 1 0 0 1 0 0 1 0 0 1
2014   2 28  6 51 57 803405  -11.18707  -57.26090     6488 110.3  2  0  6 14 0 0 1 1 1 0 0 1 0 0 1 0 0 1
2014   2 28  6 51 57 959392  -21.09961  -46.79557     5608 102.2  2  0  6 13 0 0 1 0 1 0 0 1 0 1 1 0 0 1
2014   2 28  6 51 58 183143  -21.24202  -46.75937     4733  97.6  2  0  6 15 0 0 1 1 1 0 0 1 0 0 1 0 0 1
2014   2 28  6 51 58 880534   37.77723 -138.58922    20603   7.0  0  0  4  6 0 0 1 1 0 0 0 1 0 0 0 1 0 0
2014   2 28  6 51 59  15765  -29.76098  -42.42177     5858 110.1  2  0  7 20 0 0 1 1 1 0 0 1 0 1 1 1 0 0
2014   2 28  6 51 59  25648  -29.80891  -42.35762     7382  98.5  2  0  6 15 0 0 1 1 1 0 0 1 0 0 1 0 0 1
2014   2 28  6 51 59  37120  -29.78101  -42.44777     5377  93.5  2  0  7 21 0 0 1 1 1 0 0 1 0 1 1 0 0 1
2014   2 28  6 51 59 106534  -29.74090  -42.74244     3623  34.9  0  0  6 15 0 0 1 1 1 0 0 1 0 1 0 0 0 1
2014   2 28  6 51 59 433738  -27.65355  -43.87822     5356 107.3  2  0  7 19 0 0 1 1 1 0 0 1 0 1 1 1 0 0
2014   2 28  6 51 59 499208  -27.59081  -43.92260     4619  84.4  2  0  7 21 0 0 1 1 1 0 0 1 0 1 1 0 0 1
2014   2 28  6 51 59 620135    2.67885  -84.86077     9256 134.2  2  0  7 21 0 0 1 1 1 0 0 1 0 0 1 1 0 1
2014   2 28  6 51 59 679780    1.29237  -83.29894    15566 133.2  2  0  7 21 0 0 1 1 1 0 0 1 0 1 1 0 0 1
2014   2 28  6 51 59 708046  -27.67149  -44.12563     5805  27.9  1  0  4  6 0 0 1 0 1 0 0 1 0 1 0 0 0 0
2014   2 28  6 51 59 746617    2.66728  -84.86345     9584 140.2  2  0  7 21 0 0 1 1 0 0 0 1 0 1 1 1 0 1
2014   2 28  6 51 59 825818  -27.61088  -43.87904     6421  92.3  2  0  6 15 0 0 1 1 1 0 0 1 0 0 1 0 0 1
2014   2 28  6 51 59 999890  -27.13548  -44.27306     3888  56.9  1  0  7 16 0 0 0 1 1 0 0 1 0 1 1 1 0 1
2014   2 28  6 52  0  92170  -27.90654  -43.15466     3308   8.2  0  0  5 10 0 0 0 1 1 0 0 1 0 0 1 0 0 1
2014   2 28  6 52  0 504497    2.31695  -17.73376     8995  64.2  2  0  6 12 0 0 1 1 1 0 0 0 1 0 0 1 0 1
2014   2 28  6 52  0 654351    7.07186  -73.57713     3717   8.3  0  0  5  8 0 0 1 1 0 0 0 0 0 1 1 1 0 0
2014   2 28  6 52  0 960360    7.09993  -73.64387     4164  11.0  0  0  5  7 0 0 1 1 0 0 0 1 0 0 0 1 0 1
2014   2 28  6 52  1 167487    7.08803  -73.64134     3769  10.4  0  0  5  8 0 0 1 1 0 0 0 1 0 0 0 1 0 1
2014   2 28  6 52  1 389596    7.08525  -73.58813     8602  10.8  0  0  5 10 0 0 1 1 1 0 0 0 0 0 1 0 0 1
2014   2 28  6 52  1 547657  -20.56787  -46.43056     3277  18.4  0  0  4  6 0 0 0 0 0 0 0 1 0 1 1 0 0 1
2014   2 28  6 52  1 554793    7.09103  -73.65468     3110  11.4  0  0  6 14 0 0 1 1 1 0 0 1 0 0 0 1 0 1
2014   2 28  6 52  1 660241    0.48655  155.81593    12353   6.7  0  0  4  6 0 0 1 0 0 0 0 1 0 1 1 0 0 0
2014   2 28  6 52  1 883281    6.61117  -73.37649     9261   9.0  0  0  5 10 0 0 0 1 1 0 0 1 0 0 1 0 0 1
2014   2 28  6 52  2 347394  -28.11660 -134.23769     5872  17.5  0  0  7 21 0 0 1 1 1 0 0 1 0 0 1 1 0 1
2014   2 28  6 52  2 747936    4.33012  -83.23148     3673  24.7  0  0  7 20 0 0 1 0 1 0 0 1 0 1 1 1 0 1
2014   2 28  6 52  2 775758    4.36716  -83.34020     3336  22.0  0  0  7 21 0 0 1 1 1 0 0 1 0 0 1 1 0 1
2014   2 28  6 52  2 921224   -4.16792  -71.76438     4777  28.4  0  0  5  9 0 0 0 1 1 0 0 1 0 0 1 1 0 0
2014   2 28  6 52  3 464030  -20.52492  -49.10416     3408  35.7  0  0  6 11 0 0 1 1 1 0 0 1 0 0 0 1 0 1
2014   2 28  6 52  3 711316  -21.91330  -45.76854     2975  22.9  0  0  5 10 0 0 1 0 1 0 0 1 0 0 1 0 0 1
2014   2 28  6 52  3 800143  -20.66590  -47.36174     3331  26.8  0  0  5 10 0 0 0 1 1 0 0 1 0 0 0 1 0 1
2014   2 28  6 52  3 822016  -20.64477  -47.26524     2622  30.7  0  0  7 19 0 0 1 1 1 0 0 1 0 1 0 1 0 1
2014   2 28  6 52  4  54467  -20.73757  -47.19024     3303  43.1  1  0  6 15 0 0 1 1 0 0 0 0 0 0 1 1 1 1
2014   2 28  6 52  6 150771  -29.04659  -42.44722     3524  29.0  0  0  7 19 0 0 0 1 1 0 0 1 0 1 1 1 0 1
2014   2 28  6 52  6 433659  -22.52696  -45.68892     3822  43.9  1  0  5  9 0 0 1 1 1 0 0 1 0 0 0 0 0 1
2014   2 28  6 52  6 569106  -29.36905  -42.35098     3268  13.8  0  0  5 10 0 0 1 1 1 0 0 1 0 0 0 0 0 1
2014   2 28  6 52  6 631171  -33.24818  -40.19713    10193  33.1  0  0  6 14 0 0 0 1 1 0 0 1 0 1 0 1 0 1
2014   2 28  6 52  6 829748    5.94262  -85.80835     6592  51.2  1  0  6 14 0 0 1 1 1 0 0 1 0 0 1 1 0 0
2014   2 28  6 52  7 162576  -20.65055  -47.24307     4301  47.0  1  0  5  8 0 0 0 1 1 0 0 1 0 0 1 0 0 1
2014   2 28  6 52  8 123532    0.55218    3.19654    23425  55.6  1  0  6 14 0 0 1 1 1 0 0 1 0 0 1 0 0 1
2014   2 28  6 52  9  36149  -21.91510  -45.95573     3943  95.6  2  0  7 19 0 0 0 1 1 0 0 1 0 1 1 1 0 1
2014   2 28  6 52  9  81388  -21.92850  -45.95602     4323  83.2  2  0  6 15 0 0 1 1 1 0 0 1 0 0 0 1 0 1
2014   2 28  6 52 10 365430  -23.45162 -138.39778    31032  84.9  2  0  7 21 0 0 1 1 1 0 0 1 0 1 1 0 0 1
2014   2 28  6 52 11   1667  -24.21387  -45.62106     4391  72.1  2  0  6 15 0 0 1 1 1 0 0 1 0 0 1 0 0 1
2014   2 28  6 52 11 239439  -12.63245  -71.85834     4701  92.0  2  0  7 21 0 0 1 1 1 0 0 1 0 0 1 1 0 1
2014   2 28  6 52 11 266724  -14.38384  -42.80370     7889  34.0  1  0  5 10 0 0 1 0 1 0 0 1 0 0 1 0 0 1
2014   2 28  6 52 11 338989    6.14056  -71.85324     5382  86.6  2  0  7 20 0 0 1 1 1 0 0 1 0 0 1 1 0 1
2014   2 28  6 52 11 884131    7.01205  -74.41996     5776  77.1  2  0  7 21 0 0 1 0 1 0 0 1 0 1 1 1 0 1
2014   2 28  6 52 12 647100  -20.68197  -47.27967     3814  98.9  2  0  7 21 0 0 1 1 1 0 0 1 0 1 1 0 0 1
2014   2 28  6 52 12 737899  -29.45806  -42.34653     6211  77.9  2  0  6 15 0 0 1 1 1 0 0 1 0 0 1 0 0 1
2014   2 28  6 52 12 907221    1.61437    2.59645    19835  41.4  1  0  5  8 0 0 1 1 0 0 0 1 0 0 1 1 0 0
2014   2 28  6 52 14 446201  -12.11948  -73.51508     6102  99.4  2  0  6 15 0 0 1 1 0 0 0 1 0 0 1 1 0 1
2014   2 28  6 52 14 462389  -20.75632  -47.17513     4779  96.8  2  0  6 15 0 0 1 1 1 0 0 1 0 0 1 0 0 1
2014   2 28  6 52 14 861004  -12.12213  -73.52029     6708 113.7  2  0  6 15 0 0 1 1 1 0 0 1 0 0 1 1 0 0
2014   2 28  6 52 15 209871  -12.16257  -73.11764     5176 102.1  2  0  7 21 0 0 1 0 1 0 0 1 0 1 1 1 0 1
2014   2 28  6 52 15 758991   20.66760  -83.21889    27382 116.7  2  0  7 21 0 0 1 1 1 0 0 1 0 1 1 0 0 1
2014   2 28  6 52 16  25821  -21.12462  -49.29616     2401  12.2  0  0  7 17 0 0 1 1 1 0 0 1 0 1 1 0 0 1
2014   2 28  6 52 16  89479  -11.96125  -72.87479     2487  10.6  0  0  7 21 0 0 1 1 1 0 0 1 0 0 1 1 0 1
2014   2 28  6 52 16 128985  -12.01075  -72.76825     4513  11.5  0  0  6 15 0 0 0 1 1 0 0 1 0 1 1 0 0 1
2014   2 28  6 52 16 459293   29.98328 -131.79593     6530   9.6  0  0  6 15 0 0 1 1 1 0 0 1 0 0 1 1 0 0
2014   2 28  6 52 16 692408  -32.40335 -133.43214    10993   6.5  0  0  6 15 0 0 1 1 1 0 0 1 0 0 1 0 0 1
2014   2 28  6 52 16 706939  -32.30607 -133.90950     6485   8.9  0  0  6 15 0 0 1 1 0 0 0 1 0 0 1 1 0 1
2014   2 28  6 52 16 761187  -32.30390 -133.83858     5234   9.1  0  0  7 21 0 0 1 1 1 0 0 1 0 1 1 1 0 0
2014   2 28  6 52 17 233294  -12.32864  163.66902    41094   6.8  0  0  5  9 0 0 1 1 1 0 0 1 0 0 0 0 0 1
2014   2 28  6 52 18 409051  -22.18364  -45.93867     2420   9.2  0  0  6 15 0 0 1 1 1 0 0 1 0 0 1 0 0 1
2014   2 28  6 52 18 978287  -21.87006 -140.88573     6409  21.8  0  0  7 21 0 0 1 1 0 0 0 1 0 1 1 1 0 1
2014   2 28  6 52 19   8183  -21.84186 -141.11290     5530  13.8  0  0  7 21 0 0 1 1 1 0 0 1 0 0 1 1 0 1
2014   2 28  6 52 19  34532    4.58362  153.84171     6025  28.8  0  0  7 21 0 0 1 0 1 0 0 1 0 1 1 1 0 1
2014   2 28  6 52 19  66833  -21.84429 -140.98743     6791  13.5  0  0  6 15 0 0 1 0 1 0 0 1 0 0 1 1 0 1
2014   2 28  6 52 19 133975    4.55387  154.04680    13074  20.9  0  0  5  7 0 0 1 1 1 0 0 1 0 0 0 1 0 0
2014   2 28  6 52 19 204121  -21.01568  -47.09005     2466  21.4  0  0  7 21 0 0 1 1 1 0 0 1 0 1 1 0 0 1
2014   2 28  6 52 19 212971    4.52587  154.28081     5953  20.4  0  0  6 15 0 0 1 1 1 0 0 1 0 0 1 1 0 0
2014   2 28  6 52 19 284373  -21.04098  -47.04120     2722  11.0  0  0  5 10 0 0 1 1 1 0 0 1 0 0 0 0 0 1
2014   2 28  6 52 19 438710  -13.24728  -71.41084     5627  13.3  0  0  5 10 0 0 1 1 1 0 0 0 0 0 1 0 0 1
2014   2 28  6 52 19 476099  -13.18334  -71.35719     6317  28.0  0  0  6 15 0 0 0 1 1 0 0 1 0 1 1 0 0 1
2014   2 28  6 52 19 662547  -13.03297  -71.50548     2971  21.4  0  0  6 15 0 0 1 0 1 0 0 0 0 1 1 1 0 1
2014   2 28  6 52 19 700531  -13.06365  -71.73083     2723  21.1  0  0  7 21 0 0 1 1 1 0 0 1 0 0 1 1 0 1
2014   2 28  6 52 19 728496  -13.06748  -71.76087     2916  20.1  0  0  6 15 0 0 1 1 1 0 0 1 0 0 1 1 0 0
2014   2 28  6 52 19 803664  -22.11040  -45.72894     2577  26.5  0  0  7 21 0 0 1 1 1 0 0 1 0 1 1 0 0 1
2014   2 28  6 52 19 843362  -22.13412  -45.68145     2605  18.2  0  0  6 15 0 0 1 1 1 0 0 1 0 0 1 0 0 1
2014   2 28  6 52 19 947495  -20.58993  -47.13388     2659   7.6  0  0  5 10 0 0 1 0 1 0 0 1 0 0 1 0 0 1
2014   2 28  6 52 19 955889  -20.60990  -47.17275     2631  18.0  0  0  6 15 0 0 1 1 1 0 0 1 0 0 1 0 0 1
2014   2 28  6 52 20  81844  -29.42629  -42.10409     2936  23.7  0  0  7 21 0 0 1 1 1 0 0 1 0 1 1 0 0 1
2014   2 28  6 52 20 176980  -20.61095  -47.17014     3038  22.3  0  0  5 10 0 0 0 1 1 0 0 1 0 0 1 0 0 1
2014   2 28  6 52 20 231566  -20.66302  -47.11911     3033   5.0  0  0  5  8 0 0 1 1 1 0 0 0 0 0 1 0 0 1
2014   2 28  6 52 20 284601  -20.94970  -47.15432     2710  34.9  0  0  7 21 0 0 1 1 1 0 0 1 0 1 1 1 0 0
2014   2 28  6 52 20 385911  -29.83550  -42.00846     7573   6.0  0  0  4  6 0 0 0 1 1 0 0 1 0 1 0 0 0 0
2014   2 28  6 52 20 534442  -29.43187  -42.04232     3189  19.7  0  0  6 15 0 0 1 1 1 0 0 1 0 0 1 0 0 1
2014   2 28  6 52 20 573596  -29.54987  -42.07495     3092   7.5  0  0  5 10 0 0 1 1 1 0 0 1 0 0 0 0 0 1
2014   2 28  6 52 20 800756  -24.52904  -45.36073     3265  25.3  0  0  5 10 0 0 1 1 1 0 0 1 0 0 0 0 0 1
2014   2 28  6 52 21  38935  -12.89393  156.80638     9007  30.1  0  0  6 14 0 0 1 1 0 0 0 1 0 0 1 1 0 1
2014   2 28  6 52 21 118495  -13.01381  156.95313     9056  25.8  0  0  5 10 0 0 0 1 1 0 0 1 0 1 0 1 0 0
2014   2 28  6 52 21 190792  -24.47148  -45.45605     2832  34.3  0  0  7 21 0 0 1 1 1 0 0 1 0 1 1 1 0 0
2014   2 28  6 52 21 240951  -12.90803  156.86224     6439  24.1  0  0  6 15 0 0 1 1 1 0 0 1 0 0 1 1 0 0
2014   2 28  6 52 21 399942  -20.74763  -47.23153     3864  52.8  1  0  6 14 0 0 1 1 1 0 0 0 0 0 1 1 0 1
2014   2 28  6 52 21 503848  -20.72374  -47.32898     3190  47.3  1  0  6 15 0 0 0 1 1 0 0 1 0 1 1 1 0 0
2014   2 28  6 52 21 643148  -21.94186  -45.80568     3291  29.6  0  0  5  9 0 0 0 1 1 0 0 1 0 0 1 0 0 1
2014   2 28  6 52 21 732735  -20.82948  -47.16754     3653  28.1  0  0  5  9 0 0 1 1 1 0 0 1 0 0 0 0 0 1
2014   2 28  6 52 21 737055    2.40393  -84.23930     7022  44.0  0  0  7 21 0 0 1 1 1 0 0 1 0 1 1 0 0 1
2014   2 28  6 52 21 757095    2.89049  -84.78447     4844  51.3  1  0  7 21 0 0 1 1 1 0 0 1 0 1 1 1 0 0
2014   2 28  6 52 21 896722  -20.78195  -49.25714     2847  26.3  0  0  6 14 0 0 1 1 1 0 0 1 0 0 1 0 0 1
2014   2 28  6 52 21 975903  -12.87299  156.78741     7651  23.5  0  0  5 10 0 0 0 1 1 0 0 1 0 0 1 1 0 0
2014   2 28  6 52 22 178645    5.31347  -72.69216     5615  32.5  1  0  5  8 0 0 0 1 1 0 0 1 0 0 1 1 0 0
2014   2 28  6 52 23  81171  -18.67387 -143.16719    10386  11.0  0  0  4  6 0 0 1 1 0 0 0 1 0 0 0 1 0 0
2014   2 28  6 52 23 178459  -18.83269 -142.61653     9523  42.5  0  0  7 21 0 0 1 1 1 0 0 1 0 0 1 1 0 1
2014   2 28  6 52 23 215501  -18.82833 -142.58798     9487  42.2  0  0  7 21 0 0 1 1 1 0 0 1 0 0 1 1 0 1
2014   2 28  6 52 23 297975  -19.61500 -140.43076    19914  25.1  0  0  5 10 0 0 1 0 1 0 0 1 0 0 1 0 0 1
2014   2 28  6 52 24 140191  -13.16880  -71.21449     4154  74.2  2  0  7 21 0 0 1 1 1 0 0 1 0 1 0 1 0 1
2014   2 28  6 52 24 417286   -9.86920  160.52623    10508  51.3  1  0  6 15 0 0 0 1 1 0 0 1 0 0 1 1 0 1
2014   2 28  6 52 24 567344   30.41468 -134.25021    13727   0.8  0  0  4  6 0 0 1 1 0 0 0 1 0 0 0 1 0 0
2014   2 28  6 52 24 875344  -13.08236  -71.04736     4061  70.2  2  0  7 21 0 0 1 0 1 0 0 0 0 1 1 1 1 1
2014   2 28  6 52 24 905421  -13.30617  -71.04946     6168  32.3  1  0  5  8 0 0 1 0 1 0 0 1 0 0 1 0 0 1
2014   2 28  6 52 25  25702  -13.18673  -71.59523     6447  57.5  2  0  5 10 0 0 0 1 0 0 0 1 0 0 1 1 0 1
2014   2 28  6 52 25 229587  -13.10997  -71.00618     4573  66.3  2  0  6 15 0 0 1 0 1 0 0 1 0 1 0 1 0 1
2014   2 28  6 52 25 554780    7.23003  -74.15109     5645  34.2  1  0  5  8 0 0 1 1 0 0 0 1 0 0 1 1 0 0
2014   2 28  6 52 25 954854  -21.11630  -47.03394     3872  76.8  2  0  6 15 0 0 0 1 1 0 0 1 0 1 1 0 0 1
2014   2 28  6 52 25 969785  -21.32955  -46.72610     2788   9.0  0  0  5 10 0 0 1 1 1 0 0 0 0 0 1 0 0 1
2014   2 28  6 52 26 134724  -20.91402  -47.40648     3604  22.3  1  0  4  6 0 0 1 1 0 0 0 0 0 0 1 1 0 0
2014   2 28  6 52 26 180237  -21.16786  -46.87504     3698  57.4  1  0  6 15 0 0 1 1 1 0 0 1 0 0 1 0 0 1
2014   2 28  6 52 27 327384    7.01502  -73.80679     7140  79.8  2  0  6 13 0 0 1 0 1 0 0 1 0 1 1 1 0 0
2014   2 28  6 52 28 183731  -14.62221  161.75220    18409  89.3  2  0  7 20 0 0 1 1 1 0 0 1 0 1 0 1 0 1
2014   2 28  6 52 28 617301    8.36475  -74.98409     8380  81.6  2  0  6 13 0 0 1 1 0 0 0 1 0 0 1 1 0 1
2014   2 28  6 52 28 632747    8.33734  -74.87964     6455  87.0  2  0  7 19 0 0 1 1 1 0 0 1 0 0 1 1 0 1
2014   2 28  6 52 30 948596  -29.20650  -42.62537     5914  89.4  2  0  6 15 0 0 1 1 1 0 0 0 0 1 1 0 0 1
2014   2 28  6 52 31 327268  -29.22457  -42.87343     4312  29.3  0  0  5 10 0 0 1 1 1 0 0 1 0 0 0 0 0 1
2014   2 28  6 52 32  11859    4.21430  -73.31676     4616  19.7  0  0  5  9 0 0 0 1 0 0 0 1 0 0 1 1 0 1
2014   2 28  6 52 32 196310  -21.91626  -45.78251     2555  14.5  0  0  6 15 0 0 1 1 1 0 0 1 0 0 1 0 0 1
2014   2 28  6 52 32 618555  -31.18409  -41.70542     3501  21.1  0  0  7 21 0 0 0 1 1 0 0 1 0 1 1 0 1 1
2014   2 28  6 52 33 728768  -19.21733 -141.50615     8374  31.4  0  0  7 21 0 0 1 1 1 0 0 1 0 0 1 1 0 1
2014   2 28  6 52 34 281766  -13.98492  -43.58143     3594  17.3  0  0  5  7 0 0 1 1 0 0 0 1 0 0 1 0 0 1
2014   2 28  6 52 35 306647    7.04224  -73.74690     3062  12.5  0  0  7 18 0 0 1 1 1 0 0 0 0 1 1 1 0 1
2014   2 28  6 52 36 238481    4.23136  -72.49210     4897   9.5  0  0  4  6 0 0 0 1 0 0 0 0 0 0 1 1 0 1
2014   2 28  6 52 37   3889  -29.44945  -41.87965     3566  45.1  0  0  7 21 0 0 1 1 1 0 0 1 0 1 1 0 0 1
2014   2 28  6 52 37 246187  -29.50146  -41.78600     4101  44.1  1  0  6 15 0 0 1 1 1 0 0 1 0 0 1 0 0 1
2014   2 28  6 52 37 556891    6.93690  145.24425     8682  19.0  0  0  4  6 0 0 1 0 0 0 0 1 0 0 1 1 0 0
2014   2 28  6 52 37 696071  -29.51616  -41.93937     5834  53.4  1  0  6 15 0 0 0 1 1 0 0 1 0 1 1 0 0 1
2014   2 28  6 52 37 701026  -23.64183   44.62751    16024  13.5  0  0  5 10 0 0 1 1 1 0 0 0 0 0 1 0 0 1
2014   2 28  6 52 38 462078  -20.65969  -47.05341     3776  18.7  0  0  5  7 0 0 1 0 1 0 0 1 0 0 1 0 0 1
2014   2 28  6 52 38 511937    6.52836  -76.28934     3482  26.1  0  0  7 21 0 0 1 1 1 0 0 0 0 1 1 1 0 1
2014   2 28  6 52 39 149923  -30.17914  -41.40738     8712  60.0  2  0  5 10 0 0 0 1 1 0 0 1 0 0 1 0 0 1
2014   2 28  6 52 39 161066  -30.17965  -41.40931     8743  60.5  2  0  5 10 0 0 0 1 1 0 0 1 0 0 1 0 0 1
2014   2 28  6 52 39 413692  -30.10244  -41.38614     4731  56.8  1  0  6 15 0 0 1 1 1 0 0 1 0 0 1 0 0 1
2014   2 28  6 52 40 528225  -21.93129  -45.63471     3754  58.9  1  0  6 15 0 0 1 1 1 0 0 1 0 0 1 0 0 1
2014   2 28  6 52 40 537327  -22.09410  -45.53724     4615 113.9  2  0  7 19 0 0 1 1 1 0 0 1 0 0 1 1 0 1
2014   2 28  6 52 40 543978  -21.93495  -45.64286     4558  64.8  2  0  5 10 0 0 0 1 1 0 0 1 0 0 1 0 0 1
2014   2 28  6 52 40 610307  -21.93370  -45.63918     4566  65.0  2  0  5 10 0 0 0 1 1 0 0 1 0 0 1 0 0 1
2014   2 28  6 52 40 734001  -21.93108  -45.62315     3785  59.8  1  0  6 15 0 0 1 1 1 0 0 1 0 0 1 0 0 1
2014   2 28  6 52 41 560211    4.86652  -72.62347     8238  85.3  2  0  7 19 0 0 0 1 1 0 0 1 0 1 1 1 0 1
2014   2 28  6 52 42 360969    5.18315  148.63234    11053  55.4  2  0  5 10 0 0 0 0 1 0 0 1 0 0 1 1 0 1
2014   2 28  6 52 42 521609  -18.83787 -142.32060    19785  70.8  2  0  6 15 0 0 1 0 1 0 0 1 0 0 1 1 0 1
2014   2 28  6 52 42 536959  -19.65425 -140.77518    18682  93.4  2  0  7 21 0 0 1 1 1 0 0 1 0 0 1 1 0 1
2014   2 28  6 52 42 555589  -19.02219 -141.28606    18658  93.3  2  0  7 21 0 0 1 1 1 0 0 1 0 0 1 1 0 1
2014   2 28  6 52 43 558247  -14.41860  -43.49287     3391  49.5  1  0  6 14 0 0 1 1 1 0 0 1 0 0 1 0 0 1
2014   2 28  6 52 43 588416  -20.74469  -47.03484     3850  93.3  2  0  7 21 0 0 1 1 1 0 0 1 0 1 1 0 0 1
2014   2 28  6 52 43 731459  -18.95889 -141.40752    27001 108.6  2  0  6 15 0 0 1 1 0 0 0 1 0 0 1 1 0 1
2014   2 28  6 52 43 778173   -0.16486  -71.02364     4833  49.8  1  0  6 14 0 0 1 0 1 0 0 0 0 1 1 1 0 1
2014   2 28  6 52 43 898747   -0.17543  -70.90815     3815  49.6  0  0  7 21 0 0 1 1 1 0 0 0 0 1 1 1 0 1
2014   2 28  6 52 45  48031  -13.66600  -39.44255     5317  66.9  2  0  6 15 0 0 1 0 1 0 0 0 0 0 1 1 1 1
2014   2 28  6 52 45  90632  -13.86087  -39.01505     4948  75.3  2  0  7 19 0 0 1 1 1 0 0 1 0 1 1 0 1 0
2014   2 28  6 52 45 561612   31.17532 -128.48129    32142 122.5  2  0  6 15 0 0 1 1 0 0 0 1 0 1 1 1 0 0
2014   2 28  6 52 45 918120  -20.83119  -46.88832     4015 105.0  2  0  7 21 0 0 1 1 1 0 0 1 0 0 1 1 0 1
2014   2 28  6 52 46 909647  -20.76538  -46.53207     3246  10.3  0  0  4  6 0 0 1 1 1 0 0 1 0 0 0 0 0 0
2014   2 28  6 52 47 182111  -29.28672  -41.68858     4605  63.1  1  0  7 16 0 0 1 1 1 0 0 0 0 1 1 1 0 1
2014   2 28  6 52 47 495027  -16.28304  -51.36572     4491  99.7  2  0  7 19 0 0 1 1 1 0 0 1 0 0 1 1 0 1
2014   2 28  6 52 47 811731  -16.13264  -52.32800     4719  53.7  2  0  5 10 0 0 1 0 0 0 0 1 0 0 1 1 1 0
2014   2 28  6 52 47 910735  -16.32039  -51.57518     5180 142.9  2  0  7 19 0 0 0 1 1 0 0 1 0 1 1 1 0 1
2014   2 28  6 52 48  40060  -16.30102  -51.63339     3783   4.0  0  0  5  8 0 0 1 1 1 0 0 0 0 0 1 0 0 1
2014   2 28  6 52 48  73943  -16.41856  -51.56404     2593  26.8  0  0  7 20 0 0 0 1 1 0 0 1 0 1 1 1 0 1
2014   2 28  6 52 48 544874   -9.77298  159.93295     8224  12.8  0  0  4  6 0 0 0 1 1 0 0 1 0 0 0 1 0 0
2014   2 28  6 52 49 258398   -9.74917  160.12958     5299  21.7  0  0  7 21 0 0 1 1 1 0 0 1 0 1 0 1 0 1
2014   2 28  6 52 50 514719  -21.07512  -46.98937     2612  29.3  0  0  7 21 0 0 1 1 1 0 0 1 0 1 1 1 0 0
2014   2 28  6 52 50 566467  -20.64414  -47.20169     2734  14.4  0  0  5 10 0 0 0 1 1 0 0 1 0 0 1 0 0 1
2014   2 28  6 52 50 583107  -21.05389  -47.03145     3067  32.0  0  0  6 15 0 0 1 1 1 0 0 1 0 0 1 1 0 0
2014   2 28  6 52 50 675204  -21.12049  -46.89874     2461  11.7  0  0  6 15 0 0 1 1 1 0 0 1 0 0 1 0 0 1
2014   2 28  6 52 50 737256  -21.07967  -46.98026     2813  29.4  0  0  6 13 0 0 1 1 0 0 0 1 0 1 0 1 0 1
2014   2 28  6 52 51  19295  -21.12775  -46.89830     2526  15.0  0  0  6 15 0 0 1 1 1 0 0 1 0 0 1 0 0 1
2014   2 28  6 52 51 121407  -21.10632  -46.93398     3590  28.4  0  0  5  8 0 0 0 1 1 0 0 0 0 1 1 0 0 1
2014   2 28  6 52 52 175115  -22.17302  -99.46416     5071  30.5  0  0  6 15 0 0 1 1 1 0 0 0 0 0 1 1 0 1
2014   2 28  6 52 52 455028  -20.55528  -47.24036     2833  43.6  0  0  7 21 0 0 1 1 1 0 0 0 0 1 1 1 0 1
2014   2 28  6 52 52 881365  -20.95139  -46.53137     2701  36.6  0  0  7 21 0 0 1 1 1 0 0 1 0 1 1 0 0 1
2014   2 28  6 52 52 951404  -10.96494  -57.59312     3269  45.8  0  0  7 18 0 0 1 1 1 0 0 1 0 0 1 1 0 1
2014   2 28  6 52 53  21180  -19.62565 -143.17484    16813  37.6  0  0  6 15 0 0 0 1 1 0 0 1 0 0 1 1 0 1
2014   2 28  6 52 53  35380  -12.87679  -71.73068     7194  44.9  1  0  5 10 0 0 0 1 1 0 0 0 0 0 1 1 0 1
2014   2 28  6 52 53 962926  -21.14409  -46.82319     3752  35.5  0  0  6 11 0 0 1 1 1 0 0 1 0 0 1 0 0 1
2014   2 28  6 52 54 357302  -21.14460  -46.82620     3762  42.0  1  0  5  9 0 0 0 1 1 0 0 1 0 0 1 0 0 1
2014   2 28  6 52 54 364137  -33.06746   15.82724    53439  45.9  1  0  5 10 0 0 0 1 1 0 0 1 0 0 1 0 0 1
2014   2 28  6 52 54 409136  -22.19720  -45.66069     3111  43.2  1  0  6 15 0 0 1 1 1 0 0 1 0 0 1 0 0 1
2014   2 28  6 52 54 566883  -21.92781 -141.23042    15068  57.5  1  0  6 15 0 0 1 1 1 0 0 1 0 0 0 1 0 1
2014   2 28  6 52 54 621947  -21.79083 -142.92119    27074  51.7  2  0  5 10 0 0 0 1 1 0 0 1 0 0 1 1 0 0
2014   2 28  6 52 54 671529   -2.67839  150.60570     5913  48.9  0  0  7 21 0 0 0 1 1 0 0 1 0 1 1 1 0 1
2014   2 28  6 52 55 139818  -21.98355 -141.30217    12137  57.5  1  0  7 21 0 0 1 1 1 0 0 1 0 0 1 1 0 1
2014   2 28  6 52 55 553816  -21.85305 -141.25873    16981  70.9  2  0  6 15 0 0 1 1 1 0 0 1 0 1 0 1 0 0
2014   2 28  6 52 55 807734  -24.43052  -45.69526     4537  57.0  2  0  5 10 0 0 1 1 1 0 0 1 0 0 0 0 0 1
2014   2 28  6 52 57 381306    3.68247  -86.12717     6375  71.9  2  0  7 21 0 0 1 0 1 0 0 1 0 1 1 1 0 1
2014   2 28  6 52 57 582817   -9.90277    3.36893    64865  64.9  2  0  5 10 0 0 1 1 1 0 0 0 0 0 1 0 0 1
2014   2 28  6 52 58 144832  -20.84422  -47.26982     3506  82.7  2  0  7 21 0 0 1 1 1 0 0 1 0 1 1 0 0 1
2014   2 28  6 52 58 477696  -20.91399  -47.08379     3937  68.7  2  0  6 15 0 0 1 1 1 0 0 1 0 0 1 0 0 1
2014   2 28  6 52 59 198694  -20.69519  -47.25865     3635  89.7  2  0  7 21 0 0 1 1 1 0 0 1 0 1 1 0 0 1
2014   2 28  6 52 59 479202  -27.69113  -43.88631     3615  52.0  1  0  7 19 0 0 1 1 1 0 0 1 0 1 0 1 0 1
2014   2 28  6 52 59 544886  -27.69396  -43.73212     3934  62.0  1  0  7 21 0 0 1 1 1 0 0 1 0 1 1 0 0 1
2014   2 28  6 53  0 342458  -22.89990  -45.28067     5536  11.5  0  0  4  6 0 0 1 1 0 0 0 0 0 0 1 0 0 1
2014   2 28  6 53  0 751912  -22.61547  -45.62725     4514  93.8  2  0  6 15 0 0 1 1 1 0 0 1 0 0 1 0 0 1
2014   2 28  6 53  0 869715  -29.24482  -42.52213     7258 103.1  2  0  6 14 0 0 1 1 1 0 0 0 0 0 1 1 0 1
2014   2 28  6 53  0 877499  -29.35798  -42.42023     6252  80.1  2  0  6 15 0 0 1 1 1 0 0 1 0 0 1 0 0 1
2014   2 28  6 53  0 889259  -21.15956  -47.16793     4531 118.8  2  0  7 18 0 0 0 1 1 0 0 1 0 1 1 1 0 1
2014   2 28  6 53  0 900381  -28.79798  -42.91849     4941  33.3  1  0  5 10 0 0 0 1 1 0 0 1 0 1 1 0 0 0
2014   2 28  6 53  0 964802  -21.17366  -46.93288     4484  98.1  2  0  7 18 0 0 1 1 1 0 0 1 0 0 1 1 0 1
2014   2 28  6 53  1  16256  -21.21749  -46.83471     4373  85.3  2  0  6 15 0 0 1 1 1 0 0 1 0 0 1 0 0 1
2014   2 28  6 53  1 270339  -29.35458  -42.43656     6366  82.4  2  0  6 15 0 0 1 1 1 0 0 1 0 0 1 0 0 1
2014   2 28  6 53  1 688067   -5.47482   11.89537    21202  47.6  1  0  5  8 0 0 1 1 0 0 0 1 0 0 1 1 0 0
2014   2 28  6 53  1 753167   -7.39823    7.49663    34657 107.9  2  0  6 15 0 0 1 1 1 0 0 1 0 0 1 0 0 1
2014   2 28  6 53  1 785757   -8.74242    5.28899    67265 104.6  2  0  6 11 0 0 1 1 1 0 0 1 0 0 1 0 0 1
2014   2 28  6 53  1 890123  -24.80410 -138.16240    14111  36.8  1  0  5 10 0 0 1 1 0 0 0 1 0 0 1 1 0 0
2014   2 28  6 53  1 898680  -25.02297 -137.14444    24909 107.4  2  0  6 15 0 0 1 1 1 0 0 1 0 0 1 1 0 0
2014   2 28  6 53  2  79640  -20.73700  -46.40137     4727  93.3  2  0  6 15 0 0 1 1 1 0 0 1 0 0 1 0 0 1
2014   2 28  6 53  2 481225  -22.05087  -45.79688     4524  95.3  2  0  6 15 0 0 1 1 1 0 0 1 0 0 1 0 0 1
2014   2 28  6 53  4  47826  -13.34090  -71.26028     4228  13.0  0  0  5  7 0 0 1 1 0 0 0 1 0 0 1 0 0 1
2014   2 28  6 53  4 981343  -27.00136 -133.95329     7153  15.8  0  0  6 15 0 0 1 1 1 0 0 1 0 0 1 1 0 0
2014   2 28  6 53  5  22348  -19.19298 -141.61674     6826  15.3  0  0  6 15 0 0 1 1 1 0 0 1 0 0 0 1 0 1
2014   2 28  6 53  5  50922  -19.19213 -141.63962     5717  14.4  0  0  7 21 0 0 1 1 1 0 0 1 0 0 1 1 0 1
2014   2 28  6 53  5 635053  -21.91438  -45.81705     2408   7.4  0  0  6 15 0 0 1 1 1 0 0 1 0 0 1 0 0 1
2014   2 28  6 53  6 763850  -12.98676  156.87367     5961  27.6  0  0  7 21 0 0 1 1 1 0 0 1 0 1 1 1 0 0
2014   2 28  6 53  7 506897  -29.38460  -42.18385     4338  22.0  1  0  4  6 0 0 1 1 0 0 0 1 0 1 0 0 0 0
2014   2 28  6 53  7 519305  -29.44787  -42.00368     3536   4.1  0  0  4  6 0 0 1 1 0 0 0 1 0 0 1 0 0 0
2014   2 28  6 53  7 527740  -29.40499  -42.07975     2891  13.9  0  0  6 15 0 0 1 1 1 0 0 1 0 0 1 0 0 1
2014   2 28  6 53  7 543437  -29.40389  -42.07959     2936  15.0  0  0  6 15 0 0 1 1 1 0 0 1 0 0 1 0 0 1
2014   2 28  6 53  7 569731  -29.40403  -42.07164     2905  14.0  0  0  6 15 0 0 1 1 1 0 0 1 0 0 1 0 0 1
2014   2 28  6 53  7 627765  -29.25039  -42.22715     3631  30.7  0  0  7 21 0 0 0 1 1 0 0 1 0 1 1 1 0 1
2014   2 28  6 53  7 637347  -29.39836  -42.06863     2918  14.3  0  0  6 15 0 0 1 1 1 0 0 1 0 0 1 0 0 1
2014   2 28  6 53  7 644809  -29.40050  -42.05788     2949  15.2  0  0  6 15 0 0 1 1 1 0 0 1 0 0 1 0 0 1
2014   2 28  6 53  7 747119  -29.39955  -42.06026     2950  14.9  0  0  6 15 0 0 1 1 1 0 0 1 0 0 1 0 0 1
2014   2 28  6 53  7 758336  -29.36909  -42.11315     2932  14.8  0  0  6 15 0 0 1 1 1 0 0 1 0 0 1 0 0 1
2014   2 28  6 53  7 930423  -29.40278  -42.13829     2936   8.8  0  0  5 10 0 0 1 1 1 0 0 0 0 1 0 0 0 1
2014   2 28  6 53  7 960648  -29.23237  -42.15923     2951  15.2  0  0  6 15 0 0 1 1 1 0 0 1 0 0 1 0 0 1
2014   2 28  6 53  8 444870  -20.65279  -47.24067     3172  21.0  0  0  5  9 0 0 0 1 1 0 0 1 0 0 1 0 0 1
2014   2 28  6 53  9 261161   27.96614 -125.70116    65744  40.4  1  0  5 10 0 0 0 1 1 0 0 1 0 1 1 0 0 0
2014   2 28  6 53  9 421546  -30.20952  -41.83583     4181  31.9  1  0  5 10 0 0 1 1 0 0 0 0 0 1 1 0 0 1
2014   2 28  6 53  9 486538   31.42348 -127.76631    23186  45.9  1  0  5  9 0 0 1 0 1 0 0 1 0 0 0 1 0 1
2014   2 28  6 53  9 734283  -30.04649  -41.95529     4141  15.7  0  0  5 10 0 0 0 1 1 0 0 1 0 0 1 0 0 1
2014   2 28  6 53  9 746727  -21.10768  -47.04885     2793  41.2  0  0  7 21 0 0 1 1 1 0 0 1 0 1 1 0 0 1
2014   2 28  6 53  9 769761  -21.13094  -46.96170     2786  25.7  0  0  6 15 0 0 1 1 1 0 0 1 0 0 1 0 0 1
2014   2 28  6 53  9 833315  -21.08429  -47.09190     3029  52.4  1  0  7 19 0 0 0 1 1 0 0 1 0 1 1 1 0 1
2014   2 28  6 53  9 904140  -15.89964  -51.58125     2824  41.8  0  0  7 21 0 0 0 1 1 0 0 1 0 1 1 1 0 1
2014   2 28  6 53  9 917335  -21.10620  -47.09348     3062  47.9  0  0  7 17 0 0 0 1 1 0 0 1 0 1 1 1 0 1
2014   2 28  6 53 10 563173  -21.12687  -46.81475     3338  31.4  1  0  5 10 0 0 0 1 1 0 0 1 0 0 1 0 0 1
2014   2 28  6 53 10 587850  -21.07543  -46.89859     3481  52.2  1  0  6 15 0 0 1 1 1 0 0 0 0 1 1 0 0 1
2014   2 28  6 53 10 637217  -21.14418  -46.87423     2906  30.1  0  0  6 15 0 0 1 1 1 0 0 1 0 0 1 0 0 1
2014   2 28  6 53 10 835904  -22.24760  -45.93414     2967  34.5  0  0  6 15 0 0 1 1 1 0 0 1 0 0 1 0 0 1
2014   2 28  6 53 10 854842   -6.09275  -74.57430     6446  62.5  2  0  5 10 0 0 1 0 0 0 0 1 0 1 1 1 0 0
2014   2 28  6 53 11 404318   -5.29004  -63.56715     6088  49.9  1  0  5  8 0 0 0 1 1 0 0 1 0 0 1 1 0 0
2014   2 28  6 53 12 395632    6.67734  -78.34299    10270  43.4  1  0  5  9 0 0 0 0 1 0 0 1 0 0 1 1 0 1
2014   2 28  6 53 12 425248  -20.72977  -47.20015     3496  66.9  1  0  7 19 0 0 1 0 1 0 0 1 0 1 1 1 0 1
2014   2 28  6 53 12 458250  -20.84456  -47.24598     3144  61.3  1  0  7 21 0 0 1 1 1 0 0 1 0 1 1 0 0 1
2014   2 28  6 53 12 485134  -20.74455  -47.19635     3401  70.0  1  0  7 21 0 0 1 0 1 0 0 1 0 1 1 1 0 1
2014   2 28  6 53 12 690288  -20.85987  -47.14392     3844  43.7  1  0  5 10 0 0 1 1 0 0 0 1 0 0 1 0 0 1
2014   2 28  6 53 12 842253  -20.87597  -47.27716     3533  63.9  2  0  6 15 0 0 0 1 1 0 0 1 0 1 1 0 0 1
2014   2 28  6 53 13 231496  -21.15367  -47.31291     4571  65.7  2  0  6 11 0 0 0 1 1 0 0 1 0 1 0 1 0 1
2014   2 28  6 53 14  73321  -21.17655  -46.86685     4400  59.3  2  0  5 10 0 0 0 1 1 0 0 1 0 0 1 0 0 1
2014   2 28  6 53 14 428758  -24.04485  -45.48625     6523  64.9  2  0  5 10 0 0 1 1 0 0 0 1 0 0 1 0 0 1
2014   2 28  6 53 15 239422  -12.89704  -71.78528     5341  83.6  2  0  6 15 0 0 1 1 1 0 0 1 0 0 1 1 0 0
2014   2 28  6 53 15 403057  -18.81025 -142.43733    18401 100.7  2  0  7 21 0 0 1 1 1 0 0 1 0 1 0 1 0 1
2014   2 28  6 53 15 724926  -18.46825 -145.88252    30549  76.1  2  0  6 15 0 0 0 1 1 0 0 1 0 0 1 1 0 1
2014   2 28  6 53 16 341256  -29.41076  -42.46146     4334  65.4  1  0  7 21 0 0 1 1 1 0 0 1 0 1 1 0 0 1
2014   2 28  6 53 16 359636  -29.01271  -42.73890     4240  22.1  0  0  5 10 0 0 0 1 1 0 0 1 0 0 1 0 0 1
2014   2 28  6 53 16 400810  -29.46867  -42.33581     5389  62.8  2  0  6 15 0 0 1 1 1 0 0 1 0 0 1 0 0 1
2014   2 28  6 53 16 414692  -29.46319  -42.33527     5386  62.8  2  0  6 15 0 0 1 1 1 0 0 1 0 0 1 0 0 1
2014   2 28  6 53 16 427040  -29.45621  -42.35944     5499  85.0  2  0  7 17 0 0 1 1 1 0 0 1 0 0 1 1 0 1
2014   2 28  6 53 16 440164  -29.55206  -42.24887     6947  61.9  2  0  5 10 0 0 1 1 0 0 0 1 0 0 1 0 0 1
2014   2 28  6 53 16 446991  -29.42628  -42.44557     4328  65.1  1  0  7 21 0 0 1 1 1 0 0 1 0 1 1 0 0 1
2014   2 28  6 53 16 456428  -29.48889  -42.36328     5404  62.8  2  0  6 15 0 0 1 1 1 0 0 1 0 0 1 0 0 1
2014   2 28  6 53 16 464874  -29.51548  -42.33057     7971  64.6  2  0  5  9 0 0 1 1 1 0 0 1 0 0 1 0 0 0
2014   2 28  6 53 16 487419  -29.43004  -42.37115     5171  70.7  2  0  7 18 0 0 1 1 1 0 0 1 0 0 1 1 0 1
2014   2 28  6 53 16 518563  -29.47236  -42.32077     5382  62.7  2  0  6 15 0 0 1 1 1 0 0 1 0 0 1 0 0 1
2014   2 28  6 53 16 555904  -29.55138  -41.94488     7699  53.8  2  0  5 10 0 0 1 0 1 0 0 1 0 0 1 0 0 1
2014   2 28  6 53 17 662406  -29.77311  -42.34529     6829 108.0  2  0  6 14 0 0 1 1 0 0 0 1 0 1 1 1 0 0
2014   2 28  6 53 17 682988  -29.88568  -42.23652     5946  71.5  2  0  6 15 0 0 1 1 1 0 0 1 0 0 1 0 0 1
2014   2 28  6 53 17 719547  -29.80795  -42.76077     4109   4.6  0  0  4  6 0 0 1 0 1 0 0 1 0 1 0 0 0 0
2014   2 28  6 53 17 787363  -29.86012  -42.64623     3765  14.1  0  0  4  6 0 0 1 1 0 0 0 1 0 1 0 0 0 0
2014   2 28  6 53 18 381163  -21.03644  -49.69154     3458  60.2  1  0  7 17 0 0 1 1 0 0 0 1 0 1 1 1 0 1
2014   2 28  6 53 18 489865  -21.17852  -49.40195     4701 124.3  2  0  7 19 0 0 1 1 1 0 0 1 0 1 1 0 0 1
2014   2 28  6 53 18 661267  -24.85233  -45.14041     3546  63.4  1  0  7 21 0 0 1 1 1 0 0 1 0 1 1 0 0 1
2014   2 28  6 53 19 468517  -14.45902  -44.08330     4366  95.4  2  0  6 15 0 0 1 1 1 0 0 1 0 0 1 0 0 1
2014   2 28  6 53 19 911184  -33.44072  -40.15226     5767  16.2  0  0  4  6 0 0 1 1 0 0 0 1 0 0 0 0 0 1
2014   2 28  6 53 19 921419  -32.28070  -40.44329     5401  20.7  0  0  5 10 0 0 0 1 1 0 0 1 0 0 1 0 0 1
2014   2 28  6 53 20  18925  -33.91469  -38.46339     3724  17.9  0  0  5 10 0 0 1 1 1 0 0 1 0 0 1 0 0 0
2014   2 28  6 53 20 582285    6.46464  -77.72944     3712  14.8  0  0  7 21 0 0 0 1 1 0 0 1 0 1 1 1 0 1
2014   2 28  6 53 20 872385  -21.10448  -46.91137     2769  17.2  0  0  5 10 0 0 0 1 1 0 0 1 0 1 1 0 0 0
2014   2 28  6 53 21  77011  -29.55162  -41.95482     4140  16.3  0  0  5 10 0 0 1 0 1 0 0 1 0 0 1 0 0 1
2014   2 28  6 53 21 207239  -21.06264  -46.93481     2787  25.9  0  0  6 14 0 0 1 0 1 0 0 1 0 0 1 1 0 1
2014   2 28  6 53 21 360756  -29.53981  -41.88136     3016  17.4  0  0  6 15 0 0 1 1 1 0 0 1 0 0 1 0 0 1
2014   2 28  6 53 21 381479  -21.06871  -46.97042     2855  27.8  0  0  6 13 0 0 0 0 1 0 0 1 0 1 1 1 0 1
2014   2 28  6 53 21 685619  -21.08676  -46.81363     2511   3.4  0  0  5 10 0 0 1 1 0 0 0 1 0 0 1 0 0 1
2014   2 28  6 53 21 799844  -22.80614  -45.69093     2955   6.8  0  0  4  6 0 0 0 1 0 0 0 1 0 0 1 0 0 1
2014   2 28  6 53 21 971285   -4.73306  -71.89478     3098   9.9  0  0  5 10 0 0 1 0 1 0 0 0 0 0 1 1 0 1
2014   2 28  6 53 22  44337   -4.73316  -71.94354     2737  17.2  0  0  7 21 0 0 1 1 1 0 0 0 0 1 1 1 0 1
2014   2 28  6 53 22  61207   -4.72027  -72.04937     3517  13.1  0  0  4  6 0 0 1 1 0 0 0 1 0 0 0 1 0 0
2014   2 28  6 53 22 120901    3.30586  -76.23666     8566  76.8  2  0  5 10 0 0 1 0 1 0 0 0 0 1 0 1 0 1
2014   2 28  6 53 22 864836  -22.23500  -45.89762     2591  20.5  0  0  6 15 0 0 1 1 1 0 0 1 0 0 1 0 0 1
2014   2 28  6 53 23  66787  -20.55191  -47.28018     2676  34.2  0  0  7 21 0 0 1 1 1 0 0 0 0 1 1 1 0 1
2014   2 28  6 53 23 538934    5.92014  -73.36463    11908  15.7  0  0  5 10 0 0 0 0 1 0 0 1 0 1 1 0 0 1
2014   2 28  6 53 23 778878  -21.90850  -45.73490     2852   2.5  0  0  4  6 0 0 1 0 0 0 0 1 0 0 1 0 0 1
2014   2 28  6 53 24 440249  -29.87913  -42.01927     3460  16.4  0  0  5 10 0 0 1 1 1 0 0 1 0 0 0 0 0 1
2014   2 28  6 53 24 676962  -29.94015  -41.84071     4274  27.2  0  0  5 10 0 0 1 1 0 0 0 1 0 0 1 0 0 1
2014   2 28  6 53 24 931767    3.05506   -1.55715    53015  33.6  1  0  5 10 0 0 0 1 1 0 0 1 0 0 1 0 0 1
2014   2 28  6 53 25 175665  -16.31520  -51.78542     3742  51.5  1  0  6 14 0 0 1 0 0 0 0 1 0 1 1 1 0 1
2014   2 28  6 53 25 617296   -9.46152  159.68086     7187  40.6  0  0  7 21 0 0 1 1 1 0 0 1 0 0 1 1 0 1
2014   2 28  6 53 25 630646  -25.03525 -135.23489     9254  41.1  0  0  7 21 0 0 1 1 1 0 0 1 0 0 1 1 0 1
2014   2 28  6 53 25 674838  -24.98706 -135.44119    10270  36.4  0  0  6 15 0 0 1 1 1 0 0 1 0 0 1 1 0 0
2014   2 28  6 53 25 754136  -18.94852 -142.28508     9576  42.8  0  0  7 21 0 0 1 1 1 0 0 1 0 0 1 1 0 1
2014   2 28  6 53 25 823585  -20.77692  -47.23720     3061  45.6  0  0  7 17 0 0 1 1 1 0 0 1 0 1 1 0 0 1
2014   2 28  6 53 25 905039  -20.74301  -47.23731     3491  52.2  1  0  6 15 0 0 1 1 1 0 0 0 0 1 1 0 0 1
2014   2 28  6 53 25 911856  -18.87561 -142.45947    12852  38.8  0  0  6 14 0 0 1 1 0 0 0 1 0 0 1 1 0 1
2014   2 28  6 53 26 170628    1.62669    7.44262    36721  35.8  1  0  5  8 0 0 0 1 1 0 0 1 0 0 0 1 0 1
2014   2 28  6 53 26 806610  -12.04251  -73.07755     4292  53.4  1  0  6 15 0 0 1 1 1 0 0 0 0 0 1 1 0 1
2014   2 28  6 53 26 874833  -12.25562  -73.26754     3758  55.7  1  0  7 21 0 0 1 1 1 0 0 1 0 0 1 1 0 1
2014   2 28  6 53 27 241110  -12.21677  -73.11890     4586  53.1  1  0  6 14 0 0 1 0 0 0 0 1 0 1 1 1 0 1
2014   2 28  6 53 27 323588  -12.19964  -73.25421     3842  58.6  1  0  7 21 0 0 1 1 1 0 0 1 0 0 1 1 0 1
2014   2 28  6 53 27 353313  -12.16315  -72.93167     3830  16.8  0  0  4  6 0 0 1 0 1 0 0 0 0 1 0 1 0 0
2014   2 28  6 53 27 397795  -12.13923  -73.41016     5950  57.7  1  0  6 15 0 0 0 1 1 0 0 1 0 0 1 1 0 1
2014   2 28  6 53 27 580686  -12.18536  -73.23435     4633  63.5  2  0  6 14 0 0 1 1 1 0 0 1 0 0 0 1 0 1
2014   2 28  6 53 27 707592   30.71259 -126.67537    29933  49.3  1  0  5 10 0 0 1 1 1 0 0 1 0 0 1 0 0 0
2014   2 28  6 53 27 718769  -12.21879  -73.20310     4285  71.0  2  0  7 20 0 0 1 1 1 0 0 1 0 1 0 1 0 1
2014   2 28  6 53 27 987872   -2.29638  150.92610     8073  24.5  1  0  4  6 0 0 0 1 0 0 0 1 0 0 1 1 0 0
2014   2 28  6 53 28 468674  -20.82667  -47.09502     3481  50.4  1  0  6 15 0 0 1 1 1 0 0 1 0 0 1 0 0 1
2014   2 28  6 53 28 957781    9.12051  -74.06113     5577  59.0  1  0  6 15 0 0 1 1 1 0 0 1 0 0 1 1 0 0
2014   2 28  6 53 29  38049  -18.73639 -142.38280    18980  67.4  2  0  6 15 0 0 1 1 1 0 0 0 0 0 1 1 0 1
2014   2 28  6 53 29 190332  -29.27361  -42.51862     2874  18.6  0  0  6 15 0 0 1 1 1 0 0 1 0 1 0 0 0 1
2014   2 28  6 53 29 216004  -29.30178  -42.28773     4682  50.7  1  0  6 15 0 0 1 1 1 0 0 1 0 0 1 0 0 1
2014   2 28  6 53 29 330607  -18.44941 -143.74345    30171  21.4  1  0  4  6 0 0 1 1 0 0 0 1 0 0 1 0 0 0
2014   2 28  6 53 29 405747  -18.80291 -142.22169    16173  58.2  1  0  6 15 0 0 1 0 1 0 0 1 0 0 1 1 0 1
2014   2 28  6 53 30 973368  -22.17315  -45.77273     3678  86.0  2  0  7 21 0 0 1 1 1 0 0 1 0 1 1 0 0 1
2014   2 28  6 53 31  25340  -34.08923  -38.04086     6840  90.4  2  0  7 20 0 0 1 1 1 0 0 0 0 1 1 1 0 1
2014   2 28  6 53 31  62930  -34.11372  -38.19958     5579  70.5  2  0  7 21 0 0 1 1 1 0 0 1 0 1 1 0 0 1
2014   2 28  6 53 31 599448  -34.25534  -38.12947     7329  72.8  2  0  6 15 0 0 1 1 1 0 0 1 0 0 1 0 0 1
2014   2 28  6 53 32 802008    6.62909  -77.65353    11397  94.4  2  0  6 15 0 0 0 1 1 0 0 1 0 0 1 1 0 1
2014   2 28  6 53 33  86235  -21.12782  -46.90188     4737  81.4  2  0  6 13 0 0 1 1 1 0 0 1 0 0 1 0 0 1
2014   2 28  6 53 33 130543  -20.76513  -47.43267     3780  65.3  2  0  6 15 0 0 1 1 0 0 0 1 0 1 1 1 0 0
2014   2 28  6 53 33 133458    0.38430  -70.63295    10649  14.0  0  0  4  6 0 0 1 1 1 0 0 0 0 1 0 0 0 0
2014   2 28  6 53 33 294982  -24.79965 -135.52722    23378  87.4  2  0  6 14 0 0 1 1 1 0 0 1 0 0 1 1 0 0
2014   2 28  6 53 34 108333  -18.36850 -144.04007    22048  92.8  2  0  6 15 0 0 1 1 1 0 0 1 0 0 1 1 0 0
2014   2 28  6 53 34 116753  -18.06988 -145.30666    23045  73.7  2  0  6 11 0 0 1 1 1 0 0 1 0 0 1 1 0 0
2014   2 28  6 53 35 650591  -13.50267  -39.83561     4586  81.2  2  0  7 16 0 0 1 1 1 0 0 1 0 1 1 0 0 1
2014   2 28  6 53 35 716632  -13.47871  -39.55592     5114  80.3  2  0  6 15 0 0 1 1 1 0 0 1 0 0 1 0 0 1
2014   2 28  6 53 35 727514  -13.50454  -39.89239     4217  81.2  2  0  7 18 0 0 1 1 1 0 0 1 0 1 1 0 0 1
2014   2 28  6 53 35 840716  -13.89550  -43.72931     6211  99.9  2  0  7 21 0 0 1 0 1 0 0 1 0 1 1 1 0 1
2014   2 28  6 53 36  92762    4.87429  154.66162     5997  13.0  0  0  6 14 0 0 0 1 1 0 0 1 0 0 1 1 0 1
2014   2 28  6 53 36 192570  -15.94700  -51.25157     3419  15.5  0  0  5  8 0 0 1 1 0 0 0 1 0 1 1 0 0 0
2014   2 28  6 53 36 974895  -21.90739  -45.82088     2671  11.8  0  0  5 10 0 0 1 1 1 0 0 1 0 0 0 0 0 1
2014   2 28  6 53 37 866688  -20.61367  -47.18458     2768  15.0  0  0  5 10 0 0 0 1 1 0 0 1 0 0 1 0 0 1
2014   2 28  6 53 38 132105  -20.61740  -47.18558     2808  16.2  0  0  5 10 0 0 0 1 1 0 0 1 0 0 1 0 0 1
2014   2 28  6 53 38 874836  -12.08311  -73.13799     3781  37.7  0  0  6 14 0 0 1 1 0 0 0 1 0 1 1 1 0 0
2014   2 28  6 53 39 155545   26.47572  -25.75179    48219  41.7  1  0  5  9 0 0 1 0 1 0 0 0 0 0 1 1 0 1
2014   2 28  6 53 39 483150    6.76246  145.52412     5480  31.5  0  0  6 15 0 0 0 1 1 0 0 1 0 1 1 1 0 0
2014   2 28  6 53 39 635988  -34.37594  -38.08965     3833  22.8  0  0  6 15 0 0 1 1 1 0 0 1 0 0 1 0 0 1
2014   2 28  6 53 39 929935   -4.60876  -71.79300     3227  28.0  0  0  7 21 0 0 0 1 1 0 0 1 0 0 1 1 1 1
2014   2 28  6 53 40 449413  -22.17603  -45.76351     3314  33.2  1  0  5 10 0 0 1 1 1 0 0 1 0 0 0 0 0 1
2014   2 28  6 53 41 616457  -29.49469  -42.15211     4428  31.4  1  0  5 10 0 0 1 1 1 0 0 1 0 0 1 0 0 0
2014   2 28  6 53 41 641344  -29.45282  -42.23287     3238  33.0  0  0  7 21 0 0 1 1 1 0 0 1 0 1 1 0 0 1
2014   2 28  6 53 41 652937  -29.48256  -42.16273     3734  30.1  0  0  6 15 0 0 1 1 1 0 0 1 0 0 1 0 0 1
2014   2 28  6 53 41 809938  -29.45730  -42.32732     4211   8.9  0  0  4  6 0 0 1 1 0 0 0 1 0 0 0 0 0 1
2014   2 28  6 53 42  67996  -29.46741  -42.31148     3331  35.7  0  0  7 21 0 0 1 1 1 0 0 1 0 1 1 0 0 1
2014   2 28  6 53 42 214551  -29.46555  -42.32617     3360  36.4  0  0  7 21 0 0 1 1 1 0 0 1 0 1 1 0 0 1
2014   2 28  6 53 42 540020  -21.95566  -45.83111     3289  45.5  1  0  6 15 0 0 1 1 1 0 0 1 0 0 1 0 0 1
2014   2 28  6 53 42 627216  -21.93647  -45.81064     3718  42.0  1  0  5 10 0 0 1 1 0 0 0 1 0 0 1 0 0 1
2014   2 28  6 53 43 980692  -21.00954  -47.16911     3608  79.3  2  0  7 20 0 0 1 1 1 0 0 1 0 1 1 1 0 0
2014   2 28  6 53 44 284795  -20.60999  -47.31467     4403  94.6  2  0  7 19 0 0 1 1 1 0 0 1 0 0 1 1 0 1
2014   2 28  6 53 44 292967  -20.70210  -47.20694     3687  58.4  1  0  6 15 0 0 1 1 1 0 0 1 0 0 1 0 0 1
2014   2 28  6 53 44 899562  -29.51022  -42.45708     3839  14.0  0  0  5 10 0 0 0 1 1 0 0 1 0 0 1 0 0 1
2014   2 28  6 53 45 417204  -30.01423  -42.02336     6293  52.5  2  0  5 10 0 0 1 1 0 0 0 1 0 0 1 0 0 1
2014   2 28  6 53 46 350091  -21.98732  -45.83027     4738  72.8  2  0  5 10 0 0 0 1 1 0 0 1 0 0 1 0 0 1
2014   2 28  6 53 47 684137   -9.09452  159.56625    10633  40.0  1  0  5 10 0 0 1 1 0 0 0 1 0 0 1 1 0 0
2014   2 28  6 53 48 525280    5.44100  148.53131     7566  24.0  0  0  5  9 0 0 1 1 0 0 0 1 0 0 1 1 0 0
2014   2 28  6 53 49 385046   -6.76243   10.17070    23074 108.3  2  0  6 15 0 0 1 1 1 0 0 1 0 0 0 1 0 1
2014   2 28  6 53 49 556775  -29.21708  -42.55993     6088  76.2  2  0  6 15 0 0 1 1 1 0 0 1 0 0 1 0 0 1
2014   2 28  6 53 49 588068  -28.61599  -43.11001     3765  26.2  0  0  6 15 0 0 0 1 1 0 0 1 0 1 1 0 0 1
2014   2 28  6 53 49 642836  -21.19102  -46.83900     4635  92.6  2  0  6 15 0 0 1 1 1 0 0 1 0 0 1 0 0 1
2014   2 28  6 53 51 219888  -12.17871  156.59279    17864 106.5  2  0  6 15 0 0 1 1 1 0 0 1 0 0 1 1 0 0
2014   2 28  6 53 51 776807  -20.62991  -46.92199     4018  46.5  1  0  5 10 0 0 1 0 1 0 0 1 0 0 1 0 0 1
2014   2 28  6 53 52  31743  -20.56101  -47.19473     2655  12.5  0  0  5 10 0 0 1 1 1 0 0 0 0 1 0 0 0 1
2014   2 28  6 53 52 211217  -21.07628  -46.90996     2377  14.1  0  0  7 19 0 0 1 1 1 0 0 1 0 1 0 1 0 1
2014   2 28  6 53 52 461306  -21.07427  -46.91608     2483  16.5  0  0  7 16 0 0 1 1 1 0 0 1 0 1 0 1 0 1
2014   2 28  6 53 52 603352  -25.05941  -44.62408     2901  14.3  0  0  5 10 0 0 1 1 1 0 0 1 0 0 0 0 0 1
2014   2 28  6 53 52 633682  -22.34713 -139.93918     9325   5.1  0  0  4  6 0 0 1 0 0 0 0 0 0 1 0 1 0 1
2014   2 28  6 53 52 641221  -22.26730 -140.45798     9199   4.4  0  0  4  6 0 0 1 1 0 0 0 1 0 0 0 1 0 0
2014   2 28  6 53 52 654497  -22.30651 -140.34769     6370  13.1  0  0  6 15 0 0 1 1 1 0 0 1 0 0 0 1 0 1
2014   2 28  6 53 52 722534  -21.09463  -46.87575     2722   8.6  0  0  5  9 0 0 1 1 1 0 0 1 0 0 0 0 0 1
2014   2 28  6 53 52 800084  -22.29579 -140.38950     7039   7.1  0  0  5 10 0 0 1 1 1 0 0 1 0 0 0 1 0 0
2014   2 28  6 53 52 923249  -19.10666 -141.60184     9985   8.2  0  0  4  6 0 0 1 0 1 0 0 1 0 0 0 1 0 0
2014   2 28  6 53 53 174029  -29.47195  -42.00109     3490   2.2  0  0  4  6 0 0 1 1 1 0 0 1 0 0 0 0 0 0
2014   2 28  6 53 53 240298  -29.51358  -42.02734     5536   9.0  0  0  5 10 0 0 0 1 1 0 0 1 0 1 0 0 0 1
2014   2 28  6 53 53 499127  -29.46064  -42.03900     3544   4.3  0  0  4  6 0 0 1 1 1 0 0 1 0 0 0 0 0 0
2014   2 28  6 53 53 527403  -29.44741  -42.05942     3113   8.9  0  0  5 10 0 0 1 1 1 0 0 1 0 0 0 0 0 1
2014   2 28  6 53 53 593147  -29.44457  -42.06599     3101   8.6  0  0  5 10 0 0 1 1 1 0 0 1 0 0 0 0 0 1
2014   2 28  6 53 53 697339  -24.91091  -44.77532     4292  18.5  0  0  4  6 0 0 1 1 0 0 0 1 0 0 0 0 0 1
2014   2 28  6 53 54 632437    7.24338  -79.59046    24833  11.1  0  0  4  6 0 0 0 1 0 0 0 1 0 1 0 0 0 1
2014   2 28  6 53 55 455275  -20.66830  -47.29413     3134  14.9  0  0  5  7 0 0 0 1 1 0 0 1 0 1 0 0 0 1
2014   2 28  6 53 55 577270  -21.15406  -46.94856     4657  68.6  2  0  6 11 0 0 1 1 1 0 0 1 0 0 0 0 1 1
2014   2 28  6 53 56 115272  -13.15953  -71.98315     7650   8.3  0  0  4  6 0 0 1 1 0 0 0 0 0 1 0 0 0 1
2014   2 28  6 53 56 216436  -12.06600  -73.02482     4148  42.2  1  0  6 12 0 0 1 1 1 0 0 1 0 0 0 1 0 1
2014   2 28  6 53 56 607763    7.17198  -73.73898     5303  48.8  0  0  7 18 0 0 1 1 1 0 0 1 0 1 0 1 0 1
2014   2 28  6 53 56 642090  -20.61325  -47.27208     3588  39.9  1  0  5 10 0 0 1 0 1 0 0 1 0 1 0 0 0 1
2014   2 28  6 53 56 648461  -20.65865  -47.24381     3693  38.3  1  0  5 10 0 0 1 1 1 0 0 1 0 0 0 0 0 1
2014   2 28  6 53 56 666947  -20.66210  -47.25311     3717  39.2  1  0  5 10 0 0 1 1 1 0 0 1 0 0 0 0 0 1
2014   2 28  6 53 59 115201  -21.03208  -47.16361     3391  72.7  2  0  7 20 0 0 1 1 1 0 0 1 0 1 0 1 0 1
2014   2 28  6 53 59 326620  -21.99685  -45.84232     4197  56.5  2  0  5 10 0 0 1 1 1 0 0 1 0 0 0 0 0 1
2014   2 28  6 53 59 479605  -21.14371  -47.23223     3163  25.5  0  0  5  8 0 0 0 1 1 0 0 1 0 1 0 0 0 1
2014   2 28  6 53 59 941596  -20.87724  -47.28979     6181  56.9  2  0  5  7 0 0 1 1 1 0 0 1 0 0 0 0 0 1
2014   2 28  6 54  0 459488   33.73470 -179.11884    18039  10.0  0  0  4  6 0 0 1 1 0 0 0 1 0 0 0 1 0 0
2014   2 28  6 54  0 654087  -25.93363 -133.94452    18937  81.4  2  0  6 15 0 0 1 1 1 0 0 1 0 0 0 1 0 1
2014   2 28  6 54  3 278839   -2.62099  -71.68755     5857 114.0  2  0  7 21 0 0 1 1 1 0 0 1 0 1 0 1 0 1
2014   2 28  6 54  3 420714  -30.03248  -42.44987     3661  23.0  0  0  5 10 0 0 1 1 1 0 0 0 0 1 0 0 0 1
2014   2 28  6 54  3 442319  -30.00876  -42.54671     3659  20.1  0  0  5 10 0 0 1 1 1 0 0 1 0 0 0 0 0 1
2014   2 28  6 54  3 458542  -30.03329  -42.44070     4691  25.8  1  0  4  6 0 0 1 1 0 0 0 0 0 1 0 0 0 1
2014   2 28  6 54  3 536339  -30.04085  -42.45290     3109  22.6  0  0  7 16 0 0 1 1 1 0 0 1 0 1 0 1 0 1
2014   2 28  6 54  5 595514   -0.21732  154.72275    17648 125.0  2  0  6 15 0 0 1 1 1 0 0 1 0 1 0 1 0 0
2014   2 28  6 54  5 615328  -29.27483  -42.93341     3759  23.6  0  0  5 10 0 0 1 1 1 0 0 1 0 0 0 0 0 1
2014   2 28  6 54  5 680942  -20.84618  -47.69781     4729  55.0  2  0  5 10 0 0 0 1 1 0 0 1 0 0 0 1 0 1
2014   2 28  6 54  5 965758  -20.63416  -47.43281     4405 130.2  2  0  7 20 0 0 1 1 1 0 0 1 0 1 0 1 0 1
2014   2 28  6 54  8  86178   32.28624 -138.95699    13680   2.4  0  0  4  6 0 0 1 1 1 0 0 1 0 0 0 0 0 0
2014   2 28  6 54  8 137276   -5.21952  172.82361    16109   4.6  0  0  5  8 0 0 1 1 1 0 0 1 0 0 0 0 0 1
2014   2 28  6 54  8 355669  -29.67898  -41.91375     3122   6.8  0  0  5 10 0 0 1 1 1 0 0 1 0 0 0 0 0 1
2014   2 28  6 54  8 544436  -29.66993  -41.91908     3131   6.8  0  0  5 10 0 0 1 1 1 0 0 1 0 0 0 0 0 1
2014   2 28  6 54  8 755781  -20.74971  -47.19103     2724   6.4  0  0  5  9 0 0 1 1 1 0 0 1 0 0 0 0 0 1
2014   2 28  6 54  8 992819  -20.75816  -47.17379     2462   6.4  0  0  6 12 0 0 1 1 1 0 0 1 0 1 0 0 0 1
2014   2 28  6 54  9  15923  -20.76518  -47.19171     2635   8.4  0  0  5 10 0 0 1 1 1 0 0 1 0 0 0 0 0 1
2014   2 28  6 54  9 705356  -21.07516  -46.93592     3082   8.8  0  0  4  6 0 0 1 0 1 0 0 1 0 1 0 0 0 0
2014   2 28  6 54  9 752619  -21.07196  -46.96948     2686  10.5  0  0  5 10 0 0 1 1 1 0 0 1 0 0 0 0 0 1
2014   2 28  6 54  9 790616  -21.06924  -46.94337     2695   8.7  0  0  5  9 0 0 1 0 1 0 0 1 0 1 0 0 0 1
2014   2 28  6 54 10 467731  -13.32535  -72.19677    10281   1.9  0  0  4  6 0 0 0 1 1 0 0 1 0 1 0 0 0 0
2014   2 28  6 54 11  70511    6.87883  -73.58317    10132  26.1  0  0  5  9 0 0 1 1 0 0 0 1 0 1 0 0 0 1
2014   2 28  6 54 11 697557    0.58283  155.56355    34609  26.6  1  0  4  6 0 0 1 1 0 0 0 1 0 0 0 0 0 1
2014   2 28  6 54 11 917463  -15.97693  -51.42400     3477  30.3  1  0  5 10 0 0 1 1 1 0 0 1 0 0 0 0 0 1
2014   2 28  6 54 12 300998  -12.95292  -71.62122     6644  41.9  1  0  5  9 0 0 1 1 0 0 0 1 0 1 0 0 0 1
2014   2 28  6 54 12 325349  -13.72991  -70.93056     5307   8.8  0  0  5 10 0 0 1 1 1 0 0 0 0 1 0 0 0 1
2014   2 28  6 54 12 358743  -12.95165  -71.62485     6667  42.0  1  0  5  9 0 0 1 1 0 0 0 1 0 1 0 0 0 1
2014   2 28  6 54 12 417696  -12.96722  -73.68391     8728   6.8  0  0  5 10 0 0 0 1 1 0 0 1 0 1 0 0 0 1
2014   2 28  6 54 12 686975  -13.01421  -71.54539     4602  41.4  1  0  6 15 0 0 1 1 1 0 0 1 0 1 0 0 0 1
2014   2 28  6 54 13 736671  -13.03673  -71.51330     5149  51.0  1  0  6 15 0 0 1 1 1 0 0 1 0 1 0 0 0 1
2014   2 28  6 54 14 401375  -24.52981  -45.26954     3771  38.6  1  0  5 10 0 0 1 1 0 0 0 1 0 1 0 0 0 1
2014   2 28  6 54 14 638528  -24.54489  -45.34359     3799  39.1  1  0  5 10 0 0 1 1 1 0 0 1 0 0 0 0 0 1
2014   2 28  6 54 16 939657  -29.42369  -42.58085     3346   9.2  0  0  5  8 0 0 1 1 1 0 0 1 0 0 0 0 0 1
2014   2 28  6 54 16 959480  -22.00048  -45.86426     4314  55.4  2  0  5  9 0 0 1 1 1 0 0 1 0 0 0 0 0 1
2014   2 28  6 54 16 992371  -29.41684  -42.60315     4416  11.6  0  0  4  6 0 0 1 1 0 0 0 1 0 0 0 0 0 1
2014   2 28  6 54 17 112701  -29.44249  -42.52149     2918  15.3  0  0  6 15 0 0 1 1 1 0 0 1 0 1 0 0 0 1
2014   2 28  6 54 17 262462  -22.01909  -45.94968     3492  59.7  1  0  6 15 0 0 1 1 1 0 0 1 0 1 0 0 0 1
2014   2 28  6 54 17 348469  -29.43740  -42.54538     2912  15.4  0  0  6 15 0 0 1 1 1 0 0 1 0 1 0 0 0 1
2014   2 28  6 54 17 469459  -11.11008  -57.52073     5654  80.4  2  0  6 15 0 0 1 1 1 0 0 1 0 1 0 0 0 1
2014   2 28  6 54 17 533650  -29.41189  -42.62094     3182  11.0  0  0  5 10 0 0 1 1 1 0 0 1 0 0 0 0 0 1
2014   2 28  6 54 17 560769  -29.41483  -42.62418     3168  10.6  0  0  5 10 0 0 1 1 1 0 0 1 0 0 0 0 0 1
2014   2 28  6 54 20 700439  -29.82255  -42.69584     3463  16.5  0  0  5 10 0 0 1 1 1 0 0 1 0 0 0 0 0 1
2014   2 28  6 54 21  30949  -22.23993  -45.86031     4186  87.9  2  0  6 15 0 0 1 1 1 0 0 1 0 1 0 0 0 1
2014   2 28  6 54 22 793396  -21.09056  -47.31640     3681  92.8  2  0  7 21 0 0 1 1 1 0 0 1 0 1 0 0 1 1
