2014   2 28  5  9 36 158958  -33.24545  -40.82505     5145  54.4  1  0  6 15 0 0 1 1 0 0 0 0 0 1 1 1 0 1
2014   2 28  5  9 36 253486  -33.33532  -40.65768     4773   7.1  0  0  5 10 0 0 0 1 0 0 0 0 0 1 1 1 0 1
2014   2 28  5  9 36 272583  -33.24880  -40.71996     3084   9.5  0  0  5 10 0 0 1 1 0 0 0 0 0 1 1 0 0 1
2014   2 28  5  9 36 331695   -5.86107  -74.25630     3290   2.9  0  0  4  6 0 0 1 1 0 0 0 0 0 0 1 1 0 0
2014   2 28  5  9 37 280094  -27.74023  -42.77890     3440   4.9  0  0  4  6 0 0 1 1 0 0 0 0 0 0 1 0 0 1
2014   2 28  5  9 37 386261  -27.71395  -42.81252     3883   6.3  0  0  5  7 0 0 1 0 0 0 0 0 0 1 1 1 0 1
2014   2 28  5  9 37 537976  -12.80076  171.91048    12505   7.4  0  0  5 10 0 0 1 1 0 0 0 0 0 0 1 1 0 1
2014   2 28  5  9 37 957052  -13.23734  158.40543    32351   2.5  0  0  4  6 0 0 0 1 0 0 0 0 0 0 1 1 0 1
2014   2 28  5  9 38  57996  -12.64977  171.67471    17151   4.4  0  0  4  6 0 0 1 1 0 0 0 0 0 0 1 1 0 0
2014   2 28  5  9 40 512587   -5.27817  -74.54830     3277  35.8  0  0  7 21 0 0 1 1 0 0 0 0 0 1 1 1 1 1
2014   2 28  5  9 40 562281   -5.27586  -74.54490     4626  26.9  0  0  5  9 0 0 1 1 0 0 0 0 0 0 1 1 0 1
2014   2 28  5  9 40 729919  -23.30744  -45.97036     3631  37.0  1  0  5 10 0 0 1 1 0 0 0 0 0 1 1 0 0 1
2014   2 28  5  9 42 194827    7.60403  -73.96771     5908  51.1  1  0  6 14 0 0 1 1 0 0 0 0 0 1 1 1 0 1
2014   2 28  5  9 43  54062   -2.24064  -49.82095     3058  33.9  0  0  6 13 0 0 1 1 0 0 0 0 0 0 1 1 1 1
2014   2 28  5  9 44 154993  -19.76499 -140.92564    17281  63.7  2  0  6 15 0 0 1 1 0 0 0 0 0 1 1 1 0 1
2014   2 28  5  9 44 294119  -19.54345 -143.78928    32078  46.7  1  0  5  7 0 0 1 1 0 0 0 0 0 0 1 1 0 1
2014   2 28  5  9 44 508096  -16.55051  -50.85252     4540  15.7  0  0  4  6 0 0 1 1 0 0 0 0 0 0 1 0 0 1
2014   2 28  5  9 44 757756  -21.92417  -46.24595     3266  13.5  0  0  4  6 0 0 1 1 0 0 0 0 0 1 1 0 0 0
2014   2 28  5  9 45 514491  -16.62611  -50.81721     4642  17.4  0  0  4  6 0 0 1 1 0 0 0 0 0 0 1 0 0 1
2014   2 28  5  9 45 524365  -28.13911  -43.08763     4878  49.1  1  0  5 10 0 0 1 1 0 0 0 0 0 1 1 0 0 1
2014   2 28  5  9 46 239983  -20.31679  -47.23377     3182   9.8  0  0  4  6 0 0 1 1 0 0 0 0 0 1 1 0 0 0
2014   2 28  5  9 49 371007   -6.81214  154.77203    68822  34.4  1  0  4  6 0 0 0 1 0 0 0 0 0 0 1 1 0 1
2014   2 28  5  9 50 274979  -16.28330  -51.31718     4752 104.6  2  0  6 15 0 0 1 1 0 0 0 0 0 1 1 1 0 1
2014   2 28  5  9 50 282437  -16.65142  -51.25002     7255 130.0  2  0  7 16 0 0 1 1 0 0 0 0 0 1 1 1 1 1
2014   2 28  5  9 50 530984  -12.81594  -70.95668     5498  63.1  2  0  5 10 0 0 1 0 0 0 0 0 0 1 1 1 0 1
2014   2 28  5  9 50 567088  -12.82754  -70.96695     5453  62.3  2  0  5 10 0 0 1 0 0 0 0 0 0 1 1 1 0 1
2014   2 28  5  9 51 159344   -5.59749  -43.84499     5121  85.2  2  0  6 15 0 0 1 1 0 0 0 0 0 1 1 1 0 1
2014   2 28  5  9 51 396752    2.33731  -70.98225    10670  11.5  0  0  4  6 0 0 1 1 0 0 0 0 0 1 0 0 0 1
2014   2 28  5  9 52  85741  -22.50690  -46.93173     2499   3.9  0  0  5 10 0 0 0 1 1 0 0 1 0 0 1 0 0 1
2014   2 28  5  9 52 488994  -20.38006  -49.68167     2394  13.8  0  0  7 17 0 0 0 1 1 0 0 1 0 1 1 1 0 1
2014   2 28  5  9 52 498589  -14.89790  -56.43991     2358  11.1  0  0  7 21 0 0 1 1 0 0 0 1 0 1 1 1 0 1
2014   2 28  5  9 52 590582  -14.93394  -56.42874     2396   8.5  0  0  7 21 0 0 1 1 1 0 0 1 0 1 1 0 0 1
2014   2 28  5  9 52 642680  -14.91894  -56.45407     2538  11.0  0  0  6 15 0 0 0 1 0 0 0 1 0 1 1 1 0 1
2014   2 28  5  9 52 795074  -14.90959  -56.44254     2465   9.2  0  0  6 15 0 0 1 1 1 0 0 0 0 1 1 1 0 0
2014   2 28  5  9 52 993003  -25.57580  -44.73415     2749   5.0  0  0  5 10 0 0 1 1 1 0 0 0 0 0 1 0 0 1
2014   2 28  5  9 53  33540  -25.60736  -44.72115     3355  12.1  0  0  5  8 0 0 0 1 1 0 0 1 0 0 1 0 0 1
2014   2 28  5  9 53 107771  -25.59380  -44.74498     2632   9.8  0  0  6 14 0 0 1 1 1 0 0 1 0 0 1 0 0 1
2014   2 28  5  9 53 821121   -4.59645  -70.97076     2829   8.3  0  0  6 15 0 0 0 1 1 0 0 1 0 0 1 1 0 1
2014   2 28  5  9 53 973736   -4.70669  -70.71200     3189   6.0  0  0  6 15 0 0 1 0 1 0 0 1 0 1 1 0 0 1
2014   2 28  5  9 54 204664    0.27150    2.55599    28630   8.3  0  0  5 10 0 0 1 1 1 0 0 0 0 0 1 0 0 1
2014   2 28  5  9 54 670241  -16.22205  -51.01997     2570  13.7  0  0  6 15 0 0 1 1 1 0 0 1 0 0 1 0 0 1
2014   2 28  5  9 54 845458  -16.19036  -51.07951     2789  21.1  0  0  6 13 0 0 1 1 1 0 0 1 0 0 1 1 0 0
2014   2 28  5  9 55 617997    5.88003  -77.24614     4049  23.1  0  0  7 21 0 0 0 1 1 0 0 1 0 1 1 1 0 1
2014   2 28  5  9 55 838058  -28.26803  -42.81677     2959  15.2  0  0  6 15 0 0 1 1 1 0 0 1 0 0 1 0 0 1
2014   2 28  5  9 56  19842  -33.13588  -42.11349     3765  11.6  0  0  5  9 0 0 1 1 1 0 0 1 0 0 0 0 0 1
2014   2 28  5  9 56 109424   -6.20950  -73.81919     8518  15.5  0  0  5  9 0 0 0 0 1 0 0 1 0 1 1 0 0 1
2014   2 28  5  9 56 144189   -5.92589  -74.62292     6023  31.3  1  0  5  8 0 0 0 1 1 0 0 1 0 0 1 1 0 0
2014   2 28  5  9 56 355240  -32.86798  -42.25836     4891  14.1  0  0  5 10 0 0 0 1 1 0 0 1 0 0 1 0 0 1
2014   2 28  5  9 56 776034    8.98890  -75.21915     5475  32.8  0  0  6 15 0 0 0 1 1 0 0 1 0 0 1 1 0 1
2014   2 28  5  9 56 897795    2.69775  -67.92696     5350  25.9  0  0  5  9 0 0 0 0 1 0 0 1 0 0 1 1 0 1
2014   2 28  5  9 56 954000  -15.06977  -56.49644     3071  37.2  0  0  7 21 0 0 0 1 1 0 0 1 0 1 1 1 0 1
2014   2 28  5  9 56 963974  -15.11221  -56.32910     3059  36.1  0  0  7 21 0 0 1 1 1 0 0 1 0 1 1 0 0 1
2014   2 28  5  9 56 995464    2.51520  -67.86585    16141  37.0  1  0  5  9 0 0 0 1 1 0 0 1 0 0 1 0 0 1
2014   2 28  5  9 57 114004  -16.03396  -51.08725     2741  37.3  0  0  7 21 0 0 0 1 1 0 0 1 0 1 1 1 0 1
2014   2 28  5  9 57 264366  -28.29193  -43.00550     3891  26.9  0  0  5 10 0 0 1 1 1 0 0 0 0 0 1 0 0 1
2014   2 28  5  9 57 298142    2.30733  -67.49260     4966  22.4  0  0  6 14 0 0 1 0 1 0 0 1 0 1 1 0 0 1
2014   2 28  5  9 57 314527  -16.06804  -50.97028     3044  30.7  0  0  6 15 0 0 1 1 1 0 0 1 0 0 1 0 0 1
2014   2 28  5  9 57 426685    2.68803  -67.94762     3907  29.5  0  0  6 15 0 0 0 0 1 0 0 1 0 1 1 1 0 1
2014   2 28  5  9 58  24675  -16.20652  -50.98503     4717  39.5  1  0  5  8 0 0 0 1 1 0 0 1 0 0 1 0 0 1
2014   2 28  5  9 58 650013  -24.59031  -45.03416     4185  20.3  1  0  4  6 0 0 1 0 0 0 0 0 0 1 1 0 0 1
2014   2 28  5  9 59 340450  -23.30054  -46.71676     4019  49.0  1  0  5 10 0 0 1 0 0 0 0 1 0 1 1 0 0 1
2014   2 28  5  9 59 348392  -23.29750  -46.90273     3574  12.9  0  0  4  6 0 0 1 1 0 0 0 1 0 0 1 0 0 0
2014   2 28  5  9 59 388863    0.68734  -69.66611     4474  62.3  1  0  7 19 0 0 1 1 0 0 0 1 0 1 1 1 0 1
2014   2 28  5  9 59 566037  -23.34151  -46.77085     3932  67.0  2  0  6 15 0 0 1 1 0 0 0 1 0 1 1 0 0 1
2014   2 28  5  9 59 707228   -8.51880    3.91713    57046  31.7  1  0  4  6 0 0 1 1 0 0 0 0 0 0 1 0 0 1
2014   2 28  5 10  0  47454    0.80827  -69.51663     6632  43.0  1  0  5  9 0 0 0 0 1 0 0 1 0 0 1 1 0 1
2014   2 28  5 10  0 629687    4.93341  -72.52935     6371  68.1  1  0  7 19 0 0 0 1 1 0 0 1 0 1 1 1 0 1
2014   2 28  5 10  1 308186  -22.44424  -48.14810     3982  80.9  2  0  6 15 0 0 1 1 1 0 0 1 0 1 0 0 0 1
2014   2 28  5 10  1 322283  -22.39125  -48.17242     4142  82.4  2  0  6 15 0 0 1 1 1 0 0 1 0 1 1 0 0 0
2014   2 28  5 10  1 601790   24.09779  -80.00681    50946  93.0  2  0  6 11 0 0 1 1 1 0 0 1 0 0 1 1 0 0
2014   2 28  5 10  3 258744  -20.93455  -49.50262     3148   7.8  0  0  4  6 0 0 1 1 0 0 0 1 0 0 1 0 0 0
2014   2 28  5 10  3 344038  -20.95395  -49.53420     3116  54.6  1  0  7 17 0 0 0 1 1 0 0 1 0 1 1 1 0 1
2014   2 28  5 10  3 853002  -33.01668  -51.52184     5039  25.5  0  0  5  9 0 0 1 1 1 0 0 1 0 0 0 0 0 1
2014   2 28  5 10  4  90319  -27.86721  -43.07766     3729  36.5  0  0  6 15 0 0 1 1 1 0 0 1 0 0 1 0 0 1
2014   2 28  5 10  5 420767    1.60455  -22.45939    12731  99.1  2  0  7 21 0 0 1 1 1 0 0 1 0 0 1 1 0 1
2014   2 28  5 10  5 514238   -6.37688  -38.31376    10468  41.4  1  0  5  9 0 0 1 1 1 0 0 1 0 0 0 0 0 1
2014   2 28  5 10  5 525572    1.97055  -20.89547    12572  92.1  2  0  7 20 0 0 1 1 1 0 0 1 0 0 1 1 0 1
2014   2 28  5 10  5 554059    1.96461  -20.88926    16607 101.0  2  0  6 14 0 0 1 1 1 0 0 1 0 0 0 1 0 1
2014   2 28  5 10  8 355319  -23.54438  -45.91814     3004  12.6  0  0  5  9 0 0 1 1 1 0 0 1 0 1 0 0 0 0
2014   2 28  5 10  8 890682  -23.60686  -45.90602     2961  23.1  0  0  6 15 0 0 1 1 1 0 0 1 0 0 1 0 0 1
2014   2 28  5 10  9 150794    7.50698  -74.00604     6405  19.4  0  0  5  7 0 0 0 1 1 0 0 1 0 0 1 1 0 0
2014   2 28  5 10 10 180731   -8.32060    6.63742    23945  22.5  0  0  5  7 0 0 1 1 1 0 0 1 0 0 1 0 0 0
2014   2 28  5 10 10 264240  -25.87231  -44.52026     3036  22.5  0  0  7 21 0 0 1 0 1 0 0 1 0 1 1 1 0 1
2014   2 28  5 10 10 627511    7.48110  -74.13894     5372  30.1  0  0  6 12 0 0 0 1 1 0 0 1 0 1 1 1 0 0
2014   2 28  5 10 11 188432   -9.47251  -64.48407     7647  30.1  1  0  5 10 0 0 1 1 0 0 0 0 0 1 1 0 0 1
2014   2 28  5 10 11 213455   -9.00700  -64.94670     3462  31.2  0  0  6 15 0 0 0 1 1 0 0 1 0 0 1 1 0 1
2014   2 28  5 10 11 330897  -20.93501  -49.27176     2844  33.7  0  0  7 18 0 0 0 1 0 0 0 1 0 1 1 1 1 1
2014   2 28  5 10 11 348479  -20.93813  -49.20823     2997  32.9  0  0  6 13 0 0 1 0 1 0 0 1 0 1 1 0 0 1
2014   2 28  5 10 11 374660  -20.85981  -49.38178     2557  26.6  0  0  7 20 0 0 0 1 1 0 0 1 0 1 1 1 0 1
2014   2 28  5 10 11 490479  -20.93864  -49.28197     3516  25.5  0  0  5  7 0 0 0 1 0 0 0 1 0 1 1 0 0 1
2014   2 28  5 10 11 574325  -20.94176  -49.26281     2704  28.6  0  0  7 19 0 0 1 1 0 0 0 1 0 1 1 0 1 1
2014   2 28  5 10 11 657984  -12.07293  170.69049     8665  37.2  0  0  7 21 0 0 1 1 1 0 0 1 0 0 1 1 0 1
2014   2 28  5 10 12  94448  -16.13097  -51.17640     2832  38.6  0  0  7 21 0 0 1 1 1 0 0 1 0 1 1 0 0 1
2014   2 28  5 10 12 166200  -11.95629  169.25188    15017  36.2  1  0  5  8 0 0 0 1 1 0 0 1 0 0 1 1 0 0
2014   2 28  5 10 12 326787  -16.14344  -51.13874     3695  35.7  1  0  5 10 0 0 1 1 1 0 0 1 0 0 0 0 0 1
2014   2 28  5 10 12 395283  -16.13761  -51.12470     2997  35.8  0  0  7 16 0 0 1 1 1 0 0 1 0 0 1 1 0 1
2014   2 28  5 10 12 978120    7.60691  -74.22043     6016  50.2  1  0  7 19 0 0 0 1 1 0 0 1 0 1 1 1 0 1
2014   2 28  5 10 13 867833    3.86564  -82.64353    16238  63.9  2  0  6 11 0 0 1 1 1 0 0 1 0 0 1 0 0 1
2014   2 28  5 10 13 880863  -13.99246  159.41286     9252   8.7  0  0  4  6 0 0 1 0 0 0 0 1 0 0 1 1 0 0
2014   2 28  5 10 15 127863  -16.16566  -51.13986     3694  61.1  2  0  6 15 0 0 1 1 0 0 0 1 0 0 1 1 0 1
2014   2 28  5 10 15 144608  -16.22909  -51.18525     3205  63.9  1  0  7 21 0 0 0 1 1 0 0 1 0 1 1 1 0 1
2014   2 28  5 10 16  66676  -16.23871  -50.84357     3404  14.1  0  0  4  6 0 0 1 0 0 0 0 1 0 0 1 0 0 1
2014   2 28  5 10 16 453321  -27.64429  -43.18212     4252  46.6  1  0  6 15 0 0 1 1 1 0 0 1 0 0 1 0 0 1
2014   2 28  5 10 16 526820  -27.63653  -43.27284     3519  47.7  0  0  7 21 0 0 1 1 1 0 0 1 0 1 1 0 0 1
2014   2 28  5 10 16 666055   -5.74625  -43.42399     5128  73.7  2  0  6 15 0 0 1 1 0 0 0 1 0 0 1 1 0 1
2014   2 28  5 10 17 812434   31.39704 -145.31909    30654   8.4  0  0  5 10 0 0 0 0 1 0 0 1 0 1 0 1 0 1
2014   2 28  5 10 18 158602   30.53909 -131.02536    33188  99.5  2  0  6 14 0 0 1 1 0 0 0 1 0 0 1 1 0 1
2014   2 28  5 10 20 203225  -16.47736  -51.09476     4125 103.3  2  0  7 21 0 0 1 1 1 0 0 1 0 1 1 0 0 1
2014   2 28  5 10 21 165762  -23.36167  -46.02845     6029 117.1  2  0  6 15 0 0 1 1 1 0 0 1 0 0 1 0 0 1
2014   2 28  5 10 22   2138  -31.86017   15.55311    31900 109.4  2  0  6 15 0 0 1 1 1 0 0 1 0 0 1 0 0 1
2014   2 28  5 10 22 300130  -13.76134  157.95589    18587 104.8  2  0  6 15 0 0 1 1 1 0 0 1 0 0 1 1 0 0
2014   2 28  5 10 22 948313   -1.55118  -66.59158    36491  61.9  2  0  5 10 0 0 0 1 1 0 0 0 0 1 1 0 0 1
2014   2 28  5 10 23 982385  -23.20589  -46.74116     3467  32.5  1  0  5 10 0 0 1 0 1 0 0 1 0 0 1 0 0 1
2014   2 28  5 10 24 134756  -19.98872 -170.27255     8460   5.9  0  0  6 15 0 0 1 1 1 0 0 0 0 0 1 1 0 1
2014   2 28  5 10 24 196522  -28.30831  -42.69849     2786  10.9  0  0  6 15 0 0 1 1 1 0 0 1 0 0 1 0 0 1
2014   2 28  5 10 24 406252  -28.26880  -42.78134     3481   3.9  0  0  5  9 0 0 1 0 1 0 0 1 0 0 1 0 0 1
2014   2 28  5 10 24 595525    2.50691  -84.48224     3459   9.4  0  0  7 21 0 0 0 1 1 0 0 1 0 1 1 1 0 1
2014   2 28  5 10 25   9592    7.40795  -73.48038     7172  37.8  0  0  6 12 0 0 1 1 1 0 0 0 0 1 1 1 0 0
2014   2 28  5 10 25 134227    7.45552  -73.99135     3162   9.4  0  0  7 19 0 0 0 1 1 0 0 1 0 1 1 1 0 1
2014   2 28  5 10 25 414544  -16.20894  -51.01046     2549  13.0  0  0  6 15 0 0 1 1 1 0 0 1 0 0 1 0 0 1
2014   2 28  5 10 25 699416    7.54683  -73.99998     4244   9.8  0  0  5  8 0 0 0 1 1 0 0 1 0 0 1 1 0 0
2014   2 28  5 10 25 895311    7.54222  -74.02695     4913  10.2  0  0  5  7 0 0 0 0 0 0 0 1 0 1 1 1 0 1
2014   2 28  5 10 25 989752    2.08078    4.43298    10649  29.6  0  0  6 12 0 0 1 1 0 0 0 1 0 0 1 1 0 1
2014   2 28  5 10 26 163650  -27.79047  -42.98032     2873   9.1  0  0  6 15 0 0 0 1 1 0 0 1 0 1 1 0 0 1
2014   2 28  5 10 26 392556  -16.15029  -51.24065     2448  17.7  0  0  7 21 0 0 1 1 1 0 0 1 0 1 1 0 0 1
2014   2 28  5 10 26 742697    1.17191  142.48134    10910 112.2  2  0  6 15 0 0 1 0 1 0 0 1 0 0 1 1 0 1
2014   2 28  5 10 27 396315  -20.57471  -46.95052     2733  23.7  0  0  6 15 0 0 1 1 1 0 0 1 0 0 1 0 0 1
2014   2 28  5 10 28 369709    0.30656  -64.95631     5898  65.6  1  0  7 16 0 0 1 1 1 0 0 1 0 1 1 1 0 0
2014   2 28  5 10 28 967279  -19.97568 -140.55728     9189  36.2  0  0  7 20 0 0 1 0 1 0 0 1 0 1 1 1 0 1
2014   2 28  5 10 28 997763  -20.72503 -138.55495    14307  23.3  0  0  6 14 0 0 1 0 1 0 0 1 0 1 1 0 0 1
2014   2 28  5 10 29  29048  -19.83039 -141.94040    23718  47.0  1  0  5 10 0 0 0 1 0 0 0 1 0 1 1 1 0 0
2014   2 28  5 10 29  82414  -20.52324 -139.47563    23179  45.8  1  0  6 15 0 0 1 1 1 0 0 1 0 1 1 0 0 0
2014   2 28  5 10 29 475334  -20.81207 -138.44917    14137  24.6  0  0  6 15 0 0 1 0 1 0 0 1 0 1 1 0 0 1
2014   2 28  5 10 30 691996  -26.51702 -134.26515    13239  58.9  1  0  7 20 0 0 1 1 1 0 0 0 0 1 1 1 0 1
2014   2 28  5 10 32 755274    7.68577  -75.12012    12123  52.4  2  0  5 10 0 0 0 1 1 0 0 1 0 0 0 1 0 1
2014   2 28  5 10 33 315309  -33.46217  -39.72166     5879  56.7  1  0  6 15 0 0 1 1 1 0 0 1 0 0 1 0 0 1
2014   2 28  5 10 33 341814  -33.42735  -39.82365     4627  55.8  1  0  7 21 0 0 1 1 1 0 0 1 0 1 1 0 0 1
2014   2 28  5 10 33 498574  -16.16281  -51.04601     5520  66.8  2  0  5 10 0 0 1 0 1 0 0 1 0 1 1 0 0 0
2014   2 28  5 10 33 552005  -16.17684  -51.25076     4750  69.9  2  0  5 10 0 0 0 1 1 0 0 1 0 1 1 0 0 0
2014   2 28  5 10 33 802749  -16.12415  -51.29079     3443  75.2  2  0  7 21 0 0 0 1 1 0 0 1 0 1 1 1 0 1
2014   2 28  5 10 33 931270  -24.43927 -136.16115    14911  76.4  2  0  7 21 0 0 1 1 1 0 0 1 0 0 1 1 0 1
2014   2 28  5 10 33 948095  -24.17637 -137.42757    20302  41.3  1  0  5  7 0 0 1 1 0 0 0 1 0 0 1 1 0 0
2014   2 28  5 10 34  31436  -19.01484 -142.72383    15482  77.7  2  0  7 21 0 0 1 1 1 0 0 1 0 0 1 1 0 1
2014   2 28  5 10 34 150065  -19.24571 -141.30984    14070  67.3  1  0  7 21 0 0 1 0 1 0 0 1 0 1 1 1 0 1
2014   2 28  5 10 34 212742    5.99820  -77.92326    10019  97.3  2  0  6 13 0 0 1 1 0 0 0 1 0 1 1 1 0 0
2014   2 28  5 10 34 231360  -22.38134 -127.64105    37064   5.7  0  0  4  6 0 0 0 0 0 0 0 1 0 1 1 0 0 1
2014   2 28  5 10 34 291096    6.08537  -78.80701     5865  82.3  2  0  7 21 0 0 1 1 0 0 0 1 0 1 1 1 0 1
2014   2 28  5 10 34 441891    5.86375  -78.02094    18482  58.7  2  0  5  8 0 0 0 0 1 0 0 1 0 0 1 1 0 1
2014   2 28  5 10 34 558123    5.96344  -78.44843     9257  85.5  2  0  7 21 0 0 0 1 1 0 0 1 0 1 1 1 0 1
2014   2 28  5 10 35  32390  -15.97523  -51.06719     3754  82.7  2  0  7 21 0 0 1 1 1 0 0 1 0 1 1 0 0 1
2014   2 28  5 10 36 871003  -16.27502  -51.23657     4574  64.4  2  0  5 10 0 0 0 0 1 0 0 1 0 1 0 1 0 1
2014   2 28  5 10 37 741571  -11.93070  -72.86534     5492  58.4  2  0  5 10 0 0 1 0 0 0 0 0 0 1 1 1 0 1
2014   2 28  5 10 37 966974  -22.90090  -47.64127     4234  56.9  1  0  6 11 0 0 1 1 0 0 0 0 0 1 1 1 0 1
2014   2 28  5 10 38 464083  -11.26895   -1.43388    72059  81.7  2  0  5 10 0 0 1 1 1 0 0 0 0 0 1 0 0 1
2014   2 28  5 10 38 675975  -27.49411  -43.39343     4017  64.2  1  0  7 21 0 0 1 1 1 0 0 1 0 1 1 0 0 1
2014   2 28  5 10 38 920409  -23.13215  -47.79011     3849  25.3  1  0  4  6 0 0 0 1 0 0 0 1 0 1 1 0 0 0
2014   2 28  5 10 38 941905  -11.25721  168.90399    13532  24.9  1  0  4  6 0 0 1 0 0 0 0 1 0 0 1 1 0 0
2014   2 28  5 10 39  98466  -22.96754 -137.58690    14327  65.1  1  0  7 16 0 0 1 0 1 0 0 0 0 1 1 1 1 1
2014   2 28  5 10 39 228780  -27.16855  -43.61946     3822  23.2  0  0  5 10 0 0 0 1 1 0 0 1 0 0 1 0 0 1
2014   2 28  5 10 39 627646   -7.23559  149.69835    15383  95.5  2  0  6 12 0 0 1 1 1 0 0 1 0 0 1 1 0 0
2014   2 28  5 10 40 241071   -4.09145  -70.66197     3437   4.4  0  0  4  6 0 0 0 1 0 0 0 1 0 0 1 1 0 0
2014   2 28  5 10 40 378750   -4.11150  -70.64880     2986   4.3  0  0  5 10 0 0 0 1 1 0 0 1 0 0 1 1 0 0
2014   2 28  5 10 40 623767  -23.39581  -45.88000     2864  19.2  0  0  6 15 0 0 1 1 1 0 0 1 0 0 1 0 0 1
2014   2 28  5 10 40 806730  -28.31805  -42.66466     3705   7.6  0  0  4  6 0 0 1 1 0 0 0 1 0 0 1 0 0 0
2014   2 28  5 10 41 800549  -11.50775  -57.43209     2760  19.2  0  0  6 15 0 0 1 1 0 0 0 0 0 1 1 1 0 1
2014   2 28  5 10 41 982401  -11.53418  -57.53981     3705  16.3  0  0  5  9 0 0 0 1 1 0 0 1 0 1 1 0 0 0
2014   2 28  5 10 42 445945    7.16433  -73.50879     6430  17.9  0  0  6 12 0 0 1 1 1 0 0 1 0 0 1 0 0 1
2014   2 28  5 10 42 485131    7.57343  -74.02346     3760  19.7  0  0  7 20 0 0 0 1 1 0 0 1 0 1 1 1 0 1
2014   2 28  5 10 42 995326   -6.07588    8.29102     6922   9.2  0  0  6 15 0 0 1 0 1 0 0 1 0 1 1 0 0 1
2014   2 28  5 10 43 389115  -16.71284  -50.89570     3346  27.3  0  0  6 15 0 0 1 1 1 0 0 0 0 1 1 0 0 1
2014   2 28  5 10 43 804605    7.53952  -73.54303     5927  52.6  1  0  6 14 0 0 1 1 1 0 0 0 0 0 1 1 0 1
2014   2 28  5 10 43 950846    7.66697  -73.89443     6582  46.9  1  0  6 11 0 0 1 1 1 0 0 1 0 0 1 1 0 0
2014   2 28  5 10 44 375031    4.93812  149.81242    11345  44.2  1  0  5  9 0 0 1 0 1 0 0 1 0 0 1 1 0 0
2014   2 28  5 10 46 240034  -12.19649  -72.91074     3612  48.6  0  0  7 21 0 0 1 0 1 0 0 1 0 1 1 1 0 1
2014   2 28  5 10 46 603319  -15.96949  -51.05550     4203  56.8  2  0  5 10 0 0 1 1 0 0 0 0 0 0 1 1 0 1
2014   2 28  5 10 46 910120    7.70192  -74.37430    10594  52.6  2  0  5  8 0 0 0 1 0 0 0 1 0 0 1 1 0 1
2014   2 28  5 10 46 989075    7.70443  -74.37934    10749  53.4  2  0  5  8 0 0 0 1 0 0 0 1 0 0 1 1 0 1
2014   2 28  5 10 47 246395   -4.72485    7.02056    52801  63.8  2  0  6 11 0 0 1 1 1 0 0 1 0 0 1 0 0 1
2014   2 28  5 10 48 566050    7.80326  -75.12957     8139  46.2  1  0  6 15 0 0 0 1 1 0 0 1 0 1 0 1 0 1
2014   2 28  5 10 48 818040   -6.48833  -76.43385     4975   7.1  0  0  5 10 0 0 0 1 1 0 0 0 0 1 0 1 0 1
2014   2 28  5 10 49 242680  -21.10461  -49.13773     4532  65.8  2  0  6 12 0 0 1 1 1 0 0 1 0 0 1 0 0 1
2014   2 28  5 10 49 392974  -19.52542 -141.51076    18647  69.7  2  0  6 14 0 0 1 0 1 0 0 1 0 1 1 1 0 0
2014   2 28  5 10 49 426641  -20.85811 -138.00018    22808  47.4  1  0  6 15 0 0 1 0 1 0 0 1 0 1 1 0 0 1
2014   2 28  5 10 49 591943  -19.35743 -142.74464    21363  84.6  2  0  6 14 0 0 1 1 1 0 0 1 0 0 0 1 0 1
2014   2 28  5 10 50 825204    7.84308  -74.46166     9921  87.8  2  0  6 15 0 0 0 1 1 0 0 1 0 0 1 1 0 1
2014   2 28  5 10 51 507632  -27.24070   29.86966    14335  38.0  1  0  5 10 0 0 1 0 1 0 0 0 0 0 1 1 0 1
2014   2 28  5 10 52 460389  -28.08429  -43.22317     5151  64.0  2  0  6 15 0 0 1 1 1 0 0 1 0 0 1 0 0 1
2014   2 28  5 10 52 580314  -24.69846  -45.24769     5034  62.9  2  0  6 13 0 0 1 0 1 0 0 1 0 1 1 0 0 1
2014   2 28  5 10 53 223346  -16.89687  -50.62505     5478  28.0  1  0  4  6 0 0 1 1 0 0 0 0 0 0 1 0 0 1
2014   2 28  5 10 54 986132  -23.58795 -133.65039    54471 122.1  2  0  6 15 0 0 1 1 1 0 0 1 0 0 1 0 0 1
2014   2 28  5 10 55 294675  -22.15209  -46.08017     4443 126.9  2  0  7 21 0 0 1 1 1 0 0 1 0 1 1 0 0 1
2014   2 28  5 10 55 850808  -21.96892  -47.62273     4496 140.1  2  0  7 21 0 0 1 1 1 0 0 1 0 1 1 0 0 1
2014   2 28  5 10 56 212233   -4.26344  -70.72702     3029   5.6  0  0  5 10 0 0 0 1 1 0 0 1 0 0 1 1 0 0
2014   2 28  5 10 56 459621   -4.24004  -70.73967     4025   4.5  0  0  4  6 0 0 0 1 1 0 0 1 0 0 0 1 0 0
2014   2 28  5 10 57 152874  -27.75897  -42.79077     4821  17.0  0  0  5  7 0 0 1 0 0 0 0 1 0 1 1 1 0 0
2014   2 28  5 10 57 210690  -27.75424  -42.84326     2545  10.2  0  0  7 19 0 0 1 1 1 0 0 0 0 1 1 1 0 1
2014   2 28  5 10 57 259979  -27.77479  -42.82573     2892   6.1  0  0  5 10 0 0 1 1 1 0 0 1 0 0 1 0 0 0
2014   2 28  5 10 57 327762  -27.77827  -42.69779     5437  34.4  0  0  6 12 0 0 1 0 1 0 0 1 0 1 1 0 0 1
2014   2 28  5 10 57 376256  -27.75309  -42.85482     2602  14.5  0  0  7 19 0 0 1 1 1 0 0 1 0 1 1 1 0 0
2014   2 28  5 10 57 589009  -27.75838  -42.87892     2462   8.0  0  0  7 21 0 0 1 1 1 0 0 1 0 1 1 0 0 1
2014   2 28  5 10 57 784986    7.28782  -74.34078     4595  34.8  0  0  6 14 0 0 1 1 1 0 0 1 0 0 1 1 0 0
2014   2 28  5 10 57 966984  -27.74847  -42.88511     3079   7.2  0  0  5  9 0 0 1 1 1 0 0 0 0 0 1 0 0 1
2014   2 28  5 10 57 991199  -27.74434  -42.91146     2487   9.5  0  0  7 21 0 0 1 1 1 0 0 1 0 1 1 0 0 1
2014   2 28  5 10 58 570226  -23.51438  -46.02085     3532   7.5  0  0  4  6 0 0 1 0 0 0 0 1 0 1 1 0 0 0
2014   2 28  5 10 58 625777  -23.52890  -45.89123     3732  30.0  0  0  5 10 0 0 0 1 1 0 0 1 0 0 1 0 0 1
2014   2 28  5 10 58 812181  -23.43877  -45.94976     3883  29.1  0  0  5 10 0 0 1 1 1 0 0 0 0 0 1 0 0 1
2014   2 28  5 10 58 917313    4.28135  -83.19968     5064   2.7  0  0  4  6 0 0 0 1 0 0 0 1 0 0 1 1 0 0
2014   2 28  5 10 58 973144  -23.51727  -45.90115     3187  31.0  0  0  6 15 0 0 1 1 1 0 0 1 0 0 1 0 0 1
2014   2 28  5 10 59 800962  -16.42772  -51.03428     2663  30.1  0  0  7 21 0 0 1 1 1 0 0 1 0 1 1 0 0 1
2014   2 28  5 10 59 854247  -23.44383  -45.88514     4289  41.6  1  0  5 10 0 0 0 1 1 0 0 1 0 0 1 0 0 1
2014   2 28  5 11  0  52669  -16.17965  -51.14927     3730  33.2  0  0  6 15 0 0 1 1 1 0 0 0 0 1 1 0 0 1
2014   2 28  5 11  0  62951  -16.08222  -51.19260     2804  34.0  0  0  7 20 0 0 1 1 1 0 0 1 0 0 1 1 0 1
2014   2 28  5 11  0  97411  -16.13130  -51.14470     3488  27.3  0  0  5 10 0 0 0 1 1 0 0 1 0 0 1 0 0 1
2014   2 28  5 11  0 190985  -16.42264  -51.07373     2869  28.4  0  0  6 14 0 0 1 1 0 0 0 1 0 1 1 1 0 0
2014   2 28  5 11  0 759092  -20.44750  -47.05975     2919  45.1  0  0  7 21 0 0 1 1 1 0 0 1 0 1 1 1 0 0
2014   2 28  5 11  0 786942  -20.57666  -47.04677     2650  10.5  0  0  5  8 0 0 0 1 1 0 0 1 0 1 0 0 0 1
2014   2 28  5 11  0 923534  -20.55255  -46.91146     3205  35.2  0  0  6 14 0 0 1 1 1 0 0 1 0 0 1 0 0 1
2014   2 28  5 11  1 758786  -16.18751  -51.01170     3380  45.6  1  0  6 14 0 0 1 1 0 0 0 1 0 0 1 1 0 1
2014   2 28  5 11  1 793288    2.58378  -68.73242     3747  19.0  0  0  6 14 0 0 0 1 1 0 0 1 0 1 0 1 0 1
2014   2 28  5 11  1 825829  -16.18434  -50.79528     2934  13.3  0  0  5 10 0 0 1 0 1 0 0 0 0 0 1 1 0 1
2014   2 28  5 11  1 826698  -25.35498 -134.97954    12306  36.2  0  0  6 14 0 0 1 1 0 0 0 1 0 0 1 1 0 1
2014   2 28  5 11  1 939972    2.70852  -67.75204     5003  47.9  1  0  6 14 0 0 1 0 1 0 0 1 0 1 1 1 0 0
2014   2 28  5 11  1 986102    2.64890  -67.99668     4912  38.7  0  0  6 13 0 0 0 0 1 0 0 1 0 1 1 1 0 1
2014   2 28  5 11  2  45755  -21.07156  -49.13176     4379  43.4  1  0  6 11 0 0 1 1 1 0 0 1 0 0 1 0 0 1
2014   2 28  5 11  2  61573    2.46269  -67.83692    15746  52.0  1  0  6 15 0 0 0 1 1 0 0 1 0 1 1 0 0 1
2014   2 28  5 11  2 237736    7.62794  -74.30210    13145  55.7  2  0  5  8 0 0 0 1 1 0 0 0 0 0 1 1 0 1
2014   2 28  5 11  2 486720    2.69650  -68.15860     6108  53.6  2  0  5  9 0 0 0 1 0 0 0 1 0 1 1 1 0 0
2014   2 28  5 11  2 789198    7.56564  -73.79991     5560  64.7  1  0  7 21 0 0 1 1 1 0 0 0 0 1 1 1 0 1
2014   2 28  5 11  2 975893   -7.76335    7.62944    24318  50.3  1  0  6 12 0 0 1 1 1 0 0 1 0 0 1 0 0 1
2014   2 28  5 11  3  65814    2.51716  -67.53631    21155  57.7  2  0  5 10 0 0 0 1 1 0 0 1 0 0 1 0 0 1
2014   2 28  5 11  3 803996    4.06565  151.42192    27827  59.8  2  0  5 10 0 0 1 1 0 0 0 0 0 0 1 1 0 1
2014   2 28  5 11  3 847908    4.10627  151.13448     9025  55.9  1  0  6 15 0 0 1 1 1 0 0 1 0 0 1 1 0 0
2014   2 28  5 11  3 973341   -6.12078  -76.27690     6193   5.5  0  0  4  6 0 0 0 1 1 0 0 0 0 1 0 1 0 0
2014   2 28  5 11  4 399490  -29.01675 -137.22079    32105  61.1  2  0  5 10 0 0 0 1 1 0 0 1 0 0 1 1 0 0
2014   2 28  5 11  4 537544    5.16259  -84.45955     8275  80.0  2  0  6 15 0 0 1 1 1 0 0 1 0 0 1 1 0 0
2014   2 28  5 11  4 899080  -13.35122  171.53954    13716  59.6  1  0  6 15 0 0 1 1 1 0 0 1 0 0 1 1 0 0
2014   2 28  5 11  5 138012  -32.12501 -134.50761    14000  59.4  1  0  7 21 0 0 1 0 1 0 0 1 0 1 1 1 0 1
2014   2 28  5 11  5 216362   -5.06570  -74.74001     5523  90.5  2  0  7 21 0 0 1 1 1 0 0 0 0 1 1 1 0 1
2014   2 28  5 11  5 583126  -12.08815  170.42763    24119  91.4  2  0  6 15 0 0 1 0 0 0 0 1 0 1 1 1 0 1
2014   2 28  5 11  5 615572  -11.52497  170.16724    14611  23.8  1  0  4  6 0 0 0 1 0 0 0 1 0 0 1 1 0 0
2014   2 28  5 11  5 689228  -14.13456  174.07460    45547  80.2  2  0  7 20 0 0 1 1 1 0 0 1 0 1 1 0 0 1
2014   2 28  5 11  5 948524  -22.36382  -47.71448     4822  92.2  2  0  6 14 0 0 1 1 0 0 0 1 0 0 1 1 0 1
2014   2 28  5 11  5 973834  -22.53111  -47.68322     4085  91.4  2  0  7 16 0 0 0 1 1 0 0 1 0 1 1 1 0 1
2014   2 28  5 11  6 123090  -22.57584  -47.51811     3792  68.0  2  0  6 15 0 0 1 1 1 0 0 1 0 0 1 0 0 1
2014   2 28  5 11  6 657483    9.29226  -74.90815     9010 117.3  2  0  7 18 0 0 1 1 0 0 0 1 0 1 1 1 0 1
2014   2 28  5 11  6 827697  -22.23143  -46.93948     5645 112.5  2  0  6 13 0 0 0 1 1 0 0 1 0 0 1 1 0 1
2014   2 28  5 11  7 927684  -14.75624  -56.89112     3365  15.3  0  0  4  6 0 0 0 1 0 0 0 1 0 0 1 1 0 0
2014   2 28  5 11  8  77124    5.10638  -72.63607     8810 105.0  2  0  7 17 0 0 0 1 1 0 0 1 0 1 1 1 0 1
2014   2 28  5 11  8 639115    7.70154  -74.07494    10756 113.2  2  0  6 13 0 0 1 1 1 0 0 0 0 0 1 1 0 1
2014   2 28  5 11  9 197870  -21.63190 -139.78296    24321  58.1  2  0  5  9 0 0 1 0 1 0 0 0 0 0 1 1 0 1
2014   2 28  5 11  9 685996  -20.50551  -47.13657     4906 127.1  2  0  7 19 0 0 1 1 1 0 0 1 0 0 1 1 0 1
2014   2 28  5 11 10 389363  -21.55375  -48.78959     3401  15.4  0  0  5  7 0 0 1 1 1 0 0 0 0 0 1 0 0 1
2014   2 28  5 11 10 536360  -23.14672  -47.10325     4375 133.7  2  0  7 21 0 0 1 1 1 0 0 1 0 1 1 0 0 1
2014   2 28  5 11 10 618346  -16.08066  -51.34233     2928   4.5  0  0  4  6 0 0 1 1 0 0 0 1 0 0 1 0 0 0
2014   2 28  5 11 10 634439  -20.90199  -49.60590     3139   7.9  0  0  4  6 0 0 1 1 0 0 0 1 0 0 1 0 0 0
2014   2 28  5 11 10 692337  -16.14204  -51.35130     4271 119.8  2  0  7 21 0 0 0 1 1 0 0 1 0 1 1 1 0 1
2014   2 28  5 11 12  52472   -6.09670  -74.35574     2714   7.3  0  0  7 21 0 0 0 1 1 0 0 1 0 1 1 1 0 1
2014   2 28  5 11 12 849826  -24.70969  -44.88706     2502  16.1  0  0  7 21 0 0 1 1 1 0 0 1 0 1 0 1 0 1
2014   2 28  5 11 13 381611    5.80826  155.33307     6263  16.6  0  0  6 11 0 0 1 0 1 0 0 1 0 0 1 1 0 1
2014   2 28  5 11 13 427865    6.11905  154.46910    10455  18.6  0  0  5 10 0 0 1 1 1 0 0 1 0 0 0 0 0 1
2014   2 28  5 11 13 490026    6.20301  154.30293    10540   2.3  0  0  4  6 0 0 1 1 0 0 0 1 0 0 1 0 0 0
2014   2 28  5 11 13 565686    6.28535  153.90448    23059  21.5  1  0  4  6 0 0 0 1 0 0 0 1 0 0 1 0 0 1
2014   2 28  5 11 14 624908  -23.41938  -45.89110     3748  31.2  1  0  5 10 0 0 0 1 1 0 0 1 0 0 1 0 0 1
2014   2 28  5 11 14 700810  -23.40925  -45.91630     2951  28.8  0  0  6 15 0 0 1 1 1 0 0 0 0 1 1 0 0 1
2014   2 28  5 11 15 266247  -25.05034 -134.54349    19627  23.9  0  0  5 10 0 0 1 1 1 0 0 1 0 0 0 0 0 1
2014   2 28  5 11 15 276768  -24.86542 -135.13005    26951  19.1  0  0  4  6 0 0 1 1 1 0 0 1 0 0 0 0 0 0
2014   2 28  5 11 15 478444   -5.69961  -74.50587     3844  24.8  0  0  6 15 0 0 0 1 1 0 0 1 0 0 1 1 0 1
2014   2 28  5 11 15 669009  -26.37577 -134.94017     6863  24.4  0  0  7 21 0 0 1 1 1 0 0 1 0 0 1 1 0 1
2014   2 28  5 11 15 677948  -26.38526 -134.92284     8063  25.8  0  0  7 20 0 0 1 1 1 0 0 1 0 0 1 1 0 1
2014   2 28  5 11 15 739918   -5.75805  -74.54051     5202  23.7  0  0  5  8 0 0 0 1 1 0 0 1 0 0 1 1 0 0
2014   2 28  5 11 15 790400   -5.68372  -74.55045     4490  20.2  0  0  5  9 0 0 0 1 1 0 0 1 0 0 1 1 0 0
2014   2 28  5 11 16 190615  -23.57903  -45.87442     4133  44.7  1  0  5  9 0 0 1 1 1 0 0 1 0 0 0 0 0 1
2014   2 28  5 11 16 397112  -12.40759  -72.72576     3988  15.1  0  0  5  9 0 0 1 0 1 0 0 1 0 0 1 0 0 1
2014   2 28  5 11 16 404843  -12.26055  -72.95088     3406  42.4  0  0  7 21 0 0 1 1 1 0 0 0 0 1 1 1 0 1
2014   2 28  5 11 16 429653    7.64176  -74.17930     5644  31.2  1  0  5 10 0 0 0 1 0 0 0 1 0 0 1 1 0 1
2014   2 28  5 11 16 474831    7.64089  -74.28337     6460  26.7  0  0  5  8 0 0 0 1 1 0 0 1 0 0 1 1 0 0
2014   2 28  5 11 16 766723    7.55353  -74.05003     5655  31.0  0  0  6 13 0 0 0 0 1 0 0 1 0 1 1 1 0 1
2014   2 28  5 11 17 411160  -20.29529 -170.10135    32439  40.5  1  0  6 15 0 0 1 1 1 0 0 1 0 1 1 0 0 0
2014   2 28  5 11 17 438788  -19.42286 -171.68797    22520  44.4  1  0  5 10 0 0 0 1 0 0 0 1 0 1 1 1 0 0
2014   2 28  5 11 17 532536  -19.63029 -171.85356    19416  14.3  0  0  4  6 0 0 1 1 0 0 0 0 0 0 1 1 0 0
2014   2 28  5 11 17 588055  -19.47146 -172.72612    15167  43.2  1  0  6 15 0 0 1 1 1 0 0 1 0 0 1 1 0 0
2014   2 28  5 11 17 754190  -23.08363  -47.69563     3020  38.4  0  0  6 15 0 0 1 1 1 0 0 1 0 0 1 0 0 1
2014   2 28  5 11 17 855836  -20.40979  -49.49914     4190 100.2  2  0  7 18 0 0 1 1 1 0 0 1 0 0 1 1 0 1
2014   2 28  5 11 17 981598  -16.18056  -51.19499     3106  22.6  0  0  5 10 0 0 1 1 0 0 0 1 0 1 1 0 0 0
2014   2 28  5 11 18  32403  -16.23856  -51.06354     3673  34.4  1  0  5 10 0 0 1 1 1 0 0 1 0 0 1 0 0 0
2014   2 28  5 11 18  97485  -16.26292  -51.02918     3316  39.6  0  0  6 15 0 0 1 1 1 0 0 1 0 0 1 0 0 1
2014   2 28  5 11 18 201765   31.69670  113.23780     4800  87.3  2  0  6 15 0 0 1 1 1 0 0 0 0 0 1 1 0 1
2014   2 28  5 11 18 240062  -28.08624  -43.20791     3441  32.9  0  0  7 21 0 0 0 1 1 0 0 1 0 1 1 1 0 1
2014   2 28  5 11 18 474679   -9.12620  -76.05132     3916  46.8  0  0  7 20 0 0 1 0 1 0 0 1 0 1 1 1 0 1
2014   2 28  5 11 18 576941   -9.01977  -75.62824     6375  19.5  0  0  5  9 0 0 0 0 1 0 0 0 0 1 1 1 0 1
2014   2 28  5 11 18 767547   -1.06813    5.78052    23439  50.6  1  0  6 13 0 0 1 1 1 0 0 1 0 0 1 0 0 1
2014   2 28  5 11 19 374834  -22.09897  -47.88601     2621  33.6  0  0  7 20 0 0 1 1 1 0 0 1 0 1 1 1 0 0
2014   2 28  5 11 19 402379  -22.43377  -47.45629     3388  14.1  0  0  5  7 0 0 1 1 1 0 0 0 0 0 1 0 0 1
2014   2 28  5 11 20 255505    8.99056  -73.52689     9483  62.2  2  0  6 13 0 0 0 1 1 0 0 1 0 0 1 1 0 1
2014   2 28  5 11 21 119199  -23.36100  -46.97225     4464  72.9  2  0  5 10 0 0 0 1 1 0 0 1 0 0 1 0 0 1
2014   2 28  5 11 21 589068    0.84156  -23.58757     5641  63.6  2  0  6 14 0 0 1 1 0 0 0 1 1 0 1 0 0 1
2014   2 28  5 11 22 914414  -21.11269  -49.30223     4814  93.5  2  0  6 13 0 0 1 1 1 0 0 1 0 1 0 0 0 1
2014   2 28  5 11 23   6050  -13.58512  159.62746    13132  77.8  2  0  7 20 0 0 1 1 1 0 0 1 0 0 1 1 0 1
2014   2 28  5 11 23 100711  -13.76706  160.41685     8955  25.4  0  0  5 10 0 0 1 1 0 0 0 1 0 0 1 1 0 0
2014   2 28  5 11 23 106682   -0.26414    0.99967    33406  83.7  2  0  6 15 0 0 1 1 1 0 0 1 0 0 1 0 0 1
2014   2 28  5 11 23 121868  -14.02457  161.02051    72894  29.9  1  0  4  6 0 0 1 1 0 0 0 0 0 0 1 1 0 0
2014   2 28  5 11 25 436159  -11.34698    0.20879    12154  66.5  2  0  6 15 0 0 1 1 1 0 0 0 0 0 1 1 0 1
2014   2 28  5 11 26 226161  -27.64823  -43.32911     4165  68.4  1  0  7 21 0 0 1 1 1 0 0 1 0 1 1 0 0 1
2014   2 28  5 11 26 290990  -27.63198  -43.27444     5453  91.9  2  0  7 17 0 0 1 1 1 0 0 1 0 0 1 1 0 1
2014   2 28  5 11 26 990542  -15.72879  -52.43470     4586 112.9  2  0  7 21 0 0 1 1 1 0 0 1 0 1 1 0 0 1
2014   2 28  5 11 27  77934  -27.64387  -43.37868     4311  73.1  2  0  7 21 0 0 1 1 1 0 0 1 0 1 1 0 0 1
2014   2 28  5 11 28 117813    2.08368  -67.85178     2776   8.3  0  0  6 15 0 0 0 1 1 0 0 1 0 1 1 1 0 0
2014   2 28  5 11 28 961553    7.50722  -73.78038     5191  25.3  0  0  7 16 0 0 1 0 1 0 0 1 0 1 1 1 0 1
2014   2 28  5 11 28 990163    7.49286  -73.90401     3546  11.3  0  0  6 14 0 0 0 1 1 0 0 1 0 1 1 1 0 0
2014   2 28  5 11 29  71477    7.50285  -73.86224     3395  10.2  0  0  6 12 0 0 1 1 0 0 0 1 0 1 0 1 0 1
2014   2 28  5 11 29 578331    7.45491  -73.91051     4026  14.8  0  0  6 13 0 0 0 1 1 0 0 1 0 0 1 1 0 1
2014   2 28  5 11 30 321270  -29.31962 -134.91852     7448  19.0  0  0  6 15 0 0 1 1 1 0 0 1 0 0 1 1 0 0
2014   2 28  5 11 30 339869  -29.31265 -135.39125    11360  12.4  0  0  5 10 0 0 0 1 0 0 0 1 0 0 1 1 0 1
2014   2 28  5 11 30 350234  -29.39231 -135.58485    16765  52.5  1  0  6 14 0 0 1 0 1 0 0 1 0 0 1 1 0 1
2014   2 28  5 11 30 466731    5.81413  -77.60819     5242  18.0  0  0  5 10 0 0 0 0 1 0 0 1 0 0 1 1 0 1
2014   2 28  5 11 30 895518    7.13697  -74.59248     8034  28.9  0  0  5  7 0 0 0 1 1 0 0 0 0 0 1 1 0 1
2014   2 28  5 11 31 209675    6.61860  -76.64703     4488  29.0  0  0  6 13 0 0 1 1 1 0 0 0 0 0 1 1 0 1
2014   2 28  5 11 31 253700    7.60719  -73.97235     4340  29.7  0  0  6 13 0 0 1 1 1 0 0 1 0 0 1 1 0 0
2014   2 28  5 11 31 334530    7.60568  -74.07806     5982  30.2  1  0  5  9 0 0 0 1 1 0 0 1 0 0 1 1 0 0
2014   2 28  5 11 31 471546    1.12123  -23.43421     7456  37.8  0  0  7 20 0 0 1 1 1 0 0 1 0 0 1 1 0 1
2014   2 28  5 11 31 922301    1.45456  -21.93796     6670  27.6  0  0  6 15 0 0 0 1 1 0 0 1 0 0 1 1 0 1
2014   2 28  5 11 32  29584    1.83904  -21.30264     6436  26.0  0  0  7 18 0 0 1 1 1 0 0 1 0 0 1 1 0 1
2014   2 28  5 11 35 147151  -19.87453 -140.79680    10780  49.6  0  0  7 21 0 0 1 0 1 0 0 1 0 1 1 1 0 1
2014   2 28  5 11 35 158112  -19.59065 -142.19321     9953   6.7  0  0  4  6 0 0 1 0 0 0 0 1 0 0 1 1 0 0
2014   2 28  5 11 35 167671  -19.73504 -141.79274    11893  55.7  1  0  7 20 0 0 1 1 1 0 0 1 0 0 1 1 0 1
2014   2 28  5 11 35 331130    6.50533  -76.49821     5653  52.8  1  0  7 19 0 0 1 0 1 0 0 1 0 1 1 1 0 1
2014   2 28  5 11 36 493514  -14.19659   22.80089    23824  73.2  2  0  6 14 0 0 1 1 1 0 0 1 0 0 1 0 0 1
2014   2 28  5 11 36 866905    4.83566  -70.91067    13997  46.5  1  0  5  8 0 0 0 0 1 0 0 0 0 1 1 1 0 1
2014   2 28  5 11 36 901620  -11.72143  169.72333    18162  72.8  2  0  6 15 0 0 1 1 1 0 0 1 0 0 1 1 0 0
2014   2 28  5 11 36 927648  -11.45933  169.92247     9445  21.3  0  0  5 10 0 0 1 1 0 0 0 1 0 0 1 1 0 0
2014   2 28  5 11 37  38673  -11.51421  169.81612    17692  64.7  2  0  6 14 0 0 1 1 1 0 0 1 0 0 1 1 0 0
2014   2 28  5 11 37 105932  -12.09265  170.76665    35538  73.5  2  0  6 15 0 0 1 1 1 0 0 0 0 0 1 1 0 1
2014   2 28  5 11 37 327578  -33.38070  -39.78880     5058  62.2  1  0  7 20 0 0 1 1 1 0 0 1 0 1 1 0 0 1
2014   2 28  5 11 37 514965  -23.38890  -45.98516     4855  82.3  2  0  6 15 0 0 1 1 1 0 0 1 0 0 1 0 0 1
2014   2 28  5 11 37 608174   -5.25208  -41.71809     8422  20.9  1  0  4  6 0 0 1 0 0 0 0 1 0 0 1 1 0 0
2014   2 28  5 11 37 787794  -23.64999  -45.84339     3189  23.8  0  0  5 10 0 0 1 0 1 0 0 0 0 1 1 0 0 1
2014   2 28  5 11 38 204013  -16.18567  -51.24735     3993  73.6  2  0  6 14 0 0 1 1 0 0 0 1 0 1 0 1 0 1
2014   2 28  5 11 38 268750  -16.18131  -51.22436     3700  86.3  2  0  7 20 0 0 0 1 1 0 0 1 0 1 1 1 0 1
2014   2 28  5 11 38 392636  -16.28084  -51.12884     3953  72.2  2  0  6 15 0 0 1 1 1 0 0 1 0 1 0 0 0 1
2014   2 28  5 11 38 842169    4.91225  -75.94093    14440  60.8  2  0  5  8 0 0 1 0 0 0 0 1 0 1 1 0 0 1
2014   2 28  5 11 42 743229  -14.97970  -56.85880     4328 110.9  2  0  7 21 0 0 1 1 0 0 0 1 0 1 1 1 1 0
2014   2 28  5 11 43  99712  -14.87929  -56.86985     3753  30.9  1  0  5  8 0 0 1 1 0 0 0 1 0 0 1 1 0 0
2014   2 28  5 11 44 108873  -32.41936 -135.47380    11710  10.3  0  0  5 10 0 0 0 1 1 0 0 1 0 0 1 1 0 0
2014   2 28  5 11 44 354122   -6.57513    9.36735    11048  30.2  0  0  6 13 0 0 1 1 0 0 0 1 0 0 1 1 0 1
2014   2 28  5 11 44 457574  -12.22055  -73.11824     3058   8.4  0  0  6 15 0 0 1 1 1 0 0 1 0 1 1 0 0 0
2014   2 28  5 11 44 977796    7.55739  -73.84129     4436  12.8  0  0  5  8 0 0 0 1 1 0 0 1 0 0 1 1 0 0
2014   2 28  5 11 45 976897  -22.43893  -47.60715     2573  27.7  0  0  7 21 0 0 1 1 1 0 0 1 0 1 1 1 0 0
2014   2 28  5 11 46   3185  -22.42457  -47.58566     2528  27.3  0  0  7 21 0 0 1 0 1 0 0 1 0 1 1 1 0 1
2014   2 28  5 11 46 467082    4.86982  -71.99135     3800  19.8  0  0  6 14 0 0 0 1 1 0 0 1 0 0 1 1 0 1
2014   2 28  5 11 48  62623  -21.07224  -49.14888     3034  30.4  0  0  6 14 0 0 1 1 1 0 0 1 0 0 1 0 0 1
2014   2 28  5 11 48 135907  -21.02447  -49.20118     2803  38.7  0  0  7 19 0 0 1 1 1 0 0 1 0 1 1 0 0 1
2014   2 28  5 11 48 859735  -12.11084  -73.12680     3307  40.0  0  0  7 21 0 0 1 0 1 0 0 1 0 1 1 1 0 1
2014   2 28  5 11 49 233303   -5.72353  -74.67734     4950  42.3  1  0  6 15 0 0 0 1 1 0 0 1 0 0 1 1 0 1
2014   2 28  5 11 49 525230   -5.64306  -74.40768    10562  33.0  1  0  5  7 0 0 0 0 1 0 0 1 0 0 1 1 0 1
2014   2 28  5 11 49 577445   -5.79288  -74.51224    29453  54.7  2  0  5  7 0 0 0 1 1 0 0 1 0 0 1 0 0 1
2014   2 28  5 11 49 906285   -5.83135    2.81285    56230  26.3  1  0  4  6 0 0 1 1 0 0 0 0 0 0 1 0 0 1
2014   2 28  5 11 50  29794   -5.81057    2.84269    57668  26.8  1  0  4  6 0 0 1 1 0 0 0 0 0 0 1 0 0 1
2014   2 28  5 11 50 183331  -21.87796  -46.21309     3851  29.3  0  0  5  8 0 0 1 1 0 0 0 0 0 1 1 1 0 0
2014   2 28  5 11 50 192980  -22.02817  -46.09921     4090  47.9  1  0  5 10 0 0 1 1 1 0 0 0 0 1 1 0 0 0
2014   2 28  5 11 50 617970   -5.87182  -74.77893     8132  56.2  2  0  5  9 0 0 0 1 1 0 0 1 0 0 1 1 0 0
2014   2 28  5 11 51  10952    7.75111  -74.20916     7485  44.4  1  0  5  9 0 0 0 1 0 0 0 1 0 0 1 1 0 1
2014   2 28  5 11 51 357097    7.73772  -74.44373    11683  60.7  2  0  5  8 0 0 0 1 1 0 0 1 0 0 1 1 0 0
2014   2 28  5 11 51 678298  -20.50843  -49.42947     5236  51.4  2  0  5  7 0 0 1 1 1 0 0 1 0 0 1 0 0 0
2014   2 28  5 11 51 904766  -13.63837  160.20178     6179   1.5  0  0  5 10 0 0 1 1 0 0 0 1 0 0 1 1 0 0
2014   2 28  5 11 51 921127  -30.74587  -60.31964     7717 133.7  2  0  6 15 0 0 1 1 1 0 0 0 0 1 1 0 0 1
2014   2 28  5 11 53 179360  -13.05513  -71.69933     6877  77.6  2  0  6 15 0 0 0 1 1 0 0 1 0 0 1 1 0 1
2014   2 28  5 11 53 829583  -24.51661 -138.82747    33245  83.3  2  0  6 15 0 0 0 1 1 0 0 1 0 1 0 1 0 1
2014   2 28  5 11 53 863228  -24.73997 -135.44077    15019  71.0  2  0  7 20 0 0 1 1 1 0 0 1 0 0 1 1 0 1
2014   2 28  5 11 54 906369    6.64367  -78.08617     7939  72.8  2  0  6 14 0 0 1 0 1 0 0 1 0 1 0 1 0 1
2014   2 28  5 11 54 937350   -3.95638  -71.08726     6898  69.1  2  0  5 10 0 0 0 1 0 0 0 1 0 0 1 1 0 1
2014   2 28  5 11 54 990606    6.81462  -78.40034     6761  95.5  2  0  7 21 0 0 1 1 0 0 0 1 0 1 1 1 0 1
2014   2 28  5 11 55  50024    6.82552  -78.48514     8315 100.4  2  0  7 19 0 0 1 1 0 0 0 1 0 1 1 1 0 1
2014   2 28  5 11 55 148767  -20.87243  -49.43658     3513  16.9  0  0  4  6 0 0 1 1 0 0 0 1 0 0 1 0 0 0
2014   2 28  5 11 55 810192    2.79951  -68.32800     6274  96.3  2  0  7 21 0 0 0 1 1 0 0 1 0 1 1 1 0 1
2014   2 28  5 11 55 831411    2.86187  -67.99716     6128  93.8  2  0  7 18 0 0 1 1 1 0 0 1 0 0 1 1 0 1
2014   2 28  5 11 57 145014  -16.27904  -51.41129     4225  80.5  2  0  6 15 0 0 0 1 1 0 0 1 0 1 0 1 0 1
2014   2 28  5 11 58 632727    7.95071  -72.32186    21584 113.9  2  0  6 14 0 0 1 1 1 0 0 1 0 0 1 0 0 1
2014   2 28  5 11 58 868617   -4.38356  -71.27085     5536 115.8  2  0  7 21 0 0 1 1 1 0 0 1 0 0 1 1 0 1
2014   2 28  5 11 59 899971    4.09469    5.96229    22514 122.0  2  0  7 19 0 0 1 1 1 0 0 1 0 0 1 1 0 1
2014   2 28  5 12  0 283169  -14.87318  -56.41359     2542   3.5  0  0  5 10 0 0 1 1 1 0 0 0 0 0 0 1 0 1
2014   2 28  5 12  1 542309   -5.05437  -53.64902     2646   5.4  0  0  5 10 0 0 0 1 1 0 0 1 0 0 0 1 0 1
2014   2 28  5 12  1 575000   -5.05974  -53.66794     3041   6.0  0  0  4  6 0 0 0 1 0 0 0 1 0 0 0 1 0 1
2014   2 28  5 12  2 464356  -20.52871  -46.97573     2802  28.3  0  0  6 13 0 0 1 1 0 0 0 1 0 1 0 1 0 1
2014   2 28  5 12  2 524038  -20.54362  -46.96084     3654  23.5  0  0  5  7 0 0 1 1 0 0 0 1 0 0 0 1 0 1
2014   2 28  5 12  2 593077  -20.52648  -46.94404     2727  27.2  0  0  6 15 0 0 1 1 1 0 0 1 0 1 0 1 0 0
2014   2 28  5 12  2 738221  -20.54050  -46.99211     2610  12.6  0  0  6 11 0 0 0 1 1 0 0 1 0 1 0 0 1 1
2014   2 28  5 12  3 126049  -20.52275  -47.00763     3004  22.2  0  0  5  9 0 0 1 1 1 0 0 1 0 1 0 0 0 0
2014   2 28  5 12  3 194303  -20.54573  -46.98351     2639  23.1  0  0  6 15 0 0 1 1 1 0 0 1 0 1 0 0 0 1
2014   2 28  5 12  3 429774  -20.54856  -46.98764     2655  24.0  0  0  6 15 0 0 1 1 1 0 0 1 0 1 0 0 0 1
2014   2 28  5 12  3 800118  -11.82768  169.74951     8703  17.3  0  0  5 10 0 0 0 1 1 0 0 1 0 0 0 1 0 1
2014   2 28  5 12  3 932966  -13.60611  160.52560    11307  21.8  1  0  4  6 0 0 1 1 0 0 0 1 0 0 0 1 0 0
2014   2 28  5 12  4 247519  -12.49985  171.24785    12002  33.5  0  0  6 14 0 0 1 1 1 0 0 1 0 0 0 1 0 1
2014   2 28  5 12  4 660390    7.64438  -74.62315     5519  14.8  0  0  5 10 0 0 0 1 1 0 0 1 0 0 0 1 0 1
2014   2 28  5 12  5 108488   -9.55787  177.83136    32063  35.2  1  0  5 10 0 0 1 1 1 0 0 1 0 0 0 0 0 1
2014   2 28  5 12  5 146660   -7.16529  174.54448     8766   3.8  0  0  4  6 0 0 1 1 0 0 0 1 0 0 0 1 0 0
2014   2 28  5 12  5 396687  -19.41494 -142.64388    25116  87.5  2  0  6 11 0 0 1 1 1 0 0 1 0 0 0 1 0 1
2014   2 28  5 12  6  52096  -29.39902 -135.63675    17623  85.9  2  0  7 20 0 0 1 1 1 0 0 1 0 1 0 1 0 1
2014   2 28  5 12  6 701337  -28.29687  -43.15101     3021  34.4  0  0  7 21 0 0 1 1 1 0 0 1 0 1 0 1 0 1
2014   2 28  5 12  6 783984  -28.36176  -43.10354     4018  19.8  0  0  4  6 0 0 1 1 0 0 0 1 0 1 0 0 0 0
2014   2 28  5 12  7 250269  -28.31815  -43.15525     2929  22.5  0  0  6 15 0 0 1 1 1 0 0 1 0 1 0 0 0 1
2014   2 28  5 12  7 551076  -27.67200  -43.32386     3883   5.8  0  0  4  6 0 0 1 0 1 0 0 1 0 1 0 0 0 0
2014   2 28  5 12  8 530887  -27.79250  -43.34485     2916  22.9  0  0  6 15 0 0 1 1 1 0 0 1 0 1 0 0 0 1
2014   2 28  5 12  8 550988    7.78959  -75.16151     9905  39.7  1  0  5 10 0 0 0 1 1 0 0 1 0 0 0 1 0 1
2014   2 28  5 12  9 956644    7.49905  -73.93558     9722 114.2  2  0  7 19 0 0 1 1 1 0 0 1 0 1 0 1 0 1
2014   2 28  5 12 10 440335    7.71460  -75.48496     8493  47.8  1  0  6 15 0 0 0 1 1 0 0 1 0 1 0 1 0 1
2014   2 28  5 12 10 714415  -13.05861  170.87247    17857  92.2  2  0  7 21 0 0 1 1 1 0 0 1 0 1 0 1 0 1
2014   2 28  5 12 11 341295  -18.46520  179.01408    30290   9.2  0  0  4  6 0 0 1 0 1 0 0 1 0 1 0 0 0 0
2014   2 28  5 12 11 701362  -13.15207  170.72501    19571  88.4  2  0  6 15 0 0 1 1 1 0 0 1 0 0 0 1 0 1
2014   2 28  5 12 12 106968  -16.23214  -51.10424     4173  80.7  2  0  6 15 0 0 1 1 1 0 0 1 0 1 0 0 0 1
2014   2 28  5 12 12 133246  -16.22000  -51.01891     5768  83.5  2  0  5 10 0 0 1 1 1 0 0 1 0 0 0 0 0 1
2014   2 28  5 12 12 147848  -22.32245  -46.79819     4957  71.8  2  0  5 10 0 0 1 1 0 0 0 1 0 0 0 0 1 1
2014   2 28  5 12 12 823161  -16.21828  -51.13906     4289  84.9  2  0  6 15 0 0 1 1 1 0 0 1 0 1 0 0 0 1
2014   2 28  5 12 13  80549   12.45626  -79.43562    69350  50.9  2  0  5 10 0 0 0 1 1 0 0 1 0 1 0 0 0 1
2014   2 28  5 12 15 269359  -23.30005  -46.47717     3390  29.4  0  0  5 10 0 0 1 1 1 0 0 1 0 1 0 0 0 0
2014   2 28  5 12 16  90305    4.04719  -82.50192     4158  29.2  0  0  6 15 0 0 1 1 1 0 0 1 0 0 0 1 0 1
2014   2 28  5 12 16 146013    4.05275  -83.08624     7508  20.2  0  0  5 10 0 0 0 1 1 0 0 1 0 0 0 1 0 1
2014   2 28  5 12 16 571259    7.60575  -74.00141     4111  14.0  0  0  6 15 0 0 0 1 1 0 0 1 0 1 0 1 0 1
2014   2 28  5 12 16 603627    7.60143  -74.02265     5574  15.7  0  0  5  9 0 0 0 1 1 0 0 1 0 0 0 1 0 1
2014   2 28  5 12 16 654519   -5.21214  -43.02944     3468  16.8  0  0  5 10 0 0 1 1 1 0 0 1 0 0 0 1 0 0
2014   2 28  5 12 18  52201  -11.62169  -57.16567     2553  14.2  0  0  7 19 0 0 0 1 1 0 0 1 0 1 0 1 1 1
2014   2 28  5 12 18  71618    6.99857  -73.94852     4259   5.6  0  0  5 10 0 0 0 1 1 0 0 1 0 0 0 1 0 1
2014   2 28  5 12 18 179749  -22.25056  -47.60067     2568   3.0  0  0  5  9 0 0 1 1 1 0 0 1 0 0 0 0 0 1
2014   2 28  5 12 18 388206    7.57290  -74.26411     5501   3.2  0  0  4  6 0 0 0 1 1 0 0 1 0 0 0 1 0 0
2014   2 28  5 12 18 479942   -5.80651  -54.66319     2650   5.0  0  0  5 10 0 0 0 1 1 0 0 1 0 0 0 1 0 1
2014   2 28  5 12 18 534701  -22.48900  -47.62317     2570  28.4  0  0  7 19 0 0 1 1 1 0 0 1 0 1 0 1 0 1
2014   2 28  5 12 18 631289  -16.26985  -51.07012     2796   6.9  0  0  4  6 0 0 0 1 0 0 0 1 0 1 0 0 0 1
2014   2 28  5 12 18 876472  -16.25763  -51.07449     2467   3.7  0  0  5 10 0 0 0 1 1 0 0 1 0 1 0 0 0 1
2014   2 28  5 12 18 943362  -16.30590  -51.05610     2931  16.8  0  0  5  9 0 0 0 0 1 0 0 1 0 1 0 1 0 1
2014   2 28  5 12 19 391592    2.56250  -84.39836     3799  32.7  0  0  7 21 0 0 1 1 0 0 0 1 0 1 0 1 1 1
2014   2 28  5 12 20 160593  -16.23682  -51.24395     3222  16.6  0  0  5  9 0 0 0 1 1 0 0 1 0 0 0 1 0 1
2014   2 28  5 12 20 191723    1.92141  -66.82768     4255   5.0  0  0  4  6 0 0 0 1 1 0 0 0 0 1 0 1 0 0
2014   2 28  5 12 20 756063  -33.76076  -38.83288     6769 126.9  2  0  7 19 0 0 1 1 0 0 0 1 1 1 0 0 1 1
2014   2 28  5 12 21  96162    7.67387  -74.90485     5168   6.7  0  0  5 10 0 0 0 1 1 0 0 0 0 1 0 1 0 1
2014   2 28  5 12 21 350140    6.29250  -76.96423     5586  50.0  1  0  7 19 0 0 1 1 1 0 0 1 0 1 0 1 0 1
2014   2 28  5 12 21 666606    7.62210  -74.66396     6425  20.0  0  0  5  9 0 0 0 1 1 0 0 1 0 0 0 1 0 1
2014   2 28  5 12 21 703405    7.62195  -74.67245     6252  19.8  0  0  5 10 0 0 0 1 1 0 0 1 0 0 0 1 0 1
2014   2 28  5 12 22 288445    4.50366  -73.42413     6242  25.2  0  0  5  9 0 0 0 1 1 0 0 1 0 0 0 1 0 1
2014   2 28  5 12 24 867626  -10.86776  -40.64868     3695  43.8  1  0  6 14 0 0 1 1 1 0 0 1 0 0 0 0 1 1
2014   2 28  5 12 25 431963   -6.07451  -75.46729    11655  49.7  1  0  5  9 0 0 0 1 1 0 0 1 0 0 0 1 0 1
2014   2 28  5 12 25 905273  -29.11267 -135.26424    17067  87.8  2  0  7 21 0 0 1 1 1 0 0 1 0 1 0 1 0 1
2014   2 28  5 12 25 922414  -29.03483 -136.10081    25221  78.7  2  0  6 14 0 0 1 1 1 0 0 1 0 0 0 1 0 1
2014   2 28  5 12 26 122011  -31.83703 -126.05921    28281  39.4  1  0  5 10 0 0 1 0 1 0 0 1 0 1 0 0 0 1
2014   2 28  5 12 26 566066    6.32636  -73.10219    13242  76.6  2  0  6 15 0 0 1 1 1 0 0 1 0 1 0 0 0 1
2014   2 28  5 12 27 311305   -9.03301  -76.37457     7687  99.6  2  0  6 12 0 0 1 1 1 0 0 1 0 0 0 1 0 1
2014   2 28  5 12 27 852742   -7.39245  149.88667    10804  86.3  2  0  6 15 0 0 1 1 1 0 0 1 0 0 0 1 0 1
2014   2 28  5 12 27 912728  -27.59433  -43.68966    12405  52.1  2  0  5  7 0 0 1 0 1 0 0 1 0 0 0 1 0 1
2014   2 28  5 12 28   7993  -27.92604  -43.31811     6789   9.2  0  0  4  6 0 0 0 1 1 0 0 1 0 1 0 0 0 0
2014   2 28  5 12 28 134983  -27.51872  -43.54942     4808  53.8  1  0  6 13 0 0 1 1 1 0 0 1 0 0 0 1 0 1
2014   2 28  5 12 28 353943  -27.58421  -43.41649     3625  20.2  0  0  5  9 0 0 1 1 1 0 0 1 0 0 0 0 0 1
2014   2 28  5 12 28 395388   -5.78415  -43.66825     5077 102.3  2  0  7 21 0 0 1 1 1 0 0 1 0 1 0 1 0 1
2014   2 28  5 12 28 646307  -24.59364  -45.30711     4812  64.6  2  0  5 10 0 0 1 1 1 0 0 1 0 0 0 0 0 1
2014   2 28  5 12 28 670727   -5.89654  -43.73543     7025  70.9  2  0  5 10 0 0 1 1 1 0 0 1 0 0 0 0 0 1
2014   2 28  5 12 29 155719  -13.79624  160.64912    18217 107.7  2  0  7 21 0 0 1 1 1 0 0 1 0 1 0 1 0 1
2014   2 28  5 12 31  23028   -6.27631  -75.67807     5545  28.7  0  0  5 10 0 0 0 0 1 0 0 1 0 1 0 1 0 1
2014   2 28  5 12 32 532067    7.50483  -73.84227     2969   4.8  0  0  6 14 0 0 1 1 1 0 0 0 0 1 0 1 0 1
2014   2 28  5 12 32 687975   -5.32207  -74.51061     2636   6.8  0  0  6 15 0 0 1 1 1 0 0 0 0 1 0 1 0 1
2014   2 28  5 12 32 836532  -16.11431  -51.15598     2576  19.8  0  0  6 15 0 0 1 1 0 0 0 1 0 1 0 1 0 1
2014   2 28  5 12 32 847622  -16.14078  -51.14425     2630  11.6  0  0  5 10 0 0 0 1 1 0 0 1 0 1 0 0 0 1
2014   2 28  5 12 32 956877   -5.35182  -74.61493     5278  18.6  0  0  5  7 0 0 1 1 1 0 0 1 0 0 0 1 0 0
2014   2 28  5 12 32 983919  -16.11125  -51.13213     2746  18.2  0  0  6 13 0 0 1 1 1 0 0 1 0 0 0 1 0 1
2014   2 28  5 12 33  66758    4.55185  -72.17430     3599  19.2  0  0  6 13 0 0 1 1 1 0 0 1 0 0 0 1 0 1
2014   2 28  5 12 33 197221  -16.11108  -51.17958     2644  20.7  0  0  6 14 0 0 0 1 1 0 0 1 0 1 0 1 0 1
2014   2 28  5 12 33 722156    0.62274  -69.41761     2960  12.6  0  0  6 14 0 0 1 1 1 0 0 0 0 1 0 1 0 1
2014   2 28  5 12 33 801836    2.14540  -67.82467     3907   6.9  0  0  5  8 0 0 0 1 1 0 0 1 0 0 0 1 0 1
2014   2 28  5 12 34 380660    0.70408  -69.64589     4106   5.0  0  0  4  6 0 0 0 1 1 0 0 1 0 0 0 1 0 0
2014   2 28  5 12 34 736768  -13.00517  -71.30235     3018  30.8  0  0  7 20 0 0 1 1 1 0 0 1 0 1 0 1 0 1
2014   2 28  5 12 36 437213    7.62752  -74.52428     6512  11.2  0  0  4  6 0 0 0 1 1 0 0 1 0 0 0 1 0 0
2014   2 28  5 12 38 405736    7.64375  -74.73394     8602  22.0  1  0  4  6 0 0 0 1 1 0 0 1 0 0 0 1 0 0
2014   2 28  5 12 38 567092    7.73943  -74.12864     9416  59.4  1  0  7 17 0 0 1 1 1 0 0 1 0 1 0 1 0 1
2014   2 28  5 12 39 133652  -16.12500  -51.08085     3196  57.6  1  0  7 19 0 0 1 1 1 0 0 0 0 1 0 1 1 1
2014   2 28  5 12 39 207755  -16.26965  -51.31351     3588  26.4  0  0  5 10 0 0 0 1 1 0 0 1 0 0 0 1 0 1
2014   2 28  5 12 39 238184  -16.18963  -51.13596     3274  46.5  1  0  6 15 0 0 0 1 1 0 0 1 0 1 0 1 0 1
2014   2 28  5 12 39 311484  -16.14228  -51.06078     3965  66.2  2  0  6 15 0 0 1 1 1 0 0 1 0 0 0 1 0 1
2014   2 28  5 12 39 408154  -16.14053  -51.23172     3876  39.9  1  0  5  8 0 0 1 1 0 0 0 1 0 1 0 1 0 0
2014   2 28  5 12 40 269552  -20.96953  -51.04681     3022  23.8  0  0  5  9 0 0 1 1 0 0 0 1 0 1 0 0 0 1
2014   2 28  5 12 40 374543  -21.09233  -49.28188     4174  73.0  2  0  6 13 0 0 1 1 1 0 0 1 0 1 0 0 0 1
2014   2 28  5 12 41 313258  -13.03100  170.66435    15908  78.2  2  0  7 21 0 0 1 1 1 0 0 1 0 1 0 1 0 1
2014   2 28  5 12 41 687727    6.52350  -33.12031    15496  55.2  2  0  5  9 0 0 1 1 1 0 0 0 1 0 0 0 0 1
2014   2 28  5 12 42 101277  -15.04943  -57.00800     3655  38.5  0  0  6 15 0 0 0 1 1 0 0 1 0 1 0 1 0 1
2014   2 28  5 12 42 205458  -28.15783  -43.23426     3822  28.5  0  0  5 10 0 0 1 1 1 0 0 1 0 0 0 0 0 1
2014   2 28  5 12 42 485576  -11.03593  -75.69882     6082  95.7  2  0  6 15 0 0 1 1 1 0 0 1 0 0 0 1 0 1
2014   2 28  5 12 42 513584  -23.29903  -45.97908     4708 121.9  2  0  7 20 0 0 1 1 1 0 0 1 0 1 0 1 0 1
2014   2 28  5 12 42 536110  -23.31537  -46.27383     2980   2.2  0  0  4  6 0 0 1 1 1 0 0 0 0 1 0 0 0 0
2014   2 28  5 12 43   8030  -23.42067  -45.92161     5501  78.6  2  0  5 10 0 0 1 0 1 0 0 1 0 1 0 0 0 1
2014   2 28  5 12 43 146306  -23.35537  -46.39702     3476   5.3  0  0  4  6 0 0 1 0 1 0 0 1 0 1 0 0 0 0
2014   2 28  5 12 43 198531  -23.32208  -46.28428     2965   1.0  0  0  4  6 0 0 1 1 1 0 0 0 0 1 0 0 0 0
2014   2 28  5 12 43 896613  -23.38118  -46.79871     3938  26.9  1  0  4  6 0 0 1 1 0 0 0 1 0 1 0 0 0 0
2014   2 28  5 12 45 423544    2.60335  -69.72715     6673  29.3  0  0  5 10 0 0 0 1 1 0 0 0 0 1 0 1 0 1
2014   2 28  5 12 45 828480   -6.13567  -76.12508    10251  74.3  2  0  6 15 0 0 0 1 1 0 0 1 0 1 0 1 0 1
2014   2 28  5 12 45 848669   -4.62680  -81.66589    16615  16.2  0  0  5 10 0 0 0 1 1 0 0 1 0 1 0 0 0 1
2014   2 28  5 12 46  24630   -6.13601  -76.16766    10360  75.0  2  0  6 15 0 0 0 1 1 0 0 1 0 1 0 1 0 1
2014   2 28  5 12 50 415097  -12.58446  171.58267    22545  30.1  1  0  5  7 0 0 1 1 1 0 0 1 0 0 0 1 0 0
2014   2 28  5 12 50 493037  -24.73507 -135.31242    18639  34.2  1  0  5  7 0 0 1 1 1 0 0 1 0 0 0 1 0 0
2014   2 28  5 12 50 562340  -21.09541  -49.21144     2686   4.8  0  0  5  7 0 0 0 1 1 0 0 1 0 1 0 0 0 1
2014   2 28  5 12 50 923690    6.60576  -78.11143     4405  32.0  0  0  6 14 0 0 1 1 1 0 0 1 0 0 0 1 0 1
2014   2 28  5 12 50 996601    6.64620  -78.67390     5166   2.3  0  0  5  8 0 0 0 1 0 0 0 1 0 1 0 1 0 1
2014   2 28  5 12 51 567727    8.90605  -73.49548     6166   7.7  0  0  4  6 0 0 0 1 1 0 0 1 0 0 0 1 0 0
2014   2 28  5 12 51 723540   -3.98955    5.04816    19307  26.7  0  0  5  8 0 0 1 1 1 0 0 1 0 0 0 0 0 1
2014   2 28  5 12 51 811902    7.47618  -74.71441     6231   9.0  0  0  4  6 0 0 0 1 1 0 0 1 0 0 0 1 0 0
2014   2 28  5 12 51 835406  -16.43767  -51.03876     2789  27.0  0  0  6 14 0 0 1 1 1 0 0 1 0 1 0 1 0 0
2014   2 28  5 12 53 273436  -27.76101  -42.99658     2855  18.1  0  0  6 15 0 0 1 1 1 0 0 1 0 1 0 0 0 1
2014   2 28  5 12 53 416243  -28.01921  -42.91904     8995  18.0  0  0  4  6 0 0 0 1 1 0 0 1 0 1 0 0 0 0
2014   2 28  5 12 53 658511  -27.77744  -43.10216     2867  18.6  0  0  6 15 0 0 1 1 1 0 0 1 0 1 0 0 0 1
2014   2 28  5 12 53 774844  -27.73132  -43.02255    13772  43.3  1  0  5  8 0 0 0 0 1 0 0 1 0 1 0 1 1 0
2014   2 28  5 12 54 190959  -27.73236  -43.04058     3543  18.5  0  0  5  9 0 0 1 1 1 0 0 1 0 0 0 0 0 1
2014   2 28  5 12 55  76138    7.69031  -75.00124     7910  28.9  0  0  5 10 0 0 0 1 1 0 0 1 0 0 0 1 0 1
2014   2 28  5 12 55 520315  -22.53473  -46.99580     4472  67.1  2  0  5 10 0 0 1 1 0 0 0 1 0 1 0 0 0 1
2014   2 28  5 12 58 278226  -16.24907  -51.27516     3927  71.3  2  0  6 15 0 0 1 1 1 0 0 1 0 1 0 0 0 1
2014   2 28  5 12 58 300498  -16.19999  -51.31865     4638  69.4  2  0  5 10 0 0 1 1 0 0 0 1 0 1 0 0 0 1
2014   2 28  5 12 59  59179  -21.39624 -142.42740    22421  92.0  2  0  6 15 0 0 1 1 1 0 0 1 0 0 0 1 0 1
2014   2 28  5 12 59  88810  -21.45044 -142.51512    24053  93.3  2  0  6 14 0 0 1 1 1 0 0 1 0 0 0 1 0 1
2014   2 28  5 12 59 218894  -21.50286 -141.70834    19298 103.4  2  0  7 21 0 0 1 1 1 0 0 1 0 1 0 1 0 1
2014   2 28  5 12 59 848839    7.96485  -75.98332    16681  64.6  2  0  5  8 0 0 0 1 1 0 0 1 0 1 0 1 0 0
2014   2 28  5 13  0   2532    7.95737  -75.83392     9632  55.0  1  0  6 15 0 0 0 1 1 0 0 1 0 1 0 1 0 1
2014   2 28  5 13  0 282167  -22.18216  -46.08499     4208  90.3  2  0  6 15 0 0 1 1 1 0 0 1 0 1 0 0 0 1
2014   2 28  5 13  1 163584    5.95355  -77.90808    10895 127.6  2  0  7 19 0 0 1 1 1 0 0 1 0 1 0 1 0 1
2014   2 28  5 13  2 490242   -6.56211  -77.84583     6920   5.9  0  0  4  6 0 0 0 1 0 0 0 0 0 1 0 1 0 1
2014   2 28  5 13  2 531577  -24.80518  -45.26185     4083  61.9  2  0  6 14 0 0 1 1 1 0 0 1 0 1 0 0 0 1
2014   2 28  5 13  4 337612    7.59111  -74.03247     5890   3.9  0  0  4  6 0 0 0 1 0 0 0 1 0 0 0 1 0 1
2014   2 28  5 13  4 509100    7.61678  -73.90836     5138  12.0  0  0  5  9 0 0 0 1 1 0 0 0 0 0 1 1 0 1
2014   2 28  5 13  4 748781  -18.15885 -135.10748     7224  10.9  0  0  7 21 0 0 1 1 1 0 0 1 0 1 1 0 0 1
2014   2 28  5 13  4 786958   -4.58552  145.54311    27577  53.5  2  0  5  9 0 0 1 1 1 0 0 1 0 0 1 0 0 0
2014   2 28  5 13  5  83382  -12.37403  -72.78029     3147   9.6  0  0  6 14 0 0 1 0 1 0 0 1 0 1 1 0 0 1
2014   2 28  5 13  5 277614  -12.24460  -73.23885     3859   7.0  0  0  4  6 0 0 0 1 0 0 0 1 0 0 1 1 0 0
2014   2 28  5 13  5 363971  -12.22951  -73.02011     2982  28.7  0  0  7 21 0 0 1 1 1 0 0 1 0 0 1 1 0 1
2014   2 28  5 13  5 457792   -4.60268  -71.02140     3044  18.3  0  0  7 21 0 0 0 1 1 0 0 1 0 1 1 1 0 1
2014   2 28  5 13  5 525594   -4.57938  -71.00909     3592  17.9  0  0  5 10 0 0 0 1 1 0 0 1 0 0 1 1 0 0
2014   2 28  5 13  6 505826    3.29186    0.73644    23407  27.6  0  0  5  8 0 0 1 1 1 0 0 1 0 0 1 0 0 0
2014   2 28  5 13  7 514111   -5.47378    5.73651    15161  25.4  0  0  5 10 0 0 1 1 1 0 0 1 0 0 1 0 0 0
2014   2 28  5 13  7 514318  -16.18615  -50.86645     3262   8.4  0  0  5  7 0 0 1 0 1 0 0 1 0 0 1 0 0 1
2014   2 28  5 13  8 305378  -27.75982  -42.97090     3667  25.0  0  0  5 10 0 0 1 1 0 0 0 1 0 1 1 0 0 0
2014   2 28  5 13  8 360815  -27.53258  -43.16420     4061  34.8  0  0  6 14 0 0 0 1 0 0 0 1 0 1 1 1 0 1
2014   2 28  5 13  8 734447  -23.33266  -45.97029     4191  63.4  2  0  6 15 0 0 1 1 0 0 0 1 0 0 1 1 0 1
2014   2 28  5 13  9  29916    5.10887  -84.96865     8508  48.6  1  0  6 15 0 0 0 1 1 0 0 1 0 0 1 1 0 1
2014   2 28  5 13  9 288783  -15.93085  -51.09084     3040  53.5  1  0  7 21 0 0 0 1 1 0 0 1 0 1 1 1 0 1
2014   2 28  5 13  9 861306    4.38204  -83.62467    16752  64.6  2  0  5 10 0 0 0 1 0 0 0 0 0 1 1 1 0 1
2014   2 28  5 13 11 568436    7.76187  -75.24003    12244  46.8  1  0  5  8 0 0 0 1 1 0 0 1 0 1 0 1 0 0
2014   2 28  5 13 11 632685    7.78573  -74.47099    15430  87.5  2  0  6 11 0 0 1 1 1 0 0 1 0 1 0 1 0 0
2014   2 28  5 13 11 854669    7.79667  -75.13260     9520  45.2  1  0  5 10 0 0 0 1 0 0 0 1 0 1 0 1 0 1
2014   2 28  5 13 12 250284    7.74934  -74.57657     7977  74.8  2  0  7 19 0 0 0 1 1 0 0 1 0 1 1 1 0 1
2014   2 28  5 13 12 519014  -13.73172  160.62811     7181  13.9  0  0  5 10 0 0 1 1 0 0 0 1 0 0 1 1 0 0
2014   2 28  5 13 12 615871  -13.71531  160.41391    13159  65.8  2  0  6 15 0 0 1 1 1 0 0 1 0 0 1 1 0 0
2014   2 28  5 13 12 722888   -6.00403  -74.67218    10742  72.5  2  0  6 14 0 0 0 0 1 0 0 1 0 1 1 1 0 1
2014   2 28  5 13 12 787913    2.72484  148.60962    10449  79.7  2  0  6 15 0 0 1 0 1 0 0 1 0 0 1 1 0 1
2014   2 28  5 13 13  32785  -16.27266 -138.33167    14800  80.7  2  0  7 21 0 0 1 1 1 0 0 1 0 0 1 1 0 1
2014   2 28  5 13 13 501700  -13.49255  159.65131     8520  46.6  0  0  7 19 0 0 1 1 1 0 0 1 0 0 1 1 0 1
2014   2 28  5 13 14 271389  -12.44624  169.80942    15429  70.9  2  0  6 15 0 0 1 1 0 0 0 1 0 0 1 1 0 1
2014   2 28  5 13 16 284949  -23.41539  -46.78701     5116 123.6  2  0  6 14 0 0 1 1 1 0 0 1 0 1 0 0 0 1
2014   2 28  5 13 17 403239  -24.50689 -134.94719    18568  96.4  2  0  7 21 0 0 1 0 1 0 0 1 0 1 1 1 0 1
2014   2 28  5 13 17 774612  -22.85186  -47.64271     5063  46.4  1  0  5  7 0 0 0 1 0 0 0 1 0 1 1 1 0 0
2014   2 28  5 13 17 995530    7.98053  -74.81612    12924 118.7  2  0  6 15 0 0 0 1 1 0 0 1 0 0 1 1 0 1
2014   2 28  5 13 18 978301  -24.90806 -114.98071    13947 107.0  2  0  7 21 0 0 1 0 1 0 0 1 0 1 1 1 0 1
2014   2 28  5 13 18 985171  -24.85630 -116.56242    16820 127.4  2  0  7 21 0 0 1 1 1 0 0 1 0 0 1 1 0 1
2014   2 28  5 13 19   7353  -25.64520 -113.94517    37635 127.6  2  0  6 15 0 0 1 1 1 0 0 1 0 0 1 0 0 1
2014   2 28  5 13 19  47409  -24.84427 -116.10583    18301 146.4  2  0  7 21 0 0 1 1 1 0 0 1 0 1 1 1 0 0
2014   2 28  5 13 20  24700  -22.53281  -46.12771     2515   3.9  0  0  5 10 0 0 0 1 1 0 0 1 0 0 1 0 0 1
2014   2 28  5 13 20 129497   -4.16733  -70.73857     2735   4.5  0  0  6 15 0 0 0 1 1 0 0 1 0 1 1 1 0 0
2014   2 28  5 13 20 218492    1.21552  -22.38902     4784   7.2  0  0  6 14 0 0 1 1 1 0 0 1 0 0 1 1 0 0
2014   2 28  5 13 20 400047   -4.19070  -70.75276     3430   3.7  0  0  4  6 0 0 0 1 0 0 0 1 0 0 1 1 0 0
2014   2 28  5 13 20 762347    4.08324  -83.13039     4370   7.4  0  0  5 10 0 0 0 1 1 0 0 1 0 0 1 1 0 0
2014   2 28  5 13 21 417418   -5.82598  -74.50292     4034  11.1  0  0  5 10 0 0 0 1 1 0 0 0 0 0 1 1 0 1
2014   2 28  5 13 21 860772  -33.40260  -40.75821     2673  13.0  0  0  7 21 0 0 1 1 1 0 0 1 0 1 1 0 0 1
2014   2 28  5 13 21 879403  -33.43687  -40.79073     2733  15.1  0  0  7 21 0 0 1 1 1 0 0 1 0 1 1 0 0 1
2014   2 28  5 13 21 918942  -33.41341  -40.76139     3074  15.9  0  0  6 15 0 0 1 1 1 0 0 1 0 0 1 0 0 1
2014   2 28  5 13 22    823  -33.37500  -40.79898     2718  14.8  0  0  7 21 0 0 1 1 1 0 0 1 0 1 1 0 0 1
2014   2 28  5 13 22  47296  -33.43201  -40.78387     3094  16.4  0  0  6 15 0 0 1 1 1 0 0 1 0 0 1 0 0 1
2014   2 28  5 13 22  91979  -33.42997  -40.77937     4342  18.5  0  0  5 10 0 0 1 0 1 0 0 1 0 0 1 0 0 1
2014   2 28  5 13 22 185281    7.51160  -74.13779     5567  17.3  0  0  5  8 0 0 0 1 1 0 0 1 0 0 1 1 0 0
2014   2 28  5 13 22 490528   -7.74469  150.13768     5872  21.4  0  0  5 10 0 0 0 0 1 0 0 1 0 0 1 1 0 1
2014   2 28  5 13 22 708101  -33.21754  -41.02552     3497  15.2  0  0  5  9 0 0 1 1 0 0 0 0 0 1 1 0 0 1
2014   2 28  5 13 22 738979  -33.02723  -41.16415     5223  16.7  0  0  5 10 0 0 0 1 1 0 0 1 0 0 1 0 0 1
2014   2 28  5 13 23  74415  -33.05668  -41.14472     5327  17.5  0  0  5 10 0 0 0 1 1 0 0 1 0 0 1 0 0 1
2014   2 28  5 13 23  81406  -33.06204  -41.15123     5236  16.7  0  0  5 10 0 0 0 1 1 0 0 1 0 0 1 0 0 1
2014   2 28  5 13 23 307687  -16.25127  -51.01856     3082  18.8  0  0  5 10 0 0 0 1 1 0 0 1 0 0 1 0 0 1
2014   2 28  5 13 23 422373  -29.27925 -134.99907     9926  30.5  0  0  6 15 0 0 1 1 1 0 0 1 0 0 1 1 0 0
2014   2 28  5 13 24 814601  -13.02235  -71.16203     3379  39.2  0  0  7 20 0 0 1 0 1 0 0 1 0 1 1 1 0 1
2014   2 28  5 13 24 846169  -13.05263  -71.17001     3372  42.7  0  0  7 21 0 0 1 0 1 0 0 1 0 1 1 1 0 1
2014   2 28  5 13 24 883293  -13.12890  -71.54491     4703  42.1  1  0  6 15 0 0 0 1 1 0 0 1 0 0 1 1 0 1
2014   2 28  5 13 25 765862  -21.03035  -49.26888     3246  52.8  1  0  7 17 0 0 1 1 1 0 0 1 0 1 1 0 0 1
2014   2 28  5 13 26 698790    7.82562  -74.18719     5931  73.7  2  0  7 20 0 0 1 1 1 0 0 1 0 1 1 1 0 0
2014   2 28  5 13 27 854496  -21.75683  -47.88575     3797  42.2  1  0  5  9 0 0 0 1 0 0 0 1 0 1 1 1 0 0
2014   2 28  5 13 29  27129   -8.97627  -75.49996     7709  31.9  1  0  5 10 0 0 0 0 1 0 0 0 0 1 1 1 0 1
2014   2 28  5 13 29 101225  -24.58463  -45.21383     3674  49.8  1  0  6 15 0 0 1 1 1 0 0 1 0 0 1 0 0 1
2014   2 28  5 13 29 151185  -24.57166  -45.24012     3090  46.4  0  0  7 21 0 0 1 1 1 0 0 1 0 1 1 0 0 1
2014   2 28  5 13 30 115177   -5.37027  -50.11732     3864  77.9  2  0  7 20 0 0 0 1 1 0 0 1 0 1 1 1 0 1
2014   2 28  5 13 30 647054   -5.59756  -74.43877     5008  78.8  2  0  7 21 0 0 1 0 1 0 0 1 0 1 1 1 0 1
2014   2 28  5 13 30 762020  -12.47408  171.72826    17123  72.0  2  0  7 20 0 0 1 0 1 0 0 1 0 1 1 1 0 1
2014   2 28  5 13 30 872521  -11.40363  168.85646    16835  73.9  2  0  6 15 0 0 1 1 0 0 0 1 0 0 1 1 0 1
2014   2 28  5 13 30 931084  -12.29574  171.53073    18779  88.9  2  0  7 20 0 0 1 1 0 0 0 1 0 1 1 1 0 1
2014   2 28  5 13 31  66407  -28.07766  -43.24193     4299  55.5  1  0  6 15 0 0 1 1 1 0 0 0 0 1 1 0 0 1
2014   2 28  5 13 31  79506  -28.08858  -43.24904     3671  51.6  1  0  7 21 0 0 1 1 1 0 0 1 0 1 1 0 0 1
2014   2 28  5 13 31 358614    1.18471  153.66768    10771  31.4  1  0  4  6 0 0 0 1 0 0 0 1 0 0 1 1 0 0
2014   2 28  5 13 31 485932   -0.78694  -67.56166     5404  36.0  1  0  5 10 0 0 0 1 1 0 0 0 0 1 1 1 0 0
2014   2 28  5 13 32 791238  -19.11231 -143.72253    17673  49.1  1  0  5  9 0 0 1 1 0 0 0 1 0 0 1 1 0 0
2014   2 28  5 13 33 861563  -20.66418  -46.80487     4702  92.1  2  0  6 15 0 0 1 1 1 0 0 1 0 0 1 0 0 1
2014   2 28  5 13 34  65893    2.76639  -68.55086     7121 113.6  2  0  7 21 0 0 0 1 1 0 0 1 0 1 1 1 0 1
2014   2 28  5 13 35  50262  -23.11123  -46.03314     2921  35.1  0  0  6 14 0 0 1 0 1 0 0 0 0 1 1 1 0 1
2014   2 28  5 13 35 103632  -23.35472  -46.11842     4892 123.4  2  0  7 21 0 0 1 1 1 0 0 1 0 1 1 0 0 1
2014   2 28  5 13 35 161728  -23.27379  -46.45675     3728  37.0  1  0  5 10 0 0 1 1 0 0 0 1 0 1 1 0 0 0
2014   2 28  5 13 35 285312  -23.45936  -46.00908     6332 126.7  2  0  6 15 0 0 1 1 1 0 0 1 0 0 1 0 0 1
2014   2 28  5 13 36 503857  -13.42863  171.34354     6350  10.2  0  0  6 15 0 0 1 0 1 0 0 1 0 0 1 1 0 1
2014   2 28  5 13 36 706477   -7.00610    8.41576    18325   7.5  0  0  5 10 0 0 1 1 1 0 0 0 0 0 1 0 0 1
2014   2 28  5 13 36 741319  -23.90895  -45.69168     3299   3.0  0  0  4  6 0 0 1 1 0 0 0 1 0 0 1 0 0 0
2014   2 28  5 13 36 856179  -16.38771  -51.01150     2729  12.4  0  0  5  9 0 0 0 1 0 0 0 1 0 1 1 1 0 0
2014   2 28  5 13 37 191992    2.72625  157.24258    13390  28.6  0  0  5  9 0 0 1 1 1 0 0 0 0 0 1 1 0 0
2014   2 28  5 13 37 227928   -4.74278  -70.99831     4151   3.1  0  0  4  6 0 0 0 1 0 0 0 1 0 0 0 1 0 1
2014   2 28  5 13 37 406932  -13.40686  171.31244     6793  12.6  0  0  6 15 0 0 1 1 0 0 0 1 0 0 1 1 0 1
2014   2 28  5 13 38 131583    4.24914  -83.07280     4300  20.9  0  0  5 10 0 0 1 1 1 0 0 1 0 0 0 1 0 0
2014   2 28  5 13 38 976434  -26.77613  -43.87110     2869  20.7  0  0  6 15 0 0 1 1 1 0 0 1 0 1 1 0 0 0
2014   2 28  5 13 39 273849  -16.61644  -50.96681     2451  18.9  0  0  7 21 0 0 1 1 1 0 0 1 0 1 1 0 0 1
2014   2 28  5 13 39 285501  -16.61520  -50.93579     3054  18.8  0  0  5 10 0 0 0 1 1 0 0 1 0 0 1 0 0 1
2014   2 28  5 13 39 735254   -5.70373  -43.37558     2912  20.4  0  0  6 15 0 0 1 1 1 0 0 0 0 1 1 1 0 0
2014   2 28  5 13 39 794861   -5.70836  -43.37491     2715  19.8  0  0  7 21 0 0 1 1 1 0 0 0 0 1 1 1 0 1
2014   2 28  5 13 39 826983   -5.80759  -43.34183     3586  22.2  0  0  5 10 0 0 1 1 1 0 0 1 0 0 1 0 0 0
2014   2 28  5 13 39 851046   -5.74562  -43.31561     4048  40.9  1  0  6 15 0 0 0 1 1 0 0 1 0 0 1 1 0 1
2014   2 28  5 13 40 149363    6.04770  -77.19672     5138  10.5  0  0  4  6 0 0 0 1 0 0 0 1 0 0 1 1 0 0
2014   2 28  5 13 40 422529   24.05056  -80.23975    14549  46.5  0  0  7 18 0 0 1 1 1 0 0 1 0 1 1 1 0 0
2014   2 28  5 13 40 789814  -20.83396  -46.71678     3209   8.9  0  0  4  6 0 0 1 1 0 0 0 0 0 0 1 0 0 1
2014   2 28  5 13 40 864815  -20.85473  -46.69955     2976  13.3  0  0  5 10 0 0 1 1 1 0 0 0 0 0 1 0 0 1
2014   2 28  5 13 41 235480  -20.54804  -47.04309     2951  52.8  1  0  7 21 0 0 0 1 1 0 0 1 0 1 1 1 0 1
2014   2 28  5 13 41 253913  -20.68808  -46.85013     3665  13.8  0  0  5  8 0 0 1 1 1 0 0 0 0 0 1 0 0 1
2014   2 28  5 13 41 791307  -20.63972  -46.95835     3023  14.1  0  0  5 10 0 0 1 1 1 0 0 0 0 0 1 0 0 1
2014   2 28  5 13 42 201161  -27.77192  -42.88031     4222  60.6  1  0  7 18 0 0 1 1 1 0 0 1 0 1 1 0 0 1
2014   2 28  5 13 42 242370  -27.43154  -43.34734     4048   9.8  0  0  5 10 0 0 0 0 1 0 0 1 0 1 1 0 0 1
2014   2 28  5 13 42 258515  -27.68089  -43.03439     3154  32.6  0  0  7 20 0 0 1 1 1 0 0 1 0 1 1 0 0 1
2014   2 28  5 13 42 405135   31.36552 -142.75871    42078  12.4  0  0  4  6 0 0 0 1 1 0 0 1 0 0 0 1 0 0
2014   2 28  5 13 42 593596  -15.97389  -51.03437     2949  44.3  0  0  7 21 0 0 1 1 1 0 0 1 0 1 1 0 0 1
2014   2 28  5 13 43 516383  -15.64831  -55.87383     7335  38.3  1  0  5 10 0 0 0 1 1 0 0 0 0 1 1 0 0 1
2014   2 28  5 13 45 227524  -16.26066  -50.87101     4721  60.2  2  0  5 10 0 0 1 1 1 0 0 1 0 0 0 0 0 1
2014   2 28  5 13 45 489169  -24.67110 -135.68759    34461  57.8  2  0  5  8 0 0 1 0 1 0 0 1 0 0 0 1 0 1
2014   2 28  5 13 45 967557  -28.29376  -43.10588     4724  53.5  1  0  6 15 0 0 1 1 1 0 0 1 0 0 1 0 0 1
2014   2 28  5 13 45 986789  -28.24816  -43.18438     4374  57.1  1  0  6 15 0 0 1 1 1 0 0 0 0 1 1 0 0 1
2014   2 28  5 13 46  84959  -28.26395  -43.17770     4776  54.3  1  0  6 15 0 0 1 1 1 0 0 1 0 0 1 0 0 1
2014   2 28  5 13 46 177047    5.36710  149.67589    13665  70.7  2  0  6 14 0 0 1 1 1 0 0 1 0 0 1 1 0 0
2014   2 28  5 13 46 369262  -28.30400  -43.14677     6083  62.2  2  0  5 10 0 0 1 1 1 0 0 0 0 0 1 0 0 1
2014   2 28  5 13 46 653161  -28.00306  -43.59309     3883  21.4  0  0  5 10 0 0 0 1 1 0 0 1 0 0 1 0 0 1
2014   2 28  5 13 46 767020  -28.32978  -43.32907     6219  64.7  2  0  5 10 0 0 1 1 1 0 0 0 0 0 1 0 0 1
2014   2 28  5 13 46 880599    4.36356  -83.23212     9211  92.0  2  0  6 15 0 0 1 1 1 0 0 0 0 0 1 1 0 1
2014   2 28  5 13 47 218647  -21.05912  -49.42089     3922  90.5  2  0  7 18 0 0 1 1 1 0 0 1 0 1 1 0 0 1
2014   2 28  5 13 47 255910  -21.03422  -49.40395     4919  87.5  2  0  6 13 0 0 1 1 1 0 0 0 0 1 1 0 0 1
2014   2 28  5 13 47 821656   -6.85312  155.01445    59153  26.5  1  0  4  6 0 0 0 1 0 0 0 0 0 0 1 1 0 1
2014   2 28  5 13 48 345694  -22.61666  -47.50280     4308  75.6  2  0  6 13 0 0 1 1 1 0 0 1 0 0 1 0 0 1
2014   2 28  5 13 49 213145   -8.87897  -64.76148     5760  99.5  2  0  7 19 0 0 1 0 1 0 0 1 0 1 1 1 0 1
2014   2 28  5 13 50 978479    2.73147  -84.17654     8372 105.3  2  0  7 20 0 0 1 0 1 0 0 1 0 1 1 1 0 1
2014   2 28  5 13 51 496480  -28.03629  -43.40670     4630  81.2  2  0  7 21 0 0 1 1 1 0 0 1 0 1 1 0 0 1
2014   2 28  5 13 52 659839    7.54763  -74.06067     3434   4.7  0  0  6 15 0 0 0 1 1 0 0 1 0 1 0 1 0 1
2014   2 28  5 13 54 319798  -16.33020  -51.38593     2714  14.0  0  0  5 10 0 0 1 1 0 0 0 1 0 1 0 0 0 1
2014   2 28  5 13 54 736143  -16.24479  -51.42857     2515  23.0  0  0  7 21 0 0 1 1 1 0 0 1 0 1 0 1 1 0
2014   2 28  5 13 55 184161    7.61284  -73.69499     3333   6.1  0  0  5  9 0 0 1 1 0 0 0 1 0 1 0 1 0 0
2014   2 28  5 13 55 221946    7.57431  -74.57738     4957   5.5  0  0  5 10 0 0 0 1 1 0 0 0 0 1 0 1 0 1
2014   2 28  5 13 56 751121  -29.31264 -137.14183    11934  43.0  1  0  6 15 0 0 1 1 0 0 0 1 0 1 0 1 0 1
2014   2 28  5 13 56 791658  -29.22288 -135.99394    21254  39.2  1  0  5  8 0 0 1 1 1 0 0 1 0 0 0 1 0 0
2014   2 28  5 13 57 132713   -0.35657  -15.66373    29146  41.3  1  0  5  8 0 0 1 1 1 0 0 1 0 0 0 0 0 1
2014   2 28  5 13 57 277347   -5.44358  -54.51811     3631  39.9  0  0  6 15 0 0 1 1 1 0 0 0 0 1 0 1 0 1
2014   2 28  5 13 57 449502  -29.93165 -133.47162    26887  49.7  1  0  6 15 0 0 1 1 1 0 0 1 0 1 0 0 0 1
2014   2 28  5 13 58 552091  -11.50265  -57.22707     3829  57.4  1  0  6 15 0 0 1 1 1 0 0 1 0 1 0 1 0 0
2014   2 28  5 13 58 637689   -4.09231  -71.29292     6191  36.4  1  0  5 10 0 0 0 1 1 0 0 1 0 0 0 1 0 1
2014   2 28  5 13 58 736036  -11.62343  -57.42459     2687  23.5  0  0  7 21 0 0 0 1 1 0 0 1 0 1 0 1 1 1
2014   2 28  5 13 59 109204  -23.82217  -45.90961     8056  62.7  2  0  5 10 0 0 0 1 1 0 0 1 0 1 0 0 0 1
2014   2 28  5 13 59 693255    7.65570  -74.03729     8478  80.6  2  0  6 13 0 0 1 1 1 0 0 0 0 1 0 1 0 1
2014   2 28  5 13 59 850367   -7.06753  175.31274    23866  57.4  2  0  5  8 0 0 1 1 1 0 0 1 0 0 0 1 0 0
2014   2 28  5 14  1 288965    4.89704  -73.12986    10101  54.2  2  0  5 10 0 0 0 1 1 0 0 1 0 0 0 1 0 1
2014   2 28  5 14  1 986037  -16.10161  -51.35640     3556  80.4  2  0  7 21 0 0 1 1 1 0 0 1 0 1 0 1 0 1
2014   2 28  5 14  1 993407  -16.18786  -51.18955     5157  69.5  2  0  5 10 0 0 1 1 1 0 0 1 0 0 0 0 0 1
2014   2 28  5 14  2  14554  -16.28786  -51.70556     3441  21.6  0  0  5  9 0 0 0 1 1 0 0 1 0 0 0 1 0 1
2014   2 28  5 14  2 683636  -16.24371  -51.32404     3948  71.1  2  0  6 15 0 0 1 1 1 0 0 1 0 1 0 0 0 1
2014   2 28  5 14  3 246917  -16.16535  -51.04899     4446  58.7  2  0  5 10 0 0 1 0 1 0 0 1 0 1 0 0 0 1
2014   2 28  5 14  3 297614  -16.18360  -51.08401     5686  81.6  2  0  5 10 0 0 1 1 1 0 0 1 0 0 0 0 0 1
2014   2 28  5 14  3 492621  -16.14902  -51.37313     4053  73.6  2  0  6 15 0 0 0 1 1 0 0 1 0 1 0 1 0 1
2014   2 28  5 14  3 540664  -20.56549  -47.17510     3782  99.5  2  0  7 21 0 0 1 1 1 0 0 1 0 1 0 1 0 1
2014   2 28  5 14  3 550382  -20.60630  -47.13828     5968  98.6  2  0  6 12 0 0 1 1 1 0 0 1 0 0 0 1 0 1
2014   2 28  5 14  3 638357  -16.24374  -51.29127     4040  50.1  2  0  5 10 0 0 0 1 1 0 0 1 0 1 0 0 0 1
2014   2 28  5 14  3 737309  -16.24540  -51.29282     4065  50.8  2  0  5 10 0 0 0 1 1 0 0 1 0 1 0 0 0 1
2014   2 28  5 14  4 545204  -25.28084 -135.31120    20657 117.6  2  0  7 21 0 0 1 1 1 0 0 1 0 1 0 1 0 1
2014   2 28  5 14  6 292797  -27.68494  -43.61149     2873  10.4  0  0  5 10 0 0 1 1 1 0 0 1 0 1 0 0 0 0
2014   2 28  5 14  6 330871  -27.54763  -43.63331     8060  32.7  1  0  5 10 0 0 0 1 1 0 0 1 0 1 0 0 0 1
2014   2 28  5 14  8 178995  -20.20706 -140.47183    14247  11.7  0  0  5  9 0 0 1 1 1 0 0 1 0 0 0 0 0 1
2014   2 28  5 14  8 321019   -4.61842  -70.93515     4948   8.3  0  0  5  7 0 0 1 1 1 0 0 1 0 0 0 0 0 1
2014   2 28  5 14  8 896628  -28.34990  -42.62297     3873   6.3  0  0  4  6 0 0 1 1 0 0 0 1 0 0 0 0 0 1
2014   2 28  5 14 10 850699  -16.21884  -51.04198     2455   1.5  0  0  5 10 0 0 0 1 1 0 0 1 0 1 0 0 0 1
2014   2 28  5 14 11  11383  -16.21311  -51.04213     2724  15.3  0  0  5 10 0 0 1 1 0 0 0 1 0 1 0 0 0 1
2014   2 28  5 14 11 170708  -20.63680  -49.30936     2849  11.1  0  0  5  8 0 0 1 1 1 0 0 1 0 0 0 0 0 1
2014   2 28  5 14 13 334993   -5.91273  -74.28754     6302  45.8  1  0  6 14 0 0 1 1 1 0 0 1 0 1 0 0 0 1
2014   2 28  5 14 13 514750   -6.12279  -74.22840     9894  43.0  1  0  5  8 0 0 1 1 1 0 0 1 0 0 0 0 0 1
2014   2 28  5 14 13 785383    6.79564  -73.48840    14254  48.2  1  0  5  9 0 0 1 1 1 0 0 1 0 1 0 0 0 0
2014   2 28  5 14 18 952597  -22.59340  -48.09864     2968  18.7  0  0  5 10 0 0 1 1 0 0 0 1 0 1 0 0 1 0
2014   2 28  5 14 18 964408  -22.77119  -47.88245     5100  89.2  2  0  6 11 0 0 1 1 1 0 0 1 0 1 0 0 0 1
2014   2 28  5 14 19  91316  -14.89822  -56.21785     4471  44.6  1  0  5  9 0 0 1 0 1 0 0 1 0 1 0 0 0 1
2014   2 28  5 14 20 762247  -22.49874  -48.17476     4694 110.4  2  0  6 15 0 0 1 1 1 0 0 1 0 1 0 0 0 1
2014   2 28  5 14 22 738417  -22.34596  -48.10223     3521  20.7  1  0  4  6 0 0 1 1 0 0 0 1 0 1 0 0 0 0
2014   2 28  5 14 22 758651  -22.60821  -47.70719     4986 124.2  2  0  6 15 0 0 1 1 1 0 0 1 0 1 0 0 0 1
2014   2 28  5 14 22 861493  -22.57640  -47.78987     5454 114.0  2  0  6 11 0 0 1 1 1 0 0 1 0 1 0 0 0 1
2014   2 28  5 14 22 902906  -22.33423  -48.10606     3552  21.4  1  0  4  6 0 0 1 1 0 0 0 1 0 1 0 0 0 0
2014   2 28  5 14 23 722118   -2.43453  -75.48914    17717  16.0  0  0  4  6 0 0 0 1 1 0 0 1 0 1 0 0 0 0
