2014   2 28  7  4 33 723214   -0.52256  176.94528    22239  35.9  1  0  5 10 0 0 0 1 0 0 0 0 0 1 1 1 0 1
2014   2 28  7  4 35 643811   -6.06445  -74.35809     8500  22.0  1  0  4  6 0 0 0 0 0 0 0 0 0 1 1 1 0 1
2014   2 28  7  4 36 267465   -4.63288  -71.63589     3216  37.2  0  0  7 21 0 0 1 1 0 0 0 0 0 1 1 1 1 1
2014   2 28  7  4 36 315075  -29.68501  -41.92625     4548  19.4  0  0  4  6 0 0 1 1 0 0 0 0 0 0 1 0 0 1
2014   2 28  7  4 36 324874   -4.66562  -71.81668     6435  37.9  1  0  5 10 0 0 0 1 0 0 0 0 0 1 1 1 0 1
2014   2 28  7  4 36 459442   -4.62293  -71.59528     4007  41.4  1  0  6 15 0 0 1 1 0 0 0 0 0 1 1 1 0 1
2014   2 28  7  4 36 600711   -4.58644  -71.72127     4020  17.6  0  0  4  6 0 0 1 1 0 0 0 0 0 0 1 1 0 0
2014   2 28  7  4 39  51977   48.25632  -11.39507    45226   8.8  0  0  4  6 0 0 1 0 0 0 0 0 0 0 1 1 0 1
2014   2 28  7  4 39  86806  -14.43877  -43.92043     6008  44.1  1  0  5  9 0 0 1 1 0 0 0 0 0 1 1 0 0 1
2014   2 28  7  4 39 296210  -15.88321  -51.64623     3576  56.1  1  0  6 14 0 0 1 1 0 0 0 0 0 1 1 1 0 1
2014   2 28  7  4 39 343434    2.69037  -70.14292    46041  31.8  1  0  4  6 0 0 0 1 0 0 0 0 0 1 1 0 0 1
2014   2 28  7  4 39 482305    7.28202  -73.87459     6753  69.1  2  0  6 15 0 0 1 1 0 0 0 0 0 1 1 1 0 1
2014   2 28  7  4 41 672233  -16.29359  -51.99347     4288  77.3  2  0  6 14 0 0 1 1 0 0 0 0 0 1 1 1 0 1
2014   2 28  7  4 46 250638    1.66258  -68.44104     7593  29.3  1  0  4  6 0 0 0 1 0 0 0 0 0 1 0 1 0 1
2014   2 28  7  4 46 374629    1.67018  -68.59592     7702  29.6  1  0  4  6 0 0 0 1 0 0 0 0 0 1 0 1 0 1
2014   2 28  7  4 48 783245  -29.70153  -41.85397     3202  10.0  0  0  5 10 0 0 1 1 1 0 0 1 0 0 0 0 0 1
2014   2 28  7  4 48 960843  -22.55481  -45.80016     2415  12.4  0  0  7 16 0 0 1 1 1 0 0 1 0 1 0 1 0 1
2014   2 28  7  4 48 983473  -29.72712  -41.81354     3633   9.1  0  0  5 10 0 0 0 1 1 0 0 1 0 0 1 0 0 1
2014   2 28  7  4 49  60433  -29.70483  -41.85289     2743   9.2  0  0  6 15 0 0 1 1 1 0 0 1 0 0 1 0 0 1
2014   2 28  7  4 49 207880  -22.43985  -45.84160     3734  36.9  0  0  6 12 0 0 1 1 1 0 0 1 0 0 1 0 0 1
2014   2 28  7  4 50 799398  -22.37132  -45.89219     2852   7.6  0  0  4  6 0 0 1 0 0 0 0 1 0 0 1 0 0 1
2014   2 28  7  4 50 891383    6.96723  -74.63245     4044  19.2  0  0  6 15 0 0 0 1 1 0 0 1 0 0 1 1 0 1
2014   2 28  7  4 52  18626  -22.01121  -45.83374     2821  43.9  0  0  7 21 0 0 0 1 1 0 0 1 0 1 1 1 0 1
2014   2 28  7  4 52  26754  -21.13357  -46.91882     2615  31.4  0  0  7 21 0 0 1 1 1 0 0 1 0 1 1 0 0 1
2014   2 28  7  4 52  48121  -22.00138  -45.84931     3548  25.7  0  0  5 10 0 0 1 1 1 0 0 1 0 0 1 0 0 0
2014   2 28  7  4 52 268287  -10.93517  -56.77608     3013  32.8  0  0  6 14 0 0 1 1 0 0 0 1 0 1 1 1 0 0
2014   2 28  7  4 53 618944  -22.59283  -45.69154     3702  33.9  1  0  5  8 0 0 0 0 1 0 0 1 0 1 0 1 0 1
2014   2 28  7  4 53 709184  -10.42881  -57.54432     3055  26.3  0  0  6 15 0 0 1 0 1 0 0 0 0 1 1 1 0 1
2014   2 28  7  4 53 736001  -10.48939  -57.79063     3222  50.8  1  0  7 21 0 0 1 1 1 0 0 1 0 1 1 1 0 0
2014   2 28  7  4 53 946140    2.87508  -84.61595     5250  53.3  1  0  7 21 0 0 1 1 1 0 0 0 0 1 1 1 0 1
2014   2 28  7  4 53 968922    2.51243  -84.34573    12258  42.9  1  0  5 10 0 0 1 1 1 0 0 1 0 0 1 0 0 0
2014   2 28  7  4 54  71159    2.89785  -84.79291     4884  50.6  1  0  7 21 0 0 1 1 1 0 0 1 0 0 1 1 0 1
2014   2 28  7  4 54  98873    3.17678  -85.05193     5891  63.1  1  0  7 20 0 0 1 1 1 0 0 1 0 0 1 1 0 1
2014   2 28  7  4 54 229467    2.86447  -84.78323     5136  55.5  1  0  7 21 0 0 1 1 0 0 0 1 0 1 1 1 0 1
2014   2 28  7  4 55 782626  -29.31130  -42.37474     5806  18.4  0  0  5  8 0 0 0 1 1 0 0 1 0 0 1 0 0 1
2014   2 28  7  4 55 783151   -8.68691    2.77902    46230  41.9  1  0  5 10 0 0 1 1 1 0 0 0 0 0 1 0 0 1
2014   2 28  7  4 56 246931  -20.80084  -47.40302     5073  50.6  2  0  5  7 0 0 1 1 0 0 0 1 0 1 0 0 0 1
2014   2 28  7  4 56 753421  -12.71313  -71.66158     3949  57.3  1  0  7 20 0 0 1 0 1 0 0 1 0 1 1 1 0 1
2014   2 28  7  4 57 533826  -29.96307  -42.04140     4906  52.0  1  0  6 15 0 0 1 1 1 0 0 1 0 0 1 0 0 1
2014   2 28  7  4 57 544699  -29.55083  -42.37338     4143  18.5  0  0  5 10 0 0 0 1 1 0 0 1 0 0 1 0 0 1
2014   2 28  7  4 57 557887  -29.95946  -42.04152     4845  51.5  1  0  6 15 0 0 1 1 1 0 0 1 0 0 1 0 0 1
2014   2 28  7  4 58 163407    6.08641  -82.51254     6371  67.5  1  0  7 20 0 0 1 0 1 0 0 1 0 1 1 1 0 1
2014   2 28  7  4 58 317394   -0.05655  -71.40490     4648  67.6  1  0  7 21 0 0 1 0 1 0 0 1 0 1 1 1 0 1
2014   2 28  7  4 58 702417   -0.14149  -72.03034     7302  84.9  2  0  6 15 0 0 0 1 0 0 0 1 0 1 1 1 0 1
2014   2 28  7  4 59 926444  -16.12831  -51.48695     4753  85.4  2  0  6 15 0 0 1 1 1 0 0 1 0 0 1 0 0 1
2014   2 28  7  5  0 115191    7.10422  -73.30546     5650  51.1  1  0  6 14 0 0 1 0 1 0 0 0 0 1 1 1 0 1
2014   2 28  7  5  0 471884    7.38033  -74.37741     7805  95.5  2  0  6 14 0 0 1 1 1 0 0 1 0 0 1 1 0 0
2014   2 28  7  5  0 872044  -19.65927 -140.60271    47380 100.6  2  0  6 15 0 0 1 1 1 0 0 1 0 0 1 0 0 1
2014   2 28  7  5  1 389022  -26.84251 -135.88710    19444 101.7  2  0  7 21 0 0 1 1 1 0 0 1 0 0 1 1 0 1
2014   2 28  7  5  1 855353  -26.75157 -136.03093    20086 105.5  2  0  7 21 0 0 1 1 1 0 0 1 0 0 1 1 0 1
2014   2 28  7  5  1 988204  -20.32839  -49.46781     3231   4.8  0  0  4  6 0 0 1 0 0 0 0 1 0 1 1 0 0 0
2014   2 28  7  5  2 294242  -29.42345  -42.82732     3903  25.2  0  0  5 10 0 0 1 1 1 0 0 1 0 0 0 0 0 1
2014   2 28  7  5  3 180206  -24.25827  -45.81997     5954 107.8  2  0  6 13 0 0 1 1 1 0 0 1 0 0 0 1 0 1
2014   2 28  7  5  3 201655  -24.25301  -45.73589     5159  95.7  2  0  6 15 0 0 1 1 1 0 0 1 0 0 1 0 0 1
2014   2 28  7  5  3 246436  -24.07731  -45.86851     4512  99.2  2  0  7 21 0 0 0 1 1 0 0 1 0 1 1 1 0 1
2014   2 28  7  5  3 992946  -16.22121  -51.68024     4584 118.9  2  0  7 21 0 0 1 0 1 0 0 1 0 1 1 1 0 1
2014   2 28  7  5  4 173594  -16.18416  -51.66967     2382  14.2  0  0  7 21 0 0 0 1 1 0 0 1 0 1 1 1 0 1
2014   2 28  7  5  4 543723  -12.37436  -71.37772     2426   9.0  0  0  7 21 0 0 1 1 1 0 0 1 0 0 1 1 0 1
2014   2 28  7  5  4 576284  -12.38390  -71.39439     2433   9.3  0  0  7 21 0 0 1 1 1 0 0 1 0 0 1 1 0 1
2014   2 28  7  5  4 632310  -12.36426  -71.38795     2444  10.0  0  0  7 21 0 0 1 1 1 0 0 1 0 0 1 1 0 1
2014   2 28  7  5  4 813369   -6.26418   10.70131    17818   4.5  0  0  5 10 0 0 1 1 1 0 0 0 0 0 1 0 0 1
2014   2 28  7  5  4 845609  -12.55409  -71.58085     2966  11.4  0  0  7 21 0 0 0 1 1 0 0 1 0 1 0 1 1 1
2014   2 28  7  5  5  50032    6.85167  -72.09670     5162   5.7  0  0  4  6 0 0 0 1 1 0 0 1 0 0 0 1 0 0
2014   2 28  7  5  6  92736  -20.82456 -143.03851    18704   5.9  0  0  4  6 0 0 1 1 1 0 0 1 0 0 0 0 0 0
2014   2 28  7  5  6 102072  -20.61631 -143.47578     5074  10.9  0  0  7 21 0 0 1 1 1 0 0 1 0 0 1 1 0 1
2014   2 28  7  5  6 109035  -13.06762  -71.63608     3238  14.9  0  0  6 15 0 0 0 1 1 0 0 1 0 0 1 1 0 1
2014   2 28  7  5  6 365541  -12.13249  -73.25219     3249   2.8  0  0  4  6 0 0 1 0 0 0 0 1 0 0 1 1 0 0
2014   2 28  7  5  6 852121    2.82876  -73.28243     5117  26.5  0  0  6 15 0 0 0 1 1 0 0 0 0 1 1 1 0 1
2014   2 28  7  5  9 173860  -20.49634  -48.64349     4251  42.2  1  0  5  9 0 0 1 1 1 0 0 1 0 0 1 0 0 0
2014   2 28  7  5  9 929871    5.93254  -84.19681    41873  37.4  1  0  5 10 0 0 1 0 1 0 0 0 0 1 1 0 0 1
2014   2 28  7  5 10  58435    6.97065  -74.47073     4302  45.6  0  0  7 20 0 0 1 0 1 0 0 1 0 1 1 1 0 1
2014   2 28  7  5 10 211143    7.01409  -74.56950     4136  46.3  0  0  7 20 0 0 1 1 1 0 0 1 0 0 1 1 0 1
2014   2 28  7  5 10 497787  -20.92775  -47.04158     3671  45.4  1  0  6 13 0 0 1 1 1 0 0 1 0 0 1 0 0 1
2014   2 28  7  5 10 507962  -20.94157  -47.11629     4172  38.2  1  0  5  9 0 0 1 1 1 0 0 1 0 0 0 0 0 1
2014   2 28  7  5 12 308553    7.64184  -74.02161     4845  49.0  1  0  6 13 0 0 1 1 0 0 0 1 0 0 1 1 0 1
2014   2 28  7  5 12 459728  -19.48760 -142.50620    12643  63.6  1  0  7 21 0 0 1 1 1 0 0 1 0 0 1 1 0 1
2014   2 28  7  5 12 784416  -18.63399 -143.64929     9801  19.8  0  0  5 10 0 0 1 1 0 0 0 1 0 0 1 1 0 0
2014   2 28  7  5 12 961623  -29.57752  -42.42443     3720  11.3  0  0  5  9 0 0 1 1 1 0 0 1 0 0 0 0 0 1
2014   2 28  7  5 12 989231  -29.61327  -42.12917     5224  58.1  1  0  6 15 0 0 1 1 1 0 0 1 0 0 1 0 0 1
2014   2 28  7  5 13 188717  -29.29870  -42.41776     3352  23.5  0  0  6 14 0 0 1 1 1 0 0 1 0 0 1 0 0 1
2014   2 28  7  5 13 455988  -21.14972  -46.79355     4876  74.1  2  0  6 15 0 0 1 1 1 0 0 1 0 0 1 0 1 0
2014   2 28  7  5 13 472105  -21.21159  -46.75086     3797  63.6  2  0  6 15 0 0 1 1 1 0 0 1 0 0 1 0 0 1
2014   2 28  7  5 13 751681  -29.91957  -42.35166     3822   8.9  0  0  4  6 0 0 1 1 1 0 0 1 0 0 0 0 0 0
2014   2 28  7  5 13 825353  -29.91053  -42.11518     4391  64.1  1  0  7 21 0 0 1 1 1 0 0 1 0 1 1 0 0 1
2014   2 28  7  5 16 100461   21.32390 -121.59291    27561  25.0  1  0  4  6 0 0 0 1 0 0 0 1 0 0 1 1 0 0
2014   2 28  7  5 16 322814   -2.45018  -80.72365    16086  20.0  0  0  4  6 0 0 1 1 0 0 0 0 0 1 0 0 0 1
2014   2 28  7  5 16 384239    1.97566  -84.23097     6731  88.5  2  0  7 21 0 0 1 0 1 0 0 1 0 1 1 1 0 1
2014   2 28  7  5 18 207676  -12.50031  -72.95109     9576 114.1  2  0  6 15 0 0 1 1 1 0 0 1 0 0 1 0 0 1
2014   2 28  7  5 20 181865  -19.29824 -141.69992     5864   9.7  0  0  6 15 0 0 1 1 0 0 0 1 0 0 1 1 0 1
2014   2 28  7  5 20 445905  -21.49304  -50.79090     2907  10.4  0  0  5 10 0 0 1 0 0 0 0 1 0 1 1 1 0 0
2014   2 28  7  5 20 724640    3.00279  -80.28710     7190   2.2  0  0  4  6 0 0 0 1 0 0 0 0 0 1 0 1 0 1
2014   2 28  7  5 20 831252  -21.53578  -50.84566     2519  10.6  0  0  6 11 0 0 0 1 0 0 0 1 0 1 1 1 0 1
2014   2 28  7  5 21 360918  -21.08090  -46.80558     2627   5.3  0  0  5  9 0 0 1 1 1 0 0 1 0 0 0 0 0 1
2014   2 28  7  5 21 646900  -29.70068  -41.89967     5735   9.9  0  0  5 10 0 0 0 1 1 0 0 1 0 1 0 0 0 1
2014   2 28  7  5 21 689736  -29.69968  -41.85451     2927  13.7  0  0  6 15 0 0 1 1 1 0 0 1 0 0 1 0 0 1
2014   2 28  7  5 22   9385  -20.95852  -46.89609     4328  27.9  0  0  5  7 0 0 1 1 1 0 0 1 0 0 0 0 0 1
2014   2 28  7  5 23 315332    0.99370  -13.57883     5064  17.6  0  0  7 21 0 0 1 0 1 0 0 1 0 1 1 1 0 1
2014   2 28  7  5 23 559596  -25.04833  -44.76019     3069  20.3  0  0  5 10 0 0 1 1 1 0 0 1 0 0 0 0 0 1
2014   2 28  7  5 23 584271  -25.03013  -44.73708     2963  24.8  0  0  6 15 0 0 1 1 1 0 0 1 0 0 1 0 0 1
2014   2 28  7  5 23 886989  -25.06672  -44.71907     3069  28.5  0  0  6 15 0 0 1 1 0 0 0 1 0 1 1 1 0 0
2014   2 28  7  5 24 950650  -20.69512  -47.06680     3286  18.6  0  0  5  8 0 0 1 0 1 0 0 1 0 0 1 0 0 1
2014   2 28  7  5 25  12738  -21.17693  -47.06776     4404  37.7  1  0  5  9 0 0 1 1 1 0 0 1 0 0 1 0 0 0
2014   2 28  7  5 25 705379  -31.83581  -44.24903     4339   5.9  0  0  4  6 0 0 1 1 0 0 0 0 0 0 0 1 0 1
2014   2 28  7  5 26 151803  -22.23439  -45.67122     3703  46.7  1  0  5 10 0 0 0 1 1 0 0 1 0 0 1 0 0 1
2014   2 28  7  5 27 435156  -22.33090  -45.94064     3870  48.9  1  0  5 10 0 0 1 1 1 0 0 1 0 0 0 0 0 1
2014   2 28  7  5 27 502057  -22.31384  -45.90145     3465  53.4  1  0  6 15 0 0 1 1 1 0 0 1 0 0 1 0 0 1
2014   2 28  7  5 27 516375  -22.27534  -45.84700     3344  39.2  1  0  5 10 0 0 1 0 1 0 0 1 0 0 1 0 0 1
2014   2 28  7  5 28 602356  -15.92272  -51.56163     3574  73.9  2  0  7 21 0 0 1 1 1 0 0 1 0 0 1 1 0 1
2014   2 28  7  5 28 974041    7.24195  -75.10848     8601  72.7  2  0  6 15 0 0 0 1 0 0 0 1 0 1 1 1 0 1
2014   2 28  7  5 30 501769    6.13699  -83.15445     9055  74.2  2  0  6 13 0 0 1 1 0 0 0 1 0 0 1 1 0 1
2014   2 28  7  5 31  74084    7.26982  -74.00362     6254  96.9  2  0  7 21 0 0 1 1 1 0 0 1 0 1 1 1 0 0
2014   2 28  7  5 31 307613  -21.13125  -46.99393     4280  82.8  2  0  6 15 0 0 1 1 1 0 0 1 0 1 1 0 0 0
2014   2 28  7  5 31 712507   -9.47230  172.41766    17801  72.6  2  0  7 20 0 0 1 0 1 0 0 1 0 1 1 1 0 1
2014   2 28  7  5 32 813773  -29.60595  -42.18888     8351  79.3  2  0  5 10 0 0 1 1 0 0 0 1 0 0 1 0 0 1
2014   2 28  7  5 32 926294  -29.57300  -42.27801     7857  80.7  2  0  5 10 0 0 1 1 1 0 0 1 0 0 1 0 0 0
2014   2 28  7  5 32 959564  -28.93642  -42.81403     4261  22.8  0  0  5 10 0 0 0 1 1 0 0 1 0 0 1 0 0 1
2014   2 28  7  5 33   6329  -29.90548  -42.17337     6565  82.3  2  0  6 15 0 0 1 1 1 0 0 1 0 0 1 0 0 1
2014   2 28  7  5 33  13934  -29.90899  -42.17107     6552  82.1  2  0  6 15 0 0 1 1 1 0 0 1 0 0 1 0 0 1
2014   2 28  7  5 33  23608  -29.12625  -42.85705     4309  49.5  0  0  7 21 0 0 0 1 1 0 0 1 0 1 1 1 0 1
2014   2 28  7  5 33 162553  -29.11427  -42.87914     4341  43.4  0  0  7 19 0 0 0 1 1 0 0 1 0 1 1 1 0 1
2014   2 28  7  5 33 477116  -29.90928  -42.19026     6688  84.0  2  0  6 15 0 0 1 1 1 0 0 1 0 0 1 0 0 1
2014   2 28  7  5 33 858953  -20.81056  -47.15979     4731  95.3  2  0  6 15 0 0 1 1 1 0 0 1 0 0 1 0 0 1
2014   2 28  7  5 34  28959  -21.23033 -143.08041    21894  90.4  2  0  6 15 0 0 1 1 0 0 0 1 0 0 1 1 0 1
2014   2 28  7  5 34  49330  -21.60835 -141.02208    26591  84.3  2  0  6 14 0 0 1 0 1 0 0 1 0 0 1 1 0 1
2014   2 28  7  5 34 676573   -0.79020 -172.02522    27133 102.1  2  0  6 15 0 0 1 0 1 0 0 0 0 1 1 1 0 1
2014   2 28  7  5 35 501577  -23.35990  -45.92715     6472 129.8  2  0  6 15 0 0 1 1 1 0 0 1 0 0 1 0 0 1
2014   2 28  7  5 35 527201  -14.50021  -44.09623     4636 107.1  2  0  6 15 0 0 1 1 1 0 0 1 0 0 1 0 0 1
2014   2 28  7  5 35 726776  -14.49361  -44.09896     4703 109.2  2  0  6 15 0 0 1 1 1 0 0 1 0 0 1 0 0 1
2014   2 28  7  5 37 114879  -12.99705  156.72224    12480  27.5  0  0  5  8 0 0 1 1 0 0 0 1 0 0 1 1 0 0
2014   2 28  7  5 37 423123  -12.02797  -73.03029     2844   6.2  0  0  5  9 0 0 1 1 0 0 0 0 0 0 1 1 0 1
2014   2 28  7  5 37 623013  -12.06215  -73.18594     3785  15.0  0  0  5 10 0 0 0 1 0 0 0 1 0 0 1 1 0 1
2014   2 28  7  5 37 898192  -21.04739  -47.16832     4090  36.4  0  0  6 11 0 0 1 1 1 0 0 1 0 0 1 1 0 0
2014   2 28  7  5 37 933120  -21.12589  -46.92259     2624  21.6  0  0  6 15 0 0 1 1 0 0 0 1 0 1 1 0 0 1
2014   2 28  7  5 38  74515  -21.14119  -46.85129     2515   5.0  0  0  5 10 0 0 0 1 1 0 0 1 0 0 1 0 0 1
2014   2 28  7  5 38  90230  -21.11479  -46.94920     2631  18.9  0  0  6 13 0 0 0 1 1 0 0 0 0 1 1 1 0 1
2014   2 28  7  5 38 745868   11.59120 -124.86857    10466  31.6  1  0  5 10 0 0 1 0 1 0 0 1 0 0 0 1 0 1
2014   2 28  7  5 38 915880  -16.62407  -51.80738     2727  20.8  0  0  6 15 0 0 1 0 1 0 0 1 0 1 1 0 0 1
2014   2 28  7  5 38 942922  -16.65325  -51.84154     2547   2.1  0  0  5  8 0 0 0 1 1 0 0 1 0 1 0 0 0 1
2014   2 28  7  5 39 343554  -22.24714  -46.00047     4011  64.2  2  0  6 15 0 0 1 1 1 0 0 0 0 0 1 0 1 1
2014   2 28  7  5 39 880961   -9.43194  159.76599     7013  17.7  0  0  5 10 0 0 0 1 0 0 0 1 0 0 1 1 0 1
2014   2 28  7  5 39 941855  -10.11333  161.02716    21997  22.4  0  0  6 15 0 0 1 1 1 0 0 0 0 0 1 1 0 1
2014   2 28  7  5 40 256843   -9.85958  160.46124     5900   1.0  0  0  5 10 0 0 1 1 0 0 0 1 0 0 1 1 0 0
2014   2 28  7  5 40 416205    7.01658  -74.02969     5076  22.7  0  0  5  8 0 0 0 1 0 0 0 1 0 0 1 1 0 1
2014   2 28  7  5 40 675738  -25.37279  -44.71872     3200  26.4  0  0  6 12 0 0 1 1 1 0 0 1 0 0 1 0 0 1
2014   2 28  7  5 41 175757  -20.72445  -47.22652     2787  19.3  0  0  6 12 0 0 1 1 1 0 0 1 0 0 1 0 0 1
2014   2 28  7  5 41 530521  -22.80814  -45.68036     2978  30.0  0  0  6 15 0 0 1 1 1 0 0 1 0 0 1 0 0 1
2014   2 28  7  5 41 537127  -22.74162  -45.82792     3264  18.2  0  0  5 10 0 0 1 1 1 0 0 1 0 0 1 0 0 0
2014   2 28  7  5 42 123616    8.79209  -75.50348     6471  38.9  0  0  6 13 0 0 0 1 1 0 0 1 0 0 1 1 0 1
2014   2 28  7  5 42 314760  -21.04373  -47.23491     3941  27.3  0  0  5  8 0 0 1 1 1 0 0 1 0 0 0 0 0 1
2014   2 28  7  5 42 346010   -4.76922  -72.16223     4019  59.6  1  0  7 21 0 0 1 1 1 0 0 1 0 1 0 1 0 1
2014   2 28  7  5 42 707007  -30.07707  -41.85449     3921  35.1  0  0  6 15 0 0 1 1 1 0 0 1 0 0 1 0 0 1
2014   2 28  7  5 42 720157  -30.06494  -41.83718     4603  34.8  1  0  5 10 0 0 1 1 1 0 0 0 0 0 1 0 0 1
2014   2 28  7  5 42 844406  -11.04250  -57.53386     3436  53.7  1  0  7 21 0 0 1 0 1 0 0 1 0 1 1 1 0 1
2014   2 28  7  5 42 927431  -11.03674  -57.67416     3901  48.6  1  0  6 13 0 0 0 1 1 0 0 1 0 0 1 1 0 1
2014   2 28  7  5 43 102065  -12.05157  -73.21322     3717  53.8  1  0  7 21 0 0 1 1 1 0 0 1 0 0 1 1 0 1
2014   2 28  7  5 43 158465  -11.96884  -73.39699     3066   2.0  0  0  4  6 0 0 1 1 0 0 0 1 0 0 0 1 0 0
2014   2 28  7  5 43 324368  -29.69717  -42.03917     4583  33.5  1  0  5 10 0 0 1 1 1 0 0 1 0 0 1 0 0 0
2014   2 28  7  5 43 339927  -29.57430  -42.17182     3936  53.4  1  0  7 20 0 0 1 1 1 0 0 0 0 1 1 1 0 1
2014   2 28  7  5 43 376758  -29.66238  -42.07563     4083  38.9  0  0  6 15 0 0 1 1 1 0 0 1 0 0 1 0 0 1
2014   2 28  7  5 43 527866  -29.60036  -42.19346     3584  44.0  0  0  7 21 0 0 1 1 1 0 0 1 0 1 1 0 0 1
2014   2 28  7  5 43 563815  -12.84601  -71.84763     3724  56.5  1  0  7 21 0 0 1 1 1 0 0 1 0 0 1 1 0 1
2014   2 28  7  5 43 620871  -29.59833  -42.19767     3575  43.7  0  0  7 21 0 0 1 1 1 0 0 1 0 1 1 0 0 1
2014   2 28  7  5 43 687326  -29.62469  -42.09243     4932  41.0  1  0  5 10 0 0 1 1 1 0 0 0 0 0 1 0 0 1
2014   2 28  7  5 43 804396  -29.56017  -42.40023     5241  44.6  1  0  6 14 0 0 1 0 1 0 0 1 0 1 0 1 0 1
2014   2 28  7  5 45 293465  -20.83235  -47.22922     4647 113.1  2  0  7 17 0 0 0 1 1 0 0 1 0 1 1 0 1 1
2014   2 28  7  5 45 516075  -18.64981 -145.03391    28359  55.0  2  0  5 10 0 0 0 1 1 0 0 1 0 0 1 1 0 0
2014   2 28  7  5 45 818383  -21.11295  -46.67872     3072  12.1  0  0  4  6 0 0 1 0 0 0 0 1 0 0 1 0 0 1
2014   2 28  7  5 45 870381  -21.12659  -46.91772     3353  71.3  2  0  7 21 0 0 1 1 1 0 0 1 0 1 1 0 0 1
2014   2 28  7  5 46 389552  -22.06352  -45.64754     2939   8.3  0  0  4  6 0 0 1 0 0 0 0 1 0 0 1 0 0 1
2014   2 28  7  5 48 291442    7.40832  -75.44041    13880  62.4  2  0  5 10 0 0 0 1 1 0 0 1 0 0 0 1 0 1
2014   2 28  7  5 49  14479    7.19189  -74.79436    10034  90.3  2  0  6 15 0 0 0 1 1 0 0 1 0 0 1 1 0 1
2014   2 28  7  5 50 159983  -12.98790  -71.44804     8100  98.6  2  0  6 15 0 0 1 1 1 0 0 1 0 0 1 0 0 1
2014   2 28  7  5 50 416362    7.40331  -73.64630     6702  96.5  2  0  7 21 0 0 1 0 1 0 0 1 0 1 1 1 0 1
2014   2 28  7  5 50 425380    6.44418  -73.19595    17671  99.2  2  0  6 14 0 0 1 1 1 0 0 1 0 0 1 0 0 1
2014   2 28  7  5 50 698747  -29.28980  -42.71445     5163  33.4  1  0  5 10 0 0 0 1 1 0 0 1 0 0 1 0 0 1
2014   2 28  7  5 50 712832  -29.82960  -42.66916     3772  29.8  0  0  5 10 0 0 1 1 0 0 0 1 0 1 0 0 0 1
2014   2 28  7  5 51 362002    6.26059  -77.89880     7453 102.9  2  0  7 21 0 0 1 0 1 0 0 1 0 1 1 1 0 1
2014   2 28  7  5 52 285847    3.38715  -85.72884     3321  18.0  0  0  7 21 0 0 1 0 1 0 0 1 0 1 1 1 0 1
2014   2 28  7  5 53 201640   -4.30655  -71.43313     3238  13.1  0  0  5  8 0 0 1 1 0 0 0 1 0 0 1 1 0 0
2014   2 28  7  5 53 230332    6.05272  -77.16508     4035  19.2  0  0  6 13 0 0 1 0 1 0 0 1 0 0 1 1 0 1
2014   2 28  7  5 53 319332  -20.66794  -47.15637     2509   3.6  0  0  5 10 0 0 0 1 1 0 0 1 0 0 1 0 0 1
2014   2 28  7  5 53 381873    6.04426  -77.19722     3475  19.1  0  0  6 15 0 0 1 1 0 0 0 1 0 1 1 1 0 0
2014   2 28  7  5 53 419680    2.78456  -84.71855     4510  18.7  0  0  5 10 0 0 1 0 1 0 0 1 0 0 1 1 0 0
2014   2 28  7  5 53 529826   -4.40790  -71.43152     3508  12.4  0  0  5  8 0 0 1 1 0 0 0 1 0 0 1 1 0 0
2014   2 28  7  5 54 438092  -20.73846  -47.13024     2834   9.9  0  0  5 10 0 0 1 1 1 0 0 0 0 0 1 0 0 1
2014   2 28  7  5 54 948472  -10.86655  161.69603    48205  28.5  0  0  6 15 0 0 1 1 1 0 0 1 0 0 1 0 0 1
2014   2 28  7  5 54 995075   -9.55459  159.88562     8784  26.3  0  0  5  9 0 0 0 1 0 0 0 1 0 0 1 1 0 1
2014   2 28  7  5 55 684418  -35.65788   41.25730    12102  24.5  0  0  6 15 0 0 1 1 1 0 0 1 0 0 1 0 0 1
2014   2 28  7  5 56 491923   -7.14544    6.16919    15807  27.8  0  0  5  9 0 0 1 1 1 0 0 1 0 0 1 0 0 0
2014   2 28  7  5 56 951249   29.62368 -129.40340    14735   6.3  0  0  4  6 0 0 1 1 0 0 0 1 0 0 1 0 0 0
2014   2 28  7  5 57 243669  -12.33533  -73.26087     5546  45.0  1  0  6 14 0 0 0 1 1 0 0 1 0 0 1 1 0 1
2014   2 28  7  5 57 528427  -12.18284  -73.09139    24160  38.5  1  0  5  7 0 0 1 1 1 0 0 0 0 0 1 0 0 1
2014   2 28  7  5 57 618505    6.72943  -77.11774     6514  44.1  1  0  6 15 0 0 0 1 1 0 0 1 0 0 1 1 0 1
2014   2 28  7  5 58 315165  -12.49514  -72.77523     4499  50.8  1  0  7 21 0 0 1 1 1 0 0 1 0 1 1 0 0 1
2014   2 28  7  5 58 332757  -10.81745  -57.28321     4497  23.5  0  0  5  9 0 0 0 1 1 0 0 0 0 1 0 1 0 1
2014   2 28  7  5 58 362967  -14.45973  -43.73972     3085  38.1  0  0  6 14 0 0 1 1 1 0 0 1 0 0 1 0 0 1
2014   2 28  7  5 59  13479  -32.13551   18.23359    23520  46.9  1  0  5 10 0 0 1 1 1 0 0 1 0 0 1 0 0 0
2014   2 28  7  5 59  82716  -21.16828  -47.01939     4166  41.9  1  0  5 10 0 0 1 1 1 0 0 1 0 0 1 0 0 0
2014   2 28  7  5 59 346683    2.49219  -68.95655     4768  59.9  1  0  7 21 0 0 0 1 1 0 0 1 0 1 1 1 0 1
2014   2 28  7  5 59 683217    2.52261  -68.75503    10984  66.5  2  0  5  9 0 0 0 1 1 0 0 0 0 0 1 1 0 1
2014   2 28  7  5 59 753660    7.18822  -75.25584     5179  69.7  1  0  7 21 0 0 1 1 0 0 0 1 0 1 1 1 0 1
2014   2 28  7  5 59 969972    7.20106  -75.22773     4797  61.4  1  0  7 21 0 0 1 1 1 0 0 1 0 0 1 1 0 1
2014   2 28  7  6  0  34877  -21.21248  -46.81242     3458  46.4  1  0  6 14 0 0 1 1 1 0 0 1 0 0 1 0 0 1
2014   2 28  7  6  0  92079  -21.38598  -46.68858     3140  13.9  0  0  5  9 0 0 1 1 1 0 0 0 0 0 1 0 0 1
2014   2 28  7  6  0 460682    7.02310  -73.97872     5232  74.5  2  0  7 20 0 0 1 1 1 0 0 1 0 1 1 1 0 0
2014   2 28  7  6  0 526475    7.02053  -74.33369     8113  71.6  2  0  6 15 0 0 0 1 1 0 0 1 0 1 1 1 0 0
2014   2 28  7  6  0 570880    6.93609  -73.69450     7196  57.9  1  0  6 12 0 0 1 0 1 0 0 1 0 0 1 1 0 1
2014   2 28  7  6  0 636708    6.98563  -74.17684     8411  67.4  2  0  6 14 0 0 0 1 1 0 0 1 0 0 1 1 0 1
2014   2 28  7  6  0 686581  -21.22573  -46.82223     3553  49.7  1  0  6 14 0 0 1 1 1 0 0 1 0 0 1 0 0 1
2014   2 28  7  6  0 841095  -21.23551  -46.81805     3520  51.9  1  0  6 15 0 0 1 1 1 0 0 1 0 0 1 0 0 1
2014   2 28  7  6  1 298111    7.38475  -74.27467     4684  23.7  0  0  5  8 0 0 1 1 0 0 0 1 0 0 1 1 0 0
2014   2 28  7  6  2  92093  -24.45943  -45.41645     4356  62.7  2  0  6 15 0 0 1 0 1 0 0 1 0 1 1 0 0 1
2014   2 28  7  6  2 734653  -11.92309  -73.27796     4717  88.2  2  0  7 21 0 0 1 1 1 0 0 1 0 0 1 1 0 1
2014   2 28  7  6  2 937743  -11.85369  -73.41315     5341  81.2  2  0  6 15 0 0 1 1 1 0 0 1 0 0 1 1 0 0
2014   2 28  7  6  2 981769  -12.42979  -74.48615     8487  59.0  1  0  6 15 0 0 0 1 1 0 0 1 0 1 0 1 0 1
2014   2 28  7  6  3 377018  -12.95003  -71.81790     5357  85.1  2  0  6 15 0 0 1 1 1 0 0 1 0 0 1 1 0 0
2014   2 28  7  6  4 263583  -33.47661  -40.39823     4764  28.1  0  0  5 10 0 0 1 1 1 0 0 1 0 0 0 0 0 1
2014   2 28  7  6  4 270230  -33.73710  -39.61068     9127  79.8  2  0  5 10 0 0 1 1 1 0 0 1 0 0 1 0 0 0
2014   2 28  7  6  4 357346  -33.58654  -40.35298     4710  27.2  0  0  5 10 0 0 1 1 1 0 0 1 0 0 0 0 0 1
2014   2 28  7  6  5 605331    7.31715  -74.40121     7635 122.0  2  0  7 20 0 0 1 1 1 0 0 1 0 1 1 1 0 0
2014   2 28  7  6  5 659559   -4.39086  -64.13094     5423  79.7  2  0  7 16 0 0 1 0 1 0 0 1 0 1 1 1 0 1
2014   2 28  7  6  6 246893  -29.90239  -42.17422     6899  90.4  2  0  6 15 0 0 1 1 1 0 0 1 0 0 1 0 0 1
2014   2 28  7  6  6 914992    7.15687  -72.36062     6519 113.7  2  0  7 21 0 0 1 1 1 0 0 1 0 0 1 1 0 1
2014   2 28  7  6  7 126771  -11.78264  -73.27806     5842 124.5  2  0  7 21 0 0 1 1 1 0 0 1 0 0 1 1 0 1
2014   2 28  7  6  7 217556  -24.61355  -45.67654     4209  93.4  2  0  7 21 0 0 1 1 1 0 0 1 0 1 1 0 0 1
2014   2 28  7  6  7 450336  -18.66249 -144.92616    14901  38.9  1  0  5 10 0 0 1 1 0 0 0 1 0 0 1 1 0 0
2014   2 28  7  6  8 475906   -1.09100  -71.80546     2972  15.6  0  0  6 15 0 0 1 0 1 0 0 1 0 1 0 1 0 1
2014   2 28  7  6  8 525438   -1.04152  -71.77676     4747   6.3  0  0  6 15 0 0 1 1 1 0 0 0 0 1 1 0 0 1
2014   2 28  7  6  8 721447  -19.71378 -140.49321    12699   8.7  0  0  5 10 0 0 1 1 1 0 0 1 0 0 1 0 0 0
2014   2 28  7  6  9  28067  -19.72710 -140.55858     9478   8.5  0  0  6 15 0 0 1 1 1 0 0 1 0 0 1 0 0 1
2014   2 28  7  6  9 880314    7.04102  -74.04713     5791  17.3  0  0  5  8 0 0 0 1 1 0 0 0 0 0 1 1 0 1
2014   2 28  7  6 10 138590  -20.55506  -47.32944     2796  13.7  0  0  5 10 0 0 1 0 1 0 0 1 0 0 1 0 0 1
2014   2 28  7  6 10 252810  -20.56570  -47.34225     2506  13.9  0  0  6 15 0 0 1 1 1 0 0 1 0 0 1 0 0 1
2014   2 28  7  6 11 517373  -29.87388  -41.93254     4927  24.5  0  0  5 10 0 0 0 1 1 0 0 1 0 0 1 0 0 1
2014   2 28  7  6 11 592653  -21.11338  -46.78601     2948  20.3  0  0  5 10 0 0 1 1 1 0 0 1 0 0 0 0 0 1
2014   2 28  7  6 11 811126  -21.11148  -46.76227     2696  23.3  0  0  6 15 0 0 1 1 1 0 0 1 0 0 1 0 0 1
2014   2 28  7  6 11 920089  -20.83898  -47.30156     3890  35.4  1  0  5  8 0 0 1 1 1 0 0 0 0 0 0 1 0 1
2014   2 28  7  6 13 402614    0.41290  -65.77986     3940  45.3  0  0  7 20 0 0 1 0 1 0 0 1 0 1 1 1 0 1
2014   2 28  7  6 13 446574  -30.19624  -42.01189     4140  31.5  0  0  6 12 0 0 1 1 1 0 0 1 0 0 0 1 0 1
2014   2 28  7  6 13 982365  -16.34058  -51.61365     4637  40.4  1  0  5  8 0 0 0 1 1 0 0 1 0 0 1 0 0 1
2014   2 28  7  6 14 540722  -20.69267  -46.50112     2948  51.0  1  0  7 21 0 0 1 1 1 0 0 1 0 1 1 0 0 1
2014   2 28  7  6 14 665200  -24.95153  -44.86704     4100  39.3  1  0  5 10 0 0 1 1 1 0 0 1 0 0 1 0 0 0
2014   2 28  7  6 15 576077    2.23800  -20.40562     4321  53.4  1  0  7 19 0 0 1 1 0 0 0 1 1 1 1 0 0 1
2014   2 28  7  6 15 610988    3.34985  -18.12477    22077   7.3  0  0  4  6 0 0 1 1 0 0 0 1 0 0 1 0 0 0
2014   2 28  7  6 16 361833  -29.95425  -42.21875     3781  26.8  0  0  5 10 0 0 1 1 1 0 0 1 0 1 0 0 0 0
2014   2 28  7  6 16 381171  -29.95123  -42.00659     6367  60.7  2  0  5 10 0 0 1 1 1 0 0 0 0 0 1 0 0 1
2014   2 28  7  6 16 461112  -29.57967  -42.17332     6286  61.0  2  0  5 10 0 0 1 1 1 0 0 0 0 0 1 0 0 1
2014   2 28  7  6 16 480072  -29.58101  -42.21352     3853  52.3  1  0  7 21 0 0 1 1 1 0 0 1 0 1 1 0 0 1
2014   2 28  7  6 16 488995  -29.59643  -42.17842     5074  57.2  1  0  6 15 0 0 1 1 1 0 0 1 0 0 1 0 0 1
2014   2 28  7  6 16 502168  -29.11371  -42.59080     3905  39.7  0  0  7 21 0 0 0 1 1 0 0 1 0 1 1 1 0 1
2014   2 28  7  6 16 515134  -29.61560  -42.16272     6393  60.4  2  0  5 10 0 0 1 1 1 0 0 1 0 0 1 0 0 0
2014   2 28  7  6 16 548610  -29.57592  -42.22400     3899  53.7  1  0  7 21 0 0 1 1 1 0 0 1 0 1 1 0 0 1
2014   2 28  7  6 16 593442  -29.57831  -42.16906     6259  60.4  2  0  5 10 0 0 1 1 1 0 0 0 0 0 1 0 0 1
2014   2 28  7  6 16 753268  -29.96195  -42.02089     5254  59.5  1  0  6 15 0 0 1 1 1 0 0 1 0 0 1 0 0 1
2014   2 28  7  6 16 871615  -29.49863  -42.42537     4070  28.5  0  0  6 15 0 0 0 1 1 0 0 1 0 1 1 0 0 1
2014   2 28  7  6 16 934126  -29.56595  -42.24337     3987  56.3  1  0  7 21 0 0 1 1 1 0 0 1 0 1 1 0 0 1
2014   2 28  7  6 17  59934  -30.01419  -41.75685     8352  60.1  2  0  5 10 0 0 1 0 1 0 0 1 0 0 1 0 0 1
2014   2 28  7  6 17  97285  -29.56326  -42.25127     4002  56.6  1  0  7 21 0 0 1 1 1 0 0 1 0 1 1 0 0 1
2014   2 28  7  6 17 114100  -30.04315  -41.88133     6143  51.4  2  0  5 10 0 0 1 1 0 0 0 1 0 0 1 0 0 1
2014   2 28  7  6 17 535825    5.77127  -72.15840     5023  80.2  2  0  7 21 0 0 1 1 1 0 0 1 0 0 1 1 0 1
2014   2 28  7  6 18 756343  -12.46904  156.37207    14869  62.8  2  0  6 14 0 0 1 1 0 0 0 1 0 0 1 1 0 1
2014   2 28  7  6 18 810731  -12.51325  156.21141    15076  79.3  2  0  7 19 0 0 1 0 1 0 0 1 0 1 1 1 0 1
2014   2 28  7  6 18 882968  -13.05892  157.91428    44222  16.4  0  0  4  6 0 0 1 1 0 0 0 0 0 0 1 1 0 0
2014   2 28  7  6 18 939192  -14.70516  159.03511   111742  18.7  0  0  4  6 0 0 1 1 0 0 0 1 0 0 1 0 0 0
2014   2 28  7  6 20 926026    1.82137  153.34778    30531  21.3  1  0  4  6 0 0 1 1 0 0 0 1 0 0 1 0 0 0
2014   2 28  7  6 21 311397  -21.22935  -47.13219     3963 108.5  2  0  7 21 0 0 1 1 1 0 0 1 0 1 1 0 0 1
2014   2 28  7  6 22  71579  -21.24358  -46.73299     4607  94.4  2  0  6 15 0 0 1 1 1 0 0 1 0 0 1 0 0 1
2014   2 28  7  6 22 772669  -22.62776  -45.46900     2993  13.0  0  0  4  6 0 0 1 0 0 0 0 1 0 0 1 0 0 1
2014   2 28  7  6 23 154788  -13.05405  -71.44650     4936 100.6  2  0  7 21 0 0 1 1 0 0 0 1 0 0 1 1 1 1
2014   2 28  7  6 24 195247  -20.95836  -46.52381     2381  15.0  0  0  7 21 0 0 1 1 1 0 0 1 0 1 1 0 0 1
2014   2 28  7  6 24 657678   -3.06103    6.41468    20268   2.2  0  0  5 10 0 0 1 1 1 0 0 0 0 0 1 0 0 1
2014   2 28  7  6 25 141808  -20.53985  -46.40423     2651  19.7  0  0  6 15 0 0 0 1 1 0 0 1 0 0 1 1 0 1
2014   2 28  7  6 25 398903  -11.09036  -57.45803     3327   3.3  0  0  5  7 0 0 1 0 1 0 0 1 0 0 1 0 0 1
2014   2 28  7  6 25 441051  -11.04159  -57.56747     2489  13.7  0  0  7 21 0 0 0 1 1 0 0 1 0 1 1 1 0 1
2014   2 28  7  6 26 550251  -14.46293  -43.84297     2616  27.6  0  0  7 20 0 0 1 1 1 0 0 1 0 0 1 1 0 1
2014   2 28  7  6 27    504  -20.27517   63.02246    16309  13.7  0  0  5 10 0 0 1 1 1 0 0 0 0 0 1 0 0 1
2014   2 28  7  6 27  66725   19.57852 -117.58380    16597  32.2  0  0  6 15 0 0 0 1 1 0 0 1 0 1 1 1 0 0
2014   2 28  7  6 27 192523  -33.61263   16.95097    13967  14.4  0  0  5  7 0 0 1 1 1 0 0 1 0 0 0 0 0 1
2014   2 28  7  6 27 228724  -33.60572   17.21939    20571  16.9  0  0  4  6 0 0 1 1 0 0 0 0 0 0 1 0 0 1
2014   2 28  7  6 27 997387  -20.72065  -47.15842     2945  19.7  0  0  5 10 0 0 1 1 0 0 0 1 0 0 1 0 0 1
2014   2 28  7  6 28  32392   -4.86378  172.91783    10587  34.3  0  0  6 15 0 0 1 0 1 0 0 1 0 0 1 1 0 1
2014   2 28  7  6 28 368370   -4.96927  -71.29421     3995  30.2  0  0  7 21 0 0 1 1 1 0 0 1 0 1 1 0 0 1
2014   2 28  7  6 28 391527   -4.63924  -71.44016     3044   9.2  0  0  5 10 0 0 1 0 1 0 0 0 0 0 1 1 0 1
2014   2 28  7  6 28 493852   -4.71027  -71.66230     3587  45.2  0  0  7 21 0 0 1 1 1 0 0 1 0 1 0 1 0 1
2014   2 28  7  6 28 627255  -20.75843  -47.17245     3143  25.2  0  0  5 10 0 0 0 1 1 0 0 1 0 0 1 0 0 1
2014   2 28  7  6 28 693350   -4.68640  -71.59071     4229  46.0  1  0  6 15 0 0 1 1 1 0 0 0 0 1 0 1 0 1
2014   2 28  7  6 29 151450   -6.85950  -74.09007     4080  47.4  1  0  6 15 0 0 1 1 1 0 0 1 0 0 0 1 0 1
2014   2 28  7  6 29 195227   -7.16676  -73.71165     4397  38.8  0  0  7 21 0 0 1 1 1 0 0 1 0 1 1 0 0 1
2014   2 28  7  6 29 199762    6.76240  -77.02281     7147  41.7  1  0  5  8 0 0 1 1 1 0 0 0 0 0 1 1 0 0
2014   2 28  7  6 29 757567    7.10090  -75.83656     6887  23.3  0  0  5 10 0 0 0 1 1 0 0 1 0 0 0 1 0 1
2014   2 28  7  6 29 932160  -30.12611  -41.72339     3729   7.7  0  0  4  6 0 0 1 1 0 0 0 1 0 0 1 0 0 0
2014   2 28  7  6 29 987271    7.20830  -74.02561     4264  47.2  0  0  7 20 0 0 1 1 1 0 0 1 0 0 1 1 0 1
2014   2 28  7  6 30  11713  -29.21395  -42.55533     5605  19.4  0  0  5 10 0 0 0 0 1 0 0 1 0 1 1 0 0 1
2014   2 28  7  6 30  34851  -29.70524  -41.69230     5949  43.2  1  0  5  8 0 0 1 1 1 0 0 1 0 0 1 0 0 0
2014   2 28  7  6 30 116182  -29.64852  -42.03215     4333  30.7  1  0  5 10 0 0 1 1 1 0 0 1 0 0 1 0 0 0
2014   2 28  7  6 30 282888  -29.72033  -41.87467     5887  58.4  1  0  7 18 0 0 1 0 1 0 0 1 0 1 1 1 0 1
2014   2 28  7  6 30 310946  -31.31015   19.71674    26953  59.8  2  0  5 10 0 0 1 1 0 0 0 1 0 0 1 0 0 1
2014   2 28  7  6 30 729867  -19.11635 -141.51653    11078  49.0  0  0  7 21 0 0 1 0 1 0 0 1 0 1 1 1 0 1
2014   2 28  7  6 30 781052  -18.99784 -141.94038    21521  57.4  2  0  5 10 0 0 1 1 1 0 0 0 0 0 0 1 0 1
2014   2 28  7  6 31 292991  -18.89441 -142.76158    18117  55.2  2  0  5 10 0 0 1 1 1 0 0 1 0 0 0 1 0 0
2014   2 28  7  6 31 495028  -18.76316 -146.48393    46097 111.8  2  0  7 18 0 0 0 0 1 0 0 1 0 1 1 1 1 1
2014   2 28  7  6 31 537604  -18.88133 -141.91896    64938  73.2  2  0  5 10 0 0 0 1 0 0 0 0 0 1 1 1 0 1
2014   2 28  7  6 31 771851  -25.35955  -44.87870     3699  18.3  0  0  4  6 0 0 1 1 1 0 0 1 0 0 0 0 0 0
2014   2 28  7  6 33 210329  -22.68667  -45.78150     4560  66.0  2  0  5 10 0 0 0 1 1 0 0 1 0 0 1 0 0 1
2014   2 28  7  6 33 226587  -22.67725  -45.80028     4509  64.8  2  0  5 10 0 0 1 1 1 0 0 1 0 0 0 0 0 1
2014   2 28  7  6 33 307052    6.00986  152.53864    19065  72.1  2  0  6 15 0 0 1 1 1 0 0 0 0 0 1 1 0 1
2014   2 28  7  6 34  37932   29.78897 -128.68370    19465  37.9  1  0  5  7 0 0 1 0 1 0 0 0 0 0 1 1 0 1
2014   2 28  7  6 34 787625    6.17213  -86.03886     8182  74.7  2  0  6 15 0 0 1 1 0 0 0 1 0 0 1 1 0 1
2014   2 28  7  6 34 841954    7.24072  -74.13434     7544  95.1  2  0  6 14 0 0 1 1 0 0 0 1 0 1 1 1 0 0
2014   2 28  7  6 35 471520  -33.21588  -40.66807     6869  55.0  1  0  6 15 0 0 1 0 1 0 0 0 0 1 1 1 0 1
2014   2 28  7  6 35 513131  -33.10460  -41.55578     5341  77.7  2  0  7 21 0 0 1 1 1 0 0 1 0 1 1 0 0 1
2014   2 28  7  6 37 310675  -20.76260  -47.46336     4528  76.3  2  0  6 11 0 0 1 1 1 0 0 1 0 1 0 0 0 1
2014   2 28  7  6 37 821178  -17.10185  -51.34385     6767  39.0  1  0  5  8 0 0 1 1 1 0 0 0 0 0 1 0 0 1
2014   2 28  7  6 39 482423  -24.47064  -45.87722     3495  48.0  1  0  6 15 0 0 1 1 1 0 0 1 0 1 1 0 0 0
2014   2 28  7  6 39 537870  -29.85997  -42.29132     6994  92.5  2  0  6 15 0 0 1 1 1 0 0 1 0 0 1 0 0 1
2014   2 28  7  6 41 525519  -15.98816  -51.43143     2765  13.0  0  0  5 10 0 0 1 0 1 0 0 1 0 1 0 0 0 1
2014   2 28  7  6 41 775096  -15.98461  -51.36802     2411   5.0  0  0  6 15 0 0 1 1 1 0 0 1 0 0 1 0 0 1
2014   2 28  7  6 43 728743  -21.09438  -46.82462     2844  38.7  0  0  7 20 0 0 1 0 1 0 0 1 0 1 1 1 0 1
2014   2 28  7  6 44  19608  -21.09070  -46.82333     3393  40.0  0  0  6 12 0 0 1 0 0 0 0 1 0 1 1 1 0 1
2014   2 28  7  6 44 625640  -25.56867 -134.69473    18951  72.0  2  0  6 15 0 0 1 0 0 0 0 1 0 1 1 1 0 1
2014   2 28  7  6 44 642154  -25.11982 -135.16595     7796  31.7  0  0  7 21 0 0 1 1 1 0 0 1 0 0 1 1 0 1
2014   2 28  7  6 44 675557  -25.10159 -136.17216    17219  28.0  0  0  5  7 0 0 0 1 1 0 0 1 0 0 1 1 0 0
2014   2 28  7  6 44 693509  -25.11423 -136.20830    16159  26.2  0  0  5 10 0 0 0 1 1 0 0 1 0 0 1 1 0 0
2014   2 28  7  6 44 874997  -25.10629 -136.31932    17054  28.2  0  0  5 10 0 0 0 1 1 0 0 1 0 0 1 1 0 0
2014   2 28  7  6 44 964111  -25.75166 -133.17824    19888  24.8  0  0  5 10 0 0 1 0 1 0 0 1 0 0 1 0 0 1
2014   2 28  7  6 45  36314  -10.48880  -57.72064     3408  42.6  1  0  6 15 0 0 1 1 0 0 0 0 0 1 1 1 0 1
2014   2 28  7  6 45 225619  -10.52847  -57.83292     3492  41.8  1  0  6 14 0 0 0 1 0 0 0 1 0 1 1 1 0 1
2014   2 28  7  6 45 332897  -10.59737  -57.93264     5623  16.6  0  0  5  7 0 0 0 1 1 0 0 1 0 1 0 0 0 1
2014   2 28  7  6 46 552912  -21.18346  -49.43148     3162  63.5  1  0  7 20 0 0 1 1 1 0 0 1 0 1 1 0 0 1
2014   2 28  7  6 46 562599  -21.20152  -49.35463     4528  51.7  1  0  6 11 0 0 1 1 1 0 0 1 0 0 1 0 0 1
2014   2 28  7  6 47 111025  -20.74691  -47.23919     3739  60.4  2  0  6 14 0 0 0 1 1 0 0 1 0 1 1 0 0 1
2014   2 28  7  6 47 395841    6.77179  -78.11742     5003  45.4  1  0  6 15 0 0 1 1 0 0 0 1 0 0 1 1 0 1
2014   2 28  7  6 47 624263    7.28462  -73.92342     4864  64.9  1  0  7 21 0 0 1 1 1 0 0 1 0 1 1 1 0 0
2014   2 28  7  6 47 702771    6.60385  -73.23320     9674  34.2  1  0  5 10 0 0 1 0 1 0 0 1 0 0 1 0 0 1
2014   2 28  7  6 47 853120  -20.88627  -47.10622     3350  46.1  1  0  6 15 0 0 1 1 1 0 0 1 0 0 1 0 0 1
2014   2 28  7  6 47 868612  -20.88237  -47.26180     3244  50.5  1  0  6 15 0 0 1 1 1 0 0 1 0 1 0 0 0 1
2014   2 28  7  6 47 898151  -20.87894  -47.28005     3278  52.2  1  0  6 15 0 0 1 1 1 0 0 1 0 1 0 0 0 1
2014   2 28  7  6 47 950420  -29.65819  -42.07700     4476  45.6  1  0  6 15 0 0 1 1 1 0 0 1 0 0 1 0 0 1
2014   2 28  7  6 47 995995  -29.55893  -42.17759     4264  59.9  1  0  7 19 0 0 1 1 1 0 0 0 0 1 1 1 0 1
2014   2 28  7  6 48 129081  -29.62722  -42.16178     4236  49.0  1  0  6 15 0 0 1 1 1 0 0 1 0 1 1 0 0 0
2014   2 28  7  6 48 153158  -29.69483  -41.83434     6514  42.4  1  0  5 10 0 0 1 0 1 0 0 1 0 0 1 0 0 1
2014   2 28  7  6 48 197833  -29.60126  -42.16100     4327  50.7  1  0  6 15 0 0 1 1 1 0 0 0 0 1 1 0 0 1
2014   2 28  7  6 48 236806  -29.63661  -42.06257     7060  54.0  2  0  5 10 0 0 1 0 1 0 0 1 0 1 1 0 0 0
2014   2 28  7  6 48 440175  -29.63144  -42.10178     5764  53.2  2  0  5 10 0 0 1 1 1 0 0 0 0 0 1 0 0 1
2014   2 28  7  6 48 512626  -29.67029  -42.07341     5530  47.3  1  0  5 10 0 0 1 1 1 0 0 1 0 0 1 0 0 0
2014   2 28  7  6 48 581046  -13.91780  -43.76375     6423  66.6  2  0  6 14 0 0 1 0 1 0 0 1 0 1 1 1 0 0
2014   2 28  7  6 48 609594  -29.60530  -42.35975     3624  20.4  0  0  5 10 0 0 1 1 1 0 0 1 0 0 0 0 0 1
2014   2 28  7  6 48 692732  -29.78881  -41.89081     5376  27.1  1  0  4  6 0 0 1 1 0 0 0 1 0 0 1 0 0 0
2014   2 28  7  6 48 737003  -29.66677  -41.87220     7236  39.4  1  0  5  7 0 0 1 1 1 0 0 0 0 0 1 0 0 1
2014   2 28  7  6 49 681003  -11.63636  -56.49736     6383  53.0  1  0  6 15 0 0 1 1 1 0 0 0 0 1 1 0 0 1
2014   2 28  7  6 49 704537  -10.73913  -57.26445     4004  74.9  2  0  7 21 0 0 0 1 1 0 0 1 0 1 1 1 0 1
2014   2 28  7  6 49 760656  -10.90936  -56.62601     6756  61.3  2  0  5  9 0 0 1 0 1 0 0 1 0 1 1 0 0 0
2014   2 28  7  6 49 931906  -11.66002  -56.50150     6484  54.3  1  0  6 15 0 0 1 1 1 0 0 0 0 1 1 0 0 1
2014   2 28  7  6 51 114456  -22.61252  -45.48028     2951  11.9  0  0  4  6 0 0 1 0 0 0 0 1 0 0 1 0 0 1
2014   2 28  7  6 51 422252  -12.70707  -72.01101     5399  85.7  2  0  6 15 0 0 1 1 1 0 0 1 0 0 1 1 0 0
2014   2 28  7  6 51 889795  -12.57546  -72.20888     3181   7.8  0  0  4  6 0 0 1 1 0 0 0 1 0 0 0 1 0 0
2014   2 28  7  6 51 948000  -11.08588  -72.58764    17207  37.8  1  0  5 10 0 0 1 0 1 0 0 0 0 1 1 0 0 1
2014   2 28  7  6 52 343646  -12.88046  -72.32978     8194 113.5  2  0  7 21 0 0 0 1 1 0 0 0 0 1 1 1 1 1
2014   2 28  7  6 53 419534   -4.51042  -71.83275     5016  45.3  1  0  5 10 0 0 1 0 1 0 0 0 0 0 1 1 0 1
2014   2 28  7  6 53 619406   -9.90829  160.53343    16479  88.9  2  0  7 20 0 0 1 0 1 0 0 1 0 1 1 1 0 1
2014   2 28  7  6 54 990530  -14.51296  -44.11505     3680  72.2  2  0  6 15 0 0 1 1 1 0 0 1 0 1 0 0 0 1
2014   2 28  7  6 55 384555  -14.52022 -145.00235    43270 112.0  2  0  6 15 0 0 0 1 1 0 0 1 0 0 1 1 0 1
2014   2 28  7  6 55 807900  -28.80709  -42.95221     4789  30.8  1  0  5 10 0 0 0 1 1 0 0 1 0 0 1 0 0 1
2014   2 28  7  6 56 272024  -16.42553  -51.79546     2476  12.6  0  0  6 15 0 0 0 1 1 0 0 1 0 1 1 0 0 1
2014   2 28  7  6 56 532647  -16.41946  -51.75403     2476  10.3  0  0  6 15 0 0 1 1 1 0 0 1 0 0 1 0 0 1
2014   2 28  7  6 56 584075  -16.41563  -51.76900     2421  16.0  0  0  7 21 0 0 1 1 1 0 0 1 0 1 1 0 0 1
2014   2 28  7  6 56 591399  -16.41023  -51.73754     2478  10.3  0  0  6 15 0 0 1 1 1 0 0 1 0 0 1 0 0 1
2014   2 28  7  6 56 920154  -32.36657   20.99685    13869  38.1  0  0  6 15 0 0 1 1 1 0 0 1 0 0 1 0 0 1
2014   2 28  7  6 58 660347  -14.49624  -43.58185     3040  18.5  0  0  7 16 0 0 1 1 1 0 0 1 0 0 1 1 0 1
2014   2 28  7  6 58 918400   20.84526  -28.93006    37614  43.7  1  0  5 10 0 0 1 0 1 0 0 0 0 0 1 1 0 1
2014   2 28  7  6 59 147780  -21.12544  -46.86356     2840  29.2  0  0  6 14 0 0 1 1 0 0 0 1 0 1 1 0 0 1
2014   2 28  7  6 59 490217  -11.00025  -57.57047     2830  33.1  0  0  7 20 0 0 1 1 1 0 0 1 0 0 1 1 0 1
2014   2 28  7  6 59 972852  -13.18885  -71.14386     3334  31.2  0  0  6 15 0 0 1 0 1 0 0 1 0 0 1 1 0 1
2014   2 28  7  7  0   6034    4.25611  -73.26111     4966  47.8  0  0  7 17 0 0 1 1 1 0 0 0 0 1 1 1 0 1
2014   2 28  7  7  0 284536  -22.55721  -45.86682     3451  45.8  1  0  6 15 0 0 1 1 1 0 0 0 0 1 1 0 0 1
2014   2 28  7  7  0 537157    8.31724  -77.06670    17872  11.3  0  0  5 10 0 0 0 1 1 0 0 1 0 1 0 0 0 1
2014   2 28  7  7  0 657228    6.62903  -74.31129    13024  31.4  1  0  5  8 0 0 1 1 0 0 0 1 0 0 1 0 0 1
2014   2 28  7  7  0 735804  -13.30282  -71.07427     5814  39.3  1  0  5 10 0 0 1 1 1 0 0 1 0 0 1 0 0 0
2014   2 28  7  7  0 779293   29.37360 -126.08769    34579  40.1  1  0  5 10 0 0 1 1 0 0 0 0 0 1 1 0 0 1
2014   2 28  7  7  2 343844  -21.30458  -46.25774     3784  42.8  1  0  5 10 0 0 0 1 1 0 0 1 0 0 1 0 0 1
2014   2 28  7  7  2 585875  -30.02256  -41.94875     4110  36.3  0  0  6 15 0 0 1 1 1 0 0 1 0 0 1 0 0 1
2014   2 28  7  7  2 598527  -30.13414  -41.77976     4999  23.2  1  0  4  6 0 0 1 1 0 0 0 1 0 0 1 0 0 0
2014   2 28  7  7  2 612377  -29.97205  -42.18518     3233   2.8  0  0  4  6 0 0 1 1 0 0 0 0 0 1 0 0 0 1
2014   2 28  7  7  2 636975  -29.98244  -42.18446     2685   9.2  0  0  6 15 0 0 1 1 1 0 0 1 0 1 0 0 0 1
2014   2 28  7  7  2 779283  -29.56441  -42.37939     3929  36.7  0  0  7 21 0 0 0 1 1 0 0 1 0 1 1 1 0 1
2014   2 28  7  7  2 866454  -30.01832  -41.96476     4247  38.8  0  0  6 15 0 0 1 1 1 0 0 1 0 0 1 0 0 1
2014   2 28  7  7  2 941389  -29.93800  -42.08962     4018  58.7  1  0  7 21 0 0 1 1 1 0 0 1 0 1 1 1 0 0
2014   2 28  7  7  3   1370  -29.98439  -42.18583     3236  10.6  0  0  5 10 0 0 1 1 1 0 0 1 0 0 0 0 0 1
2014   2 28  7  7  3 101768  -29.97102  -42.21631     2703   9.8  0  0  6 15 0 0 1 1 1 0 0 1 0 1 0 0 0 1
2014   2 28  7  7  3 110052  -30.00963  -41.97645     4314  40.2  1  0  6 15 0 0 1 1 1 0 0 1 0 0 1 0 0 1
2014   2 28  7  7  3 869260   30.10238 -130.36470    23620  77.0  2  0  6 15 0 0 1 1 1 0 0 1 0 0 1 1 0 0
2014   2 28  7  7  4 687603  -12.02678  -73.01154     4155  60.8  1  0  7 20 0 0 1 0 1 0 0 1 0 1 1 1 0 1
2014   2 28  7  7  5 812055  -14.44806  -43.17715     5367   8.4  0  0  4  6 0 0 1 0 0 0 0 1 0 0 1 0 0 1
2014   2 28  7  7  6 523442   -7.21588    8.22571    26024  77.3  2  0  6 15 0 0 1 1 1 0 0 1 0 0 1 0 0 1
2014   2 28  7  7  6 709738    2.15056  -84.01527    16725  99.1  2  0  6 15 0 0 1 1 0 0 0 1 0 1 1 0 0 1
2014   2 28  7  7  7 635137  -23.98850  -45.68002     3753  72.8  2  0  7 21 0 0 1 1 1 0 0 0 0 1 1 1 0 1
2014   2 28  7  7  7 779961  -19.63275 -139.98364    13846  50.7  1  0  6 15 0 0 1 0 1 0 0 0 0 1 1 1 0 1
2014   2 28  7  7  7 895304  -19.46924 -142.21169    20225 112.7  2  0  7 21 0 0 1 1 1 0 0 1 0 1 0 1 0 1
2014   2 28  7  7  7 898555  -29.92777  -42.18572     6879  75.3  2  0  6 11 0 0 1 1 1 0 0 0 0 0 1 0 1 1
2014   2 28  7  7  8  46373  -19.26996 -143.07619    17590  90.8  2  0  7 21 0 0 1 1 1 0 0 1 0 0 1 1 0 1
2014   2 28  7  7  9 331052    7.41252  -74.33582     6845 104.9  2  0  7 20 0 0 1 1 1 0 0 1 0 0 1 1 0 1
2014   2 28  7  7 11 151388  -11.91131  -73.69411    10121 140.6  2  0  7 20 0 0 0 1 1 0 0 1 0 1 1 1 0 1
2014   2 28  7  7 11 273500  -14.56477  -44.03729     5858  97.8  2  0  6 11 0 0 1 1 1 0 0 1 0 0 1 0 0 1
2014   2 28  7  7 12 418204  -19.13913 -142.36107    12121   1.5  0  0  4  6 0 0 0 1 0 0 0 1 0 0 1 1 0 0
2014   2 28  7  7 12 430401  -19.56664 -140.77269     9175   6.8  0  0  6 15 0 0 1 1 1 0 0 1 0 0 1 0 0 1
2014   2 28  7  7 12 470876  -19.20887 -143.19250     6384  11.7  0  0  6 15 0 0 1 0 1 0 0 0 0 1 1 1 0 1
2014   2 28  7  7 12 489538  -19.26798 -141.55145     5573  13.4  0  0  7 21 0 0 1 1 1 0 0 1 0 0 1 1 0 1
2014   2 28  7  7 12 768087  -29.92133  -41.80009     2851   2.1  0  0  5 10 0 0 1 1 1 0 0 0 0 0 1 0 0 1
2014   2 28  7  7 12 811888  -29.94975  -41.79220     2711   7.4  0  0  6 15 0 0 1 1 1 0 0 1 0 0 1 0 0 1
2014   2 28  7  7 13 540985    6.70494  -73.43517     4154  12.8  0  0  7 21 0 0 1 1 1 0 0 1 0 1 1 0 0 1
2014   2 28  7  7 13 729159    7.10121  -73.93842     4352  14.5  0  0  5  9 0 0 0 1 1 0 0 1 0 0 1 1 0 0
2014   2 28  7  7 14 883266  -21.49623  -50.88277     3143   7.5  0  0  4  6 0 0 1 0 0 0 0 1 0 1 1 0 0 0
2014   2 28  7  7 16 227654  -15.98806  -51.38309     2803  26.4  0  0  7 20 0 0 1 1 1 0 0 1 0 0 1 0 1 1
2014   2 28  7  7 16 421370  -25.26810  -44.78493     3579   7.4  0  0  4  6 0 0 1 1 0 0 0 1 0 0 1 0 0 0
2014   2 28  7  7 16 433135  -25.18017  -44.85780     3330  21.2  0  0  5  9 0 0 1 1 1 0 0 0 0 0 1 0 0 1
2014   2 28  7  7 16 533733  -16.05277  -51.39516     3628  34.1  0  0  6 13 0 0 1 1 1 0 0 1 0 0 1 0 0 1
2014   2 28  7  7 16 655877  -21.17743  -47.04974     2997  33.6  0  0  6 15 0 0 1 1 1 0 0 1 0 0 1 0 0 1
2014   2 28  7  7 17 399888  -25.37060 -133.92708    35653  51.3  1  0  6 12 0 0 1 1 1 0 0 1 0 0 1 0 0 1
2014   2 28  7  7 18 784691  -21.10033 -142.30304    30115  57.1  1  0  6 15 0 0 1 1 1 0 0 1 0 0 1 0 0 1
2014   2 28  7  7 19 730212  -25.27932  -44.90960     2956  37.6  0  0  7 21 0 0 1 1 1 0 0 1 0 1 1 0 0 1
2014   2 28  7  7 20 375348  -24.40073  -45.61081     4802  48.2  1  0  5  8 0 0 1 1 1 0 0 1 0 0 0 0 0 1
2014   2 28  7  7 20 836551  -14.50210  -43.05262     6084  24.8  0  0  5 10 0 0 1 0 1 0 0 1 0 0 1 0 0 1
2014   2 28  7  7 23 376030  -22.54650  -45.72453     4452 114.2  2  0  7 20 0 0 1 1 1 0 0 1 0 0 1 1 0 1
2014   2 28  7  7 23 599142    7.08086  -75.06852     9338  96.8  2  0  7 20 0 0 0 1 1 0 0 1 0 1 1 1 0 1
2014   2 28  7  7 23 769343  -22.53049  -45.72497     3932  95.5  2  0  7 20 0 0 1 1 1 0 0 1 0 0 1 1 0 1
2014   2 28  7  7 24 503433  -11.83665  -72.92313     4728  66.4  2  0  6 12 0 0 1 0 1 0 0 1 0 0 1 1 0 1
2014   2 28  7  7 27 578523  -29.38267  -42.80344     4627  26.2  0  0  5 10 0 0 0 1 1 0 0 1 0 0 1 0 0 1
2014   2 28  7  7 27 694135    5.46534  -72.90055     7945 142.7  2  0  7 19 0 0 1 1 0 0 0 1 0 1 1 1 0 1
2014   2 28  7  7 28 182280    4.68339  148.66473     5577  25.3  0  0  6 15 0 0 1 0 1 0 0 1 0 0 1 1 0 1
2014   2 28  7  7 28 422052  -14.43879  -43.85896     2752  18.1  0  0  6 13 0 0 1 1 1 0 0 1 0 0 1 0 0 1
2014   2 28  7  7 28 826523  -20.61400  -47.29588     2704  10.0  0  0  6 11 0 0 1 0 1 0 0 1 0 1 1 0 0 1
2014   2 28  7  7 28 892142  -20.62770  -47.28432     2875   8.8  0  0  5  8 0 0 0 1 1 0 0 1 0 0 1 0 0 1
2014   2 28  7  7 29   4192   -5.08299  -71.35042     5291   4.9  0  0  5 10 0 0 1 1 0 0 0 0 0 1 1 0 0 1
2014   2 28  7  7 29 144734   -5.12222  -71.31271     4375   5.7  0  0  6 15 0 0 1 1 1 0 0 0 0 1 1 0 0 1
2014   2 28  7  7 29 537835  -19.69264 -141.62653     9827   5.8  0  0  5  7 0 0 1 1 0 0 0 1 0 0 1 1 0 0
2014   2 28  7  7 29 794858    6.92908  -74.52800     4643  12.9  0  0  5  9 0 0 0 0 1 0 0 1 0 0 1 1 0 1
2014   2 28  7  7 30 324306    5.88659  -83.01826     8645  25.2  0  0  5  9 0 0 0 1 1 0 0 0 0 1 1 1 0 0
2014   2 28  7  7 30 591214    6.38452  -77.06604     5662  22.6  0  0  5  7 0 0 0 1 1 0 0 1 0 0 1 1 0 0
2014   2 28  7  7 30 668741  -13.42108  171.85724     5984  19.2  0  0  7 21 0 0 1 1 1 0 0 1 0 1 1 1 0 0
2014   2 28  7  7 30 829705   -0.48464    5.68866    13939  20.1  0  0  6 12 0 0 1 1 1 0 0 1 0 0 1 0 0 1
2014   2 28  7  7 32 151841  -22.18971  -45.65380     2905  31.3  0  0  6 14 0 0 1 1 1 0 0 1 0 0 1 0 0 1
2014   2 28  7  7 32 819261  -30.03063  -41.82043     5793  50.5  2  0  5  8 0 0 1 1 1 0 0 0 0 0 1 1 0 0
2014   2 28  7  7 32 826447  -30.05711  -41.82721     3819  30.4  0  0  6 15 0 0 1 1 1 0 0 1 0 0 1 0 0 1
2014   2 28  7  7 32 844399  -30.10184  -41.65489     5136  27.5  0  0  5 10 0 0 1 0 1 0 0 1 0 0 1 0 0 1
2014   2 28  7  7 33 100739  -30.10159  -41.93169     4718  36.0  1  0  5 10 0 0 1 1 1 0 0 0 0 0 1 0 0 1
2014   2 28  7  7 33 210045  -30.05145  -41.85607     4763  36.9  1  0  5 10 0 0 1 1 1 0 0 0 0 0 1 0 0 1
2014   2 28  7  7 33 271634  -20.63554  -47.32027     3434  56.9  1  0  6 14 0 0 0 1 0 0 0 1 0 1 1 1 0 1
2014   2 28  7  7 34   3616  -21.12125  -47.07525     3372  63.2  1  0  7 19 0 0 1 1 1 0 0 1 0 1 1 1 0 0
2014   2 28  7  7 34  40500  -21.21428  -46.88758     3310  45.9  1  0  6 15 0 0 1 1 1 0 0 1 0 0 1 0 0 1
2014   2 28  7  7 34 462876  -13.03219  -71.47760     3555  47.1  0  0  7 20 0 0 1 0 1 0 0 1 0 1 1 1 0 1
2014   2 28  7  7 34 469894  -13.01372  -71.60947     4501  61.7  2  0  6 15 0 0 1 1 1 0 0 0 0 0 1 1 0 1
2014   2 28  7  7 34 496441  -13.01771  -71.71425     3951  48.2  1  0  6 15 0 0 1 1 0 0 0 1 0 0 1 1 0 1
2014   2 28  7  7 34 834003  -29.61612  -42.12645     4396  42.7  1  0  6 15 0 0 1 1 1 0 0 1 0 0 1 0 0 1
2014   2 28  7  7 34 852024  -29.26564  -42.44476     4035  27.9  0  0  6 11 0 0 0 1 1 0 0 1 0 0 1 1 0 1
2014   2 28  7  7 34 874641  -29.60880  -42.16168     3572  43.8  0  0  7 21 0 0 1 1 1 0 0 0 0 1 1 1 0 1
2014   2 28  7  7 34 894666  -29.57454  -42.12541     5399  59.7  1  0  6 12 0 0 1 1 1 0 0 0 0 0 1 1 0 1
2014   2 28  7  7 34 903956  -29.62001  -42.12702     4442  43.3  1  0  6 15 0 0 1 1 1 0 0 1 0 0 1 0 0 1
2014   2 28  7  7 34 925006  -29.59820  -42.15586     4063  46.6  0  0  7 16 0 0 1 1 1 0 0 0 0 1 1 1 0 1
2014   2 28  7  7 34 945694  -29.61915  -42.14039     4496  44.6  1  0  6 15 0 0 1 1 1 0 0 1 0 0 1 0 0 1
2014   2 28  7  7 34 956924  -29.61320  -42.12834     4406  42.8  1  0  6 15 0 0 1 1 1 0 0 1 0 0 1 0 0 1
2014   2 28  7  7 35 216565  -29.61904  -42.13606     5524  49.3  1  0  5 10 0 0 1 1 1 0 0 0 0 0 1 0 0 1
2014   2 28  7  7 35 310115  -13.41796  -71.20109     5444  59.6  1  0  7 21 0 0 1 1 1 0 0 0 0 1 1 0 1 1
2014   2 28  7  7 35 661907  -20.67682  -46.52708     3944  53.4  1  0  6 11 0 0 1 0 0 0 0 1 0 1 1 1 0 1
2014   2 28  7  7 35 695735  -20.77076  -46.52718     4698  60.9  2  0  5  9 0 0 0 1 1 0 0 1 0 0 1 0 0 1
2014   2 28  7  7 36 132182  -12.78572  156.78328    11151  60.0  1  0  6 15 0 0 1 1 1 0 0 1 0 0 1 1 0 0
2014   2 28  7  7 36 399895    2.95587  -85.36374    13205  71.7  2  0  6 15 0 0 1 1 1 0 0 1 0 0 1 0 0 1
2014   2 28  7  7 36 753253    1.70866    2.60922    19213  26.4  1  0  4  6 0 0 1 0 0 0 0 0 0 0 1 1 0 1
2014   2 28  7  7 36 973569  -28.62349 -126.80636   174673  67.7  2  0  5 10 0 0 1 1 1 0 0 0 0 0 1 0 0 1
2014   2 28  7  7 41 297028   -6.59493    7.24475    35861 109.5  2  0  6 15 0 0 1 1 1 0 0 1 0 0 1 0 0 1
2014   2 28  7  7 41 888790   28.63060 -129.41644    44987 126.1  2  0  6 15 0 0 1 1 1 0 0 1 0 1 1 0 0 0
2014   2 28  7  7 42 265020  -22.40376  -46.35314     4350 110.7  2  0  7 21 0 0 1 1 1 0 0 1 0 1 1 1 0 0
2014   2 28  7  7 42 387953  -22.44593  -45.82531     4751 115.0  2  0  6 15 0 0 1 0 1 0 0 1 0 0 1 1 0 1
2014   2 28  7  7 42 506177  -16.21902  -51.71020     4570 112.7  2  0  7 20 0 0 1 0 1 0 0 1 0 1 1 1 0 1
2014   2 28  7  7 42 671748  -22.69815  -45.81514     5321 116.1  2  0  6 15 0 0 1 1 1 0 0 1 0 0 1 0 0 1
2014   2 28  7  7 43 574650  -11.75706  -73.74941     5402  57.7  2  0  5 10 0 0 1 1 0 0 0 1 0 0 1 1 0 0
2014   2 28  7  7 44 232410  -35.49810   41.74174    15576   2.7  0  0  4  6 0 0 1 1 0 0 0 0 0 0 1 0 0 1
2014   2 28  7  7 45  97089  -33.84042  -38.65503     3578  12.8  0  0  5 10 0 0 1 1 0 0 0 1 0 0 1 0 0 1
2014   2 28  7  7 46 333345    1.45756    7.69345    38767  16.5  0  0  5 10 0 0 1 1 1 0 0 0 0 0 1 0 0 1
2014   2 28  7  7 47  12295  -22.75183  -45.79466     3244  42.4  1  0  6 13 0 0 1 1 0 0 0 1 0 1 0 1 0 1
2014   2 28  7  7 47  56921  -22.81617  -45.71394     3455  33.4  1  0  5 10 0 0 0 1 1 0 0 1 0 0 1 0 0 1
2014   2 28  7  7 47  63481  -22.78184  -45.68747     2919  21.5  0  0  5 10 0 0 1 0 1 0 0 1 0 0 1 0 0 1
2014   2 28  7  7 47 824609  -22.36065 -140.42900    20531  38.5  0  0  6 15 0 0 1 1 1 0 0 1 0 1 0 0 0 1
2014   2 28  7  7 49 178994  -25.19601  -44.61567     4300  42.1  1  0  6 11 0 0 1 1 1 0 0 1 0 0 1 0 0 1
2014   2 28  7  7 49 196790  -25.07634  -44.82026     4699  37.0  1  0  5  7 0 0 1 1 1 0 0 0 0 0 1 0 0 1
2014   2 28  7  7 49 251795  -29.76647  -42.11824     3866  13.2  0  0  5 10 0 0 0 1 1 0 0 1 0 0 1 0 0 1
2014   2 28  7  7 49 352808  -16.00656  -51.50438     4436  46.9  1  0  5 10 0 0 0 1 1 0 0 1 0 0 1 0 0 1
2014   2 28  7  7 49 664435  -25.09985  -44.80177     4613  64.3  2  0  6 14 0 0 1 1 1 0 0 0 0 1 1 0 0 1
2014   2 28  7  7 50 962088    7.18881  -73.98843     5570  69.9  1  0  7 20 0 0 1 1 1 0 0 1 0 1 0 1 0 1
2014   2 28  7  7 51 285191    7.34724  -74.10592     7446  74.0  2  0  6 11 0 0 1 1 0 0 0 1 0 1 1 1 0 0
2014   2 28  7  7 51 363009  -14.33059  161.96126    10030  58.1  1  0  7 21 0 0 1 1 1 0 0 1 0 0 1 1 0 1
2014   2 28  7  7 51 506151  -13.47012  -38.17947    21232  35.9  0  0  6 11 0 0 1 0 1 0 0 1 0 0 1 1 0 1
2014   2 28  7  7 51 589770  -13.44662  -39.60633     3846  50.9  1  0  6 15 0 0 1 1 1 0 0 1 0 1 1 0 0 0
2014   2 28  7  7 51 811349  -14.35458  162.21280    10058  27.8  0  0  5 10 0 0 1 1 0 0 0 1 0 0 1 1 0 0
2014   2 28  7  7 52 233398  -20.76531  -47.22622     4529  54.2  2  0  5  9 0 0 1 1 1 0 0 1 0 0 0 0 0 1
2014   2 28  7  7 52 661515    4.95208  -72.67155     5287  63.9  2  0  6 14 0 0 1 1 0 0 0 1 0 0 1 1 0 1
2014   2 28  7  7 53 376495    7.00363  -74.17764     7776  65.1  1  0  7 16 0 0 0 1 1 0 0 1 0 1 1 1 0 1
2014   2 28  7  7 53 558847    5.26480  -73.62606     8725  91.7  2  0  7 17 0 0 0 1 1 0 0 1 0 1 1 1 0 1
2014   2 28  7  7 54 370988  -14.49121  -43.83331     3294  41.5  0  0  7 16 0 0 1 1 1 0 0 1 0 0 0 1 1 1
2014   2 28  7  7 54 699925  -29.55010  -42.63712     4362  53.1  1  0  6 13 0 0 1 1 1 0 0 1 0 1 0 1 0 0
2014   2 28  7  7 54 824914  -29.04470  -42.78650     4124  20.6  0  0  5 10 0 0 0 1 1 0 0 1 0 1 1 0 0 0
2014   2 28  7  7 55  15329  -29.04168  -42.76426     4087  19.9  0  0  5 10 0 0 0 1 1 0 0 1 0 0 1 0 0 1
2014   2 28  7  7 56 740454    7.18374  -74.02265    12203  83.2  2  0  6 11 0 0 1 0 1 0 0 1 0 0 1 1 0 1
2014   2 28  7  7 56 814146  -24.58241  -45.41520     4711  78.8  2  0  6 15 0 0 1 1 1 0 0 1 0 0 1 0 0 1
2014   2 28  7  7 56 823966  -24.58427  -45.41240     4734  79.5  2  0  6 15 0 0 1 1 1 0 0 1 0 0 1 0 0 1
2014   2 28  7  7 56 853972  -24.64911  -45.39418     4731  79.5  2  0  6 15 0 0 1 1 1 0 0 1 0 0 1 0 0 1
2014   2 28  7  7 57 112648  -22.28890  -45.98965     4019 104.5  2  0  7 20 0 0 1 0 1 0 0 1 0 1 1 1 0 1
2014   2 28  7  7 57 181464  -22.57482  -45.97847     5389  94.9  2  0  6 11 0 0 1 1 1 0 0 1 0 0 0 1 0 1
2014   2 28  7  7 58  77993  -20.34959  -52.01746     4766 104.8  2  0  6 14 0 0 1 0 0 0 0 1 0 1 1 1 0 1
2014   2 28  7  7 59 165954   33.20533 -137.56317    19190  14.0  0  0  4  6 0 0 1 1 0 0 0 1 0 0 0 1 0 0
2014   2 28  7  7 59 978244   -8.67669  170.31966    19572 122.1  2  0  7 21 0 0 1 1 1 0 0 1 0 0 1 1 0 1
2014   2 28  7  8  0 260596  -29.59378  -41.87461     2902   8.1  0  0  7 20 0 0 0 1 1 0 0 1 0 1 1 1 0 1
2014   2 28  7  8  0 360567  -20.76642  -47.27185     2556   2.0  0  0  5 10 0 0 1 0 1 0 0 1 0 0 1 0 0 1
2014   2 28  7  8  0 459777  -29.61213  -41.85127     3193   2.2  0  0  5  8 0 0 1 1 1 0 0 0 0 0 1 0 0 1
2014   2 28  7  8  0 734944  -20.65415  -46.46785     2717   1.9  0  0  5 10 0 0 1 1 1 0 0 0 0 0 1 0 0 1
2014   2 28  7  8  1 302378  -19.27851 -141.73701     7206   7.2  0  0  5 10 0 0 1 0 0 0 0 1 0 0 1 1 0 1
2014   2 28  7  8  1 323359  -19.25721 -141.79631     4985   9.5  0  0  7 21 0 0 1 1 1 0 0 1 0 0 1 1 0 1
2014   2 28  7  8  1 486722   -9.72107  160.33446     7215   0.8  0  0  4  6 0 0 0 1 0 0 0 1 0 0 1 1 0 0
2014   2 28  7  8  1 671121  -19.19530 -141.67065     4856   8.2  0  0  7 21 0 0 1 0 1 0 0 1 0 1 1 1 0 1
2014   2 28  7  8  2 134979   -6.79542  149.71759     5589  29.6  0  0  6 15 0 0 1 1 0 0 0 1 0 0 1 1 0 1
2014   2 28  7  8  2 278709    7.49575  -73.74990     3667  13.8  0  0  6 15 0 0 0 1 1 0 0 1 0 0 1 1 0 1
2014   2 28  7  8  2 579829   -4.54410  -64.54673     3010  16.3  0  0  6 14 0 0 0 1 1 0 0 1 0 0 1 1 0 1
2014   2 28  7  8  2 709393  -12.25187  -73.42867     5978  20.7  0  0  5  8 0 0 0 1 1 0 0 1 0 1 0 1 0 0
2014   2 28  7  8  2 721352  -12.16992  -73.29240     4159  16.5  0  0  5  8 0 0 0 1 1 0 0 1 0 0 1 1 0 0
2014   2 28  7  8  2 800116  -12.18996  -73.34869     4865  20.1  0  0  5 10 0 0 0 1 1 0 0 0 0 0 1 1 0 1
2014   2 28  7  8  3  88900  -24.63982  -45.44439     2911  10.7  0  0  5  9 0 0 1 1 1 0 0 1 0 0 1 0 0 0
2014   2 28  7  8  3 958051  -21.06809  -46.92325     3239  25.9  0  0  5  9 0 0 0 1 1 0 0 1 0 0 1 0 0 1
2014   2 28  7  8  5 598609  -30.30976  -41.70889     4423  32.0  1  0  5 10 0 0 1 1 1 0 0 0 0 0 1 0 0 1
2014   2 28  7  8  5 610218  -30.30711  -41.71249     4440  32.6  1  0  5 10 0 0 1 1 1 0 0 0 0 0 1 0 0 1
2014   2 28  7  8  6  63588  -10.65152  169.59612    13127  26.9  0  0  5  9 0 0 1 1 0 0 0 1 0 0 1 1 0 0
2014   2 28  7  8  6 737429    2.88379  -84.85490     7258  66.2  2  0  6 15 0 0 1 1 0 0 0 0 0 1 1 1 0 1
2014   2 28  7  8  6 917977    2.79544  -84.74220     4541  43.1  0  0  7 21 0 0 1 0 1 0 0 1 0 1 1 1 0 1
2014   2 28  7  8  6 997073  -13.63686  -43.41186     3812  28.8  0  0  7 16 0 0 1 0 1 0 0 1 0 1 1 1 0 1
2014   2 28  7  8  7 272592  -13.65498  -43.63315     3208  43.9  1  0  6 14 0 0 1 1 1 0 0 1 0 0 1 0 0 1
2014   2 28  7  8  7 711540  -16.43170  -51.83331     4587  37.5  1  0  5  8 0 0 1 1 1 0 0 1 0 0 1 0 0 0
2014   2 28  7  8  8 344470  -10.69400  -57.13063     3589  62.3  1  0  7 19 0 0 1 1 1 0 0 1 0 0 1 1 0 1
2014   2 28  7  8  8 576377  -32.98956   15.44342    29302  45.1  1  0  5 10 0 0 1 1 1 0 0 0 0 0 1 0 0 1
2014   2 28  7  8  8 651412    5.24761  -72.90570     6745  62.3  2  0  6 15 0 0 0 1 1 0 0 1 0 0 1 1 0 1
2014   2 28  7  8  9  21469  -22.58868  -45.62619     3769  60.4  2  0  6 15 0 0 1 1 1 0 0 1 0 0 1 0 0 1
2014   2 28  7  8  9  29147  -22.58635  -45.62690     3786  60.9  2  0  6 15 0 0 1 1 1 0 0 1 0 0 1 0 0 1
2014   2 28  7  8  9 169749  -12.18350  -72.96481     3463  34.5  0  0  6 15 0 0 1 0 1 0 0 0 0 1 1 1 0 1
2014   2 28  7  8  9 325543  -12.79778  -71.70827     3825  59.1  1  0  7 21 0 0 1 0 1 0 0 1 0 1 1 1 0 1
2014   2 28  7  8 10 130879  -24.31551  -45.45848     3640  30.5  1  0  5 10 0 0 1 0 1 0 0 0 0 1 1 0 0 1
2014   2 28  7  8 10 193724  -24.35943  -45.64539     3869  62.2  2  0  6 15 0 0 1 1 1 0 0 1 0 1 0 0 0 1
2014   2 28  7  8 11 833816    1.90297  -71.66770    23682  63.5  2  0  5 10 0 0 1 1 1 0 0 0 0 0 1 0 0 1
2014   2 28  7  8 12  42100    4.45622  -73.31203     9308 114.6  2  0  6 15 0 0 1 1 1 0 0 0 0 1 1 1 0 0
2014   2 28  7  8 12 788743  -24.08196  -45.75772     4798  82.7  2  0  6 14 0 0 1 1 0 0 0 0 0 1 1 1 0 1
2014   2 28  7  8 12 814540  -24.44576  -44.82805     8551  30.1  1  0  4  6 0 0 1 0 0 0 0 1 0 0 1 0 0 1
2014   2 28  7  8 13 318286  -14.47300  -43.03355     5705  10.9  0  0  4  6 0 0 1 0 0 0 0 1 0 0 1 0 0 1
2014   2 28  7  8 14   9922   33.06780 -137.12057    21732  19.0  0  0  4  6 0 0 1 1 0 0 0 1 0 0 0 1 0 0
2014   2 28  7  8 16 243019  -22.78933  -45.65335     2877   3.4  0  0  4  6 0 0 0 1 0 0 0 1 0 0 1 0 0 1
2014   2 28  7  8 17 578680   19.87860 -120.04641    22441   2.5  0  0  4  6 0 0 0 1 0 0 0 1 0 0 0 1 0 1
2014   2 28  7  8 17 930354  -19.05881 -141.53462    14430  16.0  0  0  4  6 0 0 1 0 0 0 0 0 0 0 1 1 0 1
2014   2 28  7  8 18 188831  -15.96316  -51.47405     2522  21.8  0  0  7 21 0 0 1 1 1 0 0 1 0 1 1 0 0 1
2014   2 28  7  8 18 650532  -13.26689  -71.36520     3087  34.5  0  0  7 21 0 0 1 0 1 0 0 1 0 1 1 1 0 1
2014   2 28  7  8 18 952028  -14.62153  -43.82861     2509  15.4  0  0  6 15 0 0 1 1 1 0 0 0 0 1 0 1 0 1
2014   2 28  7  8 19  33020  -13.22650  -71.41100     3953  23.2  0  0  5  8 0 0 1 1 1 0 0 0 0 0 0 1 0 1
2014   2 28  7  8 19 153851    6.52009  -73.28561    15023  24.9  0  0  5 10 0 0 0 1 1 0 0 1 0 0 1 0 0 1
2014   2 28  7  8 19 366235  -19.60300 -142.19835     8123  23.7  0  0  6 15 0 0 1 1 1 0 0 1 0 0 1 1 0 0
2014   2 28  7  8 19 858165  -22.60898  -45.71328     3674  29.1  0  0  5  7 0 0 1 1 1 0 0 1 0 0 0 0 0 1
2014   2 28  7  8 19 908396    5.87222  -73.31853    14515  23.5  0  0  5 10 0 0 0 0 1 0 0 1 0 1 1 0 0 1
2014   2 28  7  8 20 387410  -30.07744  -41.79971     4649  36.2  1  0  5 10 0 0 1 1 1 0 0 0 0 0 1 0 0 1
2014   2 28  7  8 20 629247  -30.16651  -41.67092     5702  47.5  1  0  6 14 0 0 1 0 1 0 0 1 0 0 1 1 0 1
2014   2 28  7  8 20 712475  -30.28400  -41.68620     4073  12.6  0  0  4  6 0 0 1 1 0 0 0 1 0 0 1 0 0 0
2014   2 28  7  8 20 731287  -29.87506  -41.98414     4988  23.8  0  0  5  9 0 0 0 1 1 0 0 1 0 0 1 0 0 1
2014   2 28  7  8 20 799420  -33.88204  -39.15915     6687  38.5  1  0  5 10 0 0 1 0 1 0 0 1 0 0 1 0 0 1
2014   2 28  7  8 20 819283  -33.76440  -39.62009     5006  14.7  0  0  4  6 0 0 1 1 1 0 0 1 0 0 0 0 0 0
2014   2 28  7  8 20 831628  -33.89555  -39.37758     4671  40.2  1  0  6 15 0 0 1 1 1 0 0 1 0 0 1 0 0 1
2014   2 28  7  8 21  68425  -33.80743  -39.36002     4699  40.6  1  0  6 15 0 0 1 1 1 0 0 1 0 0 1 0 0 1
2014   2 28  7  8 21 209078    8.12156  -73.39024     7575  44.1  0  0  7 21 0 0 1 1 1 0 0 1 0 1 1 0 0 1
2014   2 28  7  8 22 207567  -24.88065  -44.87264     4084  40.2  1  0  5 10 0 0 0 1 1 0 0 1 0 0 1 0 0 1
2014   2 28  7  8 23 111348  -20.86007  -47.21325     3378  46.2  1  0  6 15 0 0 1 1 1 0 0 1 0 0 1 0 0 1
2014   2 28  7  8 23 253189  -21.17868  -46.91010     3242  64.9  1  0  7 21 0 0 1 1 1 0 0 1 0 1 1 0 0 1
2014   2 28  7  8 23 619209  -29.61252  -42.28619     4736  25.8  0  0  5 10 0 0 0 1 1 0 0 1 0 0 1 0 0 1
2014   2 28  7  8 23 662748  -30.01319  -41.94811     4897  53.6  1  0  6 15 0 0 1 1 1 0 0 1 0 0 1 0 0 1
2014   2 28  7  8 23 737638  -21.06447  -46.85266     4337  79.3  2  0  6 14 0 0 1 0 0 0 0 1 0 1 1 1 0 1
2014   2 28  7  8 23 840786  -21.11579  -46.90098     4170  85.7  2  0  7 19 0 0 1 1 1 0 0 1 0 0 1 1 0 1
2014   2 28  7  8 23 933731  -21.23341  -46.77837     3492  50.2  1  0  6 15 0 0 1 1 1 0 0 1 0 0 1 0 0 1
2014   2 28  7  8 24  36392  -29.64511  -42.33847     3072  23.6  0  0  6 14 0 0 1 1 1 0 0 1 0 1 0 0 0 1
2014   2 28  7  8 24  61334  -29.65964  -42.10846     4911  54.7  1  0  6 15 0 0 1 1 1 0 0 1 0 0 1 0 0 1
2014   2 28  7  8 24 361493  -21.16677  -46.67540     3145  14.6  0  0  4  6 0 0 1 0 0 0 0 1 0 0 1 0 0 1
2014   2 28  7  8 25  34531   -0.96964  -71.90398     4399  73.3  2  0  7 21 0 0 1 1 1 0 0 1 0 0 1 1 0 1
2014   2 28  7  8 25 681654  -11.93850  -73.03332     4483  71.6  2  0  7 20 0 0 1 0 1 0 0 1 0 1 1 1 0 1
2014   2 28  7  8 25 921786  -11.85904  -73.08979     7137 110.3  2  0  7 16 0 0 1 1 1 0 0 0 0 1 1 1 0 1
2014   2 28  7  8 27 392080    7.57522  -73.98045     8564 114.1  2  0  7 20 0 0 1 1 1 0 0 0 0 1 1 1 0 1
2014   2 28  7  8 27 716115    7.20718  -74.21734     8557  90.8  2  0  6 13 0 0 1 1 1 0 0 1 0 0 1 1 0 0
2014   2 28  7  8 27 980016  -21.19009  -47.11501     3891  95.8  2  0  7 19 0 0 1 1 1 0 0 1 0 1 1 0 0 1
2014   2 28  7  8 28 295463  -20.70276  -46.88403     5635  56.8  2  0  5 10 0 0 1 0 1 0 0 0 0 1 1 0 0 1
2014   2 28  7  8 29  57279  -32.92785  -42.24104     4615  63.3  1  0  7 21 0 0 1 1 1 0 0 1 0 1 0 1 0 1
2014   2 28  7  8 29  94540  -33.18062  -41.42990     8035  96.0  2  0  6 15 0 0 1 1 1 0 0 1 0 0 1 0 0 1
2014   2 28  7  8 29 145219  -33.24454  -40.70801    10470  70.8  2  0  5 10 0 0 1 0 1 0 0 0 0 1 1 0 0 1
2014   2 28  7  8 29 171619  -33.17997  -41.47131     8130  98.0  2  0  6 15 0 0 1 1 1 0 0 1 0 0 1 0 0 1
2014   2 28  7  8 29 453254  -33.33657  -40.79437     9517  72.7  2  0  5 10 0 0 1 0 1 0 0 1 0 0 1 0 0 1
2014   2 28  7  8 29 507262  -33.17382  -41.48322     8260 100.1  2  0  6 15 0 0 1 1 1 0 0 1 0 0 1 0 0 1
2014   2 28  7  8 30 326911  -32.60546   16.62046    32145 108.6  2  0  6 15 0 0 1 1 1 0 0 1 0 0 1 0 0 1
2014   2 28  7  8 32 676691    7.06508  -74.11877     3201  15.0  0  0  6 15 0 0 1 1 0 0 0 1 0 0 1 1 0 1
2014   2 28  7  8 32 712550  -29.76416  -41.86216     2947  15.7  0  0  6 15 0 0 1 1 1 0 0 1 0 0 1 0 0 1
2014   2 28  7  8 32 898916  -16.41043  -51.81238     2432  19.0  0  0  7 21 0 0 0 1 1 0 0 1 0 1 1 1 0 1
2014   2 28  7  8 32 920858    7.01322  -75.10361     4435  11.1  0  0  5  8 0 0 0 1 0 0 0 1 0 0 1 1 0 1
2014   2 28  7  8 32 942699  -16.44167  -51.78744     2431  10.0  0  0  6 15 0 0 0 1 1 0 0 1 0 1 1 0 0 1
2014   2 28  7  8 33 557927  -12.37284  -71.37782     2931  27.2  0  0  7 21 0 0 1 0 1 0 0 1 0 1 1 1 0 1
2014   2 28  7  8 33 617586  -12.52542  -71.79356     3548   5.4  0  0  5 10 0 0 0 1 1 0 0 1 0 0 0 1 0 1
2014   2 28  7  8 34 921031  -19.73292 -140.74203    15455  26.2  0  0  6 15 0 0 1 1 1 0 0 1 0 0 1 0 0 1
2014   2 28  7  8 35 457026    4.43077  -84.20348     4532  39.9  0  0  7 21 0 0 1 0 1 0 0 1 0 1 1 1 0 1
2014   2 28  7  8 35 932784  -30.07195  -41.88450     3462  31.2  0  0  6 15 0 0 1 1 1 0 0 1 0 1 1 0 0 0
2014   2 28  7  8 35 969691  -30.07396  -41.86649     3766  31.7  0  0  6 15 0 0 1 1 1 0 0 1 0 0 1 0 0 1
2014   2 28  7  8 36 790369  -22.62284  -45.75326     3251  29.2  0  0  5 10 0 0 1 1 0 0 0 1 0 0 1 0 0 1
2014   2 28  7  8 36 872249  -22.57379  -45.93354     3176  60.9  1  0  7 20 0 0 0 1 1 0 0 1 0 1 1 1 0 1
2014   2 28  7  8 37  12465  -10.76811  161.62650    12696  46.4  1  0  5 10 0 0 0 1 1 0 0 1 0 0 0 1 0 1
2014   2 28  7  8 37 568600  -25.45522 -133.93155   123507  44.8  1  0  5 10 0 0 1 1 1 0 0 0 0 0 1 0 0 1
2014   2 28  7  8 37 668530  -23.17036 -139.56773    41244  54.4  2  0  5 10 0 0 1 1 1 0 0 1 0 0 1 0 0 0
2014   2 28  7  8 37 804119  -20.40283 -144.18065    11955  54.6  1  0  7 21 0 0 1 1 1 0 0 1 0 0 1 1 0 1
2014   2 28  7  8 38 925221  -20.96535  -46.56995     5009  41.4  1  0  5  9 0 0 1 0 1 0 0 0 0 1 1 1 0 0
2014   2 28  7  8 38 952312  -21.21995  -46.85753     3444  59.9  1  0  6 15 0 0 0 1 1 0 0 1 0 1 1 0 0 1
2014   2 28  7  8 38 958738  -19.68093 -141.45070    12547  57.9  1  0  7 21 0 0 1 0 1 0 0 1 0 1 1 1 0 1
2014   2 28  7  8 39 205338  -19.53877 -142.16194    14380  74.8  2  0  7 21 0 0 1 1 1 0 0 1 0 1 1 1 0 0
2014   2 28  7  8 39 756292  -19.47875 -143.92036    32341  56.1  2  0  5 10 0 0 0 0 1 0 0 1 0 0 1 1 0 1
2014   2 28  7  8 40 316470  -24.98652  -45.16950     4087  46.7  1  0  5 10 0 0 1 1 1 0 0 1 0 0 0 0 0 1
2014   2 28  7  8 42   9115  -10.47193  -57.71938     4369  78.9  2  0  7 19 0 0 1 0 1 0 0 1 0 1 1 1 0 1
2014   2 28  7  8 42  22751  -10.65065  -57.65018     5781  87.1  2  0  6 15 0 0 1 1 1 0 0 1 0 0 1 0 0 1
2014   2 28  7  8 42  52784  -10.75746  -57.40889     4713  40.5  1  0  5 10 0 0 1 0 1 0 0 1 0 1 0 0 0 1
2014   2 28  7  8 42 117340  -10.57409  -58.07107     4414  88.6  2  0  7 21 0 0 0 1 1 0 0 1 0 1 1 1 0 1
2014   2 28  7  8 43 759129  -29.78496  -42.25616     6281  78.6  2  0  6 15 0 0 1 1 1 0 0 1 0 0 1 0 0 1
2014   2 28  7  8 44 656101  -14.55033  -43.93731     4684  38.1  1  0  5  7 0 0 0 0 1 0 0 1 0 1 0 1 0 1
2014   2 28  7  8 44 767464    5.04167  152.63344    14248 103.6  2  0  7 20 0 0 1 1 1 0 0 1 0 0 1 1 0 1
2014   2 28  7  8 44 887224    2.96532  -85.10023     8717 121.5  2  0  7 21 0 0 1 1 0 0 0 1 0 1 1 1 0 1
2014   2 28  7  8 46 156691  -21.65561  -46.61752     4598  33.4  1  0  5  8 0 0 1 1 1 0 0 0 0 0 1 0 0 1
2014   2 28  7  8 46 210098  -21.05729  -47.17279     4779 133.3  2  0  7 19 0 0 1 1 0 0 0 1 0 1 1 1 0 1
2014   2 28  7  8 46 362797  -21.18508  -46.91737     4757 105.6  2  0  6 15 0 0 1 0 1 0 0 1 0 1 1 0 0 1
2014   2 28  7  8 46 656127  -21.39061  -47.25741     3870  61.4  2  0  6 12 0 0 0 1 1 0 0 1 0 1 0 1 0 1
2014   2 28  7  8 47 424155  -12.68056  -71.66052     5589 109.5  2  0  7 20 0 0 1 0 1 0 0 1 0 1 1 1 0 1
2014   2 28  7  8 47 911544  -24.20151  -45.69873     4509  95.8  2  0  7 18 0 0 1 0 1 0 0 1 0 1 1 1 0 1
2014   2 28  7  8 48 208818  -32.36688 -133.97986     8646   4.6  0  0  5 10 0 0 1 0 1 0 0 0 0 0 1 1 0 1
2014   2 28  7  8 48 474943   23.57643  -84.80528     6366   8.1  0  0  6 12 0 0 1 1 1 0 0 0 0 0 1 1 0 1
2014   2 28  7  8 49 424801  -29.69111  -41.87729     3957  13.3  0  0  5 10 0 0 0 1 1 0 0 1 0 0 1 0 0 1
2014   2 28  7  8 49 623886  -29.82152  -41.73310     3483   1.1  0  0  4  6 0 0 1 1 0 0 0 1 0 0 1 0 0 0
2014   2 28  7  8 49 651104  -29.74879  -41.82686     3589  15.1  0  0  5  9 0 0 1 1 1 0 0 0 0 0 1 0 0 1
2014   2 28  7  8 49 693842  -29.74837  -41.83474     3354  15.0  0  0  5 10 0 0 1 1 1 0 0 0 0 0 1 0 0 1
2014   2 28  7  8 49 932891  -29.74127  -41.82637     2872  15.3  0  0  6 15 0 0 1 1 1 0 0 0 0 1 1 0 0 1
2014   2 28  7  8 50 697268  -23.67612  -45.64180     3868  30.6  1  0  5 10 0 0 0 1 1 0 0 1 0 0 1 0 0 1
2014   2 28  7  8 51 371402  -22.81238  -45.71481     3010  25.0  0  0  5 10 0 0 1 0 1 0 0 1 0 0 1 0 0 1
2014   2 28  7  8 52  90063  -16.10954  -51.45136     2893  26.1  0  0  6 15 0 0 1 1 1 0 0 1 0 0 1 0 0 1
2014   2 28  7  8 52 772565   34.16361 -163.86003     9797  35.5  0  0  7 21 0 0 1 1 1 0 0 1 0 1 1 0 0 1
2014   2 28  7  8 53 109405  -21.91400 -140.71793    13518  47.9  1  0  6 15 0 0 1 1 1 0 0 0 0 1 0 1 0 1
2014   2 28  7  8 53 117409  -21.77731 -141.65918    10876  38.4  0  0  6 15 0 0 1 1 1 0 0 1 0 0 1 1 0 0
2014   2 28  7  8 53 896206  -22.66006  -45.72438     3238  44.0  1  0  6 15 0 0 1 1 1 0 0 1 0 0 1 0 0 1
2014   2 28  7  8 54 220129  -21.86153 -141.79190    10599  36.8  0  0  6 15 0 0 1 1 0 0 0 1 0 0 1 1 0 1
2014   2 28  7  8 54 271810    7.28692  -74.89967     7078  34.3  0  0  6 12 0 0 0 1 1 0 0 1 0 1 0 1 0 1
2014   2 28  7  8 54 383934    6.60365  -73.62682     9650  48.4  1  0  6 13 0 0 1 1 1 0 0 1 0 0 1 0 0 1
2014   2 28  7  8 54 411338    7.19070  -74.16055     4667  61.7  1  0  7 21 0 0 1 1 0 0 0 1 0 1 1 1 0 1
2014   2 28  7  8 54 469982    6.39952  -73.38116     8390  43.5  1  0  6 15 0 0 1 0 1 0 0 1 0 1 1 0 0 1
2014   2 28  7  8 55  75148  -12.72800  156.55762     9631  55.8  1  0  7 20 0 0 1 0 1 0 0 1 0 1 1 1 0 1
2014   2 28  7  8 55 156222  -22.36637  -45.61501     3624  39.1  1  0  5 10 0 0 1 1 1 0 0 0 0 0 1 0 0 1
2014   2 28  7  8 56  92664    5.06689  148.46809     5993   4.5  0  0  5  7 0 0 1 1 0 0 0 1 0 0 1 1 0 0
2014   2 28  7  8 56 551740  -23.51491  -45.98024     6575  84.6  2  0  6 12 0 0 0 1 1 0 0 1 0 1 0 1 0 1
2014   2 28  7  8 57 236313   19.83649 -110.40971    12245  77.8  2  0  7 21 0 0 1 0 1 0 0 1 0 1 1 1 0 1
2014   2 28  7  8 57 633980   -4.65839  -72.27921     4437  77.0  2  0  7 21 0 0 1 1 1 0 0 1 0 0 1 1 0 1
2014   2 28  7  8 59 467860  -22.44026  -46.15009     3649  76.8  2  0  7 20 0 0 1 1 1 0 0 1 0 1 1 1 0 0
2014   2 28  7  8 59 663831  -21.25099  -46.72038     4172  76.5  2  0  6 15 0 0 1 1 1 0 0 1 0 0 1 0 0 1
2014   2 28  7  8 59 678590  -21.25109  -46.71884     4171  76.5  2  0  6 15 0 0 1 1 1 0 0 1 0 0 1 0 0 1
2014   2 28  7  9  0 362510  -21.52678  -51.05682     3582  55.4  1  0  6 12 0 0 1 1 1 0 0 1 0 1 0 0 0 1
2014   2 28  7  9  1 357013  -22.30141  -45.77877     5283  72.9  2  0  5 10 0 0 1 0 1 0 0 0 0 1 1 0 0 1
2014   2 28  7  9  1 402825  -22.53748  -45.83879     3958 106.3  2  0  7 20 0 0 1 0 1 0 0 1 0 1 1 1 0 1
2014   2 28  7  9  2 176866  -17.63069 -146.22980    37041  39.9  1  0  5 10 0 0 1 1 0 0 0 1 0 0 1 0 1 0
2014   2 28  7  9  2 197351  -18.70646 -142.04448    25474 131.5  2  0  7 21 0 0 1 1 1 0 0 0 0 1 1 1 0 1
2014   2 28  7  9  2 239339  -18.52382 -143.73926    20425 109.5  2  0  7 21 0 0 1 1 1 0 0 1 0 0 1 1 0 1
2014   2 28  7  9  2 352171  -18.92988 -141.76007    19482 100.6  2  0  7 21 0 0 1 0 1 0 0 1 0 1 1 1 0 1
2014   2 28  7  9  2 416518  -18.31308 -144.49403    10674   9.1  0  0  4  6 0 0 1 0 0 0 0 1 0 0 1 1 0 0
2014   2 28  7  9  2 454916  -18.93003 -141.77968    19632 101.8  2  0  7 21 0 0 1 0 1 0 0 1 0 1 1 1 0 1
2014   2 28  7  9  4 312899  -20.97116  -47.19215     2609  12.6  0  0  6 13 0 0 1 1 1 0 0 1 0 1 0 0 0 1
2014   2 28  7  9  4 592703  -22.55027  -45.86438     2688  12.2  0  0  5 10 0 0 1 1 1 0 0 0 0 1 0 0 0 1
2014   2 28  7  9  4 905234  -28.95790 -132.90636    14739  11.0  0  0  5  9 0 0 1 1 0 0 0 1 0 1 0 0 0 1
2014   2 28  7  9  5 229776  -28.78318 -133.57950    19093   5.3  0  0  4  6 0 0 1 1 1 0 0 1 0 0 0 0 0 0
2014   2 28  7  9  5 792917  -20.66245  -46.48670     2510  16.2  0  0  6 15 0 0 1 1 1 0 0 1 0 1 0 0 0 1
2014   2 28  7  9  6 171350  -24.55029  -45.10565     3176  24.0  0  0  5 10 0 0 1 1 1 0 0 1 0 0 0 0 0 1
2014   2 28  7  9  8 265550  -29.69313  -42.09518     2873  15.8  0  0  6 15 0 0 1 1 1 0 0 1 0 1 0 0 0 1
2014   2 28  7  9  8 410247  -29.69258  -42.10165     2890  16.4  0  0  6 15 0 0 1 1 1 0 0 1 0 1 0 0 0 1
2014   2 28  7  9  8 623638  -29.70154  -42.06705     3552  16.0  0  0  5  9 0 0 1 1 1 0 0 1 0 0 0 0 0 1
2014   2 28  7  9  8 831440  -29.68637  -42.11979     2880  16.5  0  0  6 15 0 0 1 1 1 0 0 1 0 1 0 0 0 1
2014   2 28  7  9 10 597536    4.96235  -81.01816    11704  18.9  0  0  5 10 0 0 1 1 1 0 0 0 0 1 0 0 0 1
2014   2 28  7  9 11 655831  -14.47125  -44.00809     3019  40.7  1  0  6 15 0 0 1 1 1 0 0 1 0 1 0 0 0 1
2014   2 28  7  9 12 341503  -21.22836  -47.01539     3584  35.6  1  0  5  8 0 0 0 1 1 0 0 1 0 1 0 0 0 1
2014   2 28  7  9 13 684539  -14.04921  -44.27792     3948  43.6  1  0  5  9 0 0 1 1 1 0 0 1 0 0 0 0 0 1
2014   2 28  7  9 14  20689  -24.60596  -45.71774     3351  14.9  0  0  4  6 0 0 1 1 0 0 0 1 0 1 0 0 0 0
2014   2 28  7  9 15 554359  -16.51019  -51.77539     4557  62.4  2  0  5 10 0 0 1 0 1 0 0 1 0 1 0 0 0 1
2014   2 28  7  9 15 612524  -16.56735  -51.95834     4184  32.4  1  0  5  7 0 0 0 1 1 0 0 1 0 1 0 0 0 1
2014   2 28  7  9 15 630123  -16.52821  -51.89959     4214  79.5  2  0  6 15 0 0 1 1 1 0 0 1 0 1 0 0 0 1
2014   2 28  7  9 17 618214  -14.58847  -44.18637     3323  35.4  1  0  5 10 0 0 0 1 1 0 0 1 0 1 0 0 0 1
2014   2 28  7  9 25 755186  -11.12024  -57.34686     5212  30.9  1  0  5  9 0 0 0 1 1 0 0 1 0 1 0 0 0 1
2014   2 28  7  9 25 764170  -11.12269  -57.35427     5338  31.9  1  0  5  9 0 0 0 1 1 0 0 1 0 1 0 0 0 1
2014   2 28  7  9 26 227612  -31.23048  -41.07621    11463  32.5  1  0  5 10 0 0 0 1 1 0 0 1 0 1 0 0 0 1
2014   2 28  7  9 26 476880  -31.24788  -41.17370    11974  34.5  1  0  5 10 0 0 0 1 1 0 0 1 0 1 0 0 0 1
2014   2 28  7  9 27 507236  -10.20973  159.94147    53721  30.8  1  0  4  6 0 0 0 1 1 0 0 1 0 1 0 0 0 0
2014   2 28  7  9 28 392420  -32.57290   17.25307    98297  33.7  1  0  5 10 0 0 0 1 1 0 0 1 0 1 0 0 0 1
2014   2 28  7  9 29 426116  -31.27412  -41.07671    14505  43.8  1  0  5 10 0 0 0 1 1 0 0 1 0 1 0 0 0 1
2014   2 28  7  9 29 459877  -31.23816  -41.09427    14639  44.3  1  0  5 10 0 0 0 1 1 0 0 1 0 1 0 0 0 1
2014   2 28  7  9 29 542096  -31.29924  -41.06784    14485  43.7  1  0  5 10 0 0 0 1 1 0 0 1 0 1 0 0 0 1
2014   2 28  7  9 34 765633  -13.53480  -67.91444    18774  40.4  1  0  5  8 0 0 0 1 1 0 0 1 0 1 0 0 0 1
