2014   2 28  6 34 24 641339  -20.55775  -47.21084     3510   7.6  0  0  4  6 0 0 1 0 0 0 0 0 0 1 1 0 0 1
2014   2 28  6 34 27 383456  -10.99416  -46.49046     5323  21.5  1  0  4  6 0 0 1 0 0 0 0 0 1 0 1 0 0 1
2014   2 28  6 34 28 591883  -11.05984  -46.36694     4689  13.1  0  0  4  6 0 0 1 0 0 0 0 0 1 0 1 0 0 1
2014   2 28  6 34 28 936685  -11.07303  -46.34579     4659  13.2  0  0  4  6 0 0 1 0 0 0 0 0 1 0 1 0 0 1
2014   2 28  6 34 29 452878    0.19690  -42.03968     6373   8.9  0  0  4  6 0 0 1 0 0 0 0 0 1 0 1 0 0 1
2014   2 28  6 34 29 586893    6.67840  153.74619    16505  20.2  1  0  4  6 0 0 1 0 0 0 0 0 0 0 1 1 0 1
2014   2 28  6 34 32 921710  -14.68179  -40.25491     4774  18.0  0  0  4  6 0 0 1 0 0 0 0 0 1 1 1 0 0 0
2014   2 28  6 34 33 123114    7.15205  -74.07841     7247  35.4  1  0  5 10 0 0 1 0 0 0 0 0 1 1 1 0 0 1
2014   2 28  6 34 35 860448  -11.92332  -72.80346     3851  30.0  0  0  5 10 0 0 1 0 0 0 0 0 0 1 1 1 0 1
2014   2 28  6 34 36 571361    9.78495  -78.17223     6082  13.9  0  0  4  6 0 0 1 0 0 0 0 0 1 0 1 0 0 1
2014   2 28  6 34 38 953510  -11.15792  -46.18410     4129   2.3  0  0  4  6 0 0 1 0 0 0 0 0 1 0 1 0 0 1
2014   2 28  6 34 39  51543  -11.14833  -46.19858     4129   2.1  0  0  4  6 0 0 1 0 0 0 0 0 1 0 1 0 0 1
2014   2 28  6 34 39 175396  -11.15960  -46.18097     4124   2.3  0  0  4  6 0 0 1 0 0 0 0 0 1 0 1 0 0 1
2014   2 28  6 34 39 478429  -20.36481  -47.02444     5444  35.9  1  0  5  7 0 0 1 0 0 0 0 0 0 1 1 1 0 1
2014   2 28  6 34 39 699988  -11.16959  -46.16252     4123   1.6  0  0  4  6 0 0 1 0 0 0 0 0 1 0 1 0 0 1
2014   2 28  6 34 39 736570  -11.16673  -46.16901     4124   2.0  0  0  4  6 0 0 1 0 0 0 0 0 1 0 1 0 0 1
2014   2 28  6 34 40  11489   -4.18716  -69.64341     2895  17.7  0  0  7 16 0 0 1 0 1 0 0 1 0 1 1 1 1 0
2014   2 28  6 34 40 823001    1.09879    3.41654    19037   1.6  0  0  5  7 0 0 1 1 1 0 0 1 0 0 1 0 0 0
2014   2 28  6 34 41 456501  -24.05291 -139.09697     6258  17.5  0  0  7 21 0 0 1 1 1 0 0 1 0 0 1 1 0 1
2014   2 28  6 34 41 869138  -18.94592 -142.26767     6520  20.5  0  0  7 21 0 0 1 1 1 0 0 1 0 0 1 1 0 1
2014   2 28  6 34 41 950533  -18.86166 -142.65776    11961  13.6  0  0  4  6 0 0 1 0 0 0 0 1 0 0 1 1 0 0
2014   2 28  6 34 42 475301  -24.56576  -45.43831     2919  24.4  0  0  6 15 0 0 1 1 1 0 0 1 0 0 1 0 0 1
2014   2 28  6 34 42 594682  -22.08914  -45.73026     2726  14.0  0  0  5 10 0 0 1 1 0 0 0 1 0 0 1 0 0 1
2014   2 28  6 34 42 699548  -22.05211  -45.78541     3251  39.5  0  0  6 13 0 0 0 1 1 0 0 1 0 0 1 1 0 1
2014   2 28  6 34 43 366539  -21.96438  -46.10702     2689  21.9  0  0  6 15 0 0 1 1 1 0 0 1 0 0 1 0 0 1
2014   2 28  6 34 43 512873  -14.02117  -43.33811     4327   9.3  0  0  5 10 0 0 0 0 1 0 0 1 0 0 1 1 0 1
2014   2 28  6 34 43 762955  -10.89765  160.27899    35632  11.0  0  0  4  6 0 0 1 1 0 0 0 0 0 0 1 1 0 0
2014   2 28  6 34 44 366570   -5.56661  155.45506     8042  16.3  0  0  4  6 0 0 1 1 0 0 0 1 0 0 0 1 0 0
2014   2 28  6 34 44 547759  -31.96918 -135.03282     9758  37.3  0  0  7 21 0 0 1 1 1 0 0 1 0 0 1 1 0 1
2014   2 28  6 34 45  23700   -1.63538    4.11880    17600  23.5  0  0  5  9 0 0 1 0 1 0 0 1 0 0 1 0 0 1
2014   2 28  6 34 45 107811    0.64126  -14.24444    15683  67.2  2  0  6 14 0 0 1 1 0 0 0 1 0 0 1 1 0 1
2014   2 28  6 34 45 474304  -22.84075  -45.84168     3796  38.6  1  0  5  9 0 0 1 1 0 0 0 1 0 0 1 0 0 1
2014   2 28  6 34 45 595664  -22.78159  -46.09756     3909  30.3  1  0  5  9 0 0 1 1 1 0 0 1 0 0 1 0 0 0
2014   2 28  6 34 46  82149   -6.10011  -74.41792     4082  54.8  1  0  7 21 0 0 1 0 1 0 0 1 0 1 1 1 0 1
2014   2 28  6 34 46  90386   -6.04436  -74.53669     4739  53.9  1  0  6 15 0 0 1 1 1 0 0 0 0 0 1 1 0 1
2014   2 28  6 34 46 132859  -21.02882  -46.94050     3765  41.9  1  0  5 10 0 0 0 1 1 0 0 1 0 0 1 0 0 1
2014   2 28  6 34 46 426333   -6.08741  -74.54962     4410  70.4  2  0  7 21 0 0 1 1 0 0 0 1 0 1 1 1 0 1
2014   2 28  6 34 46 573943  -21.92791 -141.43309    11535  52.7  1  0  7 21 0 0 1 1 1 0 0 1 0 0 1 1 0 1
2014   2 28  6 34 46 596645  -21.91753 -141.41847    11544  52.9  1  0  7 21 0 0 1 1 1 0 0 1 0 0 1 1 0 1
2014   2 28  6 34 46 676696  -21.91799 -141.24260    15568  61.1  2  0  6 15 0 0 1 1 0 0 0 1 0 1 1 1 0 0
2014   2 28  6 34 47  17014  -20.95481  -47.00167     3342  45.4  1  0  6 15 0 0 1 1 1 0 0 1 0 0 1 0 0 1
2014   2 28  6 34 47 213377    7.36642  -74.28247     7572  51.5  2  0  5 10 0 0 0 1 0 0 0 1 0 0 1 1 0 1
2014   2 28  6 34 47 215527  -24.87851 -135.10893    14000  48.0  1  0  6 15 0 0 1 0 1 0 0 1 0 0 1 1 0 1
2014   2 28  6 34 47 700079  -20.85990  -47.12954     3732  83.7  2  0  7 21 0 0 1 1 1 0 0 1 0 0 1 1 0 1
2014   2 28  6 34 47 963881    5.50739  153.84259     9334  31.6  1  0  5 10 0 0 1 1 0 0 0 1 0 0 1 1 0 0
2014   2 28  6 34 48 509021  -24.32447  -45.50666     6444  78.3  2  0  6 12 0 0 1 1 1 0 0 1 0 0 1 0 0 1
2014   2 28  6 34 48 731550  -20.76628  -47.56485     4566  36.5  1  0  5  8 0 0 1 0 0 0 0 1 0 1 1 1 0 0
2014   2 28  6 34 48 776853  -11.98873  -73.22014     4026  65.2  1  0  7 21 0 0 1 1 0 0 0 1 0 0 1 1 1 1
2014   2 28  6 34 48 844119  -12.31294  -72.58740     6188  80.8  2  0  7 20 0 0 1 1 1 0 0 1 0 1 1 0 0 1
2014   2 28  6 34 48 928252  -20.53727  -49.20520     3609  79.9  2  0  7 19 0 0 1 1 1 0 0 1 0 1 1 0 0 1
2014   2 28  6 34 49  74989  -19.11959 -143.62677    11986  15.6  0  0  4  6 0 0 1 1 0 0 0 1 0 0 0 1 0 0
2014   2 28  6 34 49  98894  -19.33667 -142.90245    16385  65.0  2  0  6 15 0 0 1 1 1 0 0 1 0 0 1 1 0 0
2014   2 28  6 34 49 121692  -19.55723 -141.85329    16627  58.5  1  0  6 15 0 0 1 0 1 0 0 1 0 0 1 1 0 1
2014   2 28  6 34 49 146554  -19.64191 -140.63799    15182  36.7  1  0  5 10 0 0 1 0 1 0 0 0 0 0 1 1 0 1
2014   2 28  6 34 49 190649  -28.77782  -42.77605     4151  21.7  0  0  5 10 0 0 0 1 1 0 0 1 0 0 1 0 0 1
2014   2 28  6 34 49 657702  -11.94722  -72.89933     4469  70.3  2  0  7 20 0 0 1 0 1 0 0 1 0 1 1 1 0 1
2014   2 28  6 34 49 694993  -20.81022  -47.09739     3853  63.3  2  0  6 15 0 0 1 1 1 0 0 1 0 0 1 0 0 1
2014   2 28  6 34 49 891425  -20.73147  -47.19912     3684  80.4  2  0  7 21 0 0 1 1 1 0 0 1 0 0 1 1 0 1
2014   2 28  6 34 49 904589  -20.80900  -47.09791     3896  64.9  2  0  6 15 0 0 1 1 1 0 0 1 0 0 1 0 0 1
2014   2 28  6 34 50  78413  -22.14705  -45.68833     4551  65.3  2  0  5 10 0 0 1 1 0 0 0 1 0 0 1 0 0 1
2014   2 28  6 34 50 212971  -22.11680  -45.85400     3817  88.5  2  0  7 20 0 0 1 1 1 0 0 1 0 1 1 0 0 1
2014   2 28  6 34 50 222140  -22.11164  -45.70070     5171  64.3  2  0  5  7 0 0 0 1 1 0 0 1 0 0 1 0 0 1
2014   2 28  6 34 50 340249  -22.17548  -45.72723     3926  70.1  2  0  6 15 0 0 1 1 1 0 0 1 0 0 1 0 0 1
2014   2 28  6 34 50 508658  -20.70823  -47.17665     4226  67.9  2  0  6 13 0 0 1 1 1 0 0 1 0 0 1 0 0 1
2014   2 28  6 34 50 536727  -20.94056  -46.93826     2963  12.8  0  0  5 10 0 0 1 1 1 0 0 0 0 0 1 0 0 1
2014   2 28  6 34 51 783822  -27.69673  -43.45810     8428  72.7  2  0  6 11 0 0 1 0 1 0 0 1 0 0 1 1 0 1
2014   2 28  6 34 51 812539  -27.60328  -43.90807     4175  68.1  1  0  7 20 0 0 1 1 1 0 0 1 0 1 1 0 0 1
2014   2 28  6 34 51 865670  -27.63009  -43.92169     4748  69.9  2  0  6 15 0 0 1 1 1 0 0 1 0 1 1 0 0 0
2014   2 28  6 34 52  22951  -29.13779  -42.55684     6609  64.5  2  0  5 10 0 0 1 1 1 0 0 1 0 0 1 0 0 0
2014   2 28  6 34 52  84718  -21.96597  -46.38147     5549 104.4  2  0  6 15 0 0 1 1 1 0 0 1 0 0 1 1 0 0
2014   2 28  6 34 52 180168  -22.23771  -45.89602     4268  82.4  2  0  6 15 0 0 1 1 1 0 0 1 0 0 1 0 0 1
2014   2 28  6 34 52 199588   32.81641 -138.58191    15090   0.7  0  0  4  6 0 0 1 1 0 0 0 1 0 0 0 1 0 0
2014   2 28  6 34 52 929322  -21.75942  -45.71303     4858 102.6  2  0  6 15 0 0 1 0 1 0 0 1 0 0 1 1 0 1
2014   2 28  6 34 53 158769  -16.42265  -51.67430     5090 102.4  2  0  6 15 0 0 1 0 1 0 0 1 0 1 1 0 0 1
2014   2 28  6 34 53 224780  -16.16563  -51.69739     5224  98.1  2  0  6 14 0 0 1 0 1 0 0 0 0 1 1 1 0 1
2014   2 28  6 34 53 664579  -28.92215  -42.79290     7497 113.8  2  0  6 14 0 0 1 1 1 0 0 1 0 0 1 1 0 0
2014   2 28  6 34 54 457253  -29.14295  -42.18719     8843  66.1  2  0  5 10 0 0 1 0 1 0 0 1 0 0 1 0 0 1
2014   2 28  6 34 54 507014  -29.03069  -42.71883     6250  81.9  2  0  6 15 0 0 1 1 1 0 0 1 0 0 1 0 0 1
2014   2 28  6 34 54 542190  -29.08917  -42.66951     7646  80.0  2  0  5 10 0 0 1 1 1 0 0 1 0 0 1 0 0 0
2014   2 28  6 34 54 680486  -23.09303  -52.05902     2908   2.5  0  0  4  6 0 0 1 1 0 0 0 0 0 0 0 1 0 1
2014   2 28  6 34 54 701086  -28.47882  -43.17536     4593  30.1  1  0  5 10 0 0 0 1 1 0 0 1 0 0 1 0 0 1
2014   2 28  6 34 55 348917    6.38857  -87.12798    20360 125.5  2  0  6 15 0 0 0 1 1 0 0 1 0 0 1 1 0 1
2014   2 28  6 34 55 788779  -13.42649  -71.03698     8468 147.6  2  0  7 21 0 0 1 1 1 0 0 1 0 1 1 0 0 1
2014   2 28  6 34 55 817841  -12.89073  -71.62701     6077 100.7  2  0  6 15 0 0 1 0 1 0 0 1 0 0 1 1 0 1
2014   2 28  6 34 55 874970  -22.12236  -45.92348     4928 106.6  2  0  6 15 0 0 1 1 1 0 0 1 0 0 1 0 0 1
2014   2 28  6 34 56 300043  -13.09733  -72.03182     4317   4.4  0  0  5  7 0 0 0 1 1 0 0 1 0 1 0 1 0 0
2014   2 28  6 34 57 762909  -12.39181  -73.13695     3079  29.6  0  0  7 20 0 0 1 1 1 0 0 1 0 1 1 1 0 0
2014   2 28  6 34 57 805040  -29.28972  -42.10542     3685   7.5  0  0  4  6 0 0 1 1 0 0 0 1 0 0 1 0 0 0
2014   2 28  6 34 57 824941  -29.28056  -42.20941     2840  12.4  0  0  6 15 0 0 1 1 1 0 0 1 0 0 1 0 0 1
2014   2 28  6 34 58 644313  -20.76128  -47.16519     3017  22.1  0  0  5 10 0 0 1 1 1 0 0 1 0 0 0 0 0 1
2014   2 28  6 34 58 811081  -20.77228  -47.14773     3329  24.6  0  0  5  9 0 0 1 1 1 0 0 1 0 0 0 0 0 1
2014   2 28  6 34 58 842799  -20.82783  -47.11459     3439  17.5  0  0  5  8 0 0 1 1 1 0 0 0 0 0 1 0 0 1
2014   2 28  6 34 59   6033  -20.75008  -47.21727     2600  31.2  0  0  7 21 0 0 1 1 1 0 0 1 0 1 1 0 0 1
2014   2 28  6 34 59  22854  -20.77026  -47.15193     2683  22.5  0  0  6 15 0 0 1 1 1 0 0 1 0 0 1 0 0 1
2014   2 28  6 34 59  38876  -20.77555  -47.15230     3387  25.6  0  0  5  9 0 0 1 1 1 0 0 1 0 0 0 0 0 1
2014   2 28  6 34 59 205487  -20.77232  -47.15591     2704  23.3  0  0  6 15 0 0 1 1 1 0 0 1 0 0 1 0 0 1
2014   2 28  6 34 59 223934    3.21596  -15.78180     6694  29.0  0  0  7 18 0 0 1 1 1 0 0 1 0 0 1 1 0 1
2014   2 28  6 34 59 249377  -20.76170  -47.10887     3155  20.2  0  0  5  9 0 0 1 0 1 0 0 1 0 0 1 0 0 1
2014   2 28  6 34 59 350110  -11.11326  -57.34436     3634  33.8  1  0  5  9 0 0 0 1 1 0 0 1 0 0 1 1 0 0
2014   2 28  6 34 59 376938  -11.18991  -57.48228     2976   9.0  0  0  5  9 0 0 0 1 1 0 0 1 0 0 0 1 0 1
2014   2 28  6 34 59 508042  -11.18454  -57.14455     4554  28.4  0  0  5  9 0 0 0 1 1 0 0 1 0 0 1 0 0 1
2014   2 28  6 34 59 803270  -29.18606  -42.36878     4125  14.9  0  0  4  6 0 0 1 1 1 0 0 1 0 0 0 0 0 0
2014   2 28  6 34 59 859505  -15.96284  -51.48082     2854  14.1  0  0  5  9 0 0 0 1 1 0 0 1 0 1 0 0 0 1
2014   2 28  6 34 59 926986  -15.90456  -51.52926     3028  39.1  0  0  7 18 0 0 1 1 1 0 0 1 0 0 1 1 0 1
2014   2 28  6 35  0 456347  -15.92646  -51.36732     3092  32.4  0  0  6 15 0 0 1 1 1 0 0 1 0 0 1 0 0 1
2014   2 28  6 35  0 874565  -18.68892 -143.10393    13670  21.6  0  0  5  7 0 0 1 1 0 0 0 1 0 0 1 1 0 0
2014   2 28  6 35  1 274412  -10.98719  -57.25446     3399  49.8  0  0  7 21 0 0 1 0 1 0 0 1 0 1 1 1 0 1
2014   2 28  6 35  1 279253    3.60124    1.33244    18643  40.6  1  0  5  7 0 0 1 1 0 0 0 0 0 0 1 1 0 1
2014   2 28  6 35  1 336407    6.69621  -78.06995     4645  48.1  0  0  7 20 0 0 1 1 1 0 0 1 0 0 1 1 0 1
2014   2 28  6 35  1 530372   -4.71642  -72.04773     4114  62.5  1  0  7 21 0 0 1 1 1 0 0 1 0 1 0 1 0 1
2014   2 28  6 35  1 578465   -4.97939  -71.76500     5791  43.1  1  0  6 15 0 0 1 1 1 0 0 1 0 0 1 0 0 1
2014   2 28  6 35  1 629285   -6.92767  -69.61830    15180  22.0  0  0  5 10 0 0 0 1 1 0 0 0 0 1 1 0 0 1
2014   2 28  6 35  1 718884   -4.69667  -71.98495     4310  60.4  1  0  7 21 0 0 1 1 1 0 0 0 0 1 1 1 0 1
2014   2 28  6 35  2 440120  -20.94110  -46.46755     3238  42.6  1  0  6 15 0 0 1 1 1 0 0 1 0 0 1 0 0 1
2014   2 28  6 35  3 650262  -23.91708  -45.68443     3752  52.1  1  0  6 15 0 0 1 1 1 0 0 1 0 0 1 0 0 1
2014   2 28  6 35  3 918607  -29.14511  -42.25258     6195  38.5  1  0  5 10 0 0 1 0 1 0 0 1 0 0 1 0 0 1
2014   2 28  6 35  4 110589  -11.95134  -73.15582     4564  78.0  2  0  7 20 0 0 1 1 1 0 0 1 0 1 1 1 0 0
2014   2 28  6 35  4 132218  -28.86964  -42.63411     5577  16.6  0  0  4  6 0 0 0 1 0 0 0 1 0 0 1 0 0 1
2014   2 28  6 35  4 149003  -31.61836 -137.20724    35223  55.1  2  0  5 10 0 0 0 0 1 0 0 1 0 1 1 1 0 0
2014   2 28  6 35  4 527110  -20.89392  -49.19167     3708  81.0  2  0  7 18 0 0 1 1 1 0 0 1 0 1 1 1 0 0
2014   2 28  6 35  5 266012  -22.45651 -140.11745    14488  66.7  1  0  7 21 0 0 1 0 1 0 0 1 0 1 1 1 0 1
2014   2 28  6 35  5 373800  -23.58849 -137.69424    41313  88.3  2  0  6 15 0 0 1 1 1 0 0 1 0 1 0 0 0 1
2014   2 28  6 35  5 497744  -31.67435  -77.95661     9126   0.5  0  0  4  6 0 0 0 1 0 0 0 0 0 0 1 1 0 1
2014   2 28  6 35  5 531909  -22.14666 -141.86272    18955  75.7  2  0  6 15 0 0 1 1 1 0 0 1 0 0 1 1 0 0
2014   2 28  6 35  6 331763   -8.82941  -76.49376     5615 102.4  2  0  7 21 0 0 1 1 0 0 0 1 0 1 1 1 0 1
2014   2 28  6 35  6 346928  -20.91939  -47.08094     5763  98.0  2  0  6 14 0 0 1 0 1 0 0 1 0 1 1 1 0 0
2014   2 28  6 35  6 451161   -8.84877  -76.21849     5138  81.5  2  0  7 20 0 0 1 0 1 0 0 1 0 1 1 1 0 1
2014   2 28  6 35  6 583439  -21.11062  -46.95551     3966  70.0  2  0  6 15 0 0 1 1 1 0 0 1 0 0 1 0 0 1
2014   2 28  6 35  6 673912   -8.78319  -76.45870     6821  96.9  2  0  6 15 0 0 1 1 1 0 0 0 0 0 1 1 0 1
2014   2 28  6 35  6 794117   -8.98073  -77.06522     8498 100.9  2  0  7 21 0 0 0 1 1 0 0 1 0 1 1 1 0 1
2014   2 28  6 35  8  45990  -29.13896  -42.29192     7853  55.4  2  0  5 10 0 0 1 0 1 0 0 1 0 0 1 0 0 1
2014   2 28  6 35  8 613621  -12.51795  156.91183    10763  24.9  1  0  4  6 0 0 1 1 0 0 0 1 0 0 0 1 0 0
2014   2 28  6 35  9  42346    7.33161  -75.83507    11799 104.4  2  0  6 15 0 0 0 1 1 0 0 1 0 0 1 1 0 1
2014   2 28  6 35 10 474625  -15.82148  -51.53478     4260 109.5  2  0  7 21 0 0 1 1 0 0 0 1 0 1 1 1 0 1
2014   2 28  6 35 11 129677  -16.06096  -51.31247     5047 105.1  2  0  6 14 0 0 1 1 1 0 0 1 0 1 0 0 0 1
2014   2 28  6 35 11 498661  -27.44993 -134.70993    25069  93.0  2  0  6 15 0 0 1 0 1 0 0 1 0 0 1 1 0 1
2014   2 28  6 35 12  31654    5.04004  -72.01343     2986  10.5  0  0  7 17 0 0 1 1 1 0 0 1 0 1 0 1 0 1
2014   2 28  6 35 12 556800  -20.94919  -46.87096     2517  11.0  0  0  6 15 0 0 1 1 0 0 0 1 0 1 1 0 1 0
2014   2 28  6 35 12 591109  -20.36316  -49.07043     2859   8.5  0  0  5  8 0 0 1 1 1 0 0 1 0 0 1 0 0 0
2014   2 28  6 35 12 885384  -29.28875  -42.14518     3177  10.9  0  0  5 10 0 0 1 1 1 0 0 1 0 0 0 0 0 1
2014   2 28  6 35 13  64733  -22.65726  -47.18782     2697  35.4  0  0  7 21 0 0 1 0 1 0 0 1 0 1 1 1 0 1
2014   2 28  6 35 13  73809  -29.28704  -42.07882     3177  12.4  0  0  5 10 0 0 1 1 1 0 0 0 0 0 1 0 0 1
2014   2 28  6 35 13  99612  -22.74372  -47.13581     2403   8.5  0  0  6 15 0 0 1 1 1 0 0 1 0 0 1 0 0 1
2014   2 28  6 35 13 264924  -22.43662  -45.71758     3095  13.7  0  0  5 10 0 0 1 1 1 0 0 1 0 0 1 0 0 0
2014   2 28  6 35 13 492820  -20.76033  -47.14132     2476  11.6  0  0  6 15 0 0 1 1 1 0 0 1 0 0 1 0 0 1
2014   2 28  6 35 13 619130  -20.76037  -47.14701     2854  13.2  0  0  5 10 0 0 1 1 1 0 0 1 0 0 1 0 0 0
2014   2 28  6 35 13 773530  -20.76582  -47.17179     3083   7.8  0  0  4  6 0 0 1 1 1 0 0 1 0 0 0 0 0 0
2014   2 28  6 35 13 828259  -20.75325  -47.18783     2441  20.9  0  0  7 21 0 0 1 1 1 0 0 1 0 1 1 0 0 1
2014   2 28  6 35 13 956766  -20.77089  -47.17097     2727   8.4  0  0  5  9 0 0 1 1 1 0 0 1 0 0 0 0 0 1
2014   2 28  6 35 14 552642    6.17398  -77.55254     5839  20.6  0  0  6 15 0 0 1 1 0 0 0 1 0 1 1 0 0 1
2014   2 28  6 35 14 581041    6.53403  -78.05947     4270  24.0  0  0  7 21 0 0 0 1 1 0 0 1 0 1 1 1 0 1
2014   2 28  6 35 14 635844    6.53028  -77.97597     6525  26.1  0  0  5  9 0 0 0 0 0 0 0 1 0 1 1 1 0 1
2014   2 28  6 35 14 816391    7.08306  -73.72178     3473  23.9  0  0  6 15 0 0 1 1 1 0 0 1 0 0 1 1 0 0
2014   2 28  6 35 14 836229    6.15350  -77.56252     6852  20.3  0  0  6 13 0 0 1 1 1 0 0 1 0 0 1 0 0 1
2014   2 28  6 35 15   3659    6.58316  -78.43708     5667  12.6  0  0  5 10 0 0 0 1 1 0 0 1 0 0 0 1 0 1
2014   2 28  6 35 16 522130  -22.68373  -46.98917     3094  55.5  1  0  7 20 0 0 1 1 0 0 0 1 0 1 1 1 0 1
2014   2 28  6 35 16 542799  -22.76244  -46.93423     2878  46.5  0  0  7 21 0 0 1 1 1 0 0 1 0 1 1 0 0 1
2014   2 28  6 35 16 686203  -20.58169  -47.30201     2878  46.8  0  0  7 20 0 0 1 1 1 0 0 1 0 1 0 1 0 1
2014   2 28  6 35 16 743145  -20.54549  -47.31111     3008  52.9  1  0  7 21 0 0 1 1 0 0 0 1 0 1 1 1 0 1
2014   2 28  6 35 16 876830  -20.59752  -47.27597     3439  43.6  1  0  6 14 0 0 1 1 0 0 0 1 0 1 1 0 0 1
2014   2 28  6 35 16 953370  -16.33197  -51.58052     3174  35.2  0  0  6 15 0 0 1 1 1 0 0 1 0 0 1 0 0 1
2014   2 28  6 35 17  93064  -29.21011  -42.28155     3936  35.9  0  0  6 15 0 0 1 1 1 0 0 1 0 0 1 0 0 1
2014   2 28  6 35 17 137104  -20.57478  -47.31501     3618  62.9  1  0  7 17 0 0 0 1 1 0 0 1 0 1 1 1 0 1
2014   2 28  6 35 17 285754  -16.39331  -51.71910     3023  50.6  1  0  7 20 0 0 0 1 1 0 0 1 0 1 1 1 0 1
2014   2 28  6 35 18  12622  -21.02933  -46.98401     3174  39.6  0  0  6 15 0 0 1 1 1 0 0 1 0 0 1 0 0 1
2014   2 28  6 35 20  62482  -29.17842  -42.40405     4793  52.4  1  0  6 15 0 0 1 1 1 0 0 1 0 0 1 0 0 1
2014   2 28  6 35 20  94047  -29.20829  -42.38160     4476  45.7  1  0  6 15 0 0 1 1 1 0 0 1 0 0 1 0 1 0
2014   2 28  6 35 20 214385  -29.18006  -42.40824     4823  53.3  1  0  6 15 0 0 1 1 1 0 0 1 0 0 1 0 0 1
2014   2 28  6 35 20 455392    5.24507  153.18050    20838  67.2  2  0  6 11 0 0 1 1 1 0 0 1 0 0 1 1 0 0
2014   2 28  6 35 20 712789   -4.45855  -71.58228     6955  68.8  2  0  6 15 0 0 0 0 1 0 0 1 0 1 1 1 0 1
2014   2 28  6 35 20 802404   -4.60395  -72.30247     6618  51.3  1  0  6 15 0 0 0 1 1 0 0 1 0 1 0 1 0 1
2014   2 28  6 35 20 861378   -4.79278  -73.12555     5118   0.7  0  0  4  6 0 0 0 1 1 0 0 0 0 1 0 1 0 0
2014   2 28  6 35 20 915833  -22.15870  -45.70206     4248  57.7  2  0  5 10 0 0 1 1 0 0 0 1 0 0 1 0 0 1
2014   2 28  6 35 21 998518  -17.03116 -135.93779    37234  93.8  2  0  6 15 0 0 1 1 1 0 0 1 0 1 0 0 0 1
2014   2 28  6 35 22   9435  -15.25778 -140.64923    12318  19.0  0  0  4  6 0 0 1 1 0 0 0 1 0 0 0 1 0 0
2014   2 28  6 35 22 409597  -23.83044  -46.45449     4781  89.5  2  0  6 15 0 0 1 1 1 0 0 1 0 0 1 0 0 1
2014   2 28  6 35 23 855718    7.25177  -73.26700     7470 105.6  2  0  7 21 0 0 1 0 1 0 0 1 0 1 1 1 0 1
2014   2 28  6 35 25 719161  -20.55555  -47.40003     3154  33.8  0  0  6 13 0 0 1 1 1 0 0 1 0 0 1 0 0 1
2014   2 28  6 35 25 862516  -24.64654  -45.69816     4638  99.1  2  0  7 21 0 0 1 1 1 0 0 1 0 0 1 1 0 1
2014   2 28  6 35 26  77621    4.92500  150.46927    17063  90.1  2  0  6 13 0 0 1 1 0 0 0 1 0 1 1 1 0 0
2014   2 28  6 35 26 321187  -12.16845  -73.80317    10182 139.6  2  0  7 20 0 0 0 1 1 0 0 1 0 1 1 1 0 1
2014   2 28  6 35 26 563360    2.83104  -84.54903    10505 146.9  2  0  7 21 0 0 1 1 1 0 0 0 0 1 1 1 0 1
2014   2 28  6 35 26 572187    2.82799  -84.54552    10533 147.2  2  0  7 21 0 0 1 1 1 0 0 0 0 1 1 1 0 1
2014   2 28  6 35 26 613740    2.98187  -85.65099    17531 123.3  2  0  6 15 0 0 0 1 1 0 0 1 0 0 1 1 0 1
2014   2 28  6 35 26 834988   -1.86610  149.55467    12240  96.6  2  0  6 15 0 0 1 0 0 0 0 1 0 1 1 1 0 1
2014   2 28  6 35 27 938323  -21.10054  -47.14560     4428 132.2  2  0  7 21 0 0 1 1 1 0 0 1 0 1 1 0 0 1
2014   2 28  6 35 28  48076  -20.99946  -46.98386     2338   5.2  0  0  7 16 0 0 1 0 1 0 0 1 0 1 1 1 0 1
2014   2 28  6 35 28 195244  -20.99903  -47.00005     2552   4.9  0  0  6 12 0 0 1 0 1 0 0 1 0 0 1 1 0 1
2014   2 28  6 35 28 256740  -21.02496  -46.94775     2583  19.2  0  0  7 19 0 0 1 1 1 0 0 1 0 0 1 1 0 1
2014   2 28  6 35 28 285624  -21.00786  -46.95415     2644   4.2  0  0  5 10 0 0 1 1 1 0 0 1 0 0 1 0 0 0
2014   2 28  6 35 28 334911  -19.09529 -142.11234     9674   5.4  0  0  4  6 0 0 1 0 0 0 0 1 0 0 1 1 0 0
2014   2 28  6 35 28 340564  -21.00089  -46.97715     2420   7.4  0  0  6 13 0 0 1 0 0 0 0 1 0 1 1 1 0 1
2014   2 28  6 35 28 369111  -21.00885  -46.94863     2766   3.4  0  0  5  8 0 0 1 1 1 0 0 1 0 0 1 0 0 0
2014   2 28  6 35 28 528170  -21.00063  -46.97129     2382   5.4  0  0  6 15 0 0 1 1 1 0 0 1 0 0 1 0 0 1
2014   2 28  6 35 28 562278  -21.00581  -46.96908     2739   4.3  0  0  5  8 0 0 1 1 0 0 0 1 0 0 1 0 0 1
2014   2 28  6 35 29 467507  -22.80033  -45.84113     2681  10.9  0  0  5 10 0 0 0 1 1 0 0 1 0 0 1 0 0 1
2014   2 28  6 35 29 690588  -22.86094  -45.92714     2748  12.5  0  0  5 10 0 0 0 1 1 0 0 1 0 0 1 0 0 1
2014   2 28  6 35 29 710706  -22.81500  -45.85328     2517  11.7  0  0  6 15 0 0 1 1 1 0 0 1 0 0 1 0 0 1
2014   2 28  6 35 30    942  -22.84929  -45.89588     2863  12.1  0  0  5  8 0 0 1 1 1 0 0 1 0 0 0 0 0 1
2014   2 28  6 35 30 981802  -15.91980  -51.41548     2426  15.8  0  0  7 21 0 0 1 1 1 0 0 1 0 1 1 0 0 1
2014   2 28  6 35 31    571  -15.91945  -51.42514     2554  16.4  0  0  6 15 0 0 0 1 1 0 0 1 0 1 1 0 0 1
2014   2 28  6 35 31 543965  -29.23032  -42.18908     3090  17.6  0  0  6 15 0 0 1 1 1 0 0 1 0 0 1 0 0 1
2014   2 28  6 35 31 662236  -18.43949 -136.91858     7629  23.5  0  0  6 15 0 0 1 1 1 0 0 1 0 0 1 1 0 0
2014   2 28  6 35 32 112839  -13.14065  -71.78487     3799  32.1  0  0  7 21 0 0 0 1 1 0 0 1 0 1 1 1 0 1
2014   2 28  6 35 32 145971  -24.37358  -45.83907     3640  31.8  1  0  5  9 0 0 1 1 1 0 0 1 0 0 0 0 0 1
2014   2 28  6 35 32 809595  -29.22108  -42.38740     3128   7.1  0  0  5  9 0 0 1 1 1 0 0 1 0 0 0 0 0 1
2014   2 28  6 35 34 376792  -30.32386  -42.22295     5345  34.7  1  0  5 10 0 0 1 0 0 0 0 1 0 1 1 0 0 1
2014   2 28  6 35 34 391199  -30.25696  -42.57383     3285  11.6  0  0  5 10 0 0 1 1 1 0 0 1 0 0 0 0 0 1
2014   2 28  6 35 34 405212  -30.25811  -42.39447     3411  36.4  0  0  7 21 0 0 1 1 1 0 0 1 0 1 1 0 0 1
2014   2 28  6 35 35 130772  -19.67920 -141.81151    11728  58.4  1  0  7 21 0 0 1 1 1 0 0 1 0 1 1 1 0 0
2014   2 28  6 35 35 541499   31.00908 -132.55638    14171   2.4  0  0  4  6 0 0 1 1 0 0 0 1 0 0 0 1 0 0
2014   2 28  6 35 35 644406  -22.20121  -46.31520     3936  67.6  1  0  7 18 0 0 1 1 0 0 0 1 0 1 1 1 1 0
2014   2 28  6 35 35 676020  -22.43740  -45.80449     3391  49.7  1  0  6 15 0 0 1 1 1 0 0 1 0 0 1 0 0 1
2014   2 28  6 35 35 692290  -22.44252  -45.84037     3846  48.6  1  0  5 10 0 0 1 1 1 0 0 1 0 0 0 0 0 1
2014   2 28  6 35 36 355820  -22.14664  -45.76002     3407  50.6  1  0  6 15 0 0 1 1 1 0 0 1 0 0 1 0 0 1
2014   2 28  6 35 36 476232  -29.03256  -42.68483     3105  32.8  0  0  7 18 0 0 1 1 1 0 0 1 0 1 0 1 0 1
2014   2 28  6 35 37 500963  -20.97634  -47.15406     3287  69.4  1  0  7 21 0 0 1 1 1 0 0 1 0 1 1 0 0 1
2014   2 28  6 35 37 533198  -20.98437  -47.11543     5100  60.9  2  0  5 10 0 0 1 1 1 0 0 1 0 0 1 0 0 0
2014   2 28  6 35 37 792303  -24.80432 -135.58989    14668  78.6  2  0  7 21 0 0 1 1 0 0 0 1 0 1 1 1 0 1
2014   2 28  6 35 37 801502  -24.77696 -136.01854    13842  70.5  2  0  7 21 0 0 1 1 1 0 0 1 0 0 1 1 0 1
2014   2 28  6 35 37 895396  -21.01971  -47.03411     4721  66.8  2  0  5 10 0 0 0 1 1 0 0 1 0 0 1 0 0 1
2014   2 28  6 35 38 319545  -20.86746  -47.00892     3694  77.5  2  0  7 19 0 0 1 0 1 0 0 1 0 1 1 1 0 1
2014   2 28  6 35 38 388942  -16.39494  -51.74656     3694  69.8  1  0  7 19 0 0 1 1 1 0 0 1 0 1 1 0 0 1
2014   2 28  6 35 38 454709  -16.32601  -51.91967     4082  78.9  2  0  6 15 0 0 1 1 1 0 0 1 0 1 0 1 0 0
2014   2 28  6 35 38 907938  -16.24667  -51.82993     5130  84.9  2  0  6 13 0 0 0 1 1 0 0 1 0 0 1 1 0 1
2014   2 28  6 35 40 101183   -2.60746  -71.86736     4809  76.9  2  0  7 21 0 0 1 0 1 0 0 1 0 1 1 1 0 1
2014   2 28  6 35 40 771568    6.87065  -78.27122     9878 104.5  2  0  6 15 0 0 1 1 1 0 0 0 0 0 1 1 0 1
2014   2 28  6 35 40 823456    7.22151  -81.94481    10610  15.8  0  0  4  6 0 0 0 1 1 0 0 0 0 1 0 1 0 0
2014   2 28  6 35 41 428103    6.85988  -78.36375     8121 119.7  2  0  7 21 0 0 1 1 1 0 0 1 0 1 1 1 0 0
2014   2 28  6 35 41 495356    6.96496  -78.92898    12968 102.4  2  0  6 15 0 0 0 1 1 0 0 1 0 0 1 1 0 1
2014   2 28  6 35 41 667834  -21.92517  -45.95850     3934  99.5  2  0  7 21 0 0 1 1 1 0 0 1 0 1 1 0 0 1
2014   2 28  6 35 43  71414  -29.02699  -43.03842     3621  25.5  0  0  5 10 0 0 1 1 1 0 0 0 0 1 0 0 0 1
2014   2 28  6 35 43 652430  -22.12863  -45.94999     4828 102.5  2  0  6 15 0 0 1 1 1 0 0 1 0 0 1 0 0 1
2014   2 28  6 35 43 708867  -21.84136  -46.45644     4392 112.9  2  0  7 20 0 0 1 1 1 0 0 1 0 1 1 1 0 0
2014   2 28  6 35 43 789219  -21.95860  -46.14085     4995 145.9  2  0  7 21 0 0 1 1 1 0 0 1 0 0 1 1 0 1
2014   2 28  6 35 44 319459  -15.90490  -51.22971     2396  14.2  0  0  7 21 0 0 1 1 1 0 0 1 0 1 1 0 0 1
2014   2 28  6 35 44 660898  -20.70982  -47.20151     2362  15.0  0  0  7 21 0 0 1 1 1 0 0 1 0 1 1 0 0 1
2014   2 28  6 35 45  91855  -20.95195  -47.04683     2768  19.6  0  0  6 13 0 0 0 1 1 0 0 1 0 1 1 0 0 1
2014   2 28  6 35 45 367889  -20.97801  -47.01437     2438   8.9  0  0  6 15 0 0 1 1 1 0 0 1 0 0 1 0 0 1
2014   2 28  6 35 45 453205  -27.86348  -43.29257     2802  12.2  0  0  6 15 0 0 1 1 1 0 0 1 0 0 1 0 0 1
2014   2 28  6 35 45 885594  -22.73474  -45.94869     2838  16.8  0  0  5 10 0 0 0 1 1 0 0 1 0 0 1 0 0 1
2014   2 28  6 35 46  64157  -22.72374  -46.02326     3057  12.2  0  0  5 10 0 0 1 1 1 0 0 1 0 0 1 0 0 0
2014   2 28  6 35 46 622313  -29.28541  -42.24588     3185   2.2  0  0  4  6 0 0 1 1 0 0 0 0 0 1 0 0 0 1
2014   2 28  6 35 46 947244  -18.89467 -142.62193     6494   1.1  0  0  5 10 0 0 1 1 0 0 0 1 0 0 1 1 0 0
2014   2 28  6 35 47   9370  -29.32135  -42.11818     3228  21.2  0  0  6 15 0 0 1 1 1 0 0 1 0 0 1 0 0 1
2014   2 28  6 35 47 119405  -20.26378 -140.08775    21382  10.8  0  0  4  6 0 0 1 1 0 0 0 1 0 0 1 0 0 0
2014   2 28  6 35 48 492702    4.89552  154.27759    29177  38.6  1  0  4  6 0 0 1 0 0 0 0 0 0 0 1 1 0 1
2014   2 28  6 35 48 587529   -6.10686  -74.65565     5364  48.6  1  0  6 15 0 0 0 1 0 0 0 1 0 1 1 1 0 1
2014   2 28  6 35 48 645237   -6.02129  -74.64195     3626  10.2  0  0  4  6 0 0 1 1 0 0 0 0 0 0 1 1 0 0
2014   2 28  6 35 48 875204  -22.69660  -47.15892     3423  52.4  1  0  6 15 0 0 1 1 0 0 0 1 0 1 1 0 0 1
2014   2 28  6 35 48 937497  -22.68911  -47.12477     2996  51.5  1  0  7 21 0 0 1 1 1 0 0 1 0 0 1 1 0 1
2014   2 28  6 35 49  38259  -11.77920  -47.96017     3692   3.4  0  0  4  6 0 0 1 0 0 0 0 0 0 0 1 1 0 1
2014   2 28  6 35 49 104496  -22.70925  -47.24088     3050  50.5  1  0  7 20 0 0 1 0 1 0 0 1 0 1 1 0 1 1
2014   2 28  6 35 49 219395  -22.72394  -47.14195     2948  51.3  1  0  7 21 0 0 1 1 1 0 0 1 0 1 1 0 0 1
2014   2 28  6 35 49 351939  -22.66080  -47.11135     2816  45.0  0  0  7 21 0 0 1 0 1 0 0 1 0 1 1 1 0 1
2014   2 28  6 35 49 387683  -22.77751  -47.06657     3501  38.0  1  0  5 10 0 0 1 1 1 0 0 1 0 0 0 0 0 1
2014   2 28  6 35 49 668756  -20.87789   62.26004    33583  37.3  1  0  5 10 0 0 1 1 1 0 0 0 0 0 1 0 0 1
2014   2 28  6 35 49 734539   19.83232 -118.06513    23986  50.5  1  0  6 15 0 0 0 1 1 0 0 1 0 0 1 1 0 1
2014   2 28  6 35 49 942225  -14.26416  -43.89180     4247  51.2  2  0  5  9 0 0 1 1 0 0 0 1 0 0 1 0 0 1
2014   2 28  6 35 49 952374  -14.26313  -43.90809     3314  47.4  1  0  6 14 0 0 1 1 1 0 0 1 0 0 1 0 0 1
2014   2 28  6 35 50 505862  -25.09183  -44.87071     4931   5.5  0  0  4  6 0 0 0 1 1 0 0 1 0 1 0 0 0 0
2014   2 28  6 35 50 537619  -24.87512  -44.86240     4088  41.6  1  0  5 10 0 0 1 1 1 0 0 0 0 0 1 0 0 1
2014   2 28  6 35 50 558580    4.47024  -73.41061     7019  48.0  1  0  5  8 0 0 0 1 1 0 0 1 0 0 1 1 0 0
2014   2 28  6 35 50 584615    6.70985  -78.13181     4985  45.1  1  0  6 15 0 0 1 1 0 0 0 1 0 0 1 1 0 1
2014   2 28  6 35 50 664886  -13.05628  -43.25203     6417  42.6  1  0  5 10 0 0 1 0 1 0 0 1 0 1 1 0 0 0
2014   2 28  6 35 50 872415    4.40378  -73.21906    12525  57.8  2  0  5  7 0 0 1 1 1 0 0 1 0 0 0 1 0 0
2014   2 28  6 35 50 975326    4.36225  -73.10391     5436  68.4  1  0  7 20 0 0 1 1 1 0 0 0 0 1 1 1 0 1
2014   2 28  6 35 51  30706  -20.68144  -47.18134     3943  44.1  1  0  5 10 0 0 1 1 1 0 0 1 0 0 0 0 0 1
2014   2 28  6 35 51  35827    4.40814  -73.14542     4044  52.6  1  0  7 21 0 0 1 1 1 0 0 1 0 0 1 1 0 1
2014   2 28  6 35 51  89661  -29.19723  -42.34418     5333  49.0  1  0  5 10 0 0 1 1 1 0 0 0 0 0 1 0 0 1
2014   2 28  6 35 54 279205   -5.38941   -0.87237    87644  65.9  2  0  5  9 0 0 1 1 1 0 0 0 0 0 1 0 0 1
2014   2 28  6 35 54 720770  -20.27427  -49.32957     3884  93.6  2  0  7 20 0 0 1 1 1 0 0 1 0 1 1 1 0 0
2014   2 28  6 35 54 975762  -20.72301  -46.73331     3601  27.3  1  0  4  6 0 0 0 1 0 0 0 1 0 1 0 0 0 1
2014   2 28  6 35 55 628877  -29.07309  -42.54469     7248  78.6  2  0  5 10 0 0 1 1 1 0 0 0 0 0 1 0 0 1
2014   2 28  6 35 56  18504  -16.26384  -51.70434     6281  84.5  2  0  6 11 0 0 1 1 1 0 0 1 0 0 1 0 0 1
2014   2 28  6 35 56 900095  -29.21178  -42.03637     8302  60.0  2  0  5 10 0 0 1 0 1 0 0 1 0 0 1 0 0 1
2014   2 28  6 35 56 969740   -5.40067  -69.50735    21843  73.0  2  0  5  9 0 0 0 0 1 0 0 1 0 1 1 0 0 1
2014   2 28  6 35 57  28570  -29.09474  -42.57313     6107  78.4  2  0  6 15 0 0 1 1 1 0 0 1 0 0 1 0 0 1
2014   2 28  6 35 57 274924    5.00454  -76.17608    14479 117.5  2  0  7 21 0 0 1 1 1 0 0 1 0 1 1 0 0 1
2014   2 28  6 35 57 871473  -21.43964  -46.68042     3146  18.6  0  0  5 10 0 0 1 1 1 0 0 0 0 0 1 0 0 1
2014   2 28  6 35 57 881565  -21.06867  -47.13567     4219 119.4  2  0  7 21 0 0 1 1 1 0 0 1 0 1 1 0 0 1
2014   2 28  6 35 57 939949  -21.00509  -47.07748     5203 136.5  2  0  7 20 0 0 1 1 1 0 0 1 0 0 1 1 0 1
2014   2 28  6 35 58  23616  -21.15102  -46.91287     4659  92.4  2  0  6 15 0 0 1 1 1 0 0 1 0 0 1 0 0 1
2014   2 28  6 35 58  44552  -21.15047  -46.91321     4671  92.9  2  0  6 15 0 0 1 1 1 0 0 1 0 0 1 0 0 1
2014   2 28  6 35 58  98054  -20.93751  -46.75650     4551  96.5  2  0  6 14 0 0 1 0 1 0 0 1 0 0 1 1 0 1
2014   2 28  6 35 58 197537  -21.00398  -47.07965     5265 139.0  2  0  7 20 0 0 1 1 1 0 0 1 0 0 1 1 0 1
2014   2 28  6 35 58 597412  -33.35493  -41.02190     3836   9.0  0  0  4  6 0 0 1 1 0 0 0 1 0 1 0 0 0 0
2014   2 28  6 35 58 618013  -33.55573  -39.74482     9243 107.7  2  0  7 21 0 0 1 0 1 0 0 1 0 1 1 1 0 1
2014   2 28  6 35 58 671717  -31.95173  -41.54039     7165  37.5  1  0  5 10 0 0 0 1 1 0 0 0 0 1 1 0 0 1
2014   2 28  6 35 58 771895    5.65168  151.50394    13666  17.9  0  0  4  6 0 0 1 1 0 0 0 0 0 0 1 1 0 0
2014   2 28  6 35 59 111972  -20.78830  -47.48002     4406 130.1  2  0  7 20 0 0 1 1 1 0 0 1 0 1 0 1 0 1
2014   2 28  6 35 59 631446    1.20488    1.42702    24985 121.8  2  0  6 14 0 0 1 1 1 0 0 1 0 0 0 1 0 1
2014   2 28  6 36  0 486256  -29.30249  -42.11217     3175   8.8  0  0  5 10 0 0 1 1 1 0 0 1 0 0 0 0 0 1
2014   2 28  6 36  1 272263   -6.08475  155.90578     6270  27.3  0  0  6 15 0 0 1 1 1 0 0 1 0 0 1 1 0 0
2014   2 28  6 36  1 374742   -6.07447  155.93712     7352  24.9  0  0  5 10 0 0 1 1 0 0 0 1 0 0 1 1 0 0
2014   2 28  6 36  1 664994  -20.96375  -46.96391     2699  11.5  0  0  5 10 0 0 1 1 1 0 0 1 0 0 0 0 0 1
2014   2 28  6 36  1 686813  -21.41800  -46.52090     2464  12.0  0  0  6 15 0 0 1 1 1 0 0 1 0 0 1 0 0 1
2014   2 28  6 36  1 821845   -3.29192  -71.78652     6894  13.4  0  0  5 10 0 0 1 1 1 0 0 0 0 1 0 0 0 1
2014   2 28  6 36  1 841167   -2.78010  -72.36872     4570   8.7  0  0  4  6 0 0 0 1 1 0 0 1 0 0 0 1 0 0
2014   2 28  6 36  1 944458  -15.91752  -51.41325     2479  19.3  0  0  7 21 0 0 1 1 1 0 0 1 0 1 1 0 0 1
2014   2 28  6 36  1 997244  -15.90797  -51.42250     2600  18.2  0  0  6 15 0 0 1 1 1 0 0 1 0 1 0 0 0 1
2014   2 28  6 36  2  78789  -15.90335  -51.37975     3708  19.6  0  0  5  9 0 0 0 1 1 0 0 0 0 1 1 0 0 1
2014   2 28  6 36  2 736826    6.42660  -76.85992     4112  12.7  0  0  6 11 0 0 1 1 0 0 0 1 0 0 1 1 0 1
2014   2 28  6 36  3 106587  -30.60881  -42.26820     3481  18.8  0  0  7 20 0 0 0 1 1 0 0 1 0 1 1 1 0 1
2014   2 28  6 36  3 144371  -30.37328  -42.66674     9477  87.2  2  0  6 15 0 0 0 1 1 0 0 1 0 0 1 0 1 1
2014   2 28  6 36  3 393222  -30.55858  -42.31231     3544  20.2  0  0  7 20 0 0 0 1 1 0 0 1 0 1 1 1 0 1
2014   2 28  6 36  3 501468    2.18317  -98.10329    14398  18.3  0  0  4  6 0 0 0 1 1 0 0 1 0 0 0 1 0 0
2014   2 28  6 36  4 206347   -3.31241  -71.63283     8368  31.2  0  0  6 15 0 0 1 1 1 0 0 0 0 1 1 0 0 1
2014   2 28  6 36  4 539196  -21.81092 -141.21870     8394  34.3  0  0  7 21 0 0 1 1 1 0 0 1 0 0 1 1 0 1
2014   2 28  6 36  4 696322  -19.65848 -171.65454    22922  39.2  1  0  5 10 0 0 0 0 0 0 0 1 0 1 1 1 0 1
2014   2 28  6 36  4 717743  -19.29051 -172.22441    33287  11.0  0  0  4  6 0 0 1 1 0 0 0 1 0 0 1 0 0 0
2014   2 28  6 36  4 826850  -19.37003 -172.66351    13732  34.1  0  0  6 15 0 0 0 1 1 0 0 1 0 0 1 1 0 1
2014   2 28  6 36  5  47426    5.76418  -85.48790     7215  58.1  1  0  6 14 0 0 1 1 1 0 0 0 0 1 0 1 0 1
2014   2 28  6 36  5  90026  -26.28661  -52.49178     3582  15.3  0  0  4  6 0 0 1 0 0 0 0 1 0 0 1 0 0 1
2014   2 28  6 36  5 108391  -20.90817  -46.74437     5024  47.6  1  0  5  8 0 0 1 1 0 0 0 0 0 0 1 1 0 1
2014   2 28  6 36  5 118031    5.04471  -84.67118     8699  26.5  0  0  5  9 0 0 1 0 1 0 0 1 0 1 0 0 0 1
2014   2 28  6 36  5 118052  -21.05516  -46.63071     2998  33.7  0  0  6 15 0 0 1 1 1 0 0 1 0 0 1 0 0 1
2014   2 28  6 36  5 135045    5.79240  -85.54337     5475  56.4  1  0  7 21 0 0 1 1 1 0 0 1 0 1 0 1 0 1
2014   2 28  6 36  5 282112  -21.05641  -46.62835     3005  33.9  0  0  6 15 0 0 1 1 1 0 0 1 0 0 1 0 0 1
2014   2 28  6 36  5 299191  -21.06360  -46.66081     3461  33.0  1  0  5 10 0 0 1 1 1 0 0 1 0 0 0 0 0 1
2014   2 28  6 36  5 392188  -16.06294  -51.26331     2909  41.9  0  0  7 20 0 0 0 0 1 0 0 1 0 1 1 1 1 1
2014   2 28  6 36  5 971831  -16.04342  -51.22811     6186  45.6  1  0  5  8 0 0 0 1 1 0 0 1 0 0 1 0 0 1
2014   2 28  6 36  6 493681  -22.32547  -46.03972     3160  56.4  1  0  7 18 0 0 1 1 1 0 0 1 0 1 0 1 0 1
2014   2 28  6 36  6 746820    6.83234  -61.93216     4168  21.9  0  0  5 10 0 0 1 0 1 0 0 0 0 0 1 1 0 1
2014   2 28  6 36  6 783845  -29.23801  -42.29256     4966  35.8  1  0  5 10 0 0 1 1 0 0 0 1 0 0 1 0 0 1
2014   2 28  6 36  6 792173  -29.20314  -42.36227     4946  40.0  1  0  5 10 0 0 1 1 1 0 0 1 0 0 1 0 0 0
2014   2 28  6 36  6 808061  -29.16064  -42.56430     3090   8.9  0  0  5 10 0 0 1 1 1 0 0 1 0 0 0 0 0 1
2014   2 28  6 36  6 846820  -29.17657  -42.35864     4033  37.1  0  0  6 15 0 0 1 1 1 0 0 1 0 0 1 0 0 1
2014   2 28  6 36  6 882155  -28.90491  -42.58818     3711  13.1  0  0  5 10 0 0 0 1 1 0 0 1 0 0 1 0 0 1
2014   2 28  6 36  7   7936  -29.17155  -42.36998     4069  37.9  0  0  6 15 0 0 1 1 1 0 0 1 0 0 1 0 0 1
2014   2 28  6 36  7 500882  -24.54952  -45.71552     3201  43.6  0  0  7 19 0 0 1 1 0 0 0 1 0 1 1 1 0 1
2014   2 28  6 36  7 532948  -24.49225  -45.64264     3923  50.0  1  0  6 14 0 0 0 1 1 0 0 1 0 0 1 1 0 1
2014   2 28  6 36  9 559742  -21.02357  -47.15416     3502  81.4  2  0  7 21 0 0 1 1 1 0 0 1 0 1 1 0 0 1
2014   2 28  6 36  9 596401  -21.04579  -47.14777     5107  79.1  2  0  6 11 0 0 0 1 1 0 0 1 0 1 1 0 0 1
2014   2 28  6 36  9 954254  -22.45798  -45.68643     3884  70.2  2  0  6 15 0 0 1 1 1 0 0 1 0 0 1 0 0 1
2014   2 28  6 36 10 471806  -20.62297  -47.34877     3543  83.7  2  0  7 21 0 0 1 1 1 0 0 1 0 1 1 0 0 1
2014   2 28  6 36 10 934639  -25.72504 -132.61105    34704 101.5  2  0  7 21 0 0 1 1 1 0 0 1 0 1 1 0 0 1
2014   2 28  6 36 11 113018  -22.60686  -45.86469     3722  88.4  2  0  7 20 0 0 1 0 1 0 0 1 0 1 1 1 0 1
2014   2 28  6 36 11 223505   -6.19083  -75.06258     8048 104.5  2  0  7 21 0 0 0 1 1 0 0 1 0 1 1 1 0 1
2014   2 28  6 36 11 320780   -6.18047  -75.05874     8092 105.5  2  0  7 21 0 0 0 1 1 0 0 1 0 1 1 1 0 1
2014   2 28  6 36 11 381123   -6.20027  -75.08179     8143 106.1  2  0  7 21 0 0 0 1 1 0 0 1 0 1 1 1 0 1
2014   2 28  6 36 11 458477   -6.11771  -74.36109     5079  85.8  2  0  7 21 0 0 1 0 1 0 0 1 0 1 1 1 0 1
2014   2 28  6 36 11 468545   -5.96712  -74.93238     4723  75.0  2  0  6 12 0 0 1 1 1 0 0 1 0 0 1 1 0 0
2014   2 28  6 36 11 762141   -6.80403  -77.43896     8031  14.5  0  0  4  6 0 0 0 1 1 0 0 0 0 1 0 1 0 0
2014   2 28  6 36 11 780015   -4.97807  -81.42049    16365  10.5  0  0  5  8 0 0 0 1 1 0 0 1 0 1 0 0 0 1
2014   2 28  6 36 11 830774   -6.02103  -74.19004     4856  41.3  1  0  5 10 0 0 1 0 1 0 0 0 0 0 1 1 0 1
2014   2 28  6 36 12  92333    7.28975  -74.37924    11601  99.6  2  0  6 13 0 0 0 1 1 0 0 1 0 0 1 1 0 1
2014   2 28  6 36 12 170804   -6.10920  -74.38737     5229  90.4  2  0  7 21 0 0 1 0 1 0 0 1 0 1 1 1 0 1
2014   2 28  6 36 12 191267   -5.93520  -74.96507     5065  45.0  1  0  5  9 0 0 1 1 0 0 0 1 0 0 1 1 0 0
2014   2 28  6 36 12 238509   -6.05171  -74.72266     5354  98.9  2  0  7 21 0 0 1 1 1 0 0 1 0 0 1 1 0 1
2014   2 28  6 36 13 826165  -22.78153  -47.08266     4455 119.6  2  0  7 20 0 0 1 1 1 0 0 1 0 0 1 1 0 1
2014   2 28  6 36 14 266109  -21.06142  -47.33196     5120  93.6  2  0  6 11 0 0 1 1 1 0 0 1 0 1 0 1 0 0
2014   2 28  6 36 14 376169  -21.14406  -46.95434     4696  95.8  2  0  6 15 0 0 1 1 1 0 0 1 0 0 1 0 0 1
2014   2 28  6 36 14 548363  -29.16614  -42.17653     8970  66.2  2  0  5 10 0 0 1 0 1 0 0 1 0 0 1 0 0 1
2014   2 28  6 36 15  95428    7.40038  -75.73562    13767  85.1  2  0  6 14 0 0 0 1 1 0 0 1 0 1 0 1 0 1
2014   2 28  6 36 15 217555  -20.71930  -47.17685     4936 102.8  2  0  6 15 0 0 1 1 1 0 0 1 0 0 1 0 0 1
2014   2 28  6 36 15 289137   -4.66175  -71.89478     5812 110.6  2  0  7 21 0 0 1 0 1 0 0 1 0 1 1 1 0 1
2014   2 28  6 36 15 376875   -5.07831  -71.70266    12109 120.6  2  0  6 15 0 0 1 1 1 0 0 1 0 0 1 0 0 1
2014   2 28  6 36 15 491396   -4.61687  -72.25516     6573 146.4  2  0  7 21 0 0 1 1 0 0 0 1 0 1 1 1 0 1
2014   2 28  6 36 15 891064   -5.40067  -75.40337     5843   2.6  0  0  4  6 0 0 0 1 0 0 0 0 0 1 0 1 0 1
2014   2 28  6 36 16 119402  -29.00147 -132.81483    10749  10.8  0  0  6 15 0 0 1 1 1 0 0 1 0 0 1 0 0 1
2014   2 28  6 36 16 131569  -28.98474 -132.81598    10681  10.5  0  0  6 15 0 0 1 1 1 0 0 1 0 0 1 0 0 1
2014   2 28  6 36 17 239101   -9.20809  -75.87978     6313   7.8  0  0  5  9 0 0 0 1 1 0 0 1 0 0 1 0 0 1
2014   2 28  6 36 17 451436  -20.73845  -47.17084     2796  26.5  0  0  6 15 0 0 1 1 1 0 0 1 0 0 0 1 0 1
2014   2 28  6 36 17 475188  -20.72034  -47.11162     2550  25.2  0  0  7 21 0 0 1 0 1 0 0 1 0 1 1 1 0 1
2014   2 28  6 36 17 510197  -20.70336  -47.13622     2511  22.4  0  0  7 21 0 0 1 1 1 0 0 0 0 1 1 1 0 1
2014   2 28  6 36 17 549551   -8.95932  -76.38767     2880  19.3  0  0  7 20 0 0 1 1 0 0 0 1 0 1 1 1 0 1
2014   2 28  6 36 17 567173  -20.76139  -47.11138     2375   7.6  0  0  6 15 0 0 1 1 1 0 0 1 0 1 1 0 0 0
2014   2 28  6 36 17 586061  -20.90896  -46.41056     2696   8.3  0  0  5 10 0 0 1 0 1 0 0 1 0 0 1 0 0 1
2014   2 28  6 36 17 592739  -20.76490  -47.10173     2919   8.7  0  0  5  8 0 0 1 0 1 0 0 1 0 0 1 0 0 1
2014   2 28  6 36 17 635763  -20.74929  -47.13216     2742   6.5  0  0  5  9 0 0 1 1 0 0 0 1 0 1 1 0 0 0
2014   2 28  6 36 17 695045  -20.76343  -47.11576     2267   8.8  0  0  7 21 0 0 1 1 1 0 0 1 0 1 1 0 0 1
2014   2 28  6 36 18 605093   -4.26745  -69.90723     4583  28.0  0  0  5 10 0 0 0 0 1 0 0 1 0 0 1 1 0 1
2014   2 28  6 36 18 634247   -9.79482  -43.35172     3360  12.5  0  0  4  6 0 0 0 1 0 0 0 0 0 0 1 1 0 1
2014   2 28  6 36 19 399497  -29.11265  -42.33303     4493  24.0  0  0  5 10 0 0 0 1 1 0 0 1 0 0 1 0 0 1
2014   2 28  6 36 20  27818  -20.92417  -46.98309     3584  24.4  1  0  4  6 0 0 0 1 0 0 0 1 0 0 1 0 0 1
2014   2 28  6 36 20 280793  -13.34482  -71.14600     5166  31.6  1  0  5 10 0 0 1 1 1 0 0 1 0 0 1 0 0 0
2014   2 28  6 36 20 292566  -13.20131  -71.35634     3601  39.6  0  0  6 15 0 0 1 1 1 0 0 1 0 0 1 1 0 0
2014   2 28  6 36 21  85183    7.17809  -74.08495     4772  41.9  1  0  6 13 0 0 1 1 1 0 0 1 0 0 1 1 0 0
2014   2 28  6 36 21 228806    6.80213  152.69724    18477  65.4  2  0  5  9 0 0 1 1 0 0 0 1 0 0 1 1 0 0
2014   2 28  6 36 21 882994  -20.41189  -49.07943     2991  36.9  0  0  7 16 0 0 1 1 1 0 0 1 0 1 1 0 0 1
2014   2 28  6 36 22  26535  -20.37075  -49.12067     3460  67.7  1  0  7 18 0 0 1 1 1 0 0 1 0 1 0 1 0 1
2014   2 28  6 36 22 349701  -29.20214  -42.33897     4617  43.3  1  0  6 14 0 0 1 1 1 0 0 1 0 0 1 0 0 1
2014   2 28  6 36 23  13776  -15.73113 -139.23885    12763  51.6  1  0  6 15 0 0 1 1 0 0 0 1 0 0 1 1 0 1
2014   2 28  6 36 23 299651  -15.79188 -138.56577    15749  60.8  2  0  6 15 0 0 1 1 1 0 0 0 0 0 1 1 0 1
2014   2 28  6 36 23 437693  -15.54691 -139.80365     8809  14.9  0  0  5  9 0 0 1 1 0 0 0 1 0 0 1 1 0 0
2014   2 28  6 36 23 631017  -13.60071  -36.56301    12664  55.9  1  0  6 11 0 0 1 1 0 0 0 1 0 0 1 1 0 1
2014   2 28  6 36 23 683535  -13.83575  -39.25162     3733  42.8  0  0  7 21 0 0 1 1 1 0 0 1 0 0 1 1 0 1
2014   2 28  6 36 23 722642  -13.85409  -39.35917     3750  25.4  0  0  5 10 0 0 1 1 1 0 0 1 0 0 0 0 0 1
2014   2 28  6 36 23 828280  -22.12086  -45.78562     3800  69.2  1  0  7 17 0 0 1 1 1 0 0 1 0 0 1 1 0 1
2014   2 28  6 36 23 845364  -22.08589  -45.84065     4745  30.1  1  0  5  7 0 0 1 1 1 0 0 1 0 0 1 0 0 0
2014   2 28  6 36 23 899355  -16.20645  -51.15191     3904  38.7  0  0  6 15 0 0 1 1 1 0 0 0 0 1 1 0 0 1
2014   2 28  6 36 23 955572  -15.98198  -51.29256     3174  51.6  1  0  7 21 0 0 1 1 1 0 0 1 0 1 1 0 0 1
2014   2 28  6 36 24 682786  -12.08180  -73.42587     5994  70.2  2  0  7 21 0 0 0 1 1 0 0 1 0 1 1 1 0 1
2014   2 28  6 36 24 713723  -12.20179  -72.85519     9025  67.6  2  0  5 10 0 0 1 1 1 0 0 1 0 0 1 0 0 0
2014   2 28  6 36 24 795315  -12.83110  -72.25640    12028  59.7  1  0  6 15 0 0 1 1 1 0 0 0 0 1 1 0 0 1
2014   2 28  6 36 24 901055  -11.79610  -72.52383     6150  14.6  0  0  4  6 0 0 0 0 0 0 0 0 0 1 1 1 0 1
2014   2 28  6 36 25 265545  -28.78500  -42.75807     4773  30.4  1  0  5 10 0 0 0 1 1 0 0 1 0 0 1 0 0 1
2014   2 28  6 36 25 549185  -12.37618  -74.15977     6876  45.7  1  0  6 15 0 0 0 1 1 0 0 1 0 1 0 1 0 1
2014   2 28  6 36 25 558047  -11.97033  -73.00810     4158  64.8  1  0  7 20 0 0 1 0 1 0 0 1 0 1 1 1 0 1
2014   2 28  6 36 25 612839   -5.41514  -77.62649     7319 102.2  2  0  6 15 0 0 1 0 1 0 0 0 0 1 1 1 0 1
2014   2 28  6 36 25 888633    9.04426  163.91628    12251  72.5  2  0  6 15 0 0 1 1 1 0 0 1 0 0 1 1 0 0
2014   2 28  6 36 26  83635  -11.97645  -73.00711     4250  67.1  1  0  7 20 0 0 1 0 1 0 0 1 0 1 1 1 0 1
2014   2 28  6 36 26 116722  -23.76664 -137.30290    23704  47.9  1  0  6 15 0 0 1 0 1 0 0 1 0 1 1 0 0 1
2014   2 28  6 36 26 341797  -22.43351 -140.96776    13747  65.5  1  0  7 21 0 0 1 0 1 0 0 1 0 1 1 1 0 1
2014   2 28  6 36 27 204202  -18.41414 -144.04346    19838  82.2  2  0  6 15 0 0 1 1 1 0 0 1 0 0 1 1 0 0
2014   2 28  6 36 27 289720  -12.32063  -73.36405     5028  97.5  2  0  7 21 0 0 1 1 1 0 0 1 0 0 1 1 0 1
2014   2 28  6 36 27 296975  -18.19117 -144.80992    10899  25.8  0  0  5 10 0 0 1 1 0 0 0 1 0 0 1 1 0 0
2014   2 28  6 36 27 547551  -28.67976  -42.88423     8269  38.8  1  0  5 10 0 0 0 0 1 0 0 1 0 1 1 0 0 1
2014   2 28  6 36 27 564856  -29.11162  -42.55363     5740  72.8  2  0  6 15 0 0 1 1 1 0 0 1 0 0 1 0 0 1
2014   2 28  6 36 27 597859  -29.11346  -42.54925     5776  73.3  2  0  6 15 0 0 1 1 1 0 0 1 0 0 1 0 0 1
2014   2 28  6 36 27 622731  -29.10367  -42.54774     5726  72.5  2  0  6 15 0 0 1 1 1 0 0 1 0 0 1 0 0 1
2014   2 28  6 36 27 894760  -14.05596  -43.93663     4148  86.9  2  0  6 15 0 0 1 1 1 0 0 1 0 0 1 0 0 1
2014   2 28  6 36 28 771971  -22.47019  -45.59526     3013  13.7  0  0  4  6 0 0 1 0 0 0 0 1 0 0 1 0 0 1
2014   2 28  6 36 30  40518    7.02679  -74.93443    10460 121.3  2  0  7 17 0 0 1 1 1 0 0 1 0 0 1 1 0 1
2014   2 28  6 36 31  79249   -3.15409  142.77521     9249  22.9  1  0  4  6 0 0 0 1 0 0 0 0 0 0 1 1 0 1
2014   2 28  6 36 31 134613  -21.87284 -140.71732    19827 100.3  2  0  7 21 0 0 1 0 1 0 0 1 0 1 1 1 0 1
2014   2 28  6 36 31 160421  -21.60179 -142.15765    23236 128.8  2  0  7 21 0 0 1 1 1 0 0 1 0 1 1 1 0 0
2014   2 28  6 36 31 191514  -21.52609 -142.72772    22656 119.8  2  0  7 21 0 0 1 1 1 0 0 1 0 0 1 1 0 1
2014   2 28  6 36 31 200573  -21.38088 -143.26085    26208 110.5  2  0  6 15 0 0 1 1 1 0 0 1 0 0 1 1 0 0
2014   2 28  6 36 31 240242  -10.77027  -57.92748     3178  18.5  0  0  5  7 0 0 1 1 0 0 0 1 0 0 1 1 0 0
2014   2 28  6 36 31 311317   -1.59408  149.67693    11368  96.9  2  0  6 15 0 0 1 1 1 0 0 1 0 0 1 1 0 0
2014   2 28  6 36 31 361080  -21.84787 -139.34048    30016  74.8  2  0  5  9 0 0 1 0 1 0 0 0 0 0 1 1 0 1
2014   2 28  6 36 31 379595  -21.54191 -142.77295    22946 121.5  2  0  7 21 0 0 1 1 1 0 0 1 0 0 1 1 0 1
2014   2 28  6 36 31 590497  -28.51446  -43.16338     5319  40.0  1  0  5 10 0 0 0 1 1 0 0 1 0 0 1 0 0 1
2014   2 28  6 36 31 665850  -29.13949  -42.64145     7026  97.0  2  0  6 15 0 0 1 1 1 0 0 1 0 0 1 0 0 1
2014   2 28  6 36 31 742686  -12.90076  -71.52091     5332 110.6  2  0  7 21 0 0 1 0 1 0 0 1 0 1 1 1 0 1
2014   2 28  6 36 31 762645  -12.78051  -71.37096     5206  59.1  2  0  5 10 0 0 1 0 1 0 0 0 0 0 1 1 0 1
2014   2 28  6 36 31 774224  -12.90119  -71.63570     6309 107.1  2  0  6 15 0 0 1 0 1 0 0 1 0 0 1 1 0 1
2014   2 28  6 36 32 299355  -13.04698  -71.53654     4735   5.4  0  0  5 10 0 0 1 1 0 0 0 0 0 1 1 0 0 1
2014   2 28  6 36 32 385326  -13.11181  -71.71262     4200  11.2  0  0  4  6 0 0 0 0 0 0 0 1 0 0 1 1 0 1
2014   2 28  6 36 32 632555    2.46027  -17.67032     6307  17.3  0  0  6 15 0 0 1 1 1 0 0 1 0 0 0 1 0 1
2014   2 28  6 36 32 788599  -20.77811  -47.10929     2402   6.5  0  0  6 15 0 0 1 1 1 0 0 1 0 0 1 0 0 1
2014   2 28  6 36 33 122885    5.12445  -72.64050     4616  10.4  0  0  5  8 0 0 0 1 1 0 0 1 0 0 0 1 0 1
2014   2 28  6 36 33 430757  -29.28303  -42.16861     3850  13.8  0  0  5 10 0 0 1 0 1 0 0 1 0 0 1 0 0 1
2014   2 28  6 36 33 451979  -29.30205  -42.09428     2880  15.0  0  0  6 15 0 0 1 1 1 0 0 1 0 0 1 0 0 1
2014   2 28  6 36 33 516556  -29.28879  -42.08838     3458   4.4  0  0  4  6 0 0 1 1 0 0 0 0 0 0 1 0 0 1
2014   2 28  6 36 33 933598  -21.87061  -45.81232     2393  15.9  0  0  7 20 0 0 1 1 1 0 0 1 0 1 1 0 0 1
2014   2 28  6 36 34   7467  -21.88664  -45.78127     2420   9.7  0  0  6 15 0 0 1 1 1 0 0 1 0 0 1 0 0 1
2014   2 28  6 36 34 199013   31.63755 -130.24472     7038  14.3  0  0  6 15 0 0 1 1 1 0 0 0 0 1 1 1 0 0
2014   2 28  6 36 35 137887  -20.98249  -46.96849     2540  22.4  0  0  7 19 0 0 1 1 1 0 0 1 0 1 1 0 0 1
2014   2 28  6 36 35 989110  -29.16862  -42.31321     4064  17.9  0  0  5 10 0 0 0 1 1 0 0 1 0 0 1 0 0 1
2014   2 28  6 36 36 129524  -29.21590  -42.20929     3245  23.1  0  0  6 15 0 0 1 1 1 0 0 1 0 0 1 0 0 1
2014   2 28  6 36 36 869272    7.17067  -73.71937     4631  36.6  0  0  6 15 0 0 1 1 1 0 0 0 0 0 1 1 0 1
2014   2 28  6 36 37 158505   -6.15360  -74.55656     4105  47.3  1  0  6 15 0 0 1 1 1 0 0 1 0 0 0 1 0 1
2014   2 28  6 36 37 172865   -9.64054  -69.64569     6771  49.1  1  0  6 12 0 0 0 1 1 0 0 0 0 1 1 1 0 1
2014   2 28  6 36 37 181887   -6.23768  -74.89803     4908  37.5  0  0  7 18 0 0 0 1 1 0 0 1 0 1 1 1 0 1
2014   2 28  6 36 37 200295   -6.12691  -74.54033     4644  35.8  1  0  5 10 0 0 1 0 0 0 0 1 0 0 1 1 0 1
2014   2 28  6 36 37 252913   -6.14111  -74.49524     4323  45.7  1  0  6 15 0 0 1 1 0 0 0 0 0 1 1 1 0 1
2014   2 28  6 36 37 480138   -6.19600  -74.85661     5155  44.4  1  0  6 15 0 0 0 1 1 0 0 1 0 1 1 1 0 0
2014   2 28  6 36 37 491799   -6.13131  -74.33397     3264  13.9  0  0  5 10 0 0 1 0 1 0 0 0 0 0 1 1 0 1
2014   2 28  6 36 38 152551    7.16864  -73.77401     4035  45.4  0  0  7 21 0 0 1 1 1 0 0 1 0 0 1 1 0 1
2014   2 28  6 36 38 320192  -22.23014  -45.64256     2929   1.4  0  0  4  6 0 0 1 1 0 0 0 0 0 0 1 0 0 1
2014   2 28  6 36 38 835567    8.77621  -75.94499     8662  28.4  0  0  5  8 0 0 0 1 1 0 0 1 0 0 0 1 0 1
2014   2 28  6 36 39 365762   22.45723 -117.62821    32718  16.7  0  0  4  6 0 0 0 1 1 0 0 1 0 0 0 1 0 0
2014   2 28  6 36 39 657740  -15.93709  -51.42158     3239  63.5  1  0  7 21 0 0 1 1 1 0 0 1 0 1 0 1 0 1
2014   2 28  6 36 39 690587  -16.09157  -51.58494     3541  11.1  0  0  5  7 0 0 0 1 1 0 0 1 0 0 0 1 0 1
2014   2 28  6 36 40   3849   20.66160 -120.07844    14918   4.0  0  0  4  6 0 0 0 1 0 0 0 1 0 0 1 1 0 0
2014   2 28  6 36 40 770087  -21.12323  -46.71130     3394  47.6  1  0  6 15 0 0 1 1 1 0 0 1 0 0 1 0 0 1
2014   2 28  6 36 41   3154  -34.32294 -110.57754    44107  71.9  2  0  6 14 0 0 1 1 1 0 0 0 0 0 1 0 1 1
2014   2 28  6 36 41 146839  -24.95580 -138.83054    25265  62.0  2  0  6 15 0 0 0 1 1 0 0 1 0 0 1 1 0 1
2014   2 28  6 36 41 645112  -29.15985  -42.45369     5857  56.7  2  0  5 10 0 0 1 1 1 0 0 0 0 0 1 0 0 1
2014   2 28  6 36 42 955145  -29.17172  -42.47749     6101  57.1  2  0  5 10 0 0 1 1 1 0 0 1 0 0 1 0 0 0
2014   2 28  6 36 44  36729    6.23168  -83.18586     7443  94.0  2  0  7 21 0 0 1 1 1 0 0 1 0 0 1 1 0 1
2014   2 28  6 36 44 231314  -23.89905  -45.73661     4760  84.6  2  0  6 15 0 0 1 1 1 0 0 1 0 0 1 0 0 1
2014   2 28  6 36 45 601223  -11.16292    1.00124    71636  78.5  2  0  5 10 0 0 1 1 1 0 0 0 0 0 1 0 0 1
2014   2 28  6 36 46 366179  -20.92687  -47.23418     3676  20.7  1  0  4  6 0 0 1 1 0 0 0 1 0 0 1 0 0 0
2014   2 28  6 36 47  22039  -24.38356 -137.39554    24750 106.1  2  0  6 15 0 0 1 1 1 0 0 1 0 0 1 1 0 0
2014   2 28  6 36 47  86857  -13.06186  -71.20130     4950  97.2  2  0  7 21 0 0 1 0 1 0 0 1 0 1 1 1 0 1
2014   2 28  6 36 47 373152  -21.18899  -46.83405     4657  92.9  2  0  6 15 0 0 1 1 1 0 0 1 0 0 1 0 0 1
2014   2 28  6 36 47 857593  -29.04302  -43.08823     4122  15.3  0  0  4  6 0 0 1 1 1 0 0 1 0 0 0 0 0 0
2014   2 28  6 36 48 225751   -7.95289  175.58508    12000  23.0  0  0  5 10 0 0 0 1 0 0 0 1 0 0 1 1 0 1
2014   2 28  6 36 48 718750  -29.29558  -42.03169     2933  17.2  0  0  6 15 0 0 1 1 1 0 0 1 0 0 1 0 0 1
2014   2 28  6 36 49 156443    4.85288  -72.44022     4410  11.2  0  0  5  9 0 0 0 1 1 0 0 0 0 0 1 1 0 1
2014   2 28  6 36 49 281128  -20.72211  -47.16370     2429  18.9  0  0  7 21 0 0 1 1 1 0 0 1 0 1 1 0 0 1
2014   2 28  6 36 49 393252  -20.69742  -47.16837     2903  31.6  0  0  6 15 0 0 0 0 1 0 0 1 0 1 1 1 0 1
2014   2 28  6 36 49 464499  -20.74624  -47.13286     2999   4.9  0  0  5  7 0 0 1 1 1 0 0 1 0 0 0 0 0 1
2014   2 28  6 36 50  84101    3.48589  -86.16598     4151  26.3  0  0  6 15 0 0 1 1 1 0 0 1 0 0 0 1 0 1
2014   2 28  6 36 51 137762  -20.84104  -46.93963     2944  11.9  0  0  5  9 0 0 1 0 1 0 0 0 0 0 1 1 0 1
2014   2 28  6 36 51 553863  -20.99728  -46.64685     3173  47.2  0  0  7 20 0 0 1 1 1 0 0 1 0 0 1 1 0 1
2014   2 28  6 36 51 568798  -20.97821  -46.70340     3620  30.6  1  0  5  9 0 0 1 1 1 0 0 0 0 1 1 0 0 0
2014   2 28  6 36 51 580476  -21.04220  -46.57021     3066  17.6  0  0  5  8 0 0 0 1 1 0 0 1 0 0 1 0 0 1
2014   2 28  6 36 51 623159  -21.06388  -46.59771     2904  16.2  0  0  5 10 0 0 1 1 1 0 0 1 0 0 0 0 0 1
2014   2 28  6 36 52 430664   -4.42411  -49.64586     3682  39.3  0  0  6 13 0 0 1 1 1 0 0 1 0 0 0 1 0 1
2014   2 28  6 36 52 705227   37.44570 -166.47278    44739  47.5  1  0  5 10 0 0 0 1 1 0 0 0 0 0 1 1 0 1
2014   2 28  6 36 53 277040   -8.78741  -76.50426     5253  32.3  1  0  5  8 0 0 1 1 0 0 0 0 0 0 1 1 0 1
2014   2 28  6 36 53 916428  -22.48849  -45.69548     3452  38.1  1  0  5 10 0 0 1 1 1 0 0 1 0 0 0 0 0 1
2014   2 28  6 36 53 923615  -22.43320  -45.75362     3079  53.4  1  0  7 21 0 0 1 1 1 0 0 1 0 1 1 0 0 1
2014   2 28  6 36 54   7411  -24.69058  -45.00066     3183  34.1  0  0  6 15 0 0 1 1 1 0 0 0 0 1 1 0 0 1
2014   2 28  6 36 54  38574  -24.82248  -44.84035     4237  17.4  0  0  4  6 0 0 1 1 0 0 0 1 0 0 1 0 0 0
2014   2 28  6 36 54 132056  -20.88061  -47.05287     3098  35.9  0  0  6 15 0 0 1 1 1 0 0 1 0 0 1 0 0 1
2014   2 28  6 36 54 142335   -5.40893  -21.20584    68434  34.7  1  0  5 10 0 0 1 1 1 0 0 0 0 0 1 0 0 1
2014   2 28  6 36 54 155385   10.48542  -62.78705     3441   1.9  0  0  5 10 0 0 1 0 1 0 0 0 0 0 1 1 0 1
2014   2 28  6 36 54 250885  -28.88357  -42.54045     3843  17.5  0  0  5 10 0 0 0 1 1 0 0 0 0 1 1 0 0 1
2014   2 28  6 36 54 323797  -29.23276  -42.23742     4043  40.0  1  0  6 15 0 0 1 1 1 0 0 1 0 0 1 0 0 1
2014   2 28  6 36 54 372130  -22.49629  -45.66014     3185  43.4  1  0  6 15 0 0 1 1 1 0 0 1 0 0 1 0 0 1
2014   2 28  6 36 54 429444  -16.30753  -51.78119     3238  61.1  1  0  7 21 0 0 1 1 0 0 0 1 0 1 1 1 0 1
2014   2 28  6 36 54 479447  -16.33344  -51.68426     4076  60.4  2  0  6 13 0 0 0 1 1 0 0 1 0 0 1 1 0 1
2014   2 28  6 36 55  31826  -22.06157  -45.94652     3670  41.7  1  0  5 10 0 0 1 1 1 0 0 1 0 0 0 0 0 1
2014   2 28  6 36 55 461886  -10.95194  -57.25957     3822  64.8  1  0  7 20 0 0 1 0 1 0 0 1 0 1 1 1 0 1
2014   2 28  6 36 57 104323    5.20465  -72.33588     5049  72.3  2  0  7 19 0 0 1 1 1 0 0 1 0 0 1 1 0 1
2014   2 28  6 36 57 834196  -29.21256  -42.33858     6889  62.5  2  0  5 10 0 0 1 1 0 0 0 1 0 0 1 0 0 1
2014   2 28  6 36 58 279775  -29.14813  -42.46379     5205  62.6  2  0  6 15 0 0 1 1 1 0 0 1 0 0 1 0 0 1
2014   2 28  6 36 58 413788  -29.15384  -42.47549     5260  63.5  2  0  6 15 0 0 1 1 1 0 0 1 0 0 1 0 0 1
2014   2 28  6 36 58 554628   -6.97080  177.02974    14730  79.5  2  0  7 21 0 0 1 1 1 0 0 1 0 0 1 1 0 1
2014   2 28  6 36 58 711992   -6.41122  -75.87002     5329  51.1  1  0  7 21 0 0 0 1 1 0 0 1 0 1 0 1 1 1
2014   2 28  6 36 58 756064   -6.06780  -74.71417     5002  88.3  2  0  7 21 0 0 1 1 1 0 0 1 0 0 1 1 0 1
2014   2 28  6 36 58 783345   -6.60192  -74.06907    10174  96.6  2  0  6 15 0 0 1 1 1 0 0 1 0 1 1 0 0 0
2014   2 28  6 36 58 807544   -6.11310  -74.45190     5110  84.9  2  0  7 21 0 0 1 0 1 0 0 1 0 1 1 1 0 1
2014   2 28  6 36 58 844631   -6.06767  -74.61280     6163  85.1  2  0  6 15 0 0 1 0 1 0 0 0 0 0 1 1 1 1
2014   2 28  6 36 59   6410  -22.29516  -45.82121     3969  72.2  2  0  6 15 0 0 1 1 1 0 0 1 0 0 1 0 0 1
2014   2 28  6 36 59 347800  -29.17974  -42.66303     7770  92.7  2  0  6 14 0 0 1 1 0 0 0 1 0 0 1 1 0 1
2014   2 28  6 36 59 387389  -24.22732  -45.77727     4146  88.6  2  0  7 21 0 0 1 1 0 0 0 1 0 1 1 1 0 1
2014   2 28  6 36 59 992876  -20.99363  -46.62014     4090  79.9  2  0  6 14 0 0 1 1 1 0 0 1 0 1 0 0 0 1
2014   2 28  6 37  1 235038  -20.92492  -47.15450     4618 135.0  2  0  7 20 0 0 1 1 1 0 0 0 0 1 1 1 0 1
2014   2 28  6 37  3 554130    5.67823  151.76343     6603  16.1  0  0  5  9 0 0 1 1 0 0 0 1 0 0 1 1 0 0
2014   2 28  6 37  3 755248  -12.88260  -71.59730     6244 105.2  2  0  6 15 0 0 1 0 1 0 0 1 0 0 1 1 0 1
2014   2 28  6 37  5 461148  -29.26631  -42.26450     4476  12.1  0  0  4  6 0 0 1 0 0 0 0 1 0 1 0 0 0 1
2014   2 28  6 37  5 470780  -29.27193  -42.10750     2918  14.9  0  0  6 15 0 0 1 1 1 0 0 1 0 0 1 0 0 1
2014   2 28  6 37  5 585358  -29.27336  -42.11992     2932  16.0  0  0  6 15 0 0 1 1 1 0 0 1 0 0 1 0 0 1
2014   2 28  6 37  5 692235  -29.27772  -42.14403     2922  15.7  0  0  6 15 0 0 1 1 1 0 0 1 0 0 1 0 0 1
2014   2 28  6 37  6 189569  -29.20289  -42.16661     3489  17.0  0  0  5 10 0 0 1 1 1 0 0 1 0 0 0 0 0 1
2014   2 28  6 37  6 408606  -15.93546  -51.38689     2522  23.0  0  0  7 20 0 0 1 1 1 0 0 1 0 1 0 1 0 1
2014   2 28  6 37  6 417697  -15.95087  -51.35495     2841  18.5  0  0  6 12 0 0 0 1 1 0 0 1 0 1 1 0 0 1
2014   2 28  6 37  6 512152  -15.95760  -51.32129     3038  37.6  0  0  7 20 0 0 1 1 1 0 0 1 0 1 1 0 0 1
2014   2 28  6 37  6 599383  -15.92708  -51.30694     3113  11.0  0  0  5  7 0 0 0 1 1 0 0 1 0 0 1 0 0 1
2014   2 28  6 37  6 618009  -21.14260  -46.94994     4201 115.1  2  0  7 20 0 0 1 1 1 0 0 1 0 0 1 0 1 1
2014   2 28  6 37  6 812222  -20.88958  -47.01814     2615   8.9  0  0  5 10 0 0 1 1 0 0 0 1 0 0 1 0 0 1
2014   2 28  6 37  7 265187  -20.83904  -47.02868     3035   1.4  0  0  4  6 0 0 1 1 0 0 0 1 0 0 1 0 0 0
2014   2 28  6 37  7 368810  -21.02680  -49.39805     3876  39.4  0  0  6 11 0 0 1 1 1 0 0 1 0 0 1 0 0 1
2014   2 28  6 37  7 397279  -24.66973  -45.39047     3436  30.9  0  0  6 14 0 0 1 0 0 0 0 1 0 1 1 1 0 1
2014   2 28  6 37  7 433904  -24.65929  -45.46462     2614  24.2  0  0  7 21 0 0 1 1 1 0 0 1 0 1 1 1 0 0
2014   2 28  6 37  7 473483  -24.67942  -45.46087     3235  26.6  0  0  5 10 0 0 1 1 0 0 0 1 0 1 0 1 0 0
2014   2 28  6 37  7 494196  -24.67547  -45.38639     4197  31.6  1  0  5 10 0 0 1 0 1 0 0 1 0 0 1 0 0 1
2014   2 28  6 37  7 711908  -24.66497  -45.42928     3127  30.2  0  0  6 15 0 0 1 1 1 0 0 1 0 0 1 0 0 1
2014   2 28  6 37  8 836442    5.13973  -84.82839     6438  34.9  0  0  7 21 0 0 1 1 1 0 0 1 0 1 1 0 0 1
2014   2 28  6 37  8 887514    5.65308  -84.62954    10111  21.5  0  0  5 10 0 0 0 0 1 0 0 0 0 1 1 1 0 1
2014   2 28  6 37  8 925168    5.89127  -85.96311     7806  40.0  0  0  6 15 0 0 0 1 1 0 0 1 0 0 1 1 0 1
2014   2 28  6 37  9  53079    5.82487  -85.46028     5690  41.7  1  0  6 15 0 0 1 1 1 0 0 0 0 0 1 1 0 1
2014   2 28  6 37  9  75666    5.87650  -85.57566     4740  43.4  0  0  7 21 0 0 1 1 1 0 0 1 0 0 1 1 0 1
2014   2 28  6 37  9 168261    4.65028  -84.47195    18885  34.5  1  0  5 10 0 0 1 1 1 0 0 0 0 0 1 0 0 1
2014   2 28  6 37  9 390407   -4.49174  -71.64330     4193  43.2  0  0  7 21 0 0 0 1 1 0 0 1 0 1 1 1 0 1
2014   2 28  6 37  9 624630    5.86527  -85.78310    11840  43.5  1  0  5 10 0 0 0 0 1 0 0 1 0 0 1 1 0 1
2014   2 28  6 37 10 250222  -11.11609  -57.32791     3607  48.7  0  0  7 20 0 0 1 1 1 0 0 1 0 1 1 0 0 1
2014   2 28  6 37 10 766977   -4.62602  -71.43613     3938  52.9  1  0  7 21 0 0 1 0 1 0 0 1 0 1 1 1 0 1
2014   2 28  6 37 10 971093  -29.18251  -42.36531     4073  39.5  0  0  6 15 0 0 1 1 1 0 0 1 0 0 1 0 0 1
2014   2 28  6 37 10 989037    3.29243  -84.68415     6201  56.6  1  0  6 15 0 0 1 1 1 0 0 1 0 0 1 1 0 0
2014   2 28  6 37 11  27503   -8.34213  -74.61012     6744  56.5  2  0  5 10 0 0 0 1 1 0 0 1 0 0 1 1 0 0
2014   2 28  6 37 11  60630   -8.30045  -74.30447     4056  61.2  1  0  7 21 0 0 1 1 1 0 0 1 0 0 1 1 0 1
2014   2 28  6 37 11  69252   -8.27537  -74.36611     4591  59.0  1  0  6 15 0 0 1 1 1 0 0 1 0 0 1 1 0 0
2014   2 28  6 37 11 166523    2.63175  -83.92973     9881  51.4  1  0  6 15 0 0 1 1 1 0 0 1 0 0 1 0 0 1
2014   2 28  6 37 11 302885  -20.66602  -47.17881     4019  48.4  1  0  5 10 0 0 0 1 1 0 0 1 0 0 1 0 0 1
2014   2 28  6 37 11 319951  -20.65574  -47.17385     3412  45.0  1  0  6 14 0 0 1 1 1 0 0 1 0 0 1 0 0 1
2014   2 28  6 37 11 350357    1.98805  -84.34451     6167  59.1  1  0  6 15 0 0 1 1 1 0 0 1 0 0 1 1 0 0
2014   2 28  6 37 11 601764  -10.85418  -56.87208     3794  68.1  1  0  7 21 0 0 1 1 1 0 0 0 0 1 1 1 0 1
2014   2 28  6 37 11 610056  -10.87160  -56.89040     3472  64.0  1  0  7 21 0 0 1 1 1 0 0 1 0 0 1 1 0 1
2014   2 28  6 37 13 714061  -30.18919  -42.77827     5538  31.4  1  0  5 10 0 0 0 1 0 0 0 1 0 1 1 0 0 1
2014   2 28  6 37 13 769568  -30.80098  -42.34451     5488  61.8  2  0  6 15 0 0 1 1 1 0 0 1 0 0 1 0 0 1
2014   2 28  6 37 15 628948  -29.16215  -42.18644     6964  61.2  2  0  6 15 0 0 1 0 1 0 0 1 0 0 1 1 0 1
2014   2 28  6 37 16 263644  -29.08672  -42.57132     5581  69.1  2  0  6 15 0 0 1 1 1 0 0 1 0 0 1 0 0 1
2014   2 28  6 37 16 295901  -29.08263  -42.84334     4263  16.8  0  0  4  6 0 0 1 1 1 0 0 1 0 0 0 0 0 0
2014   2 28  6 37 16 299621    4.70342  152.19974    27354  71.8  2  0  5  7 0 0 1 0 1 0 0 1 0 1 1 0 0 0
2014   2 28  6 37 17 321225  -22.11166  -45.92138     4259  83.8  2  0  6 15 0 0 1 1 1 0 0 1 0 0 1 0 0 1
2014   2 28  6 37 17 510499  -22.11798  -45.91931     4378  88.4  2  0  6 15 0 0 1 1 1 0 0 1 0 0 1 0 0 1
2014   2 28  6 37 17 596431    7.09443  -73.85856    13405 138.4  2  0  7 16 0 0 1 1 1 0 0 1 0 1 1 1 0 0
2014   2 28  6 37 17 632584  -22.03318  -46.10184     4204 114.8  2  0  7 21 0 0 1 1 1 0 0 1 0 1 1 0 0 1
2014   2 28  6 37 17 664526  -22.11943  -45.91943     4404  89.4  2  0  6 15 0 0 1 1 1 0 0 1 0 0 1 0 0 1
2014   2 28  6 37 17 681454  -22.11814  -45.92094     4394  89.1  2  0  6 15 0 0 1 1 1 0 0 1 0 0 1 0 0 1
2014   2 28  6 37 17 739807  -22.11980  -45.91860     4413  89.7  2  0  6 15 0 0 1 1 1 0 0 1 0 0 1 0 0 1
2014   2 28  6 37 18 273935    6.24809  -86.93179    18639 115.3  2  0  6 15 0 0 0 1 1 0 0 1 0 0 1 1 0 1
2014   2 28  6 37 19 555444   23.39099  -78.07198    47765 115.0  2  0  6 11 0 0 1 0 0 0 0 1 0 1 1 1 0 1
2014   2 28  6 37 19 890036   -6.07774  -74.40415     6308 119.6  2  0  7 21 0 0 1 0 1 0 0 1 0 1 1 1 0 1
2014   2 28  6 37 20 385783   -7.03362    7.13009     6451  15.8  0  0  6 14 0 0 1 1 1 0 0 0 0 0 1 1 0 1
2014   2 28  6 37 20 509037  -29.46254  -41.94761     4904   8.8  0  0  4  6 0 0 0 1 0 0 0 1 0 0 1 0 0 1
2014   2 28  6 37 20 580906  -29.30608  -42.08852     3120  12.0  0  0  5 10 0 0 1 1 1 0 0 0 0 0 1 0 0 1
2014   2 28  6 37 20 614581  -29.29555  -42.08177     3092  11.5  0  0  5 10 0 0 1 1 1 0 0 0 0 0 1 0 0 1
2014   2 28  6 37 21 231680  -20.71313  -47.15076     2647  19.3  0  0  6 14 0 0 0 1 1 0 0 1 0 0 1 1 0 1
2014   2 28  6 37 21 244483  -20.70852  -47.15466     2366  17.4  0  0  7 21 0 0 0 1 1 0 0 1 0 1 1 1 0 1
2014   2 28  6 37 21 261533  -20.72859  -47.11166     3085  10.2  0  0  5  7 0 0 1 1 1 0 0 1 0 0 0 0 0 1
2014   2 28  6 37 21 362113  -29.91172 -136.62383     7304  29.0  0  0  7 21 0 0 1 0 1 0 0 1 0 1 1 1 0 1
2014   2 28  6 37 21 605518  -22.71428  -47.12836     2650  22.6  0  0  6 14 0 0 1 0 0 0 0 1 0 1 1 1 0 1
2014   2 28  6 37 21 617339  -22.75823  -47.07893     2434   8.7  0  0  6 14 0 0 1 1 1 0 0 1 0 0 1 0 0 1
2014   2 28  6 37 22 473295  -15.94569  -51.35375     2767   8.2  0  0  5  9 0 0 0 1 1 0 0 1 0 0 1 0 0 1
2014   2 28  6 37 22 602541  -15.94098  -51.35736     2648   8.0  0  0  5 10 0 0 0 1 1 0 0 1 0 0 1 0 0 1
2014   2 28  6 37 22 706007  -21.04140  -46.63774     2562   7.6  0  0  5 10 0 0 0 1 1 0 0 1 0 0 1 0 0 1
2014   2 28  6 37 22 714256  -12.05939  -73.05826     3223  26.8  0  0  6 15 0 0 1 1 1 0 0 1 0 0 1 1 0 0
2014   2 28  6 37 22 809134  -15.94471  -51.35834     3491  20.3  0  0  6 13 0 0 1 1 1 0 0 0 0 1 1 0 0 1
2014   2 28  6 37 23 664640  -20.94633  -47.08018     3521  67.5  1  0  7 19 0 0 1 1 1 0 0 1 0 1 1 1 0 0
2014   2 28  6 37 23 716234  -20.99146  -47.00388     2796  38.2  0  0  7 21 0 0 1 1 1 0 0 1 0 0 1 1 0 1
2014   2 28  6 37 23 763716  -21.08316  -46.91303     2918  12.6  0  0  5 10 0 0 1 1 1 0 0 0 0 0 1 0 0 1
2014   2 28  6 37 23 873858  -21.04710  -46.94156     2573  17.4  0  0  6 15 0 0 1 1 1 0 0 1 0 0 1 0 0 1
2014   2 28  6 37 25 425694   -6.01269  -74.62582     3941  41.4  1  0  6 15 0 0 1 1 1 0 0 1 0 0 1 1 0 0
2014   2 28  6 37 25 779115  -20.62261 -143.60529     9811  40.5  0  0  7 21 0 0 1 1 1 0 0 1 0 0 1 1 0 1
2014   2 28  6 37 25 804998  -21.25424 -141.97054    32854  42.3  1  0  5 10 0 0 1 1 0 0 0 1 0 1 1 0 0 0
2014   2 28  6 37 25 836800  -20.57130 -143.77992    11810  40.7  1  0  6 15 0 0 1 1 1 0 0 1 0 0 1 1 0 0
2014   2 28  6 37 26 440701    7.24998  -74.86128     7135  25.4  0  0  5 10 0 0 0 1 1 0 0 1 0 0 0 1 0 1
2014   2 28  6 37 26 727836  -29.30161  -42.41119     3369  15.1  0  0  5 10 0 0 1 1 1 0 0 1 0 0 0 0 0 1
2014   2 28  6 37 27 349133  -29.23101  -42.37483     3784  32.9  0  0  6 15 0 0 1 1 1 0 0 1 0 0 1 0 0 1
2014   2 28  6 37 27 449356  -29.23282  -42.37438     3779  33.0  0  0  6 15 0 0 1 1 1 0 0 1 0 0 1 0 0 1
2014   2 28  6 37 27 496500  -30.26876  -42.38856     4075  36.9  0  0  6 15 0 0 1 1 1 0 0 1 0 0 1 0 0 1
2014   2 28  6 37 27 677080  -29.16814  -42.51116     3441  28.0  0  0  6 12 0 0 1 1 1 0 0 0 0 1 0 1 0 1
2014   2 28  6 37 27 978714  -29.01028  -42.58443     4003  17.6  0  0  5 10 0 0 0 1 1 0 0 1 0 0 1 0 0 1
2014   2 28  6 37 28 294155  -28.95808  -42.66219     3424  18.9  0  0  6 15 0 0 0 1 1 0 0 1 0 1 1 0 0 1
2014   2 28  6 37 28 660430   -5.11278  -63.69667     6388  55.6  2  0  5 10 0 0 0 1 0 0 0 0 0 1 1 1 0 1
2014   2 28  6 37 29   8032  -22.20345  -45.98362     3133  59.1  1  0  7 21 0 0 1 1 1 0 0 1 0 1 1 0 0 1
2014   2 28  6 37 29 191038  -22.39842  -45.76506     3673  40.8  1  0  5  9 0 0 1 1 1 0 0 0 0 0 1 0 0 1
2014   2 28  6 37 29 223822  -22.30358  -45.90674     4468  85.8  2  0  6 15 0 0 1 1 1 0 0 1 0 0 1 0 0 1
2014   2 28  6 37 29 609248  -28.21385 -135.46178    19000  75.9  2  0  6 15 0 0 1 1 1 0 0 1 0 0 0 1 0 1
2014   2 28  6 37 31 378115  -22.82918  -46.18521     6977  62.2  2  0  5  9 0 0 1 1 1 0 0 1 0 0 1 0 0 0
2014   2 28  6 37 32 827042  -15.43279 -139.93216    21053  92.3  2  0  6 15 0 0 1 1 1 0 0 1 0 0 1 1 0 0
2014   2 28  6 37 32 899386  -15.17401 -141.98796    30875  36.4  1  0  4  6 0 0 0 1 0 0 0 1 0 0 1 1 0 0
2014   2 28  6 37 33 102156    2.95664  -84.94307     8276 113.3  2  0  7 21 0 0 1 1 0 0 0 1 0 1 1 1 0 1
2014   2 28  6 37 33 893570  -20.66362  -47.32180     3803  98.5  2  0  7 21 0 0 1 1 1 0 0 1 0 1 1 0 0 1
2014   2 28  6 37 33 903057  -24.44852  -45.71487     3686  72.2  2  0  7 21 0 0 1 1 1 0 0 1 0 1 1 0 0 1
2014   2 28  6 37 33 924690  -20.71703  -47.17073     4426  84.6  2  0  6 15 0 0 1 1 1 0 0 1 0 0 1 0 0 1
2014   2 28  6 37 34 152308   -9.03614  159.30515    15377  93.0  2  0  6 15 0 0 1 1 1 0 0 1 0 0 1 1 0 0
2014   2 28  6 37 34 155320  -13.68206  -43.67425     4530  90.6  2  0  6 14 0 0 1 1 1 0 0 1 0 0 1 0 0 1
2014   2 28  6 37 34 270957  -13.89043  160.07901    14530  97.1  2  0  7 21 0 0 1 1 1 0 0 1 0 0 1 1 0 1
2014   2 28  6 37 34 304717  -13.50726  159.69121    17290  94.0  2  0  6 15 0 0 1 1 1 0 0 1 0 0 1 1 0 0
2014   2 28  6 37 34 406407  -24.45625  -45.77493     3776  75.8  2  0  7 21 0 0 1 1 1 0 0 1 0 1 1 0 0 1
2014   2 28  6 37 34 417759  -24.45889  -45.76014     4872  83.7  2  0  6 15 0 0 1 1 1 0 0 1 0 0 1 0 0 1
2014   2 28  6 37 34 787985  -14.46498  161.43115    21238  88.1  2  0  6 15 0 0 1 1 0 0 0 1 0 1 1 1 0 0
2014   2 28  6 37 35 287190  -21.18546  -46.86768     4613  92.8  2  0  6 15 0 0 1 1 1 0 0 1 0 0 1 0 0 1
2014   2 28  6 37 35 297225  -21.18612  -46.87280     4633  93.2  2  0  6 15 0 0 1 1 1 0 0 1 0 0 1 0 0 1
2014   2 28  6 37 35 830686   -8.74865  -76.26157     6208  96.1  2  0  7 18 0 0 1 0 1 0 0 1 0 1 1 1 0 1
2014   2 28  6 37 35 856598   -8.70711  -76.65939     6644 121.5  2  0  7 19 0 0 1 1 1 0 0 1 0 0 1 1 0 1
2014   2 28  6 37 35 994855   -0.84504  -73.11692     8677 123.2  2  0  7 21 0 0 0 1 1 0 0 1 0 1 1 1 0 1
2014   2 28  6 37 36 285862  -29.30991  -42.03418     2852  13.1  0  0  6 15 0 0 1 1 1 0 0 1 0 0 1 0 0 1
2014   2 28  6 37 36 381674  -29.34871  -42.01096     3738  12.8  0  0  5 10 0 0 0 1 1 0 0 1 0 0 1 0 0 1
2014   2 28  6 37 36 816479    4.87942  154.34831    10321   7.5  0  0  5  8 0 0 1 1 1 0 0 1 0 0 1 0 0 0
2014   2 28  6 37 37  76333  -20.90968  -47.05437     2357   2.4  0  0  6 15 0 0 1 1 1 0 0 1 0 0 1 0 0 1
2014   2 28  6 37 37 411007  -20.89939  -47.04304     2363   3.2  0  0  6 15 0 0 1 1 1 0 0 1 0 0 1 0 0 1
2014   2 28  6 37 37 595491  -20.95401  -46.82688     2702   4.6  0  0  5  9 0 0 1 1 1 0 0 1 0 0 1 0 0 0
2014   2 28  6 37 38 483275   30.35775 -130.28075    22515  31.8  0  0  6 15 0 0 0 1 0 0 0 1 0 1 1 1 0 1
2014   2 28  6 37 38 529769   29.46350 -127.67956    13168  20.0  0  0  5 10 0 0 1 0 1 0 0 1 0 1 1 0 0 0
2014   2 28  6 37 38 811203    4.88594  154.66916    12315  22.7  0  0  5 10 0 0 1 0 1 0 0 0 0 0 1 1 0 1
2014   2 28  6 37 39 614774    5.20126  -72.43934     3564  10.5  0  0  6 14 0 0 0 1 1 0 0 1 0 1 0 1 0 1
2014   2 28  6 37 39 744474  -29.23510  -42.17184     3451  18.4  0  0  5 10 0 0 1 1 1 0 0 0 0 0 1 0 0 1
2014   2 28  6 37 40 412858  -15.94895  -51.34269     3449  26.1  0  0  5 10 0 0 0 1 1 0 0 1 0 0 1 0 0 1
2014   2 28  6 37 40 421979  -15.90235  -51.47665     2747  37.7  0  0  7 21 0 0 0 1 1 0 0 1 0 1 1 1 0 1
2014   2 28  6 37 40 563649  -12.26168  -73.79897     6139  18.2  0  0  5 10 0 0 0 1 1 0 0 0 0 1 0 1 0 1
2014   2 28  6 37 40 780808  -11.87999  -72.83289     3443  44.4  0  0  7 21 0 0 1 1 1 0 0 0 0 1 1 1 0 1
2014   2 28  6 37 40 970025    7.52785  -81.99117    13023  29.0  0  0  5  7 0 0 1 1 0 0 0 1 0 0 1 0 0 1
2014   2 28  6 37 41 118091  -20.86720  -47.07580     2870  27.9  0  0  6 15 0 0 1 1 1 0 0 1 0 0 1 0 0 1
2014   2 28  6 37 41 539793  -13.71557  -38.77706    14924  35.7  0  0  6 15 0 0 1 0 1 0 0 1 0 0 1 1 0 1
2014   2 28  6 37 41 590233  -13.66615  -39.30022     5505  29.6  0  0  6 11 0 0 1 0 0 0 0 1 0 1 1 1 0 1
2014   2 28  6 37 41 886405  -13.53992  -39.21916     5843  61.2  2  0  6 11 0 0 1 1 0 0 0 1 0 0 0 1 1 1
2014   2 28  6 37 42  71146  -21.06743  -46.58450     3039  33.8  0  0  6 15 0 0 1 1 1 0 0 1 0 0 1 0 0 1
2014   2 28  6 37 42 228560  -13.62967  -39.07640     4615  26.6  0  0  5 10 0 0 1 1 0 0 0 1 0 0 1 0 0 1
2014   2 28  6 37 42 389351  -13.64040  -39.17399     3573  30.5  0  0  7 19 0 0 1 1 1 0 0 1 0 0 1 1 0 1
2014   2 28  6 37 42 509551  -13.87300  -39.22605     3959  26.7  0  0  5  8 0 0 0 1 0 0 0 1 0 1 0 1 0 1
2014   2 28  6 37 42 564289    7.15481  -73.80347     5282  46.0  1  0  6 13 0 0 1 1 1 0 0 1 0 0 1 1 0 0
2014   2 28  6 37 42 798046   -8.46945  175.81474    29558  31.7  1  0  5 10 0 0 1 0 1 0 0 1 0 0 1 0 0 1
2014   2 28  6 37 43 655145   -4.16354  -71.06054     4289  48.3  1  0  6 15 0 0 1 0 1 0 0 1 0 0 1 1 0 1
2014   2 28  6 37 44 128264  -29.24833  -42.22737     6720  60.2  2  0  6 13 0 0 1 0 1 0 0 1 0 1 1 1 0 0
2014   2 28  6 37 44 321945  -29.11880  -42.42103     4354  61.5  1  0  7 18 0 0 1 1 1 0 0 1 0 0 1 1 0 1
2014   2 28  6 37 44 548550  -21.01222  -47.09468     4487  86.9  2  0  6 15 0 0 1 1 1 0 0 1 0 0 0 1 0 1
2014   2 28  6 37 44 567531  -21.05029  -46.93345     4122  43.9  1  0  5  9 0 0 1 1 0 0 0 1 0 0 1 0 0 1
2014   2 28  6 37 44 625843  -21.09818  -46.91103     3489  50.9  1  0  6 15 0 0 1 1 1 0 0 1 0 0 1 0 0 1
2014   2 28  6 37 45 609822  -27.70977  -43.63573     5289  52.3  2  0  5 10 0 0 1 1 1 0 0 0 0 0 1 0 0 1
2014   2 28  6 37 46 868820    6.83890  -77.07976    10438  80.3  2  0  6 12 0 0 1 1 0 0 0 1 0 0 1 1 0 1
2014   2 28  6 37 46 877359    6.83725  -77.49342    10223  82.0  2  0  6 15 0 0 0 1 1 0 0 1 0 0 1 1 0 1
2014   2 28  6 37 47 104934   -7.26792   -8.78937     6024   7.6  0  0  5 10 0 0 1 1 1 0 0 0 0 0 0 1 0 1
2014   2 28  6 37 47 453223  -29.11967  -42.49319     5251  62.2  2  0  6 15 0 0 1 1 1 0 0 1 0 0 1 0 0 1
2014   2 28  6 37 47 522514  -29.15328  -42.52150     7329  59.8  2  0  5  9 0 0 1 1 1 0 0 1 0 0 1 0 0 0
2014   2 28  6 37 47 604031  -28.69489  -42.87354     4373  25.8  0  0  5 10 0 0 0 1 1 0 0 1 0 0 1 0 0 1
2014   2 28  6 37 47 982609  -10.89380  -57.61264     5308 106.2  2  0  7 18 0 0 1 1 1 0 0 1 0 0 1 1 0 1
2014   2 28  6 37 48 498267  -18.09607 -144.82928    12949  33.4  1  0  5 10 0 0 1 1 0 0 0 1 0 0 1 1 0 0
2014   2 28  6 37 49 173854  -15.79379  -51.21043     4947  63.8  2  0  5  9 0 0 1 0 1 0 0 0 0 1 0 1 0 1
2014   2 28  6 37 49 276126    2.82556  -71.15829     8551   3.1  0  0  4  6 0 0 1 1 1 0 0 0 0 1 0 0 0 0
2014   2 28  6 37 49 572562  -16.04235  -51.36431     4961  99.8  2  0  6 15 0 0 1 1 0 0 0 1 0 1 1 0 0 1
2014   2 28  6 37 50 299408  -20.87068  -47.40709     3520  17.9  0  0  4  6 0 0 1 1 0 0 0 1 0 0 1 0 0 0
2014   2 28  6 37 50 350210    7.50831  -73.92999     6761 110.6  2  0  7 20 0 0 1 1 1 0 0 1 0 0 1 1 0 1
2014   2 28  6 37 51 727891  -28.19212  -43.46861     6016  71.2  2  0  6 15 0 0 0 1 0 0 0 1 0 1 1 1 0 1
2014   2 28  6 37 51 937546  -21.51057  -46.33321     5011  34.2  1  0  5  7 0 0 1 1 1 0 0 0 0 0 1 0 0 1
2014   2 28  6 37 52 735069  -13.01993  156.97162     4853  17.5  0  0  7 21 0 0 1 0 1 0 0 1 0 1 1 1 0 1
2014   2 28  6 37 52 875675   -9.29140  152.89293    47547  28.1  0  0  5 10 0 0 1 1 1 0 0 1 0 0 1 0 0 0
2014   2 28  6 37 53   7488  -20.54152  -47.22020     2387  11.6  0  0  7 18 0 0 1 1 1 0 0 0 0 1 1 1 0 1
2014   2 28  6 37 53  28537  -20.61466  -47.15673     3038   3.5  0  0  4  6 0 0 1 1 0 0 0 1 0 0 1 0 0 0
2014   2 28  6 37 53  40189  -20.62207  -47.31901     4895  81.7  2  0  6 12 0 0 1 1 0 0 0 1 0 0 1 1 1 0
2014   2 28  6 37 53  52050  -12.96167  156.84799     8657  28.7  0  0  5 10 0 0 1 1 0 0 0 1 0 0 0 1 0 1
2014   2 28  6 37 53  65940  -20.57912  -47.22083     2422  21.6  0  0  7 21 0 0 0 1 1 0 0 1 0 1 1 1 0 1
2014   2 28  6 37 53 148010  -20.55468  -47.23126     3129  16.4  0  0  5  8 0 0 1 1 1 0 0 0 0 0 1 1 0 0
2014   2 28  6 37 53 191782  -20.57638  -47.21485     2809  23.9  0  0  6 15 0 0 1 1 1 0 0 1 0 0 1 1 0 0
2014   2 28  6 37 53 256193  -20.56688  -47.21812     2419  20.5  0  0  7 21 0 0 1 1 0 0 0 1 0 1 1 1 0 1
2014   2 28  6 37 53 289083  -20.61816  -47.15234     2626   4.5  0  0  5 10 0 0 1 1 1 0 0 1 0 0 1 0 0 0
2014   2 28  6 37 53 454831  -20.57907  -47.22654     2513  20.0  0  0  7 17 0 0 0 1 1 0 0 1 0 1 1 1 0 1
2014   2 28  6 37 53 466851  -20.58295  -47.23539     2753  24.7  0  0  6 15 0 0 1 1 1 0 0 1 0 0 0 1 0 1
2014   2 28  6 37 53 508103  -20.60987  -47.17727     2447  10.1  0  0  6 15 0 0 1 1 1 0 0 1 0 0 1 0 0 1
2014   2 28  6 37 53 657480  -20.58534  -47.21824     2600  19.7  0  0  7 18 0 0 1 1 1 0 0 1 0 0 1 1 0 1
2014   2 28  6 37 53 728498  -20.59760  -47.21912     2697  11.7  0  0  5  9 0 0 1 1 0 0 0 1 0 1 0 0 0 1
2014   2 28  6 37 53 862841  -20.61948  -47.16491     2980  12.8  0  0  5  8 0 0 0 1 1 0 0 1 0 0 1 0 0 1
2014   2 28  6 37 54   1820  -22.62849 -139.82417    13865  10.9  0  0  5 10 0 0 1 1 1 0 0 1 0 0 0 0 0 1
2014   2 28  6 37 54 196796  -22.58912 -139.68375     8767  13.2  0  0  7 21 0 0 1 1 1 0 0 1 0 1 1 0 0 1
2014   2 28  6 37 54 286426  -22.01948 -141.01826     7639  19.7  0  0  6 15 0 0 1 1 1 0 0 1 0 0 1 1 0 0
2014   2 28  6 37 54 349668  -22.46290  -45.71580     2727  16.8  0  0  5 10 0 0 1 0 1 0 0 1 0 0 1 0 0 1
2014   2 28  6 37 54 357500  -22.46685  -45.71759     2689  15.7  0  0  5 10 0 0 0 1 1 0 0 1 0 0 1 0 0 1
2014   2 28  6 37 54 402085  -22.45403  -45.71444     2865   5.5  0  0  4  6 0 0 1 1 0 0 0 1 0 0 0 0 0 1
2014   2 28  6 37 54 411814  -22.46580  -45.72091     3095  17.3  0  0  5  9 0 0 1 1 1 0 0 0 0 0 1 0 0 1
2014   2 28  6 37 54 454864  -21.91607 -141.28413    10393  12.8  0  0  5  8 0 0 1 1 0 0 0 1 0 0 1 1 0 0
2014   2 28  6 37 54 699314  -20.97408  -46.93664     2484  12.8  0  0  6 15 0 0 1 1 1 0 0 1 0 0 1 0 0 1
2014   2 28  6 37 54 752808  -21.05167  -46.78682     2430  18.6  0  0  7 20 0 0 1 1 1 0 0 1 0 1 1 0 0 1
2014   2 28  6 37 54 776660  -21.06501  -46.75245     2488  13.1  0  0  6 15 0 0 1 1 1 0 0 1 0 0 1 0 0 1
2014   2 28  6 37 54 880328  -21.08474  -46.88337     3581  33.6  1  0  5 10 0 0 1 1 1 0 0 0 0 0 1 1 0 0
2014   2 28  6 37 55 964971  -25.49870 -135.13168     9423  31.3  0  0  6 15 0 0 1 1 1 0 0 1 0 0 0 1 0 1
2014   2 28  6 37 55 995201  -25.52471 -134.79776    14243  31.4  1  0  5  9 0 0 1 1 1 0 0 0 0 0 0 1 0 1
2014   2 28  6 37 56 207721  -29.23667  -42.28785     4041  44.2  1  0  6 15 0 0 1 1 1 0 0 1 0 0 1 1 0 0
2014   2 28  6 37 56 737445  -24.56545  -45.21012     3212  21.9  0  0  5 10 0 0 1 1 0 0 0 0 0 1 1 0 0 1
2014   2 28  6 37 56 816165  -24.60917  -45.16100     4253  31.5  1  0  5 10 0 0 1 0 1 0 0 1 0 0 1 0 0 1
2014   2 28  6 37 56 853177  -24.55488  -45.23071     3577  28.5  0  0  5 10 0 0 0 1 1 0 0 1 0 0 1 0 0 1
2014   2 28  6 37 56 925382    5.04305  153.96678     7107  34.3  0  0  6 15 0 0 1 1 1 0 0 1 0 0 1 1 0 0
2014   2 28  6 37 57 119513    5.87310  -84.86201     4693  41.1  0  0  7 20 0 0 1 1 1 0 0 1 0 0 1 1 0 1
2014   2 28  6 37 57 192763   -8.89102  -76.16040     3887  25.1  0  0  5 10 0 0 1 0 0 0 0 0 0 1 1 1 0 1
2014   2 28  6 37 57 278503   -5.78592  -75.21157     3306  12.1  0  0  6 15 0 0 0 0 1 0 0 1 0 1 0 1 1 1
2014   2 28  6 37 57 306304   -5.60591  -74.58155     3731   8.1  0  0  4  6 0 0 1 0 0 0 0 0 0 0 1 1 0 1
2014   2 28  6 37 57 815647    2.71275  -84.60281     5434  46.8  1  0  6 15 0 0 1 1 1 0 0 1 0 0 1 1 0 0
2014   2 28  6 37 58 183462   -5.54689  -75.09796     3332  18.0  0  0  5 10 0 0 1 1 0 0 0 1 0 0 1 1 0 0
2014   2 28  6 37 58 535771   -5.59597  -74.98150     3819  51.3  1  0  7 21 0 0 1 1 1 0 0 1 0 0 1 1 0 1
2014   2 28  6 37 58 720728  -13.93823  -43.34267     5029  29.4  0  0  6 15 0 0 1 0 1 0 0 1 0 0 1 1 0 1
2014   2 28  6 37 59 159927  -29.21726  -42.34020     4129  39.3  0  0  6 15 0 0 1 1 1 0 0 1 0 0 1 0 0 1
2014   2 28  6 37 59 305591    5.09561  -72.27025     5834  62.6  2  0  6 15 0 0 1 1 0 0 0 0 0 1 1 1 0 1
2014   2 28  6 37 59 312607    5.09999  -72.30560     4183  54.1  1  0  7 20 0 0 1 1 1 0 0 1 0 0 1 1 0 1
2014   2 28  6 38  0 307750   -6.19412  -74.96514     6069  69.6  1  0  7 21 0 0 0 1 1 0 0 1 0 1 1 1 0 1
2014   2 28  6 38  0 341261   -6.10599  -74.51797     4649  53.5  1  0  6 15 0 0 1 0 1 0 0 1 0 0 1 1 0 1
2014   2 28  6 38  0 353231   -6.05853  -74.41607    14457  46.0  1  0  5  7 0 0 0 0 1 0 0 1 0 0 1 1 0 1
2014   2 28  6 38  0 368631   -6.08995  -74.64256     5092  67.8  2  0  6 14 0 0 1 1 1 0 0 1 0 0 0 1 0 1
2014   2 28  6 38  0 390479   -6.54040  -74.10512     6128  66.3  1  0  7 21 0 0 1 1 1 0 0 1 0 1 1 0 0 1
2014   2 28  6 38  0 418901   -6.13728  -74.45512     4332  62.4  1  0  7 21 0 0 1 0 1 0 0 1 0 1 1 1 0 1
2014   2 28  6 38  0 490610   -6.12985  -74.52532     6012  83.3  2  0  6 15 0 0 1 1 1 0 0 0 0 1 0 1 0 1
2014   2 28  6 38  0 589130   -6.13687  -74.57907     4897  82.8  2  0  7 21 0 0 1 1 1 0 0 1 0 1 0 1 0 1
2014   2 28  6 38  0 820678    4.48042  -74.04981     4505  38.5  0  0  7 21 0 0 0 1 1 0 0 1 0 1 0 1 1 1
2014   2 28  6 38  1 722229    2.72934  -84.77538     6180  76.0  2  0  7 21 0 0 1 1 1 0 0 1 0 0 1 1 0 1
2014   2 28  6 38  1 889629    2.64790  -86.22008     6650  16.7  0  0  5 10 0 0 0 0 1 0 0 1 0 1 0 1 0 1
2014   2 28  6 38  2 425878  -29.27045  -42.41863     5118  58.3  1  0  6 15 0 0 1 1 1 0 0 1 0 0 1 0 0 1
2014   2 28  6 38  3 710290  -32.71006  -40.78152     9419  23.5  1  0  4  6 0 0 0 1 0 0 0 1 0 0 1 0 0 1
2014   2 28  6 38  3 730676  -33.70266  -39.71115     7341  63.2  2  0  6 15 0 0 1 0 1 0 0 1 0 1 1 0 0 1
2014   2 28  6 38  4 972500  -22.90476  -45.82078     4951  95.2  2  0  6 15 0 0 1 1 1 0 0 1 0 0 1 0 0 1
2014   2 28  6 38  5 143734    2.03409  -74.15889     8678   2.8  0  0  4  6 0 0 1 1 1 0 0 0 0 1 0 0 0 0
2014   2 28  6 38  6 206628  -29.72616  -42.78740     3730  22.5  0  0  5 10 0 0 1 1 1 0 0 1 0 0 0 0 0 1
2014   2 28  6 38  6 214567  -29.74341  -42.69842     2819  23.3  0  0  7 21 0 0 1 1 1 0 0 1 0 1 0 0 1 1
2014   2 28  6 38  6 228105  -29.14896  -42.88424     4600  26.1  0  0  5 10 0 0 0 1 1 0 0 1 0 0 1 0 0 1
2014   2 28  6 38  6 250081  -29.77783  -42.36083     6581  83.5  2  0  6 15 0 0 1 1 1 0 0 1 0 0 1 0 0 1
2014   2 28  6 38  7 324091  -15.75861  -51.71251     5948 136.6  2  0  7 16 0 0 0 1 1 0 0 1 0 1 1 1 0 1
2014   2 28  6 38  7 571082  -20.89104  -47.25516     4604 137.7  2  0  7 21 0 0 1 1 0 0 0 1 0 1 1 1 0 1
2014   2 28  6 38  7 706009  -20.77931  -47.46908     3575  88.6  2  0  7 21 0 0 1 1 0 0 0 1 0 1 1 1 0 1
2014   2 28  6 38  7 740562  -21.13522  -46.99945     4804  99.7  2  0  6 15 0 0 1 1 1 0 0 1 0 0 1 0 0 1
2014   2 28  6 38  7 760085  -21.13437  -47.07719     3984 108.9  2  0  7 21 0 0 1 1 1 0 0 1 0 1 1 0 0 1
2014   2 28  6 38  7 812229  -20.48023  -47.57507     3910  26.6  1  0  4  6 0 0 1 1 0 0 0 1 0 0 1 0 0 0
2014   2 28  6 38  7 946881  -22.20465 -140.88116    18676  93.0  2  0  7 21 0 0 1 0 1 0 0 1 0 1 1 1 0 1
2014   2 28  6 38  8  66426  -20.96448  -46.99861     2552   7.0  0  0  5 10 0 0 0 1 1 0 0 1 0 0 1 0 0 1
2014   2 28  6 38  8 350373  -20.96807  -47.01289     2416   8.3  0  0  6 15 0 0 1 1 1 0 0 1 0 0 1 0 0 1
2014   2 28  6 38  8 422200  -20.96492  -46.99908     2522   5.8  0  0  5 10 0 0 0 1 1 0 0 1 0 0 1 0 0 1
2014   2 28  6 38  9  23491  -29.34096  -42.00414     3164   8.8  0  0  5  9 0 0 1 1 1 0 0 0 0 0 1 0 0 1
2014   2 28  6 38  9  51345  -29.33614  -42.03950     2581  13.3  0  0  7 21 0 0 1 1 1 0 0 1 0 1 1 0 0 1
2014   2 28  6 38  9 274590  -29.27847  -42.07944     3801  13.7  0  0  5 10 0 0 0 1 1 0 0 1 0 0 1 0 0 1
2014   2 28  6 38  9 927219  -24.45278  -45.36109     2558  20.7  0  0  7 21 0 0 1 1 1 0 0 1 0 1 1 0 0 1
2014   2 28  6 38 10 116585   -2.75510  -71.90842     3107  17.8  0  0  7 21 0 0 0 1 1 0 0 1 0 1 1 1 0 1
2014   2 28  6 38 10 292596  -24.41854  -45.38918     3429  24.9  0  0  5 10 0 0 0 1 1 0 0 1 0 0 1 0 0 1
2014   2 28  6 38 10 718417  -34.24434  -37.82003     3644  24.3  0  0  7 17 0 0 1 1 1 0 0 1 0 1 1 0 0 1
2014   2 28  6 38 12 209665    6.53962  -77.85651     3626  31.2  0  0  7 21 0 0 1 1 1 0 0 1 0 0 1 1 0 1
2014   2 28  6 38 12 568271  -22.63774  -47.34719     2656  27.2  0  0  7 17 0 0 1 1 1 0 0 1 0 1 1 1 0 0
2014   2 28  6 38 12 585182  -22.77623  -47.07476     2777  26.5  0  0  6 15 0 0 1 1 1 0 0 1 0 0 1 0 0 1
2014   2 28  6 38 12 625760  -22.65814  -47.12401     2823  41.4  0  0  7 19 0 0 1 0 1 0 0 1 0 1 1 1 0 1
2014   2 28  6 38 12 988102  -24.73782  -44.97762     2999  37.7  0  0  7 21 0 0 1 1 0 0 0 1 0 1 1 1 0 1
2014   2 28  6 38 13  39166  -20.99525  -46.78339     2921  18.0  0  0  5 10 0 0 1 0 1 0 0 1 0 0 1 0 0 1
2014   2 28  6 38 13  91044   -0.14982  -71.51916     5648  37.3  1  0  5  9 0 0 0 1 1 0 0 1 0 0 1 1 0 0
2014   2 28  6 38 13 177144  -29.23522  -42.20911     4585  36.7  1  0  5 10 0 0 1 1 1 0 0 0 0 0 1 0 0 1
2014   2 28  6 38 13 455906  -29.28047  -42.14711     4850  35.3  1  0  5 10 0 0 1 1 0 0 0 1 0 0 1 0 0 1
2014   2 28  6 38 13 497141    7.33844  -73.78564     3810  41.2  0  0  7 21 0 0 1 1 1 0 0 1 0 0 1 1 0 1
2014   2 28  6 38 13 843134  -28.53236 -132.66347    19744  49.6  0  0  7 21 0 0 1 1 1 0 0 1 0 1 1 0 0 1
2014   2 28  6 38 13 882174  -27.99611 -134.08786    10150  44.4  0  0  7 21 0 0 1 0 1 0 0 1 0 1 1 1 0 1
2014   2 28  6 38 14 235723  -31.62119 -136.09193    14214  48.8  1  0  6 15 0 0 1 1 1 0 0 1 0 0 0 1 0 1
2014   2 28  6 38 15 269832  -21.97726  -46.20087     3222  63.1  1  0  7 21 0 0 1 1 1 0 0 1 0 1 1 0 0 1
2014   2 28  6 38 15 591893  -21.10496  -46.86639     3396  47.9  1  0  6 15 0 0 1 1 1 0 0 1 0 0 1 0 0 1
2014   2 28  6 38 15 935867  -22.16261  -45.71617     3445  53.1  1  0  6 15 0 0 1 1 1 0 0 1 0 0 1 0 0 1
2014   2 28  6 38 16 673565    5.61992  -72.13149     4598  66.2  1  0  7 20 0 0 1 1 1 0 0 1 0 0 1 1 0 1
2014   2 28  6 38 16 886799  -11.10797  -57.98390     6398  33.3  1  0  5  8 0 0 0 1 1 0 0 1 0 1 0 0 0 1
2014   2 28  6 38 16 887987  -22.41664 -140.04434    34397  68.1  2  0  6 15 0 0 1 1 1 0 0 1 0 0 1 0 0 1
2014   2 28  6 38 16 945756  -21.81198 -141.16629    15889  56.9  1  0  6 15 0 0 1 0 1 0 0 1 0 0 1 1 0 1
2014   2 28  6 38 17 299686  -21.65507 -141.93538    14007  69.9  1  0  7 21 0 0 1 1 1 0 0 1 0 0 1 1 0 1
2014   2 28  6 38 17 318868  -22.01167 -141.01706    15451  61.9  2  0  6 15 0 0 1 1 1 0 0 1 0 0 1 1 0 0
2014   2 28  6 38 17 960202  -14.02465  -43.91619     4068  71.3  2  0  6 14 0 0 0 1 1 0 0 1 0 0 1 1 0 1
2014   2 28  6 38 18 132582  -29.05319  -42.98767    12674  51.7  2  0  5  7 0 0 1 1 1 0 0 1 0 0 0 0 0 1
2014   2 28  6 38 18 142333  -20.54313  -49.26756     4721  91.5  2  0  6 12 0 0 0 1 1 0 0 1 0 1 1 0 0 1
2014   2 28  6 38 18 221507  -20.53255  -49.21383     4887  94.2  2  0  6 14 0 0 1 1 1 0 0 0 0 1 1 0 0 1
2014   2 28  6 38 19  96874   -9.27967  -75.72015     8014  67.7  2  0  6 14 0 0 1 0 1 0 0 1 0 1 1 0 0 1
2014   2 28  6 38 20 545722  -21.08031  -47.10732     3923 104.0  2  0  7 21 0 0 1 1 1 0 0 1 0 1 1 0 0 1
2014   2 28  6 38 20 808789    3.84840  152.92468    10309  70.1  2  0  7 16 0 0 1 0 1 0 0 1 0 1 1 1 0 1
2014   2 28  6 38 20 834692    4.18892  151.51981    15581  88.5  2  0  6 14 0 0 1 1 1 0 0 1 0 0 1 1 0 0
2014   2 28  6 38 21 803523  -22.29492  -45.81865     4435  87.3  2  0  6 14 0 0 1 1 1 0 0 1 0 0 1 0 0 1
2014   2 28  6 38 21 917326  -29.04965  -43.04067     6344  29.7  1  0  4  6 0 0 1 1 0 0 0 1 0 0 0 0 0 1
2014   2 28  6 38 21 933455  -29.22057  -42.06934     9271  69.5  2  0  5 10 0 0 1 0 1 0 0 1 0 0 1 0 0 1
2014   2 28  6 38 21 972966  -29.05971  -42.96930     3391  22.7  0  0  5 10 0 0 1 1 1 0 0 0 0 1 0 0 0 1
2014   2 28  6 38 21 997854  -28.53796  -43.06507     4532  28.8  0  0  5 10 0 0 0 1 1 0 0 1 0 0 1 0 0 1
2014   2 28  6 38 22  83813  -29.04953  -42.73513     4990  86.2  2  0  7 21 0 0 1 1 1 0 0 1 0 1 1 0 0 1
2014   2 28  6 38 22 191663  -20.56564  -48.91186     4636  96.0  2  0  6 15 0 0 1 1 1 0 0 1 0 0 1 0 0 1
2014   2 28  6 38 22 561274  -15.73026  -52.05771     3696  73.6  2  0  7 16 0 0 1 1 0 0 0 1 0 1 1 1 1 0
2014   2 28  6 38 22 700707  -11.88383  -72.99605     5603 100.4  2  0  7 19 0 0 1 0 1 0 0 1 0 1 1 1 0 1
2014   2 28  6 38 24 563736    4.85796  -73.12573     3023  11.4  0  0  7 21 0 0 0 1 1 0 0 1 0 1 1 1 0 1
2014   2 28  6 38 25 650917   -4.38514  -71.41317     3226  17.5  0  0  6 15 0 0 0 1 0 0 0 1 0 1 1 1 0 1
2014   2 28  6 38 26  42371  -29.29554  -42.09698     2754   8.0  0  0  6 14 0 0 1 1 1 0 0 1 0 0 1 0 0 1
2014   2 28  6 38 26 312393  -29.34791  -42.04486     4409  22.0  0  0  5  9 0 0 1 1 1 0 0 1 0 0 0 1 0 0
2014   2 28  6 38 27 256634  -24.97797  -44.70781     3068  19.8  0  0  6 13 0 0 1 1 1 0 0 1 0 0 1 0 0 1
2014   2 28  6 38 27 525420  -20.54402  -47.24167     2722  33.6  0  0  7 21 0 0 1 0 1 0 0 1 0 1 1 1 0 1
2014   2 28  6 38 27 539210  -20.57553  -47.23050     2878  28.2  0  0  7 17 0 0 1 1 1 0 0 1 0 0 1 1 0 1
2014   2 28  6 38 27 570045  -20.61102  -47.19174     2574  16.3  0  0  6 15 0 0 1 1 1 0 0 1 0 0 1 0 0 1
2014   2 28  6 38 27 748209  -11.92154  -72.84795     4387  33.8  1  0  5  9 0 0 1 0 1 0 0 1 0 1 0 1 0 0
2014   2 28  6 38 27 931032  -11.95728  -72.85935     3133  34.1  0  0  7 21 0 0 1 0 1 0 0 1 0 1 1 1 0 1
2014   2 28  6 38 28 525297  -20.89526  -47.05928     2584  28.4  0  0  7 20 0 0 1 1 1 0 0 1 0 1 1 0 0 1
2014   2 28  6 38 28 583846  -20.82508  -47.07255     3206  43.2  1  0  6 15 0 0 1 1 0 0 0 1 0 0 1 1 0 1
2014   2 28  6 38 28 605803  -20.91445  -47.00053     2697  21.4  0  0  6 15 0 0 1 1 1 0 0 1 0 0 1 0 0 1
2014   2 28  6 38 28 682759   30.39631 -128.41226    14879  39.7  0  0  6 15 0 0 1 1 0 0 0 0 0 1 1 0 1 1
2014   2 28  6 38 28 919703   29.37522 -129.11951    10735  48.4  0  0  7 21 0 0 1 0 1 0 0 1 0 1 1 1 0 1
2014   2 28  6 38 29 735721   -5.82983  -74.67471    19128  62.7  2  0  6 11 0 0 1 1 1 0 0 0 0 0 1 0 1 1
2014   2 28  6 38 29 784380   -6.09542  -74.50343     3754  34.3  0  0  6 15 0 0 1 0 1 0 0 1 0 0 1 1 0 1
2014   2 28  6 38 30 846542   -6.85393    6.67769    13823  37.2  0  0  6 15 0 0 1 1 1 0 0 1 0 0 1 0 0 1
2014   2 28  6 38 31 521484  -20.49298  -46.65006     3957  80.5  2  0  6 15 0 0 0 1 0 0 0 1 0 1 1 1 0 1
2014   2 28  6 38 31 954976  -16.30047  -51.63821     3828  58.1  1  0  6 15 0 0 1 0 1 0 0 1 0 0 1 1 0 1
2014   2 28  6 38 31 967825  -16.36197  -51.87843     3265  66.0  1  0  7 21 0 0 0 1 1 0 0 1 0 1 1 1 0 1
2014   2 28  6 38 32   9995  -16.40743  -51.76054     3344  63.4  1  0  7 21 0 0 1 1 1 0 0 1 0 1 1 0 0 1
2014   2 28  6 38 32  45692  -29.20626  -42.55083     4742  15.3  0  0  4  6 0 0 1 1 0 0 0 1 0 0 0 0 0 1
2014   2 28  6 38 32 230125  -29.15731  -42.47651     3868  52.3  1  0  7 21 0 0 1 1 1 0 0 1 0 1 1 0 0 1
2014   2 28  6 38 32 485614  -16.29527  -51.61258     3993  58.3  1  0  6 12 0 0 1 1 0 0 0 1 0 0 1 1 0 1
2014   2 28  6 38 32 619010  -22.15400  -45.75959     3974  53.5  2  0  5 10 0 0 0 1 1 0 0 1 0 0 1 0 0 1
2014   2 28  6 38 32 623294  -23.30851 -136.47781    26403  82.4  2  0  7 21 0 0 0 1 1 0 0 1 0 1 1 1 0 1
2014   2 28  6 38 32 651383  -23.22625 -135.97557    15460  64.0  2  0  6 15 0 0 1 1 1 0 0 1 0 0 0 1 0 1
2014   2 28  6 38 32 673980  -23.28911 -135.70233    17835  47.6  1  0  5 10 0 0 1 0 1 0 0 1 0 0 1 1 0 0
2014   2 28  6 38 32 763299  -23.33922 -135.36310    20223  91.4  2  0  6 15 0 0 1 1 1 0 0 1 0 1 0 1 0 0
2014   2 28  6 38 32 976002  -16.32665  -51.78794     3519  71.4  2  0  7 21 0 0 1 1 1 0 0 1 0 1 1 0 0 1
2014   2 28  6 38 33 457457  -15.84618  -51.55599     3555  79.2  2  0  7 21 0 0 1 1 1 0 0 0 0 1 1 1 0 1
2014   2 28  6 38 33 478414  -15.94937  -51.19337     3579  17.0  0  0  4  6 0 0 1 0 0 0 0 1 0 0 1 0 0 1
2014   2 28  6 38 34  58740  -20.96637  -47.06612     3032  15.1  0  0  5 10 0 0 1 1 1 0 0 0 0 0 1 0 0 1
2014   2 28  6 38 34  94298  -20.71160  -47.07803     3499  27.5  0  0  5  9 0 0 1 0 1 0 0 1 0 0 1 0 0 1
2014   2 28  6 38 34 136523  -20.61435  -47.36415     5597 106.5  2  0  6 14 0 0 1 1 1 0 0 0 0 0 1 1 0 1
2014   2 28  6 38 34 230779  -29.18482  -42.69075     3655   7.8  0  0  4  6 0 0 1 1 1 0 0 1 0 0 0 0 0 0
2014   2 28  6 38 34 297394  -21.08501  -46.95029     4398  58.5  2  0  5 10 0 0 1 1 0 0 0 1 0 0 1 0 0 1
2014   2 28  6 38 34 338054  -20.73321  -47.29174     5170  63.9  2  0  5 10 0 0 1 1 1 0 0 1 0 0 1 0 0 0
2014   2 28  6 38 35 998403   -9.11368  159.79016    12102  28.4  1  0  4  6 0 0 0 1 0 0 0 1 0 0 1 1 0 0
2014   2 28  6 38 36  78968   -9.18220  -76.05444    17696  94.2  2  0  6 12 0 0 1 1 1 0 0 1 0 0 1 0 0 1
2014   2 28  6 38 36 219332   -4.34208  -71.64828     7633  77.6  2  0  6 15 0 0 0 0 1 0 0 1 0 1 1 1 0 1
2014   2 28  6 38 36 288100   -4.28956  -71.37123     4790  79.4  2  0  7 21 0 0 1 0 1 0 0 1 0 1 1 1 0 1
2014   2 28  6 38 37  15273  -12.05579  -73.17624     4776  79.8  2  0  7 20 0 0 1 0 1 0 0 1 0 1 1 1 0 1
2014   2 28  6 38 37 585124  -12.04954  -73.37196     5686 119.4  2  0  7 21 0 0 1 1 0 0 0 1 0 1 1 1 0 1
2014   2 28  6 38 39 882459  -17.45692 -139.92690    16185  46.7  1  0  5 10 0 0 1 1 0 0 0 1 0 0 1 1 0 0
2014   2 28  6 38 40 279070    7.36311  -73.82840     3078  13.0  0  0  7 18 0 0 1 1 1 0 0 0 0 1 1 1 0 1
2014   2 28  6 38 40 876335   -5.43804  -63.09592     3238  12.2  0  0  6 15 0 0 1 0 1 0 0 1 0 1 1 0 0 1
2014   2 28  6 38 40 986571    7.01893  -73.68133     3681  15.5  0  0  5  9 0 0 1 1 0 0 0 1 0 0 0 1 0 1
2014   2 28  6 38 41 277856   -2.05722  147.94501    20645  30.9  1  0  5  7 0 0 1 1 0 0 0 0 0 0 1 1 0 1
2014   2 28  6 38 41 515687   -1.92109  -10.59603     8986  17.9  0  0  6 15 0 0 1 1 1 0 0 1 0 0 1 0 0 1
2014   2 28  6 38 41 845062    7.27888  -73.74992     3518  24.9  0  0  6 15 0 0 1 1 1 0 0 1 0 0 1 1 0 0
2014   2 28  6 38 42 292505  -29.19560  -42.29229     3673  10.8  0  0  5  9 0 0 0 1 1 0 0 1 0 0 1 0 0 1
2014   2 28  6 38 42 746844  -22.11041  -45.73157     3275  33.6  1  0  5 10 0 0 0 1 1 0 0 1 0 0 1 0 0 1
2014   2 28  6 38 43 148750  -24.60682  -45.49872     2905  30.5  0  0  7 20 0 0 0 1 1 0 0 1 0 1 1 1 0 1
2014   2 28  6 38 43 224051  -12.89862  156.85876     6905  38.4  0  0  7 21 0 0 1 0 1 0 0 1 0 1 1 1 0 1
2014   2 28  6 38 43 230798  -24.59736  -45.51695     2909  31.3  0  0  7 20 0 0 0 1 1 0 0 1 0 1 1 1 0 1
2014   2 28  6 38 43 249115  -20.86477  -46.52354     3473  48.7  1  0  6 14 0 0 1 1 0 0 0 1 0 0 1 1 0 1
2014   2 28  6 38 43 467472  -12.95599  157.05544     6704  11.2  0  0  5  9 0 0 1 1 0 0 0 1 0 0 1 1 0 0
2014   2 28  6 38 44  33902  -21.90894  -45.85833     3308  35.6  1  0  5 10 0 0 1 1 0 0 0 1 0 1 0 0 0 1
2014   2 28  6 38 44 331735  -20.86367  -47.19759     3518  34.2  1  0  5 10 0 0 1 1 1 0 0 1 0 0 0 0 0 1
2014   2 28  6 38 44 370178  -20.77177  -47.29866     4299  61.6  2  0  6 14 0 0 1 1 1 0 0 1 0 0 1 1 0 0
2014   2 28  6 38 45  63806  -12.20255  -72.73103     5267  33.1  1  0  5 10 0 0 1 0 1 0 0 1 0 0 1 0 0 1
2014   2 28  6 38 45  86600  -20.53157  -51.61182     3251  53.3  1  0  7 18 0 0 1 1 1 0 0 1 0 1 1 0 0 1
2014   2 28  6 38 45 158164  -12.02351  -73.08906     3719  55.5  1  0  7 21 0 0 1 1 1 0 0 1 0 0 1 1 0 1
2014   2 28  6 38 45 168160   -8.96326  -76.63758     6104  58.4  1  0  7 19 0 0 0 1 1 0 0 1 0 1 1 1 0 1
2014   2 28  6 38 45 234548  -11.98965  -73.22449     6234  20.5  1  0  4  6 0 0 1 1 0 0 0 1 0 0 1 0 0 0
2014   2 28  6 38 45 499578  -21.22268  -46.50158     2873  17.2  0  0  6 11 0 0 1 1 1 0 0 1 0 0 1 0 0 1
2014   2 28  6 38 45 897507  -22.04837  -45.96627     4050  55.2  2  0  5 10 0 0 0 1 1 0 0 1 0 0 1 0 0 1
2014   2 28  6 38 46 268702  -21.03418  -46.76251     4706  72.4  2  0  6 13 0 0 1 1 1 0 0 1 0 0 0 1 0 1
2014   2 28  6 38 46 396361  -28.88307  -42.62032     3808  15.9  0  0  5 10 0 0 0 1 1 0 0 1 0 0 1 0 0 1
2014   2 28  6 38 46 706028  -21.33908  -49.51157     4289 103.9  2  0  7 19 0 0 1 1 1 0 0 0 0 1 1 0 1 1
2014   2 28  6 38 47   7369  -29.14729  -42.44762     3767  49.5  0  0  7 21 0 0 1 1 1 0 0 1 0 1 1 0 0 1
2014   2 28  6 38 47 115201  -29.18263  -42.37955     4820  52.7  1  0  6 15 0 0 1 1 1 0 0 1 0 0 1 0 0 1
2014   2 28  6 38 47 123301  -29.16707  -42.44442     3824  51.1  1  0  7 21 0 0 1 1 1 0 0 1 0 1 1 0 0 1
2014   2 28  6 38 47 302972  -28.81104  -42.70849     3812  16.4  0  0  5 10 0 0 0 1 1 0 0 1 0 0 1 0 0 1
2014   2 28  6 38 47 394096  -19.06049 -172.53017    21348  25.3  1  0  4  6 0 0 0 1 0 0 0 1 0 0 1 1 0 0
2014   2 28  6 38 47 407612  -28.79997  -42.72800     3843  17.2  0  0  5 10 0 0 0 1 1 0 0 1 0 0 1 0 0 1
2014   2 28  6 38 47 478629   -8.28548  -72.84406     5248   2.8  0  0  5 10 0 0 1 1 1 0 0 0 0 1 0 0 0 1
2014   2 28  6 38 47 514499   -6.21720  -74.90759     6516  77.5  2  0  7 21 0 0 0 1 1 0 0 1 0 1 1 1 0 1
2014   2 28  6 38 49 479620  -29.24944  -42.08343     7747  54.1  2  0  5 10 0 0 1 0 1 0 0 1 0 0 1 0 0 1
2014   2 28  6 38 49 592459    5.19270  153.34985    10768  81.7  2  0  7 21 0 0 1 1 1 0 0 1 0 0 1 1 0 1
2014   2 28  6 38 49 667855  -24.69668 -136.09398    15953  84.9  2  0  7 21 0 0 1 1 1 0 0 1 0 0 1 1 0 1
2014   2 28  6 38 49 923523   -7.19844    5.36153    26371  58.4  2  0  5 10 0 0 1 0 1 0 0 1 0 0 1 0 0 1
2014   2 28  6 38 50 938980  -22.78127  -46.94684     3210  29.0  0  0  5 10 0 0 1 0 1 0 0 1 0 0 1 0 0 1
2014   2 28  6 38 52 554800  -29.03984  -42.97447     3616  23.5  0  0  5  9 0 0 1 1 1 0 0 1 0 0 0 0 0 1
2014   2 28  6 38 52 583707  -29.01271  -42.75592     4927  84.2  2  0  7 21 0 0 1 1 1 0 0 1 0 1 1 0 0 1
2014   2 28  6 38 52 705501  -20.57437  -50.23857     3478  15.3  0  0  4  6 0 0 1 0 0 0 0 1 0 1 1 0 0 0
2014   2 28  6 38 53  63593  -11.55199  -45.66331     6207  27.2  1  0  4  6 0 0 1 0 0 0 0 1 0 0 1 0 0 1
2014   2 28  6 38 54 622891  -12.58161  -56.41247     8850  89.7  2  0  6 15 0 0 1 1 1 0 0 0 0 1 1 0 0 1
2014   2 28  6 38 54 728890  -33.42809  -40.99593     4514  65.0  1  0  7 20 0 0 1 1 1 0 0 1 0 1 0 1 0 1
2014   2 28  6 38 57  40048    2.88205  -84.21074     4690  12.9  0  0  6 15 0 0 1 1 1 0 0 1 0 1 0 0 0 1
2014   2 28  6 38 58 721561  -22.34945 -139.72614    17892  32.8  0  0  6 15 0 0 1 1 1 0 0 1 0 1 0 0 0 1
2014   2 28  6 38 59 580372  -29.35624  -42.30314     3950   5.3  0  0  4  6 0 0 1 1 0 0 0 1 0 0 0 0 0 1
2014   2 28  6 38 59 659467  -29.35197  -42.31843     3009   5.3  0  0  5 10 0 0 1 1 1 0 0 1 0 0 0 0 0 1
2014   2 28  6 38 59 784137  -11.09027  -57.40849     3890  41.0  1  0  6 14 0 0 1 1 1 0 0 1 0 1 0 0 0 1
2014   2 28  6 39  0 293851  -29.20868  -42.44622     2629   6.9  0  0  6 15 0 0 1 1 1 0 0 1 0 1 0 0 0 1
2014   2 28  6 39  0 413856  -29.22630  -42.47204     3425   7.6  0  0  5 10 0 0 1 0 1 0 0 1 0 1 0 0 0 1
2014   2 28  6 39  3 309785  -22.18777  -45.77530     4063  51.1  2  0  5  9 0 0 1 1 1 0 0 1 0 0 0 0 0 1
2014   2 28  6 39  4 422800  -21.04458  -47.03919     4244  58.7  2  0  5 10 0 0 1 0 1 0 0 1 0 1 0 0 0 1
2014   2 28  6 39  4 474775  -21.15973  -47.16892     3330  32.6  1  0  5  9 0 0 0 1 1 0 0 1 0 1 0 0 0 1
2014   2 28  6 39  4 695549  -15.97552  -51.32615     3891  68.2  2  0  6 15 0 0 1 1 1 0 0 1 0 1 0 0 0 1
2014   2 28  6 39  5 786611  -20.93105  -47.14526     3472  18.9  0  0  4  6 0 0 1 1 0 0 0 1 0 1 0 0 0 0
2014   2 28  6 39  7 467631   11.23632  -99.69608    38842  16.4  0  0  5 10 0 0 0 1 1 0 0 1 0 1 0 0 0 1
2014   2 28  6 39  8  48379  -21.13576  -47.11304     4109  87.7  2  0  6 15 0 0 1 1 1 0 0 1 0 1 0 0 0 1
2014   2 28  6 39  8 138136    5.32686  -77.16750    17257 106.8  2  0  6 15 0 0 1 1 1 0 0 1 0 1 0 0 0 1
2014   2 28  6 39  8 277764  -21.14019  -47.11962     4167  90.3  2  0  6 15 0 0 1 1 1 0 0 1 0 1 0 0 0 1
2014   2 28  6 39 10 221362  -30.54443  -43.08976     3963  23.7  0  0  5 10 0 0 1 1 1 0 0 1 0 0 0 0 0 1
2014   2 28  6 39 10 804548  -24.48670  -46.05783     2804  12.6  0  0  5 10 0 0 1 1 1 0 0 1 0 1 0 0 0 0
2014   2 28  6 39 10 815803  -24.54395  -46.06770     3257  10.0  0  0  4  6 0 0 1 1 1 0 0 1 0 0 0 0 0 0
2014   2 28  6 39 13 181812  -24.42297  -45.41733     2670  18.4  0  0  6 15 0 0 1 1 1 0 0 1 0 1 0 0 0 1
2014   2 28  6 39 14 751885  -29.30244  -42.24216     4815  15.0  0  0  5  8 0 0 1 1 1 0 0 1 0 0 0 0 0 1
2014   2 28  6 39 15 863565   -4.96482  -71.15740     4520   5.2  0  0  4  6 0 0 1 0 1 0 0 1 0 1 0 0 0 0
2014   2 28  6 39 17 813608  -22.80737  -45.78249     3798  43.2  1  0  5 10 0 0 1 1 1 0 0 1 0 0 0 0 0 1
2014   2 28  6 39 18  29817  -22.82186  -45.98517     3834  43.9  1  0  5 10 0 0 1 1 1 0 0 1 0 0 0 0 0 1
2014   2 28  6 39 18 422174  -20.66731  -47.20914     4170  39.6  1  0  5  9 0 0 1 1 1 0 0 1 0 0 0 0 0 1
2014   2 28  6 39 18 637537  -20.66513  -47.21892     3701  38.9  1  0  5 10 0 0 1 1 1 0 0 1 0 0 0 0 0 1
2014   2 28  6 39 18 667055  -29.16832  -42.50192     6511  16.9  0  0  5 10 0 0 0 1 1 0 0 1 0 1 0 0 0 1
2014   2 28  6 39 18 707217  -29.22354  -42.47556     3050  11.7  0  0  5 10 0 0 1 1 1 0 0 0 0 1 0 0 0 1
2014   2 28  6 39 18 812068  -29.21669  -42.53212     3348  15.6  0  0  5 10 0 0 1 1 1 0 0 1 0 0 0 0 0 1
2014   2 28  6 39 19 759074  -22.79026 -138.97781    51838  76.4  2  0  5 10 0 0 1 1 1 0 0 1 0 1 0 0 0 0
2014   2 28  6 39 21 423503  -29.87370  -42.42342     9619  15.4  0  0  4  6 0 0 0 1 1 0 0 1 0 1 0 0 0 0
2014   2 28  6 39 21 457195  -29.84604  -42.48925     4820  13.8  0  0  4  6 0 0 1 0 1 0 0 1 0 1 0 0 0 0
2014   2 28  6 39 21 473546  -29.70994  -42.48155    11134  23.0  1  0  4  6 0 0 0 1 0 0 0 1 0 1 0 0 0 1
2014   2 28  6 39 21 612089  -29.16165  -42.69221     3004  12.3  0  0  5 10 0 0 1 1 1 0 0 1 0 1 0 0 0 0
2014   2 28  6 39 21 669502  -29.13530  -42.74677     3534  20.0  0  0  5 10 0 0 1 1 1 0 0 1 0 0 0 0 0 1
2014   2 28  6 39 21 708058  -29.81340  -42.51218     3590  19.5  0  0  5 10 0 0 1 1 1 0 0 1 0 0 0 0 0 1
2014   2 28  6 39 21 828650  -29.14169  -42.68374     4012  13.6  0  0  4  6 0 0 1 1 1 0 0 1 0 0 0 0 0 0
2014   2 28  6 39 24 287054  -21.97510  -45.97438     3976  79.7  2  0  6 15 0 0 1 1 1 0 0 1 0 1 0 0 0 1
2014   2 28  6 39 24 368910   -4.99983  -70.66992     6411  36.2  1  0  5  9 0 0 1 0 1 0 0 1 0 1 0 0 0 1
2014   2 28  6 39 24 860697  -24.41084 -135.35434    27445  20.3  1  0  4  6 0 0 1 0 0 0 0 1 0 1 0 0 0 1
2014   2 28  6 39 25 191487    5.82084  -72.57884     7052  21.9  0  0  5 10 0 0 1 0 1 0 0 1 0 1 0 0 0 1
2014   2 28  6 39 26  12239  -29.05881  -43.05571     6252  29.1  1  0  4  6 0 0 1 1 0 0 0 1 0 0 0 0 0 1
2014   2 28  6 39 26 729199  -21.18984  -46.86541     4261  94.1  2  0  6 15 0 0 1 1 1 0 0 1 0 1 0 0 0 1
2014   2 28  6 39 27 186350   -9.67171  -71.76894     6480  10.9  0  0  5  9 0 0 1 1 1 0 0 0 0 1 0 0 0 1
2014   2 28  6 39 27 264112   -9.73795  -71.72341     6122  12.5  0  0  5 10 0 0 1 1 1 0 0 0 0 1 0 0 0 1
