2014   2 28  8 44 32 516372  -21.84023 -140.76389     7591   6.0  0  0  5 10 0 0 1 1 0 0 0 0 0 0 1 1 0 1
2014   2 28  8 44 32 537487  -21.84564 -140.77652     7648   6.5  0  0  5 10 0 0 1 1 0 0 0 0 0 0 1 1 0 1
2014   2 28  8 44 33 134341  -21.31402  -47.41286     2970  21.5  0  0  5 10 0 0 1 1 0 0 0 0 0 0 1 1 0 1
2014   2 28  8 44 34 912575   -7.88947    7.54133    34947  14.8  0  0  4  6 0 0 1 1 0 0 0 0 0 0 1 0 0 1
2014   2 28  8 44 36   2246  -22.29741  -46.17652     3294  49.6  1  0  6 15 0 0 1 1 0 0 0 0 0 1 1 1 0 1
2014   2 28  8 44 36 582965  -21.56684  -46.01451     3438  53.6  1  0  6 15 0 0 1 1 0 0 0 0 0 1 1 1 0 1
2014   2 28  8 44 37 841590  -12.49849  -72.18245     9510  57.0  2  0  5  9 0 0 0 1 0 0 0 0 0 1 1 1 0 1
2014   2 28  8 44 38  44549  -12.42301  -71.84092     5378  63.1  2  0  5 10 0 0 1 1 0 0 0 0 0 1 0 1 0 1
2014   2 28  8 44 38 248456   -5.09882  -72.11015     4315  21.1  1  0  4  6 0 0 1 1 0 0 0 0 0 0 1 1 0 0
2014   2 28  8 44 39 244335  -22.52758 -140.07054    16254  59.2  1  0  6 15 0 0 1 1 0 0 0 0 0 1 1 1 0 1
2014   2 28  8 44 39 280540  -22.44080 -140.38184    32784  58.3  2  0  5  7 0 0 1 1 0 0 0 0 0 1 1 1 0 0
2014   2 28  8 44 39 316716  -22.30605 -141.52802    16612  22.2  1  0  4  6 0 0 1 1 0 0 0 0 0 0 1 1 0 0
2014   2 28  8 44 39 325092  -22.53374 -140.07098    16444  60.0  1  0  6 15 0 0 1 1 0 0 0 0 0 1 1 1 0 1
2014   2 28  8 44 39 354277  -22.46844 -140.67323    23366  57.6  2  0  5 10 0 0 1 1 0 0 0 0 0 0 1 1 0 1
2014   2 28  8 44 39 504292   -2.73458  -71.07448     9578  12.1  0  0  4  6 0 0 1 1 0 0 0 0 0 1 0 0 0 1
2014   2 28  8 44 40 577463    1.84001  -69.07639    23755  13.2  0  0  4  6 0 0 0 1 0 0 0 0 0 1 1 0 0 1
2014   2 28  8 44 40 634263    7.76695  -74.01186     9381  84.1  2  0  6 12 0 0 1 1 0 0 0 0 0 1 1 1 0 1
2014   2 28  8 44 40 719927    1.74204  -68.99345    23587  13.1  0  0  4  6 0 0 0 1 0 0 0 0 0 1 1 0 0 1
2014   2 28  8 44 41 973986  -21.86341  -46.07746     3032   5.8  0  0  4  6 0 0 1 1 0 0 0 0 0 0 1 0 0 1
2014   2 28  8 44 42  11560  -22.78367  -46.24321     4740  61.0  2  0  5 10 0 0 1 1 0 0 0 0 0 1 1 1 0 0
2014   2 28  8 44 42 256873  -21.23068  -46.10903     4186  17.1  0  0  4  6 0 0 1 0 0 0 0 0 0 1 1 0 0 1
2014   2 28  8 44 43 879459   -4.91924  -72.03228     7322 110.9  2  0  6 15 0 0 1 1 0 0 0 0 0 1 1 1 0 1
2014   2 28  8 44 44   3285  -21.47155  -46.05552     3247  28.2  0  0  5 10 0 0 1 0 0 0 0 0 0 1 1 1 0 1
2014   2 28  8 44 44 308951    2.96137    1.26585    13832  27.9  1  0  4  6 0 0 1 1 0 0 0 0 1 0 1 0 0 0
2014   2 28  8 44 44 529155   -5.09804  143.14069    11094   8.9  0  0  4  6 0 0 1 0 0 0 0 0 0 0 1 1 0 1
2014   2 28  8 44 45 687558   -4.63414  -72.07966     8129 127.4  2  0  6 15 0 0 1 1 0 0 0 0 0 1 1 1 0 1
2014   2 28  8 44 45 814300  -11.24454  -42.21570    28273  21.9  1  0  4  6 0 0 1 0 0 0 0 0 0 1 1 0 0 1
2014   2 28  8 44 45 877246   -8.85928  -66.14213    16879  18.3  0  0  4  6 0 0 0 1 0 0 0 0 0 1 1 0 0 1
2014   2 28  8 44 47 431549    4.99365  150.63318    19548 117.3  2  0  6 15 0 0 1 1 0 0 0 0 0 1 1 1 0 1
2014   2 28  8 44 48 224556  -21.96008 -140.54134     9919   2.6  0  0  4  6 0 0 1 1 0 0 0 0 0 0 0 1 0 1
2014   2 28  8 44 48 452995  -21.89029 -141.36784    12228  11.9  0  0  5  9 0 0 0 1 1 0 0 1 0 0 1 1 0 0
2014   2 28  8 44 48 824279  -21.66524  -46.12822     3060  13.1  0  0  5  7 0 0 0 1 1 0 0 1 0 0 1 0 0 1
2014   2 28  8 44 48 963911  -21.67906  -46.02708     2481  10.4  0  0  6 15 0 0 1 1 1 0 0 1 0 0 1 0 0 1
2014   2 28  8 44 49 345008  -21.57391  -45.95714     2749  13.9  0  0  5 10 0 0 0 1 1 0 0 1 0 0 1 0 0 1
2014   2 28  8 44 49 353657  -21.65263  -45.93235     3584  63.6  2  0  6 13 0 0 1 1 1 0 0 1 0 0 1 0 0 1
2014   2 28  8 44 49 961450   -6.90166    9.48458     7513  10.7  0  0  6 15 0 0 1 1 1 0 0 1 0 0 1 0 0 1
2014   2 28  8 44 52 175103  -12.72398  166.15822    65668  38.9  1  0  5 10 0 0 1 1 1 0 0 1 0 0 1 0 0 0
2014   2 28  8 44 52 721885  -14.57474  -44.00803     2675  15.3  0  0  5 10 0 0 0 1 1 0 0 1 0 0 1 0 0 1
2014   2 28  8 44 53 596697  -21.59974  -47.40334     3838  57.9  1  0  6 14 0 0 1 1 1 0 0 1 0 0 1 1 0 0
2014   2 28  8 44 53 676187  -21.71515  -47.38648     3251  49.9  1  0  6 15 0 0 1 1 1 0 0 1 0 1 0 0 0 1
2014   2 28  8 44 53 814508  -21.69532  -47.26567     2586  26.5  0  0  7 21 0 0 1 1 1 0 0 1 0 0 1 1 0 1
2014   2 28  8 44 53 870418  -21.64345  -47.41278     2969  51.0  1  0  7 21 0 0 1 0 1 0 0 1 0 1 1 1 0 1
2014   2 28  8 44 53 908456  -21.56662  -47.78067     4199  31.4  1  0  5  9 0 0 1 0 0 0 0 1 0 1 1 1 0 0
2014   2 28  8 44 53 966978  -21.69819  -47.25635     2884  28.8  0  0  6 15 0 0 1 1 1 0 0 1 0 0 1 0 0 1
2014   2 28  8 44 54  88235   -4.88114  -71.73383     4636  60.8  2  0  6 15 0 0 1 1 0 0 0 1 0 1 1 1 0 0
2014   2 28  8 44 54 101881  -21.66848  -47.43985     3341  52.2  1  0  6 15 0 0 1 0 1 0 0 1 0 1 0 1 0 1
2014   2 28  8 44 54 187893   -4.87173  -71.72089     4821  61.7  2  0  6 14 0 0 1 1 0 0 0 1 0 1 1 1 0 0
2014   2 28  8 44 54 242482  -21.69658  -47.23961     3326  32.7  1  0  5 10 0 0 0 1 1 0 0 1 0 0 1 0 0 1
2014   2 28  8 44 54 368730   -5.29298  -71.29757     4635  31.3  0  0  6 15 0 0 1 1 1 0 0 1 0 1 0 0 0 1
2014   2 28  8 44 54 407266   -5.23015  -71.31943     4659  40.8  0  0  7 21 0 0 1 1 1 0 0 1 0 1 1 0 0 1
2014   2 28  8 44 54 484186  -33.73351  -38.93815     3598   2.5  0  0  4  6 0 0 1 1 0 0 0 0 0 0 1 0 0 1
2014   2 28  8 44 54 970764  -12.06068  -71.64198     3222  28.4  0  0  6 15 0 0 1 1 1 0 0 0 0 0 1 1 0 1
2014   2 28  8 44 55 195178  -12.48115  -70.59998     6388  19.9  0  0  5 10 0 0 0 1 1 0 0 1 0 0 1 0 0 1
2014   2 28  8 44 55 268070    5.30189  -86.34705    20605  39.5  1  0  5 10 0 0 1 1 0 0 0 0 0 1 1 0 0 1
2014   2 28  8 44 55 427921  -12.10518  -71.65215     3299  30.3  0  0  6 15 0 0 1 1 1 0 0 0 0 0 1 1 0 1
2014   2 28  8 44 55 752854  -34.22756  -37.50729     4802  58.4  1  0  7 21 0 0 1 1 1 0 0 1 0 1 1 0 0 1
2014   2 28  8 44 55 814761  -34.40231  -37.14507     6082  47.9  1  0  5  9 0 0 1 1 0 0 0 1 0 0 1 0 0 1
2014   2 28  8 44 56 369679  -23.70524  -45.42671     5324  61.5  2  0  5 10 0 0 1 1 1 0 0 1 0 0 0 0 0 1
2014   2 28  8 44 56 625327  -23.69686  -45.36137     6534  68.4  2  0  5 10 0 0 0 1 1 0 0 1 0 0 1 0 0 1
2014   2 28  8 44 56 731349    4.33935  152.37672     9601  66.7  1  0  7 21 0 0 1 0 1 0 0 1 0 1 1 1 0 1
2014   2 28  8 44 57 583011  -14.60207  -43.91425     3122  31.2  1  0  5 10 0 0 0 1 1 0 0 1 0 0 1 0 0 1
2014   2 28  8 44 57 746759  -23.19629  -45.50682     4858  68.3  2  0  6 15 0 0 1 1 1 0 0 1 0 0 1 0 0 1
2014   2 28  8 44 57 758494  -22.84552  -45.81324     4159  33.2  1  0  5 10 0 0 1 1 1 0 0 0 0 0 1 0 0 1
2014   2 28  8 44 58 334953    7.62563  -73.54949     7086  83.2  2  0  6 15 0 0 1 1 1 0 0 1 0 0 1 1 0 0
2014   2 28  8 44 58 784527  -23.72560  -45.51361     4036  81.8  2  0  7 21 0 0 1 1 0 0 0 1 0 1 1 1 0 1
2014   2 28  8 44 58 845205  -23.72130  -45.49055     4060  82.8  2  0  7 21 0 0 1 1 0 0 0 1 0 1 1 1 0 1
2014   2 28  8 44 59 109812  -23.68080  -45.46386     4546  48.0  1  0  5 10 0 0 1 1 1 0 0 0 0 0 1 0 0 1
2014   2 28  8 44 59 147508  -24.22605  -44.64429     5668  59.2  2  0  5  9 0 0 1 1 0 0 0 1 0 0 1 1 0 0
2014   2 28  8 45  0 361207  -33.56952  -38.72506     4025  22.5  0  0  5 10 0 0 1 1 1 0 0 0 0 0 1 0 0 1
2014   2 28  8 45  0 410695  -33.62929  -38.85804     6126  74.2  2  0  6 15 0 0 1 1 1 0 0 1 0 0 1 0 0 1
2014   2 28  8 45  0 526552  -33.67018  -38.83623     6184  74.9  2  0  6 15 0 0 1 1 1 0 0 1 0 0 1 0 0 1
2014   2 28  8 45  0 565612  -20.88909  -46.37608     4095  97.7  2  0  7 21 0 0 1 0 1 0 0 1 0 1 1 1 0 1
2014   2 28  8 45  0 610619  -20.99168  -46.03659     3818  55.5  1  0  6 15 0 0 1 1 1 0 0 1 0 0 1 0 0 1
2014   2 28  8 45  1  18877  -33.63786  -38.68824     6342  77.3  2  0  6 15 0 0 1 1 1 0 0 1 0 0 1 0 0 1
2014   2 28  8 45  1  27500  -33.59872  -38.58529     4208  25.1  0  0  5 10 0 0 1 1 1 0 0 0 0 0 1 0 0 1
2014   2 28  8 45  2 900991  -20.91043  -47.60812     3419  15.2  0  0  4  6 0 0 1 1 0 0 0 1 0 0 1 0 0 0
2014   2 28  8 45  3 117433  -20.85399  -47.70871     3697  35.3  1  0  5 10 0 0 1 1 1 0 0 1 0 0 1 0 0 0
2014   2 28  8 45  3 138688  -20.90997  -47.59608     3622  19.7  0  0  4  6 0 0 1 1 0 0 0 1 0 0 1 0 0 0
2014   2 28  8 45  3 595204   -8.69191  -61.03949     6473  49.0  1  0  5  7 0 0 1 0 1 0 0 1 0 1 0 0 0 1
2014   2 28  8 45  3 632098   -7.85132  -61.20731     4638  53.4  2  0  5 10 0 0 1 1 0 0 0 0 0 0 1 1 0 1
2014   2 28  8 45  3 692947  -21.45700  -45.77497     5220  69.1  2  0  5 10 0 0 1 1 1 0 0 0 0 0 1 0 0 1
2014   2 28  8 45  3 719620  -25.50224  -43.70763     3307   2.2  0  0  4  6 0 0 1 1 0 0 0 0 0 0 1 0 0 1
2014   2 28  8 45  3 727506  -25.47529  -43.90688     5701  92.7  2  0  6 15 0 0 1 1 1 0 0 1 0 0 1 0 0 1
2014   2 28  8 45  3 825523  -21.55733  -45.90744     5102 124.8  2  0  6 15 0 0 0 1 1 0 0 1 0 1 1 0 0 1
2014   2 28  8 45  4 233861  -31.92713   20.90447    28857   6.5  0  0  4  6 0 0 0 1 0 0 0 1 0 0 1 0 0 1
2014   2 28  8 45  4 450290  -21.86093 -140.97006    10449   9.5  0  0  4  6 0 0 1 0 0 0 0 1 0 0 0 1 0 1
2014   2 28  8 45  4 897130  -21.93583 -140.92078     6128  11.2  0  0  6 15 0 0 1 0 1 0 0 1 0 1 0 1 0 1
2014   2 28  8 45  5 140661  -21.94251 -140.82843     5385  11.9  0  0  7 21 0 0 1 0 1 0 0 1 0 1 1 1 0 1
2014   2 28  8 45  5 190086  -14.53877  -44.13477     2792   7.6  0  0  4  6 0 0 0 1 0 0 0 1 0 0 1 0 0 1
2014   2 28  8 45  5 328186  -19.08261 -141.24863     6324  10.2  0  0  6 15 0 0 1 1 1 0 0 0 0 0 1 1 0 1
2014   2 28  8 45  5 349593  -18.07150 -143.02800    49550   4.2  0  0  4  6 0 0 1 1 0 0 0 0 0 0 1 0 0 1
2014   2 28  8 45  5 371868  -19.50079 -140.48842    14751  13.6  0  0  5 10 0 0 1 1 1 0 0 1 0 0 1 0 0 0
2014   2 28  8 45  5 381629  -19.07570 -141.51749    15343  25.0  1  0  4  6 0 0 1 1 0 0 0 1 0 0 0 1 0 0
2014   2 28  8 45  5 600234    2.27651  -79.36467     6961  23.9  1  0  4  6 0 0 0 1 0 0 0 1 0 0 1 1 0 0
2014   2 28  8 45  5 684141  -19.07339 -141.54346    11123  24.2  0  0  5 10 0 0 1 1 0 0 0 1 0 0 1 1 0 0
2014   2 28  8 45  5 797722    4.46240  -73.69320     3342   9.3  0  0  6 15 0 0 0 0 1 0 0 1 0 1 1 1 0 1
2014   2 28  8 45  7 359935    2.65638    9.11678    11026  17.2  0  0  6 15 0 0 1 1 1 0 0 1 0 0 1 0 0 1
2014   2 28  8 45  8 163362  -14.48757  -44.05152     2614   7.6  0  0  5  9 0 0 0 1 1 0 0 1 0 0 1 0 0 1
2014   2 28  8 45  8 600226  -31.30653 -132.47792     7014  22.4  0  0  7 21 0 0 1 1 1 0 0 0 0 1 1 1 0 1
2014   2 28  8 45  8 737648   -9.90537  160.37256     7705  28.9  0  0  6 15 0 0 0 1 1 0 0 1 0 1 0 1 1 0
2014   2 28  8 45  8 857426  -10.04256  160.93797     8276  46.7  0  0  7 21 0 0 1 1 1 0 0 1 0 0 1 1 0 1
2014   2 28  8 45  9 612452  -13.72217  173.52733    12264  49.0  0  0  7 21 0 0 1 1 1 0 0 1 0 0 1 1 0 1
2014   2 28  8 45  9 784017   -5.49511  -71.37711     8036  40.6  1  0  5  9 0 0 1 1 0 0 0 1 0 0 1 0 0 1
2014   2 28  8 45  9 923811    5.54897  156.92448    11353  19.5  0  0  5  9 0 0 1 0 1 0 0 0 0 0 1 1 0 1
2014   2 28  8 45 10  96885  -13.48814  172.72723    21195  56.9  2  0  5 10 0 0 0 1 1 0 0 1 0 0 1 1 0 0
2014   2 28  8 45 10 414095  -13.38911  -38.90186     4949  46.3  0  0  7 21 0 0 1 0 1 0 0 1 0 1 1 1 0 1
2014   2 28  8 45 10 470616  -21.00704 -142.77980    12808  42.6  1  0  6 15 0 0 1 0 1 0 0 1 0 1 1 1 0 0
2014   2 28  8 45 10 486606  -21.10555 -141.50664    11555  34.5  0  0  6 15 0 0 1 1 1 0 0 0 0 0 1 1 0 1
2014   2 28  8 45 10 551978  -21.03978 -142.54300    23945  64.6  2  0  5 10 0 0 1 1 0 0 0 1 0 0 1 1 0 0
2014   2 28  8 45 10 596262  -21.07968 -142.41518    12453  54.4  1  0  7 21 0 0 1 1 1 0 0 1 0 0 1 1 0 1
2014   2 28  8 45 10 644242  -21.56709  -46.21256     3294  51.2  1  0  6 15 0 0 0 1 1 0 0 1 0 1 1 0 0 1
2014   2 28  8 45 10 701704  -21.59478  -46.11419     3593  37.9  1  0  5 10 0 0 0 1 1 0 0 1 0 0 1 0 0 1
2014   2 28  8 45 10 736818  -13.31655  -38.83801     4162  12.8  0  0  5 10 0 0 1 0 1 0 0 0 0 1 0 1 0 1
2014   2 28  8 45 10 862832  -21.03749 -142.39029    17022  61.2  2  0  6 15 0 0 1 1 1 0 0 1 0 0 1 1 0 0
2014   2 28  8 45 11 100034  -21.11456 -141.41055    12207  37.4  0  0  6 15 0 0 1 1 1 0 0 0 0 0 1 1 0 1
2014   2 28  8 45 11 797894    6.60317  -73.60077    34745  33.5  1  0  5 10 0 0 0 1 1 0 0 0 0 1 1 0 0 1
2014   2 28  8 45 12 396410   -0.43140   -1.54376    19213  44.8  1  0  6 15 0 0 1 1 1 0 0 1 0 0 1 0 0 1
2014   2 28  8 45 13 398713   -6.86419    7.17766    18970  53.6  1  0  6 15 0 0 1 1 1 0 0 1 0 0 1 0 0 1
2014   2 28  8 45 13 435924   -6.44614    7.69517    28147  80.1  2  0  6 15 0 0 1 1 1 0 0 1 0 0 1 0 1 0
2014   2 28  8 45 14  75134  -22.18032  -46.12017     2842  45.1  0  0  7 20 0 0 1 1 1 0 0 0 0 1 1 1 0 1
2014   2 28  8 45 14 474097    0.55301    1.72889    36928  64.4  2  0  5 10 0 0 1 1 0 0 0 1 0 0 1 0 0 1
2014   2 28  8 45 14 948181    6.78556  -72.97430    11324  19.9  0  0  5 10 0 0 1 1 1 0 0 0 0 0 1 0 0 1
2014   2 28  8 45 15  20570    4.46005  -73.06488     4833  42.0  1  0  6 13 0 0 1 1 1 0 0 0 0 0 1 1 0 1
2014   2 28  8 45 15  47140    4.48998  -73.49133     9683  84.5  2  0  6 15 0 0 0 1 1 0 0 1 0 0 1 1 0 1
2014   2 28  8 45 15  68083  -21.44956  -47.00418     3485  87.0  2  0  7 21 0 0 0 1 1 0 0 1 0 1 1 1 0 1
2014   2 28  8 45 15 270166    3.63989  -85.82664     8999  90.3  2  0  6 15 0 0 1 1 1 0 0 1 0 0 1 1 0 0
2014   2 28  8 45 15 391282  -21.56355  -46.88292     3581  52.4  1  0  6 15 0 0 1 1 1 0 0 1 0 0 1 0 0 1
2014   2 28  8 45 17 750293   -2.51258  148.64909    11223 110.1  2  0  7 21 0 0 1 1 1 0 0 1 0 0 1 1 0 1
2014   2 28  8 45 18 154657    5.78618  -82.39049     7530  99.0  2  0  7 21 0 0 1 1 1 0 0 1 0 0 1 1 0 1
2014   2 28  8 45 18 453439  -33.70992  -38.63119     4713  62.9  1  0  7 21 0 0 1 1 1 0 0 0 0 1 1 1 0 1
2014   2 28  8 45 18 654867  -33.88823  -38.46827     6651  81.3  2  0  6 15 0 0 1 1 1 0 0 1 0 0 1 0 0 1
2014   2 28  8 45 18 692619  -33.73431  -38.81154     6179  94.0  2  0  7 21 0 0 1 1 1 0 0 1 0 1 1 0 0 1
2014   2 28  8 45 18 842239  -33.73346  -38.62643     4779  64.1  1  0  7 21 0 0 1 1 1 0 0 0 0 1 1 1 0 1
2014   2 28  8 45 19  34881  -33.91351  -38.49579     6709  82.5  2  0  6 15 0 0 1 1 1 0 0 1 0 0 1 0 0 1
2014   2 28  8 45 19 130784  -20.99092  -46.25125     5043 119.9  2  0  6 14 0 0 1 1 0 0 0 1 0 1 0 1 0 1
2014   2 28  8 45 19 163246  -33.67312  -39.21016    10375  71.0  2  0  5 10 0 0 1 0 1 0 0 1 0 0 1 0 0 1
2014   2 28  8 45 19 196632  -33.91420  -38.48708     6743  83.0  2  0  6 15 0 0 1 1 1 0 0 1 0 0 1 0 0 1
2014   2 28  8 45 19 927221    3.05051  143.39774    10872  32.0  1  0  5 10 0 0 1 1 0 0 0 1 0 0 1 0 0 1
2014   2 28  8 45 20 351326  -25.15956  -44.54737     3014  10.7  0  0  5 10 0 0 0 1 1 0 0 1 0 0 1 0 0 1
2014   2 28  8 45 20 436042    2.73309  -95.86135     7311   8.8  0  0  5 10 0 0 0 1 1 0 0 1 0 0 0 1 0 1
2014   2 28  8 45 20 686210  -12.45331  -71.79328     3074   2.0  0  0  4  6 0 0 1 1 0 0 0 0 0 0 1 1 0 0
2014   2 28  8 45 21   9670  -12.46108  -71.77899     2617  18.0  0  0  7 21 0 0 1 1 1 0 0 0 0 1 1 1 0 1
2014   2 28  8 45 21 835847  -10.72032  -56.78497     2621  21.5  0  0  7 21 0 0 0 1 1 0 0 1 0 1 1 1 0 1
2014   2 28  8 45 21 880000  -10.70284  -56.76896     2504  20.8  0  0  7 21 0 0 1 1 0 0 0 1 0 1 1 1 0 1
2014   2 28  8 45 22  78273  -10.69358  -56.79465     2682  23.1  0  0  7 20 0 0 0 1 1 0 0 1 0 1 1 1 0 1
2014   2 28  8 45 22 473068   -4.84774  -71.84186     3126  22.3  0  0  6 15 0 0 1 1 1 0 0 0 0 0 1 1 0 1
2014   2 28  8 45 22 500576   -4.83412  -71.87971     3157  13.9  0  0  5 10 0 0 1 1 0 0 0 0 0 0 1 1 0 1
2014   2 28  8 45 22 527348   -5.17388  -71.60291     8238  20.9  0  0  5 10 0 0 1 1 1 0 0 0 0 0 1 0 0 1
2014   2 28  8 45 22 704760   -4.81394  -71.92674     4671  49.0  0  0  7 16 0 0 1 1 1 0 0 1 0 1 1 1 0 0
2014   2 28  8 45 22 879061   -4.77235  -71.96486     2815   4.0  0  0  5  9 0 0 1 1 0 0 0 1 0 0 1 1 0 0
2014   2 28  8 45 23 819427  -22.20518 -139.87355    14678  34.7  0  0  7 21 0 0 1 1 1 0 0 1 0 1 1 0 0 1
2014   2 28  8 45 23 960298    6.96157  -74.64697     7475  45.1  0  0  7 16 0 0 1 0 1 0 0 1 0 1 1 1 0 1
2014   2 28  8 45 24 130651  -21.61847 -141.59091     8037  23.9  0  0  6 15 0 0 1 1 0 0 0 1 0 0 1 1 0 1
2014   2 28  8 45 24 298017    1.41131  -66.86621     3694  44.0  0  0  7 21 0 0 1 1 1 0 0 0 0 1 1 1 0 1
2014   2 28  8 45 25 128112   -3.68164  -71.43655     3524  43.6  0  0  7 21 0 0 1 0 1 0 0 1 0 1 1 1 0 1
2014   2 28  8 45 25 161650   -3.67752  -71.66973     4687  44.4  1  0  6 15 0 0 0 1 1 0 0 1 0 0 1 1 0 1
2014   2 28  8 45 25 701348   -3.56186  -71.67851     3696  12.3  0  0  4  6 0 0 1 1 0 0 0 0 0 0 1 1 0 0
2014   2 28  8 45 25 776255  -21.63826  -46.80110     4359  43.3  1  0  5 10 0 0 1 1 1 0 0 1 0 0 1 0 0 0
2014   2 28  8 45 25 853960  -23.06422  -45.75122     4144  42.9  1  0  5 10 0 0 1 1 0 0 0 1 0 0 1 0 0 1
2014   2 28  8 45 25 884113  -23.05170  -45.81896     4566  55.8  2  0  5 10 0 0 0 1 1 0 0 1 0 0 1 0 0 1
2014   2 28  8 45 26 575624  -21.49386  -47.01936     3143  60.2  1  0  7 21 0 0 1 0 1 0 0 1 0 1 1 1 0 1
2014   2 28  8 45 26 720996  -21.53906  -47.15084     3144  64.0  1  0  7 21 0 0 1 1 1 0 0 1 0 1 0 1 0 1
2014   2 28  8 45 27 123633    7.77754  -74.74252    11411  45.6  1  0  5  8 0 0 0 1 1 0 0 1 0 0 0 1 0 1
2014   2 28  8 45 28 432912  -21.73378  -45.94011     3608  56.7  1  0  6 15 0 0 1 1 1 0 0 1 0 0 1 0 0 1
2014   2 28  8 45 28 433674    6.54584   28.50116    14194  33.8  1  0  5 10 0 0 1 0 1 0 0 0 0 0 1 1 0 1
2014   2 28  8 45 28 439822  -21.73120  -45.94190     3637  57.7  1  0  6 15 0 0 1 1 1 0 0 1 0 0 1 0 0 1
2014   2 28  8 45 29  93627   -5.81178   11.19930    30159  32.4  1  0  4  6 0 0 1 1 0 0 0 1 0 0 1 0 0 0
2014   2 28  8 45 29 581066  -33.21206  -40.22054     6108  91.2  2  0  7 21 0 0 1 1 1 0 0 0 0 1 1 1 0 1
2014   2 28  8 45 29 619187  -33.34850  -40.04540     8538  77.0  2  0  5 10 0 0 1 1 1 0 0 0 0 0 1 0 0 1
2014   2 28  8 45 29 629942  -33.32862  -40.06695     6673  69.3  2  0  6 15 0 0 1 1 1 0 0 1 0 0 1 0 0 1
2014   2 28  8 45 29 652227  -33.37230  -40.04605     8111  70.0  2  0  5 10 0 0 1 1 1 0 0 1 0 0 1 0 0 0
2014   2 28  8 45 29 782317  -33.40378  -39.93407     7811  63.9  2  0  5 10 0 0 1 1 0 0 0 1 0 0 1 0 0 1
2014   2 28  8 45 30 208149  -33.30816  -40.09545     8901  81.5  2  0  5 10 0 0 1 1 1 0 0 0 0 0 1 0 0 1
2014   2 28  8 45 30 394809  -21.50812  -46.66937     3093  55.8  1  0  7 20 0 0 1 1 1 0 0 1 0 1 1 1 0 0
2014   2 28  8 45 30 412652    3.09076  -97.19690    13826  28.6  1  0  4  6 0 0 0 1 0 0 0 1 0 0 1 1 0 0
2014   2 28  8 45 31 177549  -14.54931  -39.17137     6419  59.0  1  0  6 15 0 0 1 0 1 0 0 1 0 1 1 0 0 1
2014   2 28  8 45 31 463835  -21.76393  -47.49675     3825 101.8  2  0  7 21 0 0 1 1 1 0 0 1 0 1 1 0 0 1
2014   2 28  8 45 32 139953  -14.32667  162.11969    26332  88.2  2  0  6 11 0 0 0 0 1 0 0 1 0 1 1 1 1 0
2014   2 28  8 45 32 946092  -21.23810 -141.47227    23299 116.6  2  0  7 21 0 0 1 1 1 0 0 0 0 1 1 1 0 1
2014   2 28  8 45 33  89296    1.90943  -22.49537    12988  98.2  2  0  7 19 0 0 1 1 1 0 0 1 0 0 1 1 0 1
2014   2 28  8 45 33 108008   18.46538   12.77290    12598   2.5  0  0  4  6 0 0 0 1 1 0 0 1 0 0 0 1 0 0
2014   2 28  8 45 33 225169  -30.58072  -41.58559     6665  90.7  2  0  6 15 0 0 1 1 0 0 0 1 0 1 1 0 0 1
2014   2 28  8 45 33 233862  -21.10444 -143.03522    26075 110.1  2  0  6 15 0 0 1 1 1 0 0 1 0 0 0 1 0 1
2014   2 28  8 45 33 576223    3.21971  -83.37254    18361 113.5  2  0  6 15 0 0 1 1 1 0 0 1 0 1 0 0 0 1
2014   2 28  8 45 35 330908  -12.36998  -57.01072     4775  19.7  0  0  5 10 0 0 1 1 1 0 0 0 0 1 0 0 0 1
2014   2 28  8 45 35 374662  -10.84171  -58.79741     3853  61.4  1  0  7 20 0 0 0 1 1 0 0 1 0 1 0 1 1 1
2014   2 28  8 45 35 398118  -10.80970  -58.78431     6889  70.5  2  0  5 10 0 0 0 1 1 0 0 1 0 0 0 1 0 1
2014   2 28  8 45 35 685688  -10.51220  -57.89656     5224 123.2  2  0  7 21 0 0 1 0 1 0 0 1 0 1 1 1 0 1
2014   2 28  8 45 36 827099  -23.81147  -45.49162     2588  16.8  0  0  7 21 0 0 0 1 1 0 0 1 0 1 1 1 0 1
2014   2 28  8 45 36 924743  -23.81791  -45.49120     2562  17.4  0  0  7 21 0 0 1 1 1 0 0 1 0 0 1 1 0 1
2014   2 28  8 45 36 983165  -23.83429  -45.51426     2939  18.0  0  0  6 15 0 0 1 1 0 0 0 1 0 0 1 1 0 1
2014   2 28  8 45 37 147354  -23.83367  -45.50675     2589  18.7  0  0  7 21 0 0 1 1 1 0 0 1 0 0 1 1 0 1
2014   2 28  8 45 37 264132  -23.86114  -45.48149     3229  19.9  0  0  5 10 0 0 0 1 1 0 0 1 0 0 1 0 0 1
2014   2 28  8 45 37 313732    5.98571  153.64032     6770  14.7  0  0  5 10 0 0 0 1 1 0 0 1 0 0 1 1 0 0
2014   2 28  8 45 37 419985  -21.52395  -45.77630     3187   6.0  0  0  4  6 0 0 1 1 0 0 0 1 0 0 1 0 0 0
2014   2 28  8 45 37 434196  -21.41768  -45.83292     3812  75.7  2  0  7 19 0 0 1 1 1 0 0 0 0 1 1 1 0 1
2014   2 28  8 45 37 459079  -21.54855  -45.74402     2733  12.9  0  0  5 10 0 0 0 1 1 0 0 1 0 0 1 0 0 1
2014   2 28  8 45 37 466832  -21.54997  -45.74181     2701  11.9  0  0  5 10 0 0 0 1 1 0 0 1 0 0 1 0 0 1
2014   2 28  8 45 37 499977  -21.53387  -45.72280     2527  11.7  0  0  6 15 0 0 1 1 1 0 0 1 0 0 1 0 0 1
2014   2 28  8 45 37 555062  -21.50686  -45.78113     2689  23.5  0  0  7 20 0 0 1 1 1 0 0 1 0 0 1 1 0 1
2014   2 28  8 45 38 510056   -2.90579  147.89795    17954  26.7  0  0  5 10 0 0 1 1 1 0 0 0 0 0 0 1 0 1
2014   2 28  8 45 38 635189   -6.86558    9.39783     9947  21.3  0  0  6 15 0 0 1 1 1 0 0 1 0 0 1 0 0 1
2014   2 28  8 45 39 417716  -21.35313  -48.10598     6348  15.9  0  0  4  6 0 0 1 0 0 0 0 1 0 0 1 1 0 0
2014   2 28  8 45 39 443337  -21.49691  -47.54053     3069  43.2  0  0  7 19 0 0 1 1 1 0 0 1 0 0 1 1 0 1
2014   2 28  8 45 39 825699  -33.05946  -39.76389     4293  24.0  0  0  7 21 0 0 0 1 1 0 0 1 0 1 1 1 0 1
2014   2 28  8 45 39 837174  -33.57203  -39.27333     4040  29.1  0  0  6 15 0 0 1 1 1 0 0 1 0 0 1 0 0 1
2014   2 28  8 45 40 125399   -6.81244    8.97102    13187  33.2  0  0  6 15 0 0 1 1 1 0 0 1 0 0 1 0 0 1
2014   2 28  8 45 40 151780    6.49490  -73.13879    13317  28.4  0  0  5 10 0 0 1 1 1 0 0 0 0 1 1 0 0 0
2014   2 28  8 45 40 273098  -21.60183  -46.08569     2951  48.1  0  0  7 21 0 0 1 1 0 0 0 1 0 1 1 1 0 1
2014   2 28  8 45 40 608191  -23.06556  -45.74883     4246  45.9  1  0  5 10 0 0 0 1 1 0 0 1 0 0 1 0 0 1
2014   2 28  8 45 40 665233  -22.96481  -45.62522     3462  42.4  1  0  6 15 0 0 1 1 1 0 0 1 0 0 1 0 0 1
2014   2 28  8 45 40 720100  -23.09961  -45.45057     7599  53.8  2  0  5 10 0 0 1 1 1 0 0 0 0 0 1 0 0 1
2014   2 28  8 45 40 764247  -10.66587  -56.86429     3093  33.7  0  0  6 15 0 0 0 0 1 0 0 1 0 1 1 1 1 0
2014   2 28  8 45 41   1663  -10.63424  -56.88109     5352  45.2  1  0  5  7 0 0 0 1 0 0 0 1 0 0 1 1 0 1
2014   2 28  8 45 41 165283  -22.86183  -45.74881     3837  23.5  0  0  5  9 0 0 1 1 1 0 0 1 0 0 1 0 0 0
2014   2 28  8 45 41 553605    1.05478    1.75898    20040  52.5  2  0  5  9 0 0 1 1 1 0 0 0 0 0 0 1 0 1
2014   2 28  8 45 41 628626  -40.28835  -37.53667    11958  55.8  2  0  5 10 0 0 1 1 1 0 0 1 0 0 0 0 0 1
2014   2 28  8 45 41 663054    0.46648    0.80990    27402  48.2  1  0  5 10 0 0 1 1 1 0 0 1 0 0 0 0 0 1
2014   2 28  8 45 41 691007  -33.73770  -39.32442     5527  37.6  1  0  5 10 0 0 1 1 1 0 0 1 0 0 1 0 0 0
2014   2 28  8 45 42 338929  -33.68149  -39.40678     6481  51.0  2  0  5 10 0 0 1 1 1 0 0 0 0 0 1 0 0 1
2014   2 28  8 45 43 710536    7.12657  -77.50538     5381  65.6  1  0  7 20 0 0 1 1 1 0 0 1 0 0 1 1 0 1
2014   2 28  8 45 44 453994  -22.29471  -46.23451     3685  88.7  2  0  7 21 0 0 1 1 0 0 0 1 0 1 1 1 0 1
2014   2 28  8 45 44 461591  -22.45215  -46.08659     4577  68.2  2  0  5 10 0 0 0 1 1 0 0 1 0 0 1 0 0 1
2014   2 28  8 45 44 541789  -22.45680  -46.08863     4495  65.9  2  0  5 10 0 0 0 1 1 0 0 1 0 0 1 0 0 1
2014   2 28  8 45 44 707425   -9.93639  160.80640    14096  70.6  2  0  6 15 0 0 0 1 1 0 0 1 0 1 0 1 0 1
2014   2 28  8 45 44 834630  -12.25269  164.00281    48202  70.0  2  0  6 15 0 0 1 1 1 0 0 1 0 1 0 0 0 1
2014   2 28  8 45 44 932124   -9.88581  160.81348    10317  66.9  1  0  7 20 0 0 1 1 1 0 0 1 0 0 1 1 0 1
2014   2 28  8 45 44 974665  -15.24944  164.53778    18600  69.5  1  0  7 21 0 0 1 1 1 0 0 0 0 1 1 1 0 1
2014   2 28  8 45 45  58051  -14.17570  161.86339    76196  74.7  2  0  6 15 0 0 1 1 1 0 0 0 0 0 1 1 0 1
2014   2 28  8 45 45  84918  -14.51510  162.48637    14756  48.9  1  0  5 10 0 0 1 0 1 0 0 1 0 0 0 1 0 1
2014   2 28  8 45 45 781899   -4.22485  -71.90302     4472  79.0  2  0  7 21 0 0 1 1 1 0 0 1 0 0 1 1 0 1
2014   2 28  8 45 45 813803   -4.20468  -71.84676     6110  86.3  2  0  6 15 0 0 1 1 1 0 0 0 0 0 1 1 0 1
2014   2 28  8 45 45 995452   -8.79831  159.33916   113768  80.7  2  0  6 15 0 0 1 1 1 0 0 1 0 0 1 0 0 1
2014   2 28  8 45 46  58232   -4.16655  -71.86006     6140  87.1  2  0  6 15 0 0 1 1 1 0 0 0 0 0 1 1 0 1
2014   2 28  8 45 47 209020  -21.62043  -47.42415     3946  75.7  2  0  6 15 0 0 1 0 1 0 0 1 0 1 1 0 0 1
2014   2 28  8 45 47 220398  -21.76467  -47.37461     4101  76.9  2  0  6 15 0 0 1 1 1 0 0 1 0 0 1 0 0 1
2014   2 28  8 45 47 228364  -21.76213  -47.37484     4117  77.5  2  0  6 15 0 0 1 1 1 0 0 1 0 0 1 0 0 1
2014   2 28  8 45 47 357562  -22.09281  -47.09347     2971  22.5  0  0  5 10 0 0 0 1 1 0 0 0 0 0 1 1 0 1
2014   2 28  8 45 47 530172  -20.99635 -143.96936    20844  30.9  1  0  4  6 0 0 1 1 0 0 0 0 0 0 1 1 0 0
2014   2 28  8 45 48 385012  -21.10024  -46.34392     4548  84.2  2  0  6 15 0 0 1 1 1 0 0 1 0 0 1 0 0 1
2014   2 28  8 45 48 406646  -20.91195  -46.55814     4270 116.4  2  0  7 21 0 0 1 1 0 0 0 1 0 1 1 1 0 1
2014   2 28  8 45 48 424160  -23.53009  -45.76971     4947  98.7  2  0  7 17 0 0 0 1 1 0 0 1 0 1 1 1 0 1
2014   2 28  8 45 48 438026  -23.50953  -45.79662     4351 101.2  2  0  7 21 0 0 1 1 0 0 0 1 0 1 1 1 0 1
2014   2 28  8 45 48 454176  -20.94963  -46.51330     5737 129.4  2  0  6 15 0 0 1 1 1 0 0 0 0 0 1 1 0 1
2014   2 28  8 45 49 140745    5.83024  -87.01920    19474 121.5  2  0  6 15 0 0 0 1 0 0 0 1 0 1 1 1 0 1
2014   2 28  8 45 49 153077    5.51679  -85.57037     7326  87.3  2  0  7 21 0 0 1 0 1 0 0 1 0 1 1 1 0 1
2014   2 28  8 45 49 169256    6.09873  -86.71561     8603  48.0  1  0  5  9 0 0 1 1 0 0 0 1 0 0 1 1 0 0
2014   2 28  8 45 49 235244  -23.59198  -45.70340     5400 101.0  2  0  6 15 0 0 1 1 1 0 0 1 0 0 1 0 0 1
2014   2 28  8 45 50 575538  -21.79231  -46.12057     5556 124.2  2  0  6 15 0 0 1 1 1 0 0 0 0 1 1 0 0 1
2014   2 28  8 45 50 831804    5.65013  -86.40928    10451 136.4  2  0  7 21 0 0 1 1 1 0 0 1 0 1 1 1 0 0
2014   2 28  8 45 51 126894   -9.34752  -67.07987     6419 145.1  2  0  7 21 0 0 1 1 1 0 0 0 0 1 1 1 0 1
2014   2 28  8 45 51 339635   -9.37996  -67.22711     5982 131.7  2  0  7 19 0 0 1 1 1 0 0 1 0 0 1 1 0 1
2014   2 28  8 45 51 891305   -4.95785  144.54572     8436  49.4  1  0  5 10 0 0 1 0 1 0 0 1 0 0 1 1 0 0
2014   2 28  8 46  8 209659  -14.57046  -44.11917     2529   4.2  0  0  5 10 0 0 1 1 1 0 0 1 0 0 0 0 0 1
2014   2 28  8 46  9 171548   -3.14152  149.78441     6426  28.6  0  0  5 10 0 0 0 1 1 0 0 1 0 1 0 1 0 0
2014   2 28  8 46  9 194671    2.34946  -79.54093    10113  25.1  1  0  4  6 0 0 0 1 0 0 0 1 0 0 0 1 0 1
2014   2 28  8 46  9 287289   -3.12601  149.86066     9135  52.2  2  0  5 10 0 0 1 1 0 0 0 1 0 0 0 1 0 1
2014   2 28  8 46  9 769156   20.09688 -119.76144    53091  32.4  1  0  4  6 0 0 0 1 0 0 0 1 0 0 0 1 0 1
2014   2 28  8 46 10 962944  -20.70035  -48.21416     2538  15.3  0  0  6 14 0 0 1 1 1 0 0 0 0 1 0 1 0 1
2014   2 28  8 46 11 200393  -10.84252  -56.33256     2930  35.9  0  0  7 21 0 0 1 1 1 0 0 1 0 1 0 1 0 1
2014   2 28  8 46 11 662650  -21.85482 -139.94492     9287  15.7  0  0  5 10 0 0 1 1 1 0 0 0 0 0 0 1 0 1
2014   2 28  8 46 12  96514  -21.62445  -46.89530     3515  39.8  1  0  5 10 0 0 0 0 1 0 0 1 0 1 0 1 0 1
2014   2 28  8 46 12  97238  -21.80426 -140.68361    13124  44.7  1  0  6 15 0 0 1 1 1 0 0 1 0 0 0 1 0 1
2014   2 28  8 46 12 145277  -21.80223 -140.67693    13191  45.1  1  0  6 15 0 0 1 1 1 0 0 1 0 0 0 1 0 1
2014   2 28  8 46 12 182991  -21.60886  -46.65634     3288  28.6  0  0  5 10 0 0 1 1 1 0 0 1 0 0 0 0 0 1
2014   2 28  8 46 12 332555  -21.80071 -140.67577    13511  46.4  1  0  6 15 0 0 1 1 1 0 0 1 0 0 0 1 0 1
2014   2 28  8 46 12 427093  -21.79247 -140.71059    19162  52.3  2  0  5 10 0 0 1 1 0 0 0 1 0 0 0 1 0 1
2014   2 28  8 46 12 915442  -21.90981 -140.47716    14433  50.5  1  0  6 15 0 0 1 1 1 0 0 1 0 0 0 1 0 1
2014   2 28  8 46 14 550512   -4.69296  -71.59635     3559  12.3  0  0  4  6 0 0 1 1 1 0 0 0 0 0 0 1 0 0
2014   2 28  8 46 14 593766   -8.05034  -61.57763     3644  59.3  1  0  7 21 0 0 1 1 1 0 0 1 0 1 0 1 0 1
2014   2 28  8 46 15 900733  -23.62921  -45.51958     4204  71.2  2  0  6 15 0 0 1 1 0 0 0 1 0 1 0 1 0 1
2014   2 28  8 46 15 958675  -23.60023  -45.63253     3749  57.4  1  0  6 15 0 0 1 0 1 0 0 1 0 1 0 1 0 1
2014   2 28  8 46 16   5002  -23.70966  -45.37251     5383  61.8  2  0  5 10 0 0 1 1 1 0 0 1 0 0 0 0 0 1
2014   2 28  8 46 16 119112  -23.74065  -45.40166     5484  64.7  2  0  5 10 0 0 1 1 1 0 0 1 0 0 0 0 0 1
2014   2 28  8 46 16 543493  -23.81804  -45.46514     5078  81.5  2  0  6 12 0 0 1 1 1 0 0 1 0 1 0 1 0 0
2014   2 28  8 46 17  71132  -10.68655  -56.67813     3962  77.9  2  0  7 21 0 0 1 1 1 0 0 1 0 1 0 1 0 1
2014   2 28  8 46 17 649623    1.62584    6.61871    25744  41.0  1  0  5  9 0 0 1 1 1 0 0 1 0 0 0 0 0 1
2014   2 28  8 46 18 534589  -14.53666  -43.96501     4832  64.2  2  0  5  8 0 0 0 1 1 0 0 1 0 0 0 1 0 1
2014   2 28  8 46 19 387222   -0.38606   -2.17642    25191  45.3  1  0  5 10 0 0 1 1 1 0 0 1 0 0 0 0 0 1
2014   2 28  8 46 21 858001  -40.25004  -66.02904     8858  83.7  2  0  6 15 0 0 1 1 1 0 0 1 0 1 0 0 0 1
2014   2 28  8 46 21 972365  -42.70820  -68.84018    38298  90.6  2  0  6 15 0 0 0 1 1 0 0 1 0 1 0 1 0 1
2014   2 28  8 46 22  93372  -45.71166  -71.20874    36915  59.3  2  0  5  9 0 0 0 1 1 0 0 1 0 0 0 1 0 1
2014   2 28  8 46 23 719307    5.21378  153.17368    18905 105.5  2  0  6 15 0 0 0 1 1 0 0 1 0 1 0 1 0 1
2014   2 28  8 46 25 313974  -33.77609  -39.14052     3216   8.9  0  0  5 10 0 0 1 1 1 0 0 0 0 1 0 0 0 1
2014   2 28  8 46 25 350481  -33.80619  -39.32545     4676  19.9  0  0  5  9 0 0 1 1 1 0 0 1 0 0 0 0 0 1
2014   2 28  8 46 25 366266  -33.74882  -39.31033     4378  19.1  0  0  5 10 0 0 1 1 1 0 0 1 0 0 0 0 0 1
2014   2 28  8 46 25 544474  -33.67833  -39.37944     4357  19.0  0  0  5 10 0 0 1 1 1 0 0 1 0 0 0 0 0 1
2014   2 28  8 46 25 578058  -33.68320  -39.38607     4336  18.8  0  0  5 10 0 0 1 1 1 0 0 1 0 0 0 0 0 1
2014   2 28  8 46 25 599159  -33.79344  -39.25963     5816  15.2  0  0  4  6 0 0 1 1 0 0 0 1 0 0 0 0 0 1
2014   2 28  8 46 25 705729  -33.70890  -39.27813     4413  19.8  0  0  5 10 0 0 1 1 1 0 0 1 0 0 0 0 0 1
2014   2 28  8 46 25 860932  -33.64463  -39.50093     4347  19.2  0  0  5 10 0 0 1 1 1 0 0 1 0 0 0 0 0 1
2014   2 28  8 46 26 617769  -21.12075 -142.79849     9247  28.2  0  0  6 15 0 0 1 1 1 0 0 1 0 0 0 1 0 1
2014   2 28  8 46 26 625533  -21.14541 -142.65085     7512  28.4  0  0  7 21 0 0 1 1 1 0 0 1 0 1 0 1 0 1
2014   2 28  8 46 26 676001  -21.51959 -141.84242    23759  14.2  0  0  4  6 0 0 1 1 0 0 0 1 0 0 0 0 0 1
2014   2 28  8 46 26 705355  -21.69159 -141.35664    18928  21.2  0  0  5 10 0 0 1 1 1 0 0 1 0 0 0 0 0 1
2014   2 28  8 46 26 813179  -21.09945 -142.54544    18642  28.4  1  0  4  6 0 0 1 1 1 0 0 0 0 0 0 1 0 0
2014   2 28  8 46 26 833208  -21.13551 -142.65517    13262  29.8  0  0  5 10 0 0 1 0 1 0 0 1 0 0 0 1 0 1
2014   2 28  8 46 26 934963  -23.15558 -138.68349    20558  34.8  1  0  4  6 0 0 1 0 1 0 0 1 0 0 0 1 0 0
2014   2 28  8 46 27  16549  -23.49210 -137.80582    26278  17.9  0  0  4  6 0 0 1 1 0 0 0 1 0 0 0 0 0 1
2014   2 28  8 46 27 590379  -21.77091  -47.37022     2997  22.3  0  0  5 10 0 0 1 1 1 0 0 1 0 0 0 0 0 1
2014   2 28  8 46 29 851673  -22.42959  -46.12976     3555  40.6  1  0  5 10 0 0 1 1 1 0 0 1 0 0 0 0 0 1
2014   2 28  8 46 29 861766  -22.43443  -46.12945     3416  36.3  1  0  5 10 0 0 1 1 1 0 0 1 0 0 0 0 0 1
2014   2 28  8 46 29 887170  -22.50772  -46.22009     3391  21.6  0  0  5  7 0 0 0 1 1 0 0 1 0 1 0 0 0 1
2014   2 28  8 46 29 926593  -22.29891  -46.30247     3533  45.7  1  0  6 11 0 0 1 1 1 0 0 1 0 0 0 1 0 1
2014   2 28  8 46 30 228072   22.25922 -116.75590    34422  18.6  0  0  4  6 0 0 0 1 1 0 0 1 0 0 0 1 0 0
2014   2 28  8 46 30 236501  -13.49011  172.93828    12861  49.6  1  0  6 15 0 0 1 1 1 0 0 1 0 0 0 1 0 1
2014   2 28  8 46 30 264519   -3.51347  -72.31298     4919  31.6  0  0  6 15 0 0 0 1 1 0 0 1 0 1 0 1 0 1
2014   2 28  8 46 30 691050  -14.89425  175.58069    40756  56.1  1  0  6 15 0 0 1 1 1 0 0 1 0 1 0 0 0 1
2014   2 28  8 46 30 807956  -14.20668  174.08783    73817  59.2  2  0  5 10 0 0 1 1 1 0 0 1 0 0 0 0 0 1
2014   2 28  8 46 30 992989  -21.45044  -46.40974     4183 107.5  2  0  7 20 0 0 1 1 1 0 0 1 0 1 0 1 0 1
2014   2 28  8 46 31  72900  -21.58650  -46.39930     3146  63.3  1  0  7 21 0 0 1 1 1 0 0 1 0 1 0 1 0 1
2014   2 28  8 46 31 179204   -3.27354  -71.68809     4902  70.2  2  0  6 15 0 0 1 1 0 0 0 1 0 1 0 1 0 1
2014   2 28  8 46 31 986364  -21.31443 -144.88388    26820  64.7  2  0  6 15 0 0 0 1 1 0 0 1 0 1 0 1 0 1
2014   2 28  8 46 32  13394  -21.24490 -142.29642    22140  69.2  2  0  5 10 0 0 1 1 1 0 0 1 0 0 0 1 0 0
2014   2 28  8 46 32 160882  -21.55874 -141.85747    17685  70.8  2  0  6 15 0 0 1 1 1 0 0 1 0 0 0 1 0 1
2014   2 28  8 46 32 296677  -26.44044 -139.10513    18396  71.6  2  0  6 15 0 0 1 1 1 0 0 1 0 0 0 1 0 1
2014   2 28  8 46 32 472666  -11.94769  173.91745    16152  69.4  2  0  6 15 0 0 1 1 0 0 0 1 0 1 0 1 0 1
2014   2 28  8 46 33  77955  -21.42700 -142.09793    19192  78.0  2  0  6 15 0 0 1 1 1 0 0 1 0 0 0 1 0 1
2014   2 28  8 46 33 133619  -21.57062 -141.27292    23719  62.2  2  0  5 10 0 0 1 0 1 0 0 1 0 0 0 1 0 1
2014   2 28  8 46 33 440122  -21.06024 -143.20512    13113  18.4  0  0  4  6 0 0 1 1 0 0 0 1 0 0 0 1 0 0
2014   2 28  8 46 33 748094   -4.52048  -72.00933     5196  95.4  2  0  7 21 0 0 1 1 1 0 0 1 0 1 0 1 0 1
2014   2 28  8 46 33 764467   -4.47242  -72.04529     5510  87.3  2  0  6 15 0 0 1 1 1 0 0 1 0 0 0 1 0 1
2014   2 28  8 46 34 512657  -18.78546 -142.28171    17787  97.6  2  0  7 21 0 0 1 1 1 0 0 1 0 1 0 1 0 1
2014   2 28  8 46 34 667052  -22.29178  -45.65228     4504  67.8  2  0  5 10 0 0 1 1 1 0 0 1 0 0 0 0 0 1
2014   2 28  8 46 34 909866  -22.59339  -46.01569     4891  75.4  2  0  5 10 0 0 1 1 1 0 0 1 0 0 0 0 0 1
2014   2 28  8 46 35 358055  -22.58759  -46.07084     5004  78.1  2  0  5 10 0 0 1 1 1 0 0 1 0 0 0 0 0 1
2014   2 28  8 46 39 888893  -14.65467  -44.73491     4938  82.3  2  0  5 10 0 0 1 1 1 0 0 1 0 0 0 0 0 1
2014   2 28  8 46 40 810481   -7.34206   10.88246     8813   7.5  0  0  5 10 0 0 1 1 1 0 0 1 0 0 0 0 0 1
2014   2 28  8 46 42 153733    4.62404    6.14949    15996  19.3  0  0  5 10 0 0 1 1 1 0 0 1 0 0 0 0 0 1
2014   2 28  8 46 42 378972    4.65498    6.22620    16560  20.4  0  0  5 10 0 0 1 1 1 0 0 1 0 0 0 0 0 1
2014   2 28  8 46 42 467922  -21.84200 -140.90579     8961  27.4  0  0  6 15 0 0 1 1 1 0 0 1 0 0 0 1 0 1
2014   2 28  8 46 42 540855    1.50840    4.34538    15744  21.9  0  0  5 10 0 0 1 1 1 0 0 1 0 0 0 0 0 1
2014   2 28  8 46 42 750375  -13.36138  -72.34322     3367  29.2  0  0  6 14 0 0 1 0 1 0 0 1 0 1 0 1 0 1
2014   2 28  8 46 43 733091  -32.62432   19.27619    26096  31.3  1  0  4  6 0 0 1 1 1 0 0 1 0 0 0 0 0 0
2014   2 28  8 46 44 120063  -40.84032  -84.67699    12022  67.3  2  0  5 10 0 0 1 1 1 0 0 0 0 0 0 1 0 1
2014   2 28  8 46 44 412847  -21.66268  -46.38001     3182  28.0  0  0  5 10 0 0 1 1 0 0 0 1 0 1 0 1 0 0
2014   2 28  8 46 44 874419  -21.51097  -47.10111     4923  60.4  2  0  5  8 0 0 1 1 1 0 0 0 0 0 0 1 0 1
2014   2 28  8 46 44 894579  -21.57071  -46.99241     3385  32.1  1  0  5 10 0 0 1 1 1 0 0 1 0 0 0 0 0 1
2014   2 28  8 46 45 510347  -33.54800  -39.81647     3297  11.2  0  0  5 10 0 0 1 1 1 0 0 1 0 1 0 0 0 0
2014   2 28  8 46 45 531348  -33.52110  -39.87181     4154  19.5  0  0  5 10 0 0 1 1 1 0 0 1 0 0 0 0 0 1
2014   2 28  8 46 45 559646  -33.51514  -39.89768     6688  23.3  1  0  4  6 0 0 1 0 0 0 0 1 0 1 0 0 0 1
2014   2 28  8 46 45 828174  -21.46166  -47.40128     4059  57.8  2  0  5 10 0 0 1 1 0 0 0 1 0 1 0 0 0 1
2014   2 28  8 46 46 638896    0.77693    9.48205    33502  59.9  2  0  5 10 0 0 1 1 1 0 0 1 0 0 0 0 0 1
2014   2 28  8 46 46 794467    6.21246  -74.08466    13222  53.8  2  0  5 10 0 0 1 1 1 0 0 1 0 0 0 0 0 1
2014   2 28  8 46 46 921144   -1.24390  150.15225     7812  56.9  1  0  6 15 0 0 1 1 1 0 0 1 0 0 0 1 0 1
2014   2 28  8 46 47  59616   -1.22242  150.06099     9397  53.4  2  0  5 10 0 0 1 0 1 0 0 1 0 0 0 1 0 1
2014   2 28  8 46 47 353536    7.70373  -73.88655     5905  78.6  2  0  7 19 0 0 1 1 1 0 0 1 0 1 0 1 0 1
2014   2 28  8 46 48 476594    1.57938    3.24979    42358  75.6  2  0  5 10 0 0 1 1 1 0 0 1 0 0 0 0 0 1
2014   2 28  8 46 48 549509  -12.89057  157.31300    11714  70.1  2  0  7 20 0 0 1 1 1 0 0 1 0 1 0 1 0 1
2014   2 28  8 46 48 613582  -12.96410  157.40857    11297  69.7  1  0  7 21 0 0 1 1 1 0 0 1 0 1 0 1 0 1
2014   2 28  8 46 48 713229  -12.92117  157.38525    14207  69.6  2  0  6 14 0 0 1 1 0 0 0 1 0 1 0 1 0 1
2014   2 28  8 46 49 360478   -9.49277  -67.09673     5535  99.7  2  0  6 15 0 0 1 1 1 0 0 1 0 1 0 1 0 0
2014   2 28  8 46 49 595541  -27.57341  174.39651   328672  71.7  2  0  5 10 0 0 1 1 1 0 0 1 0 0 0 0 0 1
2014   2 28  8 46 49 733605   -9.49928  -67.00242     6285 107.3  2  0  6 14 0 0 1 1 1 0 0 0 0 1 0 1 0 1
2014   2 28  8 46 49 763956  -19.18590  167.48303   132143  83.6  2  0  5 10 0 0 0 1 1 0 0 1 0 1 0 0 0 1
2014   2 28  8 46 49 884833  -25.03881  -44.92152     3390  45.5  1  0  6 15 0 0 1 1 1 0 0 1 0 1 0 0 0 1
2014   2 28  8 46 50 625437  -12.01408  -57.02758     4630  17.4  0  0  5 10 0 0 1 1 1 0 0 0 0 1 0 0 0 1
2014   2 28  8 46 50 879042  -21.76260  -46.03667     4874  70.5  2  0  5 10 0 0 1 1 1 0 0 1 0 0 0 0 0 1
2014   2 28  8 46 51 973774  -34.11123  -38.69985     4362  18.4  0  0  5 10 0 0 1 1 1 0 0 1 0 0 0 0 0 1
2014   2 28  8 46 52 132929  -34.13230  -38.63448     4226  21.3  0  0  5 10 0 0 1 1 0 0 0 1 0 1 0 0 0 1
2014   2 28  8 46 52 323354  -34.04731  -38.64550     4352  18.3  0  0  5 10 0 0 1 1 1 0 0 1 0 0 0 0 0 1
2014   2 28  8 46 53  13878   35.18408  179.61665    24112  17.2  0  0  4  6 0 0 1 1 0 0 0 1 0 0 0 1 0 0
2014   2 28  8 46 54 303730    2.02553  -84.76538     9675 142.9  2  0  7 21 0 0 1 1 1 0 0 1 0 1 0 1 0 1
2014   2 28  8 46 56 225772  -21.68853  -46.06822     2451  11.3  0  0  6 15 0 0 1 1 1 0 0 1 0 0 1 0 0 1
2014   2 28  8 46 56 337872  -24.93333  -99.20741    10096  28.9  0  0  5  9 0 0 1 1 1 0 0 1 0 0 1 0 0 0
2014   2 28  8 46 56 813377  -19.86252 -135.75969    17631   7.0  0  0  4  6 0 0 1 1 0 0 0 1 0 0 1 0 0 0
2014   2 28  8 46 56 934500    5.62294  -82.60513     3385  20.8  0  0  7 21 0 0 1 1 1 0 0 1 0 1 1 1 0 0
2014   2 28  8 46 57  29342    6.20982  -82.86723    16484   8.6  0  0  5 10 0 0 1 0 1 0 0 0 0 1 1 0 0 1
2014   2 28  8 46 58 421201    7.44620  -78.67027     3789  29.8  0  0  7 20 0 0 1 1 1 0 0 1 0 0 1 1 0 1
2014   2 28  8 46 58 459198   32.48016 -127.44490     5488  10.6  0  0  7 21 0 0 1 0 1 0 0 1 0 1 1 1 0 1
2014   2 28  8 46 59 804662    2.63384    7.38714    21704  15.2  0  0  4  6 0 0 1 0 0 0 0 1 0 0 1 0 0 1
2014   2 28  8 47  0 170998  -34.19829  -37.85354     4148  31.5  0  0  6 15 0 0 1 1 0 0 0 1 0 1 1 0 0 1
2014   2 28  8 47  0 193910   34.70896 -167.53229    16181  31.8  1  0  5 10 0 0 1 1 0 0 0 1 0 0 1 1 0 0
2014   2 28  8 47  0 215693   34.78444 -167.60815    21076  58.2  1  0  6 14 0 0 1 1 0 0 0 1 0 0 1 1 0 1
2014   2 28  8 47  0 230319   34.72692 -167.02696    20877  72.3  2  0  6 15 0 0 1 1 0 0 0 1 0 1 0 1 0 1
2014   2 28  8 47  0 345281  -22.41601  -46.09176     2983  35.4  0  0  6 15 0 0 1 1 1 0 0 1 0 0 1 0 0 1
2014   2 28  8 47  0 356923  -22.42853  -46.10173     3407  37.4  1  0  5 10 0 0 0 1 1 0 0 1 0 0 1 0 0 1
2014   2 28  8 47  0 370976  -22.37932  -46.12826     3399  40.5  1  0  5 10 0 0 0 0 1 0 0 1 0 1 1 0 0 1
2014   2 28  8 47  1   1451   -2.96633    4.67107    55430  36.2  1  0  5 10 0 0 1 1 1 0 0 0 0 0 1 0 0 1
2014   2 28  8 47  1 126817   -3.01421    4.58234    57296  37.7  1  0  5 10 0 0 1 1 1 0 0 0 0 0 1 0 0 1
2014   2 28  8 47  2 940491   -3.55570  147.93414    65692  53.3  2  0  5 10 0 0 1 0 1 0 0 1 0 0 1 0 0 1
2014   2 28  8 47  3  28807  -32.00167 -135.84117    12958  53.9  1  0  7 21 0 0 1 0 1 0 0 1 0 1 1 1 0 1
2014   2 28  8 47  3  50199  -31.96824 -136.33804    16923  53.5  1  0  6 15 0 0 1 0 1 0 0 1 0 0 1 1 0 1
2014   2 28  8 47  3  58087  -31.90029 -136.99146    13845  61.3  1  0  7 21 0 0 1 1 1 0 0 1 0 0 1 1 0 1
2014   2 28  8 47  3 204295  -24.40698  -94.26948    10657  59.0  1  0  6 15 0 0 1 1 1 0 0 1 0 0 1 0 0 1
2014   2 28  8 47  3 548397   -5.17087  149.42006     6173   1.0  0  0  4  6 0 0 1 0 0 0 0 1 0 0 1 1 0 0
2014   2 28  8 47  5 336767  -21.82586  -47.29749     3768  64.9  2  0  6 15 0 0 1 1 1 0 0 1 0 0 1 0 0 1
2014   2 28  8 47  5 594679   10.01844  -85.66979    15869  87.3  2  0  6 15 0 0 0 1 1 0 0 1 0 0 1 1 0 1
2014   2 28  8 47  5 862154   10.54768   17.70404    15201  29.0  0  0  5  9 0 0 1 0 1 0 0 0 0 0 1 1 0 1
2014   2 28  8 47  6   9227  -23.51718  -45.58819     3411  28.0  0  0  5 10 0 0 1 0 1 0 0 0 0 1 1 0 0 1
2014   2 28  8 47  6  42250  -23.61881  -45.82190     3551  33.1  1  0  5 10 0 0 1 1 0 0 0 1 0 1 1 0 0 0
2014   2 28  8 47  6  99749  -23.56505  -45.72615     4211  74.3  2  0  6 15 0 0 1 1 1 0 0 0 0 1 1 0 0 1
2014   2 28  8 47  6 193515  -23.61676  -45.82563     3050  31.5  0  0  6 15 0 0 1 1 1 0 0 1 0 1 1 0 0 0
2014   2 28  8 47  6 406618   -3.10876  148.99791    11916  72.7  2  0  5 10 0 0 1 0 1 0 0 1 0 0 1 1 0 0
2014   2 28  8 47  6 837254   -5.13744  -71.72311     4848  81.6  2  0  7 21 0 0 1 0 1 0 0 1 0 1 1 1 0 1
2014   2 28  8 47  7  18211    7.99664  -76.52380    12382  35.2  1  0  5  9 0 0 0 1 1 0 0 0 0 1 0 1 0 1
2014   2 28  8 47  7 475990    7.78710  -73.96819    10493 117.8  2  0  6 15 0 0 1 1 1 0 0 0 0 1 1 1 0 0
2014   2 28  8 47  8 594434  -14.48001  -44.34542     3115  17.9  0  0  4  6 0 0 1 1 0 0 0 1 0 0 1 0 0 0
2014   2 28  8 47  8 714225  -21.06200  -46.08819     4049  38.5  1  0  5 10 0 0 1 1 1 0 0 0 0 0 1 0 0 1
2014   2 28  8 47  8 876344  -14.55675  -44.44615     4474  94.0  2  0  6 12 0 0 0 1 1 0 0 1 0 1 1 1 0 0
2014   2 28  8 47  8 896069   32.65088 -141.79994    29717  13.4  0  0  4  6 0 0 0 1 0 0 0 1 0 0 1 1 0 0
2014   2 28  8 47  9  80636   30.05903 -129.51491    18451  95.7  2  0  7 21 0 0 1 0 1 0 0 1 0 1 1 1 0 1
2014   2 28  8 47  9 879685  -13.25700  173.12592    20403 113.2  2  0  7 21 0 0 1 1 0 0 0 1 0 1 1 1 0 1
2014   2 28  8 47 10 476879  -21.47154  -47.20097     4139  28.6  1  0  4  6 0 0 1 1 0 0 0 1 0 0 1 0 0 0
2014   2 28  8 47 11   2099   -4.52593  -71.76955     4493  37.6  1  0  5 10 0 0 1 0 1 0 0 0 0 1 0 1 0 1
2014   2 28  8 47 11 337914   -8.06390  -57.02991     5089  42.3  1  0  5  9 0 0 1 0 1 0 0 0 0 0 1 1 0 1
2014   2 28  8 47 11 361101  -10.89582  -57.57833     3697  66.1  1  0  7 21 0 0 0 1 1 0 0 1 0 1 0 1 1 1
2014   2 28  8 47 11 399847  -12.51248  -55.97581     4710  19.7  0  0  5 10 0 0 1 1 1 0 0 0 0 1 0 0 0 1
2014   2 28  8 47 11 716036  -10.69187  -57.07368     5472 138.7  2  0  7 21 0 0 1 1 1 0 0 1 0 1 0 1 0 1
2014   2 28  8 47 11 725996  -10.96089  -57.77505     6800  66.9  2  0  5  9 0 0 0 1 1 0 0 1 0 0 0 1 0 1
2014   2 28  8 47 12 200445  -24.87997  -44.67406     3431   1.9  0  0  4  6 0 0 1 0 0 0 0 0 0 1 1 0 0 1
2014   2 28  8 47 12 320605  -24.88651  -44.73674     3296  11.0  0  0  5 10 0 0 1 0 1 0 0 1 0 0 1 0 0 1
2014   2 28  8 47 12 321713    0.77096    1.09009     5758  17.3  0  0  7 21 0 0 1 1 1 0 0 1 0 0 1 1 0 1
2014   2 28  8 47 12 356120    0.28674    0.09401    13451   1.6  0  0  4  6 0 0 1 1 1 0 0 1 0 0 0 0 0 0
2014   2 28  8 47 12 404270  -24.88339  -44.73343     3257   9.9  0  0  5 10 0 0 1 0 1 0 0 1 0 0 1 0 0 1
2014   2 28  8 47 12 493542  -24.86909  -44.71184     2573  12.1  0  0  6 15 0 0 1 1 1 0 0 1 0 1 1 0 0 0
2014   2 28  8 47 13 691247  -18.78497 -139.80975    13668   1.3  0  0  5 10 0 0 0 1 1 0 0 0 0 0 1 1 0 1
2014   2 28  8 47 13 734756    0.65840    9.07452    12097  10.4  0  0  5  9 0 0 1 1 1 0 0 1 0 0 1 0 0 0
2014   2 28  8 47 13 781584    7.96479  -68.30727     4626  15.8  0  0  5 10 0 0 0 1 1 0 0 1 0 0 0 1 0 1
2014   2 28  8 47 14 365185  -23.84644  -45.40520     4207  28.3  1  0  4  6 0 0 1 1 1 0 0 1 0 0 0 0 0 0
2014   2 28  8 47 14 586163  -12.37292  -71.75343     2959  29.9  0  0  7 21 0 0 1 1 1 0 0 1 0 1 0 1 0 1
2014   2 28  8 47 14 731318  -21.77701 -140.65182    14321  36.5  1  0  5 10 0 0 1 1 1 0 0 1 0 0 0 1 0 0
2014   2 28  8 47 14 771178  -21.70597 -140.78354    14894  36.6  1  0  5 10 0 0 1 1 0 0 0 1 0 0 1 1 0 0
2014   2 28  8 47 15  77038  -12.27394  -71.70362     3480  36.4  0  0  6 15 0 0 1 1 1 0 0 1 0 1 0 1 0 0
2014   2 28  8 47 15 612987   -7.05660    8.56818    11541  17.6  0  0  5 10 0 0 1 1 1 0 0 1 0 0 0 0 0 1
2014   2 28  8 47 15 796592  -33.71300  -39.08088     3611  38.9  0  0  7 21 0 0 1 1 1 0 0 1 0 1 1 1 0 0
2014   2 28  8 47 15 856117  -33.82499  -38.87936     6139  30.6  1  0  4  6 0 0 1 1 0 0 0 1 0 0 1 0 0 0
2014   2 28  8 47 15 868992  -33.75652  -38.98041     3805  29.9  0  0  6 15 0 0 1 1 1 0 0 1 0 0 1 0 0 1
2014   2 28  8 47 15 913670  -33.78820  -38.94205     8184  33.0  1  0  5 10 0 0 0 1 1 0 0 1 0 0 1 0 0 1
2014   2 28  8 47 15 948923  -33.84504  -39.00439     3825  30.2  0  0  6 15 0 0 1 1 1 0 0 1 0 0 1 0 0 1
2014   2 28  8 47 16 247568   -8.35928  -68.58195     4037  40.8  0  0  7 21 0 0 0 1 1 0 0 1 0 1 1 1 0 1
2014   2 28  8 47 16 375913  -33.82897  -39.00105     8662  35.8  1  0  5 10 0 0 0 1 1 0 0 1 0 0 1 0 0 1
2014   2 28  8 47 17 434697  -14.53379  -44.01551     2849  21.4  0  0  5 10 0 0 0 1 1 0 0 1 0 0 1 0 0 1
2014   2 28  8 47 17 500671  -14.52812  -44.00559     2622  21.5  0  0  6 15 0 0 1 1 1 0 0 1 0 0 1 0 0 1
2014   2 28  8 47 17 510974  -14.54137  -44.01413     2935  24.3  0  0  5 10 0 0 0 1 1 0 0 1 0 0 1 0 0 1
2014   2 28  8 47 17 520681  -14.54653  -44.02613     2850  21.8  0  0  5 10 0 0 0 1 1 0 0 1 0 0 1 0 0 1
2014   2 28  8 47 17 579609  -14.52470  -44.01988     2471  21.8  0  0  7 21 0 0 1 1 1 0 0 1 0 0 1 1 0 1
2014   2 28  8 47 17 590836  -14.54258  -44.01310     2623  21.3  0  0  6 15 0 0 1 1 1 0 0 1 0 0 1 0 0 1
2014   2 28  8 47 18 272964    0.53455    6.69738    28744  29.7  1  0  4  6 0 0 1 1 0 0 0 1 0 0 0 0 0 1
2014   2 28  8 47 18 823680   -9.90999  160.64719     9914  59.9  1  0  7 20 0 0 0 1 1 0 0 1 0 1 1 1 0 1
2014   2 28  8 47 18 842894  -16.03810  169.34567   120853  67.0  2  0  5 10 0 0 1 1 0 0 0 1 0 0 1 0 0 1
2014   2 28  8 47 18 962113  -21.62935  -45.76337     3809  44.2  1  0  5 10 0 0 0 1 1 0 0 1 0 0 1 0 0 1
2014   2 28  8 47 21 486334  -31.12179 -131.33476    16757  57.1  1  0  6 15 0 0 1 1 1 0 0 0 0 0 1 1 0 1
2014   2 28  8 47 22  86450  -25.44820  -44.36950     5931  45.3  1  0  5 10 0 0 1 0 1 0 0 1 0 0 1 0 0 1
2014   2 28  8 47 22 333246  -25.51867  -43.98506     4514  61.5  2  0  6 15 0 0 1 1 1 0 0 1 0 0 1 0 0 1
2014   2 28  8 47 23  79941  -21.52691  -46.18446     4226  90.4  2  0  6 15 0 0 0 1 1 0 0 1 0 1 1 0 0 1
2014   2 28  8 47 23 234503  -21.55126  -46.73808     4316  58.5  2  0  5 10 0 0 0 1 1 0 0 1 0 0 1 0 0 1
2014   2 28  8 47 23 641222  -21.63387  -46.48645     2683   2.5  0  0  5 10 0 0 1 1 1 0 0 1 0 0 1 0 0 0
2014   2 28  8 47 23 896623   -0.85153  -71.37231     4482  56.2  1  0  6 15 0 0 1 1 1 0 0 0 0 1 1 1 0 0
2014   2 28  8 47 23 927585   -0.86334  -71.74550     5127  88.9  2  0  7 21 0 0 1 1 1 0 0 1 0 0 1 1 0 1
2014   2 28  8 47 24  48188   -0.83205  -71.40668     3936  55.8  1  0  7 21 0 0 1 1 1 0 0 0 0 1 1 1 0 1
2014   2 28  8 47 24 312891  -21.00998  -46.03568     4565  61.5  2  0  5 10 0 0 0 1 1 0 0 1 0 0 1 0 0 1
2014   2 28  8 47 24 404565    4.42182  -74.39261    21134  42.0  1  0  5 10 0 0 0 1 1 0 0 1 0 0 1 0 0 1
2014   2 28  8 47 24 451748   29.55437 -131.16464    15512  57.7  1  0  6 15 0 0 1 1 1 0 0 0 0 0 1 1 0 1
2014   2 28  8 47 24 577803    6.29563  -77.23542    23075  47.9  1  0  5  7 0 0 1 1 1 0 0 1 0 1 0 0 0 0
2014   2 28  8 47 25 238348    4.65551  -73.24239     6080  96.9  2  0  7 21 0 0 1 1 1 0 0 1 0 0 1 1 0 1
2014   2 28  8 47 25 304948    6.85710  -76.85698     7984 109.4  2  0  7 19 0 0 1 1 1 0 0 1 0 1 1 1 0 0
2014   2 28  8 47 25 369578    6.88174  -76.43387     5080  62.9  1  0  7 21 0 0 1 1 1 0 0 0 0 1 1 1 0 1
2014   2 28  8 47 25 438958    5.68255  -75.98315    11867  70.9  2  0  6 15 0 0 1 0 1 0 0 1 0 1 1 0 0 1
2014   2 28  8 47 25 495327    4.65130  -72.82457     7787  57.6  1  0  6 12 0 0 1 1 1 0 0 0 0 0 1 1 0 1
2014   2 28  8 47 25 504720    4.64553  -73.24895     6361  99.9  2  0  7 20 0 0 1 1 1 0 0 1 0 0 1 1 0 1
2014   2 28  8 47 25 593106   -2.53100   14.82735    55905  37.8  1  0  5 10 0 0 1 1 1 0 0 0 0 0 1 0 0 1
2014   2 28  8 47 25 929311    5.94180  -76.03395    16309  92.4  2  0  6 15 0 0 1 1 1 0 0 1 0 0 1 0 0 1
2014   2 28  8 47 26 560205  -30.67405  -40.39639     4157  29.0  0  0  5 10 0 0 1 1 1 0 0 0 0 0 1 0 0 1
2014   2 28  8 47 26 765440  -20.92829 -141.87646    23304 118.5  2  0  7 21 0 0 1 1 1 0 0 1 0 0 1 1 0 1
2014   2 28  8 47 26 799662  -20.90393 -142.00246    32093 129.3  2  0  6 15 0 0 1 1 1 0 0 1 0 0 1 1 0 0
2014   2 28  8 47 26 821662  -20.93246 -141.89017    23452 119.4  2  0  7 21 0 0 1 1 1 0 0 1 0 0 1 1 0 1
2014   2 28  8 47 27 631002  -33.45445  -39.18068    11331  79.0  2  0  5 10 0 0 1 0 1 0 0 1 0 0 1 0 0 1
2014   2 28  8 47 27 631012   -9.82406  160.95476    18347 111.5  2  0  7 21 0 0 1 0 1 0 0 1 0 1 1 1 0 1
2014   2 28  8 47 27 747743   -9.44260  160.06331    15800  90.8  2  0  6 15 0 0 1 0 1 0 0 1 0 0 1 1 0 1
2014   2 28  8 47 27 815614   15.15331  138.41655     3878   7.4  0  0  4  6 0 0 0 0 0 0 0 1 0 1 1 0 0 1
2014   2 28  8 47 28 356946    1.10076   -1.11143    11365  26.1  0  0  5  9 0 0 0 0 1 0 0 0 1 0 1 1 0 1
2014   2 28  8 47 28 777578    5.38538  -85.72569     3163  15.1  0  0  7 21 0 0 1 1 1 0 0 1 0 0 1 1 0 1
2014   2 28  8 47 28 836230    5.38353  -85.91035     4282  16.5  0  0  7 21 0 0 0 1 1 0 0 1 0 1 1 1 0 1
2014   2 28  8 47 28 952907  -21.74493  -46.19880     2455  11.3  0  0  6 15 0 0 1 1 1 0 0 1 0 0 1 0 0 1
2014   2 28  8 47 28 987552  -21.73615  -46.22944     2519   8.0  0  0  5 10 0 0 1 1 1 0 0 0 0 1 0 0 0 1
2014   2 28  8 47 30  12768    6.90013  -77.13783     3127  11.2  0  0  6 15 0 0 1 1 0 0 0 1 0 0 1 1 0 1
2014   2 28  8 47 30 188822  -10.80318  -56.29523     3516  24.7  0  0  5 10 0 0 0 0 1 0 0 1 0 0 1 1 0 1
2014   2 28  8 47 30 843907  -22.01852  -50.17321     2889  15.8  0  0  5  8 0 0 1 1 0 0 0 1 0 1 0 0 0 1
2014   2 28  8 47 31 597812   -5.35868  144.99719     5866   3.7  0  0  4  6 0 0 1 0 0 0 0 1 0 0 1 1 0 0
2014   2 28  8 47 31 843009    4.04023  -73.24866    16920  34.7  1  0  5 10 0 0 0 1 1 0 0 1 0 0 1 0 0 1
2014   2 28  8 47 32 477927  -23.83914  -45.59349     3551  33.4  1  0  5 10 0 0 1 1 1 0 0 1 0 0 0 0 0 1
2014   2 28  8 47 32 497593  -23.78305  -45.67662     2955  27.5  0  0  6 15 0 0 1 1 1 0 0 1 0 1 1 0 0 0
2014   2 28  8 47 32 529819  -23.78154  -45.73063     3903  28.9  0  0  5 10 0 0 1 0 1 0 0 1 0 1 1 0 0 0
2014   2 28  8 47 32 619100  -23.77632  -45.61853     4063  37.0  1  0  5 10 0 0 0 1 1 0 0 1 0 0 1 0 0 1
2014   2 28  8 47 32 683816  -22.82382 -140.26180    19893  32.6  1  0  5  7 0 0 1 0 0 0 0 1 0 0 1 1 1 0
2014   2 28  8 47 32 722929  -22.67027 -140.29092    10732  38.2  0  0  6 15 0 0 1 1 1 0 0 1 0 0 1 1 0 0
2014   2 28  8 47 32 779022  -22.69167 -140.16118     8875  38.5  0  0  7 21 0 0 1 1 1 0 0 1 0 0 1 1 0 1
2014   2 28  8 47 33 374048    4.83509    6.54218    21559  12.8  0  0  4  6 0 0 1 0 0 0 0 1 0 0 1 0 0 1
2014   2 28  8 47 34 183172  -23.06449  -45.80360     3773  52.6  1  0  6 15 0 0 1 1 1 0 0 1 0 0 1 0 0 1
2014   2 28  8 47 34 241242  -23.09657  -45.79417     3904  53.1  1  0  6 14 0 0 1 1 1 0 0 1 0 0 1 0 0 1
2014   2 28  8 47 35  77478    7.67764  -73.99701     6413  78.3  2  0  6 14 0 0 1 1 0 0 0 1 0 1 0 1 0 1
2014   2 28  8 47 35 344288    7.74186  -73.85226     6313  35.9  1  0  5  7 0 0 1 0 0 0 0 1 0 0 1 1 0 1
2014   2 28  8 47 35 379283   -0.99479  150.17528     7644  54.2  1  0  6 15 0 0 0 1 1 0 0 1 0 0 1 1 0 1
2014   2 28  8 47 35 391613    5.84543  -72.75101    22574  51.2  2  0  5 10 0 0 1 1 1 0 0 0 0 0 1 0 0 1
2014   2 28  8 47 35 750052   -4.55781  146.15756     5701  11.1  0  0  4  6 0 0 1 0 0 0 0 1 0 0 0 1 0 1
2014   2 28  8 47 37 567507  -24.01658  -45.48333     4065  61.6  2  0  6 15 0 0 1 1 1 0 0 1 0 0 1 0 0 1
2014   2 28  8 47 38  70877  -14.59282  -44.39531     4297  65.2  2  0  5 10 0 0 0 1 1 0 0 1 0 0 1 0 0 1
2014   2 28  8 47 38 784053  -10.41045  -57.23624     6858  40.8  1  0  5  7 0 0 1 0 1 0 0 0 0 0 1 1 0 1
2014   2 28  8 47 38 823850  -10.86820  -58.29345     4622  36.9  1  0  5 10 0 0 0 1 1 0 0 0 0 1 0 1 0 1
2014   2 28  8 47 39 180171  -10.61661  -57.59812     4316  90.3  2  0  7 21 0 0 1 0 1 0 0 1 0 1 1 1 0 1
2014   2 28  8 47 39 937023   33.53284 -161.44362    53882  12.7  0  0  5 10 0 0 0 1 1 0 0 1 0 1 0 0 0 1
2014   2 28  8 47 39 959733  -16.73859 -139.13869    16754  94.1  2  0  7 21 0 0 1 1 1 0 0 1 0 0 1 1 0 1
2014   2 28  8 47 41 308082   -5.26979  168.86113    33712  26.0  1  0  4  6 0 0 1 1 0 0 0 1 0 0 1 0 0 0
2014   2 28  8 47 41 951979  -12.08015  -56.63412     6768  19.1  0  0  4  6 0 0 1 1 0 0 0 0 0 1 0 0 0 1
2014   2 28  8 47 42  64599  -10.35843  -57.61728     5206 112.5  2  0  6 15 0 0 1 1 1 0 0 1 0 0 1 1 0 0
2014   2 28  8 47 42 305279  -33.01430  -41.03724     4867  64.9  1  0  7 21 0 0 1 1 1 0 0 1 0 1 0 1 0 1
2014   2 28  8 47 42 367287  -33.21938  -40.41491     7827 104.3  2  0  6 15 0 0 1 1 1 0 0 1 0 1 1 0 0 0
2014   2 28  8 47 42 395053  -31.63455  -41.60360     5682  54.6  1  0  7 21 0 0 0 1 1 0 0 1 0 1 1 1 0 1
2014   2 28  8 47 42 654840  -10.45685  -57.22483     3001   9.7  0  0  4  6 0 0 1 1 0 0 0 0 0 0 1 1 0 0
2014   2 28  8 47 42 699646  -10.59334  -57.00230     5569 136.8  2  0  7 21 0 0 1 1 1 0 0 0 0 1 1 1 0 1
2014   2 28  8 47 42 807842  -31.91685  -41.39641     5491  23.2  0  0  5 10 0 0 0 1 1 0 0 1 0 0 1 0 0 1
2014   2 28  8 47 42 903773  -31.93312  -41.28621     5360  21.8  0  0  5 10 0 0 0 1 1 0 0 1 0 0 1 0 0 1
2014   2 28  8 47 43 312729  -21.74124  -47.50496     3043  18.7  0  0  5 10 0 0 1 1 1 0 0 0 0 0 1 0 0 1
2014   2 28  8 47 43 890028   -6.06794    7.83132    43095 130.5  2  0  6 15 0 0 1 1 1 0 0 1 0 0 1 0 0 1
2014   2 28  8 47 44 290602  -21.66958  -45.98786     2443   3.2  0  0  5 10 0 0 0 1 1 0 0 0 0 1 1 0 0 1
2014   2 28  8 47 44 317800  -21.66934  -45.98685     2566   1.3  0  0  5 10 0 0 1 0 1 0 0 1 0 0 1 0 0 1
2014   2 28  8 47 44 503440  -21.66891  -45.99487     2316   3.4  0  0  6 15 0 0 1 1 1 0 0 1 0 1 0 0 0 1
2014   2 28  8 47 44 565954  -21.66788  -45.99081     2244   4.5  0  0  7 21 0 0 1 1 1 0 0 1 0 1 1 0 0 1
2014   2 28  8 47 44 729117   -7.62735  -68.14021     3293   4.0  0  0  4  6 0 0 1 0 0 0 0 0 0 0 1 1 0 1
2014   2 28  8 47 44 736814   -7.63391  -68.18265     2486   9.5  0  0  7 21 0 0 1 0 1 0 0 1 0 1 1 1 0 1
2014   2 28  8 47 44 923669   -7.65862  -68.13745     3403   6.0  0  0  5 10 0 0 1 1 1 0 0 1 0 0 1 0 0 0
2014   2 28  8 47 44 967654   -5.11171  -71.82683     2540  11.4  0  0  7 21 0 0 1 1 0 0 0 1 0 1 1 1 0 1
2014   2 28  8 47 45 138399   10.09173 -106.60833    17750   9.7  0  0  5 10 0 0 0 1 1 0 0 1 0 0 1 0 0 1
2014   2 28  8 47 45 583511    5.32624  -85.99776     4256  16.8  0  0  5 10 0 0 1 1 0 0 0 1 0 1 0 1 0 0
2014   2 28  8 47 45 925690  -23.76430  -45.48779     2894  22.9  0  0  6 15 0 0 1 1 1 0 0 1 0 0 1 0 0 1
2014   2 28  8 47 46   5953  -23.77682  -45.47140     3910  25.0  0  0  5 10 0 0 1 1 0 0 0 1 0 0 1 0 0 1
2014   2 28  8 47 46 171087  -23.74648  -45.52346     2939  24.5  0  0  6 15 0 0 1 1 1 0 0 1 0 0 1 0 0 1
2014   2 28  8 47 46 293255  -23.76998  -45.49849     2927  24.5  0  0  6 15 0 0 1 1 1 0 0 1 0 0 1 0 0 1
2014   2 28  8 47 46 328248  -25.12974 -133.02623     6538   4.9  0  0  5 10 0 0 1 1 0 0 0 1 0 0 1 1 0 0
2014   2 28  8 47 46 545546  -21.75439 -140.56065     9314  14.5  0  0  5 10 0 0 1 0 1 0 0 0 0 0 1 1 0 1
2014   2 28  8 47 46 581188  -21.66028 -142.49614    21765  18.8  0  0  4  6 0 0 0 1 0 0 0 1 0 0 0 1 0 1
2014   2 28  8 47 46 626399  -22.21423 -139.74254    16094   0.8  0  0  4  6 0 0 1 0 1 0 0 1 0 1 0 0 0 0
2014   2 28  8 47 46 663378  -21.70906 -141.02490     8139  20.9  0  0  6 15 0 0 1 0 1 0 0 1 0 0 1 1 0 1
2014   2 28  8 47 46 714865  -21.68657 -141.11371    10802  22.1  0  0  5 10 0 0 1 0 0 0 0 1 0 0 1 1 0 1
2014   2 28  8 47 46 941129  -46.70397  -88.45380    17184  42.8  1  0  5 10 0 0 1 1 0 0 0 0 0 0 1 1 0 1
2014   2 28  8 47 46 943054  -21.69959 -141.03334     8529  22.7  0  0  6 15 0 0 1 0 1 0 0 1 0 0 1 1 0 1
2014   2 28  8 47 47  29622  -21.67182 -141.26939     8851  27.7  0  0  6 15 0 0 1 1 1 0 0 1 0 0 0 1 0 1
2014   2 28  8 47 47 975951  -12.11035  -71.92926     3648  42.1  1  0  6 15 0 0 1 1 1 0 0 1 0 0 0 1 0 1
2014   2 28  8 47 48 704628  -25.40223  -44.40643     2849  18.9  0  0  6 15 0 0 0 1 1 0 0 1 0 1 1 0 0 1
2014   2 28  8 47 48 755417  -25.49128  -44.39772     3168  30.2  0  0  6 15 0 0 1 1 0 0 0 1 0 1 1 0 0 1
2014   2 28  8 47 49 122859   -4.98983  -71.77027     3341  36.6  0  0  7 21 0 0 1 0 1 0 0 1 0 1 1 1 0 1
2014   2 28  8 47 49 224751  -14.70372  162.49779     8089  40.8  0  0  7 21 0 0 1 1 1 0 0 1 0 0 1 1 0 1
2014   2 28  8 47 49 248922  -14.60910  162.39455    14770  31.4  1  0  5  8 0 0 1 0 1 0 0 1 0 0 1 1 0 0
2014   2 28  8 47 50 324817    3.58793  -85.91201     4846  46.5  0  0  7 21 0 0 1 0 1 0 0 1 0 1 1 1 0 1
2014   2 28  8 47 50 882065   -6.87679    9.52780    29360  62.9  2  0  5 10 0 0 1 1 1 0 0 1 0 0 0 0 0 1
2014   2 28  8 47 51 296192   -0.88990  -72.79201     4140  26.3  0  0  5  9 0 0 1 1 0 0 0 1 0 0 1 1 0 0
2014   2 28  8 47 51 461202  -21.65121  -47.16594     3373  39.0  1  0  5 10 0 0 0 1 1 0 0 1 0 1 0 0 0 1
2014   2 28  8 47 51 493040  -21.59813  -46.97054     3469  51.3  1  0  6 15 0 0 1 1 1 0 0 1 0 0 1 0 0 1
2014   2 28  8 47 51 503913  -21.60874  -46.97755     3466  51.3  1  0  6 15 0 0 1 1 1 0 0 1 0 0 1 0 0 1
2014   2 28  8 47 52 544532   -0.96586  150.24236    10061  57.4  2  0  5 10 0 0 0 1 1 0 0 1 0 0 1 1 0 0
2014   2 28  8 47 52 656431  -23.09082  -46.00443     3436  28.5  0  0  5 10 0 0 0 1 1 0 0 1 0 1 1 0 0 0
2014   2 28  8 47 52 722551   -1.31398  150.48499    11089  73.2  2  0  6 15 0 0 1 0 1 0 0 1 0 1 1 1 0 0
2014   2 28  8 47 54 806304  -21.38840 -142.05417    26031  91.7  2  0  6 15 0 0 1 1 1 0 0 0 0 0 1 1 0 1
2014   2 28  8 47 54 840938  -21.38661 -142.40131    16785  86.0  2  0  7 21 0 0 1 1 1 0 0 1 0 0 1 1 0 1
2014   2 28  8 47 55 457373  -21.66278  -46.37799     4005  70.6  2  0  6 15 0 0 1 1 1 0 0 1 0 1 1 0 0 0
2014   2 28  8 47 55 469903  -21.81018  -46.07751     5270  84.6  2  0  5 10 0 0 0 1 1 0 0 1 0 0 1 0 0 1
2014   2 28  8 47 55 528193  -14.64111  -44.46345     4013  44.0  1  0  5  8 0 0 1 1 1 0 0 1 0 0 0 0 0 1
2014   2 28  8 47 55 812842  -21.17727  -45.87498     4954  23.1  1  0  4  6 0 0 1 0 0 0 0 0 0 1 1 0 0 1
2014   2 28  8 47 55 879647  -21.74379  -46.20291     3837  94.7  2  0  7 21 0 0 1 1 1 0 0 1 0 1 1 0 0 1
2014   2 28  8 47 56 143291  -23.57967  -52.47882     3332  12.1  0  0  4  6 0 0 1 1 0 0 0 0 0 0 1 1 0 0
2014   2 28  8 47 56 450201  -11.79609  -73.38696     5326 107.0  2  0  7 21 0 0 1 1 1 0 0 1 0 0 1 1 0 1
2014   2 28  8 47 56 518242  -12.05123  -73.66991     9355 109.3  2  0  6 15 0 0 0 1 1 0 0 1 0 0 1 1 0 1
2014   2 28  8 47 56 594449  -11.77508  -73.36662     6010  97.0  2  0  6 15 0 0 1 1 0 0 0 1 0 0 1 1 0 1
2014   2 28  8 47 57 755434  -20.72827  -46.65574     4486  90.1  2  0  6 15 0 0 1 1 1 0 0 1 0 1 1 0 0 0
2014   2 28  8 47 58 163139  -32.78247  -41.44125     7106  26.1  1  0  4  6 0 0 1 1 0 0 0 1 0 0 0 0 0 1
2014   2 28  8 47 58 170103  -32.87411  -41.23995     4220   7.4  0  0  4  6 0 0 1 1 1 0 0 1 0 0 0 0 0 0
2014   2 28  8 48  2 452734    5.63288  -72.31126     3710   9.8  0  0  5  8 0 0 1 1 1 0 0 0 0 0 1 1 0 0
2014   2 28  8 48  2 460499    5.62393  -72.72061     6853  29.0  0  0  5  9 0 0 0 1 1 0 0 1 0 0 0 1 0 1
2014   2 28  8 48  2 615153    5.69110  -72.49589     5631  35.5  0  0  6 11 0 0 1 1 0 0 0 1 0 0 1 1 0 1
2014   2 28  8 48  2 698730   -0.54650    8.23872    18783  15.6  0  0  4  6 0 0 1 1 0 0 0 1 0 0 0 0 0 1
2014   2 28  8 48  2 984015  -32.12237   20.74247     9510   2.1  0  0  5 10 0 0 1 1 1 0 0 0 0 0 1 0 0 1
2014   2 28  8 48  2 998677   -6.53828    7.34488    11966  18.8  0  0  5 10 0 0 1 1 1 0 0 1 0 0 0 0 0 1
2014   2 28  8 48  3 763686  -33.81281  -39.02995     7224  40.5  1  0  6 15 0 0 0 1 1 0 0 1 0 1 1 0 0 1
2014   2 28  8 48  3 780098  -33.76616  -39.09642     4526  38.2  0  0  6 15 0 0 1 1 1 0 0 1 0 1 0 0 0 1
2014   2 28  8 48  3 806871  -33.01088  -40.09814     9031  31.5  0  0  6 15 0 0 0 0 1 0 0 1 0 1 1 1 0 1
2014   2 28  8 48  3 813651  -33.81037  -38.97679     4044  34.9  0  0  6 15 0 0 1 1 1 0 0 1 0 0 1 0 0 1
2014   2 28  8 48  3 821435  -33.80907  -38.98151     4013  34.3  0  0  6 15 0 0 1 1 1 0 0 1 0 0 1 0 0 1
2014   2 28  8 48  3 838136  -33.80831  -38.94906     5959  39.3  1  0  5 10 0 0 1 1 1 0 0 1 0 0 0 0 0 1
2014   2 28  8 48  3 859713  -33.83075  -38.92257     3671   0.8  0  0  5  7 0 0 1 1 1 0 0 0 0 0 1 0 0 1
2014   2 28  8 48  4 204606  -33.72810  -39.18423     4140  44.6  0  0  7 21 0 0 1 1 1 0 0 1 0 1 0 1 0 1
2014   2 28  8 48  4 235692  -33.84483  -38.90864     5244  39.5  1  0  5 10 0 0 1 1 0 0 0 1 0 0 1 0 0 1
2014   2 28  8 48  4 248271  -33.90922  -38.98544     5131  39.8  1  0  5 10 0 0 1 1 1 0 0 1 0 0 1 0 0 0
2014   2 28  8 48  4 285847  -33.75780  -39.10366     3762  39.6  0  0  7 21 0 0 1 1 1 0 0 1 0 1 1 0 0 1
2014   2 28  8 48  4 943539  -33.78691  -38.95544     4287  39.7  0  0  6 15 0 0 1 1 1 0 0 1 0 0 1 0 0 1
2014   2 28  8 48  4 951887  -33.78706  -38.94466     6519  45.3  1  0  5 10 0 0 1 1 1 0 0 1 0 0 0 0 0 1
2014   2 28  8 48  4 981053  -33.79244  -38.92701     5529  43.8  1  0  5 10 0 0 1 1 0 0 0 1 0 0 1 0 0 1
2014   2 28  8 48  5   1237  -33.79412  -38.95319     4310  40.1  1  0  6 15 0 0 1 1 1 0 0 1 0 0 1 0 0 1
2014   2 28  8 48  5   8474  -33.86845  -38.94294    10035  45.1  1  0  5 10 0 0 0 1 1 0 0 1 0 0 1 0 0 1
2014   2 28  8 48  5 734766  -21.73516 -140.77998    12292  53.8  1  0  7 21 0 0 1 1 1 0 0 1 0 0 1 1 0 1
2014   2 28  8 48  5 813432   -5.13028  150.12961     8979  41.5  1  0  5 10 0 0 1 0 1 0 0 1 0 1 0 1 0 0
2014   2 28  8 48  5 868378   -4.96790  149.53976     8742  63.0  2  0  6 15 0 0 1 1 1 0 0 1 0 0 0 1 0 1
2014   2 28  8 48  5 934584   -5.01486  149.52077     8084  43.4  1  0  5 10 0 0 0 1 1 0 0 1 0 0 0 1 0 1
2014   2 28  8 48  6 397271  -34.27364  -37.30054     3171   5.0  0  0  5 10 0 0 1 1 1 0 0 0 0 0 1 0 0 1
2014   2 28  8 48  6 423099    1.89588  -84.15905     3735  30.5  0  0  7 21 0 0 1 1 1 0 0 0 0 1 1 1 0 1
2014   2 28  8 48  6 424668  -21.76023 -140.78404    23481  66.4  2  0  5 10 0 0 1 1 1 0 0 1 0 0 0 1 0 0
2014   2 28  8 48  6 481704    1.94319  -85.08043    19431  48.4  1  0  5  8 0 0 0 0 1 0 0 1 0 0 1 1 0 1
2014   2 28  8 48  6 506494  -18.60727 -145.69283    59402  17.9  0  0  5 10 0 0 1 0 1 0 0 0 0 1 1 0 0 1
2014   2 28  8 48  6 564929  -22.96036 -137.57713    23597  45.8  1  0  6 15 0 0 1 1 1 0 0 1 0 0 1 0 0 1
2014   2 28  8 48  6 653555    3.78293    4.20976    18364  35.9  0  0  6 15 0 0 1 1 1 0 0 1 0 0 1 0 0 1
2014   2 28  8 48  6 747955  -12.77214  157.01022    10502  47.8  0  0  7 19 0 0 1 0 1 0 0 1 0 1 1 1 0 1
2014   2 28  8 48  6 772618  -12.54550  156.34625    10042  65.0  1  0  7 21 0 0 1 1 1 0 0 1 0 0 1 1 0 1
2014   2 28  8 48  6 826371  -21.76954 -141.35658    14224  46.2  1  0  6 15 0 0 1 0 1 0 0 1 0 0 1 1 0 1
2014   2 28  8 48  6 949110  -15.41092  168.12099    78081  56.4  1  0  6 15 0 0 1 1 1 0 0 1 0 0 1 0 0 1
2014   2 28  8 48  6 990342  -11.66615  162.71063    48139  36.9  1  0  5  9 0 0 0 1 1 0 0 1 0 1 0 0 0 1
2014   2 28  8 48  7  35983   17.12689  -88.71864    98931  33.5  1  0  4  6 0 0 0 1 0 0 0 0 0 1 1 0 0 1
2014   2 28  8 48  7  66404   22.81917  135.93958     6292  21.1  0  0  5  7 0 0 1 0 1 0 0 0 0 0 1 1 0 1
2014   2 28  8 48  7 110987   -9.76836  159.98618    10502  44.5  1  0  5  7 0 0 0 1 1 0 0 1 0 0 0 1 0 1
2014   2 28  8 48  7 292850  -17.47668  170.93690    64629  29.2  0  0  5 10 0 0 1 1 1 0 0 1 0 0 0 0 0 1
2014   2 28  8 48  7 356968  -34.24199  -37.53963     5164  52.0  1  0  6 15 0 0 1 1 1 0 0 1 0 0 1 0 0 1
2014   2 28  8 48  7 400866  -34.23331  -37.54689     5195  52.9  1  0  6 15 0 0 1 1 1 0 0 1 0 0 1 0 0 1
2014   2 28  8 48  7 649398  -34.32125  -37.55005     6760  58.3  2  0  5 10 0 0 1 1 1 0 0 1 0 0 1 0 0 0
2014   2 28  8 48  7 944603  -16.19407  169.19043   130828  70.1  2  0  5 10 0 0 1 1 0 0 0 1 0 0 1 0 0 1
2014   2 28  8 48  8 471859   22.26564 -112.25339    27211  45.7  1  0  6 11 0 0 0 1 1 0 0 1 0 0 1 1 0 1
2014   2 28  8 48  8 630353  -23.90798  -45.30226     4468  59.5  1  0  6 15 0 0 1 1 1 0 0 1 0 0 1 0 0 1
2014   2 28  8 48  8 807397  -12.40825  -71.69700     4345  80.3  2  0  7 21 0 0 1 1 0 0 0 1 0 1 1 1 0 1
2014   2 28  8 48  8 856339  -12.39628  -71.69131     4888  74.5  2  0  6 14 0 0 1 1 0 0 0 1 0 0 1 1 0 1
2014   2 28  8 48  8 952287  -18.73269 -135.58202    18333   3.1  0  0  4  6 0 0 0 1 0 0 0 0 0 0 1 1 0 1
2014   2 28  8 48  9 385615   -7.67048    6.93728    21107  44.5  1  0  5 10 0 0 1 1 1 0 0 1 0 0 0 0 0 1
2014   2 28  8 48  9 600340    7.60867  -73.60746     6796  86.9  2  0  7 18 0 0 1 1 1 0 0 1 0 1 1 1 0 0
2014   2 28  8 48  9 648794    9.02005  -74.08208    11485  17.9  0  0  5 10 0 0 1 1 1 0 0 0 0 0 1 0 0 1
2014   2 28  8 48  9 676449    7.79070  -74.90500     4326   7.9  0  0  5 10 0 0 0 0 1 0 0 1 0 1 0 1 0 1
2014   2 28  8 48  9 723969    7.63849  -73.35450     5543  47.5  1  0  6 12 0 0 1 0 1 0 0 0 0 1 1 1 0 1
2014   2 28  8 48  9 775137    8.25827  -73.62112    23351  51.1  2  0  5 10 0 0 1 1 0 0 0 0 0 1 1 0 0 1
2014   2 28  8 48  9 966692    7.74664  -73.92353    13946 100.8  2  0  6 11 0 0 0 1 0 0 0 1 0 1 1 1 0 1
2014   2 28  8 48 11 156636  -29.01600  -57.39941     5491  89.2  2  0  6 15 0 0 1 1 1 0 0 0 0 1 1 0 0 1
2014   2 28  8 48 11 317483   -0.78972  -71.92780     5103  81.8  2  0  7 21 0 0 1 0 1 0 0 1 0 1 1 1 0 1
2014   2 28  8 48 11 789525    6.39578  -72.49674    60978  60.9  2  0  5 10 0 0 1 0 1 0 0 0 0 1 1 0 0 1
2014   2 28  8 48 13  37393  -21.52511  -46.66786     4610  65.1  2  0  5 10 0 0 0 1 1 0 0 1 0 0 1 0 0 1
2014   2 28  8 48 13 128645  -21.53577  -46.71038     3808  59.4  1  0  6 15 0 0 1 1 1 0 0 1 0 0 1 0 0 1
2014   2 28  8 48 13 267045  -20.92663 -143.57257    13332  16.3  0  0  4  6 0 0 1 0 0 0 0 1 0 0 1 1 0 0
2014   2 28  8 48 13 892617    2.39119   -1.57098    13186  47.8  1  0  6 14 0 0 1 1 1 0 0 1 0 0 0 1 0 1
2014   2 28  8 48 13 979217   -2.18782   15.74063    48403  31.2  1  0  5 10 0 0 1 1 1 0 0 0 0 0 1 0 0 1
2014   2 28  8 48 14 186485   29.52126 -130.15179    30379 119.5  2  0  6 14 0 0 1 1 1 0 0 1 0 0 1 1 0 0
2014   2 28  8 48 14 648917  -21.40453  -45.98777     5071  69.9  2  0  5 10 0 0 1 1 1 0 0 0 0 1 1 0 0 0
2014   2 28  8 48 14 656885   -3.05660  -72.36681    10321  26.5  0  0  5 10 0 0 1 1 1 0 0 0 0 0 1 0 0 1
2014   2 28  8 48 14 665392   -4.42656  -71.75096     5671 110.5  2  0  7 21 0 0 1 1 1 0 0 1 0 0 1 1 0 1
2014   2 28  8 48 14 694981   -4.23460  -70.87548     3670  13.3  0  0  5 10 0 0 0 1 1 0 0 0 0 0 1 1 0 1
2014   2 28  8 48 14 866257   -4.39557  -71.69329     5713 112.0  2  0  7 21 0 0 1 1 1 0 0 1 0 0 1 1 0 1
2014   2 28  8 48 15 642685    4.65115  -72.62173     5420  39.9  1  0  5  8 0 0 1 1 1 0 0 0 0 1 0 1 0 0
2014   2 28  8 48 16  58924    2.80156  -95.82220     7245  15.8  0  0  5 10 0 0 0 1 0 0 0 1 0 0 1 1 0 1
2014   2 28  8 48 16 164709    4.31346  -73.12585     6714   5.4  0  0  5 10 0 0 1 1 0 0 0 0 0 1 1 0 0 1
2014   2 28  8 48 16 212903    4.55392  -73.49913     3185   5.7  0  0  6 15 0 0 0 0 1 0 0 1 0 1 1 1 0 1
2014   2 28  8 48 16 568892   -9.61265  -66.85233     5748   3.2  0  0  4  6 0 0 1 1 0 0 0 0 0 0 1 0 0 1
2014   2 28  8 48 16 575435    4.55599  -73.47914     3667   9.2  0  0  5 10 0 0 0 1 1 0 0 1 0 0 1 1 0 0
2014   2 28  8 48 17  11510  -27.76104 -171.45647    31183   6.4  0  0  5 10 0 0 1 1 1 0 0 1 0 0 0 0 0 1
2014   2 28  8 48 18  73565  -21.71882  -47.44725     2549  29.8  0  0  7 21 0 0 0 1 1 0 0 1 0 1 1 1 0 1
2014   2 28  8 48 18 465827  -21.76863  -47.31976     2586   9.4  0  0  5 10 0 0 0 1 1 0 0 1 0 0 1 0 0 1
2014   2 28  8 48 18 565759  -23.42091  -45.72746     3725  28.5  0  0  5 10 0 0 0 1 1 0 0 1 0 0 1 0 0 1
2014   2 28  8 48 18 632512  -23.40314  -45.75621     3737  29.3  0  0  5 10 0 0 0 1 1 0 0 1 0 0 1 0 0 1
2014   2 28  8 48 18 783660  -32.54141   19.21952    21107  23.4  1  0  4  6 0 0 1 1 1 0 0 1 0 0 0 0 0 0
2014   2 28  8 48 18 790083  -23.31940  -45.76630     2845  27.1  0  0  7 17 0 0 1 0 1 0 0 1 0 1 1 1 0 1
2014   2 28  8 48 19  34523   14.10878  -78.26785     7068   8.1  0  0  5 10 0 0 0 1 1 0 0 1 0 0 0 1 0 1
2014   2 28  8 48 19 737481  -18.91766 -141.83104    10108  29.1  0  0  6 15 0 0 1 1 1 0 0 0 0 0 1 1 0 1
2014   2 28  8 48 20 456081   -4.05678    1.34083     6632  20.7  0  0  6 15 0 0 1 1 1 0 0 0 0 0 1 1 0 1
2014   2 28  8 48 21  92099  -21.71986  -45.93572     3075  25.2  0  0  5 10 0 0 0 1 1 0 0 1 0 0 1 0 0 1
2014   2 28  8 48 21 690420    7.65207  -73.92560     4806  56.8  1  0  7 20 0 0 1 1 1 0 0 1 0 1 0 1 0 1
2014   2 28  8 48 21 788114   -3.75169  -71.32872     3211  22.6  0  0  6 15 0 0 1 0 1 0 0 0 0 1 1 1 0 1
2014   2 28  8 48 21 807991    0.96521  -25.14592     6171  81.3  2  0  6 14 0 0 0 1 0 0 0 1 1 0 1 1 0 1
2014   2 28  8 48 21 951334    7.69862  -73.92457     4784  52.6  1  0  7 18 0 0 1 1 1 0 0 1 0 0 1 1 0 1
2014   2 28  8 48 22  34647  -14.59424  -44.23782     2852  31.5  0  0  6 15 0 0 1 1 1 0 0 1 0 0 1 0 0 1
2014   2 28  8 48 22 116084   -4.79102  -71.70133     3348  16.0  0  0  5 10 0 0 1 0 1 0 0 0 0 0 1 1 0 1
2014   2 28  8 48 22 123382   -3.74821  -71.49147     3804  47.1  0  0  7 21 0 0 1 0 1 0 0 1 0 1 1 1 0 1
2014   2 28  8 48 22 188763   -3.79518  -71.86195     8430  53.0  2  0  5 10 0 0 0 1 1 0 0 0 0 0 1 1 0 1
2014   2 28  8 48 22 223183   -4.82534  -72.21369     6214  49.9  1  0  6 13 0 0 0 1 1 0 0 1 0 0 1 1 0 1
2014   2 28  8 48 23  61234  -38.37669   36.81126    33048  41.6  1  0  5 10 0 0 1 1 1 0 0 0 0 0 1 0 0 1
2014   2 28  8 48 23 119458   36.35290 -166.83446    50953  24.0  0  0  5 10 0 0 0 1 1 0 0 1 0 0 0 1 0 1
2014   2 28  8 48 23 999189  -21.69197  -46.27502     3955  49.5  1  0  5 10 0 0 0 1 1 0 0 1 0 0 1 0 0 1
2014   2 28  8 48 24 704635  -23.65134  -45.72300     4794  77.0  2  0  6 15 0 0 0 1 1 0 0 1 0 0 1 1 0 1
2014   2 28  8 48 24 940852  -32.75137  -40.41394     4620  22.1  0  0  6 15 0 0 0 1 1 0 0 1 0 1 1 0 0 1
2014   2 28  8 48 25  39555  -23.76544  -45.69321     4294  68.6  2  0  6 15 0 0 1 1 1 0 0 1 0 0 1 0 0 1
2014   2 28  8 48 25 185172  -33.60095  -39.69796     6066  60.5  2  0  6 15 0 0 1 1 1 0 0 1 0 0 1 0 0 1
2014   2 28  8 48 25 291929  -33.77892  -39.44468     5691  27.7  1  0  4  6 0 0 1 1 0 0 0 1 0 0 1 0 0 0
2014   2 28  8 48 25 306665   21.95452 -114.85591    16685   9.0  0  0  4  6 0 0 0 1 0 0 0 1 0 0 1 1 0 0
2014   2 28  8 48 25 441141  -33.49753  -40.12699     3407  22.0  0  0  6 15 0 0 1 1 1 0 0 1 0 1 0 0 0 1
2014   2 28  8 48 25 590146  -21.81666  -46.28961     3377  71.5  2  0  7 21 0 0 1 1 1 0 0 1 0 1 1 0 0 1
2014   2 28  8 48 25 599366  -21.86467  -46.17135     3615  56.8  1  0  6 15 0 0 1 1 1 0 0 1 0 0 1 0 0 1
2014   2 28  8 48 25 619887  -32.71015  -40.45173     5891  23.5  0  0  5 10 0 0 0 1 1 0 0 1 0 0 1 0 0 1
2014   2 28  8 48 25 715841  -33.64085  -39.67493     7484  61.5  2  0  5 10 0 0 1 1 1 0 0 1 0 0 1 0 0 0
2014   2 28  8 48 26 890325  -21.45634 -141.58815    19443  68.8  2  0  6 15 0 0 1 0 1 0 0 1 0 0 1 1 0 1
2014   2 28  8 48 26 897702  -20.93081 -143.73915    14603  22.1  1  0  4  6 0 0 1 1 0 0 0 1 0 0 0 1 0 0
2014   2 28  8 48 26 923777  -21.30222 -142.54732    16913  84.9  2  0  7 21 0 0 1 1 1 0 0 1 0 0 1 1 0 1
2014   2 28  8 48 27  23441  -22.45890  -46.17615     6002 111.7  2  0  6 12 0 0 1 1 0 0 0 1 0 0 1 1 0 1
2014   2 28  8 48 27 580387  -22.57235  -46.11716     4458  98.1  2  0  6 15 0 0 0 1 1 0 0 1 0 1 1 0 0 1
2014   2 28  8 48 27 958749   -6.81719  -59.77787    13415  62.9  2  0  5 10 0 0 1 1 1 0 0 0 0 0 1 0 0 1
2014   2 28  8 48 28 695569   13.68679 -128.19444    49916 119.1  2  0  6 15 0 0 0 1 0 0 0 1 0 1 1 1 0 1
2014   2 28  8 48 29 241851   -6.13933   -1.48478    89193  74.3  2  0  5 10 0 0 1 1 1 0 0 0 0 0 1 0 0 1
2014   2 28  8 48 29 419659   -0.61766  150.86884     9159  96.3  2  0  7 19 0 0 1 1 1 0 0 1 0 0 1 1 0 1
2014   2 28  8 48 29 534668   -0.61390  150.86516    10087  97.5  2  0  7 20 0 0 1 1 1 0 0 1 0 0 1 1 0 1
2014   2 28  8 48 29 575428   -0.60055  150.98438    11525  90.7  2  0  6 15 0 0 1 1 1 0 0 1 0 0 1 1 0 0
2014   2 28  8 48 30 332347  -10.91819  -56.50585     4633  82.5  2  0  7 21 0 0 1 0 1 0 0 1 0 1 1 0 1 1
2014   2 28  8 48 30 372173  -10.44125  -57.21552     3011  10.2  0  0  4  6 0 0 1 1 0 0 0 1 0 0 0 1 0 0
2014   2 28  8 48 30 398756  -10.57434  -57.07512     6382 132.0  2  0  6 15 0 0 1 1 1 0 0 0 0 1 1 1 0 0
2014   2 28  8 48 30 482444  -10.91017  -56.35152     4650  69.5  2  0  6 15 0 0 1 0 1 0 0 1 0 1 1 0 0 1
2014   2 28  8 48 30 622194  -10.81009  -57.47789     3522  59.3  1  0  7 21 0 0 0 1 1 0 0 1 0 1 0 1 1 1
2014   2 28  8 48 30 789028  -12.22736  -56.16588     3106   7.1  0  0  4  6 0 0 0 1 0 0 0 0 0 1 0 1 0 1
2014   2 28  8 48 31 832900   30.44894 -172.55664    16613 105.5  2  0  7 21 0 0 1 0 1 0 0 1 0 1 1 1 0 1
2014   2 28  8 48 32 140007   -3.43720  -71.56932     2947  10.0  0  0  5 10 0 0 1 1 0 0 0 0 0 1 0 1 0 1
2014   2 28  8 48 32 604400   -3.93144  -71.84487     3554   7.2  0  0  5 10 0 0 0 1 1 0 0 1 0 0 0 1 0 1
2014   2 28  8 48 32 752097   -3.77391  172.33591    29971   7.8  0  0  6 15 0 0 1 1 1 0 0 0 0 1 1 0 0 1
2014   2 28  8 48 32 834949   -4.63770  172.12999     9938  32.6  0  0  7 21 0 0 0 1 1 0 0 1 0 1 1 1 0 1
2014   2 28  8 48 32 895924   -5.89934  174.70866    15476  13.5  0  0  5 10 0 0 1 1 0 0 0 1 0 0 1 0 0 1
2014   2 28  8 48 33 344472   -4.63326  172.44542    10768  36.0  0  0  6 15 0 0 1 1 1 0 0 1 0 0 1 1 0 0
2014   2 28  8 48 33 655522  -10.77601  -57.58350     3080  10.4  0  0  5  9 0 0 1 1 0 0 0 1 0 0 1 0 0 1
2014   2 28  8 48 34 594912  -21.80244  -50.41298     2973   3.8  0  0  4  6 0 0 0 1 0 0 0 1 0 1 0 0 0 1
2014   2 28  8 48 35 345587  -23.73215  -45.78758     3314  24.4  0  0  5 10 0 0 0 1 0 0 0 0 0 1 1 1 0 1
2014   2 28  8 48 35 790525  -23.88408  -45.68112     3473  31.8  1  0  5 10 0 0 1 1 1 0 0 1 0 0 0 0 0 1
2014   2 28  8 48 35 912897   -5.44134  -60.63400     4629  21.2  1  0  4  6 0 0 1 0 1 0 0 0 0 1 0 1 0 0
2014   2 28  8 48 36 524809  -10.75468  -56.93661     2917  38.7  0  0  7 21 0 0 0 1 1 0 0 1 0 1 1 1 1 0
2014   2 28  8 48 36 584801  -21.37537  -47.45575     3078  38.7  0  0  6 15 0 0 1 1 1 0 0 1 0 1 1 0 0 0
2014   2 28  8 48 36 754331  -21.69793  -45.93727     3186  28.4  0  0  5 10 0 0 0 1 1 0 0 1 0 0 1 0 0 1
2014   2 28  8 48 36 773273  -10.78969  -56.76765     3859  43.2  1  0  6 15 0 0 1 1 1 0 0 1 0 1 1 0 0 0
2014   2 28  8 48 36 811798  -21.62717  -46.06973     3042  55.3  1  0  7 20 0 0 0 1 1 0 0 1 0 1 1 1 0 1
2014   2 28  8 48 36 856566  -21.59954  -46.01768     3644  55.0  1  0  6 15 0 0 1 1 1 0 0 0 0 0 1 1 0 1
2014   2 28  8 48 37 113083  -21.57487  -46.12280     4143  50.0  1  0  6 15 0 0 1 0 1 0 0 1 0 1 1 1 0 0
2014   2 28  8 48 37 159504  -10.68127  -56.98308     4734  45.7  1  0  5 10 0 0 0 0 1 0 0 1 0 0 1 1 0 1
2014   2 28  8 48 37 732118    1.00630   10.02239    18256  40.6  1  0  6 15 0 0 1 1 1 0 0 1 0 0 1 0 0 1
2014   2 28  8 48 38 420760  -21.34429 -142.56073     9427   5.3  0  0  4  6 0 0 1 1 0 0 0 1 0 0 0 1 0 0
2014   2 28  8 48 39 188502   -9.80699  161.92877    10932  60.3  1  0  7 21 0 0 0 1 1 0 0 1 0 1 1 1 0 1
2014   2 28  8 48 39 480012  -40.91157 -165.11876   213416  56.9  2  0  5  9 0 0 1 1 1 0 0 1 0 0 1 0 0 0
2014   2 28  8 48 40 225021  -21.59265  -47.64120     3451  24.3  0  0  5 10 0 0 1 1 0 0 0 1 0 0 1 0 1 0
2014   2 28  8 48 40 725125  -21.71885  -45.86796     4285  57.8  2  0  5 10 0 0 0 1 1 0 0 1 0 0 1 0 0 1
2014   2 28  8 48 40 855579  -21.72977  -45.89063     4328  59.1  2  0  5 10 0 0 0 1 1 0 0 1 0 0 1 0 0 1
2014   2 28  8 48 41 159433  -21.71268  -46.26747     4427  62.2  2  0  5 10 0 0 0 1 1 0 0 1 0 0 1 0 0 1
2014   2 28  8 48 41 769365    6.13501  144.62392     7872  76.8  2  0  7 21 0 0 1 1 1 0 0 0 0 1 1 1 0 1
2014   2 28  8 48 41 891560  -21.56252  -47.07139     5243  63.6  2  0  5 10 0 0 1 1 1 0 0 1 0 0 1 0 0 0
2014   2 28  8 48 41 998052  -21.61216  -46.95889     4742  70.7  2  0  5 10 0 0 0 1 1 0 0 1 0 0 1 0 0 1
2014   2 28  8 48 42 251943  -25.49099  -44.57785     3069   2.8  0  0  4  6 0 0 1 1 1 0 0 1 0 0 0 0 0 0
2014   2 28  8 48 42 278095  -25.37009  -44.44929     4603  70.3  2  0  7 21 0 0 1 0 1 0 0 1 0 1 1 1 0 1
2014   2 28  8 48 42 293435  -25.43554  -44.60875     3575  33.4  1  0  5 10 0 0 1 1 1 0 0 0 0 1 0 0 0 1
2014   2 28  8 48 42 310581  -25.41620  -44.53283     4029  54.3  1  0  6 15 0 0 1 1 1 0 0 1 0 0 1 0 0 1
2014   2 28  8 48 43 807533  -11.62697  -42.29242     4444  49.2  1  0  5  7 0 0 0 1 1 0 0 1 0 0 1 0 0 1
2014   2 28  8 48 44 373744   -7.22872    8.21390    24776  53.3  2  0  5 10 0 0 1 0 1 0 0 1 0 0 1 0 0 1
2014   2 28  8 48 44 462263  -27.38728 -135.78311    18025  94.1  2  0  7 21 0 0 1 1 1 0 0 1 0 0 1 1 0 1
2014   2 28  8 48 44 644778  -10.42180  -57.38216     4618  99.8  2  0  7 21 0 0 1 0 1 0 0 1 0 1 1 1 0 1
2014   2 28  8 48 45  10830  -21.72320  -50.06838     4297 122.8  2  0  7 19 0 0 1 1 1 0 0 1 0 1 1 0 0 1
2014   2 28  8 48 45 554937    4.95560    7.16741    47408 104.4  2  0  6 15 0 0 1 1 1 0 0 1 0 0 1 0 0 1
2014   2 28  8 48 45 555106  -14.62298  -44.38911     4890  82.8  2  0  5 10 0 0 0 1 1 0 0 1 0 0 1 0 0 1
2014   2 28  8 48 45 998909  -12.34350  156.65533    13338  97.8  2  0  7 21 0 0 1 1 1 0 0 1 0 0 1 1 0 1
2014   2 28  8 48 46 374468  -12.52018  156.81230    14392  95.4  2  0  7 21 0 0 1 0 1 0 0 1 0 1 1 1 0 1
2014   2 28  8 48 46 800969  -32.84652  -41.28465     4494  25.8  0  0  5 10 0 0 1 1 1 0 0 1 0 0 0 0 0 1
2014   2 28  8 48 46 991847  -57.80487  -38.03208    17318  14.6  0  0  4  6 0 0 1 1 0 0 0 1 0 0 0 0 0 1
2014   2 28  8 48 48 468197   22.73178  -86.16782     8598   6.4  0  0  4  6 0 0 1 0 0 0 0 0 0 1 0 1 0 1
2014   2 28  8 48 48 744398  -10.14187  161.12195     5318  22.7  0  0  7 20 0 0 1 1 0 0 0 1 0 1 1 1 0 1
2014   2 28  8 48 48 883385  -23.35663  -45.73961     3238  17.4  0  0  5 10 0 0 1 1 1 0 0 1 0 0 1 0 0 0
2014   2 28  8 48 49  65937  -23.36586  -45.79587     2824  17.5  0  0  6 15 0 0 1 1 1 0 0 1 0 0 1 0 0 1
2014   2 28  8 48 49 737208  -21.61846  -46.22749     3545  28.0  0  0  6 11 0 0 1 0 0 0 0 1 0 1 1 1 0 1
2014   2 28  8 48 49 766154  -21.66876  -46.11586     3779  29.1  0  0  5 10 0 0 1 0 1 0 0 1 0 1 0 1 0 0
2014   2 28  8 48 49 779158  -21.70249  -46.06689     2762  14.6  0  0  5 10 0 0 1 0 1 0 0 1 0 0 1 0 0 1
2014   2 28  8 48 49 794014  -21.62812  -46.07145     3033   6.3  0  0  4  6 0 0 1 1 0 0 0 0 0 1 1 0 0 0
2014   2 28  8 48 49 832417  -21.58357  -46.07161     2884  49.8  0  0  7 21 0 0 0 1 1 0 0 1 0 1 1 1 0 1
2014   2 28  8 48 49 908445  -21.66446  -46.11259     3178  16.9  0  0  5 10 0 0 1 0 1 0 0 0 0 1 1 0 0 1
2014   2 28  8 48 50  14724  -22.27061 -139.51105    10357  19.8  0  0  7 21 0 0 1 1 1 0 0 1 0 1 1 0 0 1
2014   2 28  8 48 50  46567  -21.66541 -141.23325     8330  21.4  0  0  6 15 0 0 1 0 1 0 0 1 0 0 1 1 0 1
2014   2 28  8 48 50 106715  -21.70234 -140.93840     7234  27.3  0  0  7 21 0 0 1 1 0 0 0 1 0 1 1 1 0 1
2014   2 28  8 48 50 264319  -12.89595  164.59436    77021  35.7  1  0  5 10 0 0 1 1 0 0 0 1 0 0 1 0 0 1
2014   2 28  8 48 50 410648  -18.21531  162.92757    10407  52.5  1  0  7 21 0 0 1 1 1 0 0 1 0 0 1 1 0 1
2014   2 28  8 48 50 934277  -23.71596  -45.47778     3029  34.9  0  0  7 21 0 0 0 1 1 0 0 1 0 1 1 1 0 1
2014   2 28  8 48 51  29911    2.64730  -95.49179    13636  42.6  1  0  5 10 0 0 0 1 1 0 0 1 0 0 1 1 0 0
2014   2 28  8 48 51 462140    7.40466  -78.67552     6911  37.6  0  0  6 15 0 0 0 1 1 0 0 1 0 1 1 1 0 0
2014   2 28  8 48 52  20349    6.15613  -73.78519     5816  30.3  0  0  7 21 0 0 1 1 1 0 0 1 0 1 1 0 0 1
2014   2 28  8 48 52  42080    6.68402  -74.14986     3780  37.5  0  0  7 21 0 0 1 1 1 0 0 1 0 0 1 1 0 1
2014   2 28  8 48 52 796665    2.35806   -1.11074    23589  34.6  1  0  5 10 0 0 1 1 0 0 0 1 0 0 1 0 0 1
2014   2 28  8 48 52 822916  -13.28945  -38.37220    22517  43.5  1  0  5 10 0 0 0 1 1 0 0 1 0 0 1 0 0 1
2014   2 28  8 48 53 135646    6.99415  -73.13253    12923  44.3  1  0  5 10 0 0 1 1 1 0 0 1 0 0 1 0 0 0
2014   2 28  8 48 53 187974    7.58794  -73.23036     5269  25.5  0  0  6 13 0 0 0 1 1 0 0 0 0 1 1 1 0 1
2014   2 28  8 48 53 237131    7.65292  -73.66492     4295  47.1  0  0  7 21 0 0 1 1 0 0 0 1 0 1 1 1 0 1
2014   2 28  8 48 53 285374    6.06800  -71.87896    14962  26.0  0  0  5 10 0 0 0 1 1 0 0 1 0 0 1 0 0 1
2014   2 28  8 48 53 551111   -4.45910  144.42323     5691   4.5  0  0  4  6 0 0 1 0 0 0 0 1 0 0 1 1 0 0
2014   2 28  8 48 53 638680    2.39237    7.75444    17430  36.8  0  0  6 15 0 0 1 1 1 0 0 1 0 0 1 0 0 1
2014   2 28  8 48 54 314682  -20.19478 -137.84346    23956  33.8  1  0  5 10 0 0 1 1 1 0 0 1 0 0 0 0 0 1
2014   2 28  8 48 54 329115  -18.75041 -141.67998    13000  44.9  1  0  6 15 0 0 1 0 1 0 0 1 0 0 1 1 0 1
2014   2 28  8 48 54 350574  -18.79368 -141.24492    24467  69.9  2  0  5 10 0 0 1 1 0 0 0 1 0 0 1 1 0 0
2014   2 28  8 48 54 602883  -20.61585 -141.35211    17640  66.6  2  0  6 15 0 0 1 1 1 0 0 1 0 0 1 1 0 0
2014   2 28  8 48 54 852531  -21.54936  -46.83133     3221  40.0  0  0  6 15 0 0 1 1 1 0 0 1 0 0 1 0 0 1
2014   2 28  8 48 55 537869    0.60822    0.57462    24322  17.7  0  0  5 10 0 0 0 1 1 0 0 1 0 0 1 0 0 1
2014   2 28  8 48 55 842618  -14.26488  -44.14613     4294  44.1  1  0  6 15 0 0 1 1 1 0 0 0 0 1 1 0 0 1
2014   2 28  8 48 57  61405   -2.19812  -81.06523     5218  18.8  0  0  5 10 0 0 0 1 1 0 0 0 0 0 1 1 0 1
2014   2 28  8 48 57 213427   -2.40454  -82.83804    14714  61.9  2  0  5 10 0 0 0 1 1 0 0 1 0 0 0 1 0 1
2014   2 28  8 48 57 705369  -32.27192   19.02190    22496  68.1  2  0  6 15 0 0 1 1 1 0 0 1 0 0 1 0 0 1
2014   2 28  8 48 59 404301  -14.58363  -43.79483     3239  20.6  1  0  4  6 0 0 0 1 0 0 0 1 0 0 1 0 0 1
2014   2 28  8 48 59 463158   -4.35253  -72.05791     4967  89.3  2  0  7 21 0 0 1 1 1 0 0 1 0 0 1 1 0 1
2014   2 28  8 48 59 873183   54.30491 -107.46957    77830  81.2  2  0  5 10 0 0 1 1 1 0 0 0 0 0 1 0 0 1
2014   2 28  8 48 59 892675  -34.16454  -37.13658     4742  58.5  1  0  7 21 0 0 1 1 1 0 0 0 0 1 1 1 0 1
2014   2 28  8 48 59 913497  -34.30708  -36.94931     4810  30.3  1  0  5 10 0 0 1 1 1 0 0 0 0 0 1 0 0 1
2014   2 28  8 49  0 317401  -34.30941  -37.05523     6723  75.5  2  0  6 15 0 0 1 1 1 0 0 1 0 0 1 0 0 1
2014   2 28  8 49  0 383714  -34.21900  -37.55846    10820  67.5  2  0  5 10 0 0 1 0 1 0 0 1 0 0 1 0 0 1
2014   2 28  8 49  0 393503  -34.31314  -37.04853     6720  75.6  2  0  6 15 0 0 1 1 1 0 0 1 0 0 1 0 0 1
2014   2 28  8 49  1  16680  -26.48215 -135.88428    14662  72.2  2  0  7 21 0 0 1 1 1 0 0 0 0 1 1 1 0 1
2014   2 28  8 49  1 371207  -31.76613  -41.36837    18739  57.1  2  0  5  8 0 0 0 0 1 0 0 1 0 0 1 1 0 1
2014   2 28  8 49  1 408917  -33.58787  -38.77560    10870  87.4  2  0  5 10 0 0 1 1 1 0 0 1 0 0 0 0 0 1
2014   2 28  8 49  1 484234   -1.22036   -5.36535    22937  70.8  2  0  5 10 0 0 1 1 1 0 0 0 0 0 0 1 0 1
2014   2 28  8 49  1 520247  -33.63374  -38.47260     3697   4.7  0  0  4  6 0 0 1 1 0 0 0 0 0 0 1 0 0 1
2014   2 28  8 49  1 543816  -33.59015  -38.59536     4691  32.4  1  0  5 10 0 0 1 1 1 0 0 0 0 0 1 0 0 1
2014   2 28  8 49  1 775547  -33.56530  -38.57641     4752  33.0  1  0  5 10 0 0 1 1 1 0 0 0 0 0 1 0 0 1
2014   2 28  8 49  1 997296  -33.63318  -38.44401     3692   4.4  0  0  4  6 0 0 1 1 0 0 0 0 0 0 1 0 0 1
2014   2 28  8 49  2 400097  -33.55724  -38.54945     4822  34.1  1  0  5 10 0 0 1 1 1 0 0 0 0 0 1 0 0 1
2014   2 28  8 49  2 461088   18.61144  -90.69199     9451  71.1  2  0  7 21 0 0 1 1 1 0 0 0 0 1 1 1 0 1
2014   2 28  8 49  2 522846  -33.30842  -39.07682    14579 104.4  2  0  6 15 0 0 0 1 1 0 0 1 0 1 1 0 0 1
2014   2 28  8 49  2 923104  -33.77935  -38.83594     6357  98.9  2  0  7 21 0 0 1 1 1 0 0 1 0 1 1 0 0 1
2014   2 28  8 49  3  17545  -33.88802  -38.46405     6991  87.0  2  0  6 15 0 0 1 1 1 0 0 1 0 0 1 0 0 1
2014   2 28  8 49  3 586587   30.94794 -126.96851    22155 117.0  2  0  7 21 0 0 1 1 1 0 0 1 0 0 1 1 0 1
2014   2 28  8 49  3 864782  -23.35993  -45.75064     3400  12.8  0  0  4  6 0 0 0 0 0 0 0 0 0 1 1 1 0 1
2014   2 28  8 49  3 892466  -20.98870  -45.96806     4400  74.7  2  0  6 15 0 0 1 1 1 0 0 1 0 0 1 0 0 1
2014   2 28  8 49  3 906654  -24.03412  -44.66511     3718  24.5  0  0  5 10 0 0 1 1 0 0 0 1 0 0 1 0 0 1
2014   2 28  8 49  4 104805  -21.01632  -46.35794     2594   4.8  0  0  5 10 0 0 1 1 1 0 0 1 0 0 0 0 0 1
2014   2 28  8 49  4 618339  -21.68504  -45.99804     2580  11.7  0  0  5 10 0 0 0 1 1 0 0 1 0 1 0 0 0 1
2014   2 28  8 49  5 509217   -6.89059    9.22841    13818   9.2  0  0  4  6 0 0 1 1 1 0 0 1 0 0 0 0 0 0
2014   2 28  8 49  7 127928    4.43598  -73.43548     8624  13.0  0  0  5 10 0 0 1 1 1 0 0 0 0 1 0 0 0 1
2014   2 28  8 49  7 419814  -12.21669  -72.70268     4581  18.8  0  0  5  9 0 0 1 1 1 0 0 1 0 0 0 0 0 1
2014   2 28  8 49  7 825529   -0.46556  149.31271     4174  37.7  1  0  5  8 0 0 1 0 1 0 0 1 1 0 0 0 0 1
2014   2 28  8 49  8 195095  -23.11982  131.40079    17395  30.0  1  0  4  6 0 0 0 1 0 0 0 1 1 0 0 0 0 1
2014   2 28  8 49  8 309833   -1.19082  148.79260     4519  64.1  2  0  6 14 0 0 1 1 1 0 0 1 1 0 0 0 0 1
2014   2 28  8 49  8 363648   -1.32282  148.64534     4758  72.7  2  0  6 11 0 0 1 1 1 0 0 1 1 0 0 0 0 1
2014   2 28  8 49  8 469396   -1.40744  148.47159     4883  64.6  2  0  6 11 0 0 1 1 1 0 0 1 1 0 0 0 0 1
2014   2 28  8 49  8 611098   -1.27591  148.71774     3375  19.8  0  0  5  9 0 0 0 1 1 0 0 1 1 0 0 0 0 1
2014   2 28  8 49  8 681449    1.27437  -83.70333     5737  24.0  0  0  6 15 0 0 1 1 1 0 0 1 0 1 0 0 0 1
2014   2 28  8 49  9 326017  -22.84551 -137.73776    20604  25.6  0  0  5 10 0 0 1 1 1 0 0 1 0 0 0 0 0 1
2014   2 28  8 49  9 979885  -21.62142  -46.29197     3194  46.5  1  0  6 15 0 0 1 1 1 0 0 1 0 1 0 0 0 1
2014   2 28  8 49 10 857942   -6.91993    7.25011    15665  29.5  0  0  5 10 0 0 1 1 1 0 0 1 0 0 0 0 0 1
2014   2 28  8 49 11  87678   40.15783  -47.73813    16306  28.3  1  0  4  6 0 0 1 1 0 0 0 0 1 0 0 0 0 1
2014   2 28  8 49 11 281554   -1.93786    3.48556    17703  30.2  1  0  5 10 0 0 1 1 1 0 0 1 0 0 0 0 0 1
2014   2 28  8 49 11 333109  -24.47940  -93.76958     5362   9.1  0  0  5 10 0 0 1 1 1 0 0 1 0 0 0 0 0 1
2014   2 28  8 49 11 342909   -2.10380    3.16023    26910  30.4  1  0  4  6 0 0 1 1 0 0 0 1 0 0 0 0 0 1
2014   2 28  8 49 14  30022    2.51277  -84.61148     9168  48.3  1  0  6 15 0 0 1 1 1 0 0 1 0 1 0 0 0 1
2014   2 28  8 49 14  42737    4.94439  -86.55611     6679  34.0  1  0  5 10 0 0 1 1 1 0 0 0 1 1 0 0 0 0
2014   2 28  8 49 14  52756    2.56786  -84.67273    13427  53.3  2  0  5 10 0 0 1 1 1 0 0 1 0 0 0 0 0 1
2014   2 28  8 49 14 421333  -24.93778 -133.12083    14285  41.2  0  0  7 19 0 0 1 1 1 0 0 1 1 1 0 0 0 1
2014   2 28  8 49 14 683406   -4.55387  -27.13318     5798  69.7  2  0  5 10 0 0 0 1 1 0 0 1 1 0 0 0 0 1
2014   2 28  8 49 16 999693    0.79413   -4.24051    26605  45.5  1  0  5 10 0 0 1 1 1 0 0 1 0 0 0 0 0 1
2014   2 28  8 49 19 620389    2.29066    0.80623    33878  57.1  2  0  5 10 0 0 1 1 1 0 0 1 0 0 0 0 0 1
