2014   2 28  1 39 28 939972  -15.75562  -49.90314     4544   7.8  0  0  4  6 0 0 1 1 0 0 0 0 0 1 1 0 0 0
2014   2 28  1 39 30 679423   -5.45989  -73.88320     3933  27.6  0  0  5 10 0 0 1 1 0 0 0 0 0 1 1 1 0 0
2014   2 28  1 39 30 697433   -5.46345  -73.76995     5299  23.4  1  0  4  6 0 0 1 0 0 0 0 0 0 1 1 1 0 0
2014   2 28  1 39 31 353955    0.13736  -71.97704     4390  32.9  1  0  5 10 0 0 1 1 0 0 0 0 0 1 1 1 0 0
2014   2 28  1 39 32 756471  -19.15853  -51.06582     3179   4.6  0  0  4  6 0 0 1 1 0 0 0 0 0 1 1 0 0 0
2014   2 28  1 39 32 807466  -25.79715 -136.43881    10319   1.0  0  0  4  6 0 0 1 1 0 0 0 0 0 0 1 1 0 0
2014   2 28  1 39 32 816994  -25.79681 -136.47772    10341   1.2  0  0  4  6 0 0 1 1 0 0 0 0 0 0 1 1 0 0
2014   2 28  1 39 33 280496  -21.97753  -48.01066     4014   7.7  0  0  4  6 0 0 1 0 0 0 0 0 0 1 1 1 0 0
2014   2 28  1 39 33 890942  -15.62611  -49.95501     2845  20.1  0  0  5 10 0 0 1 1 0 0 0 0 0 1 1 1 0 0
2014   2 28  1 39 42 288013  -22.21869  -49.30844     3505  23.7  1  0  4  6 0 0 1 1 0 0 0 0 0 1 1 0 0 0
2014   2 28  1 39 44 424631  -10.24831   20.27804    23342   5.0  0  0  4  6 0 0 1 1 0 0 0 0 0 0 1 0 0 1
2014   2 28  1 39 45  67517    5.39374  -76.41628     3841   7.5  0  0  5 10 0 0 0 1 0 0 0 1 0 0 1 1 0 1
2014   2 28  1 39 45 305809    5.55458  -76.27586     5568  18.8  0  0  5  9 0 0 0 1 1 0 0 1 0 0 1 1 0 0
2014   2 28  1 39 46 376019    4.07195  -71.74699     3429   6.0  0  0  5  9 0 0 0 1 0 0 0 1 0 0 1 1 0 1
2014   2 28  1 39 46 711736  -15.69138  -49.81973     4009  73.9  2  0  6 11 0 0 0 1 0 0 0 1 0 1 1 0 1 1
2014   2 28  1 39 46 760795  -15.72501  -49.77637     2398  16.5  0  0  7 21 0 0 1 1 1 0 0 1 0 1 1 0 0 1
2014   2 28  1 39 46 802588  -15.72932  -49.80129     2895  15.9  0  0  5  9 0 0 1 1 0 0 0 1 0 0 0 1 0 1
2014   2 28  1 39 46 824440    4.22967  -71.97156     4185  21.9  0  0  6 13 0 0 0 1 1 0 0 1 0 0 1 1 0 1
2014   2 28  1 39 47 281011  -23.94879  -45.93882     3063  20.3  0  0  5 10 0 0 1 1 1 0 0 0 0 0 1 0 0 1
2014   2 28  1 39 47 457165    0.58437  -72.38792     3666   3.6  0  0  4  6 0 0 0 1 0 0 0 1 0 0 1 1 0 0
2014   2 28  1 39 47 639477    0.52496  -72.36501     3707   4.7  0  0  4  6 0 0 0 1 0 0 0 1 0 0 1 1 0 0
2014   2 28  1 39 49  60602  -25.87152  -44.69897     3549  27.1  0  0  5 10 0 0 1 0 0 0 0 1 0 1 0 1 1 0
2014   2 28  1 39 49  75530  -25.89172  -44.59823     3603  26.9  0  0  5 10 0 0 1 1 1 0 0 1 0 0 1 0 0 0
2014   2 28  1 39 49  91919  -25.88354  -44.59520     3212  26.5  0  0  6 14 0 0 1 1 1 0 0 1 0 0 1 0 0 1
2014   2 28  1 39 49 211040  -25.84843  -44.63197     3291  28.2  0  0  6 14 0 0 1 1 1 0 0 1 0 0 1 0 0 1
2014   2 28  1 39 49 450953  -25.72498  -44.55069     3246  17.1  0  0  5 10 0 0 0 1 1 0 0 1 0 0 1 0 0 1
2014   2 28  1 39 49 479001  -19.24361  -51.28910     2948  31.4  0  0  6 15 0 0 1 1 1 0 0 1 0 0 1 0 0 1
2014   2 28  1 39 49 525383   -5.03838  -61.77179     3934  39.7  1  0  5 10 0 0 0 1 1 0 0 1 0 0 1 1 0 0
2014   2 28  1 39 49 583784  -25.82695  -44.70451     3773  30.4  1  0  5 10 0 0 1 1 1 0 0 1 0 0 1 0 0 0
2014   2 28  1 39 49 898575  -12.34216  -57.98347     3354  46.2  0  0  7 21 0 0 0 1 1 0 0 1 0 1 1 1 0 1
2014   2 28  1 39 50 123128  -12.37684  -57.68214     3589  24.5  0  0  5 10 0 0 1 0 1 0 0 1 0 0 1 0 0 1
2014   2 28  1 39 50 213434  -25.90240  -44.62403     3757  22.9  0  0  5  8 0 0 1 1 1 0 0 1 0 0 1 0 0 0
2014   2 28  1 39 50 262187  -25.64136  -44.66602     3302  19.7  0  0  5 10 0 0 0 1 1 0 0 1 0 0 1 0 0 1
2014   2 28  1 39 50 698136  -15.89410  -49.87042     3277  40.6  1  0  6 15 0 0 1 1 1 0 0 1 0 0 1 0 0 1
2014   2 28  1 39 50 766015  -15.89410  -49.93159     2930  45.8  0  0  7 21 0 0 1 1 1 0 0 1 0 1 1 0 0 1
2014   2 28  1 39 51 182772    2.49882   -3.30191    29454  52.7  1  0  6 12 0 0 1 1 1 0 0 1 0 0 1 0 0 1
2014   2 28  1 39 51 342946  -33.54029  -41.20579     4263  49.0  0  0  7 21 0 0 1 1 1 0 0 1 0 1 1 0 0 1
2014   2 28  1 39 51 380392  -33.64406  -41.00539     5512  39.5  1  0  5 10 0 0 1 1 0 0 0 1 0 0 1 0 0 1
2014   2 28  1 39 51 585812  -33.50367  -41.24525     5081  54.2  1  0  6 15 0 0 1 1 1 0 0 0 0 1 1 0 0 1
2014   2 28  1 39 51 808488  -32.93082  -41.70650     5454  18.1  0  0  5 10 0 0 0 1 1 0 0 1 0 0 1 0 0 1
2014   2 28  1 39 52 150985  -18.11081   66.56445    18329  37.4  1  0  5 10 0 0 1 0 1 0 0 1 0 0 1 0 0 1
2014   2 28  1 39 53 543629  -22.76976  -48.49433     4065  64.1  2  0  6 13 0 0 1 1 1 0 0 1 0 0 1 0 0 1
2014   2 28  1 39 54 946907  -25.52308  -44.84113     3829  32.4  1  0  5 10 0 0 0 1 1 0 0 1 0 0 1 0 0 1
2014   2 28  1 39 55 946974  -22.11695 -136.47980    15380  83.6  2  0  7 21 0 0 1 1 1 0 0 1 0 0 1 1 0 1
2014   2 28  1 39 55 954409  -21.85570 -137.55771    11828  29.5  0  0  5 10 0 0 1 1 0 0 0 1 0 0 1 1 0 0
2014   2 28  1 39 56 184416   -7.82685   52.11462    28747  75.5  2  0  6 14 0 0 1 1 1 0 0 1 0 0 1 0 0 1
2014   2 28  1 39 57 165682  -23.81348  -46.32438     3719  34.7  1  0  5  9 0 0 1 1 1 0 0 1 0 0 1 0 0 0
2014   2 28  1 39 57 344998    4.05883  -72.10715     9630 121.5  2  0  7 16 0 0 1 1 1 0 0 1 0 1 0 1 0 1
2014   2 28  1 39 57 577694    4.23269   -9.65825    19604  92.6  2  0  7 16 0 0 1 1 1 0 0 1 0 0 1 1 0 1
2014   2 28  1 39 58  51841    4.29208  -72.25504     9240 103.9  2  0  6 15 0 0 0 1 1 0 0 1 0 0 1 1 0 1
2014   2 28  1 39 58 150916    1.38248  -21.94659    16698  64.1  2  0  6 11 0 0 1 0 1 0 0 1 0 0 1 1 0 1
2014   2 28  1 39 59 147459  -15.96653  -49.89834     5134 101.3  2  0  6 15 0 0 1 1 1 0 0 1 0 0 1 0 0 1
2014   2 28  1 39 59 232705    2.22782    3.05690    23679 110.4  2  0  7 17 0 0 1 1 1 0 0 1 0 0 1 1 0 1
2014   2 28  1 39 59 335686  -15.90447  -49.51481     4283  41.2  1  0  5 10 0 0 1 0 1 0 0 1 0 0 1 0 0 1
2014   2 28  1 39 59 371424   13.33323  -69.43972     9853  48.4  1  0  5  9 0 0 0 1 1 0 0 1 0 0 1 1 0 0
2014   2 28  1 39 59 569867  -23.03540  -48.32666     3478  13.8  0  0  5  7 0 0 1 1 1 0 0 0 0 0 1 0 0 1
2014   2 28  1 39 59 790334    4.20874  -68.72639     8748 116.3  2  0  6 15 0 0 0 1 1 0 0 1 0 0 1 1 0 1
2014   2 28  1 40  0 667806  -24.09978  -50.37359     2365  11.8  0  0  7 20 0 0 0 1 0 0 0 1 0 1 1 1 1 1
2014   2 28  1 40  1  26731    0.07147  -71.94470     2658   7.7  0  0  6 15 0 0 1 1 1 0 0 1 0 0 1 1 0 0
2014   2 28  1 40  1  38279    0.06139  -71.95802     2952   8.7  0  0  6 15 0 0 0 1 1 0 0 1 0 0 1 1 0 1
2014   2 28  1 40  1  46198    0.06257  -71.95363     2542   8.9  0  0  7 20 0 0 1 1 1 0 0 1 0 0 1 1 0 1
2014   2 28  1 40  1  77705    0.07120  -71.95492     2523   8.8  0  0  7 21 0 0 1 1 1 0 0 1 0 0 1 1 0 1
2014   2 28  1 40  1  97823    0.05446  -71.95902     3337  15.5  0  0  6 15 0 0 0 0 1 0 0 1 0 1 1 1 0 1
2014   2 28  1 40  1 133425   -0.87347  -71.02258    23158  13.5  0  0  4  6 0 0 0 1 0 0 0 0 0 1 1 0 0 1
2014   2 28  1 40  1 228070    0.06530  -71.97220     3013  10.4  0  0  6 15 0 0 0 1 1 0 0 1 0 0 1 1 0 1
2014   2 28  1 40  1 708515   -0.20193  -71.77823     7392  12.5  0  0  5 10 0 0 1 1 1 0 0 0 0 0 1 0 0 1
2014   2 28  1 40  1 850096   -5.03623  -53.59477     2828   8.4  0  0  5  9 0 0 0 1 1 0 0 1 0 0 0 1 0 1
2014   2 28  1 40  1 910565  -23.99597  -45.90615     3209  24.8  0  0  5 10 0 0 1 1 0 0 0 1 0 1 0 0 0 1
2014   2 28  1 40  1 949201  -14.78220  -57.46075     2961  23.5  0  0  6 15 0 0 1 1 0 0 0 1 0 1 1 0 0 1
2014   2 28  1 40  2 546070  -12.37923  -49.12771     6757  58.5  2  0  5  9 0 0 1 0 1 0 0 0 1 1 1 0 0 0
2014   2 28  1 40  3 385649  -23.09570  -47.34802     3487  12.1  0  0  4  6 0 0 1 1 0 0 0 1 0 0 1 0 0 0
2014   2 28  1 40  3 395613  -23.15035  -47.22097     3364  24.4  0  0  5  9 0 0 1 1 0 0 0 1 0 0 1 0 0 1
2014   2 28  1 40  3 596724  -23.13282  -47.15099     2519   5.5  0  0  5 10 0 0 1 0 1 0 0 1 0 0 1 0 0 1
2014   2 28  1 40  3 825593  -25.82651  -44.52136     3669  19.9  0  0  5  9 0 0 1 1 1 0 0 1 0 0 0 0 0 1
2014   2 28  1 40  3 896064  -25.82914  -44.47490     3389  22.4  0  0  5 10 0 0 1 1 1 0 0 1 0 0 1 0 0 0
2014   2 28  1 40  4 140741  -25.71180  -44.57893     2892  18.8  0  0  6 15 0 0 0 1 1 0 0 1 0 1 1 0 0 1
2014   2 28  1 40  4 177954  -12.37205  -73.78774     6061  27.5  0  0  5 10 0 0 0 1 1 0 0 1 0 0 0 1 0 1
2014   2 28  1 40  4 431496  -25.79969  -44.53973     3272  28.5  0  0  6 14 0 0 1 1 1 0 0 1 0 0 1 0 0 1
2014   2 28  1 40  5  49909  -12.33941  -56.98178     3082  17.3  0  0  5 10 0 0 1 0 1 0 0 0 0 0 1 1 0 1
2014   2 28  1 40  5 351362  -15.91014  -49.88570     4119  43.4  1  0  5 10 0 0 0 1 1 0 0 1 0 0 1 0 0 1
2014   2 28  1 40  5 362424  -15.91024  -49.89209     4067  42.2  1  0  5 10 0 0 0 1 1 0 0 1 0 0 1 0 0 1
2014   2 28  1 40  5 990489    2.78800  -66.98502     5310  49.9  1  0  5 10 0 0 0 1 1 0 0 1 0 0 1 1 0 0
2014   2 28  1 40  6 431193    3.70782  -71.30354     8924  52.3  1  0  6 15 0 0 1 1 1 0 0 1 0 0 1 0 0 1
2014   2 28  1 40  6 931333    2.45550  -67.12854     4966  56.9  1  0  6 15 0 0 0 1 1 0 0 1 0 0 1 1 0 1
2014   2 28  1 40  7  37023   -4.68266  -74.34719     4000  58.8  1  0  7 21 0 0 1 1 1 0 0 1 0 0 1 1 0 1
2014   2 28  1 40  7 214471   -4.65370  -74.39867     4241  49.9  1  0  6 15 0 0 1 1 0 0 0 1 0 0 1 1 0 1
2014   2 28  1 40  7 721963    4.31561  -72.83129     4652  41.2  0  0  7 20 0 0 0 1 1 0 0 1 0 1 0 1 1 1
2014   2 28  1 40  7 744670   -8.07130  -23.54202    15287  36.8  1  0  5 10 0 0 0 1 1 0 0 0 0 0 1 1 0 1
2014   2 28  1 40  8 552842    4.42970  -72.12811     6592  91.2  2  0  6 14 0 0 1 1 0 0 0 0 0 1 1 1 1 0
2014   2 28  1 40  8 676563  -23.69839  -46.27538     3289  24.6  0  0  5 10 0 0 0 1 1 0 0 1 0 1 1 0 0 0
2014   2 28  1 40 10 886414  -24.17796  -45.97997     4224  77.0  2  0  6 15 0 0 1 1 1 0 0 1 0 1 0 0 0 1
2014   2 28  1 40 11 152490  -15.72266  -49.93662     4064  97.6  2  0  7 21 0 0 1 1 1 0 0 1 0 0 1 1 0 1
2014   2 28  1 40 11 273459  -18.62808   25.21811    37041  85.1  2  0  6 12 0 0 1 1 1 0 0 1 0 0 1 0 0 1
2014   2 28  1 40 11 509684  -15.78023  -49.77605     5342  70.8  2  0  5 10 0 0 1 0 0 0 0 1 0 1 1 0 0 1
2014   2 28  1 40 11 797069    3.81965  -72.02809     6320  99.0  2  0  7 18 0 0 1 1 1 0 0 1 0 0 1 1 0 1
2014   2 28  1 40 12 878814  -20.99375  -53.74413     4695 111.3  2  0  6 15 0 0 1 1 1 0 0 1 0 1 1 0 0 0
2014   2 28  1 40 12 885705  -20.93352  -53.63960     4817  76.1  2  0  5 10 0 0 1 0 0 0 0 1 0 1 1 0 0 1
2014   2 28  1 40 12 899450  -21.05187  -53.70272     5014 119.8  2  0  6 15 0 0 0 1 1 0 0 1 0 1 1 0 0 1
2014   2 28  1 40 12 918907  -20.99140  -53.74462     4668 110.3  2  0  6 15 0 0 1 1 1 0 0 1 0 1 1 0 0 0
2014   2 28  1 40 12 939962  -21.09165  -53.49404     5341  96.2  2  0  6 13 0 0 1 1 1 0 0 1 0 0 1 0 0 1
2014   2 28  1 40 13 207791  -21.00939  -53.47164     3526  86.2  2  0  7 21 0 0 1 0 1 0 0 1 0 1 1 1 0 1
2014   2 28  1 40 13 218289  -21.04066  -53.68512     4103 115.5  2  0  7 20 0 0 1 1 1 0 0 1 0 1 1 0 0 1
2014   2 28  1 40 14 136855  -25.53066  -44.97161     4295  67.0  2  0  6 15 0 0 1 1 1 0 0 0 0 1 1 0 0 1
2014   2 28  1 40 14 219945  -25.55534  -44.94868     4749  72.2  2  0  6 15 0 0 1 1 1 0 0 1 0 0 1 0 0 1
2014   2 28  1 40 14 482777  -25.57098  -44.94425     5238  77.1  2  0  6 13 0 0 1 1 1 0 0 1 0 0 1 0 0 1
2014   2 28  1 40 14 853424  -23.86762  -46.10526     5519 114.0  2  0  6 15 0 0 1 1 1 0 0 1 0 0 1 0 0 1
2014   2 28  1 40 15 460461  -23.89518  -46.13534     4412 110.9  2  0  7 21 0 0 1 1 1 0 0 1 0 1 1 0 0 1
2014   2 28  1 40 16 501212    4.12303  -71.73476     3427   0.7  0  0  5  8 0 0 0 1 1 0 0 1 0 0 1 1 0 0
2014   2 28  1 40 17  42801  -15.23386   24.83301    15645   9.9  0  0  5 10 0 0 1 1 1 0 0 0 0 0 1 0 0 1
2014   2 28  1 40 17 165614    4.24304  -71.85448     8961   7.8  0  0  5  9 0 0 0 1 1 0 0 1 0 0 1 0 0 1
2014   2 28  1 40 17 454535  -17.60111 -137.83342    11664   1.3  0  0  4  6 0 0 0 1 0 0 0 1 0 0 1 1 0 0
2014   2 28  1 40 17 465278  -17.59737 -138.01854    13633  50.5  1  0  6 15 0 0 1 1 1 0 0 1 0 0 1 1 0 0
2014   2 28  1 40 17 476986  -18.81535 -135.02031    10490   3.7  0  0  5 10 0 0 1 1 1 0 0 1 0 0 1 0 0 0
2014   2 28  1 40 17 546838  -13.53780  -52.65073     2629   7.3  0  0  5 10 0 0 0 1 1 0 0 1 0 1 0 0 0 1
2014   2 28  1 40 17 598521   -5.72529  -75.15849     3479  10.8  0  0  5 10 0 0 0 1 1 0 0 1 0 0 1 1 0 0
2014   2 28  1 40 17 800493  -13.94924  -51.62419     2366  10.8  0  0  7 21 0 0 1 1 1 0 0 1 0 1 1 0 0 1
2014   2 28  1 40 17 864222  -13.90082  -51.61955     2682   8.0  0  0  5 10 0 0 0 1 1 0 0 1 0 0 1 0 0 1
2014   2 28  1 40 17 871184  -13.49965  -52.63237     2748   8.6  0  0  5 10 0 0 0 1 1 0 0 1 0 0 1 0 0 1
2014   2 28  1 40 17 903345   -5.70875  -75.16387     4093   9.3  0  0  4  6 0 0 0 1 0 0 0 1 0 0 1 1 0 0
2014   2 28  1 40 17 936337  -23.96512 -135.40869    11760  11.7  0  0  4  6 0 0 1 1 0 0 0 0 0 0 1 1 0 0
2014   2 28  1 40 17 985797  -13.49723  -52.63608     2781   9.7  0  0  5 10 0 0 0 1 1 0 0 1 0 0 1 0 0 1
2014   2 28  1 40 18 101583  -15.87160  -49.86804     2715   7.8  0  0  5  9 0 0 1 1 0 0 0 1 0 0 1 0 0 1
2014   2 28  1 40 18 242645  -13.51841  -52.62234     4553  10.8  0  0  5  7 0 0 0 1 1 0 0 0 0 1 1 0 0 1
2014   2 28  1 40 18 319009  -13.38227  -53.07961     3792  10.4  0  0  4  6 0 0 0 0 0 0 0 1 0 1 1 1 0 0
2014   2 28  1 40 18 344786  -25.84319  -44.44062     2736   3.9  0  0  5 10 0 0 1 1 1 0 0 0 0 0 1 0 0 1
2014   2 28  1 40 18 348449  -13.48889  -52.58277     3322   7.6  0  0  4  6 0 0 1 0 0 0 0 1 0 0 1 0 0 1
2014   2 28  1 40 18 667720  -25.84291  -44.44259     2740   6.5  0  0  5 10 0 0 1 1 0 0 0 0 0 1 1 0 0 1
2014   2 28  1 40 18 758482  -25.82486  -44.40102     3145  11.6  0  0  5 10 0 0 1 1 0 0 0 1 0 0 1 0 0 1
2014   2 28  1 40 19  54934  -25.77448  -44.50783     2676  12.7  0  0  6 15 0 0 1 1 1 0 0 1 0 0 1 0 0 1
2014   2 28  1 40 19 448509  -32.86394  -42.45315     3893   4.6  0  0  5 10 0 0 0 1 1 0 0 0 0 1 1 0 0 1
2014   2 28  1 40 20  93896   -7.46453  -73.78730     4891  18.9  0  0  4  6 0 0 0 1 0 0 0 1 0 0 1 1 0 0
2014   2 28  1 40 20 239185   -7.49148  -73.82601     5002  20.2  1  0  4  6 0 0 0 1 0 0 0 1 0 0 1 1 0 0
2014   2 28  1 40 21 478987  -15.79367  -48.98765     2831  13.7  0  0  5  9 0 0 0 1 1 0 0 1 0 0 1 0 0 1
2014   2 28  1 40 22 405726   -4.57984  -74.64589     4013  30.7  1  0  5 10 0 0 1 1 0 0 0 1 0 0 1 1 0 0
2014   2 28  1 40 22 416062   -4.60638  -74.77863     6067  28.0  1  0  4  6 0 0 0 1 0 0 0 1 0 0 1 1 0 0
2014   2 28  1 40 22 549399  -17.30533  176.74243    18384  43.5  1  0  5 10 0 0 0 1 1 0 0 1 0 0 1 1 0 0
2014   2 28  1 40 22 771518    4.11402  -71.64552     4462  41.9  1  0  6 14 0 0 1 1 0 0 0 1 0 0 1 1 0 1
2014   2 28  1 40 23 368789  -21.39824  -52.42895     3143  64.4  1  0  7 21 0 0 1 1 1 0 0 1 0 1 1 0 0 1
2014   2 28  1 40 23 436489   -6.08156  -51.12015     3559  15.9  0  0  4  6 0 0 0 1 0 0 0 0 0 0 1 1 0 1
2014   2 28  1 40 23 526186  -21.45890  -52.31271     4418  58.2  2  0  5 10 0 0 0 1 1 0 0 1 0 0 1 0 0 1
2014   2 28  1 40 23 665390    0.74719  -72.71028     6637  55.4  2  0  5 10 0 0 0 1 1 0 0 1 0 0 1 1 0 0
2014   2 28  1 40 23 841410    5.38921  141.78160    10218  67.7  2  0  5 10 0 0 0 1 0 0 0 1 0 0 1 1 0 1
2014   2 28  1 40 23 854318  -30.65281 -135.16948    12342  50.1  1  0  7 21 0 0 1 0 1 0 0 1 0 1 1 1 0 1
2014   2 28  1 40 24  95861    9.37513  -74.01405     5881  56.0  1  0  7 20 0 0 1 0 1 0 0 1 0 1 1 1 0 1
2014   2 28  1 40 24 346984    9.56076  -74.73425     8598  60.5  2  0  6 14 0 0 0 1 1 0 0 1 0 0 1 1 0 1
2014   2 28  1 40 24 415322  -13.38524  -51.96862     3196  52.6  1  0  7 20 0 0 0 0 1 0 0 1 0 1 1 1 1 1
2014   2 28  1 40 24 534377  -13.28882  -51.95687     3486  68.8  1  0  7 21 0 0 1 1 1 0 0 0 0 1 1 1 0 1
2014   2 28  1 40 24 682868  -13.41593  -51.79903     4084  60.3  2  0  6 15 0 0 1 1 1 0 0 1 0 0 1 0 0 1
2014   2 28  1 40 24 785276  -13.38871  -51.99220     3307  58.9  1  0  7 20 0 0 0 1 1 0 0 1 0 1 1 1 0 1
2014   2 28  1 40 25  14557  -13.36887  -51.64397     3334  35.0  0  0  6 15 0 0 1 0 1 0 0 1 0 0 1 1 0 1
2014   2 28  1 40 25 103054  -13.36985  -51.97910     3493  70.7  2  0  7 21 0 0 1 1 1 0 0 1 0 1 0 1 0 1
2014   2 28  1 40 25 142711  -13.42611  -51.70939     4168  57.8  1  0  6 15 0 0 1 0 1 0 0 1 0 1 1 0 0 1
2014   2 28  1 40 25 806494  -22.40341  -48.79543     4881  77.4  2  0  5 10 0 0 1 0 1 0 0 1 0 1 1 0 0 0
2014   2 28  1 40 26 373498  -15.95518  -49.98500     5256  68.0  2  0  5 10 0 0 0 1 1 0 0 1 0 0 1 0 0 1
2014   2 28  1 40 26 751141  -14.15613 -179.95956    18558  75.5  2  0  6 15 0 0 1 1 1 0 0 1 0 0 1 1 0 0
2014   2 28  1 40 27  19167  -15.81542  -49.88059     5577  74.8  2  0  5 10 0 0 0 1 1 0 0 1 0 0 1 0 0 1
2014   2 28  1 40 27 476371   -5.13501  -42.25594     4332 101.2  2  0  7 18 0 0 0 1 0 0 0 1 0 1 1 1 1 1
2014   2 28  1 40 28 307679  -19.40152  -51.13791     3570  16.4  0  0  4  6 0 0 1 1 0 0 0 0 0 1 1 0 0 0
2014   2 28  1 40 28 901702   -4.15211  -62.95038     5361  79.2  2  0  6 15 0 0 0 0 1 0 0 1 0 1 1 1 0 1
2014   2 28  1 40 29 530739   32.08829 -178.79895    21198  87.9  2  0  6 15 0 0 1 1 1 0 0 1 0 0 1 0 0 1
2014   2 28  1 40 29 862862  -19.75871  -48.71945     4766  94.4  2  0  6 12 0 0 0 1 1 0 0 1 0 1 1 0 0 1
2014   2 28  1 40 30 512449  -25.56485  -45.18841     5365 102.2  2  0  6 15 0 0 1 1 0 0 0 0 0 1 1 1 0 1
2014   2 28  1 40 30 594519  -25.65534  -44.95452     4251  55.9  1  0  6 14 0 0 1 1 1 0 0 1 0 0 1 0 0 1
2014   2 28  1 40 30 614481  -23.99145  -50.74811     2761   1.2  0  0  4  6 0 0 1 1 0 0 0 0 0 1 1 0 0 0
2014   2 28  1 40 30 701141  -25.50419  -45.09993     4664  48.8  1  0  5  9 0 0 0 1 1 0 0 1 0 0 1 0 0 1
2014   2 28  1 40 30 792361  -24.00925  -50.74491     2764   1.6  0  0  4  6 0 0 1 1 0 0 0 0 0 1 1 0 0 0
2014   2 28  1 40 31 289454  -23.52251  -47.64970     6501  44.5  1  0  5  7 0 0 1 1 0 0 0 1 0 0 1 0 0 1
2014   2 28  1 40 31 818985   -7.51475  -73.83686     6894 150.3  2  0  7 21 0 0 1 1 0 0 0 1 0 1 1 1 0 1
2014   2 28  1 40 32 193806  -24.40289  -45.74538     9837  35.3  1  0  5  9 0 0 0 1 1 0 0 1 0 0 0 1 0 1
2014   2 28  1 40 32 824415  -24.41017  -50.38449     2510  12.1  0  0  6 12 0 0 1 1 0 0 0 1 0 1 1 0 0 1
2014   2 28  1 40 32 936750  -15.74258  -49.78661     2780   7.7  0  0  4  6 0 0 0 1 0 0 0 1 0 1 0 0 0 1
2014   2 28  1 40 33 142088  -15.71148  -49.79289     2562  17.7  0  0  6 15 0 0 1 1 0 0 0 1 0 1 1 1 0 0
2014   2 28  1 40 33 501992   -5.11303  -41.39572     2682  10.5  0  0  6 12 0 0 1 1 1 0 0 0 0 0 1 1 1 0
2014   2 28  1 40 34 100083  -23.61698  -50.24335     3378   8.2  0  0  4  6 0 0 1 0 0 0 0 1 0 1 1 0 0 0
2014   2 28  1 40 34 412180    5.33735  -76.54752    10421  12.8  0  0  5 10 0 0 0 1 1 0 0 1 0 0 1 0 0 1
2014   2 28  1 40 34 717963  -28.38513   18.97804    15761   6.6  0  0  4  6 0 0 1 1 0 0 0 0 0 0 1 0 0 1
2014   2 28  1 40 34 862581   -4.54868  -74.05061     3869  19.0  0  0  5 10 0 0 0 1 1 0 0 1 0 0 1 1 0 0
2014   2 28  1 40 34 944760    4.19993  -72.14948     5174  20.2  0  0  5  7 0 0 0 1 1 0 0 1 0 0 1 1 0 0
2014   2 28  1 40 35  49766    4.07980  -71.95992     4263  17.0  0  0  5  7 0 0 0 1 0 0 0 1 0 0 1 1 0 1
2014   2 28  1 40 35 123862  -10.55935  -75.05852     4142  16.8  0  0  5 10 0 0 1 0 1 0 0 1 0 1 0 0 0 1
2014   2 28  1 40 35 189960    4.09093  -71.99520     3778  20.4  0  0  6 14 0 0 0 1 1 0 0 1 0 0 1 1 0 1
2014   2 28  1 40 35 278917    4.06405  -72.07150     3731  26.5  0  0  7 20 0 0 0 1 1 0 0 1 0 1 1 1 0 1
2014   2 28  1 40 35 358160  -19.57079  -50.78687     3075  31.5  0  0  6 12 0 0 1 1 1 0 0 1 0 1 0 0 0 1
2014   2 28  1 40 35 422734    4.10690  -72.07882     6652  26.0  0  0  5  7 0 0 0 1 1 0 0 0 0 0 1 1 0 1
2014   2 28  1 40 35 465233  -19.59143  -50.77453     2628  28.6  0  0  7 19 0 0 1 1 1 0 0 1 0 1 1 0 0 1
2014   2 28  1 40 35 483454    4.10592  -72.02522     4379  20.4  0  0  5  8 0 0 0 1 0 0 0 1 0 0 1 1 0 1
2014   2 28  1 40 35 541465  -19.61809  -50.79609     2731  25.1  0  0  6 14 0 0 0 1 1 0 0 1 0 1 1 0 0 1
2014   2 28  1 40 35 579788  -19.60389  -50.71867     2651  15.4  0  0  6 13 0 0 1 1 1 0 0 1 0 0 1 0 0 1
2014   2 28  1 40 35 594959    4.12465  -72.06813     5064  24.5  0  0  5  7 0 0 0 1 1 0 0 1 0 0 1 1 0 0
2014   2 28  1 40 35 676673    4.10687  -72.04687     4701  24.4  0  0  5  8 0 0 0 1 1 0 0 1 0 0 1 1 0 0
2014   2 28  1 40 35 733097  -19.61399  -50.80289     2729  25.7  0  0  6 14 0 0 0 1 1 0 0 1 0 1 1 0 0 1
2014   2 28  1 40 36 126935  -23.68678  -47.14794     5906  58.1  1  0  6 11 0 0 1 1 1 0 0 1 0 0 1 0 0 1
2014   2 28  1 40 36 629300  -23.50799  -47.36866     3625  51.2  1  0  6 14 0 0 1 1 1 0 0 0 0 1 1 0 0 1
2014   2 28  1 40 36 700888  -23.52790  -47.31898     3189  42.9  1  0  6 15 0 0 1 0 1 0 0 1 0 1 1 0 0 1
2014   2 28  1 40 36 809126   -4.24352  -53.33321     4594 110.0  2  0  7 21 0 0 0 1 1 0 0 1 0 0 1 1 1 1
2014   2 28  1 40 37 420508  -25.74836  -44.63484     3207  20.8  0  0  5 10 0 0 1 1 0 0 0 0 0 1 1 0 0 1
2014   2 28  1 40 37 435918  -25.79877  -44.57380     3062  26.9  0  0  6 15 0 0 1 1 1 0 0 1 0 0 1 0 0 1
2014   2 28  1 40 37 514015   -8.80900  -56.59591     4299  44.4  1  0  5 10 0 0 0 1 0 0 0 0 0 1 1 1 0 1
2014   2 28  1 40 37 992041  -15.97045  -49.95347     4378  40.4  1  0  5 10 0 0 0 1 1 0 0 0 0 1 1 0 0 1
2014   2 28  1 40 38  98282  -15.92276  -49.91913     3872  37.6  1  0  5 10 0 0 0 1 1 0 0 1 0 0 1 0 0 1
2014   2 28  1 40 38 191244  -15.92146  -49.85824     3301  39.4  0  0  6 15 0 0 1 1 1 0 0 1 0 0 1 0 0 1
2014   2 28  1 40 39 119317  -19.32580  -51.29962     3656  62.5  1  0  7 18 0 0 1 1 1 0 0 1 0 1 1 0 0 1
2014   2 28  1 40 40 483781    4.40101  -72.28808     7241  63.9  2  0  6 11 0 0 1 1 1 0 0 1 0 0 1 1 0 0
2014   2 28  1 40 40 749311  -17.41411  -51.51530     3402  69.1  1  0  7 21 0 0 1 1 1 0 0 1 0 1 1 0 0 1
2014   2 28  1 40 41  67167  -22.39772  -48.96918     4644  90.1  2  0  6 14 0 0 1 1 1 0 0 0 0 1 1 0 0 1
2014   2 28  1 40 41 102476  -22.27416  -49.16375     2834   3.0  0  0  4  6 0 0 1 1 0 0 0 0 0 1 1 0 0 0
2014   2 28  1 40 41 184039  -22.55063  -48.70472     4475  66.7  2  0  6 12 0 0 1 1 1 0 0 1 0 0 1 0 0 1
2014   2 28  1 40 41 315527   -7.85460  -60.27267     7325  75.9  2  0  5 10 0 0 0 1 1 0 0 0 0 0 1 1 0 1
2014   2 28  1 40 41 757315  -15.74429  -49.99394     4781  70.6  2  0  6 12 0 0 0 1 1 0 0 0 0 1 1 1 0 1
2014   2 28  1 40 42 294388    0.61480  -72.77500     6875  74.0  2  0  6 15 0 0 0 1 1 0 0 1 0 0 1 1 0 1
2014   2 28  1 40 42 485462    0.12632  -71.91084     6372  86.7  2  0  6 15 0 0 1 0 1 0 0 1 0 1 1 1 0 0
2014   2 28  1 40 42 542293    0.03858  -73.14396     8030  63.0  2  0  6 15 0 0 0 1 1 0 0 1 0 1 0 1 0 1
2014   2 28  1 40 42 598553  -23.57948 -138.84779    17267  75.9  2  0  7 20 0 0 1 0 1 0 0 1 0 1 1 1 0 1
2014   2 28  1 40 42 722963  -23.57168 -140.51666    27241  97.4  2  0  6 14 0 0 1 0 1 0 0 1 0 0 1 1 0 1
2014   2 28  1 40 43 270950    0.41944  -72.22058     7116  93.8  2  0  6 15 0 0 1 1 1 0 0 0 0 0 1 1 0 1
2014   2 28  1 40 43 283400    0.21752  -72.21455     5179  87.8  2  0  7 20 0 0 1 1 1 0 0 1 0 0 1 1 0 1
2014   2 28  1 40 43 302044    0.24032  -72.19523     5014  87.6  2  0  7 21 0 0 1 1 1 0 0 1 0 0 1 1 0 1
2014   2 28  1 40 43 531732  -15.82345  -49.92614     4195  90.4  2  0  7 20 0 0 1 0 1 0 0 1 0 1 1 1 0 1
2014   2 28  1 40 43 736422  -15.71872  -50.02095     4431  86.9  2  0  6 15 0 0 1 1 1 0 0 1 0 1 1 0 0 0
2014   2 28  1 40 43 851145    3.11137  -72.89305    24889  62.7  2  0  5 10 0 0 1 1 1 0 0 0 0 0 1 0 0 1
2014   2 28  1 40 43 979311  -21.78969  -51.87317     3004  12.4  0  0  5  7 0 0 1 0 1 0 0 1 0 0 1 0 0 1
2014   2 28  1 40 44 234667  -13.05699  -51.98283     5208 100.4  2  0  6 15 0 0 1 1 1 0 0 1 0 1 1 0 0 0
2014   2 28  1 40 44 239184   10.65248  -74.58298    12562 105.8  2  0  7 20 0 0 0 1 1 0 0 1 0 1 1 1 0 1
2014   2 28  1 40 44 429875  -24.68135  -50.10139     5261  91.0  2  0  6 13 0 0 1 1 0 0 0 1 0 0 1 1 0 1
2014   2 28  1 40 44 640155  -25.74342  -44.92100     3470  57.0  1  0  7 21 0 0 1 1 1 0 0 1 0 1 1 0 0 1
2014   2 28  1 40 45 568170  -23.87507  -46.08536     5169 100.8  2  0  6 15 0 0 1 1 1 0 0 1 0 0 1 0 0 1
2014   2 28  1 40 46 337489  -20.96794  -54.01485     2751   4.4  0  0  4  6 0 0 0 1 0 0 0 1 0 1 1 0 0 0
2014   2 28  1 40 46 651171   39.00284 -137.04007    20972   2.1  0  0  4  6 0 0 1 1 0 0 0 1 0 0 0 1 0 0
2014   2 28  1 40 47 111015    4.17679  -72.68107    10902 116.2  2  0  6 14 0 0 0 1 1 0 0 1 0 0 1 1 0 1
2014   2 28  1 40 47 614091    4.18412  -72.21609     7804 149.2  2  0  7 20 0 0 1 1 0 0 0 1 0 1 1 1 0 1
2014   2 28  1 40 47 765400   -3.54193  -65.79031    33851  64.9  2  0  5 10 0 0 0 1 1 0 0 0 0 1 1 0 0 1
2014   2 28  1 40 48 266375  -13.59967  158.32144    13756  33.1  1  0  4  6 0 0 0 1 0 0 0 1 0 0 1 1 0 0
2014   2 28  1 40 48 332990  -25.88535  -44.34103     2724  12.2  0  0  6 15 0 0 1 1 1 0 0 1 0 0 1 0 0 1
2014   2 28  1 40 48 502878  -25.86864  -44.45731     3395   9.1  0  0  5 10 0 0 1 0 1 0 0 1 0 0 1 0 0 1
2014   2 28  1 40 48 639226  -13.91289  -43.86021     2462  12.1  0  0  6 15 0 0 1 1 1 0 0 1 0 0 1 0 0 1
2014   2 28  1 40 48 666517   -7.69940  -39.61723    11437  86.9  2  0  6 15 0 0 1 0 1 0 0 0 0 1 1 1 0 1
2014   2 28  1 40 48 813466   35.62309 -104.90051     7264  11.5  0  0  7 21 0 0 1 1 1 0 0 1 0 1 1 0 0 1
2014   2 28  1 40 48 847650   34.06707 -172.57791     6040  11.3  0  0  6 15 0 0 1 1 1 0 0 1 0 0 0 1 0 1
2014   2 28  1 40 48 939523   14.33757  149.16696     7002  17.6  0  0  5 10 0 0 1 0 1 0 0 1 0 0 1 0 0 1
2014   2 28  1 40 49 184878  -12.52923  -74.22174     3457  10.8  0  0  4  6 0 0 1 1 0 0 0 1 0 0 0 1 0 0
2014   2 28  1 40 49 224899  -12.63990  -74.07558     3504   7.8  0  0  5 10 0 0 1 1 0 0 0 1 0 0 1 0 0 1
2014   2 28  1 40 49 411342    0.52607  -71.89039     3715   2.5  0  0  4  6 0 0 0 0 0 0 0 1 0 0 1 1 0 1
2014   2 28  1 40 49 434115  -10.45307  -75.50204     2870  15.4  0  0  6 15 0 0 1 1 0 0 0 1 0 0 1 1 0 1
2014   2 28  1 40 49 531128    5.45243  -76.61909     3414   5.8  0  0  6 13 0 0 0 1 1 0 0 1 0 0 1 1 0 1
2014   2 28  1 40 49 606896  -17.92033  178.33672    13542  26.3  0  0  5 10 0 0 1 1 0 0 0 1 0 0 1 1 0 0
2014   2 28  1 40 49 709924    0.53136  -71.89025     2845   5.6  0  0  6 15 0 0 0 1 1 0 0 1 0 0 1 1 0 1
2014   2 28  1 40 49 732035    0.51385  -71.88672     2863   6.4  0  0  6 15 0 0 0 1 1 0 0 1 0 0 1 1 0 1
2014   2 28  1 40 49 817108    3.65086  -68.75852     2861  17.1  0  0  7 21 0 0 0 1 1 0 0 1 0 1 1 1 1 0
2014   2 28  1 40 50  17124  -15.88254  -49.85859     2855   5.8  0  0  4  6 0 0 0 1 0 0 0 1 0 0 1 0 0 1
2014   2 28  1 40 51 595237  -19.47285   65.25249    16926  15.7  0  0  5 10 0 0 1 1 1 0 0 0 0 0 1 0 0 1
2014   2 28  1 40 52 217847   -5.35908  -73.94210     4576  37.9  0  0  6 15 0 0 0 1 1 0 0 1 0 1 1 1 0 0
2014   2 28  1 40 52 273286  -25.69121  -44.54615     3141  18.3  0  0  6 12 0 0 1 1 1 0 0 1 0 0 1 0 0 1
2014   2 28  1 40 52 414301  -25.78174  -44.65773     3720  20.5  0  0  5  8 0 0 0 1 1 0 0 1 0 0 1 0 0 1
2014   2 28  1 40 52 923584  -15.77784  -49.85146     2766  40.2  0  0  7 21 0 0 1 1 1 0 0 1 0 1 0 1 0 1
2014   2 28  1 40 53 149512   -4.41971  -74.01320     4492  15.1  0  0  4  6 0 0 0 1 0 0 0 1 0 0 1 1 0 0
2014   2 28  1 40 53 206552   -4.44076  -73.79048     3758  50.6  1  0  7 21 0 0 1 1 0 0 0 1 0 1 1 1 0 1
2014   2 28  1 40 53 239558   -4.44074  -74.00359     4214  24.0  0  0  5 10 0 0 0 1 0 0 0 1 0 0 1 1 0 1
2014   2 28  1 40 54 887467  -22.41919  -48.80298     4327  62.3  2  0  5 10 0 0 1 0 1 0 0 1 0 1 1 0 0 0
2014   2 28  1 40 54 956717  -22.53852  -48.72107     3840  47.9  1  0  6 11 0 0 1 1 1 0 0 1 0 0 1 0 0 1
2014   2 28  1 40 55  99668  -25.68207  -44.64896     3537  24.8  0  0  5 10 0 0 0 1 1 0 0 1 0 0 1 0 0 1
2014   2 28  1 40 55 531382  -25.73674  -44.62804     3171  27.3  0  0  6 14 0 0 1 1 1 0 0 1 0 0 1 0 0 1
2014   2 28  1 40 55 719890  -15.99968  -49.90881     4702  57.9  1  0  6 15 0 0 1 1 1 0 0 0 0 1 1 0 0 1
2014   2 28  1 40 55 825242  -24.03406  -45.90935     3714  51.9  1  0  6 15 0 0 1 1 1 0 0 1 0 0 1 0 0 1
2014   2 28  1 40 55 833950  -22.52736  -46.38327     3398  48.6  1  0  6 15 0 0 1 1 1 0 0 1 0 0 1 0 0 1
2014   2 28  1 40 56 118807  -22.45660  -46.64309     4121  55.8  2  0  5 10 0 0 0 1 1 0 0 1 0 1 1 0 0 0
2014   2 28  1 40 56 174782  -10.32149  -69.84491    17561  30.3  1  0  5 10 0 0 0 1 1 0 0 0 0 1 1 0 0 1
2014   2 28  1 40 56 334761   -6.03728  -58.36430     3824  54.1  1  0  6 15 0 0 0 1 1 0 0 1 0 0 1 1 0 1
2014   2 28  1 40 56 603094  -12.45875  -57.48711     4752  47.2  1  0  5 10 0 0 1 0 1 0 0 1 0 1 0 0 0 1
2014   2 28  1 40 58 517201   10.47833  -45.43913     8041  13.9  0  0  4  6 0 0 1 0 0 0 0 0 0 0 1 1 0 1
2014   2 28  1 40 58 645201  -23.99003  -46.04425     3590  71.3  2  0  7 21 0 0 1 1 1 0 0 1 0 1 1 0 0 1
2014   2 28  1 40 58 778486  -23.88362  -45.99403     3014   2.0  0  0  4  6 0 0 1 0 0 0 0 0 0 1 0 1 0 1
2014   2 28  1 40 58 879113  -23.99815  -46.01500     4196  67.2  2  0  6 14 0 0 1 1 1 0 0 1 0 0 1 0 0 1
2014   2 28  1 40 58 914389  -24.01238  -46.05124     4223  77.8  2  0  6 15 0 0 1 1 1 0 0 1 0 1 0 0 0 1
2014   2 28  1 40 59  96275  -13.03906  -57.44162     5526 144.2  2  0  7 19 0 0 1 1 1 0 0 1 0 0 0 1 1 1
2014   2 28  1 40 59 101181   -4.73199  -74.53439     9504  81.0  2  0  6 15 0 0 1 1 1 0 0 1 0 0 1 0 0 1
2014   2 28  1 40 59 225213  -23.83715  -46.03904     4056  67.4  2  0  6 15 0 0 1 0 1 0 0 1 0 1 1 0 0 1
2014   2 28  1 41  0 146808   -5.18095  -53.88039     5249  58.0  2  0  5  9 0 0 0 1 1 0 0 1 0 0 0 1 0 1
2014   2 28  1 41  0 313134  -13.40757  -51.92546     6765  86.9  2  0  5 10 0 0 0 1 1 0 0 1 0 0 1 0 0 1
2014   2 28  1 41  0 682183  -22.18206  -48.97924     4912  79.8  2  0  6 12 0 0 1 1 1 0 0 1 0 0 1 0 0 1
2014   2 28  1 41  1 461343  -25.66597  -44.87949     4155  57.0  1  0  6 15 0 0 1 1 1 0 0 1 0 0 1 0 0 1
2014   2 28  1 41  1 933944    4.27486  -71.94744     8493 137.4  2  0  7 21 0 0 1 1 1 0 0 0 0 1 1 1 0 1
2014   2 28  1 41  2 433336   -4.63900  -74.34189     5974 105.8  2  0  7 21 0 0 1 0 1 0 0 1 0 1 1 1 0 1
2014   2 28  1 41  2 704899  -25.73202  -44.89751     5977 102.1  2  0  7 19 0 0 1 1 1 0 0 1 0 0 1 1 0 1
2014   2 28  1 41  2 729995  -25.62788  -45.06369     4034  58.8  1  0  6 15 0 0 1 1 1 0 0 0 0 1 1 0 0 1
2014   2 28  1 41  2 745874  -25.69355  -44.97795     4410  63.3  2  0  6 15 0 0 1 1 1 0 0 1 0 0 1 0 0 1
2014   2 28  1 41  3 576820  -16.45592  -49.59267     6462  50.5  2  0  5  7 0 0 0 1 1 0 0 0 0 0 1 1 0 1
2014   2 28  1 41  4 351969   -6.31979  -77.72813     6701  94.3  2  0  6 14 0 0 1 1 0 0 0 1 0 0 0 1 1 1
2014   2 28  1 41  4 552876   -6.28961  -77.50836     3084   9.9  0  0  5 10 0 0 1 1 0 0 0 1 0 0 1 1 0 0
2014   2 28  1 41  5 569501  -15.71150  -49.74961     2534   2.5  0  0  5 10 0 0 0 1 1 0 0 1 0 0 1 0 0 1
2014   2 28  1 41  5 787583  -24.51066  -45.49543     4065  22.4  0  0  5  7 0 0 0 1 1 0 0 1 0 0 1 0 0 1
2014   2 28  1 41  5 943493  -25.87607  -44.41803     3999  18.7  0  0  5 10 0 0 0 0 1 0 0 1 0 1 1 0 0 1
2014   2 28  1 41  5 957510  -25.98269  -44.25239     3430   2.6  0  0  4  6 0 0 1 1 0 0 0 1 0 0 1 0 0 0
2014   2 28  1 41  5 986767  -25.91226  -44.34345     3063   9.6  0  0  5  8 0 0 1 1 1 0 0 0 0 0 1 0 0 1
2014   2 28  1 41  6 361958  -25.91151  -44.35500     2908  21.2  0  0  6 15 0 0 1 1 1 0 0 1 0 0 1 0 0 1
2014   2 28  1 41  6 531188  -13.50220  -52.61772     2772   5.2  0  0  5 10 0 0 1 0 1 0 0 1 0 0 1 0 0 1
2014   2 28  1 41  6 613048  -23.89878  -45.90967     2602  24.3  0  0  7 21 0 0 1 1 1 0 0 1 0 1 1 0 0 1
2014   2 28  1 41  7 632793  -18.40125   66.41728    16525  29.9  0  0  5 10 0 0 1 1 0 0 0 1 0 1 0 0 0 1
2014   2 28  1 41  7 716625  -17.95302   67.10364    12155  18.9  0  0  5 10 0 0 1 1 0 0 0 1 0 0 1 0 0 1
2014   2 28  1 41  8 342889  -12.33693  -73.05933     4278  38.9  0  0  7 21 0 0 0 1 1 0 0 1 0 1 1 1 0 1
2014   2 28  1 41  8 639911  -14.59418  173.55035    45829  31.5  1  0  5 10 0 0 1 1 1 0 0 1 0 0 0 0 0 1
2014   2 28  1 41  8 684574  -12.98138  171.94229    17918  33.3  0  0  6 15 0 0 1 1 1 0 0 0 0 0 1 1 0 1
2014   2 28  1 41  8 850690  -17.62886  -51.04231     2611  29.1  0  0  7 21 0 0 1 1 1 0 0 1 0 1 1 0 0 1
2014   2 28  1 41  8 872200    3.72088  -71.69514     6077  28.5  0  0  6 15 0 0 1 1 1 0 0 1 0 0 1 0 0 1
2014   2 28  1 41  8 985637  -12.36691  169.40692     9491   6.3  0  0  4  6 0 0 0 1 0 0 0 1 0 0 1 1 0 0
2014   2 28  1 41  9 562710  -26.77436 -135.09679    11772  42.3  1  0  6 15 0 0 1 1 1 0 0 1 0 0 0 1 0 1
2014   2 28  1 41 10  69282   -5.61482  -74.95351     4789  61.9  2  0  6 15 0 0 1 1 1 0 0 1 0 1 0 1 0 0
2014   2 28  1 41 10 157765   -5.65008  -75.03867     5865  43.9  1  0  6 15 0 0 0 0 1 0 0 1 0 1 1 1 0 1
2014   2 28  1 41 10 192073  -12.22878  169.17265     8943   0.2  0  0  4  6 0 0 0 1 0 0 0 1 0 0 1 1 0 0
2014   2 28  1 41 10 339575   -5.57016  -75.00781     4116  45.8  1  0  6 15 0 0 1 1 1 0 0 1 0 0 1 1 0 0
2014   2 28  1 41 10 374717   -5.55348  -75.20924     4637  15.0  0  0  4  6 0 0 0 1 0 0 0 1 0 0 1 1 0 0
2014   2 28  1 41 11  99871    4.20996  -72.05286     7630  44.1  1  0  5  7 0 0 0 0 1 0 0 1 0 0 1 1 0 1
2014   2 28  1 41 11 196496    4.32304  -71.93421     5372  65.5  1  0  7 19 0 0 1 1 1 0 0 0 0 1 1 1 0 1
2014   2 28  1 41 11 966351  -12.33283  -73.21317     7365  51.0  2  0  5 10 0 0 1 1 0 0 0 1 0 0 1 0 0 1
2014   2 28  1 41 12 115788    4.21114  -72.15588     6363  56.8  1  0  6 14 0 0 0 1 1 0 0 1 0 0 1 1 0 1
2014   2 28  1 41 12 263458  -20.96495   47.50859    17711  65.0  1  0  7 21 0 0 1 1 1 0 0 1 0 1 1 0 0 1
2014   2 28  1 41 12 441163    4.19355  -72.19325     6601  59.8  1  0  6 14 0 0 0 1 1 0 0 1 0 0 1 1 0 1
2014   2 28  1 41 12 974224  -23.93027  -45.99696     5462  73.8  2  0  5 10 0 0 0 1 1 0 0 1 0 0 1 0 0 1
2014   2 28  1 41 13  98256  -23.95115  -45.98163     4208  68.0  2  0  6 15 0 0 1 1 1 0 0 1 0 0 1 0 0 1
2014   2 28  1 41 13 127918  -13.19478  158.06801     6768  13.4  0  0  5 10 0 0 1 1 0 0 0 1 0 0 1 1 0 0
2014   2 28  1 41 13 370403  -24.52144  -50.25531     4902  70.5  2  0  6 11 0 0 1 1 1 0 0 1 0 0 1 0 0 1
2014   2 28  1 41 13 516679  -25.73549  -44.72444     3172  45.5  0  0  7 21 0 0 1 1 1 0 0 1 0 1 1 0 0 1
2014   2 28  1 41 13 622758  -25.66493  -44.62629     5117  69.0  2  0  6 15 0 0 0 1 1 0 0 1 0 0 1 0 1 1
2014   2 28  1 41 13 670126  -25.61711  -44.72075     4974  60.5  2  0  6 15 0 0 1 0 0 0 0 1 0 1 1 1 0 1
2014   2 28  1 41 13 681756  -25.67890  -44.67542     5760  53.4  2  0  5 10 0 0 1 1 0 0 0 1 0 0 1 0 0 1
2014   2 28  1 41 13 866625  -25.74898  -44.69314     3849  48.9  1  0  6 15 0 0 1 1 1 0 0 1 0 0 1 0 0 1
2014   2 28  1 41 13 947635  -25.74953  -44.76518     4344  44.0  1  0  5 10 0 0 1 1 0 0 0 1 0 1 1 0 0 0
2014   2 28  1 41 14  65303    2.03547   -5.14851    11377  35.4  0  0  6 12 0 0 1 0 1 0 0 1 0 0 1 1 0 1
2014   2 28  1 41 15  15880  -15.96076  -49.88670     4179  69.2  2  0  6 15 0 0 1 1 1 0 0 1 0 0 1 0 0 1
2014   2 28  1 41 15  45577  -15.93320  -49.62386     3389  23.1  0  0  5 10 0 0 1 0 1 0 0 1 0 0 1 0 0 1
2014   2 28  1 41 15 945962  -30.40425 -141.84465    49143  82.4  2  0  5 10 0 0 0 1 1 0 0 1 0 0 0 1 0 1
2014   2 28  1 41 15 958663   -5.55788  -66.64700     4396  40.0  0  0  6 15 0 0 0 1 1 0 0 0 0 1 1 1 0 1
2014   2 28  1 41 16  79987    0.22864  -72.57158     7566  86.5  2  0  6 15 0 0 0 1 1 0 0 1 0 0 1 1 0 1
2014   2 28  1 41 16 639745    6.16120  -74.95879     8644  86.4  2  0  6 12 0 0 1 1 0 0 0 1 0 0 1 1 0 1
2014   2 28  1 41 16 812051  -22.61268  -48.66278     4992  88.4  2  0  6 12 0 0 1 1 1 0 0 1 0 0 1 0 0 1
2014   2 28  1 41 19 530611  -15.90778  -49.84856     5156 100.9  2  0  6 15 0 0 1 1 1 0 0 1 0 0 1 0 0 1
2014   2 28  1 41 20  60143  -25.98030  -44.25235     6042  17.4  0  0  5  8 0 0 0 1 1 0 0 1 0 1 0 0 0 1
2014   2 28  1 41 20 628408    0.54515  -71.72323     2701   4.4  0  0  6 15 0 0 1 1 1 0 0 0 0 1 1 1 0 0
2014   2 28  1 41 20 688913    0.53855  -71.81887     3358  12.3  0  0  6 15 0 0 0 1 1 0 0 1 0 1 0 1 0 1
2014   2 28  1 41 21  86858   -4.73736  -53.61164     3397   9.6  0  0  5  9 0 0 0 1 1 0 0 1 0 0 1 0 0 1
2014   2 28  1 41 21 420714  -17.34804 -137.62622     5349   5.5  0  0  6 15 0 0 1 1 1 0 0 0 0 0 1 1 0 1
2014   2 28  1 41 22 403614    7.04762  -73.37670     4971  15.3  0  0  5  7 0 0 0 0 1 0 0 1 0 0 1 1 0 1
2014   2 28  1 41 22 467761    4.11044  -71.76056     3675   7.7  0  0  5  8 0 0 0 1 0 0 0 1 0 0 1 1 0 1
2014   2 28  1 41 23 100361  -25.85790  -44.42237     2962  21.5  0  0  6 15 0 0 1 1 1 0 0 1 0 0 1 0 0 1
2014   2 28  1 41 23 175633  -15.75745  -72.32091     2968  30.3  0  0  7 21 0 0 1 1 0 0 0 1 0 1 1 1 0 1
2014   2 28  1 41 23 195285  -15.74593  -72.40743     4807  12.7  0  0  4  6 0 0 0 1 0 0 0 0 0 0 1 1 0 1
2014   2 28  1 41 23 418747   -4.66998  -74.61139     3630   0.5  0  0  4  6 0 0 0 1 0 0 0 1 0 0 1 1 0 0
2014   2 28  1 41 23 606926   -4.75279  -53.82042     3407  11.8  0  0  4  6 0 0 0 1 0 0 0 0 0 0 1 1 0 1
2014   2 28  1 41 23 752892  -24.32428  -49.82971     4424  64.4  2  0  6 13 0 0 1 1 1 0 0 1 0 0 1 0 0 1
2014   2 28  1 41 23 793864   -5.05735  -61.80334     2956  22.1  0  0  6 15 0 0 0 1 1 0 0 1 0 0 1 1 0 1
2014   2 28  1 41 23 934617  -24.26753  -49.90903     3024  55.3  1  0  7 21 0 0 1 1 1 0 0 1 0 1 1 0 0 1
2014   2 28  1 41 24 184587    6.40914  -75.60244     4665  24.1  0  0  6 12 0 0 0 1 1 0 0 1 0 0 1 1 0 1
2014   2 28  1 41 24 818313   -7.47744  -73.82124     4878  34.1  1  0  5 10 0 0 0 1 1 0 0 1 0 0 1 1 0 0
2014   2 28  1 41 25 347786  -25.83257  -44.65298     4356  25.0  0  0  5 10 0 0 0 0 1 0 0 1 0 1 1 0 0 1
2014   2 28  1 41 25 368527  -25.93026  -44.50511     3185  28.9  0  0  6 15 0 0 1 1 1 0 0 1 0 0 1 0 0 1
2014   2 28  1 41 25 751554    4.18034  -72.32153     6746  42.4  1  0  5  9 0 0 0 1 1 0 0 1 0 0 1 1 0 0
2014   2 28  1 41 26 397594  -20.17955   64.41661    31235  35.0  1  0  5 10 0 0 1 1 1 0 0 0 0 0 1 0 0 1
2014   2 28  1 41 27    456   -5.36775  -74.25331     4384  13.6  0  0  4  6 0 0 0 1 0 0 0 1 0 0 1 1 0 0
2014   2 28  1 41 28 232060  -22.08620  -51.80724     4205  22.4  0  0  5  9 0 0 1 1 1 0 0 0 0 0 1 0 0 1
2014   2 28  1 41 28 240441  -21.85112  -51.99433     4182  53.8  2  0  5 10 0 0 0 1 1 0 0 1 0 0 1 0 0 1
2014   2 28  1 41 28 382325   -5.95514  -58.48533     3852  42.7  1  0  5 10 0 0 0 1 0 0 0 1 0 0 1 1 0 1
2014   2 28  1 41 28 392987   -4.86138  155.19604     6139   0.9  0  0  4  6 0 0 0 1 0 0 0 1 0 0 1 1 0 0
2014   2 28  1 41 28 413018   -5.16378  155.95456    11714  53.2  2  0  5 10 0 0 0 1 1 0 0 1 0 0 1 1 0 0
2014   2 28  1 41 28 498291  -21.01581   63.98175    41511  48.2  1  0  5 10 0 0 1 1 1 0 0 0 0 0 1 0 0 1
2014   2 28  1 41 28 657504   -5.90256  -58.45359     3130  11.4  0  0  4  6 0 0 0 1 0 0 0 1 0 0 1 1 0 0
2014   2 28  1 41 29 977044  -20.26109   48.59538    37289  71.2  2  0  5 10 0 0 1 1 1 0 0 1 0 0 1 0 0 0
2014   2 28  1 41 30  42119  -24.07041  -45.94202     4234  67.8  2  0  6 15 0 0 1 1 1 0 0 1 0 0 1 0 0 1
2014   2 28  1 41 30 828048  -12.63541  170.58424    76700  62.8  2  0  5 10 0 0 1 1 0 0 0 1 0 0 1 0 0 1
2014   2 28  1 41 30 834500  -19.27917 -137.58365    29077  22.2  1  0  4  6 0 0 1 1 0 0 0 1 0 0 1 0 0 0
2014   2 28  1 41 32 156139    4.16991  -72.08778     7916 107.1  2  0  7 19 0 0 1 1 1 0 0 1 0 1 0 1 0 1
2014   2 28  1 41 32 281159    4.23369  -72.30772     8672  87.8  2  0  6 14 0 0 0 1 1 0 0 1 0 0 1 1 0 1
2014   2 28  1 41 32 289737    4.25101  -71.74757     6021  87.6  2  0  7 19 0 0 1 0 1 0 0 1 0 1 1 1 0 1
2014   2 28  1 41 32 445667    4.30337  -72.33571     8964  92.0  2  0  6 12 0 0 0 1 1 0 0 1 0 0 1 1 0 1
2014   2 28  1 41 33 502739  -25.71391  -44.76183     4389  62.8  2  0  6 15 0 0 1 1 1 0 0 1 0 0 1 0 0 1
2014   2 28  1 41 33 529997   12.58083  -23.06323    25928  61.6  2  0  5 10 0 0 1 0 0 0 0 0 0 1 1 1 0 1
2014   2 28  1 41 33 656118   -5.32603  -75.57917     5805  76.1  2  0  6 15 0 0 1 0 1 0 0 1 0 0 1 1 0 1
2014   2 28  1 41 35 616012   -2.10744  -56.38412     5323 109.0  2  0  6 15 0 0 0 1 1 0 0 1 0 0 1 1 0 1
2014   2 28  1 41 35 905401  -23.88418  -46.15454     4342 107.7  2  0  7 21 0 0 1 1 1 0 0 1 0 1 1 0 0 1
2014   2 28  1 41 36 113034  -15.88457  -49.83451     2566   4.4  0  0  5 10 0 0 1 1 1 0 0 1 0 0 1 0 0 0
2014   2 28  1 41 36 170714  -15.88816  -49.83104     2807   3.6  0  0  4  6 0 0 0 1 0 0 0 1 0 0 1 0 0 1
2014   2 28  1 41 36 385491  -13.06106  -56.81530     2935  14.2  0  0  5  9 0 0 1 0 1 0 0 1 0 0 0 1 0 1
2014   2 28  1 41 36 673936  -32.93356  -42.57554     2928  12.3  0  0  6 14 0 0 1 1 1 0 0 1 0 0 1 0 0 1
2014   2 28  1 41 36 733873  -33.09232  -42.33767     9466  91.8  2  0  6 11 0 0 1 1 0 0 0 1 0 0 1 1 0 1
2014   2 28  1 41 37 630324  -33.23347  -42.54257     4701  17.2  0  0  5  7 0 0 1 1 1 0 0 1 0 0 0 0 0 1
2014   2 28  1 41 37 803885   36.47519  171.66528     7771  12.5  0  0  5  9 0 0 1 1 0 0 0 1 0 0 1 1 0 0
2014   2 28  1 41 37 822330    4.13111  -13.09583    21446  13.1  0  0  5  7 0 0 1 1 0 0 0 1 0 0 1 0 0 1
2014   2 28  1 41 37 889012  -26.16442  -44.28155     2928  21.8  0  0  6 15 0 0 1 1 1 0 0 1 0 0 1 0 0 1
2014   2 28  1 41 38   7496   -4.28069  -63.00383     3723  11.9  0  0  4  6 0 0 0 1 1 0 0 1 0 0 0 1 0 0
2014   2 28  1 41 38  76776  -26.18564  -44.31595     3631  23.2  0  0  5  8 0 0 1 1 1 0 0 1 0 0 0 0 0 1
2014   2 28  1 41 38 573111   -4.22885  -62.91537     2814  27.3  0  0  7 21 0 0 1 1 1 0 0 1 0 1 0 1 0 1
2014   2 28  1 41 38 634424   -5.17075  -42.09858     4374  31.0  0  0  7 21 0 0 1 0 1 0 0 1 0 1 1 1 0 1
2014   2 28  1 41 38 642283   -4.28017  -62.92112     5612  25.3  0  0  6 15 0 0 0 1 1 0 0 1 0 1 1 0 0 1
2014   2 28  1 41 38 732748   -5.30885  -42.35417     3763  16.4  0  0  5 10 0 0 0 1 1 0 0 1 0 0 1 0 0 1
2014   2 28  1 41 38 861928   -4.34886  -62.78590     3590  26.9  0  0  7 21 0 0 1 1 1 0 0 1 0 1 1 0 0 1
2014   2 28  1 41 38 886987   -2.09800  -19.44810    56644  12.7  0  0  5 10 0 0 1 1 1 0 0 0 0 0 1 0 0 1
2014   2 28  1 41 38 951077   -4.06765  -63.00599     2703  21.6  0  0  7 21 0 0 0 0 1 0 0 1 0 1 1 1 1 1
2014   2 28  1 41 39 431209  -19.70655  -48.45962     2631  17.2  0  0  6 14 0 0 1 1 1 0 0 1 0 0 1 0 0 1
2014   2 28  1 41 39 860624   -4.56897  -74.05130     4245  18.4  0  0  4  6 0 0 1 1 0 0 0 0 0 0 1 1 0 0
2014   2 28  1 41 40  26514  -22.63108  -48.84464     3319  48.8  0  0  7 16 0 0 1 1 1 0 0 1 0 0 1 1 0 1
2014   2 28  1 41 40  68226  -24.12083  -45.77994     4758 103.8  2  0  7 21 0 0 1 1 1 0 0 1 0 0 1 1 0 1
2014   2 28  1 41 40 139708  -22.61091  -48.98378     5518  31.0  1  0  5  8 0 0 1 0 0 0 0 1 0 1 1 1 0 0
2014   2 28  1 41 40 309278  -22.76940  -48.62032     3355  31.5  1  0  5 10 0 0 1 1 1 0 0 1 0 0 1 0 0 0
2014   2 28  1 41 41  19822  -23.05235  -48.24997     3025  55.3  1  0  7 21 0 0 1 1 1 0 0 1 0 1 1 0 0 1
2014   2 28  1 41 41 414475  -27.73518 -131.62939    19985  38.0  0  0  6 15 0 0 1 1 1 0 0 1 0 0 1 0 0 1
2014   2 28  1 41 41 488928  -25.87764 -136.19894    10295  45.9  0  0  7 21 0 0 1 1 1 0 0 1 0 0 1 1 0 1
2014   2 28  1 41 41 690162  -12.46630  -57.34255     3875  54.3  1  0  6 14 0 0 1 1 0 0 0 1 0 1 1 1 0 0
2014   2 28  1 41 42  97198  -18.05270 -137.53340    11397  60.1  1  0  7 21 0 0 1 1 0 0 0 1 0 1 1 1 0 1
2014   2 28  1 41 42 397024  -22.78610  -48.59349     3134  10.1  0  0  5  8 0 0 1 1 1 0 0 0 0 0 1 0 0 1
2014   2 28  1 41 42 766503  -20.97622  -53.71926     3118  61.7  1  0  7 21 0 0 1 1 0 0 0 1 0 1 1 1 0 1
2014   2 28  1 41 42 794474  -21.03427  -53.64395     3205  67.1  1  0  7 21 0 0 1 1 1 0 0 1 0 1 1 0 0 1
2014   2 28  1 41 42 882259   -4.06729  -53.18690     3706  52.5  1  0  6 13 0 0 1 1 1 0 0 1 0 0 1 1 0 0
2014   2 28  1 41 43 157611    2.77674  -67.09066     4924  55.7  1  0  6 15 0 0 0 1 1 0 0 1 0 0 1 1 0 1
2014   2 28  1 41 43 363152  -25.72939  -44.67973     4277  42.1  1  0  5 10 0 0 1 1 1 0 0 0 0 0 1 0 0 1
2014   2 28  1 41 43 372945  -25.73238  -44.68265     4256  41.7  1  0  5 10 0 0 1 1 1 0 0 0 0 0 1 0 0 1
2014   2 28  1 41 43 383974  -25.73855  -44.68617     4318  42.9  1  0  5 10 0 0 1 1 1 0 0 0 0 0 1 0 0 1
2014   2 28  1 41 43 609540  -25.64193  -44.75816     4144  38.6  1  0  5 10 0 0 0 1 1 0 0 1 0 0 1 0 0 1
2014   2 28  1 41 43 676582  -25.74336  -44.65007     3695  45.0  1  0  6 15 0 0 1 1 1 0 0 1 0 0 1 0 0 1
2014   2 28  1 41 43 701063  -25.87746  -44.53786     3884  19.3  0  0  5  9 0 0 1 1 0 0 0 1 0 0 1 0 0 1
2014   2 28  1 41 45 303758  -15.32161  -50.30035     5968  16.2  0  0  4  6 0 0 1 1 0 0 0 0 0 1 1 0 0 0
2014   2 28  1 41 46 598942    4.03884  -71.99808     5781  97.0  2  0  7 20 0 0 1 0 1 0 0 1 0 1 1 1 1 0
2014   2 28  1 41 46 956018    0.16465  -72.09280     6234 119.5  2  0  7 21 0 0 1 1 1 0 0 1 0 1 1 1 0 0
2014   2 28  1 41 46 966855    4.01903  -72.10530     6735 110.0  2  0  7 20 0 0 1 1 1 0 0 1 0 1 0 1 0 1
2014   2 28  1 41 47 165588  -19.39997  -50.95885     4239  78.4  2  0  6 15 0 0 1 1 1 0 0 1 0 0 1 0 0 1
2014   2 28  1 41 47 400366  -12.61961  158.07826     8731  26.8  0  0  5 10 0 0 1 1 0 0 0 1 0 0 1 1 0 0
2014   2 28  1 41 48 184103  -16.54098  -49.53247     4129  26.0  0  0  5 10 0 0 1 1 1 0 0 0 0 0 1 0 0 1
2014   2 28  1 41 49 339017    4.20285  -72.34309    10230 108.6  2  0  6 14 0 0 0 1 1 0 0 1 0 0 1 1 0 1
2014   2 28  1 41 50 417540    9.82634  -75.25063    15422 120.2  2  0  6 13 0 0 0 1 1 0 0 1 0 0 1 1 0 1
2014   2 28  1 41 50 706715  -25.47013  -44.98040     5274  62.1  2  0  5 10 0 0 0 1 1 0 0 1 0 0 1 0 0 1
2014   2 28  1 41 50 932709  -23.27147  -47.35692     4533 142.0  2  0  7 21 0 0 1 1 1 0 0 1 0 1 1 0 0 1
2014   2 28  1 41 50 955915    5.78640  -77.63305    14518 120.8  2  0  6 14 0 0 0 1 1 0 0 1 0 0 1 1 0 1
2014   2 28  1 41 51  41765    5.84707  -77.01006    13173 112.5  2  0  6 12 0 0 1 1 0 0 0 1 0 0 1 1 0 1
2014   2 28  1 41 51  78513  -25.52288  -45.03140     6160  80.4  2  0  5 10 0 0 1 1 1 0 0 0 0 0 1 0 0 1
2014   2 28  1 41 51 273811  -18.78650 -139.06006    17953  53.7  2  0  5 10 0 0 1 1 0 0 0 1 0 0 1 1 0 0
2014   2 28  1 41 51 819293    2.95785  -71.10229    14124 133.4  2  0  7 21 0 0 1 1 1 0 0 1 0 1 1 0 0 1
2014   2 28  1 41 52 137580    0.05664  -72.00848     2704  13.1  0  0  7 20 0 0 1 1 1 0 0 1 0 1 1 1 0 0
2014   2 28  1 41 52 268614  -25.58348 -134.78705     5720   4.4  0  0  6 15 0 0 1 1 1 0 0 0 0 0 1 1 0 1
2014   2 28  1 41 52 289231  -25.90045 -134.13400    18505   5.0  0  0  4  6 0 0 1 1 0 0 0 1 0 0 1 0 0 0
2014   2 28  1 41 52 527626    4.06093  -71.92699     3400  10.1  0  0  6 12 0 0 0 1 1 0 0 1 0 0 1 1 0 1
2014   2 28  1 41 52 644667   -0.02891  -71.95131     6206   6.4  0  0  5 10 0 0 0 1 1 0 0 1 0 0 1 0 0 1
2014   2 28  1 41 52 682420    4.21507  -72.09879     4718  13.1  0  0  5  7 0 0 0 1 0 0 0 1 0 0 1 1 0 1
2014   2 28  1 41 52 784000    4.04981  -72.01358     4173   7.6  0  0  5  8 0 0 0 1 1 0 0 1 0 0 0 1 0 1
2014   2 28  1 41 53 165174    2.20701    4.35781    31509   8.4  0  0  5 10 0 0 1 1 1 0 0 0 0 0 1 0 0 1
2014   2 28  1 41 53 309764  -25.38574  -45.13285     4803  34.1  0  0  6 12 0 0 0 1 1 0 0 1 0 1 1 0 0 1
2014   2 28  1 41 53 339990  -25.05445  -45.40076     2905   8.9  0  0  5  9 0 0 1 1 1 0 0 0 0 0 1 0 0 1
2014   2 28  1 41 53 370002   -8.79536  -56.41026     2629  14.0  0  0  6 15 0 0 0 1 1 0 0 1 0 0 1 1 0 1
2014   2 28  1 41 54  97261    7.05115  -73.41320     4584  17.5  0  0  5  9 0 0 0 1 1 0 0 1 0 0 1 1 0 0
2014   2 28  1 41 54 181396  -10.48175  -75.57999     3934  30.4  0  0  7 21 0 0 0 1 1 0 0 1 0 1 1 1 0 1
2014   2 28  1 41 54 192014  -10.48343  -75.58083     3963  30.9  0  0  7 21 0 0 0 1 1 0 0 1 0 1 1 1 0 1
2014   2 28  1 41 54 236783  -10.40984  -75.42809     3342  27.5  0  0  6 15 0 0 1 1 1 0 0 1 0 0 1 1 0 0
2014   2 28  1 41 54 400377  -15.57427  -49.99765     4007  58.4  1  0  6 15 0 0 0 1 1 0 0 0 0 1 1 0 1 1
2014   2 28  1 41 54 435699  -10.42555  -75.63499     3720   1.1  0  0  4  6 0 0 0 1 0 0 0 1 0 0 1 1 0 0
2014   2 28  1 41 54 583813  -15.88738  -49.83374     3089   2.1  0  0  4  6 0 0 1 0 0 0 0 1 0 0 1 0 0 1
2014   2 28  1 41 54 619488  -15.89421  -49.84766     2821  14.2  0  0  5 10 0 0 1 1 1 0 0 1 0 0 1 0 0 0
2014   2 28  1 41 55 160209  -17.44318 -137.89828    10106   8.1  0  0  4  6 0 0 1 1 0 0 0 0 0 0 1 1 0 0
2014   2 28  1 41 55 358511  -25.04622 -135.49069     7341  27.4  0  0  7 21 0 0 1 1 1 0 0 1 0 0 1 1 0 1
2014   2 28  1 41 55 534473   -4.55251  -73.97343     3715  17.2  0  0  5 10 0 0 0 1 0 0 0 1 0 0 1 1 0 1
2014   2 28  1 41 55 688440   -4.62973  -74.18372     4885  19.0  0  0  5 10 0 0 0 1 1 0 0 1 0 0 0 1 0 1
2014   2 28  1 41 55 746907   36.35086 -105.94630    39222  44.5  1  0  6 11 0 0 1 1 1 0 0 1 0 0 1 1 0 0
2014   2 28  1 41 55 853827  -26.08943  -44.16763     6040 126.3  2  0  7 20 0 0 1 1 1 0 0 1 0 1 1 0 0 1
2014   2 28  1 41 55 874476  -25.82729  -44.49623     4776  29.4  0  0  5 10 0 0 1 0 1 0 0 1 0 0 1 0 0 1
2014   2 28  1 41 55 957756  -25.82558  -44.58377     2926  19.8  0  0  6 13 0 0 1 1 1 0 0 1 0 1 0 0 0 1
2014   2 28  1 41 55 987030  -25.77928  -44.51974     3479  18.8  0  0  5  8 0 0 1 1 1 0 0 0 0 0 1 0 0 1
2014   2 28  1 41 56 153061  -25.83901  -44.48361     4073  28.2  0  0  5 10 0 0 1 1 0 0 0 1 0 0 1 0 0 1
2014   2 28  1 41 56 324142  -25.84029  -44.62675     3163  29.0  0  0  6 15 0 0 1 1 1 0 0 1 0 0 1 0 0 1
2014   2 28  1 41 56 341612  -25.81847  -44.68213     5602  36.3  0  0  6 15 0 0 0 1 1 0 0 1 0 1 0 1 0 1
2014   2 28  1 41 56 403975  -24.13284  -45.61005     3234  35.2  0  0  6 15 0 0 1 1 1 0 0 1 0 0 1 0 0 1
2014   2 28  1 41 56 414432  -25.80049  -44.67928     3734  32.7  0  0  6 15 0 0 1 0 1 0 0 1 0 1 1 0 0 1
2014   2 28  1 41 56 456498  -24.12651  -45.63047     4043  39.3  1  0  5 10 0 0 0 1 1 0 0 1 0 0 1 0 0 1
2014   2 28  1 41 56 493488  -24.18435  -45.63559     3265  36.1  0  0  6 15 0 0 1 1 1 0 0 1 0 0 1 0 0 1
2014   2 28  1 41 58  41636   -4.43692  -74.23885     4674  16.5  0  0  4  6 0 0 0 1 0 0 0 1 0 0 1 1 0 0
2014   2 28  1 41 58  72806  -15.77801  -49.92352     2948  51.2  1  0  7 21 0 0 0 1 1 0 0 1 0 1 1 1 0 1
2014   2 28  1 41 58 132247  -15.82186  -49.85068     2950  46.5  0  0  7 21 0 0 1 1 1 0 0 1 0 1 1 0 0 1
2014   2 28  1 41 58 140941    4.57335  -73.72739    33524  40.6  1  0  5  7 0 0 1 1 1 0 0 0 0 0 1 0 0 1
2014   2 28  1 41 58 246061  -15.81969  -49.76625     3235  38.5  0  0  6 15 0 0 1 1 1 0 0 1 0 0 1 0 0 1
2014   2 28  1 41 58 260656   -4.52406  -74.25954     9150  53.9  2  0  5 10 0 0 0 1 1 0 0 0 0 0 1 1 0 1
2014   2 28  1 41 58 317695   -7.92795  -49.63139     5998 124.5  2  0  7 21 0 0 1 0 1 0 0 1 0 1 1 1 0 1
2014   2 28  1 41 58 407592  -15.83436  -49.80322     4032  41.8  1  0  5 10 0 0 0 1 1 0 0 1 0 0 1 0 0 1
2014   2 28  1 41 58 547876  -15.84329  -49.88656     3169  45.2  1  0  6 15 0 0 0 1 1 0 0 1 0 1 1 0 0 1
2014   2 28  1 41 58 610321  -15.84906  -49.76496     4232  43.1  1  0  5  9 0 0 0 1 1 0 0 1 0 0 1 0 0 1
2014   2 28  1 41 58 644938  -19.56052  -50.68094     3180  32.5  0  0  6 13 0 0 1 1 1 0 0 1 0 0 1 0 0 1
2014   2 28  1 41 59 445381  -15.40688   49.27142    43280  27.4  0  0  5  9 0 0 0 1 1 0 0 1 0 0 1 0 0 1
2014   2 28  1 42  0 140781   -6.76130    3.78496    65810  33.8  1  0  4  6 0 0 1 1 0 0 0 0 0 0 1 0 0 1
2014   2 28  1 42  2 486925  -31.91599  -80.48267     8255  45.6  1  0  5 10 0 0 1 0 1 0 0 1 0 0 1 0 0 1
2014   2 28  1 42  3 678813  -25.66186  -44.82331     4177  57.8  1  0  6 15 0 0 1 1 1 0 0 1 0 0 1 0 0 1
2014   2 28  1 42  3 746072  -25.66936  -44.82592     4240  59.3  1  0  6 15 0 0 1 1 1 0 0 1 0 0 1 0 0 1
2014   2 28  1 42  3 967193  -25.66698  -44.81951     4310  61.3  2  0  6 15 0 0 1 1 1 0 0 1 0 0 1 0 0 1
2014   2 28  1 42  4 571342  -18.10003   19.16562    66054  76.9  2  0  5 10 0 0 1 1 1 0 0 0 0 0 1 0 0 1
2014   2 28  1 42  5 457874  -22.31142  -48.80308     4544  89.9  2  0  6 14 0 0 1 1 1 0 0 1 0 0 1 0 0 1
2014   2 28  1 42  5 527334  -22.31766  -48.80512     5850 102.5  2  0  6 11 0 0 1 1 1 0 0 1 0 0 1 0 0 1
2014   2 28  1 42  5 628513   -7.20736  -74.17677     5159  50.7  2  0  5 10 0 0 1 1 0 0 0 1 0 0 1 1 0 0
2014   2 28  1 42  5 942326    4.30231  -72.45554    10337 109.3  2  0  6 14 0 0 0 1 1 0 0 1 0 0 1 1 0 1
2014   2 28  1 42  5 953458    4.45833  -72.87980    10829 128.2  2  0  7 20 0 0 0 1 1 0 0 1 0 1 1 1 0 1
2014   2 28  1 42  7 675638   -6.42728  -79.20450    11988  26.8  1  0  4  6 0 0 0 1 1 0 0 0 0 1 0 1 0 0
2014   2 28  1 42  7 773965   -5.63008  -75.87453    10983 150.1  2  0  7 21 0 0 0 1 1 0 0 1 0 1 1 1 0 1
2014   2 28  1 42  7 855336   -5.52908  -74.79738     6539 124.2  2  0  7 21 0 0 1 0 1 0 0 1 0 1 1 1 0 1
2014   2 28  1 42  8 320149    3.50482  -71.93409     4087   8.9  0  0  5  9 0 0 0 1 1 0 0 1 0 0 0 1 0 1
2014   2 28  1 42  9 995484  -18.81246   22.91022    11953  16.7  0  0  5  8 0 0 1 0 1 0 0 1 0 1 0 0 0 1
2014   2 28  1 42 10 126930   -5.28216  -75.65630     5203  28.8  1  0  4  6 0 0 1 0 1 0 0 1 0 0 0 1 0 0
2014   2 28  1 42 10 180907   -5.27920  -75.62583     3691  35.7  0  0  6 15 0 0 1 1 0 0 0 1 0 1 0 1 0 1
2014   2 28  1 42 10 203718    4.12530  -72.11623     4279   4.8  0  0  5  7 0 0 0 1 1 0 0 1 0 0 0 1 0 1
2014   2 28  1 42 10 337049  -25.94482  -44.44737     2927  20.5  0  0  6 13 0 0 1 1 1 0 0 1 0 1 0 0 0 1
2014   2 28  1 42 12  10800    0.62890  -72.00402     4485  16.7  0  0  5 10 0 0 0 1 1 0 0 1 0 0 0 1 0 1
2014   2 28  1 42 12 552456  -13.43863  -52.72400     3245  34.6  0  0  6 14 0 0 1 1 1 0 0 1 0 1 0 0 0 1
2014   2 28  1 42 12 796021  -22.76726  -48.55202     3943  35.5  1  0  5  7 0 0 1 1 1 0 0 1 0 0 0 0 0 1
2014   2 28  1 42 13 324914    0.00729  -72.62698     4561  26.0  0  0  6 15 0 0 0 1 1 0 0 1 0 1 0 1 0 1
2014   2 28  1 42 13 404315    0.08658  -72.21072     6165  35.3  1  0  5  7 0 0 1 1 0 0 0 1 0 0 0 1 0 1
2014   2 28  1 42 13 472054    6.54780  -76.48920     7663  26.1  0  0  5  7 0 0 0 1 1 0 0 1 0 0 0 1 0 1
2014   2 28  1 42 13 752343    0.09318  -72.07046     4314  62.9  1  0  7 21 0 0 1 1 1 0 0 1 0 1 0 1 0 1
2014   2 28  1 42 14 160280    0.03476  -72.62863     6171  31.6  1  0  5 10 0 0 0 1 1 0 0 1 0 0 0 1 0 1
2014   2 28  1 42 14 179996   -4.19374  -62.83920     3716  62.4  1  0  7 21 0 0 1 1 1 0 0 1 0 1 0 1 0 1
2014   2 28  1 42 14 192193   -4.25386  -63.08259     4487  34.0  1  0  5 10 0 0 0 1 1 0 0 1 0 0 0 1 0 1
2014   2 28  1 42 14 253283  -22.42615  -49.03210     3987  70.0  2  0  6 14 0 0 1 1 1 0 0 1 0 1 0 0 0 1
2014   2 28  1 42 15  33658  -19.33250 -136.51651    24295  64.0  2  0  5  9 0 0 1 1 1 0 0 1 0 0 0 1 0 0
2014   2 28  1 42 15 355907  -15.96011  -49.84940     4363  44.8  1  0  5  8 0 0 1 1 1 0 0 1 0 0 0 0 0 1
2014   2 28  1 42 17 556330  -13.16481  158.15694     8839  12.9  0  0  4  6 0 0 1 1 0 0 0 1 0 0 0 1 0 0
2014   2 28  1 42 19 590506  -23.99698  -46.16768     5745 121.0  2  0  6 15 0 0 1 1 0 0 0 1 0 1 1 0 0 1
2014   2 28  1 42 19 786643  -25.67279  -44.92012     4561  55.3  2  0  5 10 0 0 1 1 1 0 0 1 0 0 0 0 0 1
2014   2 28  1 42 19 820626  -25.66566  -44.90221     4835  45.1  1  0  5  8 0 0 1 1 1 0 0 1 0 0 0 0 0 1
2014   2 28  1 42 19 839576  -25.62932  -44.98711     4636  62.6  2  0  6 13 0 0 1 1 1 0 0 1 0 0 0 1 0 1
2014   2 28  1 42 19 895669  -25.65845  -44.93200     3663  52.2  1  0  6 13 0 0 1 1 1 0 0 1 0 1 0 0 0 1
2014   2 28  1 42 19 922995  -25.66226  -44.96756     3533  42.7  1  0  6 14 0 0 1 1 1 0 0 1 0 1 0 0 0 1
2014   2 28  1 42 19 945280  -23.89605  -46.31526     3543  18.9  0  0  4  6 0 0 1 1 1 0 0 1 0 0 0 0 0 0
2014   2 28  1 42 20 122933  -24.22333  -46.10594     4898  89.1  2  0  6 15 0 0 0 1 1 0 0 1 0 1 1 0 0 1
2014   2 28  1 42 20 191670  -25.72114  -44.92451     4668  57.1  2  0  5 10 0 0 1 1 1 0 0 1 0 0 0 0 0 1
2014   2 28  1 42 20 200404  -25.74728  -44.83738     4515  54.2  2  0  5 10 0 0 1 1 1 0 0 1 0 0 0 0 0 1
2014   2 28  1 42 20 298390  -25.80808  -44.93961     4868  64.5  2  0  6 13 0 0 1 1 1 0 0 1 0 1 0 0 0 1
2014   2 28  1 42 20 406587  -25.65951  -45.00486     3648  57.0  1  0  7 17 0 0 1 1 1 0 0 1 0 1 0 1 0 1
2014   2 28  1 42 21 282170   -5.58242  -49.50800     3398  58.7  1  0  7 20 0 0 0 1 1 0 0 1 0 1 0 1 1 1
2014   2 28  1 42 22 959577  -15.73309  -50.12203     4344 120.1  2  0  7 20 0 0 1 1 1 0 0 1 0 1 0 1 0 1
2014   2 28  1 42 23  81784  -19.44859 -138.93991    12939  32.9  1  0  5 10 0 0 1 0 1 0 0 0 0 1 0 1 0 1
2014   2 28  1 42 23 457485  -15.98448  -50.58839     4629  36.4  1  0  5  8 0 0 0 1 1 0 0 1 0 0 0 1 0 1
2014   2 28  1 42 25 217152  -15.52629 -179.44902     9895  22.7  0  0  6 15 0 0 1 1 1 0 0 1 0 0 0 1 0 1
2014   2 28  1 42 26  51254  -13.17447  -51.87510     2608   8.0  0  0  5 10 0 0 0 1 1 0 0 1 0 1 0 0 0 1
2014   2 28  1 42 26 920106  -12.29775  -57.73591     3361  22.9  0  0  5 10 0 0 1 0 1 0 0 0 0 1 0 1 0 1
2014   2 28  1 42 27 748431    5.04165  -11.06921    27892  19.6  0  0  4  6 0 0 1 1 0 0 0 1 0 0 0 0 0 1
2014   2 28  1 42 27 830161    4.20078  -12.48990     8966  33.6  0  0  6 14 0 0 1 1 1 0 0 1 0 0 0 1 0 1
2014   2 28  1 42 28 773108  -16.99520  167.60347    40266  27.8  0  0  5 10 0 0 1 1 1 0 0 0 0 0 0 1 0 1
2014   2 28  1 42 29  98898  -13.59152  159.48595    10941  53.1  1  0  6 15 0 0 1 1 1 0 0 1 0 0 0 1 0 1
2014   2 28  1 42 29 412787    3.73013  -72.02174     4360  58.8  1  0  7 21 0 0 1 1 1 0 0 1 0 1 0 1 0 1
2014   2 28  1 42 30   2797  -23.92102  -46.09508     3044   7.4  0  0  4  6 0 0 1 1 1 0 0 1 0 0 0 0 0 0
2014   2 28  1 42 30 781587   36.43381 -105.79864    24129  63.0  2  0  6 15 0 0 1 1 1 0 0 1 0 0 0 1 0 1
2014   2 28  1 42 31 372252    4.10041  -72.60756     9538  48.4  1  0  5  8 0 0 0 1 1 0 0 1 0 0 0 1 0 1
2014   2 28  1 42 31 671411    4.18507  -72.43787     9812  50.5  2  0  5  8 0 0 0 1 1 0 0 1 0 0 0 1 0 1
2014   2 28  1 42 31 972420  -25.79556  -44.64825     3312  24.8  0  0  5 10 0 0 1 1 1 0 0 1 0 0 0 0 0 1
2014   2 28  1 42 32 713506   -5.19462  -70.94179     6404  53.3  1  0  6 15 0 0 0 1 1 0 0 1 0 1 0 1 0 1
2014   2 28  1 42 33 151741  -24.01883  -45.91797     4361  54.7  2  0  5 10 0 0 1 0 1 0 0 1 0 1 0 0 0 1
2014   2 28  1 42 33 450066  -26.33768 -136.42625    14215  21.5  1  0  4  6 0 0 1 1 0 0 0 1 0 0 0 1 0 0
2014   2 28  1 42 33 495141  -24.02754  -46.17697     3554  19.3  0  0  4  6 0 0 1 1 0 0 0 1 0 1 0 0 0 0
2014   2 28  1 42 34 124113   -4.87884  -45.19508     5944  86.7  2  0  6 15 0 0 1 1 1 0 0 1 0 0 0 1 0 1
2014   2 28  1 42 40 731445  -25.78770  -44.38843     3206  16.1  0  0  5  9 0 0 1 1 1 0 0 1 0 0 0 0 0 1
2014   2 28  1 42 41 549605  -25.25489   18.12232     8670   9.4  0  0  5 10 0 0 1 1 0 0 0 1 0 1 0 0 0 1
2014   2 28  1 42 41 591420  -24.40125  -50.34422     2523  18.9  0  0  7 16 0 0 1 1 1 0 0 1 0 1 0 1 0 1
2014   2 28  1 42 41 820956  -24.41533  -50.39241     3273  44.4  1  0  6 12 0 0 1 1 1 0 0 1 0 1 0 0 0 1
2014   2 28  1 42 41 968251  -24.43857  -50.29552     3179  48.4  1  0  5  7 0 0 1 1 1 0 0 1 0 0 0 0 0 1
2014   2 28  1 42 42  39113  -24.41241  -50.35209     2715  41.4  1  0  6 11 0 0 1 1 1 0 0 1 0 1 0 0 0 1
2014   2 28  1 42 42 316998  -23.99187  -45.89276     3469  28.2  0  0  5  9 0 0 1 1 1 0 0 1 0 0 0 0 0 1
2014   2 28  1 42 42 678347  -22.47869  -48.75185     3360  21.7  0  0  5  7 0 0 1 1 1 0 0 1 0 0 0 0 0 1
2014   2 28  1 42 43 280461  -15.80534  -49.85585     4379  51.4  2  0  5 10 0 0 1 1 1 0 0 1 0 0 0 0 0 1
2014   2 28  1 42 43 355515  -15.74973  -49.79674     2618  29.3  0  0  7 20 0 0 1 1 1 0 0 1 0 1 0 1 0 1
2014   2 28  1 42 44 762381   -4.97640  -53.65589     4091  65.9  1  0  7 16 0 0 1 1 1 0 0 1 0 1 0 1 1 0
2014   2 28  1 42 44 820037   -4.93006  -53.58580     3182  38.9  0  0  6 15 0 0 1 1 1 0 0 1 0 0 0 1 0 1
2014   2 28  1 42 45 289299  -25.90965  -44.58980     2560  20.8  0  0  7 21 0 0 1 1 1 0 0 1 0 1 0 0 1 1
2014   2 28  1 42 45 443568  -25.88865  -44.59953     3302  24.4  0  0  5 10 0 0 1 1 1 0 0 1 0 0 0 0 0 1
2014   2 28  1 42 45 564342  -25.79907  -44.52789     2762  22.1  0  0  6 15 0 0 1 1 1 0 0 1 0 1 0 0 0 1
2014   2 28  1 42 45 644017  -25.77895  -44.52662     2875  13.8  0  0  5 10 0 0 1 1 1 0 0 0 0 1 0 0 0 1
2014   2 28  1 42 46 309171   -5.51230    5.08949    35509  35.9  1  0  5  7 0 0 1 1 1 0 0 1 0 0 0 0 0 1
2014   2 28  1 42 46 627329    0.23535  -71.53606     9528  50.6  2  0  5 10 0 0 1 1 1 0 0 1 0 0 0 0 0 1
2014   2 28  1 42 47  17631  -24.19325  -45.84772     4070  46.3  1  0  5 10 0 0 1 0 1 0 0 1 0 1 0 0 0 1
2014   2 28  1 42 47 220477    0.12824  -72.05046     4484  68.3  1  0  7 21 0 0 1 1 1 0 0 1 0 1 0 1 0 1
2014   2 28  1 42 47 371830    0.12735  -72.07222     4555  70.1  2  0  7 21 0 0 1 1 1 0 0 1 0 1 0 1 0 1
2014   2 28  1 42 47 454847    0.16929  -72.07523     4714  62.5  2  0  6 15 0 0 1 1 1 0 0 1 0 0 0 1 0 1
2014   2 28  1 42 47 715678  -12.34438  -74.87971     5020  73.2  2  0  6 15 0 0 1 1 1 0 0 1 0 0 0 1 0 1
2014   2 28  1 42 47 757948  -12.34478  -74.73827     5502  57.7  2  0  5 10 0 0 1 0 1 0 0 1 0 0 0 1 0 1
2014   2 28  1 42 48  56212  -32.96247  -42.76571     3552  19.9  0  0  5 10 0 0 1 1 1 0 0 1 0 1 0 0 0 0
2014   2 28  1 42 48 689389  -25.78376  -44.71368     3707  34.9  1  0  5 10 0 0 1 1 1 0 0 1 0 0 0 0 0 1
2014   2 28  1 42 49 269786    5.63163  -77.86993    12492  51.9  2  0  5 10 0 0 0 1 1 0 0 1 0 0 0 1 0 1
2014   2 28  1 42 49 606892   36.93644  175.64438    78857  21.9  0  0  5 10 0 0 0 1 1 0 0 1 0 1 0 0 0 1
2014   2 28  1 42 51 351284  -32.63974  -43.29106     6551  36.6  1  0  5  8 0 0 1 0 1 0 0 1 0 1 0 0 0 1
2014   2 28  1 42 53  78475   -4.33166  -59.75904     2783  10.1  0  0  5 10 0 0 0 0 1 0 0 1 0 1 0 1 0 1
2014   2 28  1 42 53 157511   -6.03217  -76.95224     4901   4.6  0  0  5 10 0 0 0 1 1 0 0 0 0 1 0 1 0 1
2014   2 28  1 42 53 214905   -5.31877  -74.14660     6918 116.7  2  0  6 15 0 0 1 1 1 0 0 1 0 0 0 1 0 1
2014   2 28  1 42 53 317435   -3.92994  -81.41289    16630   2.3  0  0  4  6 0 0 0 1 1 0 0 1 0 1 0 0 0 0
2014   2 28  1 42 53 378895   -6.04394  -77.05496     4995   5.5  0  0  5 10 0 0 0 1 1 0 0 0 0 1 0 1 0 1
2014   2 28  1 42 54 478610   -5.71800  -75.33641     7063 143.4  2  0  7 21 0 0 1 1 1 0 0 1 0 1 0 1 0 1
2014   2 28  1 42 54 621088  -12.98592  158.18738     8120   7.9  0  0  4  6 0 0 1 1 0 0 0 1 0 0 0 1 0 0
2014   2 28  1 42 55 243581  -23.54465  -46.70862     3275   9.5  0  0  4  6 0 0 1 1 1 0 0 1 0 0 0 0 0 0
2014   2 28  1 42 55 780672    6.30946  -76.88464    13912  86.2  2  0  6 15 0 0 0 1 1 0 0 1 0 1 0 1 0 1
2014   2 28  1 42 55 868625    6.30639  -76.90858    14057  87.0  2  0  6 15 0 0 0 1 1 0 0 1 0 1 0 1 0 1
2014   2 28  1 42 56  36041    6.07656  -74.55815    19522  13.5  0  0  5 10 0 0 0 1 1 0 0 0 0 1 1 0 0 1
2014   2 28  1 42 56  64186  -25.83688  -44.35333     2652  14.2  0  0  6 15 0 0 1 1 1 0 0 1 0 1 1 0 0 0
2014   2 28  1 42 56 135921  -25.85069  -44.32777     3351  16.2  0  0  5 10 0 0 0 1 1 0 0 1 0 0 1 0 0 1
2014   2 28  1 42 56 314107  -25.84325  -44.31666     2820  15.2  0  0  6 15 0 0 1 1 1 0 0 1 0 0 1 0 0 1
2014   2 28  1 42 56 391789  -28.04296 -134.83008     6973  15.3  0  0  6 14 0 0 1 1 0 0 0 1 0 1 1 1 0 0
2014   2 28  1 42 56 565482  -18.87320 -134.64128    11525  20.0  0  0  6 15 0 0 1 1 1 0 0 1 0 0 1 0 0 1
2014   2 28  1 42 56 773746  -18.90529 -134.56602    16192  20.9  0  0  5 10 0 0 1 1 1 0 0 1 0 0 1 0 0 0
2014   2 28  1 42 56 842089  -33.42584  -41.38987     2891  11.1  0  0  6 15 0 0 1 1 1 0 0 1 0 0 1 0 0 1
2014   2 28  1 42 57   3986  -21.68086  -51.92422     2656   4.5  0  0  5  8 0 0 1 1 0 0 0 0 0 1 0 1 0 1
2014   2 28  1 42 57  15490  -21.73193  -51.86292     2417   7.3  0  0  6 15 0 0 1 1 1 0 0 1 0 0 1 0 0 1
2014   2 28  1 42 57  91547  -21.73943  -51.87814     2580   7.0  0  0  5 10 0 0 0 1 1 0 0 1 0 0 1 0 0 1
2014   2 28  1 42 57 201432    3.89877  -71.75577     3972  14.3  0  0  5  9 0 0 0 1 1 0 0 1 0 0 1 1 0 0
2014   2 28  1 42 57 239789    3.90524  -71.75753     3400  13.5  0  0  6 14 0 0 0 1 1 0 0 1 0 0 1 1 0 1
2014   2 28  1 42 58 437318  -25.83195  -44.39447     3589  20.6  0  0  5 10 0 0 0 1 0 0 0 1 0 1 1 0 0 1
2014   2 28  1 42 58 558563   -6.01036  -58.38401     2781  11.5  0  0  5 10 0 0 0 1 0 0 0 1 0 0 1 1 0 1
2014   2 28  1 42 59 559006   -4.13010  -53.02192     5582  29.8  0  0  5  7 0 0 0 1 1 0 0 1 0 0 1 0 0 1
2014   2 28  1 43  0   7521  -25.84857  -44.44389     2927  20.5  0  0  6 15 0 0 1 1 1 0 0 1 0 0 1 0 0 1
2014   2 28  1 43  0  63666  -25.81868  -44.43526     3183  18.4  0  0  5 10 0 0 1 1 1 0 0 0 0 0 1 0 0 1
2014   2 28  1 43  0 281129  -25.85485  -44.47213     4155  27.9  0  0  5  9 0 0 1 1 0 0 0 1 0 1 1 0 0 0
2014   2 28  1 43  0 354053    0.84520  -71.36395     5291  32.7  1  0  5  9 0 0 0 1 1 0 0 1 0 0 1 1 0 0
2014   2 28  1 43  0 632469  -12.63771  -56.76971     5751 100.5  2  0  6 14 0 0 0 1 1 0 0 1 0 0 1 1 0 1
2014   2 28  1 43  0 910566  -12.41966  -57.30683     5349  35.7  1  0  5  8 0 0 0 1 1 0 0 1 0 0 1 0 0 1
2014   2 28  1 43  1  90147   -5.22948  -73.88007     5661  34.9  1  0  5 10 0 0 0 0 1 0 0 1 0 0 1 1 0 1
2014   2 28  1 43  2 166804   -5.95839  -74.45415     5618  55.5  1  0  7 21 0 0 1 1 1 0 0 1 0 1 1 0 0 1
2014   2 28  1 43  2 254031    4.19868  -72.26056     6348  50.1  1  0  6 13 0 0 0 1 1 0 0 1 0 0 1 1 0 1
2014   2 28  1 43  2 482275  -15.16255  179.77603    16235  54.4  1  0  6 15 0 0 1 1 1 0 0 1 0 0 0 1 0 1
2014   2 28  1 43  3  27046    4.17641  -71.99883     6021  41.4  1  0  5  9 0 0 0 1 0 0 0 1 0 0 1 1 0 1
2014   2 28  1 43  3 220338  -18.16166 -175.94632    44129  53.3  1  0  6 15 0 0 1 1 1 0 0 1 0 0 1 0 0 1
2014   2 28  1 43  3 673807  -26.15656 -136.94797    14619  59.1  1  0  7 20 0 0 1 1 1 0 0 1 0 0 1 1 0 1
2014   2 28  1 43  4  84734    2.84037  -66.95236     3834  62.0  1  0  7 21 0 0 1 1 1 0 0 0 0 0 1 1 1 1
2014   2 28  1 43  4 202584  -25.56327  -44.88874     3311  11.5  0  0  5  7 0 0 0 1 1 0 0 0 0 1 1 0 0 1
2014   2 28  1 43  4 331643  -25.62079  -44.80680     3345  32.1  0  0  6 15 0 0 0 1 1 0 0 1 0 1 1 0 0 1
2014   2 28  1 43  5  63861  -25.74041  -44.79407     3656  42.8  1  0  6 15 0 0 1 1 1 0 0 1 0 0 1 0 0 1
2014   2 28  1 43  5 267025  -25.78848  -44.81871     4265  40.0  1  0  5 10 0 0 1 1 1 0 0 1 0 0 1 0 0 0
2014   2 28  1 43  5 355201  -25.69549  -44.87189     3827  55.1  1  0  7 17 0 0 1 1 1 0 0 1 0 0 1 1 0 1
2014   2 28  1 43  5 519807  -25.75719  -44.83085     3758  44.9  1  0  6 15 0 0 1 1 1 0 0 1 0 0 1 0 0 1
2014   2 28  1 43  5 587576  -16.08276  -49.94215     6101  73.0  2  0  5 10 0 0 1 1 1 0 0 0 0 1 0 0 0 1
2014   2 28  1 43  5 655077  -25.63560  -44.90077     4076  34.6  1  0  5  9 0 0 0 1 1 0 0 1 0 0 1 0 0 1
2014   2 28  1 43  6 579360   -4.30296  -74.93526     7607  81.7  2  0  6 15 0 0 0 1 1 0 0 1 0 0 1 1 0 1
2014   2 28  1 43  8 213695  -25.61091  -44.84054     6202  75.8  2  0  6 15 0 0 1 0 1 0 0 1 0 1 1 1 0 0
2014   2 28  1 43  8 321757  -24.04596  -46.10012     4891  90.2  2  0  6 15 0 0 0 1 1 0 0 1 0 1 1 0 0 1
2014   2 28  1 43  8 401686  -25.68500  -44.85280     3454  55.9  1  0  7 21 0 0 1 1 1 0 0 1 0 1 1 0 0 1
2014   2 28  1 43  8 479483  -25.58414  -44.87928     4379  41.2  1  0  5  9 0 0 0 1 1 0 0 1 0 0 1 0 0 1
2014   2 28  1 43  8 556611  -25.70920  -44.81512     5506  54.4  2  0  5  8 0 0 1 1 1 0 0 0 0 0 1 0 0 1
2014   2 28  1 43  8 556699    9.69193  -74.77441    10412  95.0  2  0  7 16 0 0 1 1 1 0 0 1 0 0 1 1 0 1
2014   2 28  1 43 10 962475  -19.50138  -51.07145     4462 128.5  2  0  7 20 0 0 1 1 1 0 0 1 0 1 1 0 0 1
2014   2 28  1 43 10 995700   -3.48985  -62.02423     4352  25.9  0  0  5  7 0 0 0 1 1 0 0 0 0 0 1 1 0 1
2014   2 28  1 43 11 164127   -6.38309  -58.62732     5349  99.2  2  0  6 15 0 0 1 0 1 0 0 1 0 0 1 1 0 1
2014   2 28  1 43 11 424946  -15.64646  -50.17702     4879 118.2  2  0  6 15 0 0 1 1 0 0 0 1 0 1 0 1 0 1
2014   2 28  1 43 11 450372   28.45927  165.15669    24728  17.7  0  0  5 10 0 0 0 1 1 0 0 1 0 0 0 1 0 1
2014   2 28  1 43 11 459465   28.46656  165.19307    25158  18.5  0  0  5 10 0 0 0 1 1 0 0 1 0 0 0 1 0 1
2014   2 28  1 43 12 567022    0.79783    7.94771    14604  10.6  0  0  5  7 0 0 1 1 1 0 0 1 0 0 1 0 0 0
2014   2 28  1 43 12 978643    7.01376  -73.52075     4684   4.2  0  0  5 10 0 0 0 1 1 0 0 0 0 1 0 1 0 1
2014   2 28  1 43 13 662526  -25.90520  -44.35897     3340  20.7  0  0  5 10 0 0 1 1 1 0 0 1 0 0 1 0 0 0
2014   2 28  1 43 13 673295  -25.83494  -44.41150     2697  16.5  0  0  7 18 0 0 0 1 1 0 0 1 0 1 1 1 0 1
2014   2 28  1 43 13 684564  -25.88566  -44.36417     2982  22.9  0  0  6 15 0 0 1 1 1 0 0 1 0 0 1 0 0 1
2014   2 28  1 43 13 696970  -25.83458  -44.41736     3388  17.8  0  0  5  9 0 0 0 1 1 0 0 1 0 0 1 0 0 1
2014   2 28  1 43 13 721830  -25.82276  -44.41748     3276  18.4  0  0  5 10 0 0 0 1 1 0 0 1 0 0 1 0 0 1
2014   2 28  1 43 13 732921  -25.90604  -44.41709     3505  48.4  0  0  7 18 0 0 1 1 1 0 0 1 0 0 1 1 0 1
2014   2 28  1 43 13 741969  -25.81903  -44.41167     3504  20.0  0  0  5  9 0 0 0 1 1 0 0 1 0 0 1 0 0 1
2014   2 28  1 43 13 754138  -25.91187  -44.33895     3888  25.0  0  0  5 10 0 0 1 1 0 0 0 1 0 0 1 0 0 1
2014   2 28  1 43 13 765731  -25.91675  -44.35103     3179  18.5  0  0  5 10 0 0 1 1 0 0 0 1 0 1 1 0 0 0
2014   2 28  1 43 13 794460    4.12163  -71.77599     3919  25.5  0  0  7 19 0 0 0 1 1 0 0 1 0 1 1 1 0 1
2014   2 28  1 43 13 876318  -25.82510  -44.41148     3310  18.5  0  0  5 10 0 0 0 1 0 0 0 1 0 1 1 0 0 1
2014   2 28  1 43 14 693933  -15.87032  -49.79198     3623  26.1  0  0  5 10 0 0 0 1 1 0 0 0 0 1 1 0 0 1
2014   2 28  1 43 14 839185  -15.89411  -49.76630     2780  22.4  0  0  6 15 0 0 1 1 1 0 0 1 0 0 1 0 0 1
2014   2 28  1 43 14 869896    3.20350  -71.44076    12155  32.2  0  0  6 15 0 0 0 1 1 0 0 1 0 1 1 0 0 1
2014   2 28  1 43 15  64826  -24.05487  -45.84522     3602  35.5  1  0  5 10 0 0 1 1 1 0 0 0 0 0 1 0 0 1
2014   2 28  1 43 15 883900  -23.18208  -47.08594     3314  36.0  1  0  5 10 0 0 0 1 1 0 0 1 0 0 1 0 0 1
2014   2 28  1 43 16 430609  -23.19233  -47.07495     2971  36.2  0  0  6 15 0 0 1 1 1 0 0 1 0 0 1 0 0 1
2014   2 28  1 43 16 462623  -23.15575  -47.24270     4073  53.6  2  0  5 10 0 0 1 1 1 0 0 0 0 1 1 0 0 0
2014   2 28  1 43 17 851089  -23.67418  -46.89875     3832  51.3  1  0  6 15 0 0 1 1 1 0 0 1 0 0 1 0 0 1
2014   2 28  1 43 17 894744  -16.46430   22.57792    42876  44.8  1  0  5 10 0 0 1 1 1 0 0 0 0 0 1 0 0 1
2014   2 28  1 43 18 567988   -5.49383  -73.55838     7104  58.0  1  0  6 15 0 0 1 1 1 0 0 1 0 0 1 0 0 1
2014   2 28  1 43 19 378880  -13.14970  -57.01656     5917  71.9  2  0  6 15 0 0 0 1 1 0 0 1 0 1 1 0 0 1
2014   2 28  1 43 19 888526    0.13300  -71.92776     4286  60.2  1  0  7 21 0 0 1 0 1 0 0 1 0 1 1 1 0 1
2014   2 28  1 43 20   5599    0.26648  -72.25641     4302  31.6  1  0  5  9 0 0 1 1 0 0 0 1 0 0 1 1 0 0
2014   2 28  1 43 20  38293    0.17439  -72.34461     6378  68.5  2  0  6 15 0 0 0 1 1 0 0 1 0 0 1 1 0 1
2014   2 28  1 43 20 190419  -13.12957  157.30928    14067  57.0  2  0  5 10 0 0 0 0 1 0 0 1 0 0 1 1 0 1
2014   2 28  1 43 20 259660  -22.69957  -48.80468     3097  12.5  0  0  4  6 0 0 1 1 0 0 0 1 0 1 0 0 0 0
2014   2 28  1 43 20 353410    0.16400  -72.37418     7649  71.3  2  0  5 10 0 0 0 1 1 0 0 1 0 0 1 1 0 0
2014   2 28  1 43 20 499435  -13.69745  -51.75818     3199  60.4  1  0  7 21 0 0 1 1 1 0 0 0 0 1 1 1 0 1
2014   2 28  1 43 21  55228  -25.89717  -44.68996     4275  57.8  1  0  6 15 0 0 1 1 1 0 0 1 0 0 1 0 0 1
2014   2 28  1 43 25  49126  -25.63889  -44.86903     3756  67.7  1  0  7 21 0 0 1 1 1 0 0 1 0 1 1 0 0 1
2014   2 28  1 43 25 111186  -25.80122  -44.65955     5196 108.2  2  0  7 21 0 0 1 1 1 0 0 1 0 0 1 1 0 1
2014   2 28  1 43 25 173986  -25.49615  -44.95763     4785  38.4  1  0  5  8 0 0 0 1 1 0 0 1 0 0 1 0 0 1
2014   2 28  1 43 25 910236    5.97230  -74.53695     7296 101.8  2  0  7 19 0 0 1 0 1 0 0 1 0 1 1 1 0 1
2014   2 28  1 43 27 148463  -15.85084  -49.97440     4330 115.3  2  0  7 21 0 0 1 1 1 0 0 1 0 1 1 0 0 1
2014   2 28  1 43 27 184630  -15.86144  -50.03282     4952 115.5  2  0  6 15 0 0 0 1 1 0 0 1 0 1 1 0 0 1
2014   2 28  1 43 27 233123  -15.99891  -50.60290     3742  29.8  0  0  5  9 0 0 0 1 1 0 0 1 0 0 0 1 0 1
2014   2 28  1 43 27 259163  -15.66300  -50.15303     4348 121.0  2  0  7 21 0 0 1 1 0 0 0 1 0 1 1 1 0 1
2014   2 28  1 43 27 342329  -15.85334  -49.97766     4347 116.0  2  0  7 21 0 0 1 1 1 0 0 1 0 1 1 0 0 1
2014   2 28  1 43 27 732196  -25.72500  -44.97591     5383  87.2  2  0  6 15 0 0 1 1 1 0 0 1 0 0 1 0 0 1
2014   2 28  1 43 28 489679   -8.06673  -60.11922     3000  11.9  0  0  5 10 0 0 0 1 1 0 0 0 0 0 1 1 0 1
2014   2 28  1 43 28 736918  -25.75345  -44.52166     4089  10.2  0  0  5  7 0 0 0 0 1 0 0 1 0 1 1 0 0 1
2014   2 28  1 43 28 778342  -25.74392  -44.47554     3851  15.3  0  0  5 10 0 0 0 0 1 0 0 1 0 1 1 0 0 1
2014   2 28  1 43 28 828298  -25.85081  -44.34716     4205  16.2  0  0  5  7 0 0 1 0 0 0 0 1 0 1 1 1 0 0
2014   2 28  1 43 28 882315  -23.74640 -139.74501     7136  15.3  0  0  6 14 0 0 1 0 1 0 0 1 0 1 1 1 0 0
2014   2 28  1 43 28 940470  -23.76159 -139.60323     8058   9.3  0  0  5 10 0 0 1 1 1 0 0 0 0 0 0 1 0 1
2014   2 28  1 43 28 956555  -23.70696 -139.92107     9087   8.4  0  0  5  8 0 0 1 1 0 0 0 1 0 0 1 1 0 0
2014   2 28  1 43 29 113229  -25.85894  -44.44571     3047  21.0  0  0  6 14 0 0 1 1 1 0 0 1 0 0 1 0 0 1
2014   2 28  1 43 29 148962  -18.80831 -138.33777    14536  56.0  1  0  6 15 0 0 1 1 1 0 0 1 0 0 0 1 0 1
2014   2 28  1 43 29 256188  -20.01735 -135.15894    10805  17.0  0  0  6 15 0 0 1 1 1 0 0 1 0 0 1 0 0 1
2014   2 28  1 43 29 310253  -18.80374 -137.55727     6373  14.7  0  0  6 15 0 0 1 1 1 0 0 0 0 0 1 1 0 1
2014   2 28  1 43 29 414281  -25.78621  -44.44804     3258  16.8  0  0  5  9 0 0 1 1 1 0 0 0 0 0 1 0 0 1
2014   2 28  1 43 29 512961  -25.80145  -44.44506     4394  23.2  0  0  5 10 0 0 1 0 1 0 0 1 0 0 1 0 0 1
2014   2 28  1 43 30 399254   -5.70468  -75.02463     2884   3.7  0  0  5  9 0 0 1 1 0 0 0 1 0 0 1 1 0 0
2014   2 28  1 43 30 557465  -23.96647  -45.91589     3613  30.4  1  0  5 10 0 0 0 1 1 0 0 1 0 0 1 0 0 1
2014   2 28  1 43 30 935460  -23.94925  -45.92769     3647  31.8  1  0  5 10 0 0 0 1 1 0 0 1 0 0 1 0 0 1
2014   2 28  1 43 31 243000  -24.06647  -45.87091     3712  32.8  1  0  5 10 0 0 0 1 1 0 0 1 0 0 1 0 0 1
2014   2 28  1 43 31 270726  -24.07671  -45.86046     3757  34.1  1  0  5 10 0 0 0 1 1 0 0 1 0 0 1 0 0 1
2014   2 28  1 43 31 429672  -24.18162  -45.67213     2908  28.9  0  0  6 15 0 0 1 1 1 0 0 1 0 1 0 0 0 1
2014   2 28  1 43 31 640479  -25.65775  -44.57654     3398  20.3  0  0  5 10 0 0 0 1 1 0 0 1 0 0 1 0 0 1
2014   2 28  1 43 31 728847  -25.86586  -44.46183     3192  28.0  0  0  6 15 0 0 1 1 1 0 0 1 0 0 1 0 0 1
2014   2 28  1 43 31 778908  -25.95995  -44.31204     4212  15.7  0  0  4  6 0 0 1 1 0 0 0 1 0 0 1 0 0 0
2014   2 28  1 43 32  28317  -21.94738  -51.91190     3269  48.2  0  0  7 17 0 0 1 1 1 0 0 1 0 1 1 1 0 0
2014   2 28  1 43 32  58514  -22.03761  -51.78036     2964  32.6  0  0  6 15 0 0 1 1 1 0 0 1 0 0 1 0 0 1
2014   2 28  1 43 32 300141  -21.97077  -51.84513     2946  47.0  0  0  7 20 0 0 1 1 1 0 0 1 0 0 1 1 0 1
2014   2 28  1 43 32 308289  -13.45420  158.00258    10256  20.9  1  0  4  6 0 0 0 1 0 0 0 1 0 0 1 1 0 0
2014   2 28  1 43 32 552965  -13.48010  158.15541     9126  27.4  0  0  5 10 0 0 1 1 0 0 0 1 0 0 1 1 0 0
2014   2 28  1 43 33 844867    4.72010  -84.16541    10219  53.5  2  0  5 10 0 0 0 1 1 0 0 1 0 0 1 1 0 0
2014   2 28  1 43 34 477335  -24.13609 -135.15280    43039  61.5  2  0  5 10 0 0 1 1 0 0 0 1 0 1 1 0 0 0
2014   2 28  1 43 35 973537  -16.92182 -139.72160    19820  83.6  2  0  6 15 0 0 1 1 1 0 0 1 0 0 1 1 0 0
2014   2 28  1 43 36   5066  -17.19884 -138.35312    18027  94.1  2  0  7 21 0 0 1 0 1 0 0 1 0 1 1 1 0 1
2014   2 28  1 43 36  63681   -5.46155  -75.47343     6173  27.3  1  0  4  6 0 0 0 1 0 0 0 1 0 0 1 1 0 0
2014   2 28  1 43 36 593005  -15.93587  -49.85636     3934  62.1  2  0  6 15 0 0 1 1 1 0 0 1 0 0 1 0 0 1
2014   2 28  1 43 36 630542  -16.51575  -49.33465     5955  45.7  1  0  5  9 0 0 1 1 1 0 0 0 0 0 1 0 0 1
2014   2 28  1 43 36 634338   -5.23369    6.94021    72425  55.7  2  0  5 10 0 0 1 1 1 0 0 0 0 0 1 0 0 1
2014   2 28  1 43 37  26034    5.16252  -73.52058     5354  76.2  2  0  7 19 0 0 1 1 1 0 0 1 0 0 1 1 0 1
2014   2 28  1 43 37  99873   -4.22597  -75.24615     5483  76.7  2  0  6 15 0 0 1 1 1 0 0 1 0 0 1 1 0 0
2014   2 28  1 43 37 116497  -12.44837  -57.34912     5531  86.6  2  0  6 15 0 0 0 1 1 0 0 0 0 1 1 1 0 1
2014   2 28  1 43 38 992494  -15.76602  -49.92097     3642  81.1  2  0  7 21 0 0 1 1 1 0 0 1 0 1 1 0 0 1
2014   2 28  1 43 40 476030  -25.74717  -44.89766     4247  46.9  1  0  5 10 0 0 1 1 1 0 0 1 0 0 0 0 0 1
2014   2 28  1 43 40 483771  -25.71285  -44.79497     4531  65.4  2  0  6 15 0 0 1 1 1 0 0 1 0 0 1 0 0 1
2014   2 28  1 43 40 506092  -25.71421  -44.86495     3867  55.2  1  0  6 15 0 0 1 1 1 0 0 1 0 1 1 0 0 0
2014   2 28  1 43 40 519487  -25.70629  -44.78933     4612  67.5  2  0  6 15 0 0 1 1 1 0 0 1 0 0 1 0 0 1
2014   2 28  1 43 40 641769  -19.54371  -50.79081     5047  61.7  2  0  6 11 0 0 1 1 1 0 0 1 0 0 1 0 0 1
2014   2 28  1 43 41  67992  -25.73014  -44.61227     7891  66.4  2  0  5 10 0 0 1 0 1 0 0 1 0 0 1 0 0 1
2014   2 28  1 43 41  92982  -25.70175  -44.98730     4471  51.6  2  0  5 10 0 0 1 1 1 0 0 1 0 0 0 0 0 1
2014   2 28  1 43 41 237423  -22.42048  -48.87781     5060 148.2  2  0  7 18 0 0 1 1 1 0 0 1 0 0 1 1 0 1
2014   2 28  1 43 41 529570   45.78507 -122.64326    44655   4.3  0  0  4  6 0 0 1 1 0 0 0 1 0 0 0 1 0 0
2014   2 28  1 43 42 163715   -4.68041  -40.80161     6996  33.6  1  0  5 10 0 0 1 0 0 0 0 1 0 0 1 1 0 1
2014   2 28  1 43 42 497794   -0.20549  -72.07648    36649 135.1  2  0  6 15 0 0 0 1 1 0 0 1 0 1 1 0 0 1
2014   2 28  1 43 43 390393   -5.92777  -54.72549     6882 123.6  2  0  6 15 0 0 0 1 1 0 0 0 0 1 1 1 0 1
2014   2 28  1 43 43 707191  -19.61706   37.02716    41338 124.4  2  0  6 15 0 0 1 1 1 0 0 1 0 0 1 0 0 1
2014   2 28  1 43 43 859924  -14.30014  -56.35923    14274  80.7  2  0  5 10 0 0 0 1 1 0 0 0 0 1 1 0 0 1
2014   2 28  1 43 44 179384  -24.15353  -45.80378     5364  15.1  0  0  4  6 0 0 0 1 0 0 0 1 0 1 0 0 0 1
2014   2 28  1 43 44 220728  -23.98582  -45.84839     2822  20.0  0  0  6 15 0 0 1 1 1 0 0 1 0 0 1 0 0 1
2014   2 28  1 43 44 238635  -18.32768   24.15545    14647   9.0  0  0  5 10 0 0 1 1 1 0 0 0 0 0 1 0 0 1
2014   2 28  1 43 44 332234  -23.95255  -45.85476     3274  21.3  0  0  5 10 0 0 0 1 1 0 0 1 0 0 1 0 0 1
2014   2 28  1 43 44 377680   -5.57152  -73.52513     2571  12.8  0  0  7 21 0 0 1 1 1 0 0 1 0 0 1 1 0 1
2014   2 28  1 43 44 431381   -5.22476  -72.21585     3687   7.3  0  0  4  6 0 0 0 1 0 0 0 1 0 0 1 1 0 0
2014   2 28  1 43 44 567563  -24.09907  -45.79391     2674  22.7  0  0  7 20 0 0 1 1 1 0 0 1 0 0 1 1 0 1
2014   2 28  1 43 44 643998  -24.09684  -45.77473     3422  24.7  0  0  5 10 0 0 0 1 1 0 0 1 0 0 1 0 0 1
2014   2 28  1 43 45  19566  -24.10410  -45.79617     2569  22.5  0  0  7 21 0 0 1 1 1 0 0 1 0 1 1 0 0 1
2014   2 28  1 43 45  31242  -24.07143  -45.88858     3083  18.4  0  0  5 10 0 0 1 1 1 0 0 1 0 0 1 0 0 0
2014   2 28  1 43 45 370015    5.27202  -71.94309     3860  18.7  0  0  6 14 0 0 0 1 1 0 0 1 0 0 1 1 0 1
2014   2 28  1 43 45 551950  -26.03005 -135.70468    10844  23.0  0  0  5 10 0 0 1 0 1 0 0 1 0 0 1 1 0 0
2014   2 28  1 43 46  38501    4.02906  -72.06623     3755  25.7  0  0  7 18 0 0 0 1 1 0 0 1 0 1 1 1 0 1
2014   2 28  1 43 46 159667  -19.55710  -50.82182     2750   5.5  0  0  4  6 0 0 0 1 1 0 0 1 0 1 0 0 0 0
2014   2 28  1 43 46 289165  -10.48737  -75.57351     3027  10.4  0  0  5  9 0 0 1 1 0 0 0 1 0 0 1 1 0 0
2014   2 28  1 43 46 387774    4.04802  -72.04054     4396  24.6  0  0  5 10 0 0 0 1 1 0 0 1 0 0 1 1 0 0
2014   2 28  1 43 47 299098  -25.77993  -44.47787     3056  24.4  0  0  6 15 0 0 0 1 1 0 0 1 0 1 1 0 0 1
2014   2 28  1 43 47 316838  -25.82714  -44.40905     3493  25.8  0  0  5 10 0 0 1 1 1 0 0 0 0 0 1 0 0 1
2014   2 28  1 43 47 378747  -23.64333  -47.21004     3337  27.8  0  0  5 10 0 0 1 1 1 0 0 1 0 0 1 0 0 0
2014   2 28  1 43 47 412941  -25.82149  -44.44856     2766  28.2  0  0  7 21 0 0 1 1 1 0 0 1 0 1 1 0 0 1
2014   2 28  1 43 47 470588  -25.83722  -44.46139     2825  11.9  0  0  5 10 0 0 1 1 1 0 0 0 0 1 0 0 0 1
2014   2 28  1 43 47 638094  -25.83618  -44.44156     2913  29.3  0  0  7 19 0 0 1 1 1 0 0 1 0 1 1 0 0 1
2014   2 28  1 43 48   8471    0.48809  -72.73628     7080  23.1  1  0  4  6 0 0 0 1 0 0 0 1 0 0 0 1 0 1
2014   2 28  1 43 48  90870  -16.05925  -49.71968     2760  27.5  0  0  6 15 0 0 1 1 1 0 0 1 0 1 0 0 0 1
2014   2 28  1 43 48 129778  -12.31708  -57.38080     4549  42.6  1  0  5 10 0 0 1 1 0 0 0 1 0 1 1 0 0 0
2014   2 28  1 43 48 245950  -25.97117  -44.32539     4073  13.8  0  0  4  6 0 0 1 1 0 0 0 1 0 0 1 0 0 0
2014   2 28  1 43 49 116130  -17.51064  177.52730    16119  51.8  1  0  6 15 0 0 1 0 1 0 0 1 0 0 1 1 0 1
2014   2 28  1 43 49 536914  -17.39748  177.54860    18152   1.7  0  0  4  6 0 0 1 1 0 0 0 0 0 0 1 1 0 0
2014   2 28  1 43 49 664536  -25.98250 -137.42918     7619  10.5  0  0  5 10 0 0 1 1 0 0 0 1 0 0 1 1 0 0
2014   2 28  1 43 50 460452   -4.30425  -74.16464     5854  57.3  1  0  6 15 0 0 0 1 1 0 0 1 0 0 1 1 0 1
2014   2 28  1 43 50 468617   -4.34566  -74.21522     5658  64.9  1  0  7 21 0 0 0 1 1 0 0 1 0 1 1 1 0 1
2014   2 28  1 43 50 496531   -4.18813  -74.18599     4738  17.5  0  0  4  6 0 0 0 1 0 0 0 1 0 0 1 1 0 0
2014   2 28  1 43 50 504346   -4.18794  -74.19546     4829  18.3  0  0  4  6 0 0 0 1 0 0 0 1 0 0 1 1 0 0
2014   2 28  1 43 50 684929   -4.41651  -74.73815     7458 102.3  2  0  7 21 0 0 0 1 1 0 0 1 0 0 1 1 1 1
2014   2 28  1 43 51 120615  -32.86070  -42.78144     5428  63.9  1  0  7 16 0 0 1 1 1 0 0 1 0 0 1 1 0 1
2014   2 28  1 43 51 176390  -19.20405  166.26205   206862  61.3  2  0  5 10 0 0 1 1 1 0 0 1 0 0 1 0 0 0
2014   2 28  1 43 51 552220  -13.21872  158.60052    11891  61.4  2  0  6 15 0 0 0 1 1 0 0 1 0 0 1 1 0 1
2014   2 28  1 43 51 802049  -15.70594  -49.90592     3887  70.5  2  0  6 15 0 0 1 1 0 0 0 1 0 0 1 1 0 1
2014   2 28  1 43 51 816432  -15.84443  -49.80546     4077  53.9  1  0  6 11 0 0 1 1 1 0 0 1 0 0 1 0 0 1
2014   2 28  1 43 51 903021  -15.76556  -49.92323     3858  72.2  2  0  7 16 0 0 1 1 1 0 0 1 0 0 0 1 1 1
2014   2 28  1 43 51 962657  -13.29119  159.43044     6670  10.4  0  0  5 10 0 0 1 1 0 0 0 1 0 0 1 1 0 0
2014   2 28  1 43 51 965453  -15.83049  -49.75234     3892  59.8  1  0  6 15 0 0 1 1 1 0 0 1 0 0 1 0 0 1
2014   2 28  1 43 52  33680  -13.36388  -51.83531     5210  64.4  2  0  6 12 0 0 1 1 1 0 0 1 0 0 1 0 0 1
2014   2 28  1 43 52 144868  -15.85096  -49.87629     3464  55.8  1  0  6 15 0 0 1 1 1 0 0 1 0 1 0 0 0 1
2014   2 28  1 43 52 210062  -15.84160  -49.88345     3634  63.8  2  0  6 15 0 0 0 1 1 0 0 1 0 1 1 0 0 1
2014   2 28  1 43 52 380646  -15.84076  -49.88721     3667  65.2  2  0  6 15 0 0 0 1 1 0 0 1 0 1 1 0 0 1
2014   2 28  1 43 52 439696  -15.80183  -49.89721     3895  67.9  2  0  6 15 0 0 1 1 1 0 0 1 0 1 1 0 0 0
2014   2 28  1 43 52 704461  -24.95781  -45.60399     4318  62.7  2  0  6 15 0 0 1 1 1 0 0 1 0 0 1 0 0 1
2014   2 28  1 43 52 717988  -24.96444  -45.59457     4313  62.4  2  0  6 15 0 0 1 1 1 0 0 1 0 0 1 0 0 1
2014   2 28  1 43 53  79579  -25.72754  -44.66618     4778  52.6  2  0  5 10 0 0 1 1 1 0 0 0 0 0 1 0 0 1
2014   2 28  1 43 53 111870  -25.76007  -44.65877     4230  54.9  1  0  6 14 0 0 1 1 1 0 0 1 0 0 1 0 0 1
2014   2 28  1 43 53 346336  -25.79142  -44.46843     6832  54.1  2  0  5 10 0 0 1 0 1 0 0 1 0 0 1 0 0 1
2014   2 28  1 43 53 410891  -25.74661  -44.66341     4096  55.4  1  0  6 15 0 0 1 1 1 0 0 1 0 0 1 0 0 1
2014   2 28  1 43 53 439096  -25.73158  -44.68171     5071  55.6  1  0  6 12 0 0 1 1 1 0 0 1 0 0 1 0 0 1
2014   2 28  1 43 53 481152  -19.77106   23.03972    57462  66.6  2  0  5 10 0 0 1 1 1 0 0 0 0 0 1 0 0 1
2014   2 28  1 43 53 616819  -25.59042  -44.76860     4373  43.5  1  0  5 10 0 0 0 1 1 0 0 1 0 0 1 0 0 1
2014   2 28  1 43 53 675347  -25.61728  -44.77329     4576  44.9  1  0  5  9 0 0 0 1 1 0 0 1 0 0 1 0 0 1
2014   2 28  1 43 54 152418  -17.47602   20.40479    62473  70.4  2  0  5 10 0 0 1 1 1 0 0 0 0 0 1 0 0 1
2014   2 28  1 43 54 442117  -23.49763  -47.17220     3337  39.5  1  0  5  7 0 0 1 0 1 0 0 1 0 0 1 0 0 1
2014   2 28  1 43 54 487861  -23.13387  -47.31992     3602  22.7  0  0  5  7 0 0 1 0 1 0 0 0 0 1 1 1 0 0
2014   2 28  1 43 54 992996  -30.21262  -47.68555     3848   2.7  0  0  4  6 0 0 1 1 1 0 0 1 0 0 0 0 0 0
2014   2 28  1 43 55 165463  -22.68421 -142.57063    12350  29.7  0  0  5 10 0 0 1 1 0 0 0 1 0 0 1 1 0 0
2014   2 28  1 43 55 165856  -12.88762  -70.42564     7692  95.3  2  0  6 15 0 0 1 1 1 0 0 1 0 0 1 0 0 1
2014   2 28  1 43 55 302770  -23.46709  -45.65092     5326  92.1  2  0  6 15 0 0 1 1 1 0 0 1 0 0 1 0 0 1
2014   2 28  1 43 56 459972  -17.06413 -142.56615    43466 132.7  2  0  7 21 0 0 0 1 1 0 0 1 0 1 1 1 0 1
2014   2 28  1 43 56 528303  -19.65944  -50.65362     4526  72.7  2  0  6 13 0 0 1 1 1 0 0 1 0 0 1 0 0 1
2014   2 28  1 43 57 341802  -17.13730  -55.12418     2963   9.5  0  0  4  6 0 0 1 1 0 0 0 0 0 0 1 1 0 0
2014   2 28  1 43 57 542576   -2.71307  -68.82973     5164  20.8  1  0  4  6 0 0 0 1 0 0 0 0 0 0 1 1 0 1
2014   2 28  1 43 57 812999    6.02380  -77.79735    16040 121.0  2  0  6 14 0 0 0 1 1 0 0 1 0 0 1 1 0 1
2014   2 28  1 43 58 228421  -23.89924  -46.37636     3329  14.3  0  0  4  6 0 0 1 1 1 0 0 1 0 0 0 0 0 0
2014   2 28  1 43 58 690765  -25.60027  -44.81353     5293  90.4  2  0  7 20 0 0 1 0 1 0 0 1 0 1 1 1 0 1
2014   2 28  1 43 58 811344  -25.59782  -44.91229     4502  72.9  2  0  6 15 0 0 1 1 1 0 0 0 0 1 1 0 0 1
2014   2 28  1 43 58 955475  -25.69882  -44.85275     5604  67.0  2  0  5 10 0 0 1 1 1 0 0 1 0 0 1 0 0 0
2014   2 28  1 43 59   5339  -25.69995  -44.85421     5601  66.7  2  0  5 10 0 0 1 1 1 0 0 1 0 0 1 0 0 0
2014   2 28  1 43 59  46234  -25.61941  -44.92636     4982  83.8  2  0  6 15 0 0 1 1 0 0 0 1 0 1 1 0 0 1
2014   2 28  1 43 59 245418  -25.61327  -44.94452     5017  85.0  2  0  6 15 0 0 1 1 0 0 0 1 0 1 1 0 0 1
2014   2 28  1 43 59 312503  -25.61534  -44.93895     3981  77.6  2  0  7 21 0 0 1 1 1 0 0 1 0 1 1 0 0 1
2014   2 28  1 43 59 741352  -11.62879  -74.84056     7398 122.3  2  0  6 15 0 0 1 0 1 0 0 1 0 1 0 1 0 1
2014   2 28  1 43 59 872489  -24.28709  -50.32948     5354 101.3  2  0  6 13 0 0 1 0 1 0 0 1 0 1 1 0 0 1
2014   2 28  1 43 59 908087  -25.64141  -44.88349     5521  88.2  2  0  6 14 0 0 1 1 1 0 0 1 0 0 1 0 0 1
2014   2 28  1 44  1 374609  -21.03477  -53.59703     2561  18.4  0  0  6 15 0 0 1 0 1 0 0 1 0 1 0 0 1 1
2014   2 28  1 44  1 393910  -21.03805  -53.59772     2572  18.4  0  0  6 15 0 0 1 1 1 0 0 1 0 1 0 0 0 1
2014   2 28  1 44  3 251912  -25.87477  -44.45148     3289  22.5  0  0  5 10 0 0 1 1 1 0 0 1 0 0 0 0 0 1
2014   2 28  1 44  3 574893  -22.53125  -48.73633     3629  27.5  0  0  5  7 0 0 1 1 1 0 0 1 0 0 0 0 0 1
2014   2 28  1 44  3 604971  -22.62291  -48.89913     2883   8.5  0  0  5  7 0 0 0 1 1 0 0 1 0 1 0 0 0 1
2014   2 28  1 44  5 498586  -23.27151 -133.31877    22273  48.3  1  0  6 15 0 0 1 1 1 0 0 1 0 1 0 0 0 1
2014   2 28  1 44  6 316434    3.75387  -10.41797    43561  55.8  2  0  5  8 0 0 1 1 1 0 0 1 0 0 0 0 0 1
2014   2 28  1 44  8 167166  -25.75541  -44.73514     3704  35.0  1  0  5 10 0 0 1 1 1 0 0 1 0 0 0 0 0 1
2014   2 28  1 44  8 175452  -25.75360  -44.73773     2995  32.0  0  0  6 15 0 0 1 1 1 0 0 1 0 1 0 0 0 1
2014   2 28  1 44  8 253303  -25.75078  -44.73418     3733  35.9  1  0  5 10 0 0 1 1 1 0 0 1 0 0 0 0 0 1
2014   2 28  1 44  9 352464   -5.90636  -59.15435     7794  35.4  1  0  5  9 0 0 0 1 1 0 0 1 0 1 0 0 0 1
2014   2 28  1 44 11 389824    4.66103  -73.41662     9928  38.7  1  0  5  9 0 0 1 0 1 0 0 1 0 1 0 0 0 1
2014   2 28  1 44 12 301465  -23.51637  -46.67022     3277  23.6  0  0  5 10 0 0 1 1 1 0 0 1 0 1 0 0 0 0
2014   2 28  1 44 12 368830  -23.60358  -46.39064     5049 106.0  2  0  6 15 0 0 1 1 1 0 0 1 0 1 0 0 0 1
2014   2 28  1 44 12 994191  -25.73573  -44.89428     4392  51.0  2  0  5 10 0 0 1 1 1 0 0 1 0 0 0 0 0 1
2014   2 28  1 44 13  18960  -25.73931  -44.89734     3338  44.6  1  0  6 15 0 0 1 1 1 0 0 1 0 1 0 0 0 1
2014   2 28  1 44 13 136748  -25.59092  -44.97872     3693  34.6  1  0  5  9 0 0 1 1 1 0 0 0 0 1 0 0 0 1
2014   2 28  1 44 14 905880  -25.63036  -45.06925     3611  54.2  1  0  6 15 0 0 1 1 1 0 0 1 0 1 0 0 0 1
2014   2 28  1 44 14 960852  -25.60994  -45.07115     3878  42.4  1  0  5  9 0 0 1 1 1 0 0 0 0 1 0 0 0 1
2014   2 28  1 44 16 376009  -19.59926  -50.88494     2705  24.6  0  0  6 13 0 0 1 1 1 0 0 1 0 1 0 0 0 1
2014   2 28  1 44 16 663268  -13.42474  -51.75828     2899   4.1  0  0  4  6 0 0 1 1 0 0 0 1 0 1 0 0 0 0
2014   2 28  1 44 17 112131  -13.83392  -74.18237     2982   7.1  0  0  6 15 0 0 1 1 1 0 0 1 0 1 0 0 0 1
2014   2 28  1 44 18 228724  -25.86603  -44.36009     2824  24.1  0  0  6 15 0 0 1 1 1 0 0 1 0 1 0 0 0 1
2014   2 28  1 44 18 281549  -17.38599  -51.39096     2808   8.9  0  0  5  8 0 0 1 1 1 0 0 1 0 0 0 0 0 1
2014   2 28  1 44 18 291141  -17.40046  -51.39310     2882   7.5  0  0  5  7 0 0 1 1 1 0 0 1 0 0 0 0 0 1
2014   2 28  1 44 18 299717  -25.96155  -44.34227     6494  20.2  0  0  5  8 0 0 0 1 1 0 0 1 0 1 0 0 0 1
2014   2 28  1 44 18 736017  -25.84692  -44.38203     2925  12.4  0  0  5  9 0 0 1 1 1 0 0 0 0 1 0 0 0 1
2014   2 28  1 44 19  44002  -25.85264  -44.40374     6587  24.3  0  0  5  9 0 0 0 1 1 0 0 1 0 1 0 0 0 1
2014   2 28  1 44 20 898221  -25.83479  -44.54423     3662  34.2  1  0  5 10 0 0 1 1 1 0 0 1 0 0 0 0 0 1
2014   2 28  1 44 22 335317  -13.01374  -57.13762     4813  30.7  1  0  5 10 0 0 0 1 1 0 0 1 0 1 0 0 0 1
2014   2 28  1 44 22 458980  -23.93764  -45.94631     4398  56.6  2  0  5 10 0 0 1 0 1 0 0 1 0 1 0 0 0 1
2014   2 28  1 44 23 313171  -14.04843  -73.70922     5858  60.3  2  0  6 15 0 0 1 1 1 0 0 1 0 1 0 0 0 1
2014   2 28  1 44 23 553108  -15.78171  -49.87532     3350  50.9  1  0  6 15 0 0 1 1 1 0 0 1 0 1 0 0 0 1
2014   2 28  1 44 23 781750   38.14107 -169.02057    16561  34.4  1  0  5 10 0 0 1 1 1 0 0 1 0 0 0 0 0 1
2014   2 28  1 44 23 873004  -15.95019  -49.95016     3389  52.7  1  0  6 15 0 0 1 1 1 0 0 1 0 1 0 0 0 1
2014   2 28  1 44 23 896480  -15.95525  -49.94271     3384  52.5  1  0  6 15 0 0 1 1 1 0 0 1 0 1 0 0 0 1
2014   2 28  1 44 23 904818  -15.95068  -49.94305     3395  53.0  1  0  6 15 0 0 1 1 1 0 0 1 0 1 0 0 0 1
2014   2 28  1 44 24   8267  -15.95055  -49.88606     4515  55.0  2  0  5 10 0 0 1 1 1 0 0 1 0 0 0 0 0 1
2014   2 28  1 44 24  16282  -15.93912  -49.88282     4529  55.2  2  0  5 10 0 0 1 1 1 0 0 1 0 0 0 0 0 1
2014   2 28  1 44 25 433441  -23.67272  -46.26199     4431  84.5  2  0  6 15 0 0 1 1 1 0 0 1 0 1 0 0 0 1
2014   2 28  1 44 25 941248  -25.83000  -44.84670     4365  50.3  2  0  5 10 0 0 1 1 1 0 0 1 0 0 0 0 0 1
2014   2 28  1 44 26 257862  -25.77000  -44.76995     4321  49.7  1  0  5 10 0 0 1 1 1 0 0 1 0 0 0 0 0 1
2014   2 28  1 44 26 367605  -25.77054  -44.77945     4294  49.2  1  0  5 10 0 0 1 1 1 0 0 1 0 0 0 0 0 1
2014   2 28  1 44 27 275467   -5.13365  -73.77968    10080  95.7  2  0  6 15 0 0 1 1 1 0 0 1 0 1 0 0 0 1
2014   2 28  1 44 28 889378  -25.59449  -45.02376     4841  61.3  2  0  5 10 0 0 1 1 1 0 0 1 0 0 0 0 0 1
2014   2 28  1 44 30 710433  -25.75861  -44.92160     4169  26.7  1  0  4  6 0 0 1 1 0 0 0 1 0 1 0 0 0 0
2014   2 28  1 44 30 853333  -25.70382  -44.94796     3721  58.3  1  0  6 15 0 0 1 1 1 0 0 1 0 1 0 0 0 1
