2014   2 28  8  9 21 938159  -11.86689  -72.80521     4258  18.6  0  0  4  6 0 0 1 0 0 0 0 0 0 1 1 1 0 0
2014   2 28  8  9 22 670618    4.67607  150.49022     6723   5.2  0  0  4  6 0 0 1 0 0 0 0 0 0 1 1 1 0 0
2014   2 28  8  9 36 849535    0.39932    7.11556    40957   7.5  0  0  4  6 0 0 1 1 0 0 0 0 0 0 1 0 0 1
2014   2 28  8  9 36 897997   -0.44469    5.79063     7800  11.6  0  0  5 10 0 0 1 1 0 0 0 0 0 0 1 1 0 1
2014   2 28  8  9 37  76501   18.50064  -91.52395     8313   8.9  0  0  5  7 0 0 1 1 0 0 0 0 0 0 1 1 0 1
2014   2 28  8  9 38 748940  -12.25733  -71.73885     2901  10.8  0  0  5 10 0 0 1 1 0 0 0 0 0 0 1 1 0 1
2014   2 28  8  9 39 188210  -12.26546  -71.72164     2678  11.8  0  0  6 15 0 0 1 1 0 0 0 0 0 1 1 1 0 1
2014   2 28  8  9 41 301554  -33.15721  -39.70872     3612  19.5  0  0  5 10 0 0 1 1 0 0 0 0 0 1 1 0 0 1
2014   2 28  8  9 41 315169  -33.20238  -39.61920     3857   9.1  0  0  4  6 0 0 1 1 0 0 0 0 0 0 1 0 0 1
2014   2 28  8  9 41 376784  -33.15654  -39.70771     3637  19.7  0  0  5 10 0 0 1 1 0 0 0 0 0 1 1 0 0 1
2014   2 28  8  9 41 624607  -33.17592  -39.82318     5939  54.2  2  0  5 10 0 0 1 1 0 0 0 0 0 0 1 0 1 1
2014   2 28  8  9 41 674745  -33.21922  -39.58025     3900   9.6  0  0  4  6 0 0 1 1 0 0 0 0 0 0 1 0 0 1
2014   2 28  8  9 41 881879  -33.22247  -39.57135     3898   9.5  0  0  4  6 0 0 1 1 0 0 0 0 0 0 1 0 0 1
2014   2 28  8  9 41 909505  -33.21955  -39.57255     3784   7.9  0  0  4  6 0 0 1 1 0 0 0 0 0 0 1 0 0 1
2014   2 28  8  9 41 929658  -33.22385  -39.57061     3877   9.3  0  0  4  6 0 0 1 1 0 0 0 0 0 0 1 0 0 1
2014   2 28  8  9 41 961885    5.16889  -84.24059    54834  23.0  1  0  4  6 0 0 0 1 0 0 0 0 0 1 1 0 0 1
2014   2 28  8  9 42 478703  -21.86555 -139.20026    16606  25.2  1  0  4  6 0 0 1 1 0 0 0 0 0 0 0 1 0 1
2014   2 28  8  9 45 646223  -16.31377  -51.84637     3406  55.9  1  0  6 15 0 0 1 1 0 0 0 0 0 1 1 1 0 1
2014   2 28  8  9 48 638941   -4.31844  -71.34755     4452  55.7  1  0  6 15 0 0 1 1 0 0 0 0 0 1 1 1 0 1
2014   2 28  8  9 50  97995   -8.98523  148.77226    23262  50.3  2  0  5 10 0 0 1 1 0 0 0 0 0 0 1 1 0 1
2014   2 28  8  9 50 517834  -31.31224 -124.20589    55891  60.7  2  0  5 10 0 0 0 1 0 0 0 0 0 1 1 1 0 1
2014   2 28  8  9 50 554271  -30.77353 -119.28141    20368   3.2  0  0  4  6 0 0 0 1 0 0 0 0 0 0 1 1 0 1
2014   2 28  8  9 50 777846  -30.75343 -119.18896    20319   3.2  0  0  4  6 0 0 0 1 0 0 0 0 0 0 1 1 0 1
2014   2 28  8  9 51 179478  -23.17868  -45.75175     3400  49.1  1  0  6 15 0 0 1 1 0 0 0 0 0 1 1 1 0 1
2014   2 28  8  9 51 437951    8.95268  141.39014    24166  29.6  1  0  4  6 0 0 0 1 0 0 0 0 0 1 1 0 0 1
2014   2 28  8  9 52 187664    4.53734  -84.34352     5751  21.4  0  0  5  9 0 0 1 0 0 0 0 1 0 1 1 1 0 0
2014   2 28  8  9 52 245059    4.52939  -84.33038     3886  21.3  0  0  6 15 0 0 1 1 0 0 0 1 0 0 1 1 0 1
2014   2 28  8  9 52 277143    4.52079  -84.35978     4146  22.8  0  0  7 17 0 0 1 1 0 0 0 1 0 1 1 1 0 1
2014   2 28  8  9 52 505568  -26.33055 -134.70465    13112  21.2  0  0  6 15 0 0 0 1 1 0 0 1 0 1 0 1 0 1
2014   2 28  8  9 52 547163  -26.29423 -133.89839     6645  21.7  0  0  7 21 0 0 1 1 1 0 0 1 0 0 1 1 0 1
2014   2 28  8  9 52 649172  -20.73366  -47.30868     2475  22.4  0  0  7 20 0 0 0 1 0 0 0 1 0 1 1 1 1 1
2014   2 28  8  9 52 667516  -20.73416  -47.27650     2677  22.1  0  0  6 15 0 0 1 1 1 0 0 1 0 0 0 1 0 1
2014   2 28  8  9 52 668659  -22.72325 -139.86163    27660  31.0  1  0  4  6 0 0 0 1 0 0 0 1 0 0 1 1 0 0
2014   2 28  8  9 52 678538  -20.74288  -47.30463     2671  24.4  0  0  6 15 0 0 0 1 1 0 0 1 0 1 1 0 0 1
2014   2 28  8  9 52 678838  -22.73215 -139.40671    11765  27.6  0  0  5 10 0 0 1 1 1 0 0 1 0 0 0 1 0 0
2014   2 28  8  9 52 786437  -26.28370 -133.85686     8536  25.2  0  0  6 15 0 0 1 1 1 0 0 1 0 0 0 1 0 1
2014   2 28  8  9 53  25944  -20.73170  -47.27763     2708  23.5  0  0  6 15 0 0 1 1 1 0 0 1 0 0 0 1 0 1
2014   2 28  8  9 53  48714  -21.48385  -46.01809     3321  16.0  0  0  5  7 0 0 0 1 1 0 0 1 0 0 1 0 0 1
2014   2 28  8  9 53 288684   -4.05201  -71.40390     2895  24.2  0  0  7 21 0 0 1 1 1 0 0 1 0 0 1 1 0 1
2014   2 28  8  9 53 683187   -4.11000  -71.46458     3695  29.5  0  0  7 21 0 0 0 1 1 0 0 1 0 1 1 1 0 1
2014   2 28  8  9 53 717919   -4.04618  -71.21076     4301   9.7  0  0  4  6 0 0 0 1 0 0 0 0 0 0 1 1 0 1
2014   2 28  8  9 53 783666   -3.98264  -71.37267     3702  13.1  0  0  4  6 0 0 1 1 0 0 0 0 0 0 1 1 0 0
2014   2 28  8  9 54 243027   -6.56875  -55.04810     3357  35.3  0  0  6 15 0 0 0 1 1 0 0 1 0 0 1 1 0 1
2014   2 28  8  9 54 298794    1.08058  147.38782     6536  44.7  1  0  6 14 0 0 0 1 1 0 0 1 0 0 1 1 0 1
2014   2 28  8  9 54 640567  -30.50908  -41.48259     3494  28.4  0  0  6 15 0 0 1 1 1 0 0 1 0 0 1 0 0 1
2014   2 28  8  9 54 651446  -30.50968  -41.45624     4585  31.1  1  0  5 10 0 0 1 1 1 0 0 1 0 0 0 0 0 1
2014   2 28  8  9 55   4563  -21.30452  -46.36763     2801  39.7  0  0  7 20 0 0 1 1 0 0 0 1 0 1 1 1 0 1
2014   2 28  8  9 55 342727    7.49496  -73.58313     5348  44.8  1  0  6 12 0 0 1 1 1 0 0 1 0 0 1 1 0 0
2014   2 28  8  9 55 619870  -10.65725  -57.70152     3036  37.5  0  0  7 21 0 0 1 0 1 0 0 1 0 1 1 1 0 1
2014   2 28  8  9 56 360461  -34.17508  -37.59672     5638  43.9  1  0  5 10 0 0 1 1 1 0 0 1 0 0 1 0 0 0
2014   2 28  8  9 56 843309  -34.10966  -37.61926     4600  41.8  1  0  6 15 0 0 1 1 1 0 0 1 0 0 1 0 0 1
2014   2 28  8  9 56 852006  -34.18335  -37.56659     4675  42.9  1  0  6 15 0 0 1 1 1 0 0 1 0 0 1 0 0 1
2014   2 28  8  9 56 859372  -34.22090  -37.54709     4672  42.7  1  0  6 15 0 0 1 1 1 0 0 1 0 0 1 0 0 1
2014   2 28  8  9 57 280893  -31.59266 -179.78197    25671  47.5  1  0  5  9 0 0 0 1 1 0 0 1 0 0 0 1 0 1
2014   2 28  8  9 57 330407  -34.22125  -37.40932     4793  44.5  1  0  6 15 0 0 1 1 1 0 0 1 0 0 1 0 0 1
2014   2 28  8  9 57 379838  -32.36245 -134.42749    27076  68.6  2  0  5  9 0 0 1 1 0 0 0 1 0 0 1 1 0 0
2014   2 28  8  9 57 381402  -34.14995  -37.75517     6553  33.5  1  0  5 10 0 0 1 0 1 0 0 1 0 0 1 0 0 1
2014   2 28  8  9 57 575840   -2.05346 -174.03360    34242  40.1  1  0  5  8 0 0 0 1 0 0 0 0 0 1 1 1 0 1
2014   2 28  8  9 58 434013  -20.78945  -47.85633     3242  33.1  0  0  6 13 0 0 1 1 1 0 0 1 0 0 1 0 0 1
2014   2 28  8  9 58 589159    3.62793  -74.34366     9298  10.4  0  0  5 10 0 0 0 1 0 0 0 1 0 1 1 0 1 0
2014   2 28  8  9 58 673037    6.40438  -77.92402     5259  61.9  1  0  7 21 0 0 1 1 1 0 0 1 0 1 0 1 0 1
2014   2 28  8  9 58 718833    5.60538  -77.16003    11094  57.6  1  0  6 15 0 0 1 1 1 0 0 1 0 1 1 0 0 0
2014   2 28  8  9 58 749256    3.01076  -85.16130     7237  69.2  2  0  6 15 0 0 1 1 1 0 0 1 0 0 1 1 0 0
2014   2 28  8  9 58 783589    2.97474  -85.08846     5891  69.2  1  0  7 21 0 0 1 1 1 0 0 1 0 1 1 1 0 0
2014   2 28  8 10  0 351551  -20.53620  -45.94056     3771  32.6  1  0  5  9 0 0 1 1 0 0 0 1 0 0 1 0 0 1
2014   2 28  8 10  1 376281  -20.64792  -46.22289     3488  70.2  2  0  7 20 0 0 1 1 1 0 0 1 0 0 1 1 0 1
2014   2 28  8 10  1 383629  -20.70248  -46.13541     3450  43.1  1  0  6 15 0 0 1 1 1 0 0 1 0 0 1 0 0 1
2014   2 28  8 10  1 403573  -20.74229  -46.25101     3521  31.8  1  0  5 10 0 0 1 0 1 0 0 1 0 0 1 0 0 1
2014   2 28  8 10  1 435829  -21.28539  -46.99612     3521  71.0  2  0  7 18 0 0 1 1 1 0 0 1 0 0 1 1 0 1
2014   2 28  8 10  2 475435  -22.81038  -45.84123     5417  90.5  2  0  6 12 0 0 1 1 1 0 0 1 0 1 0 1 0 0
2014   2 28  8 10  3 499712   18.73693  -91.49713    17226 103.0  2  0  6 14 0 0 1 1 1 0 0 1 0 0 1 1 0 0
2014   2 28  8 10  4 523130   -0.33966  144.03000     9663  33.7  0  0  6 15 0 0 1 1 1 0 0 1 0 0 1 0 0 1
2014   2 28  8 10  4 777334  -10.06849  176.65468    33125 107.1  2  0  6 12 0 0 1 1 1 0 0 1 0 0 0 1 0 1
2014   2 28  8 10  5 342742    1.23955    8.13862    19934  55.3  2  0  5 10 0 0 1 0 1 0 0 0 0 0 1 1 0 1
2014   2 28  8 10  5 664210  -11.78711  -72.80957     5358 110.9  2  0  7 21 0 0 1 1 1 0 0 1 0 0 1 1 0 1
2014   2 28  8 10  5 869731  -10.48819  -56.52046     3065   7.2  0  0  4  6 0 0 0 1 0 0 0 0 0 0 1 1 0 1
2014   2 28  8 10  5 938145  -21.59236 -140.37921    31829 129.2  2  0  6 15 0 0 1 1 1 0 0 1 0 0 1 1 0 0
2014   2 28  8 10  7 575967  -33.11533  -39.53316     6696 110.9  2  0  7 21 0 0 1 1 1 0 0 1 0 1 1 0 0 1
2014   2 28  8 10  7 611307  -33.25806  -39.43896    10926  59.8  2  0  5  7 0 0 1 0 1 0 0 1 0 0 1 0 0 1
2014   2 28  8 10  7 768820   -4.01304  145.56677     5878   7.7  0  0  4  6 0 0 1 0 0 0 0 1 0 0 1 1 0 0
2014   2 28  8 10  7 837930  -32.98776  -40.19186    10088  97.5  2  0  6 15 0 0 1 0 1 0 0 1 0 1 1 0 0 1
2014   2 28  8 10  7 880570  -33.24952  -39.18679     7128  94.5  2  0  6 15 0 0 1 1 1 0 0 1 0 0 1 0 0 1
2014   2 28  8 10  7 906934  -33.12657  -39.78042    11257  81.8  2  0  5 10 0 0 1 0 1 0 0 1 0 0 1 0 0 1
2014   2 28  8 10  8  74114  -33.26838  -39.82294     5078  22.2  0  0  6 15 0 0 0 1 1 0 0 1 0 0 1 1 0 1
2014   2 28  8 10  8 147311  -33.20961  -39.89257     3399  22.6  0  0  6 15 0 0 1 1 0 0 0 1 0 1 1 0 0 1
2014   2 28  8 10  8 511648  -33.16049  -40.05971     3474  20.5  0  0  7 21 0 0 1 0 1 0 0 1 0 1 1 1 0 1
2014   2 28  8 10  8 909053    2.37503  -84.53712     3838  21.7  0  0  6 15 0 0 1 1 1 0 0 1 0 0 1 1 0 0
2014   2 28  8 10  9 145465    5.80858  -72.13267     9606   3.3  0  0  4  6 0 0 1 1 0 0 0 0 0 0 1 0 0 1
2014   2 28  8 10  9 535205    3.19506  153.14934     9293  17.7  0  0  6 15 0 0 0 1 1 0 0 1 0 1 1 0 0 1
2014   2 28  8 10  9 879596  -23.41613  -45.69135     3132  11.4  0  0  5 10 0 0 1 1 1 0 0 0 0 0 1 0 0 1
2014   2 28  8 10 10 197241    4.31184  152.64738     6816  20.7  0  0  5 10 0 0 1 0 0 0 0 1 0 0 1 1 0 1
2014   2 28  8 10 10 206650    4.26298  152.77000     6676  27.8  0  0  6 15 0 0 1 1 1 0 0 1 0 0 1 1 0 0
2014   2 28  8 10 10 434122    2.45683  -18.76497     6464  21.0  0  0  6 15 0 0 1 1 1 0 0 1 0 0 0 1 0 1
2014   2 28  8 10 10 677066  -33.33677  -39.88473     4131  28.5  0  0  6 15 0 0 1 1 1 0 0 1 0 0 0 1 0 1
2014   2 28  8 10 10 692148  -33.42110  -39.68201     3462  22.3  0  0  6 15 0 0 1 1 1 0 0 1 0 0 1 0 0 1
2014   2 28  8 10 10 715017  -33.40556  -39.67804     3420  21.5  0  0  6 15 0 0 1 1 1 0 0 1 0 0 1 0 0 1
2014   2 28  8 10 11  26299    6.74909  -73.33797    19512  50.4  1  0  6 15 0 0 0 1 1 0 0 1 0 1 1 0 0 1
2014   2 28  8 10 11 144987    6.62752  -73.17003     7651  47.5  0  0  7 21 0 0 1 1 1 0 0 1 0 1 1 0 0 1
2014   2 28  8 10 11 180022    7.31620  -73.69770     5463  60.1  1  0  7 18 0 0 1 0 1 0 0 1 0 1 1 1 0 1
2014   2 28  8 10 11 269221    7.66844  -73.95580     6174  43.9  1  0  6 14 0 0 1 0 1 0 0 1 0 0 1 1 0 1
2014   2 28  8 10 11 309681  -21.63020 -141.46320    11331  12.9  0  0  4  6 0 0 1 1 0 0 0 1 0 0 0 1 0 0
2014   2 28  8 10 11 871568  -11.75719  -73.06431     3194  36.9  0  0  7 21 0 0 1 1 1 0 0 1 0 0 1 1 0 1
2014   2 28  8 10 11 985160    0.47050    0.75725     8513  38.3  0  0  7 21 0 0 1 1 1 0 0 1 0 0 1 1 0 1
2014   2 28  8 10 12  71984  -21.33553  -46.03567     3142  56.8  1  0  7 19 0 0 1 1 0 0 0 1 0 1 1 1 0 1
2014   2 28  8 10 12 312171  -11.75941  -73.15795     3533  25.7  0  0  6 11 0 0 1 1 0 0 0 1 0 0 1 1 0 1
2014   2 28  8 10 12 343115  -11.86626  -73.33924     5406  39.9  1  0  5 10 0 0 0 1 1 0 0 1 0 0 1 1 0 0
2014   2 28  8 10 12 438516  -12.05336  -72.93038     5262  25.4  0  0  5  9 0 0 1 1 1 0 0 1 0 0 0 0 0 1
2014   2 28  8 10 14 755523   -4.87650  -71.37798     6578  73.7  2  0  7 21 0 0 1 1 1 0 0 1 0 1 1 0 0 1
2014   2 28  8 10 15  85214   -4.41930  -71.94013     3806  56.1  1  0  7 21 0 0 1 1 1 0 0 1 0 0 1 1 0 1
2014   2 28  8 10 15 567241   -6.53695  152.29123     7222  14.0  0  0  5 10 0 0 0 1 1 0 0 0 0 1 0 1 0 1
2014   2 28  8 10 15 941525  -11.89991  156.10394   107659  53.6  1  0  6 11 0 0 1 1 1 0 0 1 0 0 1 0 0 1
2014   2 28  8 10 15 977098  -21.28088  -46.49454     3696  69.5  1  0  7 16 0 0 0 1 0 0 0 1 0 1 1 1 1 1
2014   2 28  8 10 16  11539  -21.47594  -46.20644     5265  84.8  2  0  6 12 0 0 1 1 1 0 0 1 0 0 0 1 0 1
2014   2 28  8 10 16  36667  -21.45930  -46.22491     4272  80.0  2  0  6 15 0 0 1 1 1 0 0 1 0 0 0 1 0 1
2014   2 28  8 10 16  65952  -21.37642  -46.25194     3608  84.7  2  0  7 21 0 0 1 1 1 0 0 0 0 1 1 1 0 1
2014   2 28  8 10 16 179688    5.63886  -72.56785     5737  97.1  2  0  7 21 0 0 1 1 1 0 0 1 0 1 1 1 0 0
2014   2 28  8 10 16 189995  -12.39168  156.73949     5933   7.3  0  0  5 10 0 0 1 1 0 0 0 1 0 0 1 1 0 0
2014   2 28  8 10 16 204917  -12.74089  156.86217    20491  58.3  2  0  5  9 0 0 1 0 1 0 0 1 0 0 1 1 0 0
2014   2 28  8 10 16 288436  -11.50957  155.65268   111136  49.2  1  0  5 10 0 0 1 1 0 0 0 1 0 0 1 0 0 1
2014   2 28  8 10 16 365110  -13.48909  157.68039   145696  64.2  2  0  6 15 0 0 1 1 1 0 0 1 0 0 1 0 0 1
2014   2 28  8 10 16 442050  -21.31868  -46.40468     4576  77.8  2  0  6 12 0 0 1 1 1 0 0 0 0 1 1 1 0 0
2014   2 28  8 10 16 519173  -12.51336  -38.75491    21014  46.5  1  0  5  8 0 0 1 1 0 0 0 0 0 1 1 0 0 1
2014   2 28  8 10 16 532082  -21.32690  166.42267    91085  52.3  2  0  5 10 0 0 0 1 1 0 0 1 0 1 0 0 0 1
2014   2 28  8 10 16 599660  -13.33263  -39.21707     4603  37.9  0  0  6 11 0 0 1 1 1 0 0 1 0 0 0 1 0 1
2014   2 28  8 10 17 359395  -12.65306  156.83919     9748  65.6  1  0  7 21 0 0 1 1 1 0 0 1 0 0 1 1 0 1
2014   2 28  8 10 17 592156  -12.61648  156.50789    12806  69.3  1  0  7 20 0 0 1 1 1 0 0 1 0 0 1 1 0 1
2014   2 28  8 10 18 291448    6.53380  142.68747     7260  10.7  0  0  4  6 0 0 1 0 0 0 0 1 0 0 1 1 0 0
2014   2 28  8 10 18 754942  -14.63385  -43.31484     8919  49.5  1  0  5  9 0 0 1 0 0 0 0 1 0 0 1 1 0 1
2014   2 28  8 10 19 312187  -14.73808  -43.97999     6448  84.5  2  0  6 15 0 0 1 0 1 0 0 1 0 1 1 0 0 1
2014   2 28  8 10 19 993610  -21.36132  -46.57037     4860 111.2  2  0  6 15 0 0 1 1 0 0 0 1 0 1 1 0 0 1
2014   2 28  8 10 20 290456   33.92400 -131.11484    30109  46.6  1  0  5  9 0 0 1 1 0 0 0 1 0 0 1 1 0 0
2014   2 28  8 10 22  72761  -23.47119  -45.83580     6030 110.7  2  0  6 14 0 0 1 1 1 0 0 1 0 0 1 0 0 1
2014   2 28  8 10 24 200334    4.35717  -73.10201     7969  12.3  0  0  4  6 0 0 1 1 1 0 0 1 0 0 0 0 0 0
2014   2 28  8 10 24 257795  -45.74914 -115.85448   384370  57.7  2  0  5 10 0 0 0 1 1 0 0 1 0 0 1 0 0 1
2014   2 28  8 10 24 603211  -25.34412  -44.36354     2495  15.7  0  0  7 21 0 0 1 1 1 0 0 1 0 1 1 0 0 1
2014   2 28  8 10 25 117776  -14.14062   22.24433     6164   4.3  0  0  5 10 0 0 1 1 1 0 0 0 0 0 0 1 0 1
2014   2 28  8 10 25 184491   14.09097 -160.20865    26680  14.6  0  0  4  6 0 0 0 1 0 0 0 1 0 0 0 1 0 1
2014   2 28  8 10 25 351115  -22.60438 -139.79674    13653  20.2  1  0  4  6 0 0 1 1 0 0 0 1 0 0 0 1 0 0
2014   2 28  8 10 26 209542  -20.71766  -46.39270     3024  13.8  0  0  5  9 0 0 1 1 1 0 0 1 0 0 0 0 0 1
2014   2 28  8 10 26 438404  -20.74414  -46.38356     2743  12.0  0  0  5  9 0 0 0 1 1 0 0 1 0 0 1 0 0 1
2014   2 28  8 10 26 752805  -30.37372  -41.47342     3566  17.1  0  0  5 10 0 0 1 1 1 0 0 1 0 0 0 0 0 1
2014   2 28  8 10 26 760917  -30.37648  -41.42526     2996  16.9  0  0  6 15 0 0 1 1 1 0 0 1 0 0 1 0 0 1
2014   2 28  8 10 26 817034  -30.32775  -41.42986     3161  11.2  0  0  5 10 0 0 1 1 1 0 0 0 0 0 1 0 0 1
2014   2 28  8 10 26 917859    4.61669  -84.30984     3547  21.4  0  0  7 21 0 0 1 1 1 0 0 0 0 1 1 1 0 1
2014   2 28  8 10 26 946815    4.65786  -84.60154     7158  22.4  0  0  6 11 0 0 0 1 1 0 0 1 0 0 1 1 0 1
2014   2 28  8 10 27 104139    4.67276  -84.76173     5684  25.1  0  0  6 15 0 0 0 1 1 0 0 1 0 0 1 1 0 1
2014   2 28  8 10 27 501763  -22.91366  -45.85023     3392  31.2  1  0  5 10 0 0 1 1 1 0 0 1 0 0 0 0 0 1
2014   2 28  8 10 27 519922  -22.92872  -45.84158     3423  29.0  0  0  5  9 0 0 0 1 1 0 0 1 0 0 1 0 0 1
2014   2 28  8 10 28 252262  -21.20517  -47.31145     3053  53.8  1  0  7 19 0 0 1 0 1 0 0 0 0 1 1 1 1 1
2014   2 28  8 10 28 402018  -21.26702  -46.81293     3156  24.3  0  0  5  9 0 0 0 1 1 0 0 1 0 0 1 0 0 1
2014   2 28  8 10 28 914817  -32.62778  -40.52772     6188  37.8  0  0  6 15 0 0 0 1 1 0 0 1 0 0 1 1 0 1
2014   2 28  8 10 28 927599  -33.11479  -40.24220     5120  17.2  0  0  4  6 0 0 1 1 1 0 0 1 0 0 0 0 0 0
2014   2 28  8 10 29 196105  -32.76273  -40.38526     5684  21.6  0  0  5 10 0 0 0 1 1 0 0 1 0 0 1 0 0 1
2014   2 28  8 10 30 603418  -20.93991 -142.54666    11564  50.3  1  0  7 21 0 0 1 1 1 0 0 0 0 1 1 1 0 1
2014   2 28  8 10 30 610021  -20.80320 -143.66605    12730  45.8  1  0  6 15 0 0 1 1 0 0 0 1 0 0 1 1 0 1
2014   2 28  8 10 30 719635  -22.82112 -138.50064    11186  49.0  0  0  7 21 0 0 1 0 1 0 0 1 0 1 1 1 0 1
2014   2 28  8 10 30 731822  -22.46232 -140.06819     8873   1.0  0  0  4  6 0 0 1 1 0 0 0 1 0 0 0 1 0 0
2014   2 28  8 10 30 764252  -22.69848 -139.31146    11280  51.9  1  0  7 21 0 0 1 1 1 0 0 1 0 0 1 1 0 1
2014   2 28  8 10 31  14946  -20.84987 -143.34499    18746  46.0  1  0  5 10 0 0 1 0 0 0 0 1 0 0 1 1 0 1
2014   2 28  8 10 31  62801  -20.63552 -144.07945    14609  18.7  0  0  5  7 0 0 1 1 0 0 0 1 0 0 1 1 0 0
2014   2 28  8 10 32 744334   34.48839 -169.09138    19260 100.7  2  0  7 21 0 0 1 1 1 0 0 1 0 0 1 1 0 1
2014   2 28  8 10 32 953235   -6.85253  -74.55332     5721  76.0  2  0  6 15 0 0 1 1 1 0 0 0 0 0 1 1 0 1
2014   2 28  8 10 33 128377  -21.47783  -46.34494     4349  58.9  2  0  5 10 0 0 0 1 1 0 0 1 0 0 1 0 0 1
2014   2 28  8 10 33 591792  -23.43274  -45.77769     3775  74.2  2  0  7 21 0 0 1 1 1 0 0 1 0 1 1 0 0 1
2014   2 28  8 10 34   6155  -33.28724  -39.94847     6110  62.6  2  0  6 15 0 0 1 1 1 0 0 1 0 0 1 0 0 1
2014   2 28  8 10 34  49123  -33.33749  -39.89990     7166  58.8  2  0  5 10 0 0 1 1 1 0 0 1 0 0 1 0 0 0
2014   2 28  8 10 34  74624  -33.21143  -40.04409     6314  88.3  2  0  7 21 0 0 1 1 1 0 0 1 0 0 1 1 0 1
2014   2 28  8 10 34 310509  -33.07861  -40.24063    11815  68.4  2  0  6 11 0 0 1 1 0 0 0 1 0 1 1 0 0 1
2014   2 28  8 10 34 803825  -23.43693  -45.71928     5348  89.2  2  0  6 14 0 0 1 1 1 0 0 1 0 0 1 0 0 1
2014   2 28  8 10 35 111017  -25.04289  -45.02016     3317  52.0  1  0  7 20 0 0 1 1 1 0 0 1 0 1 1 0 0 1
2014   2 28  8 10 35 278272  -25.09665  -45.04882     4469  51.0  2  0  5  9 0 0 1 1 1 0 0 1 0 0 0 0 0 1
2014   2 28  8 10 35 288439  -25.05475  -45.03937     4057  59.0  1  0  6 15 0 0 1 1 1 0 0 1 0 0 1 0 0 1
2014   2 28  8 10 35 311241  -25.03919  -45.08710     3357  55.6  1  0  7 21 0 0 1 1 1 0 0 1 0 1 1 0 0 1
2014   2 28  8 10 36 308345  -31.95985 -134.73976    21508 109.8  2  0  7 21 0 0 1 1 1 0 0 1 0 1 0 1 0 1
2014   2 28  8 10 36 368495  -14.74039  -44.15482     3942  78.4  2  0  6 12 0 0 1 1 0 0 0 1 0 1 0 1 0 1
2014   2 28  8 10 36 621427  -31.87006 -135.77080    26661 103.9  2  0  6 15 0 0 1 1 1 0 0 1 0 0 0 1 0 1
2014   2 28  8 10 37 113706  -20.88430 -143.62704    13420  34.8  1  0  5 10 0 0 1 1 0 0 0 1 0 0 1 1 0 0
2014   2 28  8 10 38 347846   -6.58570  -58.69361     4850 109.2  2  0  7 21 0 0 0 1 1 0 0 1 0 1 1 1 0 1
2014   2 28  8 10 38 884749  -21.15049 -142.89284    29102 123.6  2  0  6 15 0 0 1 1 1 0 0 1 0 0 0 1 0 1
2014   2 28  8 10 38 900780  -20.69939 -144.32281    15468  41.2  1  0  5 10 0 0 1 1 0 0 0 1 0 0 1 1 0 0
2014   2 28  8 10 39 650718    1.31103  -83.43806    15066 127.6  2  0  7 21 0 0 1 1 1 0 0 1 0 1 1 0 0 1
2014   2 28  8 10 41  40779  -21.35767  -46.38210     2934  13.4  0  0  5  8 0 0 1 1 1 0 0 1 0 0 0 0 0 1
2014   2 28  8 10 41 276347   -1.70969  148.49278    53694  22.4  0  0  6 15 0 0 1 1 1 0 0 0 0 1 1 0 0 1
2014   2 28  8 10 41 310544  -10.63206  -57.63799     3221  11.4  0  0  5  7 0 0 0 1 1 0 0 1 0 0 1 1 0 0
2014   2 28  8 10 41 478129  -21.79736 -140.53740     7377  15.2  0  0  6 15 0 0 1 1 1 0 0 0 0 0 1 1 0 1
2014   2 28  8 10 42 245805  -10.71167  -57.36717     3030  13.3  0  0  5 10 0 0 0 0 1 0 0 1 0 1 0 1 0 1
2014   2 28  8 10 42 782001    6.91191  -74.09889     3620  29.7  0  0  7 20 0 0 1 1 0 0 0 1 0 1 1 1 0 1
2014   2 28  8 10 43 515818   -6.56881    7.96567     7840  42.6  0  0  7 17 0 0 1 1 1 0 0 1 0 0 1 1 0 1
2014   2 28  8 10 43 622003  -13.05145  157.09189     8629  27.6  0  0  5 10 0 0 1 0 1 0 0 1 0 0 0 1 0 1
2014   2 28  8 10 44 202254    5.06680  -72.58866     7913  47.2  1  0  5  8 0 0 0 1 1 0 0 1 0 0 1 1 0 0
2014   2 28  8 10 44 408709   -4.56183  -71.85892     3088  32.1  0  0  7 21 0 0 1 0 1 0 0 1 0 0 1 1 1 1
2014   2 28  8 10 44 453414   -4.58140  -71.78928     4430  41.5  0  0  7 21 0 0 0 1 1 0 0 1 0 1 1 1 0 1
2014   2 28  8 10 44 500141   -4.56093  -71.73245     3429  41.7  0  0  7 21 0 0 1 1 1 0 0 1 0 0 1 1 0 1
2014   2 28  8 10 44 567673   -4.56227  -71.80589     3263  33.0  0  0  7 21 0 0 1 0 1 0 0 1 0 1 1 1 0 1
2014   2 28  8 10 44 824543  -30.45819  -41.49203     2814  22.3  0  0  7 21 0 0 1 1 1 0 0 0 0 1 1 1 0 1
2014   2 28  8 10 44 943480  -30.48279  -41.46504     3991  39.3  0  0  6 15 0 0 1 1 1 0 0 1 0 0 1 0 0 1
2014   2 28  8 10 45 303713    7.65893  -77.23489    12087  21.9  0  0  5 10 0 0 1 1 0 0 0 0 0 1 1 0 0 1
2014   2 28  8 10 45 314044    7.84118  -78.04927    14621  75.1  2  0  6 14 0 0 0 1 1 0 0 1 1 0 1 0 0 1
2014   2 28  8 10 45 479109    4.50571  -83.53503     5127  18.8  0  0  6 15 0 0 0 1 1 0 0 0 0 1 1 1 0 1
2014   2 28  8 10 45 571077    6.60041  141.72914    13748  32.6  1  0  5 10 0 0 1 0 1 0 0 0 0 0 1 1 0 1
2014   2 28  8 10 45 593700    6.34149  143.69536     6811   7.9  0  0  4  6 0 0 1 0 0 0 0 1 0 0 1 1 0 0
2014   2 28  8 10 46 945586  -25.11090  -44.42717     4516  29.9  0  0  5  9 0 0 1 1 0 0 0 1 0 0 1 0 0 1
2014   2 28  8 10 47 882969  -10.91910  -56.29784     2851  37.5  0  0  7 21 0 0 1 1 1 0 0 0 0 1 1 1 0 1
2014   2 28  8 10 48 107552  -21.40480  -45.70215     3612  49.5  1  0  6 15 0 0 1 1 1 0 0 1 0 0 1 0 0 1
2014   2 28  8 10 48 246721  -21.40906  -45.98452     3539  60.9  2  0  6 15 0 0 1 1 0 0 0 1 0 0 1 1 0 1
2014   2 28  8 10 48 287467  -21.59822  -45.90810     4740 108.9  2  0  6 15 0 0 1 1 0 0 0 1 0 0 1 0 1 1
2014   2 28  8 10 48 347314  -21.41845  -46.02309     3160  65.7  1  0  7 21 0 0 1 1 0 0 0 1 0 1 1 1 0 1
2014   2 28  8 10 48 527476  -20.71700  -46.16976     4125  49.8  1  0  5 10 0 0 0 1 1 0 0 1 0 0 1 0 0 1
2014   2 28  8 10 48 614791  -10.19473   17.79259     9279  34.4  0  0  6 15 0 0 1 0 1 0 0 1 0 0 1 1 0 1
2014   2 28  8 10 50 262299  -20.75079  -47.18876     3417  72.1  2  0  7 21 0 0 1 1 1 0 0 1 0 1 1 0 0 1
2014   2 28  8 10 50 324440  -20.56464  -45.93305     3641  48.9  1  0  6 15 0 0 1 1 1 0 0 1 0 0 1 0 0 1
2014   2 28  8 10 50 830738   -3.69023  147.47583     9809  94.4  2  0  7 21 0 0 1 1 1 0 0 1 0 0 1 1 0 1
2014   2 28  8 10 51 230422   -6.18001  -50.20174     5826 146.7  2  0  7 21 0 0 1 1 1 0 0 1 0 1 1 1 0 0
2014   2 28  8 10 51 319600   -0.73498  -71.98382     5347  91.0  2  0  7 21 0 0 1 1 1 0 0 1 0 1 1 1 0 0
2014   2 28  8 10 52 195100  -22.51330 -137.81070    13489  66.5  1  0  7 21 0 0 1 1 1 0 0 0 0 1 1 1 0 1
2014   2 28  8 10 53  56209  -31.04799 -131.53326    28784 112.8  2  0  6 15 0 0 1 1 0 0 0 1 0 0 1 1 0 1
2014   2 28  8 10 54 222579  -12.08890  -71.50235     3957  62.4  1  0  7 21 0 0 1 1 1 0 0 0 0 1 1 1 0 1
2014   2 28  8 10 55 331172  -14.78412  -43.49047     3504  62.2  2  0  6 15 0 0 1 1 1 0 0 1 0 0 1 0 0 1
2014   2 28  8 10 55 393411   31.61537 -125.31986    12610  13.1  0  0  4  6 0 0 1 0 1 0 0 0 0 1 0 1 0 0
2014   2 28  8 10 55 931198    4.34013  -73.25124    11076 123.8  2  0  7 20 0 0 0 1 1 0 0 1 0 1 1 1 0 1
2014   2 28  8 10 56 339231  -14.65576  -43.77762     2582  12.3  0  0  6 13 0 0 1 1 1 0 0 1 0 0 1 0 0 1
2014   2 28  8 10 58 318721    7.34068  -73.57963     3272  21.4  0  0  7 21 0 0 1 1 1 0 0 0 0 1 1 1 0 1
2014   2 28  8 10 58 377706    7.35419  -73.67854     4123  31.7  0  0  6 14 0 0 1 1 1 0 0 1 0 0 1 1 0 0
2014   2 28  8 10 58 403915    7.35586  -73.87978     8100  33.4  1  0  5  9 0 0 0 1 1 0 0 1 0 0 0 1 0 1
2014   2 28  8 10 58 768750  -20.93533  -46.56585     2900  34.6  0  0  6 15 0 0 0 1 1 0 0 1 0 1 1 0 0 1
2014   2 28  8 10 58 871757   -4.83514   12.54004    26928   1.2  0  0  4  6 0 0 1 1 0 0 0 0 0 0 1 0 0 1
2014   2 28  8 10 59 263258    5.69654  -82.60119     4093  35.4  0  0  7 21 0 0 1 1 1 0 0 1 0 0 1 1 0 1
2014   2 28  8 11  0 438063  -21.92099  -50.37809     4091  20.2  0  0  5  7 0 0 1 0 1 0 0 0 0 1 1 1 0 0
2014   2 28  8 11  0 450487  -21.95893  -50.37397     2923  43.6  0  0  7 18 0 0 1 1 1 0 0 1 0 1 1 1 0 0
2014   2 28  8 11  0 718447  -30.76818  -41.44513     3543   5.5  0  0  5 10 0 0 1 0 1 0 0 1 0 1 0 0 0 1
2014   2 28  8 11  0 726730  -30.88408  -40.79535     5463  39.6  1  0  5 10 0 0 1 1 1 0 0 1 0 0 0 0 0 1
2014   2 28  8 11  0 753126  -30.89055  -40.78234     3838  34.8  0  0  6 15 0 0 1 1 1 0 0 1 0 0 1 0 0 1
2014   2 28  8 11  1 582881  -24.46432  -94.02267    15544  62.2  2  0  5  9 0 0 1 1 1 0 0 1 0 0 1 0 0 0
2014   2 28  8 11  4 230349  -10.63903  -57.30800     5301  69.0  2  0  6 13 0 0 0 1 1 0 0 1 0 0 1 1 0 1
2014   2 28  8 11  4 616812  -21.36606  -45.96050     4239  86.3  2  0  6 13 0 0 0 1 0 0 0 1 0 1 1 1 0 1
2014   2 28  8 11  5 244250  -23.51529  -45.55547     5003  72.6  2  0  6 15 0 0 1 1 1 0 0 1 0 0 1 0 0 1
2014   2 28  8 11  6 134517    5.72924  -72.44077     5221  58.4  1  0  6 15 0 0 1 0 1 0 0 1 0 0 1 1 0 1
2014   2 28  8 11  6 694991  -22.81433  -45.84657     4289  87.3  2  0  6 15 0 0 1 1 1 0 0 1 0 0 0 1 0 1
2014   2 28  8 11  6 786459  -12.41858  156.00156    14388  84.4  2  0  6 15 0 0 1 1 1 0 0 1 0 0 0 1 0 1
2014   2 28  8 11  6 875121   -0.52350  -16.00860    17525 104.4  2  0  7 21 0 0 1 1 1 0 0 1 0 0 1 1 0 1
2014   2 28  8 11  6 966050   -0.71145  -16.27835    10069  95.5  2  0  6 14 0 0 1 1 0 0 0 1 1 1 0 0 0 1
2014   2 28  8 11  7 304425  -11.23541  166.74036    18184 102.2  2  0  7 21 0 0 1 1 1 0 0 1 0 0 1 1 0 1
2014   2 28  8 11  7 433976  -24.68464  -44.72440     5204  77.5  2  0  6 15 0 0 1 1 1 0 0 1 0 0 1 0 0 1
2014   2 28  8 11  7 719325  -24.61287  -44.87119     4302  87.8  2  0  7 21 0 0 1 1 1 0 0 1 0 1 1 0 0 1
2014   2 28  8 11  8 319415  -20.77644 -143.43861     9391   1.0  0  0  4  6 0 0 1 0 0 0 0 1 0 0 1 1 0 0
2014   2 28  8 11 10 557630  -21.21353  -46.04159     3374  72.5  2  0  7 20 0 0 1 1 1 0 0 0 0 1 1 1 0 1
2014   2 28  8 11 10 576910    4.11758  -84.29696     6619  81.3  2  0  7 21 0 0 1 1 1 0 0 0 0 1 1 1 0 1
2014   2 28  8 11 10 925498    4.13018  -84.28356     8715  91.6  2  0  6 15 0 0 1 1 0 0 0 0 0 1 1 1 0 1
2014   2 28  8 11 10 966132  -18.43277 -142.47206    21473  85.1  2  0  6 15 0 0 1 0 1 0 0 1 0 0 1 1 0 1
2014   2 28  8 11 10 983444  -17.96449 -144.40372     9367   3.3  0  0  4  6 0 0 1 0 0 0 0 1 0 0 1 1 0 0
2014   2 28  8 11 11 792048  -11.70252  -72.92204     5528 114.0  2  0  7 21 0 0 1 0 1 0 0 1 0 1 1 1 0 1
2014   2 28  8 11 11 817601  -11.56916  -73.53107     4428  20.9  1  0  4  6 0 0 1 0 0 0 0 1 0 0 1 1 0 0
2014   2 28  8 11 11 895598  -11.68101  -72.78113     5941 132.8  2  0  7 21 0 0 1 1 0 0 0 1 0 1 1 1 0 1
2014   2 28  8 11 12 738837  -10.83224  -56.61308     2780  13.4  0  0  6 15 0 0 1 1 1 0 0 1 0 1 0 0 0 1
2014   2 28  8 11 12 869003  -11.86343  -72.94872     2941  20.0  0  0  6 14 0 0 1 1 1 0 0 1 0 0 0 1 0 1
2014   2 28  8 11 13  67296  -11.92292  -73.16405     3136  13.3  0  0  5  9 0 0 1 0 1 0 0 1 0 1 0 1 0 0
2014   2 28  8 11 13 165727   31.61418 -126.69912    12173  23.6  0  0  5 10 0 0 1 1 1 0 0 1 0 0 0 1 0 0
2014   2 28  8 11 13 623069  -10.12004  161.17874    10588  34.1  1  0  5  7 0 0 1 1 0 0 0 1 0 0 0 1 0 1
2014   2 28  8 11 13 679932  -33.25363  -39.76505     3396  20.2  0  0  6 15 0 0 1 1 1 0 0 1 0 1 0 0 0 1
2014   2 28  8 11 13 701772  -33.25702  -39.76463     3393  20.0  0  0  6 15 0 0 1 1 1 0 0 1 0 1 0 0 0 1
2014   2 28  8 11 13 743849    4.70137  149.85809     5012  32.2  0  0  7 21 0 0 1 1 1 0 0 1 0 1 0 1 0 1
2014   2 28  8 11 13 886051    4.69188  149.69333     9976  30.3  1  0  4  6 0 0 0 1 1 0 0 1 0 0 0 1 0 0
2014   2 28  8 11 14 109467  -33.23887  -39.73043     4341  30.9  0  0  6 14 0 0 1 1 1 0 0 1 0 0 0 1 0 1
2014   2 28  8 11 14 188705  -33.24208  -39.72099     5747  35.0  1  0  5  9 0 0 1 1 1 0 0 1 0 0 0 1 0 0
2014   2 28  8 11 14 657692  -12.99161  156.98907    12779  44.8  1  0  6 13 0 0 1 1 0 0 0 1 0 1 0 1 0 1
2014   2 28  8 11 14 715354  -12.79755  156.81059    18774  49.5  1  0  5  7 0 0 1 1 1 0 0 1 0 0 0 1 0 0
2014   2 28  8 11 15 395050  -32.30439 -133.72281    17690  40.4  1  0  5  9 0 0 1 1 1 0 0 1 0 0 0 1 0 0
2014   2 28  8 11 15 433552  -32.29985 -133.66576     8764  32.8  0  0  7 21 0 0 1 1 1 0 0 1 0 1 0 1 0 1
2014   2 28  8 11 16 235174   -0.68923   -2.12039    28225  32.3  1  0  4  6 0 0 1 1 1 0 0 1 0 0 0 0 0 0
2014   2 28  8 11 16 237246  -13.25584  157.08247     6986  27.3  0  0  6 15 0 0 1 0 1 0 0 1 0 1 0 1 0 1
2014   2 28  8 11 17 718629    3.83656  -83.54444     6164  36.6  0  0  7 21 0 0 1 1 1 0 0 1 0 1 0 0 1 1
2014   2 28  8 11 17 807124    4.63763  -84.29329     5704  50.8  1  0  6 15 0 0 1 1 1 0 0 1 0 0 0 1 0 1
2014   2 28  8 11 18 455015  -21.45698  -45.84186     3795  34.5  1  0  5  9 0 0 1 1 1 0 0 1 0 0 0 0 0 1
2014   2 28  8 11 19 172236  -31.12744 -130.16730    14076  31.5  1  0  5 10 0 0 1 1 1 0 0 0 0 0 0 1 0 1
2014   2 28  8 11 19 650472  -14.51751  162.89403    14792  67.2  2  0  6 15 0 0 1 1 1 0 0 1 0 0 0 1 0 1
2014   2 28  8 11 20 524275   -4.07757  147.96823     5589  51.4  1  0  7 20 0 0 1 1 1 0 0 1 0 1 0 1 0 1
2014   2 28  8 11 20 580906   -4.11651  148.08786     6769  50.2  1  0  6 15 0 0 1 0 1 0 0 1 0 1 0 1 0 1
2014   2 28  8 11 20 635003   -4.09013  147.94148     5399  50.6  1  0  7 21 0 0 1 1 1 0 0 1 0 1 0 1 0 1
2014   2 28  8 11 23 802059  -25.26707  -44.27491     4158  85.2  2  0  7 21 0 0 1 1 1 0 0 1 0 1 0 1 0 1
2014   2 28  8 11 24 952216    7.24322  -74.25107     4596  40.3  1  0  6 15 0 0 1 1 1 0 0 0 0 1 0 1 0 1
2014   2 28  8 11 28 579247    2.70656    0.17728     8040  25.0  0  0  6 15 0 0 1 1 1 0 0 1 0 0 0 1 0 1
2014   2 28  8 11 29 994750   30.86590 -125.16483    23408  21.1  1  0  4  6 0 0 1 1 0 0 0 1 0 1 0 0 0 0
2014   2 28  8 11 30 133475  -20.68362  -46.41008     2936  25.4  0  0  6 13 0 0 1 1 1 0 0 1 0 1 0 0 0 1
2014   2 28  8 11 31  20236   -6.85991  -74.25314     4672  26.3  0  0  6 15 0 0 0 1 1 0 0 1 0 1 0 1 0 1
2014   2 28  8 11 31  94011  -34.24836  -37.60552     5521  30.1  1  0  5 10 0 0 1 1 1 0 0 1 0 0 0 0 0 1
2014   2 28  8 11 31 134303  -34.16069  -38.18042     3972   5.0  0  0  5 10 0 0 1 0 1 0 0 1 0 1 0 0 0 1
2014   2 28  8 11 31 184643  -34.28205  -37.60322     5566  30.3  1  0  5 10 0 0 1 1 1 0 0 1 0 0 0 0 0 1
2014   2 28  8 11 31 213202  -34.27687  -37.60781     8120  35.3  1  0  4  6 0 0 1 1 1 0 0 1 0 0 0 0 0 0
2014   2 28  8 11 31 281812   -6.77194  -74.02308     3115  30.6  0  0  7 21 0 0 1 1 1 0 0 1 0 1 0 1 0 1
2014   2 28  8 11 31 578416   -6.82983  -73.99530     3572  32.9  0  0  6 14 0 0 1 1 1 0 0 1 0 0 0 1 0 1
2014   2 28  8 11 32 383745  -14.63442  168.50432    64863  20.4  1  0  4  6 0 0 1 1 1 0 0 1 0 0 0 0 0 0
2014   2 28  8 11 32 887333  -22.04744 -140.18039    18296  50.0  2  0  5 10 0 0 1 1 0 0 0 1 0 0 0 1 0 1
2014   2 28  8 11 34  84840    2.41225  -84.46447     7375  56.4  2  0  5 10 0 0 1 1 0 0 0 1 0 0 0 1 0 1
2014   2 28  8 11 34 103752    2.44924  -84.59164     6182  39.9  1  0  5 10 0 0 1 0 1 0 0 1 0 0 0 1 0 1
2014   2 28  8 11 34 129064    2.37621  -84.22834     3895  24.5  0  0  6 15 0 0 1 1 1 0 0 0 0 1 0 1 0 1
2014   2 28  8 11 34 205028    2.69149  -84.44174    14560  13.2  0  0  4  6 0 0 1 1 1 0 0 0 0 1 0 0 0 0
2014   2 28  8 11 35 470489    4.72621  149.31004     9793  46.6  1  0  5 10 0 0 0 1 0 0 0 1 0 1 0 1 0 1
2014   2 28  8 11 37 474941  -21.49040  -45.89802     4539  58.2  2  0  5 10 0 0 1 1 1 0 0 1 0 0 0 0 0 1
2014   2 28  8 11 38 257948    2.00443  -84.20064     7801  83.5  2  0  6 15 0 0 1 1 1 0 0 1 0 1 0 1 0 0
2014   2 28  8 11 38 503044  -22.64924 -138.88004    15640  78.2  2  0  7 21 0 0 1 1 1 0 0 1 0 1 0 1 0 1
2014   2 28  8 11 38 512858    4.53482  -74.36848    45573  56.3  2  0  5 10 0 0 0 1 1 0 0 1 0 1 0 0 0 1
2014   2 28  8 11 39 784375  -33.12648  -39.71640     7182  82.0  2  0  6 15 0 0 1 1 1 0 0 1 0 1 0 0 0 1
2014   2 28  8 11 39 795002  -33.13102  -39.71925     7176  81.9  2  0  6 15 0 0 1 1 1 0 0 1 0 1 0 0 0 1
2014   2 28  8 11 39 916227  -33.48922  -38.97056     9858  78.0  2  0  5 10 0 0 1 1 1 0 0 1 0 0 0 0 0 1
2014   2 28  8 11 40  73143  -54.36078  -29.61913    19994  43.0  1  0  5 10 0 0 1 1 1 0 0 1 0 0 0 0 0 1
2014   2 28  8 11 40 244353  -25.74112  -43.99270     5164  87.4  2  0  6 15 0 0 1 1 1 0 0 1 0 1 0 0 0 1
2014   2 28  8 11 41 174306  -23.74179  -45.57578     5468 112.5  2  0  7 16 0 0 1 1 1 0 0 1 0 1 0 1 0 1
2014   2 28  8 11 41 231407  -23.72482  -45.43604     5418 101.3  2  0  6 14 0 0 1 1 0 0 0 1 0 1 0 1 0 1
2014   2 28  8 11 41 276927  -23.76019  -45.44406     5221  98.5  2  0  6 15 0 0 1 1 1 0 0 1 0 0 0 1 0 1
2014   2 28  8 11 41 318292  -23.76930  -45.41720     5276  99.4  2  0  6 15 0 0 1 1 1 0 0 1 0 0 0 1 0 1
2014   2 28  8 11 41 370530  -23.73657  -45.50390     4206  95.0  2  0  7 21 0 0 1 1 1 0 0 1 0 1 0 1 0 1
2014   2 28  8 11 41 455622   -4.61667  -72.28664     9180  85.4  2  0  6 15 0 0 0 1 1 0 0 1 0 1 0 1 0 1
2014   2 28  8 11 41 554471    4.87069  -86.68847     7818  10.5  0  0  4  6 0 0 0 0 1 0 0 1 0 1 0 1 0 0
2014   2 28  8 11 41 620614    4.60350  -84.07414     7522  98.0  2  0  7 21 0 0 1 1 1 0 0 1 0 1 0 1 0 1
2014   2 28  8 11 42  20158   -1.14090   -2.81854    33499  65.2  2  0  5 10 0 0 1 1 1 0 0 1 0 0 0 0 0 1
2014   2 28  8 11 42 361638  -12.33872  155.99438    20354 118.6  2  0  6 14 0 0 1 1 0 0 0 1 0 1 0 1 0 1
2014   2 28  8 11 42 410993  -16.90880  160.85390   108297 110.8  2  0  6 15 0 0 1 1 1 0 0 1 0 1 0 0 0 1
2014   2 28  8 11 42 453569  -12.44507  156.11958    14157 105.7  2  0  7 21 0 0 1 1 1 0 0 1 0 1 0 1 0 1
2014   2 28  8 11 43  45133  -28.42342 -125.53630    34538  54.6  2  0  5 10 0 0 1 1 1 0 0 1 0 1 0 0 0 0
2014   2 28  8 11 43 107280  -26.06041 -133.38838    28137 115.3  2  0  6 15 0 0 1 1 1 0 0 1 0 0 0 1 0 1
2014   2 28  8 11 43 543955  -20.34925  -46.22018     3138  23.5  0  0  5  8 0 0 0 1 1 0 0 0 0 1 0 1 0 1
2014   2 28  8 11 44  70952    2.90590  -85.30014     3846  22.1  0  0  6 15 0 0 1 1 1 0 0 1 0 1 0 1 0 0
2014   2 28  8 11 44 137865    2.95915  -85.36973     3577  16.2  0  0  6 15 0 0 1 0 1 0 0 1 0 1 0 1 0 1
2014   2 28  8 11 44 220715    2.95670  -85.29041     3555   5.8  0  0  5 10 0 0 1 0 1 0 0 0 0 1 0 1 0 1
2014   2 28  8 11 44 231564    6.40138  -78.02251     3596  21.1  0  0  6 15 0 0 1 1 1 0 0 1 0 0 0 1 0 1
2014   2 28  8 11 44 910957  -22.53064 -139.10336    27270  18.9  0  0  4  6 0 0 1 1 1 0 0 1 0 0 0 0 0 0
2014   2 28  8 11 45 248023  -12.98168  156.80690    10300  24.1  1  0  4  6 0 0 0 1 1 0 0 1 0 0 0 1 0 0
2014   2 28  8 11 45 348737  -23.60853  -45.39373     3557   6.7  0  0  4  6 0 0 1 1 0 0 0 1 0 0 0 0 0 1
2014   2 28  8 11 45 395320  -23.60447  -45.60696     4128  26.0  0  0  5  7 0 0 1 1 1 0 0 1 0 0 0 0 0 1
2014   2 28  8 11 46 684930  -12.54985  -72.09574     3706   9.5  0  0  5 10 0 0 0 0 1 0 0 1 0 1 0 1 1 0
2014   2 28  8 11 46 724172  -12.41309  -71.82302     3182  35.1  0  0  7 20 0 0 1 0 1 0 0 1 0 1 0 1 1 1
2014   2 28  8 11 46 769557  -12.42278  -71.73318     3568  39.8  0  0  6 14 0 0 1 1 1 0 0 1 0 0 0 1 0 1
2014   2 28  8 11 46 806375  -31.27226 -131.58736    16647  42.1  1  0  5 10 0 0 1 1 1 0 0 1 0 0 0 1 0 0
2014   2 28  8 11 46 842400  -31.29013 -131.63667    16732  42.3  1  0  5 10 0 0 1 1 1 0 0 1 0 0 0 1 0 0
2014   2 28  8 11 47 370979  -12.58288  -71.47971     4072  27.7  0  0  6 14 0 0 1 1 1 0 0 1 0 1 0 0 0 1
2014   2 28  8 11 47 898581  -12.21138  -71.91457     4207  38.6  1  0  5 10 0 0 1 0 1 0 0 1 0 0 0 1 1 0
2014   2 28  8 11 47 946294  -12.22623  -71.76884     3318  43.4  0  0  7 21 0 0 1 1 1 0 0 1 0 1 0 1 0 1
2014   2 28  8 11 48 602653  -21.36057  -45.88080     4210  50.2  2  0  5  9 0 0 1 1 0 0 0 1 0 1 0 0 0 1
2014   2 28  8 11 48 614425  -21.40589  -45.78213     3812  32.5  1  0  5  9 0 0 1 1 1 0 0 1 0 0 0 0 0 1
2014   2 28  8 11 49 532906   -9.93162  -66.39675     3196  19.2  0  0  5 10 0 0 1 0 1 0 0 0 0 1 0 1 0 1
2014   2 28  8 11 49 572795   -9.96671  -66.46205     4097  59.3  1  0  6 15 0 0 1 1 1 0 0 1 0 0 0 1 0 1
2014   2 28  8 11 49 587721   -9.93708  -66.46080     4172  55.0  1  0  6 13 0 0 1 1 1 0 0 1 0 0 0 1 0 1
2014   2 28  8 11 50 392372   -3.85837  -71.68363     6630  55.0  1  0  6 15 0 0 0 1 1 0 0 1 0 1 0 1 0 1
2014   2 28  8 11 50 471936   -3.81500  -71.41488     4019  57.5  1  0  7 21 0 0 1 1 1 0 0 1 0 1 0 1 0 1
2014   2 28  8 11 51 947331   -3.44052  -71.33630     4571  38.2  1  0  5 10 0 0 1 0 1 0 0 0 0 1 0 1 0 1
2014   2 28  8 11 52 927323  -29.96722 -177.24904   132011  44.2  1  0  5 10 0 0 1 1 1 0 0 1 0 0 0 0 0 1
2014   2 28  8 11 53 226259  -10.80672  -58.09734     4200  78.3  2  0  7 19 0 0 1 1 1 0 0 1 0 1 0 1 0 1
2014   2 28  8 11 56 349923  -30.69551  -40.66596     8942  86.6  2  0  5 10 0 0 1 1 1 0 0 1 0 0 0 0 0 1
2014   2 28  8 11 57 404358  -33.09048  -39.53551     6287  60.2  2  0  5 10 0 0 1 1 0 0 0 0 0 1 0 1 0 1
2014   2 28  8 11 57 991807  -45.65258  -33.91593    11138  23.5  1  0  4  6 0 0 1 1 1 0 0 1 0 0 0 0 0 0
2014   2 28  8 12  0  39362  -21.19382 -142.79369     7602  18.2  0  0  6 15 0 0 1 0 1 0 0 1 0 1 1 1 0 0
2014   2 28  8 12  0  63473  -21.22031 -142.59908     6775  19.7  0  0  7 21 0 0 1 1 1 0 0 1 0 0 1 1 0 1
2014   2 28  8 12  1  89136  -20.73055  -46.37308     2807   7.5  0  0  5  9 0 0 1 1 1 0 0 1 0 0 1 0 0 0
2014   2 28  8 12  1 101147  -20.72057  -46.40214     2618   6.8  0  0  5  9 0 0 0 1 1 0 0 1 0 0 1 0 0 1
2014   2 28  8 12  1 109567  -20.69817  -46.46269     2514  24.5  0  0  7 19 0 0 0 1 1 0 0 1 0 1 1 1 0 1
2014   2 28  8 12  1 190619  -20.83892  -46.40997     5005  67.4  2  0  6 13 0 0 1 1 1 0 0 1 0 0 1 1 0 0
2014   2 28  8 12  1 979334   18.63643  -91.57005     4530  17.2  0  0  7 21 0 0 1 1 1 0 0 0 0 1 1 1 0 1
2014   2 28  8 12  2 976262  -14.71239  -43.82554     2627  30.0  0  0  7 21 0 0 1 1 1 0 0 1 0 1 1 0 0 1
2014   2 28  8 12  3 243396  -12.24244  -71.72537     3366  20.7  0  0  5  9 0 0 1 1 0 0 0 1 0 0 1 1 0 0
2014   2 28  8 12  3 266311  -12.23973  -71.58243     3044  31.8  0  0  7 21 0 0 1 1 1 0 0 0 0 1 1 1 0 1
2014   2 28  8 12  3 658556  -32.27448 -135.35585    13250  30.9  1  0  5 10 0 0 1 1 0 0 0 1 0 0 0 1 0 1
2014   2 28  8 12  3 667149  -32.28104 -135.36662    10187  27.9  0  0  6 15 0 0 1 1 0 0 0 1 0 0 1 1 0 1
2014   2 28  8 12  4 788558  -20.57650  -46.26377     2765  36.2  0  0  7 20 0 0 1 1 1 0 0 1 0 1 1 0 0 1
2014   2 28  8 12  5 276460  -11.55075  167.52118    24437  41.9  1  0  6 15 0 0 1 1 1 0 0 0 0 0 1 1 0 1
2014   2 28  8 12  5 387804  -11.79428  167.47552    51586  36.3  1  0  5 10 0 0 1 1 0 0 0 1 0 0 1 0 0 1
2014   2 28  8 12  5 479876  -11.14918  166.34018    11923  33.9  1  0  5 10 0 0 0 1 0 0 0 1 0 0 1 1 0 1
2014   2 28  8 12  6 578676   -4.70551  -71.89353     4243  53.9  1  0  6 15 0 0 1 1 1 0 0 1 0 0 1 1 0 0
2014   2 28  8 12  6 914396   -4.73808  -71.85425     4209  67.4  1  0  7 21 0 0 1 1 1 0 0 1 0 1 1 1 0 0
2014   2 28  8 12  7  98217    1.65612    5.26493    12368  61.9  1  0  7 21 0 0 1 1 1 0 0 1 0 0 1 1 0 1
2014   2 28  8 12  7 511899  -23.54163  -45.63743     6474  60.8  2  0  5  7 0 0 1 1 1 0 0 1 0 0 0 0 0 1
2014   2 28  8 12  7 527792  -23.41100  -45.76653     4131  81.9  2  0  7 18 0 0 1 1 1 0 0 1 0 1 0 1 0 1
2014   2 28  8 12  7 580413  -23.39366  -45.90161     3192  20.1  0  0  5  9 0 0 1 1 1 0 0 0 0 1 1 0 0 0
2014   2 28  8 12  7 911455   -4.22112  145.70280     5990   8.8  0  0  4  6 0 0 1 0 0 0 0 1 0 0 1 1 0 0
2014   2 28  8 12  8 212142  -23.40818  -45.92037     2968  27.4  0  0  6 15 0 0 1 1 1 0 0 1 0 1 1 0 0 0
2014   2 28  8 12  8 683402    1.61093  -83.79462     9173  67.9  1  0  7 21 0 0 1 1 1 0 0 1 0 1 1 0 0 1
2014   2 28  8 12  8 796272  -21.33788 -142.51320    21162  65.4  2  0  5 10 0 0 1 1 0 0 0 1 0 0 0 1 0 1
2014   2 28  8 12  9 572277   -5.17274  149.08568    10757  68.4  2  0  5 10 0 0 1 1 1 0 0 1 0 0 0 1 0 0
2014   2 28  8 12  9 685056  -30.25288  -42.38802     3842  54.4  1  0  7 21 0 0 1 1 1 0 0 1 0 1 0 1 0 1
2014   2 28  8 12  9 696043  -30.32593  -42.03378     6603  63.5  2  0  5 10 0 0 1 1 1 0 0 0 0 0 1 0 0 1
2014   2 28  8 12  9 723936  -30.36642  -42.30952     4780  28.6  0  0  5  8 0 0 1 1 1 0 0 1 0 0 0 0 0 1
2014   2 28  8 12  9 867746  -22.32032  -46.10355     3642  85.2  2  0  7 21 0 0 1 1 1 0 0 1 0 1 1 0 0 1
2014   2 28  8 12 10 326120    0.58974  -66.57104     8611  91.1  2  0  6 11 0 0 0 1 1 0 0 1 0 0 1 1 0 1
2014   2 28  8 12 10 491197   -4.36690  147.70006    63786  32.2  1  0  4  6 0 0 1 0 0 0 0 1 0 0 1 0 0 1
2014   2 28  8 12 10 669402   -3.86883  148.12828     7609  74.8  2  0  7 21 0 0 1 0 1 0 0 1 0 1 1 1 0 1
2014   2 28  8 12 10 674354  -18.12602 -146.23621   105646  36.7  1  0  5 10 0 0 1 0 1 0 0 0 0 1 1 0 0 1
2014   2 28  8 12 11  98342  -12.52426  156.80734    12346  67.6  2  0  6 15 0 0 1 1 0 0 0 1 0 0 1 1 0 1
2014   2 28  8 12 11 427335  -32.90728  -40.84632     5174  25.4  1  0  4  6 0 0 1 1 0 0 0 0 0 1 0 0 0 1
2014   2 28  8 12 11 445668  -32.91570  -40.91522     5773  23.1  1  0  4  6 0 0 1 1 1 0 0 1 0 0 0 0 0 0
2014   2 28  8 12 11 491762  -33.02209  -40.46030     6344  75.9  2  0  6 15 0 0 1 1 0 0 0 1 0 1 1 0 0 1
2014   2 28  8 12 11 543875  -12.50358  156.64803    11759  83.7  2  0  7 21 0 0 1 1 1 0 0 1 0 0 1 1 0 1
2014   2 28  8 12 11 566602  -33.02263  -40.37448     9004  84.6  2  0  5 10 0 0 1 1 1 0 0 0 0 0 1 0 0 1
2014   2 28  8 12 11 635999  -32.91829  -40.87843     4229  30.2  1  0  5 10 0 0 1 1 0 0 0 1 0 1 0 0 0 1
2014   2 28  8 12 11 687962  -32.96643  -40.49463     6532  81.0  2  0  6 15 0 0 1 1 1 0 0 0 0 1 1 0 0 1
2014   2 28  8 12 11 729069  -33.07986  -40.34460     8366  75.4  2  0  5 10 0 0 1 1 1 0 0 1 0 0 1 0 0 0
2014   2 28  8 12 11 763969  -33.13200  -39.90348     9709  68.3  2  0  5 10 0 0 1 0 1 0 0 1 0 0 1 0 0 1
2014   2 28  8 12 11 834703  -33.01340  -40.38893     9183  86.8  2  0  5 10 0 0 1 1 1 0 0 0 0 0 1 0 0 1
2014   2 28  8 12 12 388298  -21.51138  -46.32971     4185  77.3  2  0  6 15 0 0 1 1 1 0 0 1 0 0 1 0 0 1
2014   2 28  8 12 12 653846  -21.32456  -46.78330     3707  93.1  2  0  7 21 0 0 1 1 1 0 0 1 0 1 0 1 0 1
2014   2 28  8 12 13 115533    4.02848  151.52477    26017 100.0  2  0  6 15 0 0 1 1 0 0 0 1 0 1 1 0 0 1
2014   2 28  8 12 13 396682    5.26172  148.62662     6633   7.6  0  0  4  6 0 0 1 0 0 0 0 1 0 0 1 1 0 0
2014   2 28  8 12 13 457207  -21.35043  -47.26146     4155 101.1  2  0  7 18 0 0 1 1 1 0 0 1 0 1 1 0 0 1
2014   2 28  8 12 14 212727  -30.65504  -42.14611     6459  93.0  2  0  6 15 0 0 1 1 1 0 0 0 0 1 1 0 0 1
2014   2 28  8 12 14 424969  -29.80782  -42.78073     6573  53.1  1  0  6 12 0 0 0 1 1 0 0 1 0 1 1 1 0 0
2014   2 28  8 12 14 511449  -29.88192  -42.76597     6365  41.9  1  0  5 10 0 0 0 1 0 0 0 1 0 1 1 0 0 1
2014   2 28  8 12 14 538346  -30.71561  -42.04504     7129  91.1  2  0  6 15 0 0 1 1 1 0 0 1 0 0 1 0 0 1
2014   2 28  8 12 14 876421    4.78820  -84.34803     8430 107.2  2  0  7 21 0 0 1 0 1 0 0 1 0 1 1 1 0 1
2014   2 28  8 12 14 942036    4.88466  -84.83192    10455 145.3  2  0  7 21 0 0 1 1 1 0 0 1 0 1 0 1 0 1
2014   2 28  8 12 15 393424   -4.35800  -72.14755     6626 144.1  2  0  7 21 0 0 1 1 1 0 0 1 0 1 1 1 0 0
2014   2 28  8 12 15 543731  -20.87298  -46.39023     4979  99.9  2  0  6 15 0 0 1 1 1 0 0 1 0 0 1 0 0 1
2014   2 28  8 12 15 554385  -20.87093  -46.38773     4988 100.1  2  0  6 15 0 0 1 1 1 0 0 1 0 0 1 0 0 1
2014   2 28  8 12 16 397835  -13.14927  157.22151     5969  27.6  0  0  7 21 0 0 1 1 1 0 0 1 0 0 1 1 0 1
2014   2 28  8 12 16 922794   -9.23624  -68.27200     2890  15.3  0  0  7 21 0 0 0 1 1 0 0 1 0 1 1 1 0 1
2014   2 28  8 12 16 977952   -9.24255  -68.24857     2856  14.8  0  0  7 21 0 0 0 1 1 0 0 1 0 1 1 1 0 1
2014   2 28  8 12 17  43768   -9.21334  -68.26270     2810  18.4  0  0  6 15 0 0 1 1 1 0 0 1 0 0 1 1 0 0
2014   2 28  8 12 17 239799  -21.45618  -45.96386     2463  10.7  0  0  6 15 0 0 1 1 1 0 0 1 0 0 1 0 0 1
2014   2 28  8 12 17 596630  -21.42962  -45.96494     2493  17.0  0  0  6 15 0 0 0 1 1 0 0 1 0 1 1 0 0 1
2014   2 28  8 12 18 750653  -14.73040  -43.92409     3414  30.3  1  0  5  8 0 0 1 1 1 0 0 1 0 0 1 0 0 0
2014   2 28  8 12 19 542419   -9.65576  -66.71417     3168  24.4  0  0  7 21 0 0 1 1 1 0 0 1 0 1 1 0 0 1
2014   2 28  8 12 19 586541   -9.54371  -66.98612     3393  31.8  0  0  7 21 0 0 0 1 1 0 0 1 0 1 1 1 0 1
2014   2 28  8 12 19 632200   -9.51229  -66.85971     4169  33.6  1  0  5  9 0 0 1 0 1 0 0 1 0 1 0 1 0 0
2014   2 28  8 12 19 677669   -9.51284  -66.85145     3089  34.5  0  0  7 21 0 0 1 0 1 0 0 1 0 1 1 1 0 1
2014   2 28  8 12 19 712801   -9.63507  -66.73640     3613  24.2  0  0  6 15 0 0 1 1 1 0 0 1 0 0 1 0 0 1
2014   2 28  8 12 19 936328  -20.67981  -48.46610     2698  36.9  0  0  7 21 0 0 1 1 0 0 0 1 0 1 1 1 0 1
2014   2 28  8 12 19 974535  -20.69911  -48.41554     2718  32.0  0  0  7 18 0 0 1 1 1 0 0 1 0 1 1 0 0 1
2014   2 28  8 12 20 177622   -9.51825  -66.85846     3147  41.3  0  0  7 21 0 0 1 1 1 0 0 1 0 1 1 1 0 0
2014   2 28  8 12 21 402719   10.46402  159.81929    18342  55.6  2  0  5  8 0 0 1 1 0 0 0 0 0 0 1 1 0 1
2014   2 28  8 12 23 378325  -31.85373 -135.99638    28610  13.4  0  0  4  6 0 0 1 1 0 0 0 1 0 0 1 0 0 0
2014   2 28  8 12 23 695797  -31.83226 -136.10797    29221  13.9  0  0  4  6 0 0 1 1 0 0 0 1 0 0 1 0 0 0
2014   2 28  8 12 24 365866    5.04072  145.00539    12607  40.7  1  0  5  7 0 0 1 1 0 0 0 0 0 1 1 1 0 0
2014   2 28  8 12 24 877105  -18.17452 -144.07942     8254  14.5  0  0  5 10 0 0 1 1 0 0 0 1 0 0 1 1 0 0
2014   2 28  8 12 25 791530  -20.58853  -46.01325     3949  38.9  1  0  5 10 0 0 1 0 1 0 0 1 0 0 1 0 0 1
2014   2 28  8 12 25 811142  -21.11207  -46.57901     3456  77.0  2  0  7 21 0 0 1 1 1 0 0 1 0 1 1 0 0 1
2014   2 28  8 12 25 910717   -5.26166   -0.54404    19333  56.3  1  0  6 15 0 0 1 1 1 0 0 0 0 0 1 0 1 1
2014   2 28  8 12 26 182656  -41.05947  -68.28132    30828  92.0  2  0  6 15 0 0 0 1 1 0 0 1 0 1 0 1 0 1
2014   2 28  8 12 26 226431  -43.67616  -70.24498    23350  37.1  1  0  5 10 0 0 0 0 1 0 0 1 0 0 1 1 0 1
2014   2 28  8 12 26 303348    0.73299  -13.07194     5583  66.5  1  0  7 21 0 0 1 1 1 0 0 1 1 0 1 0 0 1
2014   2 28  8 12 26 344792    1.33907  -11.85758    12574  73.5  2  0  7 20 0 0 1 1 1 0 0 1 0 0 1 1 0 1
2014   2 28  8 12 26 380804    1.41872  -11.71109    11209  55.2  1  0  6 15 0 0 1 1 0 0 0 1 0 0 1 1 0 1
2014   2 28  8 12 28 412629    1.81062   11.97489    32149  87.8  2  0  6 15 0 0 0 1 1 0 0 1 0 0 1 1 0 1
2014   2 28  8 12 28 974086  -33.07368  -40.75911     4641  61.5  1  0  7 21 0 0 1 1 1 0 0 1 0 1 0 1 0 1
2014   2 28  8 12 28 992186  -33.28765  -40.05875     7876  88.9  2  0  6 15 0 0 1 1 1 0 0 1 0 0 1 0 0 1
2014   2 28  8 12 29  60427  -31.91261  -41.20251     5217   8.5  0  0  4  6 0 0 0 1 0 0 0 0 0 1 1 0 0 1
2014   2 28  8 12 29 157029  -33.14422  -40.22578     7046 111.2  2  0  7 21 0 0 1 1 1 0 0 0 0 1 1 1 0 1
2014   2 28  8 12 29 265960  -32.05891  -41.07611     4805  26.7  0  0  6 15 0 0 0 1 1 0 0 1 0 0 1 1 0 1
2014   2 28  8 12 29 301511  -33.28133  -40.06798     8005  91.0  2  0  6 15 0 0 1 1 1 0 0 1 0 0 1 0 0 1
2014   2 28  8 12 29 544378  -21.46517  -46.96945     5956  67.7  2  0  5  7 0 0 1 1 1 0 0 1 0 0 0 0 0 1
2014   2 28  8 12 30 905775  -25.06411  -44.97138     4560  93.9  2  0  7 20 0 0 1 1 0 0 0 1 0 1 1 1 0 1
2014   2 28  8 12 30 951025  -25.19517  -44.86123     5205  64.0  2  0  5 10 0 0 1 1 1 0 0 1 0 0 1 0 0 0
2014   2 28  8 12 31 619509  -25.14554  -44.87231     4817  79.3  2  0  6 15 0 0 1 1 1 0 0 1 0 0 1 0 0 1
2014   2 28  8 12 32  67050  -34.18159  -37.71161     3309   8.4  0  0  5 10 0 0 1 1 1 0 0 0 0 0 1 0 0 1
2014   2 28  8 12 32 179607  -34.19266  -37.75817     3247  14.8  0  0  6 15 0 0 1 1 1 0 0 1 0 0 1 0 0 1
2014   2 28  8 12 32 206780  -34.18341  -37.73386     3189   6.0  0  0  5 10 0 0 1 1 1 0 0 0 0 0 1 0 0 1
2014   2 28  8 12 32 319568  -21.36360  -46.34983     2591   4.0  0  0  5 10 0 0 1 0 1 0 0 1 0 0 1 0 0 1
2014   2 28  8 12 32 572938  -34.45861  -37.50937     3223  14.5  0  0  6 15 0 0 1 1 1 0 0 1 0 0 1 0 0 1
2014   2 28  8 12 32 654652  -34.16841  -37.73694     3106   3.8  0  0  5 10 0 0 1 1 1 0 0 0 0 0 1 0 0 1
2014   2 28  8 12 33 479233   18.62156  -91.82780     4287  14.4  0  0  7 21 0 0 1 1 1 0 0 1 0 0 1 1 0 1
2014   2 28  8 12 33 527550   18.63983  -91.83763     5367  16.7  0  0  6 15 0 0 1 1 1 0 0 1 0 0 1 1 0 0
2014   2 28  8 12 34  55777    5.63029  -72.36307     2849  14.6  0  0  7 20 0 0 1 1 1 0 0 1 0 0 1 1 0 1
2014   2 28  8 12 34 716764  -33.21837  -39.87854     3153  16.2  0  0  6 15 0 0 1 1 1 0 0 1 0 0 1 0 0 1
2014   2 28  8 12 34 724385  -33.21541  -39.94315     4752  13.4  0  0  4  6 0 0 1 1 1 0 0 1 0 0 0 0 0 0
2014   2 28  8 12 34 733566  -33.22376  -39.87950     3205  17.3  0  0  6 15 0 0 1 1 1 0 0 1 0 0 1 0 0 1
2014   2 28  8 12 34 745151  -33.21252  -39.88237     3155  16.3  0  0  6 15 0 0 1 1 1 0 0 1 0 0 1 0 0 1
2014   2 28  8 12 34 781095  -33.19914  -39.95399     4926  15.0  0  0  4  6 0 0 1 1 1 0 0 1 0 0 0 0 0 0
2014   2 28  8 12 34 791013  -33.21684  -39.88814     3146  16.0  0  0  6 15 0 0 1 1 1 0 0 1 0 0 1 0 0 1
2014   2 28  8 12 35 897031    4.67038  -73.74887     4050  29.7  0  0  7 20 0 0 0 1 1 0 0 1 0 1 1 1 0 1
2014   2 28  8 12 35 924171    4.69317  -73.55655     3194  25.5  0  0  7 20 0 0 1 1 1 0 0 1 0 0 1 1 0 1
2014   2 28  8 12 35 949114  -13.89309  158.30981    33120  32.7  0  0  6 15 0 0 1 0 1 0 0 1 0 1 1 0 0 1
2014   2 28  8 12 36  54875   -4.46220  -71.85105     5888  24.3  0  0  5  7 0 0 0 1 1 0 0 1 0 0 1 1 0 0
2014   2 28  8 12 36 129209    4.68371  -73.55669     3345  27.1  0  0  7 19 0 0 1 1 1 0 0 1 0 0 1 1 0 1
2014   2 28  8 12 36 161046  -12.92412  157.20860     5868  28.4  0  0  7 21 0 0 1 1 1 0 0 1 0 0 1 1 0 1
2014   2 28  8 12 36 165258    4.69337  -73.53966     4776  25.2  0  0  5  8 0 0 1 1 0 0 0 0 0 0 1 1 0 1
2014   2 28  8 12 36 223925  -13.05370  157.44417     7371  28.1  0  0  6 15 0 0 1 1 1 0 0 1 0 1 0 1 0 0
2014   2 28  8 12 36 361188   -4.54342  -71.63503     3609  21.9  0  0  5 10 0 0 1 1 0 0 0 0 0 0 1 1 0 1
2014   2 28  8 12 36 471166   -4.46747  -71.76044     4040  31.0  1  0  5 10 0 0 1 1 1 0 0 0 0 0 0 1 0 1
2014   2 28  8 12 36 785741  -22.77176 -139.07513     7868  31.0  0  0  7 21 0 0 1 1 1 0 0 1 0 0 1 1 0 1
2014   2 28  8 12 38 184157  -23.63308  -45.76432     3163   8.6  0  0  4  6 0 0 1 1 1 0 0 1 0 0 0 0 0 0
2014   2 28  8 12 38 733088  -12.79975  156.89041     8678  42.5  1  0  6 15 0 0 0 1 1 0 0 1 0 0 1 1 0 1
2014   2 28  8 12 38 736790  -21.90638 -140.84860     9133  40.8  0  0  7 21 0 0 1 1 1 0 0 1 0 0 1 1 0 1
2014   2 28  8 12 39 312366    5.00039  149.30571    15740   2.6  0  0  4  6 0 0 1 1 0 0 0 0 0 0 1 1 0 0
2014   2 28  8 12 39 416830    5.00348  149.31665     5015   3.1  0  0  5 10 0 0 1 1 0 0 0 1 0 0 1 1 0 0
2014   2 28  8 12 40 517707  -20.69723  -46.60409     4316  78.5  2  0  6 15 0 0 1 1 1 0 0 1 0 0 0 1 0 1
2014   2 28  8 12 40 536412  -20.72562  -46.26092     3387  28.2  0  0  5 10 0 0 1 0 1 0 0 1 0 0 1 0 0 1
2014   2 28  8 12 41 320489  -30.88774 -133.50137    10502   6.4  0  0  4  6 0 0 1 0 0 0 0 1 0 0 1 1 0 0
2014   2 28  8 12 41 432517  -21.19597  -47.33406     4043  20.9  1  0  4  6 0 0 1 0 0 0 0 1 0 1 1 0 0 0
2014   2 28  8 12 41 454451    7.42977  149.69966     8725  61.1  1  0  7 21 0 0 1 1 1 0 0 1 0 0 1 1 0 1
2014   2 28  8 12 41 533073  -18.59596 -145.78488    26464  66.5  2  0  5 10 0 0 1 1 1 0 0 0 0 0 1 1 0 0
2014   2 28  8 12 42 714754   -5.67682    9.08901    16052  82.8  2  0  7 17 0 0 1 1 1 0 0 1 0 0 1 1 0 1
2014   2 28  8 12 42 792698   -9.39222    2.68474    64100  62.5  2  0  5 10 0 0 1 1 1 0 0 0 0 0 1 0 0 1
2014   2 28  8 12 42 857851  -18.34840 -143.39229    16115  65.0  2  0  6 15 0 0 1 1 0 0 0 1 0 0 1 1 0 1
2014   2 28  8 12 42 866555  -18.33533 -143.38692    16148  65.0  2  0  6 15 0 0 1 1 0 0 0 1 0 0 1 1 0 1
2014   2 28  8 12 42 882402  -18.49773 -142.57536    23109  62.9  2  0  5 10 0 0 1 0 1 0 0 1 0 0 1 1 0 0
2014   2 28  8 12 42 904644  -22.20298 -141.14096    15312  77.2  2  0  7 21 0 0 1 1 1 0 0 1 0 0 1 1 0 1
2014   2 28  8 12 42 998188    4.71049  -84.34206     6643  79.1  2  0  7 21 0 0 1 0 1 0 0 1 0 1 1 1 0 1
2014   2 28  8 12 43  48093    2.65065  -82.80762    33268  71.5  2  0  5 10 0 0 1 1 1 0 0 0 0 0 1 0 0 1
2014   2 28  8 12 43  75502    4.71549  -84.33180     6624  78.8  2  0  7 21 0 0 1 0 1 0 0 1 0 1 1 1 0 1
2014   2 28  8 12 44 308877    6.35609  143.77478    16000 115.3  2  0  6 15 0 0 0 1 1 0 0 1 0 0 1 1 0 1
2014   2 28  8 12 44 944232  -21.46908  -46.45675     5884  97.1  2  0  6 11 0 0 0 1 1 0 0 1 0 1 1 1 0 0
2014   2 28  8 12 45 989332  -30.35389  -42.18180     4235  66.9  1  0  7 21 0 0 1 1 1 0 0 1 0 1 0 1 0 1
2014   2 28  8 12 46  15357  -30.48314  -41.64101     6627  81.1  2  0  6 15 0 0 1 1 1 0 0 1 0 0 1 0 0 1
2014   2 28  8 12 49 176800  -21.34065  -47.13857     2893  26.6  0  0  6 11 0 0 0 1 0 0 0 1 0 1 1 1 0 1
2014   2 28  8 12 49 346194  -21.35597  -47.11760     2461  17.8  0  0  7 19 0 0 1 1 1 0 0 1 0 1 1 0 0 1
2014   2 28  8 12 49 440139  -21.33996  -47.13366     2525  24.1  0  0  7 20 0 0 1 0 1 0 0 1 0 1 1 1 0 1
2014   2 28  8 12 49 524096  -21.36679  -47.07971     2930   9.7  0  0  5  7 0 0 1 1 0 0 0 1 0 0 1 0 0 1
2014   2 28  8 12 51 127087    1.14272    3.59813    14183  40.9  1  0  5  9 0 0 1 1 0 0 0 1 0 0 0 1 0 1
2014   2 28  8 12 51 304084  -19.20471   69.49060    12566   8.5  0  0  5 10 0 0 1 1 1 0 0 0 0 0 1 0 0 1
2014   2 28  8 12 52 459003  -22.78938 -138.36449    13375  16.9  0  0  4  6 0 0 1 1 1 0 0 0 0 0 0 1 0 0
2014   2 28  8 12 52 513889  -12.27742  -71.69989     3277  19.9  0  0  5 10 0 0 1 0 1 0 0 0 0 0 1 1 0 1
2014   2 28  8 12 52 522837  -12.31943  -71.73287     3407  43.9  0  0  7 20 0 0 1 1 0 0 0 1 0 1 1 1 0 1
2014   2 28  8 12 52 534104  -12.32029  -71.74274     3388  46.1  0  0  7 21 0 0 1 1 1 0 0 1 0 0 1 1 0 1
2014   2 28  8 12 52 841969  -23.67993 -136.84143    32508  44.5  1  0  5 10 0 0 1 1 1 0 0 1 0 0 1 0 0 0
2014   2 28  8 12 52 991871  -12.65632  -70.63921     5763  14.9  0  0  5  9 0 0 0 1 1 0 0 1 0 0 1 0 0 1
2014   2 28  8 12 53 654022  -14.51384  -44.32242     2977  36.6  0  0  6 15 0 0 1 1 1 0 0 1 0 0 1 0 0 1
2014   2 28  8 12 53 833937  -20.49673  -46.22635     3224  54.2  1  0  7 21 0 0 1 0 1 0 0 1 0 1 1 1 0 1
2014   2 28  8 12 53 871164  -21.40650  -45.91198     2984  48.5  0  0  7 21 0 0 1 1 1 0 0 1 0 1 1 0 0 1
2014   2 28  8 12 55 774397  -23.43567  -45.53709     3510  60.8  1  0  7 20 0 0 1 1 0 0 0 1 0 1 1 1 0 1
2014   2 28  8 12 56 393406   -6.71868    8.14695    11522  46.7  1  0  6 15 0 0 1 1 1 0 0 0 0 0 1 1 0 1
2014   2 28  8 12 56 454566   -3.32207   14.03696    43158  15.6  0  0  4  6 0 0 1 1 0 0 0 0 0 0 1 0 0 1
2014   2 28  8 12 56 638278   -7.93597    6.00103    24871  69.2  2  0  6 14 0 0 1 1 1 0 0 1 0 0 1 0 0 1
2014   2 28  8 12 57 156874  -21.89081  -50.32911     3304  73.7  2  0  7 19 0 0 1 1 1 0 0 1 0 1 1 1 0 0
2014   2 28  8 12 57 316428  -14.76591  -43.66519     3128  38.9  0  0  6 13 0 0 1 1 1 0 0 1 0 0 0 1 0 1
2014   2 28  8 12 57 378615  -20.67205  -46.30862     4490  80.7  2  0  6 14 0 0 0 1 1 0 0 1 0 1 1 0 0 1
2014   2 28  8 12 57 389487  -20.71558  -46.11729     3930  45.4  1  0  5 10 0 0 0 1 1 0 0 1 0 0 1 0 0 1
2014   2 28  8 12 57 441722   20.87302  140.01077     4852  21.9  0  0  5 10 0 0 1 0 1 0 0 1 0 0 1 0 0 1
2014   2 28  8 12 57 722034  -21.76615  -50.43509     4241 100.7  2  0  7 16 0 0 1 1 1 0 0 1 0 1 1 0 0 1
2014   2 28  8 12 57 939152    7.02418  -74.59901    11652  87.6  2  0  6 14 0 0 0 1 1 0 0 1 0 0 1 1 0 1
2014   2 28  8 12 57 993114    6.01064  -73.66800     9860  67.8  1  0  7 21 0 0 1 1 1 0 0 1 0 1 1 0 0 1
2014   2 28  8 12 58  65493    7.24870  -74.69415    19149 100.3  2  0  6 11 0 0 0 1 1 0 0 1 0 0 1 1 0 1
2014   2 28  8 12 58 223339  -33.16068  -39.59103     5145  79.6  2  0  7 21 0 0 1 1 0 0 0 1 0 1 1 1 0 1
2014   2 28  8 12 58 247221  -52.06010  -30.92069    16288  25.1  1  0  4  6 0 0 1 1 1 0 0 1 0 0 0 0 0 0
2014   2 28  8 12 58 283023  -31.24130  -42.23815    21547  51.5  2  0  5 10 0 0 0 0 1 0 0 1 0 0 1 1 0 1
2014   2 28  8 12 58 291666  -19.49813 -174.83131    25869  98.5  2  0  7 21 0 0 1 1 1 0 0 1 0 0 1 1 0 1
2014   2 28  8 12 58 343910  -33.18879  -39.56643     5971  77.6  2  0  6 15 0 0 1 1 1 0 0 1 0 1 1 0 0 0
2014   2 28  8 12 58 393077  -33.08438  -39.64075     5568  43.1  1  0  5  9 0 0 1 1 0 0 0 0 0 1 0 1 0 1
2014   2 28  8 12 58 616122    4.66085  -73.17239     5564  84.2  2  0  7 21 0 0 1 1 1 0 0 1 0 0 1 1 0 1
2014   2 28  8 12 58 871687  -32.89607  -39.80330    11570  90.5  2  0  6 15 0 0 0 1 1 0 0 1 0 1 1 1 0 0
2014   2 28  8 12 58 965246  -33.18880  -39.66867     9465  86.9  2  0  5 10 0 0 1 1 0 0 0 1 0 1 0 0 0 1
2014   2 28  8 12 59 343257  -33.27095  -39.36591     5847  71.2  2  0  6 15 0 0 1 1 1 0 0 1 0 0 1 0 0 1
2014   2 28  8 12 59 357827  -22.88507  -45.73429     4585  80.9  2  0  6 14 0 0 1 1 1 0 0 1 0 0 1 0 0 1
2014   2 28  8 12 59 697212  -30.33327  -41.04329     4875  79.6  2  0  7 21 0 0 1 1 1 0 0 1 0 1 1 0 0 1
2014   2 28  8 12 59 966981  -30.38818  -40.79667     5526  73.1  2  0  6 15 0 0 1 1 1 0 0 1 0 0 1 0 0 1
2014   2 28  8 13  1 501278  -12.19160  -71.37107     4160  55.3  1  0  6 15 0 0 1 0 1 0 0 0 0 1 1 1 0 1
2014   2 28  8 13  1 508999  -12.28767  -71.49069     5169 109.5  2  0  7 21 0 0 1 1 1 0 0 1 0 0 1 1 0 1
2014   2 28  8 13  2 781282  -21.04530  -47.04287     3837  70.7  2  0  6 15 0 0 1 1 1 0 0 0 0 1 1 1 0 0
2014   2 28  8 13  3 418370   -4.57430  144.18745    10089  90.1  2  0  6 15 0 0 1 0 1 0 0 1 0 1 1 1 0 0
2014   2 28  8 13  3 918628  -14.33829  162.97891    18567 103.7  2  0  7 21 0 0 1 0 1 0 0 1 0 1 1 1 0 1
2014   2 28  8 13  4 473932   -5.29124  -60.27696     3014  16.2  0  0  5 10 0 0 0 1 0 0 0 1 0 0 1 1 0 1
2014   2 28  8 13  4 520066  -14.71421  -43.85064     2721  15.6  0  0  5 10 0 0 1 1 0 0 0 1 0 0 1 0 0 1
2014   2 28  8 13  6 509268  -28.41770 -131.87540    15191  24.4  0  0  6 15 0 0 1 1 1 0 0 1 0 0 1 0 0 1
2014   2 28  8 13  6 929173    0.45860    0.40547    11080   9.1  0  0  5 10 0 0 1 0 1 0 0 1 0 0 1 0 0 1
2014   2 28  8 13  7 285381   -3.91205  -71.55495     3163  31.4  0  0  7 20 0 0 1 0 1 0 0 1 0 1 0 1 1 1
2014   2 28  8 13  7 358839   -3.87187  -71.35887     3553  12.2  0  0  4  6 0 0 1 1 1 0 0 0 0 0 0 1 0 0
2014   2 28  8 13  7 389432   -3.87859  -71.45549     4649  41.5  1  0  5  9 0 0 1 1 0 0 0 1 0 0 0 1 0 1
2014   2 28  8 13  8 107165  -13.02576  -43.33367     3064  50.2  1  0  7 21 0 0 0 1 1 0 0 1 0 0 1 1 1 1
2014   2 28  8 13  9 135270    1.46291   -1.92082    22789   8.9  0  0  5  9 0 0 0 1 1 0 0 1 0 0 1 0 0 1
2014   2 28  8 13  9 935179    5.73935  -72.50723     5798  41.4  1  0  6 15 0 0 0 0 1 0 0 1 0 1 1 1 0 1
2014   2 28  8 13 10 527214    4.67372  150.73792    10356  64.7  1  0  7 21 0 0 1 1 1 0 0 0 0 1 1 1 0 1
2014   2 28  8 13 10 615845    4.80479  149.38704    10278  69.7  2  0  6 15 0 0 0 1 1 0 0 1 0 1 1 1 0 0
2014   2 28  8 13 10 747064    7.07444  -76.39680     5927  64.7  1  0  7 18 0 0 1 1 0 0 0 1 0 1 1 1 0 1
2014   2 28  8 13 11 280797  -22.69866 -137.43248    26935  54.1  1  0  6 15 0 0 1 1 1 0 0 1 0 0 1 0 0 1
2014   2 28  8 13 11 425865   -0.79839  -71.64991     4013  20.3  0  0  5  9 0 0 1 0 1 0 0 0 0 0 1 1 0 1
2014   2 28  8 13 12 403555  -19.98465   69.65403    18661  51.9  1  0  6 15 0 0 1 1 1 0 0 1 0 0 1 0 0 1
2014   2 28  8 13 12 471406   19.36415 -107.35802    11799  12.4  0  0  5 10 0 0 0 1 1 0 0 0 0 0 1 1 0 1
2014   2 28  8 13 12 817025    4.13107  -83.05065    12933  78.9  2  0  6 15 0 0 0 1 1 0 0 1 0 0 1 1 0 1
2014   2 28  8 13 13  95690   -9.18750  -69.39861     3231  40.2  0  0  7 21 0 0 1 1 1 0 0 0 0 1 1 1 0 1
2014   2 28  8 13 13 217614  -22.21335  -45.88358     3669  59.2  1  0  6 15 0 0 1 1 1 0 0 1 0 0 1 0 0 1
2014   2 28  8 13 13 562643  -22.25247  -45.91909     3735  61.9  2  0  6 15 0 0 1 1 1 0 0 1 0 0 1 0 0 1
2014   2 28  8 13 13 656922  -22.92961  -45.52036     4390  67.2  2  0  6 14 0 0 1 1 1 0 0 1 0 0 1 0 0 1
2014   2 28  8 13 13 852158  -20.96705 -142.28711    18016  86.4  2  0  7 21 0 0 1 1 1 0 0 1 0 0 1 1 0 1
2014   2 28  8 13 14 840633    3.56224  152.73158    24361  70.7  2  0  6 15 0 0 1 1 1 0 0 1 0 1 0 0 0 1
2014   2 28  8 13 16 217988    2.46797  -84.33075     7143  95.2  2  0  7 21 0 0 1 1 1 0 0 1 0 1 0 1 0 1
2014   2 28  8 13 16 276348    2.53583  -84.49472    14112 104.2  2  0  7 21 0 0 0 1 1 0 0 1 0 1 1 1 0 1
2014   2 28  8 13 17  44116   -7.69012    6.41992    54087 100.0  2  0  6 12 0 0 1 1 1 0 0 1 0 0 1 0 0 1
2014   2 28  8 13 17 167287  -32.01786 -134.21515    22175 105.9  2  0  7 20 0 0 1 1 1 0 0 1 0 0 1 1 0 1
2014   2 28  8 13 17 203491  -31.99265 -133.44035    23751 109.7  2  0  7 21 0 0 1 1 1 0 0 1 0 0 1 1 0 1
2014   2 28  8 13 17 675993   18.59397  -90.79922     9030  66.7  1  0  7 21 0 0 1 1 1 0 0 0 0 1 1 1 0 1
2014   2 28  8 13 17 910084    9.62372  -74.99850    15523  14.6  0  0  4  6 0 0 1 1 0 0 0 0 0 0 1 0 0 1
2014   2 28  8 13 17 923468    3.79367  -70.06107    23417  54.6  2  0  5 10 0 0 0 1 1 0 0 1 0 0 1 0 0 1
2014   2 28  8 13 18 575660   -3.35400  -71.40927     5740 111.7  2  0  7 21 0 0 1 1 1 0 0 1 0 0 1 1 0 1
2014   2 28  8 13 20 763394  -11.95947  -72.94942     4013  17.6  0  0  5 10 0 0 0 1 1 0 0 1 0 0 1 1 0 0
2014   2 28  8 13 20 777648  -11.94358  -72.88968     2688  18.7  0  0  7 21 0 0 1 1 1 0 0 1 0 0 1 1 0 1
2014   2 28  8 13 20 892369  -11.88038  -72.84372     2954  18.8  0  0  6 15 0 0 1 0 1 0 0 1 0 0 1 1 0 1
2014   2 28  8 13 22 569211  -14.77966  161.77809    10722  45.4  1  0  6 15 0 0 1 1 1 0 0 1 0 0 1 1 0 0
2014   2 28  8 13 22 704809  -20.70860  -48.29112     2760  17.3  0  0  6 13 0 0 1 1 1 0 0 1 0 0 1 0 0 1
2014   2 28  8 13 23  45866   -0.63013    4.91843    13503  14.9  0  0  5 10 0 0 0 1 1 0 0 0 0 0 1 1 0 1
2014   2 28  8 13 23 438751  -13.26292  -38.63638     5419  13.5  0  0  4  6 0 0 0 0 0 0 0 1 0 1 1 0 0 1
2014   2 28  8 13 23 715056  -24.86087  -44.88454     4496  38.2  1  0  5 10 0 0 0 1 1 0 0 1 0 0 1 0 0 1
2014   2 28  8 13 24 296026  -33.41824  -39.55413     4073  31.8  0  0  7 21 0 0 1 0 1 0 0 1 0 1 1 1 0 1
2014   2 28  8 13 24 544833  -33.96323  -38.78928    12430  29.0  1  0  4  6 0 0 0 1 0 0 0 1 0 0 1 0 0 1
2014   2 28  8 13 25 354022    5.03041  -84.90109     4759  45.9  0  0  7 21 0 0 1 1 1 0 0 1 0 0 1 1 0 1
2014   2 28  8 13 25 812407  -20.54691  -46.02950     3273  28.9  0  0  6 12 0 0 1 1 1 0 0 1 0 0 1 0 0 1
2014   2 28  8 13 25 841080  -20.56104  -46.14702     3065  27.0  0  0  6 14 0 0 1 0 1 0 0 1 0 0 1 1 0 1
2014   2 28  8 13 25 933022  -20.53066  -46.04063     3260  22.1  0  0  5  9 0 0 1 1 0 0 0 1 0 0 1 0 0 1
2014   2 28  8 13 26 161989    1.93733  -21.67182     3759  35.7  0  0  6 15 0 0 0 1 1 0 0 0 1 1 0 1 0 1
2014   2 28  8 13 27 599214   -6.93539  -74.27117     5357  64.9  2  0  6 13 0 0 1 1 1 0 0 1 0 0 1 1 0 0
2014   2 28  8 13 29 711189  -21.33264  -46.21037     2859   0.3  0  0  4  6 0 0 1 0 0 0 0 1 0 0 1 0 0 1
2014   2 28  8 13 29 833512  -21.29313  -46.02013     4423  92.7  2  0  6 15 0 0 1 1 1 0 0 1 0 0 1 0 0 1
2014   2 28  8 13 29 876258  -21.92588  -50.36059     3990 102.4  2  0  7 20 0 0 1 1 1 0 0 1 0 0 1 1 0 1
2014   2 28  8 13 30  67185  -33.19382  -39.57681     7597  79.0  2  0  5 10 0 0 1 1 0 0 0 1 0 1 1 0 0 0
2014   2 28  8 13 30  97964  -33.25000  -39.43995     5490  62.9  2  0  6 15 0 0 1 1 1 0 0 1 0 0 1 0 0 1
2014   2 28  8 13 30 117385  -33.17816  -39.61171     4869  68.3  1  0  7 21 0 0 1 1 1 0 0 1 0 1 1 0 0 1
2014   2 28  8 13 30 393685  -33.23321  -39.39866     7182  71.6  2  0  5 10 0 0 1 1 1 0 0 1 0 0 1 0 0 0
2014   2 28  8 13 30 440922  -33.05737  -39.69592     8571  75.5  2  0  7 21 0 0 0 1 1 0 0 1 0 1 1 1 0 1
2014   2 28  8 13 30 487925  -33.24640  -39.42221     5568  64.4  2  0  6 15 0 0 1 1 1 0 0 1 0 0 1 0 0 1
2014   2 28  8 13 30 797608  -33.39172  -39.28607    14533  72.9  2  0  5 10 0 0 0 1 1 0 0 1 0 0 1 0 0 1
2014   2 28  8 13 30 845786  -33.24998  -39.39491     9377  73.8  2  0  5 10 0 0 1 1 1 0 0 1 0 0 0 0 0 1
2014   2 28  8 13 31 231181  -33.12083  -39.48509     3816  44.3  0  0  7 21 0 0 1 1 1 0 0 0 0 1 1 1 0 1
2014   2 28  8 13 31 239448  -33.38912  -39.24384     5818  68.3  2  0  6 15 0 0 1 1 1 0 0 1 0 0 1 0 0 1
2014   2 28  8 13 31 935576  -23.43359  -45.65195     4222  90.2  2  0  7 21 0 0 1 1 1 0 0 1 0 1 1 0 0 1
2014   2 28  8 13 32 205393  -19.06978 -138.05739    10887  11.7  0  0  4  6 0 0 1 0 0 0 0 1 0 0 1 1 0 0
2014   2 28  8 13 32 855256    4.64365  -73.22197     5947  93.7  2  0  7 21 0 0 1 1 1 0 0 1 0 0 1 1 0 1
2014   2 28  8 13 33  56349  -21.29671  -45.97954     3104  63.4  1  0  7 20 0 0 1 1 1 0 0 0 0 1 1 1 0 1
2014   2 28  8 13 33 644282  -21.47512  -45.84361     4458  75.9  2  0  6 14 0 0 1 1 1 0 0 1 0 0 1 0 0 1
2014   2 28  8 13 34  78236  -24.75626  -45.12831     4640  61.6  2  0  6 14 0 0 1 0 1 0 0 1 0 1 1 0 0 1
2014   2 28  8 13 34 300886  -34.28522 -125.17981    29933 123.7  2  0  6 15 0 0 1 1 1 0 0 1 0 0 1 1 0 0
2014   2 28  8 13 34 582276  -30.44573  -41.18073     6019  82.6  2  0  6 15 0 0 1 1 1 0 0 1 0 0 1 0 0 1
2014   2 28  8 13 34 610194  -30.43993  -41.16531     6035  83.0  2  0  6 15 0 0 1 1 1 0 0 1 0 0 1 0 0 1
2014   2 28  8 13 34 781909  -30.36258  -41.50954     6484 102.7  2  0  6 15 0 0 1 1 1 0 0 1 0 1 1 0 0 0
2014   2 28  8 13 38  20829   -4.66081  -71.62481     3474  16.8  0  0  7 20 0 0 1 1 1 0 0 1 0 1 1 0 0 1
2014   2 28  8 13 38 385649   -5.52028  173.58833     6870  20.8  0  0  7 21 0 0 1 1 1 0 0 0 0 1 1 1 0 1
2014   2 28  8 13 38 484471   -4.62777  145.98436     4545  32.0  0  0  7 20 0 0 1 0 1 0 0 1 0 1 1 1 0 1
2014   2 28  8 13 38 869252   -0.84586  -16.57019     8809  37.3  0  0  7 19 0 0 1 1 1 0 0 1 0 0 1 1 0 1
2014   2 28  8 13 38 914469    4.55585  -84.33198     5748  29.2  0  0  7 21 0 0 0 1 1 0 0 0 0 1 1 1 1 1
2014   2 28  8 13 38 962790    4.55484  -84.18484     3252  16.4  0  0  7 21 0 0 1 1 1 0 0 0 0 1 1 1 0 1
2014   2 28  8 13 38 997911    4.57346  -84.36727     3611  23.5  0  0  7 21 0 0 1 0 1 0 0 1 0 1 1 1 0 1
2014   2 28  8 13 39  53911    4.59547  -84.40218     4299  25.7  0  0  6 15 0 0 1 0 1 0 0 1 0 1 1 1 0 0
2014   2 28  8 13 39 106100    4.20385  -83.93647     6717  23.2  0  0  6 14 0 0 1 1 1 0 0 1 0 1 0 0 0 1
2014   2 28  8 13 39 148307    4.57920  -84.33603     7078  33.1  0  0  6 15 0 0 0 1 1 0 0 1 0 0 1 1 0 1
2014   2 28  8 13 39 191854    4.58098  -84.31632     4654  33.1  0  0  6 15 0 0 1 1 0 0 0 1 0 0 1 1 0 1
2014   2 28  8 13 39 208364  -22.86293 -139.64651     9921   6.2  0  0  4  6 0 0 1 0 0 0 0 1 0 0 1 1 0 0
2014   2 28  8 13 39 382384    0.60498    0.40696    13094  48.1  1  0  6 14 0 0 1 1 0 0 0 1 0 0 1 1 0 1
2014   2 28  8 13 39 410517   -4.77147  -72.04993     3345  15.2  0  0  5 10 0 0 1 0 0 0 0 0 0 1 1 1 0 1
2014   2 28  8 13 39 440535   -4.79041  -72.13460     4417  32.4  0  0  6 15 0 0 0 1 1 0 0 1 0 0 1 1 0 1
2014   2 28  8 13 39 671067    4.56745  -84.24782     6651  40.3  1  0  5  8 0 0 1 1 1 0 0 1 0 0 0 1 0 0
2014   2 28  8 13 39 720546   -9.70771  161.89529     7298  17.7  0  0  5 10 0 0 1 0 1 0 0 1 0 0 1 1 0 0
2014   2 28  8 13 39 816359   -0.40682   -2.05092    17794  28.8  0  0  5 10 0 0 1 1 1 0 0 1 0 0 0 0 0 1
2014   2 28  8 13 40 301006    1.99094    7.21049    16912  34.8  0  0  6 15 0 0 1 1 1 0 0 1 0 0 1 0 0 1
2014   2 28  8 13 41 481345   -4.76738  145.33032     5871   6.0  0  0  4  6 0 0 1 0 0 0 0 1 0 0 1 1 0 0
2014   2 28  8 13 41 565709  -25.40020 -134.22078    12845  50.0  1  0  6 15 0 0 1 1 0 0 0 1 0 1 0 1 0 1
2014   2 28  8 13 42 704440    1.96340    0.54944    21834  47.6  1  0  6 15 0 0 1 1 1 0 0 1 0 0 1 0 0 1
2014   2 28  8 13 43 401718  -22.79875  -45.80749     3217  57.4  1  0  7 21 0 0 1 1 1 0 0 1 0 1 1 0 0 1
2014   2 28  8 13 45 409248   -4.90513  -71.75509     4909  65.3  2  0  6 15 0 0 1 0 0 0 0 1 0 1 1 1 0 1
2014   2 28  8 13 45 870315    2.98636  -85.13807    11767  80.6  2  0  7 21 0 0 0 1 1 0 0 1 0 1 1 1 0 1
2014   2 28  8 13 45 883127    3.29271  -85.79726     4944   9.8  0  0  4  6 0 0 1 0 0 0 0 1 0 0 1 1 0 0
2014   2 28  8 13 45 926629    2.40881  -84.41085    13110  72.1  2  0  6 15 0 0 1 1 1 0 0 1 0 0 1 0 0 1
2014   2 28  8 13 46 635798  -20.75036  -46.22630     3512  31.2  1  0  5 10 0 0 1 0 1 0 0 1 0 0 1 0 0 1
2014   2 28  8 13 46 643899  -20.51977  -46.34914     2970  49.1  0  0  7 19 0 0 1 1 1 0 0 0 0 1 1 1 0 1
2014   2 28  8 13 46 888045    3.59702  152.18044    23021  68.0  2  0  6 15 0 0 1 1 1 0 0 1 0 1 0 0 0 1
2014   2 28  8 13 46 940292    5.09324  149.10663     6330   2.1  0  0  4  6 0 0 1 0 0 0 0 1 0 0 1 1 0 0
2014   2 28  8 13 46 978113    4.89697  149.27901    15126 107.2  2  0  6 15 0 0 1 1 0 0 0 1 0 0 1 1 0 1
2014   2 28  8 13 47 161393    5.05883  149.04276    11198  58.0  2  0  5 10 0 0 1 0 0 0 0 1 0 0 1 1 0 1
2014   2 28  8 13 48 371648   -9.11842  177.16893    26477 122.6  2  0  7 21 0 0 1 1 1 0 0 1 0 0 1 1 0 1
2014   2 28  8 13 48 447792   -9.83571 -179.49347    15415  65.1  1  0  7 21 0 0 1 1 1 0 0 0 0 1 1 1 0 1
2014   2 28  8 13 48 811838  -14.81709  -43.61673     3190  36.5  1  0  5  9 0 0 1 1 1 0 0 1 0 0 0 0 0 1
2014   2 28  8 13 48 919507  -31.05645 -131.04755    26170 113.4  2  0  6 15 0 0 1 1 0 0 0 1 0 1 1 1 0 0
2014   2 28  8 13 49 204465  -11.31061  167.03366    15716  80.3  2  0  7 21 0 0 1 0 1 0 0 1 0 1 1 1 0 1
2014   2 28  8 13 49 259026  -16.21443 -175.27939    66427  45.4  1  0  5 10 0 0 0 1 1 0 0 0 0 0 1 1 0 1
2014   2 28  8 13 49 279170  -11.07468  166.50075    24502 118.1  2  0  6 14 0 0 1 1 1 0 0 1 0 0 1 1 0 0
2014   2 28  8 13 49 339525   11.20120  149.09415    10453  61.0  2  0  5 10 0 0 1 1 0 0 0 0 0 0 1 1 0 1
2014   2 28  8 13 49 393872   -5.78180 -173.52335    24484 120.1  2  0  7 21 0 0 1 1 1 0 0 0 0 1 1 1 0 1
2014   2 28  8 13 49 459823  -13.08432  172.64862    39349  85.4  2  0  6 15 0 0 1 1 1 0 0 0 0 0 1 1 0 1
2014   2 28  8 13 49 911032  -19.67067  179.48955    70846  46.7  1  0  5 10 0 0 1 1 1 0 0 1 0 0 0 0 0 1
2014   2 28  8 13 50 167724  -21.44532  -46.01174     4638  92.6  2  0  6 15 0 0 1 0 1 0 0 1 0 1 1 0 0 1
2014   2 28  8 13 50 634738   -8.95542  -67.85091     4381  58.2  1  0  6 15 0 0 1 1 1 0 0 0 0 0 1 1 0 1
2014   2 28  8 13 50 750263   -9.04962  -68.22778     6097  89.7  2  0  6 14 0 0 1 0 1 0 0 1 0 0 1 1 0 1
2014   2 28  8 13 50 823591   -9.16276  -68.46156     8591 101.8  2  0  6 15 0 0 0 0 1 0 0 1 0 1 1 1 0 1
2014   2 28  8 13 50 868358   32.30702 -127.19738    23679 110.6  2  0  7 17 0 0 1 1 1 0 0 1 0 0 1 1 0 1
2014   2 28  8 13 51 196726  -12.15195  -71.32906     4087  67.9  1  0  7 21 0 0 1 1 1 0 0 0 0 1 1 1 0 1
2014   2 28  8 13 51 961416  -12.13824  -71.32180     4172  71.1  2  0  7 21 0 0 1 1 1 0 0 0 0 1 1 1 0 1
2014   2 28  8 13 52  44618  -12.44598  -71.67437     2588  10.4  0  0  6 15 0 0 1 1 1 0 0 1 0 0 0 1 0 1
2014   2 28  8 13 52 271477  -12.44350  -71.67736     2625  11.9  0  0  6 15 0 0 1 1 1 0 0 1 0 0 0 1 0 1
2014   2 28  8 13 52 777927  -10.68162  -57.26091     2421  11.8  0  0  7 19 0 0 1 1 1 0 0 1 0 1 0 1 0 1
2014   2 28  8 13 53 334383  -21.34024  -47.14824     3006  17.7  0  0  5  7 0 0 1 1 0 0 0 1 0 0 0 1 0 1
2014   2 28  8 13 53 742278  -21.32386  -47.05696     2964  14.4  0  0  5  8 0 0 1 1 1 0 0 1 0 0 0 0 0 1
2014   2 28  8 13 54  94130    2.96134  -80.37001     7101  24.5  0  0  5 10 0 0 0 1 0 0 0 1 0 1 0 1 0 1
2014   2 28  8 13 54 672210   12.39288 -123.29545     7661  31.3  0  0  6 15 0 0 1 1 1 0 0 1 0 0 0 1 0 1
2014   2 28  8 13 55 185568   20.66978  -90.40527    12483  30.9  1  0  5  7 0 0 1 1 0 0 0 1 0 0 0 1 0 1
2014   2 28  8 13 55 260394    4.58849  -73.58183     7495  32.2  1  0  5  8 0 0 0 1 1 0 0 1 0 0 0 1 0 1
2014   2 28  8 13 55 928559   -3.88682  -71.54500     4593  30.5  0  0  6 15 0 0 0 1 1 0 0 1 0 1 0 1 0 1
2014   2 28  8 13 56  44367   -9.11371  173.64650    13914  60.6  1  0  7 21 0 0 1 1 1 0 0 1 0 1 0 1 0 1
2014   2 28  8 13 56  54464  -10.94227  177.37422    27049  12.4  0  0  4  6 0 0 1 1 1 0 0 1 0 0 0 0 0 0
2014   2 28  8 13 56 264876  -33.25529  -39.70688     4722  37.5  0  0  6 15 0 0 1 1 1 0 0 1 0 0 0 1 0 1
2014   2 28  8 13 56 290149  -33.37399  -39.40461     7972  30.2  1  0  4  6 0 0 1 1 0 0 0 1 0 0 0 0 0 1
2014   2 28  8 13 56 314411  -33.25377  -39.73053     4160  34.0  0  0  6 15 0 0 1 1 1 0 0 1 0 1 0 0 0 1
2014   2 28  8 13 56 334819  -33.22594  -39.68070     3414   0.5  0  0  4  6 0 0 1 1 1 0 0 0 0 1 0 0 0 0
2014   2 28  8 13 56 355680  -33.24023  -39.74611     3652  34.1  0  0  7 21 0 0 1 1 1 0 0 1 0 1 0 1 0 1
2014   2 28  8 13 56 384416  -33.27982  -39.67394     5303  36.8  1  0  5 10 0 0 1 1 0 0 0 1 0 1 0 0 0 1
2014   2 28  8 13 56 705711  -33.28453  -39.62191     5986  38.2  1  0  5 10 0 0 1 1 1 0 0 1 0 0 0 0 0 1
2014   2 28  8 13 56 781476   -6.89423  -74.29226     3790  40.0  1  0  6 15 0 0 1 1 1 0 0 1 0 0 0 1 0 1
2014   2 28  8 13 58 145206  -22.91117  -45.84201     3995  43.6  1  0  5  9 0 0 1 1 1 0 0 1 0 0 0 0 0 1
2014   2 28  8 14  0 379726    6.63367  -77.97205     5313  66.0  1  0  7 20 0 0 1 1 1 0 0 1 0 1 0 1 0 1
2014   2 28  8 14  0 458125  -27.61504 -129.15744    23972  33.5  1  0  5 10 0 0 1 1 1 0 0 1 0 1 0 0 0 0
2014   2 28  8 14  1 351166  -21.94496 -138.49736    16807  25.9  1  0  4  6 0 0 1 1 1 0 0 0 0 0 0 1 0 0
2014   2 28  8 14  1 663512  -21.39831  -46.69623     3383  72.3  2  0  7 19 0 0 1 1 1 0 0 1 0 1 0 1 0 1
2014   2 28  8 14  1 811754  -21.39453  -46.65291     3829  70.9  2  0  6 15 0 0 1 1 1 0 0 1 0 0 0 1 0 1
2014   2 28  8 14  1 886381  -21.51541  -46.60841     4836  46.3  1  0  5  7 0 0 1 1 1 0 0 1 0 0 0 0 0 1
2014   2 28  8 14  2 560604    1.98694  148.73177     9713  51.7  2  0  5 10 0 0 0 1 1 0 0 1 0 1 0 1 0 0
2014   2 28  8 14  3 105110  -12.35445  -71.65107     5148  83.9  2  0  6 15 0 0 1 1 1 0 0 1 0 0 0 1 0 1
2014   2 28  8 14  3 606612  -12.69308  156.20416    63532  58.7  2  0  5 10 0 0 0 1 1 0 0 1 0 1 0 0 0 1
2014   2 28  8 14  3 816880  -30.43521  -41.28909     7922  74.0  2  0  5 10 0 0 1 1 1 0 0 1 0 0 0 0 0 1
2014   2 28  8 14  4 384513  -30.44464  -41.32308     8157  76.8  2  0  5 10 0 0 1 1 1 0 0 1 0 0 0 0 0 1
2014   2 28  8 14  4 405131   -6.80408  -74.21767     3621  35.6  0  0  6 15 0 0 1 1 1 0 0 0 0 1 0 1 0 1
2014   2 28  8 14  4 530777  -30.44427  -41.31313     8263  78.2  2  0  5 10 0 0 1 1 1 0 0 1 0 0 0 0 0 1
2014   2 28  8 14  5 134638  -11.80354  -72.73307     5756  96.4  2  0  6 15 0 0 1 1 1 0 0 1 0 0 0 1 0 1
2014   2 28  8 14  5 826641  -23.31450 -136.12097    18017  47.9  1  0  5 10 0 0 1 1 1 0 0 0 0 0 0 1 0 1
2014   2 28  8 14  6 762674  -20.51082  -46.11827     4667 100.2  2  0  6 15 0 0 1 1 1 0 0 1 0 1 0 0 0 1
2014   2 28  8 14  8 926769   -4.77777  -71.58356     5885  15.1  0  0  4  6 0 0 1 1 1 0 0 1 0 0 0 0 0 0
2014   2 28  8 14 10 578448  -25.41086  -44.28604     3205  33.3  0  0  6 15 0 0 1 1 1 0 0 1 0 1 0 0 0 1
2014   2 28  8 14 11  37338   -1.70035    4.49640    24200  25.5  1  0  4  6 0 0 1 1 1 0 0 1 0 0 0 0 0 0
2014   2 28  8 14 11 778260  -21.02591  -46.47377     3528  27.4  0  0  5  9 0 0 1 1 1 0 0 1 0 0 0 0 0 1
2014   2 28  8 14 12 754710  -14.72632  -43.73895     4523  73.7  2  0  6 12 0 0 1 1 1 0 0 1 0 0 0 0 1 1
2014   2 28  8 14 12 807865    4.17427  152.65060     3174  16.3  0  0  5 10 0 0 1 1 1 0 0 1 1 0 0 0 0 0
2014   2 28  8 14 14 301170    1.69060  -83.74598    11565  46.5  1  0  5 10 0 0 1 1 1 0 0 1 0 0 0 0 0 1
2014   2 28  8 14 14 323325    1.65884  -83.70058     7999  41.9  1  0  6 15 0 0 1 1 1 0 0 1 0 1 0 0 0 1
2014   2 28  8 14 14 380098    1.67341  -83.72103    11497  46.1  1  0  5 10 0 0 1 1 1 0 0 1 0 0 0 0 0 1
2014   2 28  8 14 16 391452   32.43504 -178.15443    10062   8.8  0  0  4  6 0 0 0 1 1 0 0 0 1 1 0 0 0 0
2014   2 28  8 14 17 199590  -20.80387  -45.99835     3083   3.0  0  0  4  6 0 0 1 1 1 0 0 1 0 0 0 0 0 0
2014   2 28  8 14 17 222777  -20.78097  -46.25951     5608  44.6  1  0  5  7 0 0 1 1 1 0 0 1 0 0 0 0 0 1
2014   2 28  8 14 19 399335  -12.65307  -71.02293     6066  59.4  1  0  6 14 0 0 1 1 1 0 0 1 0 1 0 0 0 1
2014   2 28  8 14 19 693195   -2.55973  -28.56834     3790  33.4  1  0  5 10 0 0 1 1 0 0 0 1 1 0 0 0 0 1
2014   2 28  8 14 22 468031  -35.66390    0.20886     6218  20.0  0  0  4  6 0 0 1 1 0 0 0 1 1 0 0 0 0 0
2014   2 28  8 14 23  97848   -2.40682  149.35223    14074 106.2  2  0  6 13 0 0 1 1 1 0 0 0 1 1 0 0 0 1
2014   2 28  8 14 23 141775   -3.83116  146.87361     4659  45.0  1  0  5  8 0 0 1 1 0 0 0 1 1 0 0 0 0 1
2014   2 28  8 14 23 360821   -3.83707  146.90099     5642  50.4  2  0  5  7 0 0 1 1 0 0 0 1 1 0 0 0 0 1
2014   2 28  8 14 23 629094  -20.81272  -47.35218     4703  58.7  2  0  5  8 0 0 1 1 1 0 0 0 0 1 0 0 0 1
