2014   2 28 11 19 28 777815  -33.22334   19.90591     5166   0.4  0  0  4  6 0 0 1 1 0 0 0 0 1 0 1 0 0 0
2014   2 28 11 19 31 738245  -13.76567  -38.64192     3795  20.8  1  0  4  6 0 0 1 0 0 0 0 0 1 1 0 1 0 0
2014   2 28 11 19 32 789835  -34.77488  -36.20386     5505  51.2  1 -2  6 11 0 0 1 1 0 0 0 0 1 1 1 1 0 0
2014   2 28 11 19 34 368841   -3.47533  -72.70854     8271  72.8  2  0  5 10 0 0 0 1 0 0 0 0 1 1 1 1 0 0
2014   2 28 11 19 34 495523  -13.84746   35.07046     9292  17.4  0  0  4  6 0 0 1 1 0 0 0 0 1 0 1 0 0 0
2014   2 28 11 19 35 743639    2.44636    9.47091    10067  12.7  0  0  4  6 0 0 1 1 0 0 0 0 1 0 1 0 0 0
2014   2 28 11 19 35 760204  -18.10188 -143.45354    13232  15.5  0  0  4  6 0 0 1 1 0 0 0 0 0 0 1 1 0 0
2014   2 28 11 19 38  45376  -13.15619  160.26431    22413  31.2  1  0  5  8 0 0 1 1 0 0 0 0 0 1 1 1 0 0
2014   2 28 11 19 38  55210  -11.69220  156.73865    34621  10.7  0  0  4  6 0 0 1 1 0 0 0 0 0 0 1 1 0 0
2014   2 28 11 19 38 325056  -11.42622  156.79645    36365  11.9  0  0  4  6 0 0 1 1 0 0 0 0 0 0 1 1 0 0
2014   2 28 11 19 39 241547  -11.69519  156.94473    42262  16.6  0  0  4  6 0 0 1 1 0 0 0 0 0 0 1 1 0 0
2014   2 28 11 19 39 564003  -17.93949 -139.90752    17853  28.5  1  0  4  6 0 0 1 1 0 0 0 0 0 0 1 1 0 0
2014   2 28 11 19 40 936861    3.58845    3.31609    16764  26.3  1  0  4  6 0 0 1 1 0 0 0 0 0 0 1 1 0 0
2014   2 28 11 19 41 448884  -22.08521  -46.93784     3634  39.7  1  1  5 10 0 0 1 1 0 0 0 0 0 1 1 1 0 0
2014   2 28 11 19 41 456489  -22.13959  -46.89493     4457  37.1  1  0  4  6 0 0 1 1 0 0 0 0 0 1 1 0 0 0
2014   2 28 11 19 42 350077  -26.42962   23.54203    12276  36.1  1  0  4  6 0 0 1 1 0 0 0 0 1 0 1 0 0 0
2014   2 28 11 19 44  53154  -25.49652 -137.96109    22389  10.1  0  0  4  6 0 0 1 1 0 0 0 1 0 0 1 0 0 0
2014   2 28 11 19 44 115668  -12.45386  157.61542     8380   5.4  0  0  4  6 0 0 1 0 0 0 0 1 0 0 1 1 0 0
2014   2 28 11 19 44 531859    4.43243  -87.06190     6134   8.1  0  0  4  6 0 0 0 1 0 0 0 1 0 0 1 1 0 0
2014   2 28 11 19 44 623541    4.42066  -87.04252     5765   4.4  0  0  4  6 0 0 1 0 0 0 0 1 1 0 1 0 0 0
2014   2 28 11 19 44 681985    3.35524    5.40656     8155   0.4  0  0  4  6 0 0 0 1 0 0 0 1 1 0 1 0 0 0
2014   2 28 11 19 44 713012    4.38542  -86.92133     3626  11.3  0  0  6 15 0 0 1 1 1 0 0 1 1 0 0 0 0 1
2014   2 28 11 19 44 815642  -20.51209 -142.66652     8202  33.0  0  0  7 21 0 0 1 1 1 0 0 1 1 0 1 1 0 0
2014   2 28 11 19 44 870600   -8.66435  -68.70055     3228   1.4  0  0  4  6 0 0 0 1 0 0 0 1 0 0 1 1 0 0
2014   2 28 11 19 44 903047  -20.91539 -141.90871     7771   8.5  0  0  7 21 0 0 1 1 1 0 0 1 0 1 1 0 0 1
2014   2 28 11 19 45  49641    9.34009  -71.48447     4297   2.0  0  0  4  6 0 0 0 1 0 0 0 1 0 0 1 1 0 0
2014   2 28 11 19 45 346709   -7.79672  172.12968     7040   7.1  0  0  4  6 0 0 0 1 0 0 0 1 1 0 0 0 0 1
2014   2 28 11 19 45 720858   -8.76901  -68.72602     3026  15.9  0 -1  6 15 0 0 0 1 1 0 0 1 0 0 1 1 0 1
2014   2 28 11 19 46 631370  -18.59681 -145.59509    13565  32.0  0  0  6 15 0 0 1 1 1 0 0 1 1 0 1 0 0 0
2014   2 28 11 19 46 695460  -18.04565   18.03438     6093  20.3  0 -1  5 10 0 0 1 1 1 0 0 0 1 0 0 0 0 1
2014   2 28 11 19 46 722317  -18.04299   18.03897     3911  18.0  0  0  7 21 0 0 1 1 1 0 0 1 1 0 1 0 0 1
2014   2 28 11 19 46 747952  -17.56792   19.31565    12032  16.0  0  0  4  6 0 0 1 1 0 0 0 0 0 0 1 1 0 0
2014   2 28 11 19 46 876029  -17.96155   17.89709     6352  47.6  0 -1  7 21 0 0 1 1 1 0 0 1 1 0 1 1 0 0
2014   2 28 11 19 47  10544  -18.09737   17.90117    13787  23.2  0  0  5 10 0 0 1 1 1 0 0 1 0 0 1 0 0 0
2014   2 28 11 19 47 241776  -32.84252   20.45095     4118  22.9  0  0  7 21 0 0 1 1 1 0 0 1 1 0 1 0 0 1
2014   2 28 11 19 47 448656  -27.98153 -107.52386    12666  11.2  0  0  4  6 0 0 1 1 0 0 0 1 0 0 1 0 0 0
2014   2 28 11 19 48  52683    1.20586    2.66171     5598  33.7  0  0  7 21 0 0 1 1 1 0 0 1 1 0 1 0 0 1
2014   2 28 11 19 48 117303    1.13768    2.52087     5669  12.6  0  0  5  9 0 0 1 0 0 0 0 1 1 0 1 0 0 1
2014   2 28 11 19 48 159977    1.19506    2.46316     9718  16.3  0  0  4  6 0 0 0 1 0 0 0 1 1 0 1 0 0 0
2014   2 28 11 19 48 246584    1.18649    2.27075     6944  39.0  0  0  7 20 0 0 1 0 1 0 0 1 1 0 1 1 0 1
2014   2 28 11 19 48 576657    1.13778    2.66527     5235  29.5  0  0  7 20 0 0 1 1 1 0 0 1 1 0 1 0 0 1
2014   2 28 11 19 48 828886  -14.60164   48.83212    12403  30.1  1  0  4  6 0 0 1 1 0 0 0 1 1 0 0 0 0 0
2014   2 28 11 19 48 879844   13.85407  -36.83541     2840   0.7  0  1  4  6 0 0 0 1 0 0 0 0 1 0 1 1 0 0
2014   2 28 11 19 49 906928  -34.44090   20.52492     8928  26.9  1  0  4  6 0 0 1 1 0 0 0 1 1 0 0 0 0 0
2014   2 28 11 19 50 132157    1.11269    2.54258     7372  41.2  1  2  6 15 0 0 1 1 1 0 0 1 1 0 0 0 0 1
2014   2 28 11 19 50 272956  -22.51495  -45.68747     3830  51.2  2  1  5 10 0 0 1 0 1 0 0 1 0 1 0 0 0 1
2014   2 28 11 19 50 475010  -22.62433  -45.64648     3849  50.4  2  0  5 10 0 0 0 1 1 0 0 1 0 0 1 0 0 1
2014   2 28 11 19 50 756451  -32.86203  -58.45325     4989  82.1  2  0  7 21 0 0 1 1 1 0 0 1 0 1 1 0 0 1
2014   2 28 11 19 50 948454   34.42693 -126.23904     9149  69.6  1  0  7 21 0 0 1 1 1 0 0 1 1 0 1 1 0 0
2014   2 28 11 19 51 300703    1.03465    9.03078    17423  32.6  1  0  4  6 0 0 0 1 0 0 0 1 1 0 1 0 0 0
2014   2 28 11 19 51 668822   -9.02682  -69.06367     5368  69.6  2  0  5 10 0 0 1 1 1 0 0 1 0 0 0 1 0 0
2014   2 28 11 19 51 698359  -24.79088 -139.57729    24924  62.7  2  0  5 10 0 0 1 1 1 0 0 0 0 0 0 1 0 1
2014   2 28 11 19 52 101289    8.28724  -74.39473     6062  29.3  0  0  5 10 0 0 0 1 0 0 0 1 1 0 1 1 0 0
2014   2 28 11 19 52 307300  -14.23295  -38.68825     5297  39.9  1  0  5  9 0 0 0 0 0 0 0 1 1 0 1 0 1 1
2014   2 28 11 19 52 343965  -14.16769  -38.70293     4224  49.5  1  0  5  7 0 0 0 1 0 0 0 1 1 0 1 0 0 1
2014   2 28 11 19 52 352630  -14.20975  -38.72070     3508  54.3  1  0  7 20 0 0 1 1 1 0 0 1 1 0 1 0 0 1
2014   2 28 11 19 52 366452  -14.15824  -39.86880     5714  99.1  2  0  6 11 0 0 1 1 1 0 0 1 1 0 0 0 0 1
2014   2 28 11 19 52 455503  -14.13200  -38.86543     3793  62.2  1  0  7 21 0 0 1 0 1 0 0 1 1 0 1 1 0 1
2014   2 28 11 19 52 482033  -14.20510  -38.74944     3500  56.4  1  1  7 19 0 0 1 1 1 0 0 1 1 0 1 0 0 1
2014   2 28 11 19 53 434864    2.33640    9.77665    12200  67.5  2  0  6 15 0 0 1 1 1 0 0 1 1 0 0 0 0 1
2014   2 28 11 19 55 404855  -16.95662   22.74177     9740  81.6  2  0  7 21 0 0 1 1 1 0 0 1 1 0 1 0 0 1
2014   2 28 11 19 55 442678  -17.00722   22.08887    10460  45.2  1  0  5 10 0 0 1 0 1 0 0 1 1 0 0 0 0 1
2014   2 28 11 19 56  59790  -11.47867  155.92325    15499  70.4  2  0  5 10 0 0 0 0 1 0 0 1 0 0 1 1 0 1
2014   2 28 11 19 57 112651  -19.90889   17.93084     9532  45.0  1  0  5 10 0 0 1 0 0 0 0 1 1 0 1 0 0 1
2014   2 28 11 19 57 166028    2.16144   -2.15714    14967 116.6  2  0  7 21 0 0 0 1 1 0 0 1 1 1 1 0 0 1
2014   2 28 11 19 57 363945  -21.82167  -45.84373     5758 122.7  2  1  6 14 0 0 1 1 0 0 0 0 1 1 1 0 0 1
2014   2 28 11 19 57 423604  -33.60309  -38.82538     9786 120.7  2  1  7 21 0 0 0 1 1 0 0 1 1 1 1 0 0 1
2014   2 28 11 19 57 518574  -33.78108  -38.46098     5046  73.3  2  0  6 15 0 0 1 0 1 0 0 1 1 0 1 0 0 1
2014   2 28 11 19 57 824372  -21.91653  -45.78313     4153 101.7  2  0  7 18 0 0 1 1 1 0 0 1 1 0 1 0 0 1
2014   2 28 11 19 57 853304  -21.70558  -46.05264     4472 106.6  2  0  7 17 0 0 1 1 0 0 0 1 0 1 1 1 0 1
2014   2 28 11 19 57 900205  -21.91264 -136.44946    17904  95.9  2  0  7 21 0 0 1 0 1 0 0 1 0 1 1 1 0 1
2014   2 28 11 19 57 924139  -21.48523 -138.84975    22338 104.0  2  0  7 16 0 0 1 1 1 0 0 1 1 0 1 1 0 0
2014   2 28 11 19 58 181872  -19.87566   24.22855    14618 102.7  2  0  6 15 0 0 1 1 1 0 0 1 1 0 1 0 0 0
2014   2 28 11 19 58 265905  -22.34723  -45.69655     4656  73.0  2  0  6 12 0 0 1 1 1 0 0 0 1 0 1 0 0 1
2014   2 28 11 19 58 447112    7.03182  -73.34974     6047  11.9  0  1  4  6 0 0 0 0 1 0 0 1 1 0 0 1 0 0
2014   2 28 11 19 58 469116    5.33919   -1.65437    15151  87.7  2  0  6 13 0 0 1 1 0 0 0 1 1 0 1 0 0 1
2014   2 28 11 19 58 527171  -22.56314 -141.61842    58588 132.5  2  0  7 20 0 0 0 1 1 0 0 0 1 1 1 1 0 1
2014   2 28 11 19 58 634242  -22.33409 -141.47337    36368 117.2  2  0  6 14 0 0 1 1 1 0 0 0 0 0 1 1 0 1
2014   2 28 11 19 58 697661  -21.94117 -143.40610    23471  35.6  1  0  4  6 0 0 1 1 0 0 0 0 0 0 1 1 0 0
2014   2 28 11 19 59 527117   -3.56166  143.09747     5478   5.7  0  0  4  6 0 0 1 0 0 0 0 1 0 0 1 1 0 0
2014   2 28 11 20  0 848217  -13.25963   19.21616     3718  11.2  0  0  7 21 0 0 1 1 1 0 0 1 1 0 1 0 0 1
2014   2 28 11 20  0 854728  -22.37119  -45.94181     2871  21.1  0  0  5 10 0 0 1 1 1 0 0 1 0 0 0 0 0 1
2014   2 28 11 20  0 898977  -22.34060  -45.98075     2580  23.7  0  0  7 19 0 0 1 1 0 0 0 1 1 1 1 0 0 1
2014   2 28 11 20  1 102388    8.61638  -85.33524     4561  12.9  0  0  7 21 0 0 1 1 1 0 0 1 0 1 1 0 0 1
2014   2 28 11 20  1 121449    9.04485  -85.91185     6740   0.3  0  0  4  6 0 0 0 0 0 0 0 1 1 0 1 1 0 0
2014   2 28 11 20  1 146963    8.99744  -85.70437     4075  18.1  0  0  6 15 0 0 1 1 1 0 0 1 0 0 1 1 0 0
2014   2 28 11 20  1 212589    8.95680  -85.61772     3927  21.2  0  0  7 19 0 0 1 1 1 0 0 0 1 1 0 1 0 1
2014   2 28 11 20  1 271929    6.74155  -83.45265     5359  13.1  0  0  5  9 0 0 0 1 1 0 0 1 0 0 1 1 0 0
2014   2 28 11 20  1 285992    8.95152  -85.60179     4451  17.6  0  0  6 15 0 0 1 0 0 0 0 1 1 1 1 1 0 0
2014   2 28 11 20  1 386239   -6.92073    8.16982     8180  24.7  0  0  6 13 0 0 0 0 1 0 0 1 1 0 1 1 0 1
2014   2 28 11 20  1 386998  -12.28330  -72.69398     4384  20.7  0 -1  5 10 0 0 1 1 1 0 0 1 0 0 1 0 0 0
2014   2 28 11 20  1 460885  -22.36998  -46.00282     2538  21.3  0  0  7 19 0 0 0 1 1 0 0 1 0 1 1 1 0 1
2014   2 28 11 20  1 471050  -22.32430  -46.03495     2648  12.1  0  2  5 10 0 0 0 1 1 0 0 1 0 0 1 0 0 1
2014   2 28 11 20  1 478940  -12.22297  -72.92985     3165  20.5  0  0  7 21 0 0 0 1 1 0 0 1 1 0 1 1 0 1
2014   2 28 11 20  1 578840  -12.30612  -72.75150     3198  17.4  0  0  7 21 0 0 0 0 1 0 0 1 1 1 1 1 0 1
2014   2 28 11 20  1 635591  -12.27915  -72.71003     2979  28.9  0  1  7 21 0 0 1 1 0 0 0 1 0 1 1 1 0 1
2014   2 28 11 20  1 670082  -12.27575  -72.68664     3475  20.2  0  0  5 10 0 0 1 0 1 0 0 1 0 0 1 1 0 0
2014   2 28 11 20  1 710701  -12.38384  -72.56841     3594  20.8  0  0  6 15 0 0 1 1 1 0 0 1 0 0 1 0 0 1
2014   2 28 11 20  1 977049    1.04484  -95.82391    12621  24.1  0  0  5 10 0 0 0 1 1 0 0 0 1 0 1 0 0 1
2014   2 28 11 20  1 991354    2.49361    2.01376    48487   6.1  0  0  4  6 0 0 1 1 0 0 0 0 0 0 1 0 0 1
2014   2 28 11 20  2  74624  -20.60712   22.80775    19896  18.8  0  0  4  6 0 0 1 1 0 0 0 1 0 0 1 0 0 0
2014   2 28 11 20  2 112296    0.99672  -95.76896     5673  21.7  0  0  7 20 0 0 0 1 1 0 0 1 1 0 1 1 0 1
2014   2 28 11 20  2 158643   -6.42850   13.06808     6338  34.1  0  0  7 21 0 0 1 1 1 0 0 0 1 0 1 1 0 1
2014   2 28 11 20  2 797771    3.15109  -93.43565     9863  19.1  0  0  5 10 0 0 0 1 1 0 0 1 0 0 0 1 0 1
2014   2 28 11 20  2 938327    5.26820   -2.57577     9886  18.3  0  0  4  6 0 0 0 1 0 0 0 1 1 0 1 0 0 0
2014   2 28 11 20  3 348146  -34.71539  -36.77957     3945  24.8  0  0  6 15 0 0 1 1 1 0 0 1 0 0 1 0 0 1
2014   2 28 11 20  3 678071  -34.78993  -36.71401     4866  25.9  0 -1  5 10 0 0 1 1 0 0 0 1 0 0 1 0 0 1
2014   2 28 11 20  3 756050  -35.02015  -36.85352     4186  27.9  0  0  6 15 0 0 1 1 1 0 0 1 0 0 1 0 0 1
2014   2 28 11 20  3 820280  -34.81123  -36.52925     3595  41.8  0 -1  7 21 0 0 1 1 1 0 0 1 1 0 1 0 0 1
2014   2 28 11 20  4 306673   34.15587 -167.96753    17659  35.6  1  0  5 10 0 0 1 1 0 0 0 1 0 0 1 1 0 0
2014   2 28 11 20  4 631338  -22.62217  -47.29942     2965  35.1  0  0  6 15 0 0 1 1 1 0 0 1 0 0 1 0 0 1
2014   2 28 11 20  4 662691  -17.69959 -143.81067    14602  19.2  0  0  4  6 0 0 1 1 0 0 0 0 0 0 1 1 0 0
2014   2 28 11 20  4 771227  -22.50004  -47.39996     3754  43.1  1  0  5  9 0 0 1 0 0 0 0 1 0 1 1 0 0 1
2014   2 28 11 20  4 800043   33.32950   93.53303    14896  39.7  1  0  5 10 0 0 0 0 1 0 0 1 0 0 1 1 0 1
2014   2 28 11 20  5 683400    5.08525  -83.97849     8836  24.8  1  0  4  6 0 0 0 1 0 0 0 1 0 0 1 1 0 0
2014   2 28 11 20  5 924273  -30.77803 -133.41255    36623  69.1  2  0  6 12 0 0 1 1 1 0 0 1 0 0 1 1 0 0
2014   2 28 11 20  5 940916  -30.82860 -134.80705    11398  49.4  0  0  7 21 0 0 1 1 1 0 0 1 0 0 1 1 0 1
2014   2 28 11 20  6  45220  -30.79831 -135.05368    13379  47.5  1  0  6 15 0 0 1 1 1 0 0 1 0 0 1 1 0 0
2014   2 28 11 20  7 379549    2.89385  -85.62335     6851  64.0  2  0  6 15 0 0 1 1 1 0 0 1 0 0 1 1 0 0
2014   2 28 11 20  7 464997    1.48835    4.25045     7324  53.3  1  0  7 20 0 0 1 1 0 0 0 1 1 0 1 1 0 1
2014   2 28 11 20  7 546893    0.90608    3.23084    38682  66.8  2  0  5  9 0 0 1 1 1 0 0 1 0 0 0 0 0 1
2014   2 28 11 20  7 703684  -24.78244  -44.95879     4053  40.3  1  0  5 10 0 0 1 1 1 0 0 0 0 0 1 0 0 1
2014   2 28 11 20  7 721633  -22.30916  -47.44498     3374  76.4  2  0  7 21 0 0 1 1 1 0 0 1 0 1 1 0 0 1
2014   2 28 11 20  8 205711  -20.14982 -144.06683    16143  62.8  2  0  6 15 0 0 1 1 1 0 0 1 0 0 1 1 0 0
2014   2 28 11 20  8 233316    1.29875    4.36428    18532  66.9  2  0  5 10 0 0 0 1 1 0 0 1 1 0 1 0 0 0
2014   2 28 11 20  8 492134  -18.00405   18.23441     8007  65.9  1  0  7 21 0 0 1 1 1 0 0 1 1 0 1 0 0 1
2014   2 28 11 20  8 629614  -17.97210   18.05446    16137  33.1  1  0  4  6 0 0 0 0 0 0 0 1 1 0 1 0 0 1
2014   2 28 11 20  9 768829   14.57492 -128.09502    24077  23.9  1  0  4  6 0 0 0 1 0 0 0 1 0 0 1 1 0 0
2014   2 28 11 20 10  74026    3.54831    6.14385    10598  73.5  2  0  7 21 0 0 1 1 1 0 0 1 1 0 1 0 0 1
2014   2 28 11 20 10 513186    3.55474    6.18598    10914  76.3  2  0  7 21 0 0 1 1 1 0 0 1 1 0 1 0 0 1
2014   2 28 11 20 10 581965    1.20643    2.52522     8721  35.6  1  0  5  9 0 0 1 0 0 0 0 1 1 0 1 0 0 1
2014   2 28 11 20 11 269341   -5.54239   29.67902    12644  86.6  2  0  7 21 0 0 1 1 1 0 0 1 1 0 1 0 0 1
2014   2 28 11 20 11 521158  -11.77917  156.69044    14435  87.0  2  0  6 15 0 0 1 1 1 0 0 1 0 0 0 1 0 1
2014   2 28 11 20 11 565514  -28.77519 -136.45074    41333 103.2  2  0  7 21 0 0 1 1 1 0 0 1 0 1 1 0 0 1
2014   2 28 11 20 12 619940   -2.24124  -83.58195    10124 100.8  2  0  7 21 0 0 0 1 1 0 0 1 1 0 1 1 0 1
2014   2 28 11 20 12 673028  -21.25251 -138.48206    23183  70.3  2  0  6 11 0 0 1 1 1 0 0 1 0 0 1 1 0 0
2014   2 28 11 20 12 707756    4.30512    4.09663    11143  91.7  2  0  7 21 0 0 1 1 1 0 0 1 1 0 1 0 0 1
2014   2 28 11 20 12 732061   -4.11752  147.02153     8766  95.2  2  0  7 21 0 0 1 0 1 0 0 1 0 1 1 1 0 1
2014   2 28 11 20 13  62460  -13.62350  -39.21540     3565  63.9  1  1  7 21 0 0 1 0 1 0 0 0 1 1 1 1 0 1
2014   2 28 11 20 13 284004  -17.23437 -144.66068    15548  42.4  1  0  5 10 0 0 1 1 0 0 0 1 0 0 1 1 0 0
2014   2 28 11 20 15  84563  -10.53156  171.78954     8944   2.7  0  0  4  6 0 0 1 0 0 0 0 1 0 0 1 1 0 0
2014   2 28 11 20 15 108607  -11.26851  172.99086    17487 126.3  2  0  7 21 0 0 1 1 1 0 0 1 1 0 0 1 0 1
2014   2 28 11 20 16 153333    2.58790    8.77189     4478   3.9  0  0  6 15 0 0 1 1 1 0 0 1 1 0 0 0 0 1
2014   2 28 11 20 16 707283  -31.33620 -129.00232     8249  23.1  0  0  7 16 0 0 1 1 1 0 0 0 1 1 0 1 0 1
2014   2 28 11 20 16 749888  -31.36683 -128.98228     5764  17.5  0  0  7 21 0 0 1 1 1 0 0 1 0 1 0 1 0 1
2014   2 28 11 20 16 776732  -31.30557 -129.13182    10168   3.3  0  0  4  6 0 0 1 1 1 0 0 0 0 0 0 1 0 0
2014   2 28 11 20 16 791400  -31.53785 -128.43501    18836   6.0  0  0  4  6 0 0 1 1 1 0 0 1 0 0 0 0 0 0
2014   2 28 11 20 16 897732  -31.35533 -128.96184    14473  23.7  1  0  4  6 0 0 1 0 0 0 0 1 0 1 0 1 0 0
2014   2 28 11 20 17  11769  -31.80027  -48.39110     5238  17.6  0  0  4  6 0 0 1 1 0 0 0 1 0 0 0 0 0 1
2014   2 28 11 20 17  75466  -22.55229  -45.65873     2757  17.2  0 -2  5 10 0 0 1 1 1 0 0 1 0 0 0 0 0 1
2014   2 28 11 20 17 162201  -41.20378  -51.43984     9384  30.4  1  0  4  6 0 0 1 1 0 0 0 1 0 0 0 0 0 1
2014   2 28 11 20 17 349535  -22.51585  -45.58102     2847  20.5  0  0  5 10 0 0 1 1 1 0 0 1 0 0 0 0 0 1
2014   2 28 11 20 18 488636  -10.37755  162.44640     7909  28.1  0  0  6 15 0 0 1 1 1 0 0 1 0 0 0 1 0 1
2014   2 28 11 20 18 520555  -10.37070  162.40475     8052  28.6  0  0  6 15 0 0 1 1 1 0 0 1 0 0 0 1 0 1
2014   2 28 11 20 18 770225  -31.44421 -110.27764     6723   1.7  0  0  4  6 0 0 1 1 0 0 0 1 0 0 0 1 0 0
2014   2 28 11 20 18 819773  -31.44243 -109.59153     7687  37.2  0  0  6 14 0 0 1 0 1 0 0 1 1 0 0 1 0 1
2014   2 28 11 20 18 840940  -31.46886 -109.90575     6534  28.0  0  0  6 15 0 0 1 1 1 0 0 1 0 0 0 1 0 1
2014   2 28 11 20 19 174930  -16.84048   48.79370    12187  30.0  1  0  4  6 0 0 1 1 1 0 0 0 1 0 0 0 0 0
2014   2 28 11 20 19 232108  -20.47045   23.45373     6438  24.8  0  0  5 10 0 0 1 1 0 0 0 1 1 0 0 0 0 1
2014   2 28 11 20 19 328758  -20.68386   22.76750    14101  26.4  0  0  5 10 0 0 1 1 1 0 0 1 0 0 0 0 0 1
2014   2 28 11 20 19 353696   30.72195 -124.70243     7123   3.7  0  0  4  6 0 0 1 0 1 0 0 0 1 0 0 1 0 0
2014   2 28 11 20 19 442296  -20.60482   24.17458    18562  24.7  1  0  4  6 0 0 0 1 1 0 0 1 1 0 0 0 0 0
2014   2 28 11 20 19 509438  -22.88302  -46.92956     2766  33.9  0  0  7 18 0 0 1 1 0 0 0 1 1 1 0 1 0 1
2014   2 28 11 20 20 249619  -22.94786  -46.83626     3538  55.4  1  0  6 14 0 0 1 1 1 0 0 0 1 1 0 0 0 1
2014   2 28 11 20 21   7719  -20.39934 -143.24706    12018  43.1  1  0  6 15 0 0 1 1 1 0 0 1 0 0 0 1 0 1
2014   2 28 11 20 21 104996  -20.50378 -142.52661    14793  50.0  1  0  6 14 0 0 1 0 0 0 0 1 1 1 0 1 0 1
2014   2 28 11 20 22 114235  -12.30340  157.27684     8741  50.7  1  0  7 21 0 0 1 1 1 0 0 1 0 1 0 1 0 1
2014   2 28 11 20 23 151628   -1.74192    9.78582     9270  69.1  1  0  7 21 0 0 1 1 1 0 0 1 1 0 0 1 0 1
2014   2 28 11 20 24 595339    4.56794    5.53076    15547  66.8  2  0  5  9 0 0 1 1 1 0 0 1 1 0 0 0 0 0
2014   2 28 11 20 24 641925  -23.25653 -138.64299    20636  62.4  2  0  6 11 0 0 1 0 1 0 0 1 1 0 0 1 0 1
2014   2 28 11 20 24 727638    5.09070    5.39668    11470  76.5  2 -1  7 20 0 0 1 1 1 0 0 1 1 0 0 1 0 1
2014   2 28 11 20 25 140379   -1.51208    8.80342    10964  67.6  2  0  6 15 0 0 1 1 1 0 0 1 1 0 0 0 0 1
2014   2 28 11 20 27 352739  -11.84504  157.08669     8393  13.1  0  0  4  6 0 0 1 1 0 0 0 1 0 0 0 1 0 0
2014   2 28 11 20 27 668319  -13.70622   21.59164    13591 121.7  2  1  7 21 0 0 1 1 1 0 0 1 1 0 0 1 0 1
2014   2 28 11 20 28 490942   -8.65303  -68.86007     4841 103.6  2  0  7 21 0 0 1 1 1 0 0 1 1 0 0 1 0 1
2014   2 28 11 20 28 601118   -8.19958  -69.51293     4597  10.0  0  0  4  6 0 0 1 1 0 0 0 1 1 0 0 0 0 0
2014   2 28 11 20 28 775837   -8.61538  -68.35249     4870  52.9  2  0  5 10 0 0 1 0 1 0 0 0 0 1 0 1 0 1
2014   2 28 11 20 28 982632   -8.97695  -69.75489    10606  80.8  2 -1  5 10 0 0 0 1 1 0 0 1 0 0 0 1 0 1
2014   2 28 11 20 30 554403    3.00196    7.81609    50524  88.8  2  2  5 10 0 0 0 1 1 0 0 1 0 0 0 1 0 1
2014   2 28 11 20 32 204324    0.60786    0.46360     8870   7.1  0  0  5 10 0 0 0 1 1 0 0 1 0 0 0 1 0 1
2014   2 28 11 20 32 249077    0.41162   -0.09489     7066   0.7  0  1  4  6 0 0 0 1 1 0 0 1 1 0 0 0 0 0
2014   2 28 11 20 32 671431  -22.38314  -45.90405     2790  18.7  0  0  5 10 0 0 1 1 1 0 0 1 0 0 0 0 0 1
2014   2 28 11 20 32 777228  -18.74517 -145.29538    24976  40.3  1  0  5  9 0 0 1 0 1 0 0 1 1 0 0 0 0 1
2014   2 28 11 20 32 833521  -19.02676 -144.38919     8498  36.9  0  0  7 20 0 0 1 1 1 0 0 1 1 0 0 1 0 1
2014   2 28 11 20 33   9490  -12.26608  -72.73889     3410  11.5  0  0  4  6 0 0 1 1 0 0 0 1 0 0 0 1 0 0
2014   2 28 11 20 33  77916    7.52788  -72.45972     2859  14.5  0  0  7 21 0 0 1 1 1 0 0 1 1 0 0 1 0 1
2014   2 28 11 20 33 102080    7.53969  -72.55935     4695   9.7  0  0  5 10 0 0 0 1 0 0 0 1 1 0 0 1 0 1
2014   2 28 11 20 33 130419    7.52252  -72.42052     3580  15.8  0  0  6 11 0 0 1 1 1 0 0 1 0 0 0 1 0 1
2014   2 28 11 20 34 156341  -13.85952  -38.51002     3075  23.4  0  0  6 14 0 0 0 0 1 0 0 1 1 1 0 1 1 0
2014   2 28 11 20 34 226218  -13.84861  -38.85036     6152  24.3  0  0  5 10 0 0 0 1 1 0 0 1 0 0 0 1 0 1
2014   2 28 11 20 34 231488  -31.40089 -130.49779    12955  45.1  1  0  6 14 0 0 1 0 1 0 0 1 1 0 0 1 0 1
2014   2 28 11 20 34 247431  -13.89196  -38.49111     4220  34.9  1  0  5  7 0 0 1 1 1 0 0 1 1 0 0 0 0 0
2014   2 28 11 20 34 342881  -13.86150  -38.45992     2935  12.9  0  2  5 10 0 0 0 1 1 0 0 1 1 0 0 0 0 1
2014   2 28 11 20 34 494945  -13.83006  -38.52518     3499  27.7  0  0  5 10 0 0 0 0 1 0 0 1 1 0 0 1 0 1
2014   2 28 11 20 34 548078  -13.79287  -38.58099     3257  28.7  0  0  6 14 0 0 0 1 1 0 0 1 1 0 0 1 0 1
2014   2 28 11 20 34 637182  -13.89617  -38.58556     3100  22.0  0  0  6 11 0 0 1 1 1 0 0 1 1 0 0 0 0 1
2014   2 28 11 20 34 927788    2.83847  -85.53614     5083   7.5  0  0  4  6 0 0 1 0 0 0 0 1 1 0 0 1 0 0
2014   2 28 11 20 34 936489    2.69402  -85.26727     4599  29.6  0  0  6 15 0 0 1 0 1 0 0 1 1 0 0 1 0 1
2014   2 28 11 20 36  65299   -3.14822    9.10198     8710  52.1  1  1  6 13 0 0 1 1 0 0 0 1 1 0 0 1 0 1
2014   2 28 11 20 36 120410    5.07678   -2.60896    13186  40.6  1  0  5 10 0 0 0 0 1 0 0 1 1 0 0 1 0 1
2014   2 28 11 20 36 639691  -22.42045  -45.87958     3378  32.4  1  0  5 10 0 0 1 1 0 0 0 1 0 1 0 1 0 0
2014   2 28 11 20 36 786098  -46.49357  -60.02531    22491  60.8  2  0  5  7 0 0 1 1 1 0 0 1 0 0 0 0 0 1
2014   2 28 11 20 36 980690  -20.91671 -100.15004     6062  52.8  1  0  7 21 0 0 1 1 1 0 0 1 1 0 0 1 0 1
2014   2 28 11 20 37 627854  -34.00743  -38.64183     7877  49.4  1  0  6 11 0 0 1 1 1 0 0 1 1 0 0 0 0 1
2014   2 28 11 20 37 645234  -33.97132  -38.95681     4919  27.2  0 -2  5 10 0 0 1 1 1 0 0 1 0 0 0 0 0 1
2014   2 28 11 20 37 719295  -24.01456   22.66044     8594  78.2  2 -1  7 21 0 0 1 1 1 0 0 1 1 0 0 1 0 1
2014   2 28 11 20 37 761131  -24.10920   22.98525    10070  51.2  2  0  5 10 0 0 1 1 1 0 0 1 1 0 0 0 0 0
2014   2 28 11 20 37 995750  -33.90722  -38.97775     3673  35.9  0  1  7 21 0 0 1 1 1 0 0 1 0 1 0 1 0 1
2014   2 28 11 20 38  13865  -35.67811  -38.36120    10823  20.5  0  0  6 11 0 0 0 1 1 0 0 1 1 0 0 1 0 1
2014   2 28 11 20 39 702614    1.27000    2.77181    18201  84.3  2  0  6 15 0 0 0 1 1 0 0 1 1 0 0 1 0 1
2014   2 28 11 20 39 773414    0.97619    2.45721    35900  64.6  2  0  5 10 0 0 1 1 1 0 0 1 0 0 0 0 0 1
2014   2 28 11 20 39 901072    1.17695    2.88843     9465  58.9  1  1  6 15 0 0 1 1 1 0 0 1 1 0 0 0 0 1
2014   2 28 11 20 41 780800    1.66422   -2.94067    10319  74.4  2  1  6 14 0 0 1 1 1 0 0 1 1 0 0 0 0 1
2014   2 28 11 20 42 117053   37.61832 -134.25197    22316  11.2  0  0  4  6 0 0 1 1 0 0 0 1 0 0 0 1 0 0
2014   2 28 11 20 42 283391    1.25934    4.48810    26038  84.2  2  0  6 11 0 0 1 1 1 0 0 1 1 0 0 0 0 1
2014   2 28 11 20 45 607258   -2.91681  -72.77773     6958 119.4  2  0  6 15 0 0 1 1 1 0 0 1 0 0 0 1 0 1
2014   2 28 11 20 45 837595    4.62849  -86.31044     9830 121.0  2  0  7 19 0 0 1 1 1 0 0 1 1 0 0 1 0 1
2014   2 28 11 20 47 904814  -33.92696  -39.03212     5682  71.9  2  1  7 19 0 0 1 1 1 0 0 1 0 1 0 1 0 1
2014   2 28 11 20 47 954384  -34.01588  -38.90509     3956  20.1  0  2  5 10 0 0 1 1 1 0 0 1 0 1 0 0 0 0
2014   2 28 11 20 47 999438  -33.92953  -38.98420     5511  79.1  2  1  7 21 0 0 1 1 1 0 0 1 0 1 0 1 0 1
2014   2 28 11 20 48 162408  -34.50895  -37.36073     3296  15.1  0 -3  6 15 0 0 1 1 1 0 0 1 0 1 0 0 0 1
2014   2 28 11 20 48 211078    1.22163    8.56790     8404   0.2  0  0  4  6 0 0 1 1 0 0 0 1 0 0 0 1 0 0
2014   2 28 11 20 48 263844    1.23682    8.59397    13899   1.8  0  0  4  6 0 0 1 1 1 0 0 1 0 0 0 0 0 0
2014   2 28 11 20 48 309672  -34.48997  -37.33734     4175  16.3  0 -1  5 10 0 0 1 1 1 0 0 1 0 0 0 0 0 1
2014   2 28 11 20 48 423805  -34.54472  -37.40538     5541  16.5  0  0  4  6 0 0 1 1 1 0 0 1 0 0 0 0 0 0
2014   2 28 11 20 48 855023    1.24643    8.73851    12736   2.2  0  0  4  6 0 0 0 1 1 0 0 1 0 0 0 1 0 0
2014   2 28 11 20 49 671427   -8.64145  -68.70297     2841  27.4  0 -1  7 21 0 0 1 1 1 0 0 1 0 1 0 1 0 1
2014   2 28 11 20 49 926286   -8.61735  -68.73362     3002  17.0  0  0  5 10 0 0 1 1 0 0 0 1 0 0 0 1 0 1
2014   2 28 11 20 49 957546  -21.62583 -136.13330     7554  13.3  0  0  5 10 0 0 1 1 1 0 0 1 0 0 0 1 0 0
2014   2 28 11 20 50 254493    7.10095   11.09719    39179  58.3  1  0  6 11 0 0 1 1 1 0 0 1 0 0 0 1 0 1
2014   2 28 11 20 50 966885   -9.04623  -68.97816     4296  19.5  0 -1  5 10 0 0 0 1 1 0 0 1 0 0 0 1 0 1
2014   2 28 11 20 51 247904   -3.89948    5.59599    20401  21.1  1  0  4  6 0 0 1 1 0 0 0 1 0 0 0 0 0 1
2014   2 28 11 20 52 745161    4.10941    6.30180    37693  37.2  1  0  4  6 0 0 1 1 1 0 0 1 0 0 0 0 0 0
2014   2 28 11 20 53 940362    2.93926  -85.67633     5490  17.9  0  0  4  6 0 0 1 1 0 0 0 1 0 0 0 1 0 0
2014   2 28 11 20 55 424548  -18.54816   48.51659    30849  63.2  2 -2  5 10 0 0 1 1 1 0 0 1 0 0 0 0 0 1
2014   2 28 11 21  0 152461  -22.58239  -45.93872     4682 104.5  2  0  6 15 0 0 1 1 1 0 0 1 0 1 0 0 0 1
2014   2 28 11 21  0 611454    2.23048  -84.86400     8739 125.1  2  0  7 21 0 0 1 1 1 0 0 1 0 1 0 1 0 1
2014   2 28 11 21  2  75709  -13.65975  -39.58008     3539  43.5  1  0  6 13 0 0 1 1 1 0 0 0 0 1 0 1 0 1
2014   2 28 11 21  2 131914  -13.80748  -39.61870     3943  80.7  2  0  7 21 0 0 1 1 1 0 0 1 0 1 0 1 0 1
2014   2 28 11 21  2 825032  -25.11796  -45.12779     3712  57.3  1  0  6 15 0 0 1 1 1 0 0 1 0 1 0 0 0 1
2014   2 28 11 21  3 124764  -22.28716  -46.22049     4710 124.3  2  0  7 19 0 0 1 1 1 0 0 1 0 1 0 1 0 1
2014   2 28 11 21  3 376055  -22.29908  -46.21899     4681 139.1  2 -1  7 20 0 0 1 1 1 0 0 1 0 1 0 1 0 1
2014   2 28 11 21  3 451674   15.53172 -127.33598    16157  27.1  1  0  4  6 0 0 1 1 0 0 0 1 0 0 0 1 0 0
2014   2 28 11 21  3 713187  -22.47482  -46.44458     5349 122.3  2  0  6 13 0 0 0 1 1 0 0 1 0 1 0 1 0 1
2014   2 28 11 21  3 723794  -22.39582  -46.32336     5131 127.2  2  0  6 15 0 0 1 1 1 0 0 1 0 1 0 0 0 1
2014   2 28 11 21  3 742283  -22.31744  -46.38510     5154 147.1  2  0  7 19 0 0 1 1 1 0 0 1 0 1 0 1 0 1
2014   2 28 11 21  3 760005  -22.30134  -46.38803     4583 141.6  2  0  7 21 0 0 1 1 1 0 0 1 0 1 0 1 0 1
2014   2 28 11 21  3 827797  -22.39502  -46.34454     5158 128.5  2  0  6 15 0 0 1 1 1 0 0 1 0 1 0 0 0 1
2014   2 28 11 21  4  46343    1.70611    1.40664     7279   8.9  0  0  5  9 0 0 1 1 0 0 0 1 0 0 1 1 0 0
2014   2 28 11 21  4 113005    1.48496    0.93389    14838   2.5  0  0  4  6 0 0 1 1 0 0 0 1 0 0 1 0 0 0
2014   2 28 11 21  4 131304  -13.43379  174.28589    12219  26.5  0  0  5 10 0 0 1 1 0 0 0 1 0 0 1 1 0 0
2014   2 28 11 21  4 632953  -30.04269  -40.83060     5070  25.2  0  0  5 10 0 0 0 1 1 0 0 1 0 0 1 0 0 1
2014   2 28 11 21  4 858938  -30.01334  -40.86320     3254  23.5  0  0  6 15 0 0 1 1 1 0 0 1 0 0 1 0 0 1
2014   2 28 11 21  4 986655  -29.98953  -40.90436     5142  26.3  0  0  5 10 0 0 0 1 1 0 0 1 0 0 1 0 0 1
2014   2 28 11 21  5 635524  -18.22379   28.10946     7972  28.8  0  0  7 20 0 0 1 1 1 0 0 1 0 0 1 1 0 1
2014   2 28 11 21  5 645962   -8.00517  173.54791    12464   2.0  0  0  4  6 0 0 1 1 0 0 0 0 0 0 1 1 0 0
2014   2 28 11 21  6 208400  -22.51736  -46.86402     2646  11.8  0  0  5 10 0 0 0 1 1 0 0 1 0 0 1 0 0 1
2014   2 28 11 21  6 217719  -22.51854  -46.86143     2650  11.9  0  0  5 10 0 0 0 1 1 0 0 1 0 0 1 0 0 1
2014   2 28 11 21  6 273588  -22.53862  -46.84460     2635  11.2  0 -1  5 10 0 0 0 1 1 0 0 1 0 0 1 0 0 1
2014   2 28 11 21  6 346503  -22.50590  -46.96471     3043  12.6  0  2  4  6 0 0 0 1 0 0 0 1 0 0 1 0 0 1
2014   2 28 11 21  6 600624   33.02008 -169.08469    16415  28.9  0  0  7 21 0 0 0 1 1 0 0 1 0 1 1 1 0 1
2014   2 28 11 21  6 606024  -12.15520  156.88495     4180   4.1  0  0  6 15 0 0 0 1 1 0 0 1 0 1 0 1 0 1
2014   2 28 11 21  6 722170    2.18380  153.14647    16241  21.4  0  0  5  9 0 0 1 1 1 0 0 0 0 0 0 1 0 1
2014   2 28 11 21  6 745847  -12.14399  157.01102     8141  37.7  0  0  6 15 0 0 1 1 0 0 0 1 0 0 1 1 0 1
2014   2 28 11 21  7 220433   -9.98008  162.43584    13481  70.3  2  0  7 16 0 0 1 1 1 0 0 1 0 1 1 1 0 0
2014   2 28 11 21  7 275994  -12.63872  157.90288     8869   9.5  0  0  4  6 0 0 1 0 0 0 0 1 0 0 1 1 0 0
2014   2 28 11 21  7 359733  -10.11946  162.55038     8953  11.8  0  0  4  6 0 0 0 1 0 0 0 1 0 0 1 1 0 0
2014   2 28 11 21  8 166050  -14.92994   33.54369    49882  34.9  1  0  5 10 0 0 0 1 1 0 0 1 0 0 1 0 0 1
2014   2 28 11 21  8 991776  -22.46074  -46.24290     3002  35.9  0  0  6 15 0 0 1 1 1 0 0 1 0 0 1 0 0 1
2014   2 28 11 21  9   8637  -22.47834  -46.26195     3335  34.1  1  0  5 10 0 0 0 1 1 0 0 1 0 0 1 0 0 1
2014   2 28 11 21  9 195264  -22.49459  -46.19204     3378  35.5  1  0  5 10 0 0 0 1 1 0 0 1 0 0 1 0 0 1
2014   2 28 11 21  9 257325  -22.41067  -46.33561     3277  32.5  1 -1  5 10 0 0 0 1 1 0 0 1 0 0 1 0 0 1
2014   2 28 11 21  9 398858   -3.90930  -39.22224     5221 157.7  2  1  7 19 0 0 1 0 1 0 0 1 0 0 1 1 1 1
2014   2 28 11 21  9 414346  -22.52582  -46.31104     3398  35.7  1  1  5 10 0 0 0 1 1 0 0 1 0 0 1 0 0 1
2014   2 28 11 21  9 421957  -22.47017  -46.33203     3520  35.6  1  0  5  9 0 0 0 1 1 0 0 1 0 0 1 0 0 1
2014   2 28 11 21  9 670688  -13.89450  -39.09216     3914  21.9  0  0  5 10 0 0 0 1 1 0 0 1 0 1 0 0 0 1
2014   2 28 11 21  9 863491  -13.79584  -39.02333     5526  50.8  1  0  6 15 0 0 0 1 1 0 0 1 0 0 1 1 0 1
2014   2 28 11 21  9 880884  -20.29164 -143.55864    10551  43.9  0  0  7 21 0 0 1 0 1 0 0 1 0 1 1 1 0 1
2014   2 28 11 21  9 951567  -21.03420 -141.81857    23610  46.2  1  0  6 14 0 0 1 1 0 0 0 1 0 1 1 0 0 1
2014   2 28 11 21  9 988323  -20.13985 -144.51720    27781  17.3  0  0  4  6 0 0 1 1 0 0 0 1 0 0 1 0 0 0
2014   2 28 11 21 10  14126  -20.11284 -144.45389    15064  48.1  1  0  6 14 0 0 1 1 1 0 0 1 0 0 1 1 0 0
2014   2 28 11 21 10  38856  -19.95475 -145.55362    15569  11.6  0  0  4  6 0 0 0 1 0 0 0 1 0 0 1 1 0 0
2014   2 28 11 21 10  94312  -20.01304 -144.73700    12881  15.1  0  0  4  6 0 0 1 0 0 0 0 1 0 0 1 1 0 0
2014   2 28 11 21 10 131550  -20.73166 -142.97639    36803  47.7  1  0  5 10 0 0 1 1 1 0 0 1 0 0 1 0 0 0
2014   2 28 11 21 10 392285  -22.42695  -46.22832     3556  69.9  1 -1  7 19 0 0 1 1 0 0 0 1 0 1 1 1 0 1
2014   2 28 11 21 10 587389  -22.59510  -46.09375     3796  46.7  1  0  5 10 0 0 0 1 1 0 0 1 0 0 1 0 0 1
2014   2 28 11 21 11 403192    3.01929  -86.08420     8477  22.2  1  0  4  6 0 0 0 1 0 0 0 1 0 0 1 1 0 0
2014   2 28 11 21 11 526575  -23.59905   22.20974    76410  62.3  2  0  5 10 0 0 0 1 1 0 0 1 0 0 1 0 0 1
2014   2 28 11 21 11 570302    4.07102    8.31225    19121  51.1  1  0  6 15 0 0 0 1 1 0 0 1 0 0 1 1 0 1
2014   2 28 11 21 11 707900  -40.36263  -67.05964     8700  66.8  2  0  6 14 0 0 1 1 1 0 0 0 0 1 1 0 0 1
2014   2 28 11 21 11 766722  -40.45736  -66.56594     7221  76.6  2  0  7 20 0 0 1 1 1 0 0 1 0 1 1 0 0 1
2014   2 28 11 21 12 682912  -41.21125  -66.00814     7410  83.1  2  0  7 21 0 0 1 1 1 0 0 1 0 1 1 0 0 1
2014   2 28 11 21 13 682192  -13.56322   18.60746    24217  73.7  2  0  6 15 0 0 1 1 1 0 0 1 0 0 1 0 0 1
2014   2 28 11 21 13 840961   21.65157 -110.34500    51999  74.9  2  0  5 10 0 0 0 0 1 0 0 1 0 0 1 1 0 1
2014   2 28 11 21 14 532650  -18.21708 -146.87514    11645  28.3  0  0  5 10 0 0 1 1 0 0 0 1 0 0 1 1 0 0
2014   2 28 11 21 14 622569  -22.79465 -143.15883    31198  47.9  1  0  5 10 0 0 0 0 1 0 0 1 0 1 0 1 0 1
2014   2 28 11 21 14 633851  -22.58812 -140.68687    16182  81.6  2  0  7 21 0 0 1 1 1 0 0 1 0 0 1 1 0 1
2014   2 28 11 21 14 767737  -22.71472 -139.83099    19162  68.8  2  0  6 15 0 0 1 0 1 0 0 1 0 0 1 1 0 1
2014   2 28 11 21 14 916663  -11.96996  157.68842    33644   6.1  0  0  4  6 0 0 1 1 0 0 0 0 0 0 1 1 0 0
2014   2 28 11 21 14 942489  -22.44779  -46.06873     4276  93.1  2  0  6 15 0 0 0 1 1 0 0 1 0 1 1 0 0 1
2014   2 28 11 21 15  90167  -22.53032  -45.92681     4902  79.2  2  0  5 10 0 0 0 1 1 0 0 1 0 0 1 0 0 1
2014   2 28 11 21 15  99305  -22.47548  -46.06425     4735  98.0  2 -1  6 14 0 0 0 1 1 0 0 1 0 1 1 0 0 1
2014   2 28 11 21 15 121139  -22.49477  -45.95861     5776 172.5  2  0  7 16 0 0 0 1 1 0 0 1 0 1 1 1 0 1
2014   2 28 11 21 15 139247  -22.48268  -45.91806     4104  78.2  2  0  6 15 0 0 1 1 1 0 0 1 0 0 1 0 0 1
2014   2 28 11 21 15 563001    2.31279    6.50592    11910  32.3  1  0  5 10 0 0 1 1 0 0 0 1 0 0 1 1 0 0
2014   2 28 11 21 15 602423  -22.99505 -139.66893    19231 104.6  2  0  7 21 0 0 1 1 1 0 0 1 0 1 1 1 0 0
2014   2 28 11 21 15 657068  -22.52520 -141.68767    49068  38.0  1  0  4  6 0 0 1 1 0 0 0 1 0 0 1 0 0 0
2014   2 28 11 21 15 721637    5.48296  140.50670     4957  12.4  0  0  4  6 0 0 0 1 0 0 0 0 0 0 1 1 0 1
2014   2 28 11 21 19 688853   -3.35916  -73.22287     9883 124.6  2  0  6 15 0 0 0 1 1 0 0 1 0 0 1 1 0 1
2014   2 28 11 21 20 232741  -12.49192  157.62854    10208  17.6  0  0  4  6 0 0 1 0 0 0 0 1 0 0 1 1 0 0
2014   2 28 11 21 20 344208  -22.56362  -45.64457     2577   8.3  0  0  5 10 0 0 0 1 1 0 0 1 0 0 1 0 0 1
2014   2 28 11 21 20 383650  -18.78852 -137.37059    15997  13.7  0  0  4  6 0 0 0 1 0 0 0 1 0 0 1 1 0 0
2014   2 28 11 21 20 415098  -19.11986 -135.90866     8388   6.3  0  0  6 15 0 0 1 1 1 0 0 1 0 0 1 0 0 1
2014   2 28 11 21 20 442176  -28.58602 -132.36766    12571   4.9  0  0  5 10 0 0 1 1 1 0 0 1 0 0 1 0 0 0
2014   2 28 11 21 20 508802  -22.56395  -45.65960     2570   8.1  0 -2  5 10 0 0 0 1 1 0 0 1 0 0 1 0 0 1
2014   2 28 11 21 20 564768  -22.57238  -45.63949     2565   7.7  0  0  5 10 0 0 0 1 1 0 0 1 0 0 1 0 0 1
2014   2 28 11 21 22 384939  -41.54204  -65.63081    13363  34.5  0  2  7 21 0 0 0 1 1 0 0 1 0 1 1 1 0 1
2014   2 28 11 21 22 426460  -40.46224  -65.00809    16269  22.1  0  1  5  9 0 0 0 1 0 0 0 0 0 1 1 1 0 1
2014   2 28 11 21 22 454230  -41.52768  -65.60376     5729  32.3  0  0  6 11 0 0 1 1 0 0 0 1 0 0 1 1 0 1
2014   2 28 11 21 23 711163  -33.31597   19.91240    16707  15.3  0  1  4  6 0 0 1 1 0 0 0 1 0 0 1 0 0 0
2014   2 28 11 21 24 285198  -20.79320 -142.58803    14454  33.6  1  0  5 10 0 0 1 0 1 0 0 1 0 0 0 1 0 1
2014   2 28 11 21 24 444937    3.60114  -89.46043     5058  31.6  0  0  6 15 0 0 1 0 1 0 0 1 0 0 1 1 0 1
2014   2 28 11 21 24 922213   -0.71617  148.02235    25677  47.3  1  0  6 15 0 0 1 1 1 0 0 1 0 0 1 0 0 1
2014   2 28 11 21 25 440405  -12.11875  157.13425     8020  17.5  0  0  5  9 0 0 1 1 0 0 0 1 0 0 1 1 0 0
2014   2 28 11 21 25 799145  -40.56126  -66.54988     6370  49.4  1  0  5  7 0 0 1 0 1 0 0 1 0 0 1 1 0 0
2014   2 28 11 21 26 873830  -22.63115  -47.40970     3233  62.4  1  0  7 20 0 0 0 1 1 0 0 1 0 1 1 1 0 1
2014   2 28 11 21 26 890077  -22.65152  -47.27890     3506  40.4  1  2  5 10 0 0 0 1 1 0 0 1 0 0 1 0 0 1
2014   2 28 11 21 27 483921  -14.66381  -43.77304     3226  36.2  1  0  5  9 0 0 1 1 1 0 0 1 0 0 0 0 0 1
2014   2 28 11 21 27 530844  -14.65288  -43.74346     3323  37.3  1 -2  5 10 0 0 0 1 1 0 0 1 0 0 1 0 0 1
2014   2 28 11 21 27 742127   -4.24973  147.50629     6556  12.9  0  0  4  6 0 0 1 0 0 0 0 1 0 0 1 1 0 0
2014   2 28 11 21 28 492305    4.69509  -87.43855    17620  32.0  1  0  4  6 0 0 1 1 0 0 0 1 0 0 1 0 0 0
2014   2 28 11 21 28 529443    4.60869  -86.90178     7123  21.9  1  0  4  6 0 0 1 0 0 0 0 0 0 0 1 1 0 1
2014   2 28 11 21 28 802171  -21.61522   24.05581    28915  63.9  2  0  5 10 0 0 1 1 1 0 0 1 0 0 0 0 0 1
2014   2 28 11 21 29 281463    2.98383    3.35614    23860  35.7  1  1  4  6 0 0 0 0 0 0 0 1 0 0 1 1 0 1
2014   2 28 11 21 29 580463  -20.78947   22.76589    34194  70.8  2  0  5 10 0 0 1 1 1 0 0 1 0 0 1 0 0 0
2014   2 28 11 21 29 694554  -33.98798  -38.73270     6158  60.3  2  0  6 15 0 0 1 1 1 0 0 1 0 0 1 0 0 1
2014   2 28 11 21 29 720797  -34.05230  -38.68344     7483  58.8  2  0  5 10 0 0 1 1 1 0 0 1 0 0 1 0 0 0
2014   2 28 11 21 30 108824  -34.05909  -38.66436     7722  61.3  2 -1  5 10 0 0 1 1 1 0 0 1 0 0 1 0 0 0
2014   2 28 11 21 30 340142  -33.99799  -38.78516     8314  69.6  2  0  5 10 0 0 1 1 1 0 0 0 0 0 1 0 0 1
2014   2 28 11 21 30 875330  -34.24596  -38.71333     7636  94.8  2 -1  6 15 0 0 1 1 0 0 0 1 0 1 1 1 0 0
2014   2 28 11 21 30 893210  -34.34619  -38.53959     6777  67.4  2 -2  6 15 0 0 1 1 1 0 0 1 0 0 1 0 0 1
2014   2 28 11 21 30 912103  -34.33919  -38.57640     6833  68.4  2 -1  6 15 0 0 1 1 1 0 0 1 0 0 1 0 0 1
2014   2 28 11 21 30 941740  -34.36402  -39.03644    20309  26.2  1  0  4  6 0 0 0 1 0 0 0 1 0 1 0 0 0 1
2014   2 28 11 21 31  55661  -33.44175  -39.33140    12004  30.0  1  0  4  6 0 0 0 1 0 0 0 1 0 0 1 0 0 1
2014   2 28 11 21 31  62145  -33.77964  -39.55276     4642  44.7  1  2  6 15 0 0 1 1 1 0 0 0 0 1 0 1 0 1
2014   2 28 11 21 31  93453  -34.07288  -38.80571     7816  61.6  2  3  5 10 0 0 1 1 0 0 0 1 0 0 1 0 0 1
2014   2 28 11 21 31 143060    2.87607  -85.40594     8476 108.7  2  0  7 21 0 0 1 1 1 0 0 0 0 1 1 1 0 1
2014   2 28 11 21 31 376979  -34.48101  -38.66475     7068  71.4  2  0  6 15 0 0 1 1 1 0 0 1 0 0 1 0 0 1
2014   2 28 11 21 31 672528  -31.19753 -130.70528    17034  81.9  2  0  7 21 0 0 1 0 1 0 0 1 0 1 1 1 0 1
2014   2 28 11 21 31 682891  -31.08247 -132.73972    17808  85.9  2  0  7 20 0 0 1 1 1 0 0 1 0 0 1 1 0 1
2014   2 28 11 21 31 891678  -30.92470 -130.07684    20175 104.8  2  0  7 20 0 0 1 1 0 0 0 1 0 1 1 1 0 1
2014   2 28 11 21 31 917502  -31.40870 -129.55255    65208  88.9  2  0  5 10 0 0 1 1 1 0 0 1 0 0 1 0 0 0
2014   2 28 11 21 31 964051  -30.71814 -132.34895    13589  35.1  1  0  5 10 0 0 1 1 0 0 0 1 0 0 1 1 0 0
2014   2 28 11 21 32  71491  -30.93282 -131.22566    17079  87.6  2  0  7 21 0 0 1 1 1 0 0 1 0 0 1 1 0 1
2014   2 28 11 21 32 303612  -38.36719   38.14526    43710  79.9  2  0  5 10 0 0 1 1 0 0 0 1 0 0 1 0 0 1
2014   2 28 11 21 32 747660   -9.10745  160.37216    15776  87.0  2  0  6 15 0 0 0 1 1 0 0 1 0 0 1 1 0 1
2014   2 28 11 21 32 748190  -23.00353 -140.71002    21632  89.5  2  0  6 15 0 0 1 1 1 0 0 1 0 0 1 1 0 0
2014   2 28 11 21 32 842070   -9.06695  160.10187    42762  24.4  1  0  4  6 0 0 1 1 0 0 0 0 0 0 1 1 0 0
2014   2 28 11 21 32 952716   -9.03536  160.05049    43611  24.6  1  0  4  6 0 0 1 1 0 0 0 0 0 0 1 1 0 0
2014   2 28 11 21 33  70384    4.02218  150.80594    19125  16.9  0  0  4  6 0 0 1 1 0 0 0 0 0 0 1 1 0 0
2014   2 28 11 21 34 759876  -30.56827 -132.99210    24655  60.6  2  0  5 10 0 0 1 0 1 0 0 0 0 0 1 1 0 1
2014   2 28 11 21 34 863452   15.05430 -129.72324    27290  27.7  1  0  4  6 0 0 0 1 0 0 0 1 0 0 1 1 0 0
2014   2 28 11 21 36 129980    3.72481    2.22743     5207   3.8  0  0  6 15 0 0 1 1 1 0 0 1 0 0 1 1 0 0
2014   2 28 11 21 36 229508    3.75350    2.31511    25011  11.8  0  0  5 10 0 0 0 1 1 0 0 1 0 0 1 0 0 1
2014   2 28 11 21 36 284887    3.76754    2.35822    24417  11.9  0  0  5 10 0 0 0 1 1 0 0 1 0 0 1 0 0 1
2014   2 28 11 21 36 409605    3.80734    2.45361    35344  11.1  0  0  4  6 0 0 0 1 0 0 0 1 0 0 1 0 0 1
2014   2 28 11 21 37  96930    3.59761    5.13671    26702  46.3  1 -1  5  9 0 0 1 1 1 0 0 1 0 0 1 0 0 0
2014   2 28 11 21 37 261214  -13.82441  -38.84467     5370  22.6  0  0  7 16 0 0 1 1 1 0 0 1 0 1 1 0 0 1
2014   2 28 11 21 37 293624  -13.79989  -38.27037     8264  15.8  0  0  6 15 0 0 0 1 1 0 0 1 0 0 1 1 0 1
2014   2 28 11 21 37 346457    3.74750    7.73352    30151   4.7  0  0  4  6 0 0 0 1 0 0 0 1 0 0 1 0 0 1
2014   2 28 11 21 37 839584  -13.80019  -39.76231     5966  82.7  2  2  7 17 0 0 1 1 1 0 0 1 0 1 1 0 0 1
2014   2 28 11 21 37 872411  -30.09279  -56.13000     4710  54.1  2  0  5 10 0 0 1 1 0 0 0 1 0 0 1 0 0 1
2014   2 28 11 21 37 886607  -13.72131  -38.26772    12196  17.0  0  1  6 14 0 0 0 1 1 0 0 1 0 0 1 1 0 1
2014   2 28 11 21 37 931386  -13.79963  -38.15271    10633  19.0  0  0  5 10 0 0 0 1 1 0 0 1 0 0 0 1 0 1
2014   2 28 11 21 38 800749  -34.67371  -36.74473     3639  20.2  0  0  6 15 0 0 1 1 1 0 0 1 0 0 1 0 0 1
2014   2 28 11 21 39 137303  -34.92327  -36.64147     3815  13.7  0  0  5 10 0 0 1 1 0 0 0 1 0 0 1 0 0 1
2014   2 28 11 21 40 685069   -4.37593    6.04393    41243  22.5  1 -2  4  6 0 0 0 1 0 0 0 1 0 0 1 0 0 1
2014   2 28 11 21 41 805110    7.65972  -72.88837    12040  37.2  1  0  4  6 0 0 0 1 0 0 0 1 0 0 0 1 0 1
2014   2 28 11 21 43   8529    2.91979    9.52863    10450  50.2  1  0  7 21 0 0 1 1 1 0 0 1 0 0 1 1 0 1
2014   2 28 11 21 43  83671    8.19851  -74.29795     8177  32.5  1  0  4  6 0 0 0 1 0 0 0 1 0 0 1 1 0 0
2014   2 28 11 21 43 505971   -8.64515  -68.91579     4722  73.8  2  0  6 15 0 0 1 1 0 0 0 1 0 1 1 1 0 0
2014   2 28 11 21 43 593138   -8.67456  -69.11286     9334  74.3  2  2  5 10 0 0 0 1 0 0 0 0 0 1 1 1 0 1
2014   2 28 11 21 43 659205   -8.54974  -68.88152     5228  55.0  2  1  5 10 0 0 1 1 0 0 0 0 0 0 1 1 0 1
2014   2 28 11 21 43 720995   -8.66233  -69.08327     5582  68.0  2  2  6 15 0 0 0 1 0 0 0 1 0 1 1 1 0 1
2014   2 28 11 21 43 838436   -8.90782  -68.47466     6484  72.1  2  2  6 15 0 0 1 1 1 0 0 1 0 1 0 0 0 1
2014   2 28 11 21 43 885675   -8.68530  -68.75090     7413  52.3  2  0  5 10 0 0 1 1 0 0 0 1 0 0 1 0 0 1
2014   2 28 11 21 44  21945  -12.28981  157.38676     8859  57.9  1  0  7 21 0 0 1 1 1 0 0 1 0 0 1 1 0 1
2014   2 28 11 21 44  47886  -12.67951  158.93213    97484  61.8  2  0  5 10 0 0 1 1 1 0 0 0 0 0 1 1 0 0
2014   2 28 11 21 44 479742  -11.83093  156.84448    13670  58.0  2  0  5 10 0 0 0 1 1 0 0 1 0 0 1 1 0 0
2014   2 28 11 21 44 655643  -13.88025  -39.30226     4146  47.1  1  0  6 15 0 0 1 1 1 0 0 1 0 0 1 0 0 1
2014   2 28 11 21 44 721624  -13.90024  -39.34252     4978  48.9  1  0  5 10 0 0 0 1 1 0 0 1 0 0 1 0 0 1
2014   2 28 11 21 45 485857   -4.40336  145.44859     6287  12.4  0  0  4  6 0 0 1 0 0 0 0 1 0 0 1 1 0 0
2014   2 28 11 21 45 555262  -11.42465  156.02328    27323  94.7  2  0  6 11 0 0 1 1 0 0 0 1 0 0 1 1 0 1
2014   2 28 11 21 45 617962  -51.46233 -129.16942   156647  56.1  2  0  5 10 0 0 1 1 1 0 0 1 0 0 0 0 0 1
2014   2 28 11 21 45 975343  -11.81042  157.05782     7322   1.4  0  0  5  8 0 0 1 1 0 0 0 1 0 0 1 1 0 0
2014   2 28 11 21 46 295981    2.81846   10.35953    38448  60.5  2  0  5 10 0 0 1 1 0 0 0 1 0 0 1 0 0 1
2014   2 28 11 21 46 855346  -21.27538 -140.76436    32485  89.7  2  0  7 21 0 0 1 1 1 0 0 1 0 1 1 0 0 1
2014   2 28 11 21 46 898203  -20.05622 -143.92940    17725  82.5  2  0  7 20 0 0 1 1 1 0 0 1 0 0 1 1 0 1
2014   2 28 11 21 47  16813  -19.30942   25.73128    26344 104.8  2 -1  6 15 0 0 1 1 1 0 0 1 0 0 1 1 0 0
2014   2 28 11 21 47 272808    3.04668  -85.71837     7162  91.3  2  0  7 21 0 0 1 1 1 0 0 1 0 0 1 1 0 1
2014   2 28 11 21 48 330966    2.56973   10.91679    50315 104.4  2  0  6 14 0 0 1 1 0 0 0 1 0 0 1 0 1 1
2014   2 28 11 21 48 892766  -22.10773 -142.00912    14282  36.8  1  0  5 10 0 0 1 1 0 0 0 1 0 0 1 1 0 0
2014   2 28 11 21 48 901827  -22.10153 -141.99115    14381  37.1  1  0  5 10 0 0 1 1 0 0 0 1 0 0 1 1 0 0
2014   2 28 11 21 48 909689  -22.28770 -141.35002    18613  74.9  2  0  6 15 0 0 1 1 0 0 0 1 0 0 1 1 0 1
2014   2 28 11 21 49 205023  -12.02631  157.77954    45466  16.5  0  0  4  6 0 0 1 1 0 0 0 0 0 0 1 1 0 0
2014   2 28 11 21 49 823216  -17.25875 -150.59668    40528  81.4  2  0  5 10 0 0 0 1 0 0 0 1 0 0 1 1 0 1
2014   2 28 11 21 50 586988  -11.64415  157.07269    10656  24.8  1  0  4  6 0 0 1 1 0 0 0 1 0 0 0 1 0 0
2014   2 28 11 21 50 684402  -12.33344  -73.44653     9594 135.3  2  0  7 21 0 0 0 1 1 0 0 1 0 1 1 1 0 1
2014   2 28 11 21 50 968730  -13.69197 -141.28748    20602  89.9  2  0  6 15 0 0 1 1 0 0 0 1 0 0 1 1 0 1
2014   2 28 11 21 51 483102  -20.76001 -138.64856    12192  14.7  0  0  4  6 0 0 1 0 0 0 0 1 0 0 1 1 0 0
2014   2 28 11 21 51 536342  -13.56579  -39.39479     4181  77.6  2  0  7 21 0 0 1 1 1 0 0 0 0 1 1 1 0 1
2014   2 28 11 21 51 760787  -13.75758  -39.50346     6555 122.0  2  0  6 15 0 0 0 1 1 0 0 1 0 0 1 1 0 1
2014   2 28 11 21 51 930073  -13.70211  -39.37914    10575 112.2  2  0  6 15 0 0 1 0 0 0 0 1 0 1 1 1 0 1
2014   2 28 11 21 51 977762  -13.81032  -39.68440     5747 105.3  2  0  6 14 0 0 1 1 1 0 0 1 0 0 0 1 0 1
2014   2 28 11 21 52 153006  -13.86668  -38.52107     2832  22.5  0  1  6 14 0 0 0 1 1 0 0 1 1 0 0 1 0 1
2014   2 28 11 21 52 206894    4.07292    3.32625     8009   1.8  0  0  4  6 0 0 0 1 0 0 0 1 1 0 1 0 0 0
2014   2 28 11 21 52 662679  -22.59488   23.64098    10684  20.6  0  0  5  9 0 0 1 0 1 0 0 1 0 0 1 1 0 0
2014   2 28 11 21 53 553115  -32.16580   21.15866    35662  12.3  0  0  4  6 0 0 0 1 0 0 0 1 0 0 1 0 0 1
2014   2 28 11 21 54 863281  -18.01367   17.88625     6758  22.4  0  0  5 10 0 0 1 1 0 0 0 0 1 0 1 0 0 1
2014   2 28 11 21 55 455219    4.38755    4.28365     9420   9.6  0 -1  4  6 0 0 0 1 0 0 0 1 1 0 1 0 0 0
2014   2 28 11 21 55 483350    5.15727   -2.53980     9048  14.9  0  0  4  6 0 0 0 1 0 0 0 1 1 0 1 0 0 0
2014   2 28 11 21 56  39484    5.45574   -2.15960     9867  17.3  0  0  4  6 0 0 0 1 0 0 0 1 1 0 1 0 0 0
2014   2 28 11 21 56 221395   -7.68991  172.46927     6533  39.5  0  0  7 21 0 0 1 1 1 0 0 1 1 0 1 0 0 1
2014   2 28 11 21 56 570845  -23.53080   22.78461    11616  20.0  1  0  4  6 0 0 0 1 0 0 0 1 1 0 1 0 0 0
2014   2 28 11 21 56 849040    1.65781    1.39044     6761  19.5  0  2  5  9 0 0 1 1 0 0 0 1 1 0 1 0 0 0
2014   2 28 11 21 56 895386    1.57725    1.57710    16773  35.6  1  0  4  6 0 0 0 1 0 0 0 1 1 0 0 0 0 1
2014   2 28 11 21 56 930716    1.65899    1.24701    10549  20.6  1  0  4  6 0 0 0 1 0 0 0 1 1 0 1 0 0 0
2014   2 28 11 21 57  45720    1.66025    1.24128    10730  21.3  1  0  4  6 0 0 0 1 0 0 0 1 1 0 1 0 0 0
2014   2 28 11 21 57 179294  -23.68750   22.39271    12495  22.8  1  0  4  6 0 0 0 1 0 0 0 1 1 0 1 0 0 0
2014   2 28 11 21 57 321170    5.00769    4.40315    10662  21.7  0  0  5  9 0 0 0 1 1 0 0 1 1 0 1 0 0 0
2014   2 28 11 21 57 714844    2.56101  -84.83164     4017  33.4  0  0  7 21 0 0 1 0 1 0 0 0 1 1 1 1 0 1
2014   2 28 11 21 57 737485    2.72560  -85.33743     4532  40.7  0  0  7 21 0 0 1 1 1 0 0 1 1 0 1 1 0 0
2014   2 28 11 21 58 637581   14.02830 -126.30212    14839   8.9  0  0  4  6 0 0 0 1 0 0 0 1 0 0 1 1 0 0
2014   2 28 11 21 59  91056    1.11942  -96.23177    12706  58.7  1  0  6 15 0 0 0 1 1 0 0 1 0 0 1 1 0 1
2014   2 28 11 21 59 413931  -25.25758  -44.74103     4906  57.8  1  0  6 11 0 0 1 1 1 0 0 1 1 0 0 1 0 0
2014   2 28 11 21 59 962444    7.65019  -72.76884     5981  30.7  1  0  5  9 0 0 0 1 0 0 0 1 1 0 1 1 0 0
2014   2 28 11 22  0 156097  -18.12391 -143.15646    15508  21.4  1  0  4  6 0 0 1 1 0 0 0 0 0 0 1 1 0 0
2014   2 28 11 22  0 261114  -20.71500 -137.97528    12115  60.1  1  0  7 21 0 0 1 1 0 0 0 1 1 0 1 1 0 1
2014   2 28 11 22  0 288632  -20.87288 -140.89330    27781  48.6  1  0  6 12 0 0 0 1 1 0 0 1 1 0 0 1 0 1
2014   2 28 11 22  0 457633  -20.62652 -138.19989    10461  12.3  0  0  4  6 0 0 1 1 0 0 0 1 0 0 0 1 0 0
2014   2 28 11 22  1 253191  -12.70077  172.92651     9680  54.1  1  0  7 20 0 0 1 1 1 0 0 1 1 0 1 1 0 0
2014   2 28 11 22  1 299327  -23.45872 -140.40927    10326  23.0  0  0  5 10 0 0 1 1 0 0 0 1 0 0 1 1 0 0
2014   2 28 11 22  1 309830  -23.89323 -138.19418    14052  66.4  1  0  7 21 0 0 1 0 1 0 0 1 0 1 1 1 0 1
2014   2 28 11 22  1 317379  -23.58471 -139.85045    13938  66.9  1  0  7 20 0 0 1 1 1 0 0 1 1 0 1 1 0 0
2014   2 28 11 22  1 849081  -13.23093   58.86927    28563  74.0  2  0  5 10 0 0 0 1 0 0 0 1 1 0 1 0 0 1
2014   2 28 11 22  1 915327   14.29055 -126.21074    36136  83.8  2  0  6 15 0 0 0 1 1 0 0 1 0 0 1 1 0 1
2014   2 28 11 22  1 993601   13.69088 -123.22295    33917  71.5  2  0  5 10 0 0 0 0 1 0 0 1 1 0 1 1 0 0
2014   2 28 11 22  2 360041    4.07761  -85.66586     9205  71.0  2  0  6 15 0 0 1 1 1 0 0 1 1 0 1 0 0 0
2014   2 28 11 22  3 189343  -24.34803   21.67425     9218  81.7  2 -1  7 21 0 0 1 1 1 0 0 1 1 0 1 0 0 1
2014   2 28 11 22  3 522560  -20.54934 -143.79198    32453  90.0  2  0  6 11 0 0 1 1 0 0 0 0 1 0 1 1 0 1
2014   2 28 11 22  3 657676  -24.52116 -140.73039    19010  79.5  2  0  7 16 0 0 1 1 0 0 0 1 1 0 1 1 0 1
2014   2 28 11 22  4 416858    1.40408  -67.59070     3958  64.7  1  0  7 21 0 0 1 0 1 0 0 1 1 0 1 1 0 1
2014   2 28 11 22  5 333274   -2.83688  149.20790    10605 103.2  2  0  7 20 0 0 1 0 1 0 0 1 0 1 1 1 0 1
2014   2 28 11 22  5 380316   -2.60135  149.24498     5966   3.4  0  0  4  6 0 0 1 0 0 0 0 1 0 0 1 1 0 0
2014   2 28 11 22  5 541380   -6.37827  170.32945    32120  22.4  1  0  4  6 0 0 1 1 0 0 0 1 0 0 1 0 0 0
2014   2 28 11 22  6 882325   -9.49263  161.61273    10849  36.0  1  0  5 10 0 0 1 1 0 0 0 1 0 0 1 1 0 0
2014   2 28 11 22  7 964756  -22.42796  -46.95972     3648  21.9  1  1  4  6 0 0 1 0 0 0 0 0 0 1 1 0 0 1
2014   2 28 11 22  8 137068  -22.96018  -46.85803     2580   7.7  0 -1  5 10 0 0 0 1 1 0 0 1 0 0 1 0 0 1
2014   2 28 11 22  8 267829  -33.76156  -38.78138     2704  10.9  0  0  7 21 0 0 1 1 1 0 0 0 0 1 1 1 0 1
2014   2 28 11 22  8 282653  -33.76639  -38.82603     5320  32.4  1  0  5 10 0 0 1 1 1 0 0 1 0 0 0 0 0 1
2014   2 28 11 22  8 585808  -33.99516  -38.62320     3940  25.7  0  1  7 21 0 0 0 1 1 0 0 1 1 1 1 1 0 0
2014   2 28 11 22  8 628407  -22.86301  -46.74901     3016  14.1  0  0  5 10 0 0 1 1 1 0 0 0 0 0 1 0 0 1
2014   2 28 11 22  8 857245  -27.14703 -102.74117     6910  33.5  0  0  6 13 0 0 1 1 0 0 0 1 1 0 1 1 0 0
2014   2 28 11 22  9 246976    7.89765  -74.01235     4409  13.5  0  0  6 15 0 0 0 1 1 0 0 1 1 0 1 0 0 1
2014   2 28 11 22  9 344882    8.95918  -85.86579     5632  21.4  0  0  7 21 0 0 0 1 1 0 0 1 1 1 1 0 0 1
2014   2 28 11 22  9 396258    9.01360  -85.73679     3760  12.9  0  0  6 15 0 0 1 1 0 0 0 1 1 0 1 1 0 0
2014   2 28 11 22  9 463389    8.95598  -85.62309     7691  11.7  0  0  4  6 0 0 1 0 0 0 0 0 1 0 1 1 0 0
2014   2 28 11 22  9 512912    7.97730  -74.04945     4414   3.1  0  0  4  6 0 0 0 1 0 0 0 1 0 0 1 1 0 0
2014   2 28 11 22  9 775743  -19.43714 -143.49487    17976   2.3  0  0  4  6 0 0 1 1 0 0 0 1 0 0 1 0 0 0
2014   2 28 11 22 10  67243  -22.38456  -46.17017     3028  39.7  0  0  7 16 0 0 1 1 0 0 0 1 1 1 1 0 0 1
2014   2 28 11 22 10 340346    4.78241  -85.80148     6923  26.1  0  0  6 15 0 0 1 1 0 0 0 1 0 1 1 0 0 1
2014   2 28 11 22 10 506867    1.16750    3.65977     7656   5.0  0  0  4  6 0 0 0 1 0 0 0 1 1 0 1 0 0 0
2014   2 28 11 22 10 557732  -31.49391 -109.65357     7947  52.0  1  0  7 20 0 0 1 0 1 0 0 1 1 1 1 1 0 0
2014   2 28 11 22 10 590853  -31.36403 -109.36913     5414  27.7  0  0  7 21 0 0 1 1 1 0 0 0 0 1 1 1 0 1
2014   2 28 11 22 10 630059  -31.44498 -109.78345     5853  30.3  0  0  7 21 0 0 1 1 1 0 0 1 0 0 1 1 0 1
2014   2 28 11 22 10 648083  -31.61740 -110.88190    10441   1.9  0  0  4  6 0 0 0 1 0 0 0 1 0 0 1 1 0 0
2014   2 28 11 22 12 248580    9.04150  -32.17675     3663   3.3  0  0  4  6 0 0 0 0 0 0 0 1 1 0 1 0 0 1
2014   2 28 11 22 12 253667    1.15678    2.55016     9037  13.6  0  0  4  6 0 0 0 1 0 0 0 1 1 0 1 0 0 0
2014   2 28 11 22 12 571177  -17.17327   17.61920     8613  16.5  0  0  4  6 0 0 1 0 0 0 0 0 1 0 1 0 0 1
2014   2 28 11 22 13 401732  -40.66357  -66.56347     4426  62.1  1  0  7 18 0 0 1 0 1 0 0 1 1 1 1 1 0 0
2014   2 28 11 22 13 837607  -22.52768  -45.76927     3443  67.1  1  0  7 20 0 0 0 1 1 0 0 1 0 1 1 1 0 1
2014   2 28 11 22 13 946164  -15.12290  160.39333    40429  54.3  1  0  7 21 0 0 1 1 1 0 0 1 0 1 1 0 0 1
2014   2 28 11 22 14 134570  -22.62391  -45.63212     3726  47.0  1  0  5 10 0 0 0 1 1 0 0 1 0 0 1 0 0 1
2014   2 28 11 22 16 412327  -20.06644 -144.06322    13210  61.0  1  0  7 20 0 0 1 1 0 0 0 1 1 0 1 1 0 1
2014   2 28 11 22 16 508565  -20.14063 -143.63332    24710  61.5  2  0  5 10 0 0 1 1 0 0 0 0 0 0 1 1 0 1
2014   2 28 11 22 16 932654  -26.54735 -134.17525    13439  63.3  1  0  7 21 0 0 1 0 1 0 0 1 1 0 1 1 0 1
2014   2 28 11 22 17 620064  -25.70524 -136.32607    39996  88.5  2  0  6 11 0 0 1 1 1 0 0 0 1 0 1 0 0 1
2014   2 28 11 22 18 781166  -34.56411   21.04910    33866  74.4  2  0  5 10 0 0 1 1 1 0 0 1 0 0 0 0 0 1
2014   2 28 11 22 20 386801  -13.60961  -38.85413     3666  66.7  1  1  7 21 0 0 1 0 1 0 0 0 1 1 1 1 0 1
2014   2 28 11 22 20 483978  -11.69478  156.80855     7987   1.5  0  0  4  6 0 0 1 0 0 0 0 1 0 0 1 1 0 0
2014   2 28 11 22 20 607475  -18.98834 -143.33405    13813  18.1  0  0  4  6 0 0 1 0 0 0 0 1 0 0 1 1 0 0
2014   2 28 11 22 20 923144  -27.51764 -104.36734    12987  35.9  1  0  4  6 0 0 1 0 0 0 0 1 0 0 1 1 0 0
2014   2 28 11 22 21  20582    3.34249    6.49637    23988  99.9  2  0  6 14 0 0 0 1 1 0 0 1 1 0 1 0 0 1
2014   2 28 11 22 21 331640   -3.66832  143.29010     5711   8.9  0  0  4  6 0 0 1 0 0 0 0 1 0 0 1 1 0 0
2014   2 28 11 22 21 361824  -13.83690  -38.86788     5697 106.1  2  0  6 15 0 0 0 1 1 0 0 1 1 0 1 0 0 1
2014   2 28 11 22 21 610334   -1.77477  -82.42993    10364  12.8  0  0  4  6 0 0 0 1 0 0 0 1 1 0 0 1 0 0
2014   2 28 11 22 22 613648  -23.55953   23.03083    12240  57.0  2  0  5 10 0 0 1 1 0 0 0 1 1 0 1 0 0 0
2014   2 28 11 22 22 699042    5.25496  -87.39291     7783  47.5  1  0  5 10 0 0 1 1 0 0 0 1 0 0 1 1 0 0
2014   2 28 11 22 24 842326    8.75527  -85.05840     8851   7.5  0  0  4  6 0 0 1 1 0 0 0 1 0 1 0 0 0 0
2014   2 28 11 22 24 883678  -18.06104   17.82010     6654  13.8  0  0  5 10 0 0 0 1 1 0 0 1 1 0 1 0 0 0
2014   2 28 11 22 24 897871  -18.04197   17.61381     6946  14.3  0  0  4  6 0 0 1 0 1 0 0 1 1 0 0 0 0 0
2014   2 28 11 22 25 316578  -25.84879 -138.95616    11408  12.6  0  0  4  6 0 0 1 1 0 0 0 1 0 0 0 1 0 0
2014   2 28 11 22 25 592738    2.80942  -85.35541     4636   7.4  0  0  4  6 0 0 1 0 0 0 0 1 0 0 1 1 0 0
2014   2 28 11 22 25 652773   -7.12740   28.91563    11265  11.4  0  0  4  6 0 0 0 1 0 0 0 1 1 0 1 0 0 0
2014   2 28 11 22 25 688414    1.63444    1.04382     7299   5.2  0  0  4  6 0 0 0 1 0 0 0 1 1 0 1 0 0 0
2014   2 28 11 22 25 832869  -22.88733  -46.73952     2787  15.8  0  0  5 10 0 0 0 1 1 0 0 1 0 0 1 0 0 1
2014   2 28 11 22 26  25187    2.70824  -85.41154     7211  26.3  0  0  5 10 0 0 0 0 1 0 0 1 1 0 1 1 0 0
2014   2 28 11 22 26 555681    3.40344    7.78328    10236  11.1  0 -1  4  6 0 0 0 1 0 0 0 1 1 0 1 0 0 0
2014   2 28 11 22 28 294178    4.32769    5.06115    10099  36.6  0  0  6 15 0 0 0 1 1 0 0 1 1 0 1 0 0 1
2014   2 28 11 22 28 317907    4.39134    4.77470    12209  19.2  0  2  4  6 0 0 0 1 0 0 0 1 1 0 1 0 0 0
2014   2 28 11 22 28 352785   -3.46944  -72.48043     4293  14.6  0 -1  4  6 0 0 0 1 0 0 0 1 0 0 1 1 0 0
2014   2 28 11 22 28 475442  -26.49387   22.28059    13296  42.6  1 -1  5 10 0 0 0 1 1 0 0 1 1 0 1 0 0 0
2014   2 28 11 22 29  94695    2.29666    8.15575    14062  23.4  1 -1  4  6 0 0 0 1 0 0 0 1 1 0 1 0 0 0
2014   2 28 11 22 29 237608    7.01966  -73.48917    11252  21.1  1  0  4  6 0 0 0 1 0 0 0 1 1 0 0 1 0 0
2014   2 28 11 22 29 335400   -7.18571    9.86448    22512  35.8  1  0  4  6 0 0 0 1 0 0 0 0 1 0 1 0 0 1
2014   2 28 11 22 30 282684  -26.16414   21.70968     6524  51.5  1  0  7 21 0 0 1 1 1 0 0 1 1 0 1 0 0 1
2014   2 28 11 22 30 348806  -26.19661   22.15828    13580  42.8  1  0  5 10 0 0 0 1 0 0 0 1 1 0 1 0 0 1
2014   2 28 11 22 30 612698  -17.69245   17.63366     9815  78.5  2  0  7 21 0 0 1 1 1 0 0 0 1 0 1 1 0 1
2014   2 28 11 22 30 836815   -3.29279    8.81274    13785  41.4  1  0  5 10 0 0 0 0 1 0 0 1 1 0 1 0 0 1
2014   2 28 11 22 30 871439  -17.48772   19.16953    25743  27.7  1  0  4  6 0 0 1 1 0 0 0 1 0 0 1 0 0 0
2014   2 28 11 22 30 941732  -17.96704   18.52949    13618  56.4  1 -1  6 15 0 0 0 1 1 0 0 1 1 0 1 0 0 1
2014   2 28 11 22 31 226515  -12.09341  157.16966    12235  60.7  2  0  6 15 0 0 1 0 0 0 0 1 0 1 1 1 0 1
2014   2 28 11 22 31 250504  -11.88937  156.81210     9890  51.7  1  0  6 15 0 0 1 1 0 0 0 1 0 0 1 1 0 1
2014   2 28 11 22 31 263243  -11.35157  155.38060    53240  65.5  2  0  6 14 0 0 1 1 1 0 0 0 0 0 1 1 0 1
2014   2 28 11 22 31 386465  -18.18688 -142.90358    11227  11.5  0  0  4  6 0 0 1 0 0 0 0 1 0 0 1 1 0 0
2014   2 28 11 22 31 419513   -5.15805  -72.55596     6089  66.6  2  0  6 15 0 0 0 1 1 0 0 1 0 0 1 1 0 1
2014   2 28 11 22 31 917346    7.39112  -78.94162     7047  39.0  0  0  7 20 0 0 0 1 1 0 0 1 1 1 0 1 0 1
2014   2 28 11 22 32 126695  -22.49525  -45.84567     5237  65.8  2  0  6 11 0 0 1 1 1 0 0 1 1 0 1 0 0 0
2014   2 28 11 22 32 374153   -8.43696  -69.03984     5469  30.7  1  1  5 10 0 0 1 1 0 0 0 1 1 0 1 0 0 0
2014   2 28 11 22 32 421663   -8.95267  -67.66814    13116  49.6  1  0  5  9 0 0 0 0 1 0 0 1 1 1 1 0 0 0
2014   2 28 11 22 32 442667  -22.63311  -45.69010     4625  72.2  2  0  5 10 0 0 0 1 1 0 0 1 0 0 1 0 0 1
2014   2 28 11 22 32 446699   -8.54991  -68.84362     5199  82.7  2  0  6 15 0 0 1 1 0 0 0 0 1 1 1 1 0 0
2014   2 28 11 22 32 514181  -22.55333  -45.61380     3854  71.6  2  0  6 15 0 0 1 1 1 0 0 1 0 0 1 0 0 1
2014   2 28 11 22 32 886871  -10.34350  155.22067    63949  11.8  0  0  4  6 0 0 1 1 0 0 0 1 0 0 1 0 0 0
2014   2 28 11 22 32 933098  -19.47667   27.05323    11217  72.0  2 -1  6 15 0 0 1 1 1 0 0 1 1 0 1 0 0 0
2014   2 28 11 22 33 100517  -17.67124 -141.94066    59941  73.8  2  0  5 10 0 0 0 1 1 0 0 1 1 0 1 0 0 0
2014   2 28 11 22 33 118708  -18.00669 -138.90413     9847  10.7  0  0  4  6 0 0 1 1 0 0 0 1 0 0 0 1 0 0
2014   2 28 11 22 33 278487    0.85986    1.39165     8369  68.8  1  0  7 21 0 0 1 1 1 0 0 1 1 0 1 0 0 1
2014   2 28 11 22 33 365057  -18.23686 -138.28532    14796  61.7  2  0  6 15 0 0 1 1 0 0 0 1 0 0 1 1 0 1
2014   2 28 11 22 33 663870  -22.93577 -115.12319    58252  20.0  1  0  4  6 0 0 0 1 1 0 0 1 1 0 0 0 0 0
2014   2 28 11 22 33 867265  -14.18293  -38.82709     3991  69.8  1  1  7 21 0 0 1 0 1 0 0 1 1 1 1 0 0 1
2014   2 28 11 22 33 931197  -14.13544  -38.70884     4495  91.8  2  2  7 19 0 0 1 1 1 0 0 1 1 0 1 0 0 1
2014   2 28 11 22 34 864844    2.28533    8.83866    25117  85.7  2  0  6 15 0 0 0 0 1 0 0 1 1 0 1 1 0 1
2014   2 28 11 22 34 890315    2.34659   10.04898    23697  72.4  2  0  5 10 0 0 0 1 0 0 0 1 1 0 1 0 0 1
2014   2 28 11 22 34 926774    2.26374    9.71028    11920  83.7  2  0  7 20 0 0 1 1 1 0 0 1 1 0 1 0 0 1
2014   2 28 11 22 35 382517  -34.41631   20.12361     9406  89.9  2  0  7 21 0 0 1 1 1 0 0 1 1 0 1 0 0 1
2014   2 28 11 22 35 858818  -34.77096  -36.05843     4093  67.2  1 -1  7 20 0 0 1 0 1 0 0 1 1 1 1 0 0 1
2014   2 28 11 22 36 332175  -20.80499 -142.25562    29829  98.1  2  0  7 19 0 0 1 1 1 0 0 1 1 0 1 0 0 1
2014   2 28 11 22 36 358336  -20.18757 -143.11642    16914  77.1  2  0  7 21 0 0 1 0 1 0 0 1 1 0 1 1 0 1
2014   2 28 11 22 36 529020  -19.63896 -145.42998    12786  31.3  1  0  5 10 0 0 1 1 0 0 0 1 0 0 1 1 0 0
2014   2 28 11 22 37 875472  -32.81023   21.01366    11983  88.9  2  0  6 15 0 0 1 1 0 0 0 1 1 0 1 0 0 1
2014   2 28 11 22 38 308867    5.01200  -83.64976    13174 114.4  2  0  6 15 0 0 1 1 1 0 0 1 1 0 1 0 0 0
2014   2 28 11 22 38 340607  -22.40409  -46.41284     4872 146.5  2  0  7 21 0 0 1 1 1 0 0 1 0 0 1 1 0 1
2014   2 28 11 22 38 348066  -22.58184  -46.22786     4753 102.5  2  0  7 16 0 0 1 1 1 0 0 1 1 0 1 0 0 1
2014   2 28 11 22 38 387958  -22.23330  -46.68048     3991  23.0  1  0  4  6 0 0 1 1 0 0 0 1 0 0 1 0 0 0
2014   2 28 11 22 39 737764  -14.67855  -43.95283     3767  96.4  2  3  7 20 0 0 1 1 1 0 0 1 0 1 1 0 0 1
2014   2 28 11 22 40  74000    1.17812    8.54453     8367   1.3  0 -1  4  6 0 0 0 0 0 0 0 1 1 0 1 0 0 1
2014   2 28 11 22 41  70199  -34.31663 -124.92270     8800  34.1  0  0  6 11 0 0 1 0 0 0 0 1 1 0 1 1 0 1
2014   2 28 11 22 41 110301  -34.32151 -124.81566     6675  24.7  0  0  7 16 0 0 1 1 1 0 0 1 1 0 1 1 0 0
2014   2 28 11 22 41 156412  -34.28019 -124.50865     6394   9.8  0  0  6 15 0 0 1 1 1 0 0 0 0 0 1 1 0 1
2014   2 28 11 22 41 247969  -20.30032 -142.83273    10643   9.0  0  0  4  6 0 0 1 0 0 0 0 1 0 0 1 1 0 0
2014   2 28 11 22 41 366032  -22.49735  -46.08813     2620  20.4  0  0  6 14 0 0 1 1 1 0 0 1 0 0 1 0 0 1
2014   2 28 11 22 41 621827  -37.39890 -110.18810    22547  58.1  2  0  5  8 0 0 1 1 1 0 0 0 0 0 1 1 0 0
2014   2 28 11 22 41 717260    6.85590  -72.39707     5358  20.4  0  0  5  9 0 0 0 1 1 0 0 1 1 0 0 1 0 0
2014   2 28 11 22 42 241178  -26.09742 -137.32870    10842  51.2  1  0  7 21 0 0 1 1 1 0 0 1 1 0 0 1 0 1
2014   2 28 11 22 42 256160  -25.97683 -138.64476    17443  21.0  0  0  5  9 0 0 1 1 1 0 0 0 1 0 0 0 0 1
2014   2 28 11 22 42 288666  -26.43532 -138.25002     7898  24.6  0  0  7 19 0 0 1 1 1 0 0 1 1 0 1 1 0 0
2014   2 28 11 22 42 749540  -12.21358  157.07634    11692  30.4  1  0  5  7 0 0 1 1 0 0 0 1 0 0 1 1 0 0
2014   2 28 11 22 42 856154  -24.89711  -44.73557     3110  31.5  0  1  6 15 0 0 1 1 1 0 0 1 0 0 1 0 0 1
2014   2 28 11 22 43  17999    4.19954    3.68369     5082  21.0  0  1  7 20 0 0 1 1 0 0 0 1 1 0 1 1 0 1
2014   2 28 11 22 43 732382    4.22554    4.75713     9620  10.6  0  0  4  6 0 0 0 1 0 0 0 1 1 0 1 0 0 0
2014   2 28 11 22 43 802515    9.24837  -71.82868     4975  11.6  0  1  4  6 0 0 0 1 0 0 0 1 0 0 1 1 0 0
2014   2 28 11 22 44 301765    3.44196  -93.06113     6490   4.3  0  0  4  6 0 0 0 1 0 0 0 1 0 0 1 1 0 0
2014   2 28 11 22 44 978125    3.95403    5.66374     9574   8.5  0  0  4  6 0 0 1 1 0 0 0 0 1 0 1 0 0 0
2014   2 28 11 22 45 113271    2.37545    8.46425    11979  17.2  0  0  4  6 0 0 0 1 0 0 0 1 1 0 1 0 0 0
2014   2 28 11 22 45 199944  -24.54260  -98.20815     8501   8.3  0  0  4  6 0 0 1 1 0 0 0 1 0 0 1 0 0 0
2014   2 28 11 22 45 234254    2.75601    9.35959     8721   4.0  0  0  4  6 0 0 1 1 0 0 0 1 0 0 0 1 0 0
2014   2 28 11 22 45 483051    2.27534    7.78785    20849  68.0  2  0  6 12 0 0 0 1 0 0 0 1 1 0 1 0 1 1
2014   2 28 11 22 45 734271  -14.01082  -39.26188     8951  42.7  1  0  6 12 0 0 1 1 1 0 0 0 0 1 1 0 0 1
2014   2 28 11 22 45 750714  -13.79957  -38.48043     3598  44.8  1  0  6 15 0 0 0 0 1 0 0 1 1 0 1 1 0 1
2014   2 28 11 22 45 767901  -13.68167  -38.65922     3071  37.9  0  0  7 21 0 0 1 1 1 0 0 0 1 1 1 1 0 0
2014   2 28 11 22 45 788899  -13.79981  -38.52721     3285  48.2  0  0  7 21 0 0 0 0 1 0 0 1 1 1 1 1 0 1
2014   2 28 11 22 45 814791  -13.79888  -38.52802     3290  48.4  0  0  7 21 0 0 0 0 1 0 0 1 1 1 1 1 0 1
2014   2 28 11 22 45 844172  -13.81219  -39.00750     3739  40.4  0  0  7 20 0 0 1 1 1 0 0 1 0 1 0 1 0 1
2014   2 28 11 22 45 869162  -13.79913  -38.52592     3280  48.1  0  1  7 21 0 0 0 0 1 0 0 1 1 1 1 1 0 1
2014   2 28 11 22 45 908247  -13.71994  -38.59338     3322  37.8  0  0  6 15 0 0 1 0 1 0 0 0 1 0 1 1 0 1
2014   2 28 11 22 45 969508   -7.58567  172.34796     9041   6.6  0  0  4  6 0 0 1 0 0 0 0 1 0 0 1 1 0 0
2014   2 28 11 22 45 988573  -13.77694  -39.67610     3628  61.4  1  1  7 20 0 0 1 1 1 0 0 1 0 1 1 1 0 0
2014   2 28 11 22 46  16469  -10.12607  162.29991     8453  10.5  0  0  5  9 0 0 1 1 0 0 0 1 0 0 1 1 0 0
2014   2 28 11 22 46  35215  -13.81438  -38.49844     3530  50.6  1  2  7 21 0 0 1 0 1 0 0 1 1 1 1 0 0 1
2014   2 28 11 22 46  39455  -10.14033  162.29785     6642  10.2  0  0  5 10 0 0 1 1 0 0 0 1 0 0 1 1 0 0
2014   2 28 11 22 46 110208  -11.28278  165.29608    45446  50.5  2  0  5 10 0 0 1 0 1 0 0 0 0 0 1 1 0 1
2014   2 28 11 22 46 226181   -4.10311  148.02502     7015  68.3  1  0  7 21 0 0 1 0 1 0 0 1 0 1 1 1 0 1
2014   2 28 11 22 46 815849  -31.53386 -131.11526    28028  39.3  0  0  6 11 0 0 1 0 0 0 0 1 1 1 1 0 0 1
2014   2 28 11 22 47 593617    2.50656    9.02496    16812  29.5  1 -1  4  6 0 0 0 1 0 0 0 1 1 0 1 0 0 0
2014   2 28 11 22 47 618001   -7.66058   23.34262    18378  31.1  1  0  4  6 0 0 0 1 0 0 0 1 1 0 1 0 0 0
2014   2 28 11 22 49 924836  -43.21064  -67.57860    31775  86.0  2  1  7 19 0 0 0 1 1 0 0 1 1 0 1 1 0 1
2014   2 28 11 22 50 392111  -33.15183   20.46207    12684  72.9  2  0  5 10 0 0 1 1 0 0 0 1 1 0 0 0 0 1
2014   2 28 11 22 50 451620    2.76796  -84.99193     5801  47.0  1  0  6 15 0 0 1 0 1 0 0 0 1 0 1 1 0 1
2014   2 28 11 22 50 459922    2.82600  -85.28027     5952  62.8  1  0  7 21 0 0 1 0 1 0 0 1 1 0 1 1 0 1
2014   2 28 11 22 50 468663    3.13918  -86.20987    10258  29.9  1  0  4  6 0 0 0 1 0 0 0 1 0 0 1 1 0 0
2014   2 28 11 22 51 124732  -34.52409  -37.31226     9249  71.9  2  1  5  9 0 0 1 1 0 0 0 1 1 0 1 0 0 0
2014   2 28 11 22 51 652476  -34.20237  -38.32178     7636  79.2  2  0  6 15 0 0 1 1 1 0 0 1 0 0 1 0 0 1
2014   2 28 11 22 51 801487   -9.07713  -41.11879     3712  10.8  0  0  4  6 0 0 1 1 0 0 0 0 1 0 1 0 0 0
2014   2 28 11 22 51 975845    4.22124    3.49197    11372  60.5  2  0  6 15 0 0 1 0 1 0 0 1 1 0 1 0 0 1
2014   2 28 11 22 51 999053    4.32809    4.09031    11340  83.7  2  0  7 21 0 0 1 1 1 0 0 1 1 0 1 0 0 1
2014   2 28 11 22 52 624198  -19.19651   23.67185    52993 111.0  2  0  6 15 0 0 0 1 1 0 0 1 0 0 1 1 0 1
2014   2 28 11 22 52 658444  -19.86633   18.42721    12515  92.4  2  0  6 15 0 0 1 1 1 0 0 1 1 0 1 0 0 0
2014   2 28 11 22 54 759793  -34.68443  -37.34225     9390  97.5  2  0  6 15 0 0 1 1 1 0 0 1 0 0 1 0 0 1
2014   2 28 11 22 55 235611  -40.99506  -65.87569    14061 108.7  2  0  6 11 0 0 1 0 1 0 0 1 1 1 1 0 0 0
2014   2 28 11 22 55 287431  -22.66090  -46.90150     3371   1.4  0  0  5  7 0 0 1 0 1 0 0 1 1 0 1 0 0 0
2014   2 28 11 22 55 294111  -22.45320  -47.61372     4530 139.0  2  0  7 20 0 0 1 1 1 0 0 1 0 1 0 1 0 1
2014   2 28 11 22 55 296985  -43.37323  156.79404    35152  54.0  2  0  5 10 0 0 0 1 1 0 0 1 0 0 0 1 0 1
2014   2 28 11 22 55 896153  -10.54031  -11.78529     9595  83.9  2  0  6 14 0 0 1 1 1 0 0 0 1 0 1 0 0 1
2014   2 28 11 22 55 926338   15.74803 -129.92500    26925  26.7  1  0  4  6 0 0 0 1 0 0 0 1 0 0 1 1 0 0
2014   2 28 11 22 55 973311   -3.04053    7.15051    13207 116.3  2  1  7 20 0 0 1 1 1 0 0 1 1 0 1 0 0 1
2014   2 28 11 22 56  41217   -3.07031    6.62758     4521   9.4  0  0  7 21 0 0 1 1 1 0 0 1 0 0 1 1 0 1
2014   2 28 11 22 56 441705  -34.58321  -36.79845     3014  18.0  0 -3  7 21 0 0 1 1 1 0 0 1 0 1 1 0 0 1
2014   2 28 11 22 56 683526   -1.31185  148.87135     4749  57.6  2  0  5 10 0 0 1 1 1 0 0 1 1 0 0 0 0 0
2014   2 28 11 22 57  30771  -34.66998  -36.90022     3670  21.7  0  1  6 15 0 0 1 1 1 0 0 1 0 0 1 0 0 1
2014   2 28 11 22 57 256451  -15.70823   49.97594    14299   8.1  0  0  4  6 0 0 1 1 0 0 0 1 0 0 1 0 0 0
2014   2 28 11 22 58 222338  -32.07190   23.02078    13351   7.4  0  0  4  6 0 0 1 1 0 0 0 1 0 0 1 0 0 0
2014   2 28 11 22 58 613755  -22.94779  -46.82545     2786  35.6  0  0  7 19 0 0 1 1 1 0 0 0 0 1 1 1 0 1
2014   2 28 11 22 59 142708    2.47486  -84.84660     5620   8.4  0  0  4  6 0 0 0 1 0 0 0 1 0 0 1 1 0 0
2014   2 28 11 22 59 855788  -24.60228 -101.40859     4215   6.1  0  0  5 10 0 0 1 1 0 0 0 1 0 0 1 1 0 0
2014   2 28 11 23  0  44497    0.73712   10.53176    51497  24.2  1  0  4  6 0 0 0 1 0 0 0 1 0 0 1 0 0 1
2014   2 28 11 23  0 502708   -1.92189  148.42465     3940  16.0  0  0  4  6 0 0 1 0 0 0 0 1 1 0 1 0 0 0
2014   2 28 11 23  1 195479    1.37282    8.45571     9749  33.9  0  0  6 15 0 0 1 0 1 0 0 1 0 0 1 1 0 1
2014   2 28 11 23  1 476190  -22.68464  -47.21122     3048  37.4  0  1  6 15 0 0 1 1 1 0 0 1 0 0 1 0 0 1
2014   2 28 11 23  1 617832  -22.65303  -47.24999     3050  37.5  0  0  6 15 0 0 1 1 1 0 0 1 0 0 1 0 0 1
2014   2 28 11 23  1 760779  -22.46185  -47.61370     4269  21.2  1  0  4  6 0 0 1 0 0 0 0 1 0 1 0 1 0 0
2014   2 28 11 23  1 861264  -22.63726  -47.28183     3740  42.8  1 -1  5  9 0 0 0 1 1 0 0 1 0 0 1 0 0 1
2014   2 28 11 23  1 975938  -16.52176   48.92201    19024  52.4  1  0  6 15 0 0 1 1 1 0 0 1 0 0 1 0 0 1
2014   2 28 11 23  2  42192   17.27651 -134.61220    14724   3.6  0  0  4  6 0 0 0 1 0 0 0 1 0 0 1 1 0 0
2014   2 28 11 23  2 241709   -5.61928  145.68745     4119  10.2  0  0  4  6 0 0 1 0 0 0 0 1 1 0 1 0 0 0
2014   2 28 11 23  2 569311    1.53948    9.61727    10044  50.2  1  0  7 21 0 0 1 1 1 0 0 1 0 0 1 1 0 1
2014   2 28 11 23  3 709106  -22.52039  -45.72588     3455  74.6  2  0  7 21 0 0 1 1 1 0 0 1 0 1 1 0 0 1
2014   2 28 11 23  3 798149  -22.59245  -45.63580     4334  65.4  2  0  5 10 0 0 0 1 1 0 0 1 0 0 1 0 0 1
2014   2 28 11 23  4 140597  -25.11861 -141.67732    25565  12.8  0  0  4  6 0 0 1 1 0 0 0 1 0 0 1 0 0 0
2014   2 28 11 23  4 297328   -1.18736  148.96143     3147   5.1  0  0  4  6 0 0 0 1 0 0 0 1 1 0 1 0 0 0
2014   2 28 11 23  4 320034   -4.33911    5.55742    11757  65.5  1  0  7 21 0 0 1 1 1 0 0 1 0 0 1 1 0 1
2014   2 28 11 23  4 470747  -25.48147 -140.59444     9773   2.4  0  0  4  6 0 0 1 0 0 0 0 1 0 0 1 1 0 0
2014   2 28 11 23  5 415920  -45.28404  -60.71708    10033  10.0  0  0  4  6 0 0 1 0 0 0 0 1 0 0 1 1 0 0
2014   2 28 11 23  5 783824  -22.33184 -141.69264    14727  17.6  0  0  4  6 0 0 1 1 0 0 0 0 0 0 1 1 0 0
2014   2 28 11 23  6 471840    3.79659    3.24083    24288  19.1  0  0  4  6 0 0 1 1 0 0 0 1 0 0 1 0 0 0
2014   2 28 11 23  6 551382    1.68420    4.94649    50328  85.9  2  0  5 10 0 0 1 1 1 0 0 1 0 0 1 0 0 0
2014   2 28 11 23  6 707629    1.61163    4.87497    51334  87.8  2  0  5 10 0 0 1 1 1 0 0 1 0 0 1 0 0 0
2014   2 28 11 23  8  94141  -12.37728  172.60500    12129  27.8  0  0  5 10 0 0 1 1 0 0 0 1 0 0 1 1 0 0
2014   2 28 11 23  8 152984  -26.09379 -136.92708    12824  30.4  1  0  5 10 0 0 1 1 0 0 0 1 0 0 1 1 0 0
2014   2 28 11 23  8 632690  -18.10172 -147.29170    29920  34.1  1  0  4  6 0 0 0 1 0 0 0 1 0 0 1 1 0 0
2014   2 28 11 23  8 650414  -25.58398 -138.50316    41737  30.6  1  0  4  6 0 0 1 1 0 0 0 1 0 0 1 0 0 0
2014   2 28 11 23  8 773221  -32.55429  -40.07919     7653  34.5  0  0  6 11 0 0 0 1 1 0 0 1 0 0 1 1 0 1
2014   2 28 11 23  8 788307  -33.79457  -39.64387     5847  21.4  1 -2  4  6 0 0 1 1 1 0 0 1 0 0 0 0 0 0
2014   2 28 11 23  9 230953    4.26618    9.93770    23674 104.6  2  0  6 15 0 0 1 1 1 0 0 1 0 0 0 1 0 1
2014   2 28 11 23  9 266389    2.69017    2.52519    26829  82.9  2  0  5 10 0 0 1 0 1 0 0 1 0 0 1 1 0 0
2014   2 28 11 23  9 332972  -10.77612  -17.15325     7356  30.7  1  0  4  6 0 0 1 1 1 0 0 0 1 0 0 0 0 0
2014   2 28 11 23  9 420721  -22.24804  -46.40024     4125 102.5  2  0  7 21 0 0 1 1 1 0 0 1 0 1 1 1 0 0
2014   2 28 11 23  9 507598  -33.69819  -39.79727     4379  53.1  1  0  7 21 0 0 1 1 1 0 0 1 0 1 0 1 0 1
2014   2 28 11 23  9 525336  -33.94296  -38.96884     8798  96.9  2  1  6 15 0 0 1 1 1 0 0 1 0 0 1 0 0 1
2014   2 28 11 23 10 943341  -13.88495  -39.45422     5654  68.2  2  0  5 10 0 0 1 1 0 0 0 1 0 0 1 0 0 1
2014   2 28 11 23 11  10868  -10.41556  -16.90901     7394  44.0  1  0  5 10 0 0 1 1 1 0 0 0 1 0 0 0 0 1
2014   2 28 11 23 11  88418    9.48921  -37.16059     3983  12.4  0  0  4  6 0 0 0 1 0 0 0 1 1 0 1 0 0 0
2014   2 28 11 23 11 886985   -5.77035  147.90527     7740  19.0  0  0  4  6 0 0 0 0 0 0 0 0 1 1 1 0 0 1
2014   2 28 11 23 12 130822   -8.68490  -68.66502     3290   4.4  0 -2  5 10 0 0 1 1 1 0 0 1 0 0 1 0 0 0
2014   2 28 11 23 12 137982   -8.65160  -68.73206     2996   7.4  0 -1  5 10 0 0 0 1 1 0 0 1 0 0 1 1 0 0
2014   2 28 11 23 12 149252   -8.66362  -68.75236     3088   7.5  0  0  5 10 0 0 0 0 1 0 0 1 0 0 1 1 0 1
2014   2 28 11 23 12 476439    8.79389 -125.58390    15070  11.0  0  0  4  6 0 0 1 1 0 0 0 1 0 0 1 0 0 0
2014   2 28 11 23 12 830184  -11.59388  173.29005     9519  18.4  0  0  5 10 0 0 0 0 1 0 0 1 0 0 1 1 0 1
2014   2 28 11 23 12 847218  -11.55992  173.39020     9168   2.7  0  0  4  6 0 0 1 0 0 0 0 1 0 0 1 1 0 0
2014   2 28 11 23 12 857369  -11.69641  173.63309     8535  23.7  0  0  6 15 0 0 1 1 1 0 0 1 0 0 1 1 0 0
2014   2 28 11 23 12 874086  -12.28028  175.81723    27569  14.6  0  0  5 10 0 0 0 1 1 0 0 0 0 0 1 1 0 1
2014   2 28 11 23 12 958765    0.94627  -95.78123     6242   1.2  0  0  5 10 0 0 0 1 1 0 0 1 0 0 0 1 0 1
2014   2 28 11 23 13 449026  -10.44460  162.59294     8489   5.9  0  0  4  6 0 0 1 0 0 0 0 1 0 0 1 1 0 0
2014   2 28 11 23 13 575988    0.59984    0.36069     9491  13.3  0  0  5 10 0 0 0 1 1 0 0 1 0 0 1 1 0 0
2014   2 28 11 23 13 610793    0.58489    0.20601     5819  10.5  0  0  6 15 0 0 1 1 1 0 0 0 0 0 1 1 0 1
2014   2 28 11 23 13 667579   -9.97175  161.81720     7428  28.6  0  0  6 15 0 0 1 0 1 0 0 1 0 0 1 1 0 1
2014   2 28 11 23 13 812809  -26.23079   21.74607    10975  14.7  0 -1  5 10 0 0 1 1 1 0 0 1 0 0 1 0 0 0
2014   2 28 11 23 14 449584  -12.14958  156.96910     5452  27.5  0  0  7 21 0 0 0 1 1 0 0 1 0 1 1 1 0 1
2014   2 28 11 23 14 543139  -12.13054  157.01936     6694  37.0  0  0  7 21 0 0 1 1 1 0 0 1 0 0 1 1 0 1
2014   2 28 11 23 14 745182  -18.81087   19.90366     8671  30.0  0  0  6 15 0 0 1 0 1 0 0 1 0 0 1 1 0 1
2014   2 28 11 23 14 792079  -22.58115  -45.64891     2958  25.1  0  0  5 10 0 0 0 1 1 0 0 1 0 0 1 0 0 1
2014   2 28 11 23 14 801384  -22.57650  -45.64779     2972  25.6  0  1  5 10 0 0 0 1 1 0 0 1 0 0 1 0 0 1
2014   2 28 11 23 14 896066  -19.14439   19.14732    13531  22.0  0  0  5 10 0 0 1 1 1 0 0 1 0 0 1 0 0 0
2014   2 28 11 23 15 283839  -12.20891  157.16881     9570  31.9  1  0  5 10 0 0 1 1 0 0 0 1 0 0 1 1 0 0
2014   2 28 11 23 15 671433   -4.61491  145.60577     6019   8.2  0  0  4  6 0 0 1 0 0 0 0 1 0 0 1 1 0 0
2014   2 28 11 23 15 821814    1.92998  -94.86697     6699  35.1  1  0  5 10 0 0 1 1 1 0 0 1 0 0 0 1 0 0
2014   2 28 11 23 20 924825    2.48240  -85.18889    19268  72.0  2  0  5 10 0 0 1 1 1 0 0 1 0 0 1 0 0 0
2014   2 28 11 23 20 931621    3.09761  -86.08249     8869  24.1  1  0  4  6 0 0 0 1 0 0 0 1 0 0 1 1 0 0
2014   2 28 11 23 20 943205    2.98644  -86.09502    13700  74.7  2  0  5 10 0 0 0 1 1 0 0 1 0 0 1 1 0 0
2014   2 28 11 23 21 167517    3.20439  -86.09127    14155  26.0  1  0  4  6 0 0 1 1 0 0 0 1 0 0 1 0 0 0
2014   2 28 11 23 21 750515    3.07892    1.19390    13556  67.3  1  0  7 20 0 0 1 1 1 0 0 1 0 0 1 1 0 1
2014   2 28 11 23 21 812368    3.17960    1.49156    14657  65.6  2  0  6 15 0 0 1 1 1 0 0 1 0 0 1 1 0 0
2014   2 28 11 23 22  58007    4.51674    5.20067    33238  73.1  2  0  6 15 0 0 1 1 1 0 0 1 0 0 1 0 0 1
2014   2 28 11 23 23 139181  -12.43534  172.66237    10095   9.4  0  0  4  6 0 0 1 0 0 0 0 1 0 0 1 1 0 0
2014   2 28 11 23 23 728879    3.89467    6.79092    51585  70.7  2  0  5  9 0 0 1 1 0 0 0 1 0 0 1 0 0 1
2014   2 28 11 23 23 857356    0.76523    9.25034    35178  88.3  2  0  6 15 0 0 1 1 1 0 0 1 0 0 1 0 0 1
2014   2 28 11 23 24 893589  -25.00459 -142.30804    12739  28.7  0  0  5 10 0 0 1 1 0 0 0 1 0 0 1 1 0 0
2014   2 28 11 23 24 924453  -26.99123 -116.45185    18363 149.6  2  0  7 20 0 0 1 1 0 0 0 1 0 1 1 1 0 1
2014   2 28 11 23 24 960312  -26.82607 -114.68341    16667  70.7  2  0  5 10 0 0 1 0 1 0 0 0 0 1 1 1 0 0
2014   2 28 11 23 24 989818  -26.82723 -117.82730    10158  33.5  1  0  5 10 0 0 1 1 0 0 0 1 0 0 1 1 0 0
2014   2 28 11 23 25 320944   20.53815   81.32644     5991  12.4  0 -1  4  6 0 0 1 0 0 0 0 1 0 0 1 1 0 0
2014   2 28 11 23 26 392908  -34.33896  -37.91039     9141  97.1  2  0  6 15 0 0 1 1 1 0 0 1 0 0 1 0 0 1
2014   2 28 11 23 26 413780  -34.34982  -37.91864     9140  97.0  2  1  6 15 0 0 1 1 1 0 0 1 0 0 1 0 0 1
2014   2 28 11 23 26 427992  -34.38756  -37.91740     9168  97.2  2  0  6 15 0 0 1 1 1 0 0 1 0 0 1 0 0 1
2014   2 28 11 23 26 504179  -34.22356  -38.16020    12458 101.5  2 -2  6 13 0 0 1 1 1 0 0 1 0 0 1 0 0 1
2014   2 28 11 23 26 711495  -34.21751  -39.14406     4297  19.6  0  0  5 10 0 0 1 1 1 0 0 1 0 0 0 0 0 1
2014   2 28 11 23 27 206866   -8.65821  -69.39068     8032 134.9  2  3  7 21 0 0 0 1 1 0 0 1 0 1 1 1 0 1
2014   2 28 11 23 27 235622  -18.09395 -139.03412    26575 121.6  2  0  6 15 0 0 1 1 1 0 0 1 0 0 0 1 0 1
2014   2 28 11 23 27 249656   -8.66030  -69.39929     8064 135.5  2  2  7 21 0 0 0 1 1 0 0 1 0 1 1 1 0 1
2014   2 28 11 23 27 319343   -1.79729  -71.18669     4175   7.9  0  0  4  6 0 0 1 0 0 0 0 0 0 1 1 1 0 0
2014   2 28 11 23 27 358309   -8.58181  -69.34502     8620 125.1  2  1  6 15 0 0 0 1 1 0 0 1 0 0 1 1 0 1
2014   2 28 11 23 27 807986   -8.48975  -68.88954     6756 150.6  2  0  7 21 0 0 1 1 1 0 0 0 0 1 1 1 0 1
2014   2 28 11 23 28 330993   -3.88465    5.56786     9336   9.3  0  0  4  6 0 0 1 1 0 0 0 0 0 0 0 1 0 1
2014   2 28 11 23 28 920365   -4.07297  143.58478     6324  15.4  0  0  4  6 0 0 1 0 0 0 0 1 0 0 1 1 0 0
2014   2 28 11 23 29 257877    2.00940  -84.66145     4798  24.3  0  0  7 21 0 0 0 1 1 0 0 1 0 1 1 1 0 1
2014   2 28 11 23 29 346245    2.05937  -84.64758     6069  11.9  0  0  4  6 0 0 0 1 0 0 0 1 0 0 1 1 0 0
2014   2 28 11 23 29 354743    2.02318  -84.54485     3310  22.3  0  0  7 21 0 0 1 1 1 0 0 1 0 0 1 1 0 1
2014   2 28 11 23 29 379446    2.03290  -84.64999     6497  26.3  0  0  5 10 0 0 0 1 1 0 0 1 0 0 1 1 0 0
2014   2 28 11 23 29 905380  -31.37565 -131.38107     8288  11.8  0  0  5 10 0 0 1 1 0 0 0 1 0 0 1 1 0 0
2014   2 28 11 23 29 912815  -31.38185 -131.34694     8143  11.1  0  0  5 10 0 0 1 1 0 0 0 1 0 0 1 1 0 0
2014   2 28 11 23 29 975893  -22.79526  -46.85681     2851   4.7  0  0  4  6 0 0 0 1 0 0 0 1 0 0 1 0 0 1
2014   2 28 11 23 30  95957  -22.83122  -46.85460     2660  11.6  0  0  5 10 0 0 0 1 1 0 0 1 0 0 1 0 0 1
2014   2 28 11 23 30 145981  -22.80594  -46.73962     2712  13.3  0  0  5 10 0 0 0 1 1 0 0 1 0 0 1 0 0 1
2014   2 28 11 23 30 241978  -22.81281  -46.74133     2721  13.8  0  0  5 10 0 0 0 1 1 0 0 1 0 0 1 0 0 1
2014   2 28 11 23 30 681859  -13.41895   58.05681    16253  28.1  0  0  5 10 0 0 1 1 1 0 0 1 0 0 1 0 0 0
2014   2 28 11 23 30 748886   13.59338 -123.13346     7702  29.3  0  0  6 15 0 0 1 1 1 0 0 0 0 0 1 1 0 1
2014   2 28 11 23 31  63972  -22.20072  -47.22078     3976  72.6  2 -1  6 15 0 0 1 1 1 0 0 1 0 1 1 0 0 0
2014   2 28 11 23 31 182013  -22.48634  -46.84045     2875  19.7  0  0  5 10 0 0 0 1 1 0 0 1 0 0 1 0 0 1
2014   2 28 11 23 32 462505   13.66889  -90.89275     7933   1.3  0  0  4  6 0 0 0 1 0 0 0 1 0 0 1 1 0 0
2014   2 28 11 23 32 654325    9.32701  -71.93578     4725   8.5  0  0  4  6 0 0 0 1 0 0 0 1 0 0 1 1 0 0
2014   2 28 11 23 32 758966  -26.77407 -106.90665     9985   3.0  0  0  4  6 0 0 1 1 0 0 0 1 0 0 1 0 0 0
2014   2 28 11 23 33 177165  -13.87459  -39.58012     5154  54.0  2  1  5  9 0 0 1 1 0 0 0 1 0 1 0 0 0 1
2014   2 28 11 23 33 249793  -13.82763  -37.77843     8335  15.1  0  0  4  6 0 0 0 1 0 0 0 1 0 0 1 0 0 1
2014   2 28 11 23 33 367908  -13.76702  -38.91766     8356  55.2  2  0  5 10 0 0 0 0 0 0 0 1 0 1 1 1 0 1
2014   2 28 11 23 33 456864  -13.87366  -38.94811     6329  40.8  1  2  6 11 0 0 0 1 1 0 0 1 0 1 1 0 0 1
2014   2 28 11 23 33 476583  -41.65658  -65.20346     6151  50.0  1  0  6 15 0 0 1 1 1 0 0 1 0 0 1 0 0 1
2014   2 28 11 23 33 791672  -13.91534  -37.60159     7894  36.4  1 -1  5 10 0 0 0 1 1 0 0 1 0 0 1 0 0 1
2014   2 28 11 23 34  88984  -31.19886 -129.55257    11365  52.6  1  0  7 21 0 0 1 0 1 0 0 1 0 1 1 1 0 1
2014   2 28 11 23 34 486580  -13.74568  -39.04832     6179  63.5  2  0  6 15 0 0 0 1 1 0 0 1 0 0 1 1 0 1
2014   2 28 11 23 35 482121  -14.72237  -43.80075     2934  52.1  1  1  7 21 0 0 1 1 1 0 0 1 0 1 1 0 0 1
2014   2 28 11 23 35 874794  -14.57187   37.56266    14539  77.8  2 -1  7 21 0 0 1 1 1 0 0 1 0 0 1 1 0 1
2014   2 28 11 23 35 986630  -18.77197 -149.62651    50468 112.0  2  0  7 16 0 0 1 1 1 0 0 1 0 0 1 1 0 1
2014   2 28 11 23 36  88800  -20.40075 -141.81429    43841  63.6  2  0  5 10 0 0 1 1 1 0 0 1 0 0 0 0 0 1
2014   2 28 11 23 36 148885  -19.03945 -145.11475    10165   6.9  0  0  4  6 0 0 1 0 0 0 0 1 0 0 1 1 0 0
2014   2 28 11 23 36 642249   32.76834 -139.24065    23974  75.1  2  0  6 15 0 0 1 1 0 0 0 1 0 0 1 1 0 1
2014   2 28 11 23 37 413735  -11.85146  156.92178     8672   9.9  0  0  4  6 0 0 1 0 0 0 0 1 0 0 1 1 0 0
2014   2 28 11 23 37 537258  -11.79343  156.84106    14401  71.1  2  0  6 11 0 0 1 1 1 0 0 1 0 0 1 1 0 0
2014   2 28 11 23 37 609273  -22.39933 -141.27759    10196   6.8  0  0  4  6 0 0 1 0 0 0 0 1 0 0 1 1 0 0
2014   2 28 11 23 37 623683  -22.32148 -141.58797     8311  14.3  0  0  5 10 0 0 1 1 0 0 0 1 0 0 1 1 0 0
2014   2 28 11 23 37 832698  -11.67046  156.56433    16611  73.6  2  0  6 13 0 0 1 1 1 0 0 1 0 0 1 1 0 0
2014   2 28 11 23 37 868493  -11.69111  156.80699     8794  10.9  0  0  4  6 0 0 1 0 0 0 0 1 0 0 1 1 0 0
2014   2 28 11 23 38 706224  -15.57502   28.97265    28348  83.6  2  0  6 15 0 0 1 1 1 0 0 1 0 0 1 0 0 1
2014   2 28 11 23 39 265085   -2.15439  -83.44062     9294  33.1  1  0  4  6 0 0 0 1 0 0 0 1 0 0 1 1 0 0
2014   2 28 11 23 39 356496  -11.67508  156.80458     9015  12.6  0  0  4  6 0 0 1 0 0 0 0 1 0 0 1 1 0 0
2014   2 28 11 23 41 925557  -20.20007 -142.97523    20186 102.6  2  0  7 21 0 0 1 0 1 0 0 1 0 1 1 1 0 1
2014   2 28 11 23 41 963131  -19.43625 -146.48398    27138  30.1  1  0  4  6 0 0 0 1 0 0 0 1 0 0 1 1 0 0
2014   2 28 11 23 41 974530  -20.20736 -142.98424    20207 102.7  2  0  7 21 0 0 1 0 1 0 0 1 0 1 1 1 0 1
2014   2 28 11 23 42  17148  -19.16574 -146.87393    39108  28.6  1  0  4  6 0 0 1 1 0 0 0 1 0 0 1 0 0 0
2014   2 28 11 23 42  82645  -30.38560 -136.95247    25788 104.9  2  0  6 15 0 0 1 1 1 0 0 1 0 0 1 1 0 0
2014   2 28 11 23 42 103654  -29.70372 -139.40341    50193  33.0  1  0  4  6 0 0 1 1 0 0 0 1 0 0 1 0 0 0
2014   2 28 11 23 42 147491  -30.16206 -137.93004    14196  32.8  1  0  5 10 0 0 1 1 0 0 0 1 0 0 1 1 0 0
2014   2 28 11 23 42 185628  -30.13174 -138.54008    23147  30.1  1  0  4  6 0 0 1 1 0 0 0 0 0 0 1 1 0 0
2014   2 28 11 23 42 768121   -4.13248  145.08058     6034  10.5  0  0  4  6 0 0 1 0 0 0 0 1 0 0 1 1 0 0
2014   2 28 11 23 42 871294    3.06371   -0.12417    22725  32.7  1  0  4  6 0 0 0 1 0 0 0 1 0 0 1 1 0 0
2014   2 28 11 23 42 974946    2.56724   -1.11960    52099  86.6  2  0  5 10 0 0 1 1 0 0 0 1 0 0 1 0 0 1
2014   2 28 11 23 43  68988  -22.21571 -143.28104    45435  33.9  1  0  4  6 0 0 1 1 0 0 0 1 0 0 1 0 0 0
2014   2 28 11 23 43 743846    1.57785    2.70670    24042 100.4  2  0  6 15 0 0 1 0 1 0 0 1 0 0 1 1 0 1
2014   2 28 11 23 43 782422    1.83853    3.44717    24886  73.6  2  0  5 10 0 0 1 0 0 0 0 1 0 0 1 1 0 1
2014   2 28 11 23 43 987160  -10.57357  161.25089    23366 118.9  2  0  6 15 0 0 1 0 1 0 0 1 0 1 1 1 0 0
2014   2 28 11 23 44  55106   -3.13561    6.55247     8447  13.5  0  0  6 15 0 0 1 1 1 0 0 1 0 0 1 0 0 1
2014   2 28 11 23 44 340519  -10.66596  161.02054    11810  25.1  1  0  4  6 0 0 0 1 0 0 0 1 0 0 1 1 0 0
2014   2 28 11 23 44 765754  -18.08334   17.70104    12066   3.7  0  0  4  6 0 0 1 1 0 0 0 1 0 0 1 0 0 0
2014   2 28 11 23 44 977945  -22.37831  -45.94304     2792   5.8  0  0  4  6 0 0 0 1 0 0 0 1 0 0 1 0 0 1
2014   2 28 11 23 45 302636    6.66260  -74.21904     5780   8.4  0  0  4  6 0 0 0 1 1 0 0 1 0 0 0 1 0 0
2014   2 28 11 23 45 327443  -15.05794   28.35530    13803  10.1  0  0  4  6 0 0 1 0 0 0 0 1 0 0 1 0 0 1
2014   2 28 11 23 45 512406  -15.43936   27.67769    14783   8.2  0 -1  5 10 0 0 1 1 1 0 0 0 0 0 1 0 0 1
2014   2 28 11 23 45 683066   -3.07452    9.28629     4691  10.3  0  0  7 21 0 0 1 1 1 0 0 1 0 0 1 1 0 1
2014   2 28 11 23 45 859583  -23.51935 -138.57246     5242  10.8  0  0  7 21 0 0 1 1 1 0 0 1 0 0 1 1 0 1
2014   2 28 11 23 45 892280  -23.54100 -138.38733     9751  19.5  0  0  5 10 0 0 1 0 0 0 0 1 0 1 1 1 0 0
2014   2 28 11 23 45 906280  -23.53145 -138.44441     5737  16.7  0  0  7 21 0 0 1 1 0 0 0 1 0 1 1 1 0 1
2014   2 28 11 23 45 924775  -23.99659 -137.10924    21810  12.0  0  0  4  6 0 0 1 0 0 0 0 1 0 1 1 0 0 0
2014   2 28 11 23 46 586530  -34.56294  -36.87622     6543  18.1  0  0  5 10 0 0 0 1 1 0 0 1 0 0 1 0 0 1
2014   2 28 11 23 46 852155    4.90144  -83.25827     5006  11.9  0  0  4  6 0 0 1 1 0 0 0 0 0 0 1 1 0 0
2014   2 28 11 23 46 860953    4.27290    3.90873    10512  13.8  0  0  6 15 0 0 1 1 1 0 0 1 0 0 1 0 0 1
2014   2 28 11 23 47  33744    4.40842    4.19372    12339   9.0  0  0  5 10 0 0 1 1 0 0 0 1 0 0 1 0 0 1
2014   2 28 11 23 47 210804    4.10771    3.50359    13276  10.7  0  0  5 10 0 0 1 0 1 0 0 1 0 0 1 0 0 1
2014   2 28 11 23 47 494223   16.69926 -134.57025    14526   3.3  0  0  4  6 0 0 0 1 0 0 0 1 0 0 1 1 0 0
2014   2 28 11 23 47 556421    1.49916    4.30954     5703  18.4  0  0  7 21 0 0 1 1 1 0 0 1 0 0 1 1 0 1
2014   2 28 11 23 47 766917    7.46273  -77.59507     5830  13.6  0  0  4  6 0 0 0 1 0 0 0 1 0 0 1 1 0 0
2014   2 28 11 23 47 849525    7.37145  -77.43556     3838  25.6  0  0  6 14 0 0 1 1 1 0 0 1 0 0 0 1 0 1
2014   2 28 11 23 48 191902  -22.55051  -45.72598     2811  38.9  0  1  7 21 0 0 1 1 1 0 0 1 0 1 1 0 0 1
2014   2 28 11 23 48 433080  -12.99461   49.89164    28267  29.3  1  0  4  6 0 0 1 1 0 0 0 1 0 0 1 0 0 0
2014   2 28 11 23 48 581970  -22.64464  -45.68382     3680  30.1  1  0  5  9 0 0 0 1 1 0 0 1 0 0 1 0 0 1
2014   2 28 11 23 48 783957  -22.59997  -45.72781     3128  28.8  0  0  5 10 0 0 0 1 1 0 0 1 0 0 1 0 0 1
2014   2 28 11 23 48 791420  -22.54534  -45.70612     2902  43.9  0  0  7 21 0 0 1 1 1 0 0 1 0 1 1 0 0 1
2014   2 28 11 23 48 970030  -22.92255  -46.99722     3616  50.4  1  0  6 14 0 0 0 1 0 0 0 1 0 1 1 1 0 1
2014   2 28 11 23 50 459733  -15.49120   31.09631    36897  22.1  1  0  4  6 0 0 1 1 0 0 0 0 0 0 1 0 0 1
2014   2 28 11 23 50 717166    9.33874  -86.21484     5551  23.6  0  0  5 10 0 0 1 1 0 0 0 1 0 0 1 1 0 0
2014   2 28 11 23 51 868093  -14.16065  -43.75337     2911  47.7  0  0  7 21 0 0 0 1 1 0 0 1 0 0 1 1 1 1
2014   2 28 11 23 51 876484  -14.14470  -43.78185     2956  48.5  0  0  7 20 0 0 1 1 0 0 0 1 0 1 1 1 0 1
2014   2 28 11 23 51 927516  -14.21137  -43.71047     2820  44.6  0  0  7 21 0 0 1 1 1 0 0 1 0 1 1 0 0 1
2014   2 28 11 23 51 983339  -14.24020  -43.70567     3675  30.7  1  1  4  6 0 0 0 1 0 0 0 1 0 0 1 0 0 1
2014   2 28 11 23 52  40438  -18.74324 -145.42621    11634  53.8  1  0  7 21 0 0 1 1 1 0 0 1 0 0 1 1 0 1
2014   2 28 11 23 52 457545  -22.72896  -46.75163     4028  52.5  2  1  5 10 0 0 0 1 1 0 0 1 0 0 1 0 0 1
2014   2 28 11 23 52 500350  -22.73409  -46.76638     4025  52.5  2  0  5 10 0 0 0 1 1 0 0 1 0 0 1 0 0 1
2014   2 28 11 23 52 533404  -18.50836 -146.70685    21251  21.5  1  0  4  6 0 0 0 1 0 0 0 1 0 0 1 1 0 0
2014   2 28 11 23 53  53611    6.17764    7.21248    33390  27.8  1  1  4  6 0 0 1 1 0 0 0 1 0 0 1 0 0 0
2014   2 28 11 23 53 505889  -31.21007 -131.58635    20187  52.4  2  0  5 10 0 0 1 0 1 0 0 1 0 0 1 1 0 0
2014   2 28 11 23 53 758998   -7.21402   10.73285    23353  67.2  2  0  6 15 0 0 1 1 1 0 0 1 0 0 1 0 0 1
2014   2 28 11 23 53 786123   -9.95497    5.86064    53363  51.6  2  0  5 10 0 0 1 1 1 0 0 0 0 0 1 0 0 1
2014   2 28 11 23 53 799158   -7.08748   11.07209    37230  72.9  2  0  5 10 0 0 1 1 1 0 0 1 0 0 1 0 0 0
2014   2 28 11 23 54 109738    2.54364    8.36701   107014  70.9  2  0  5 10 0 0 0 1 1 0 0 1 0 0 1 0 0 1
2014   2 28 11 23 54 409895  -18.19586 -142.93965    29303  77.5  2  0  5 10 0 0 1 1 1 0 0 0 0 0 1 1 0 0
2014   2 28 11 23 54 458012  -12.49974  172.72182    12378  51.5  1  0  6 15 0 0 1 1 0 0 0 1 0 0 1 1 0 1
2014   2 28 11 23 55 237459    3.24623   10.36601    17965  76.0  2  0  6 15 0 0 1 1 1 0 0 1 0 0 1 1 0 0
2014   2 28 11 23 55 930431   -5.35019    2.91025    22774  46.9  1  0  5 10 0 0 1 0 1 0 0 1 0 0 1 0 0 1
2014   2 28 11 23 56 408130  -26.30319 -136.07895    20130  83.9  2  0  6 15 0 0 1 1 1 0 0 1 0 0 1 1 0 0
2014   2 28 11 23 56 803473  -27.47945 -141.25926    22198  86.9  2  0  6 15 0 0 1 1 1 0 0 1 0 0 1 1 0 0
2014   2 28 11 23 56 981771   -7.41660  172.05576    22736  76.4  2  0  5 10 0 0 1 0 1 0 0 1 0 0 1 1 0 0
2014   2 28 11 23 58 389868  -21.47389 -101.60928    15437  88.1  2  0  5 10 0 0 1 0 1 0 0 1 0 0 1 1 0 0
2014   2 28 11 23 58 755949  -15.27718   26.49151    83196  87.1  2  0  5 10 0 0 1 1 1 0 0 0 0 0 1 0 0 1
2014   2 28 11 24  0 304163    3.18640    7.57653    10200   3.5  0  0  5 10 0 0 1 1 1 0 0 1 0 0 0 0 0 1
2014   2 28 11 24  1  40547  -19.00150 -141.12665    17325   5.2  0  0  4  6 0 0 1 1 0 0 0 1 0 0 0 0 0 1
2014   2 28 11 24  1 117465  -21.14006 -141.89664     9490   8.0  0  0  6 15 0 0 1 1 1 0 0 1 0 1 0 0 0 1
2014   2 28 11 24  1 144793  -21.11233 -141.99620    12511   6.6  0  0  5 10 0 0 1 1 1 0 0 1 0 0 0 0 0 1
2014   2 28 11 24  1 263713  -21.77024 -140.54309     9783   9.5  0  0  6 15 0 0 1 1 1 0 0 1 0 1 0 0 0 1
2014   2 28 11 24  1 303066  -21.69493 -140.78789    19115   7.4  0  0  4  6 0 0 1 1 1 0 0 1 0 0 0 0 0 0
2014   2 28 11 24  1 323104  -21.10494 -142.05170    12758   7.4  0  0  5 10 0 0 1 1 1 0 0 1 0 0 0 0 0 1
2014   2 28 11 24  3 621985  -33.33793  -40.36275     9006  37.1  1  0  4  6 0 0 1 1 0 0 0 1 0 0 0 0 0 1
2014   2 28 11 24  3 632011  -33.29043  -40.48417     5179  33.0  1  0  5 10 0 0 1 1 1 0 0 1 0 0 0 0 0 1
2014   2 28 11 24  5 113821  -23.00678 -134.22597    33068  50.4  2  0  5 10 0 0 1 1 1 0 0 1 0 1 0 0 0 0
2014   2 28 11 24  5 160273  -23.06123 -134.07324    21575  46.1  1  0  6 15 0 0 1 1 1 0 0 1 0 1 0 0 0 1
2014   2 28 11 24  5 801251   -0.70114  -19.00552    37430  44.5  1  0  5  9 0 0 1 1 1 0 0 1 0 0 0 0 0 1
2014   2 28 11 24  6 656240  -16.09523  161.14960    69071  50.0  1  0  5 10 0 0 1 0 1 0 0 1 0 1 0 0 0 1
2014   2 28 11 24  6 807733  -26.27421  173.76256   180283  41.1  1  0  5 10 0 0 1 1 1 0 0 1 0 0 0 0 0 1
2014   2 28 11 24  7 306508  -12.08353  178.95653    62206  59.0  2  0  5  9 0 0 1 1 1 0 0 1 0 0 0 0 0 1
2014   2 28 11 24  7 323943  -11.61976  178.05956    54958  58.6  2  0  5 10 0 0 1 1 1 0 0 1 0 0 0 0 0 1
2014   2 28 11 24  7 352994  -25.96578  173.40767   197196  45.4  1  0  5 10 0 0 1 1 1 0 0 1 0 0 0 0 0 1
2014   2 28 11 24  8 204866    3.89198  -85.50303    16452  64.1  2  0  5 10 0 0 1 1 1 0 0 1 0 0 0 0 0 1
2014   2 28 11 24  8 708664    3.48433  -84.99228     8359  27.3  0  0  5 10 0 0 1 0 1 0 0 1 0 1 0 0 0 1
2014   2 28 11 24  9 267903    5.28975   -2.01385    49864  75.2  2  1  5 10 0 0 1 1 1 0 0 1 0 0 0 0 0 1
2014   2 28 11 24 10 133420  -13.97239  -39.75424     3119  37.9  0  0  6 15 0 0 1 1 1 0 0 1 0 1 0 0 0 1
2014   2 28 11 24 10 343930  -13.96749  -39.50167     4121  40.7  1  0  5 10 0 0 1 1 1 0 0 1 0 0 0 0 0 1
2014   2 28 11 24 10 864334  -22.34827 -133.68147    41165  98.0  2  0  6 15 0 0 1 1 1 0 0 1 0 1 0 0 0 1
2014   2 28 11 24 15 301092  -34.11209  -38.57236     4371  20.6  0  0  5 10 0 0 1 1 1 0 0 1 0 0 0 0 0 1
2014   2 28 11 24 15 789470  -22.50435  -46.47289     2772   3.5  0  0  4  6 0 0 0 1 1 0 0 1 0 1 0 0 0 0
2014   2 28 11 24 16 342446  -22.41150  -45.97256     2944   7.0  0  0  4  6 0 0 0 1 0 0 0 1 0 1 0 0 0 1
2014   2 28 11 24 31 215685  -22.59604  -46.16039     2960   6.6  0  0  4  6 0 0 0 1 1 0 0 1 0 1 0 0 0 0
