2014   2 28  8  4 33 119074  -21.24915  -46.39395     2643  20.8  0  0  6 14 0 0 1 1 0 0 0 0 0 1 1 1 0 1
2014   2 28  8  4 36 637774  -39.30184  -67.03721    13914  12.5  0  0  5  8 0 0 0 1 0 0 0 0 0 1 1 1 1 0
2014   2 28  8  4 37 121344  -40.01584  -67.46411    22991  41.5  1  0  5  9 0 0 0 1 0 0 0 0 0 1 1 1 0 1
2014   2 28  8  4 37 629825  -32.98326   18.69950    31723  29.8  1  0  4  6 0 0 1 1 0 0 0 0 0 0 1 0 0 1
2014   2 28  8  4 38 539332   -1.23436    4.99161    81536  30.8  1  0  4  6 0 0 1 1 0 0 0 0 0 0 1 0 0 1
2014   2 28  8  4 39  25808   -5.60726    9.62719    13397  21.8  1  0  4  6 0 0 1 1 0 0 0 0 0 0 1 1 0 0
2014   2 28  8  4 42  78664    5.85703  -72.39240     7865  92.8  2  0  6 15 0 0 1 1 0 0 0 0 0 1 1 1 0 1
2014   2 28  8  4 43 181288   -5.70708  -70.18095     7082   4.4  0  0  4  6 0 0 1 1 0 0 0 0 0 1 0 0 0 1
2014   2 28  8  4 43 446834  -10.61422  -57.64370     5476 105.3  2  0  6 15 0 0 1 1 0 0 0 0 0 1 1 1 0 1
2014   2 28  8  4 44 457693  -18.58200 -142.36627    26897 106.2  2  0  6 15 0 0 1 1 0 0 0 0 0 1 1 1 0 1
2014   2 28  8  4 46 295911    2.76498  -90.64744    12092   9.4  0  0  4  6 0 0 0 1 0 0 0 0 0 1 0 1 0 1
2014   2 28  8  4 46 671730    1.00572  -69.79026     8142   2.0  0  0  4  6 0 0 1 1 0 0 0 0 0 1 0 0 0 1
2014   2 28  8  4 47 323704  -42.48213  -65.01404     8519   3.0  0  0  4  6 0 0 1 1 0 0 0 0 0 0 1 0 0 1
2014   2 28  8  4 48 127555  -34.16503  -37.82660     5435  16.5  0  0  4  6 0 0 1 1 1 0 0 1 0 0 0 0 0 0
2014   2 28  8  4 48 144337  -34.12796  -37.85869     3211  14.1  0  0  6 15 0 0 1 1 1 0 0 1 0 0 1 0 0 1
2014   2 28  8  4 48 151709  -34.30272  -37.73123     5783  14.1  0  0  5 10 0 0 0 1 1 0 0 1 0 0 1 0 0 1
2014   2 28  8  4 48 178451  -34.23127  -37.83619     3216  14.1  0  0  6 15 0 0 1 1 1 0 0 1 0 0 1 0 0 1
2014   2 28  8  4 48 239206  -34.27788  -37.79800     3236   7.9  0  0  5 10 0 0 1 1 1 0 0 0 0 0 1 0 0 1
2014   2 28  8  4 48 418281  -34.32351  -37.86091     3854   7.6  0  0  5 10 0 0 1 0 1 0 0 1 0 0 1 0 0 1
2014   2 28  8  4 48 513175  -13.32404  -71.05437     3010  15.9  0  0  7 21 0 0 0 1 1 0 0 1 0 1 1 1 0 1
2014   2 28  8  4 48 523938  -13.30111  -71.02662     2839   6.9  0  0  5  9 0 0 1 1 1 0 0 0 0 0 1 1 0 0
2014   2 28  8  4 48 557429  -13.31282  -71.09170     3198   7.4  0  0  4  6 0 0 1 1 0 0 0 0 0 0 1 1 0 0
2014   2 28  8  4 48 844050    6.49149  -74.00546     7597  15.1  0  0  5  8 0 0 1 1 1 0 0 1 0 0 1 0 0 0
2014   2 28  8  4 49  84215  -32.36220 -133.37689     8808  60.0  1  0  7 18 0 0 1 1 0 0 0 1 0 1 1 1 0 1
2014   2 28  8  4 49 121801  -32.39106 -133.64275     8134  18.4  0  0  6 15 0 0 1 1 1 0 0 1 0 0 1 1 0 0
2014   2 28  8  4 49 133301  -32.39239 -133.61707     8140  18.4  0  0  6 15 0 0 1 1 1 0 0 1 0 0 1 1 0 0
2014   2 28  8  4 49 232591  -32.36390 -134.07928    10724   5.5  0  0  4  6 0 0 1 0 0 0 0 1 0 0 1 1 0 0
2014   2 28  8  4 49 267851  -32.27672 -131.17703    22019   8.3  0  0  5 10 0 0 0 1 1 0 0 0 0 0 1 1 0 1
2014   2 28  8  4 49 341228    0.99118  -95.61668    12340  27.2  1  0  4  6 0 0 0 1 0 0 0 1 0 0 1 1 0 0
2014   2 28  8  4 49 529248  -22.84669  -45.85399     2940  18.1  0  0  5 10 0 0 1 1 1 0 0 1 0 0 0 0 0 1
2014   2 28  8  4 49 555919  -32.32625 -134.19403    10855   6.4  0  0  4  6 0 0 1 0 0 0 0 1 0 0 1 1 0 0
2014   2 28  8  4 49 673251  -30.53801  -40.45847     3136  11.1  0  0  5 10 0 0 1 1 1 0 0 0 0 0 1 0 0 1
2014   2 28  8  4 49 682145  -30.55305  -40.46507     3233  20.4  0  0  6 15 0 0 1 1 1 0 0 1 0 0 1 0 0 1
2014   2 28  8  4 49 777575    7.33245  -73.78996     4019  23.8  0  0  7 21 0 0 0 1 1 0 0 1 0 1 1 1 0 1
2014   2 28  8  4 49 918925    7.34067  -73.86165     7332  28.4  0  0  5  9 0 0 0 1 1 0 0 1 0 0 0 1 0 1
2014   2 28  8  4 51 731731  -13.00699  157.08514     7939  47.1  0  0  7 21 0 0 1 1 0 0 0 1 0 1 1 1 0 1
2014   2 28  8  4 51 740621  -12.56503  156.50188    10063  48.9  1  0  6 15 0 0 1 1 1 0 0 1 0 0 1 1 0 0
2014   2 28  8  4 53   2482   -4.00592  -71.94641     6516  13.2  0  0  5 10 0 0 1 1 1 0 0 0 0 0 1 0 0 1
2014   2 28  8  4 53  20606  -20.30369 -144.54454     8599  10.4  0  0  5 10 0 0 1 1 1 0 0 0 0 0 1 1 0 0
2014   2 28  8  4 53 141479  -20.96073  -46.80470     5009  38.4  1  0  5  7 0 0 1 0 0 0 0 1 0 1 1 1 0 0
2014   2 28  8  4 53 627758   -5.39508  148.87337    38585  28.1  1  0  4  6 0 0 1 1 0 0 0 1 0 0 1 0 0 0
2014   2 28  8  4 53 638491   -6.00033  149.32912    29874  24.9  0  0  5  9 0 0 1 1 0 0 0 1 0 0 1 0 0 1
2014   2 28  8  4 53 930147  -30.81249  -41.39139     3866  51.0  1  0  7 21 0 0 1 1 0 0 0 1 0 1 1 1 0 1
2014   2 28  8  4 53 970938  -30.86876  -41.26637     3982  38.5  0  0  6 15 0 0 1 1 1 0 0 1 0 0 1 0 0 1
2014   2 28  8  4 53 980493  -30.81471  -41.39138     3796  47.1  0  0  7 21 0 0 1 1 1 0 0 1 0 1 1 0 0 1
2014   2 28  8  4 54  35208    5.82496  -85.10124    10309  14.9  0  0  5 10 0 0 1 1 1 0 0 0 0 0 1 0 0 1
2014   2 28  8  4 54  59323    4.56821  -84.06990     4969  34.9  0  0  6 15 0 0 1 1 1 0 0 0 0 0 1 1 0 1
2014   2 28  8  4 54 272429  -22.87332  -45.81826     4188  48.1  1  0  5  9 0 0 0 1 1 0 0 1 0 0 1 0 0 1
2014   2 28  8  4 54 981628  -14.21087  -44.87607     3517  30.9  1  0  5  9 0 0 0 1 1 0 0 1 0 0 1 0 0 1
2014   2 28  8  4 54 983901    9.78663  138.14981    39893  18.6  0  0  4  6 0 0 1 0 0 0 0 1 0 0 1 1 0 0
2014   2 28  8  4 55  65406    9.53343  140.64325     8005  36.5  1  0  5 10 0 0 1 0 0 0 0 1 0 1 1 1 0 0
2014   2 28  8  4 56 334108  -25.50033  -44.09039     6039  62.3  2  0  5 10 0 0 0 1 1 0 0 1 0 0 1 0 0 1
2014   2 28  8  4 56 451274  -25.49935  -44.08395     4380  57.1  1  0  6 15 0 0 1 1 1 0 0 1 0 0 1 0 0 1
2014   2 28  8  4 56 689366  -21.17570  -47.24515     4249  78.1  2  0  6 15 0 0 1 1 0 0 0 1 0 1 1 1 0 0
2014   2 28  8  4 56 943197  -22.74259  -45.89485     3369  74.1  2  0  7 21 0 0 0 1 1 0 0 1 0 1 1 1 0 1
2014   2 28  8  4 57  91276  -22.81734  -45.73652     4373  54.7  2  0  5 10 0 0 1 1 0 0 0 1 0 0 1 0 0 1
2014   2 28  8  4 57 207622  -22.78356  -45.83335     4890  78.7  2  0  6 15 0 0 1 1 1 0 0 1 0 1 1 0 0 0
2014   2 28  8  4 57 228136  -22.60914  -45.94519     4833  49.2  1  0  5  9 0 0 1 1 1 0 0 0 0 0 1 0 0 1
2014   2 28  8  4 57 406684  -21.08794  -47.20625     2795  41.3  0  0  7 19 0 0 1 1 1 0 0 0 0 1 1 1 0 1
2014   2 28  8  4 57 965710  -21.90096  -50.35122     3477  82.8  2  0  7 20 0 0 1 1 1 0 0 1 0 1 1 1 0 0
2014   2 28  8  4 59 180179   -7.91979    6.71418    27214  83.6  2  0  6 15 0 0 1 1 1 0 0 1 0 0 1 0 0 1
2014   2 28  8  4 59 480495  -21.12443  -47.00560     2905  52.2  1  0  7 21 0 0 1 1 1 0 0 0 0 1 1 1 0 1
2014   2 28  8  5  3 461091  -12.46054  156.01294    14888 110.9  2  0  7 21 0 0 1 1 1 0 0 1 0 1 0 1 0 1
2014   2 28  8  5  3 530791   -2.83454  145.81514    20003  40.4  1  0  5 10 0 0 0 1 1 0 0 1 0 0 1 0 0 1
2014   2 28  8  5  3 977016  -21.30944  -46.00668     4602  81.9  2  0  6 15 0 0 1 1 1 0 0 1 0 0 1 0 0 1
2014   2 28  8  5  4  87136  -21.30454  -46.35588     2780   8.9  0  0  5  9 0 0 1 1 1 0 0 1 0 0 0 0 0 1
2014   2 28  8  5  4 197671   10.24916  160.11951     7042  22.3  0  0  5 10 0 0 1 1 1 0 0 1 0 0 0 1 0 0
2014   2 28  8  5  4 687487  -22.08815 -140.40579     9883  18.9  0  0  5 10 0 0 1 1 0 0 0 1 0 0 1 1 0 0
2014   2 28  8  5  5  86060  -11.19878  165.70238     7214  28.8  0  0  7 21 0 0 0 1 1 0 0 1 0 1 1 1 0 1
2014   2 28  8  5  5 201403  -11.66737  167.41959     5142   4.8  0  0  6 15 0 0 1 0 1 0 0 1 0 1 1 1 0 0
2014   2 28  8  5  5 296844  -13.13569  169.62761    26571  19.5  0  0  6 15 0 0 1 1 1 0 0 1 0 0 1 0 0 1
2014   2 28  8  5  5 373667  -12.18876  168.12732    24497  26.2  0  0  6 15 0 0 1 1 0 0 0 1 0 1 1 0 0 1
2014   2 28  8  5  5 415464  -31.79205 -170.99062    53717  31.0  1  0  5  7 0 0 1 1 1 0 0 0 0 0 1 1 0 0
2014   2 28  8  5  5 612930  -21.36431  -46.33025     3010  10.1  0  0  5  7 0 0 1 1 1 0 0 1 0 0 0 0 0 1
2014   2 28  8  5  8 939238  -12.40951  -71.68163     3331  42.5  0  0  7 20 0 0 1 1 1 0 0 1 0 0 1 1 0 1
2014   2 28  8  5  8 978755  -12.38848  -71.68974     3307  42.9  0  0  7 21 0 0 1 1 1 0 0 1 0 0 1 1 0 1
2014   2 28  8  5  9 417092  -11.87732  -72.94748     4056  48.2  1  0  6 15 0 0 1 1 1 0 0 1 0 0 1 1 0 0
2014   2 28  8  5  9 533257  -11.86720  -72.93480     4225  50.8  1  0  6 14 0 0 1 1 1 0 0 1 0 0 1 1 0 0
2014   2 28  8  5  9 544904  -11.87319  -72.93791     5782  37.3  1  0  5  7 0 0 1 1 0 0 0 1 0 0 1 1 0 0
2014   2 28  8  5  9 630694   -9.90511  160.37614    10177  50.8  1  0  6 15 0 0 0 1 1 0 0 1 0 0 1 1 0 1
2014   2 28  8  5  9 662141  -12.39693  -72.19011     5810  22.4  0  0  6 15 0 0 0 1 1 0 0 1 0 1 1 0 0 1
2014   2 28  8  5  9 820565  -12.09732  -73.19930     6481  52.0  1  0  6 14 0 0 0 1 1 0 0 1 0 1 1 1 0 0
2014   2 28  8  5  9 889378  -12.11323  -73.30917     3645  36.8  0  0  6 15 0 0 1 0 1 0 0 1 0 0 1 1 0 1
2014   2 28  8  5 10 219759  -12.02497  -73.08205     3582  50.3  1  0  7 21 0 0 1 1 1 0 0 1 0 0 1 1 0 1
2014   2 28  8  5 10 231903  -12.10009  -73.37926     4410  36.2  1  0  5 10 0 0 1 0 1 0 0 1 0 0 1 1 0 0
2014   2 28  8  5 10 443141    4.62364  -84.80040    11694  49.4  1  0  6 15 0 0 0 1 1 0 0 1 0 1 0 1 0 1
2014   2 28  8  5 10 496737    4.49450  -84.02997    15016  58.4  1  0  6 11 0 0 0 1 1 0 0 1 0 0 1 1 0 1
2014   2 28  8  5 10 529620    4.65063  -84.21299     4410  17.7  0  0  5 10 0 0 1 0 1 0 0 0 0 0 1 1 0 1
2014   2 28  8  5 10 613399    4.58365  -84.00121     4006  30.7  0  0  7 21 0 0 1 1 1 0 0 0 0 1 1 1 0 1
2014   2 28  8  5 11 388402  -30.79935  -40.77521     7691  46.6  1  0  5 10 0 0 0 1 1 0 0 1 0 0 1 0 0 1
2014   2 28  8  5 12  23933    3.05157  -84.15317     7641  37.3  0  0  6 15 0 0 1 0 1 0 0 1 0 1 1 0 0 1
2014   2 28  8  5 12 295304  -21.27622  -45.91801     2898  33.2  0  0  6 15 0 0 1 1 1 0 0 0 0 1 1 0 0 1
2014   2 28  8  5 12 500228   20.08285 -109.75419    46794  81.5  2  0  5 10 0 0 0 1 1 0 0 1 0 0 1 1 0 0
2014   2 28  8  5 13 854903  -19.38602 -139.84691    11065  51.4  1  0  7 21 0 0 1 1 1 0 0 0 0 1 1 1 0 1
2014   2 28  8  5 13 888422   -4.02208  -71.41991     4997  45.0  1  0  5 10 0 0 1 1 0 0 0 0 0 0 1 1 0 1
2014   2 28  8  5 13 914955  -19.24283 -141.60193    16290  61.4  2  0  6 15 0 0 1 0 1 0 0 1 0 1 1 1 0 0
2014   2 28  8  5 13 935606  -19.29619 -140.56595    15027  40.2  1  0  5 10 0 0 1 0 0 0 0 0 0 1 1 1 0 1
2014   2 28  8  5 13 973753  -19.32615 -140.94870    16158  80.2  2  0  7 21 0 0 1 1 1 0 0 1 0 0 1 1 0 1
2014   2 28  8  5 13 984952   -4.05533  -71.95064     7153  53.4  2  0  5 10 0 0 0 0 1 0 0 1 0 0 1 1 0 1
2014   2 28  8  5 14 139367  -19.30194 -140.89584    21127  90.6  2  0  6 15 0 0 1 1 0 0 0 1 0 1 1 1 0 0
2014   2 28  8  5 14 182971  -19.35256 -140.97537    20617  81.1  2  0  6 15 0 0 1 1 1 0 0 1 0 0 0 1 0 1
2014   2 28  8  5 14 436023   -4.97427  148.32976    13025  99.4  2  0  6 15 0 0 1 1 1 0 0 1 0 0 1 1 0 0
2014   2 28  8  5 15 701224   -3.23471  -71.31335     6151  93.9  2  0  6 15 0 0 1 1 1 0 0 1 0 1 0 1 0 0
2014   2 28  8  5 15 815616   -3.15801  -71.33641     6051  93.7  2  0  6 15 0 0 1 1 0 0 0 1 0 0 1 1 0 1
2014   2 28  8  5 15 884127   -3.13973  -71.01341     3828  51.0  1  0  7 21 0 0 1 1 1 0 0 0 0 1 1 1 0 1
2014   2 28  8  5 16 857373  -23.66719  -44.89128     3575   8.3  0  0  4  6 0 0 1 1 0 0 0 1 0 0 0 0 0 1
2014   2 28  8  5 16 886519   -7.89748  -59.29652     3517  63.0  1  0  7 21 0 0 1 1 1 0 0 0 0 1 1 1 0 1
2014   2 28  8  5 16 916145   -8.34030  -59.28516     4655  57.6  1  0  6 15 0 0 1 0 1 0 0 1 0 1 1 0 0 1
2014   2 28  8  5 16 928039   -8.02387  -59.55384     4751 107.4  2  0  7 21 0 0 1 1 1 0 0 1 0 1 1 1 0 0
2014   2 28  8  5 16 971386   -8.01879  -59.55556     5900 118.6  2  0  6 15 0 0 1 1 0 0 0 1 0 1 1 1 0 0
2014   2 28  8  5 17 353543   -8.08265  -59.89972     5447  83.3  2  0  6 15 0 0 0 0 1 0 0 1 0 1 1 1 0 1
2014   2 28  8  5 17 468017   -7.90097  -59.33207     3372  57.8  1  0  7 21 0 0 1 1 1 0 0 0 0 1 1 1 0 1
2014   2 28  8  5 17 475966   -8.00856  -59.53773     4634 103.4  2  0  7 21 0 0 1 1 1 0 0 1 0 0 1 1 0 1
2014   2 28  8  5 17 585598    6.27429  -77.17957    14475 112.6  2  0  6 15 0 0 0 1 0 0 0 1 0 1 1 1 0 1
2014   2 28  8  5 17 616497   -7.89759  -59.32360     3375  58.2  1  0  7 21 0 0 1 1 1 0 0 0 0 1 1 1 0 1
2014   2 28  8  5 17 704715   -7.89413  -59.31180     3867  63.1  2  0  6 15 0 0 1 1 0 0 0 0 0 1 1 1 0 1
2014   2 28  8  5 17 786065  -20.66395  -46.24155     3832 102.7  2  0  7 21 0 0 1 1 0 0 0 1 0 1 1 1 0 1
2014   2 28  8  5 17 857705   -7.85567  -59.25689     4932  43.0  1  0  5  9 0 0 1 1 1 0 0 0 0 0 1 1 0 0
2014   2 28  8  5 17 907017   -7.89140  -59.31793     3406  59.3  1  0  7 21 0 0 1 1 1 0 0 0 0 1 1 1 0 1
2014   2 28  8  5 19 144425  -30.29122  -40.99810     6499  87.7  2  0  7 17 0 0 1 1 1 0 0 1 0 0 1 0 1 1
2014   2 28  8  5 19 154581  -30.17516  -40.97784     4038  60.8  1  0  7 21 0 0 1 1 1 0 0 0 0 1 1 1 0 1
2014   2 28  8  5 19 165193  -30.36885  -40.81797     5891  80.7  2  0  6 15 0 0 1 1 1 0 0 1 0 0 1 0 0 1
2014   2 28  8  5 20 198476  -22.20713  -46.01571     2441  12.8  0  0  6 15 0 0 0 1 0 0 0 1 0 1 1 1 0 1
2014   2 28  8  5 20 243439  -22.22563  -46.02020     2470  10.4  0  0  6 14 0 0 1 1 1 0 0 1 0 0 1 0 0 1
2014   2 28  8  5 22  63947  -14.65350  -43.47383     2817  12.7  0  0  6 11 0 0 1 1 1 0 0 1 0 0 1 0 0 1
2014   2 28  8  5 22 317086    4.55636  -84.18799     5419  23.1  0  0  5  8 0 0 1 1 0 0 0 0 0 0 1 1 0 1
2014   2 28  8  5 22 325601    9.88556  161.67062     6292  22.6  0  0  6 15 0 0 1 0 1 0 0 1 0 0 1 1 0 1
2014   2 28  8  5 22 626514  -22.83077  -45.85261     3259  29.1  0  0  5 10 0 0 0 1 1 0 0 1 0 0 1 0 0 1
2014   2 28  8  5 23 257896   32.09900 -178.90703     6885  21.8  0  0  6 15 0 0 1 1 1 0 0 0 0 0 1 1 0 1
2014   2 28  8  5 23 401263  -12.16604  -71.52090     3530  10.3  0  0  5 10 0 0 0 1 1 0 0 0 0 0 1 1 0 1
2014   2 28  8  5 23 431216   -4.95437  -71.94643     4012  28.4  0  0  7 21 0 0 1 1 1 0 0 1 0 1 1 0 0 1
2014   2 28  8  5 23 524411  -12.29529  -71.80473     3528  37.6  0  0  6 15 0 0 1 1 0 0 0 1 0 0 1 1 0 1
2014   2 28  8  5 23 535592  -12.31183  -71.75195     3103  35.9  0  0  7 21 0 0 1 1 1 0 0 1 0 1 1 1 0 0
2014   2 28  8  5 23 617400  -12.13669  -71.80236     3139  34.8  0  0  7 19 0 0 1 1 1 0 0 1 0 0 1 1 0 1
2014   2 28  8  5 23 959094  -12.13877  -71.87095     3311  30.9  0  0  6 15 0 0 1 0 1 0 0 1 0 0 1 1 0 1
2014   2 28  8  5 24 257142  -12.34172  -71.62556     5090  38.0  0  0  6 13 0 0 1 1 1 0 0 1 0 0 1 0 0 1
2014   2 28  8  5 24 594545   -4.69389  145.77844     5253  45.8  0  0  7 21 0 0 1 0 1 0 0 1 0 1 1 1 0 1
2014   2 28  8  5 25 561639  -21.28962  -46.23062     3084  33.4  0  0  6 15 0 0 1 1 1 0 0 1 0 0 1 0 0 1
2014   2 28  8  5 25 567949  -31.17968 -132.10793     9680   1.0  0  0  4  6 0 0 1 0 0 0 0 1 0 0 1 1 0 0
2014   2 28  8  5 26 733229  -14.44232  160.75592    18693  69.2  1  0  7 21 0 0 1 1 1 0 0 0 0 1 1 1 0 1
2014   2 28  8  5 26 956931   -3.72034  -71.22493     6593  35.6  1  0  5 10 0 0 1 0 0 0 0 1 0 1 1 0 0 1
2014   2 28  8  5 27 136658  -29.69510  -58.16613     4254  48.6  1  0  6 14 0 0 1 1 1 0 0 0 0 1 1 0 0 1
2014   2 28  8  5 27 218356  -12.62747  156.41530    25908  80.3  2  0  6 15 0 0 1 1 0 0 0 0 0 1 1 1 0 1
2014   2 28  8  5 27 262296   -4.39711  147.82863    17822  31.0  0  0  6 15 0 0 1 1 1 0 0 1 0 0 1 0 0 1
2014   2 28  8  5 27 719821  -21.32304  -49.40842     3892  89.9  2  0  7 18 0 0 1 1 1 0 0 1 0 1 1 0 0 1
2014   2 28  8  5 28 149769  -27.77901 -140.13144    11873  50.3  1  0  7 21 0 0 1 0 1 0 0 1 0 1 1 1 0 1
2014   2 28  8  5 28 207518  -27.86218 -138.27606    17813  56.2  1  0  6 15 0 0 1 1 1 0 0 0 0 0 1 1 0 1
2014   2 28  8  5 28 232441  -27.66165 -140.86646    19502  48.6  1  0  5 10 0 0 1 0 1 0 0 1 0 0 1 1 0 0
2014   2 28  8  5 28 347412  -12.69087  156.56694     9830  67.5  1  0  7 21 0 0 1 1 1 0 0 1 0 1 0 1 0 1
2014   2 28  8  5 28 773850  -20.95432  -46.34148     3460  45.5  1  0  6 15 0 0 1 1 1 0 0 1 0 0 1 0 0 1
2014   2 28  8  5 29 663260  -20.60439  -46.18321     3467  71.8  2  0  7 21 0 0 1 1 1 0 0 1 0 0 1 1 0 1
2014   2 28  8  5 29 719938    5.67574  -76.04028     9794  53.6  1  0  6 15 0 0 1 1 1 0 0 1 0 1 0 0 0 1
2014   2 28  8  5 30 402573   -3.92476  -71.30711     4642  80.2  2  0  7 21 0 0 1 1 1 0 0 1 0 0 1 1 0 1
2014   2 28  8  5 30 514916    6.71734  -71.90010     5601  80.8  2  0  7 20 0 0 1 1 1 0 0 1 0 0 1 1 0 1
2014   2 28  8  5 32 719621    1.67933   -8.52405    16337   5.8  0  0  4  6 0 0 0 1 0 0 0 0 0 0 1 1 0 1
2014   2 28  8  5 33  28247  -21.28408  -46.04726     4112  67.3  2  0  6 15 0 0 1 1 1 0 0 1 0 0 1 0 0 1
2014   2 28  8  5 33  70983  -21.21865  -46.23996     3869  94.7  2  0  7 21 0 0 1 1 1 0 0 1 0 1 1 0 0 1
2014   2 28  8  5 33 800489  -12.45490  156.52185    22662  67.2  2  0  5  9 0 0 1 0 0 0 0 1 0 0 1 1 0 1
2014   2 28  8  5 33 909189   -2.33944  145.40248    18379  21.9  1  0  4  6 0 0 1 1 0 0 0 1 0 0 1 0 0 0
2014   2 28  8  5 33 973466   -2.52086  145.53104    19212  42.0  1  0  5 10 0 0 1 1 1 0 0 1 0 0 1 0 0 0
2014   2 28  8  5 34 163942  -23.45468  -45.51935     6183  99.2  2  0  6 15 0 0 1 1 1 0 0 1 0 0 1 0 0 1
2014   2 28  8  5 35   3030  -25.29648  -43.99563     6412 127.3  2  0  7 16 0 0 1 1 1 0 0 1 0 1 1 1 0 0
2014   2 28  8  5 35  20606  -25.12686  -44.87820     6400  64.6  2  0  5 10 0 0 1 0 1 0 0 1 0 1 1 0 0 0
2014   2 28  8  5 35  63852  -24.91848  -44.95566     5413  47.2  1  0  5 10 0 0 0 0 1 0 0 1 0 1 1 0 0 1
2014   2 28  8  5 35  74575  -25.23599  -44.11850     6198  93.5  2  0  6 14 0 0 1 1 1 0 0 1 0 0 1 0 0 1
2014   2 28  8  5 35 109294  -25.21760  -44.24653     6087 111.0  2  0  6 14 0 0 1 1 0 0 0 1 0 1 0 1 0 1
2014   2 28  8  5 36 723067    7.38957  -73.79710     3565  17.9  0  0  6 14 0 0 1 0 1 0 0 1 0 0 1 1 0 1
2014   2 28  8  5 37 258144  -12.04045  -73.00655     2468   9.3  0  0  7 21 0 0 1 1 1 0 0 0 0 1 1 1 0 1
2014   2 28  8  5 38 122570    4.59793  -84.49031     6345  10.7  0  0  5  8 0 0 0 1 1 0 0 0 0 1 1 1 0 0
2014   2 28  8  5 39  51337    7.06432  -76.57773     3795  21.5  0  0  6 15 0 0 1 1 1 0 0 0 0 0 1 1 0 1
2014   2 28  8  5 39 645713  -23.63088  -45.69558     3115  17.9  0  0  5 10 0 0 1 1 1 0 0 1 0 0 1 0 0 0
2014   2 28  8  5 39 694377  -10.70516  -57.13453     2838  30.4  0  0  7 21 0 0 0 1 1 0 0 1 0 1 1 1 0 1
2014   2 28  8  5 40 438846   -6.78097    6.91289     9742  21.8  0  0  6 15 0 0 1 1 1 0 0 1 0 0 1 0 0 1
2014   2 28  8  5 40 912887   -1.11163  -16.82055    13124  27.5  0  0  6 15 0 0 1 1 1 0 0 1 0 0 1 0 0 1
2014   2 28  8  5 41 503377  -21.36549  -46.31438     2992  26.5  0  0  6 12 0 0 1 1 1 0 0 1 0 0 1 0 0 1
2014   2 28  8  5 41 514736  -21.56590  -46.06086     2879  28.0  0  0  6 15 0 0 1 1 1 0 0 1 0 0 1 0 0 1
2014   2 28  8  5 41 523867  -21.34990  -46.39308     2809  40.0  0  0  7 21 0 0 1 1 1 0 0 1 0 1 1 0 0 1
2014   2 28  8  5 41 715703  -22.99326  -45.65677     4223  47.3  1  0  5 10 0 0 0 1 1 0 0 1 0 0 1 0 0 1
2014   2 28  8  5 41 733549  -22.92076  -45.73133     3142  49.4  0  0  7 21 0 0 1 1 1 0 0 1 0 1 1 0 0 1
2014   2 28  8  5 41 810360  -22.86201  -45.91018     3825  22.2  0  0  5  8 0 0 1 1 0 0 0 1 0 1 1 0 0 0
2014   2 28  8  5 42 421420  -30.39629  -41.87255     4647  34.0  1  0  5 10 0 0 1 1 1 0 0 1 0 0 1 0 0 0
2014   2 28  8  5 42 440320  -30.30625  -42.11024     3970  25.0  0  0  5 10 0 0 1 1 1 0 0 1 0 0 0 0 0 1
2014   2 28  8  5 42 448307  -30.38652  -42.11335     3942  24.5  0  0  5 10 0 0 1 1 1 0 0 1 0 0 0 0 0 1
2014   2 28  8  5 42 547503  -30.30308  -42.13778     3983  25.7  0  0  5 10 0 0 1 1 1 0 0 1 0 0 0 0 0 1
2014   2 28  8  5 42 581668  -30.36668  -41.97411     3455  39.7  0  0  7 21 0 0 1 1 1 0 0 1 0 1 1 0 0 1
2014   2 28  8  5 43   5418  -30.45020  -41.91681     5449  47.0  1  0  5 10 0 0 1 1 1 0 0 0 0 0 1 0 0 1
2014   2 28  8  5 43 170133    0.81188    2.09711    25716  41.9  1  0  5 10 0 0 1 1 1 0 0 1 0 0 1 0 0 0
2014   2 28  8  5 43 279056    0.62880    1.69021    19626  45.9  1  0  6 15 0 0 1 1 1 0 0 1 0 0 1 0 0 1
2014   2 28  8  5 45 254651  -23.77347  -45.69884     4049  69.7  2  0  6 15 0 0 1 1 1 0 0 1 0 1 0 0 0 1
2014   2 28  8  5 45 389590  -30.20684  -41.82012     5219  81.0  2  0  7 21 0 0 1 1 1 0 0 1 0 0 1 1 0 1
2014   2 28  8  5 45 467012  -30.26260  -41.81736     4068  55.9  1  0  7 21 0 0 1 1 1 0 0 1 0 1 1 0 0 1
2014   2 28  8  5 45 748611  -30.20698  -42.02320     4091  27.1  0  0  5 10 0 0 1 1 1 0 0 1 0 0 0 0 0 1
2014   2 28  8  5 45 800973  -30.23058  -41.86224     4894  61.1  2  0  6 15 0 0 1 1 1 0 0 0 0 1 1 0 0 1
2014   2 28  8  5 46 324322   -5.15369  -71.66735     9361  83.7  2  0  7 16 0 0 1 1 1 0 0 1 0 1 1 0 0 1
2014   2 28  8  5 46 444193   -4.68573  -72.04970     4998  73.5  2  0  6 15 0 0 1 1 1 0 0 1 0 0 1 1 0 0
2014   2 28  8  5 46 628068   -4.71244  -71.99806     4644  83.1  2  0  7 21 0 0 1 1 1 0 0 1 0 0 1 1 0 1
2014   2 28  8  5 46 773816   30.92985 -130.39958    22314 103.0  2  0  7 21 0 0 1 1 1 0 0 1 0 0 1 1 0 1
2014   2 28  8  5 46 858372   32.35897 -149.98102    46937  14.8  0  0  4  6 0 0 0 1 1 0 0 1 0 0 0 1 0 0
2014   2 28  8  5 48 166380   -8.05372  -62.06384     5025  96.7  2  0  7 21 0 0 0 1 1 0 0 1 0 1 1 1 0 1
2014   2 28  8  5 48 385359    4.77658  -73.81934     6347  97.1  2  0  7 18 0 0 1 1 1 0 0 1 0 0 1 1 0 1
2014   2 28  8  5 48 530831  -21.44127  -46.32880     4200  75.6  2  0  6 15 0 0 1 1 1 0 0 1 0 0 1 0 0 1
2014   2 28  8  5 48 551836  -21.45370  -46.33443     4185  75.0  2  0  6 15 0 0 1 1 1 0 0 1 0 0 1 0 0 1
2014   2 28  8  5 48 709549  -22.87523  -45.94985     4325 107.0  2  0  7 21 0 0 1 1 1 0 0 1 0 1 1 0 0 1
2014   2 28  8  5 49 428423  -21.17091  -47.73455     4440  27.8  1  0  4  6 0 0 1 0 0 0 0 1 0 1 1 0 0 0
2014   2 28  8  5 50 987365    5.08878  -86.08061    16781 128.5  2  0  7 21 0 0 0 1 1 0 0 1 0 1 1 1 0 1
2014   2 28  8  5 51 587262  -32.77818  -41.19888     4808  78.1  2  0  7 19 0 0 1 1 1 0 0 1 0 1 0 1 0 1
2014   2 28  8  5 51 607206  -32.95608  -40.60725     8041 106.4  2  0  6 15 0 0 1 1 0 0 0 1 0 1 1 0 0 1
2014   2 28  8  5 51 657849  -32.73069  -41.31971     5457  84.8  2  0  7 21 0 0 1 1 1 0 0 1 0 1 0 1 0 1
2014   2 28  8  5 51 666828  -32.99493  -40.48969     8674 104.3  2  0  6 15 0 0 1 1 1 0 0 1 0 0 1 0 0 1
2014   2 28  8  5 51 820669  -33.02399  -40.45863     8690 104.2  2  0  6 15 0 0 1 1 1 0 0 1 0 0 1 0 0 1
2014   2 28  8  5 51 830312  -33.01256  -40.45546     8650 103.5  2  0  6 15 0 0 1 1 1 0 0 1 0 0 1 0 0 1
2014   2 28  8  5 51 972667  -31.69525  -41.55156     6951  38.2  1  0  5 10 0 0 0 1 1 0 0 1 0 0 1 0 0 1
2014   2 28  8  5 52  13673  -33.20296  -39.96140     4115  14.2  0  0  5 10 0 0 1 0 1 0 0 1 0 0 1 0 0 1
2014   2 28  8  5 52 197405  -33.20144  -39.99525     3297  17.8  0  0  7 21 0 0 1 0 1 0 0 1 0 1 1 1 0 1
2014   2 28  8  5 52 330534  -22.18960  -46.11954     2515   8.2  0  0  6 13 0 0 1 1 1 0 0 0 0 0 1 1 0 1
2014   2 28  8  5 52 614540   -6.88515  149.89067     5804  21.5  0  0  5 10 0 0 0 1 0 0 0 1 0 0 1 1 0 1
2014   2 28  8  5 52 689041  -22.25410  -46.09287     2747  11.0  0  0  5  8 0 0 0 1 1 0 0 1 0 0 1 0 0 1
2014   2 28  8  5 53 107341  -20.76509  -47.32450     2519  23.5  0  0  7 21 0 0 1 0 1 0 0 1 0 1 1 1 0 1
2014   2 28  8  5 53 162132  -21.32980  -46.34050     2447   9.2  0  0  6 15 0 0 1 1 1 0 0 1 0 0 1 0 0 1
2014   2 28  8  5 53 395681  -20.80416  -47.27229     2577   8.6  0  0  5 10 0 0 0 1 1 0 0 1 0 0 1 0 0 1
2014   2 28  8  5 53 404003  -20.79792  -47.27250     2556   7.6  0  0  5 10 0 0 0 1 1 0 0 1 0 0 1 0 0 1
2014   2 28  8  5 54 980367  -32.30722 -135.63139    10407  16.3  0  0  6 15 0 0 0 1 1 0 0 1 0 0 1 1 0 1
2014   2 28  8  5 55   8019  -32.22278 -134.62065     8859  12.3  0  0  5 10 0 0 1 1 0 0 0 1 0 0 1 1 0 0
2014   2 28  8  5 55  95881    7.52987  -73.62856     3904  31.9  0  0  7 20 0 0 1 0 1 0 0 1 0 1 1 1 0 1
2014   2 28  8  5 55 214967  -11.15942  163.80217    47073  20.2  0  0  5 10 0 0 1 1 1 0 0 1 0 0 0 0 0 1
2014   2 28  8  5 55 613774    0.93794  -96.33314     9046  28.8  0  0  5 10 0 0 0 1 1 0 0 1 0 0 1 1 0 0
2014   2 28  8  5 55 711011    4.09937  -85.18830     4186  25.9  0  0  6 15 0 0 1 1 0 0 0 1 0 0 1 1 0 1
2014   2 28  8  5 55 730433    4.06298  -85.12867     4743  36.3  0  0  6 15 0 0 1 1 1 0 0 1 0 0 0 1 0 1
2014   2 28  8  5 55 747313    4.10010  -85.19738     5438  36.5  0  0  6 13 0 0 1 1 1 0 0 1 0 0 1 1 0 0
2014   2 28  8  5 55 973934  -30.78709  -41.70770     5271  32.4  1  0  5 10 0 0 1 0 1 0 0 1 0 1 1 0 0 0
2014   2 28  8  5 55 984144  -30.78738  -41.64674     3460  25.6  0  0  6 15 0 0 1 1 1 0 0 1 0 0 1 0 0 1
2014   2 28  8  5 56  23090  -30.62334  -41.78568     4827  21.2  0  0  5 10 0 0 0 1 1 0 0 1 0 0 1 0 0 1
2014   2 28  8  5 56  40519  -30.78765  -41.62857     3485  26.2  0  0  6 15 0 0 1 1 1 0 0 1 0 0 1 0 0 1
2014   2 28  8  5 56 303367   -9.81139  160.31070     7041  28.0  0  0  6 15 0 0 0 1 1 0 0 1 0 0 1 1 0 1
2014   2 28  8  5 56 383356  -10.01575  160.84329    49446   0.4  0  0  4  6 0 0 1 1 0 0 0 1 0 0 1 0 0 0
2014   2 28  8  5 56 437708   -7.06889    7.33826     9902  22.3  0  0  6 15 0 0 1 1 1 0 0 1 0 0 1 0 0 1
2014   2 28  8  5 56 716131  -22.02210  -50.53807     3205  58.2  1  0  7 17 0 0 1 1 1 0 0 1 0 1 1 0 0 1
2014   2 28  8  5 57 365853  -21.32762  -46.28143     3056  23.3  0  0  5 10 0 0 1 0 1 0 0 1 0 0 1 0 0 1
2014   2 28  8  5 57 993907  -20.76200  -46.35104     3766  33.5  1  0  5  8 0 0 0 1 1 0 0 1 0 0 1 0 0 1
2014   2 28  8  5 58 325026   -3.23073  149.10609     5371  44.3  0  0  7 21 0 0 1 1 1 0 0 1 0 0 1 1 0 1
2014   2 28  8  5 59 102476  -23.42123  -45.80783     3567  50.9  1  0  6 15 0 0 1 1 1 0 0 0 0 1 1 0 0 1
2014   2 28  8  5 59 306522  -23.50293  -45.74357     4366  61.9  2  0  6 14 0 0 1 1 1 0 0 1 0 0 1 0 0 1
2014   2 28  8  5 59 372635  -23.44180  -45.80795     3714  67.0  1  0  7 21 0 0 1 1 1 0 0 1 0 0 1 1 0 1
2014   2 28  8  5 59 813161   -4.66243  -73.00500     5798  69.7  1  0  7 21 0 0 0 1 1 0 0 1 0 1 1 1 0 1
2014   2 28  8  6  0  79606    1.18397    3.88748    79283  55.8  2  0  5 10 0 0 0 1 1 0 0 1 0 0 1 0 0 1
2014   2 28  8  6  0 451029  -21.45724  -45.89434     3638  51.6  1  0  6 14 0 0 1 1 1 0 0 1 0 0 1 0 0 1
2014   2 28  8  6  0 608609  -21.44608  -45.94745     4154  53.1  2  0  5 10 0 0 0 1 1 0 0 1 0 0 1 0 0 1
2014   2 28  8  6  0 710475  -21.33102  -46.41539     3837  66.3  2  0  6 15 0 0 1 0 1 0 0 1 0 1 1 0 0 1
2014   2 28  8  6  0 914378  -21.19740  -46.85324     4016  19.7  0  0  4  6 0 0 1 0 0 0 0 1 0 1 1 0 0 0
2014   2 28  8  6  3 634973  -10.78877  165.98993    12910  79.6  2  0  7 21 0 0 1 1 1 0 0 1 0 0 1 1 0 1
2014   2 28  8  6  5 249709  -24.44215  -45.53187     5869  91.8  2  0  6 15 0 0 1 1 0 0 0 1 0 0 1 1 0 1
2014   2 28  8  6  6 887469  -21.36859  -46.15246     5229 117.6  2  0  6 15 0 0 1 0 0 0 0 1 0 1 1 1 0 1
2014   2 28  8  6  8  86064  -21.95750 -140.77933     7388  18.4  0  0  6 15 0 0 1 1 1 0 0 1 0 0 0 1 0 1
2014   2 28  8  6  8 180684  -21.98472 -140.76239     6142  17.1  0  0  7 21 0 0 1 1 1 0 0 1 0 0 1 1 0 1
2014   2 28  8  6  8 447458    4.82122  -84.66595    18519   5.2  0  0  5 10 0 0 0 1 1 0 0 0 0 1 1 0 0 1
2014   2 28  8  6  8 869560    4.52702  -84.33990     3587  16.3  0  0  6 15 0 0 1 1 1 0 0 1 0 0 1 1 0 0
2014   2 28  8  6  8 982536    4.51288  -84.32057     3227  17.5  0  0  7 21 0 0 1 1 1 0 0 1 0 1 0 1 0 1
2014   2 28  8  6  9 277652  -13.17460  157.29562     7007  27.5  0  0  6 15 0 0 1 1 0 0 0 1 0 0 1 1 0 1
2014   2 28  8  6  9 329154  -12.56033  155.89644    30473  23.8  0  0  5 10 0 0 1 1 1 0 0 0 0 0 1 1 0 0
2014   2 28  8  6  9 361639  -13.17526  157.27252     6821  26.3  0  0  6 15 0 0 1 1 0 0 0 1 0 0 1 1 0 1
2014   2 28  8  6  9 397004  -12.78811  156.88550     6268  21.7  0  0  6 15 0 0 1 1 1 0 0 1 0 0 1 1 0 0
2014   2 28  8  6  9 412652  -12.71390  156.29639    40100  25.3  0  0  5  8 0 0 1 1 1 0 0 0 0 0 1 1 0 0
2014   2 28  8  6  9 782078  -12.27213  -71.54588     2563  14.1  0  0  7 21 0 0 1 1 1 0 0 0 0 1 1 1 0 1
2014   2 28  8  6 10 112310    4.82859  149.44698     5906  26.4  0  0  6 15 0 0 1 1 0 0 0 1 0 0 1 1 0 1
2014   2 28  8  6 10 278359    5.61689  -72.18293     3500  14.9  0  0  6 15 0 0 0 1 1 0 0 1 0 0 1 1 0 1
2014   2 28  8  6 10 376701  -13.05069  -43.38728     3036  19.5  0  0  7 20 0 0 1 0 1 0 0 1 0 1 1 1 0 1
2014   2 28  8  6 10 441086   -0.97618  -71.74337     3040   4.2  0  0  5 10 0 0 1 0 1 0 0 0 0 0 1 1 0 1
2014   2 28  8  6 10 545303  -13.31372  157.19177     5648   8.0  0  0  5 10 0 0 0 1 0 0 0 1 0 1 1 1 0 0
2014   2 28  8  6 10 598160  -13.12943  157.28836     6172  20.5  0  0  6 15 0 0 1 1 1 0 0 1 0 0 1 1 0 0
2014   2 28  8  6 10 619550    6.87975  -73.36605    10741  11.6  0  0  5  9 0 0 0 1 1 0 0 1 0 0 1 0 0 1
2014   2 28  8  6 10 668162  -13.32899  157.10190     8423  26.9  0  0  7 21 0 0 1 1 1 0 0 0 0 1 1 1 0 1
2014   2 28  8  6 10 674477  -12.54675  -71.38985     6619  16.1  0  0  5  9 0 0 1 1 1 0 0 0 0 0 1 0 0 1
2014   2 28  8  6 10 717719  -12.82754  155.96349    23920  15.6  0  0  5 10 0 0 0 1 1 0 0 0 0 0 1 1 0 1
2014   2 28  8  6 10 802576  -26.75095 -132.51804    13325  10.1  0  0  5 10 0 0 1 0 1 0 0 1 0 0 1 0 0 1
2014   2 28  8  6 10 831409  -26.23486 -134.08305     8377  27.1  0  0  6 15 0 0 1 1 0 0 0 1 0 1 0 1 0 1
2014   2 28  8  6 11 146828   -3.53927  -71.41286    10932   9.5  0  0  5 10 0 0 1 0 1 0 0 0 0 1 1 0 0 1
2014   2 28  8  6 11 526225   -3.82893  -71.27275     4062  21.0  0  0  6 15 0 0 1 1 1 0 0 1 0 1 0 0 0 1
2014   2 28  8  6 11 619604   -3.55430  -71.57310     3073  22.4  0  0  6 15 0 0 1 1 1 0 0 1 0 0 1 1 0 0
2014   2 28  8  6 11 900607  -41.97988  -68.90505   106455  28.9  0  0  5 10 0 0 0 1 1 0 0 1 0 0 1 0 0 1
2014   2 28  8  6 11 931794  -40.19781  -67.36610     3828  32.7  0  0  7 17 0 0 1 1 1 0 0 1 0 1 1 1 0 0
2014   2 28  8  6 12  10396  -41.73895  -68.43333    11718   4.4  0  0  5  8 0 0 0 0 1 0 0 1 0 0 1 1 0 1
2014   2 28  8  6 13 329288  -21.97643  -50.60353     2543  21.4  0  0  7 17 0 0 1 1 1 0 0 1 0 1 1 0 0 1
2014   2 28  8  6 13 668211    6.85203  -73.35593     7630  34.0  0  0  6 15 0 0 1 1 1 0 0 1 0 0 1 0 0 1
2014   2 28  8  6 14 452940  -11.87142  -72.93555     3561  43.4  0  0  7 20 0 0 1 0 1 0 0 1 0 1 1 1 0 1
2014   2 28  8  6 14 777154  -11.85895  -73.12118     5085  56.4  2  0  5 10 0 0 1 1 0 0 0 1 0 0 0 1 0 1
2014   2 28  8  6 15 154222  -34.01018  -38.20856     5526  35.6  1  0  5 10 0 0 1 1 1 0 0 1 0 0 1 0 0 0
2014   2 28  8  6 15 174081  -34.25273  -38.19569     5018  42.3  1  0  6 15 0 0 1 1 1 0 0 1 0 0 1 0 0 1
2014   2 28  8  6 15 459420  -20.88739  -46.28864     3467  41.9  1  0  6 14 0 0 1 1 1 0 0 1 0 0 1 0 0 1
2014   2 28  8  6 15 495265   -6.40962   15.45782    22241  10.9  0  0  5  7 0 0 0 1 1 0 0 1 0 0 0 1 0 1
2014   2 28  8  6 15 673522  -21.56184  -46.19410     3383  55.3  1  0  6 15 0 0 0 1 1 0 0 1 0 1 1 0 0 1
2014   2 28  8  6 15 682228  -21.59191  -46.09600     3813  44.4  1  0  5 10 0 0 0 1 1 0 0 1 0 0 1 0 0 1
2014   2 28  8  6 15 693585    2.98514  -85.22204     5287  54.3  1  0  7 21 0 0 1 0 1 0 0 1 0 1 1 1 0 1
2014   2 28  8  6 15 769286    3.07359  -85.50536     5501  61.0  1  0  7 21 0 0 1 1 1 0 0 1 0 0 1 1 0 1
2014   2 28  8  6 18   6784  -10.54848  -57.88391     4904  86.8  2  0  6 15 0 0 1 1 0 0 0 0 0 1 1 1 0 1
2014   2 28  8  6 18  55626  -10.71913  -57.58035     5427  71.3  2  0  6 14 0 0 1 1 1 0 0 1 0 0 1 0 0 1
2014   2 28  8  6 18  74989  -32.06771 -134.59511    24806  76.5  2  0  6 15 0 0 1 1 1 0 0 0 0 0 1 1 0 1
2014   2 28  8  6 18 510066    7.62695  -79.15448     9946 117.1  2  0  7 16 0 0 1 1 1 0 0 1 0 0 0 1 1 1
2014   2 28  8  6 19 891778  -21.32822  -46.15788     2932   5.8  0  0  4  6 0 0 1 0 0 0 0 1 0 0 1 0 0 1
2014   2 28  8  6 20 363382  -21.78053  -50.73064     3955  36.7  1  0  5  7 0 0 1 1 0 0 0 1 0 1 0 0 0 1
2014   2 28  8  6 20 384772  -21.90552  -50.52793     4463  72.3  2  0  6 11 0 0 1 1 1 0 0 1 0 0 1 0 0 1
2014   2 28  8  6 23 108972  -30.37989  -41.88532     5227  85.5  2  0  7 21 0 0 1 1 1 0 0 1 0 1 1 0 0 1
2014   2 28  8  6 23 116822  -30.37836  -41.88700     5232  85.9  2  0  7 21 0 0 1 1 1 0 0 1 0 1 1 0 0 1
2014   2 28  8  6 24  53616  -20.99629  -46.50855     2499  11.3  0  0  6 15 0 0 1 1 1 0 0 1 0 0 1 0 0 1
2014   2 28  8  6 24 117221    1.47505    3.27466     6756  24.5  0  0  7 21 0 0 1 1 1 0 0 1 0 0 1 1 0 1
2014   2 28  8  6 24 197413   20.13007   45.64870    15131   9.5  0  0  5 10 0 0 0 1 1 0 0 0 0 0 1 1 0 1
2014   2 28  8  6 24 313631   31.69532 -126.81914    12111  18.6  0  0  5  9 0 0 1 1 0 0 0 1 0 0 1 1 0 0
2014   2 28  8  6 24 330466   31.98704 -127.36522    22222  32.5  1  0  5  9 0 0 1 1 0 0 0 1 0 0 1 1 0 0
2014   2 28  8  6 27 171049  -30.30647  -41.42701     3396  23.6  0  0  6 15 0 0 1 1 1 0 0 1 0 0 1 0 0 1
2014   2 28  8  6 27 223366    0.43470  -66.25163     3500  27.8  0  0  6 15 0 0 0 1 1 0 0 1 0 0 1 1 0 1
2014   2 28  8  6 28  10783  -24.77041  -45.07019     3420  31.2  0  0  6 14 0 0 1 0 1 0 0 1 0 1 0 1 0 1
2014   2 28  8  6 28 140789  -12.82037  156.74536    47783  43.5  1  0  6 11 0 0 0 1 1 0 0 1 0 1 1 0 0 1
2014   2 28  8  6 28 177332  -10.57851  154.70656    61540  13.4  0  0  4  6 0 0 1 1 0 0 0 1 0 0 1 0 0 0
2014   2 28  8  6 28 198266   -9.35068  153.30843     8905  36.9  0  0  6 13 0 0 1 1 1 0 0 1 0 0 1 1 0 0
2014   2 28  8  6 29 179523   -4.64916  145.60133     7619  58.3  1  0  6 15 0 0 1 0 1 0 0 1 0 1 1 1 0 0
2014   2 28  8  6 29 911869  -21.37819  -46.36179     3291  39.6  0  0  6 13 0 0 1 1 1 0 0 1 0 0 1 0 0 1
2014   2 28  8  6 30 428020   -2.79014  -73.57541     9349   7.1  0  0  5 10 0 0 0 1 1 0 0 1 0 1 0 0 0 1
2014   2 28  8  6 30 491108   -3.22982  -71.53912     3858  59.6  1  0  7 21 0 0 1 1 0 0 0 1 0 1 1 1 0 1
2014   2 28  8  6 30 541571   -3.25513  -71.55732     4589  60.5  2  0  6 14 0 0 1 1 0 0 0 1 0 1 0 1 0 1
2014   2 28  8  6 30 991343   -4.46062  -64.78532     7362  60.9  2  0  5 10 0 0 0 1 1 0 0 0 0 0 1 1 0 1
2014   2 28  8  6 31 163499  -25.17683  -44.68020     3503  49.9  0  0  7 18 0 0 1 1 1 0 0 1 0 0 1 1 0 1
2014   2 28  8  6 31 209314  -25.24689  -44.66884     3441  29.7  0  0  5  9 0 0 1 1 0 0 0 1 0 1 0 0 0 1
2014   2 28  8  6 31 415072    7.46323  -73.87037     7522  73.0  2  0  6 13 0 0 1 1 0 0 0 0 0 1 1 1 0 1
2014   2 28  8  6 31 502204    7.61673  -73.98058     5118  57.1  1  0  6 13 0 0 1 1 1 0 0 1 0 0 1 1 0 0
2014   2 28  8  6 31 532023    6.58386  -73.16867     8742  59.4  1  0  7 21 0 0 1 1 1 0 0 1 0 1 1 0 0 1
2014   2 28  8  6 31 643695    7.52722  -73.89263     4625  60.1  1  0  7 21 0 0 1 1 1 0 0 1 0 0 1 1 0 1
2014   2 28  8  6 31 986033  -33.19197  -40.09887     5670  56.1  1  0  6 15 0 0 1 1 1 0 0 1 0 0 1 0 0 1
2014   2 28  8  6 31 994215   31.69569 -132.53928    13739  64.9  1  0  7 21 0 0 1 0 1 0 0 1 0 1 1 1 0 1
2014   2 28  8  6 32 111091  -33.11125  -40.19793     6833  58.1  2  0  5  9 0 0 1 1 1 0 0 0 0 0 1 0 0 1
2014   2 28  8  6 32 386359  -33.26348  -39.76149     8023  52.1  2  0  5 10 0 0 1 0 1 0 0 1 0 0 1 0 0 1
2014   2 28  8  6 32 488877  -23.63756  -45.59091     6034  63.2  2  0  5 10 0 0 1 1 0 0 0 1 0 0 1 0 0 1
2014   2 28  8  6 32 907915  -31.85628 -136.03024    10041  18.1  0  0  5 10 0 0 1 1 0 0 0 1 0 0 1 1 0 0
2014   2 28  8  6 32 923300  -32.00026 -133.83330    22059  75.5  2  0  6 15 0 0 1 1 0 0 0 0 0 1 1 1 0 1
2014   2 28  8  6 33  37771  -12.38940  -71.67683     4221  72.7  2  0  7 21 0 0 1 0 1 0 0 1 0 1 1 1 0 1
2014   2 28  8  6 33 841847  -21.56484  -46.07244     3538  80.0  2  0  7 21 0 0 1 1 1 0 0 1 0 1 1 0 0 1
2014   2 28  8  6 34 654356  -21.61172  -46.07418     3955  69.7  2  0  6 15 0 0 1 1 1 0 0 1 0 0 1 0 0 1
2014   2 28  8  6 34 674668  -21.52615  -46.18636     4638  69.7  2  0  5 10 0 0 1 0 1 0 0 1 0 1 0 0 0 1
2014   2 28  8  6 34 723389  -21.54764  -46.21325     3670  87.9  2  0  7 21 0 0 1 1 1 0 0 1 0 1 1 0 0 1
2014   2 28  8  6 34 783418  -21.45895  -46.21868     4258 107.2  2  0  7 21 0 0 1 1 1 0 0 1 0 0 1 1 0 1
2014   2 28  8  6 34 961944  -21.14970  -46.59365     3398  16.0  0  0  4  6 0 0 0 1 0 0 0 0 0 1 1 1 0 0
2014   2 28  8  6 35  59693  -21.33217  -46.66505     4800  30.6  1  0  4  6 0 0 1 0 0 0 0 1 0 1 1 0 0 0
2014   2 28  8  6 35 609668  -13.42387  -39.51833     5469  41.6  1  0  5  7 0 0 0 1 1 0 0 1 0 0 1 0 0 1
2014   2 28  8  6 35 644044  -13.34785  -39.12226     4398  64.7  1  0  7 20 0 0 1 0 1 0 0 1 0 1 1 0 1 1
2014   2 28  8  6 35 954587  -22.87302  -45.80850     5020 107.8  2  0  6 15 0 0 1 1 0 0 0 1 0 1 1 0 0 1
2014   2 28  8  6 35 992467  -22.93695  -45.61129     4969  74.2  2  0  5 10 0 0 1 0 1 0 0 1 0 0 1 0 0 1
2014   2 28  8  6 36 749030  -31.31808  -42.08570     8758  17.4  0  0  4  6 0 0 0 0 0 0 0 1 0 1 1 0 0 1
2014   2 28  8  6 36 798273  -32.83789  -41.03968     5127  17.8  0  0  4  6 0 0 1 1 1 0 0 1 0 0 0 0 0 0
2014   2 28  8  6 37  47452  -31.85971  -41.31857     5994  27.9  0  0  5 10 0 0 0 1 1 0 0 1 0 0 1 0 0 1
2014   2 28  8  6 37 135929   -0.01173   -0.31680    37413  97.1  2  0  6 15 0 0 1 1 1 0 0 1 0 0 1 0 0 1
2014   2 28  8  6 39 620580   25.85821  -78.06406    27486  93.7  2  0  6 14 0 0 1 0 1 0 0 1 0 0 1 1 0 1
2014   2 28  8  6 40 454440    6.93075  -74.14929     3596  11.0  0  0  5 10 0 0 1 0 1 0 0 1 0 0 1 1 0 0
2014   2 28  8  6 40 829752  -21.35232  -45.92403     2369   7.9  0  0  6 15 0 0 1 1 0 0 0 1 0 1 1 0 0 1
2014   2 28  8  6 40 853956  -20.80605 -171.00299    12704   4.4  0  0  5  9 0 0 1 1 0 0 0 0 0 0 1 1 0 1
2014   2 28  8  6 40 861598  -21.36161  -45.91379     2444   9.1  0  0  6 15 0 0 1 1 1 0 0 1 0 0 1 0 0 1
2014   2 28  8  6 40 869032  -21.36656  -45.91019     2441   9.1  0  0  6 15 0 0 1 1 1 0 0 1 0 0 1 0 0 1
2014   2 28  8  6 41 783264   -7.06796    7.39216    19553   9.5  0  0  5 10 0 0 1 1 1 0 0 0 0 0 1 0 0 1
2014   2 28  8  6 42 335490  -13.19952  157.62486     8617   6.2  0  0  4  6 0 0 1 0 0 0 0 1 0 0 1 1 0 0
2014   2 28  8  6 43 104840  -21.09268  -49.58694     2983  20.7  0  0  5  8 0 0 0 1 0 0 0 1 0 1 1 1 0 0
2014   2 28  8  6 43 200655    4.61468  -72.08161    11424  16.2  0  0  5 10 0 0 0 0 1 0 0 1 0 1 1 0 0 1
2014   2 28  8  6 43 387476  -23.53465  -45.72070     3003  30.7  0  0  6 15 0 0 1 1 1 0 0 1 0 1 0 0 0 1
2014   2 28  8  6 43 605463    6.39803  -78.03880     3780  26.9  0  0  7 20 0 0 1 0 1 0 0 1 0 1 1 1 0 1
2014   2 28  8  6 43 655230    6.49889  -78.46764     7453  32.6  0  0  6 15 0 0 0 1 1 0 0 0 0 1 1 1 0 1
2014   2 28  8  6 43 910460    6.43587  -78.04537     3744  28.7  0  0  7 21 0 0 1 0 1 0 0 1 0 1 1 1 0 1
2014   2 28  8  6 45  86946   -7.33396    9.02794    13032  33.4  0  0  6 15 0 0 1 1 1 0 0 1 0 0 1 0 0 1
2014   2 28  8  6 45 575336   -7.45918  151.19417    84129  26.4  1  0  4  6 0 0 1 0 0 0 0 1 0 0 1 0 0 1
2014   2 28  8  6 45 640158  -13.47551  158.21268    14056  41.2  1  0  6 15 0 0 1 1 1 0 0 0 0 1 0 1 0 1
2014   2 28  8  6 46 100997  -22.29101  -46.08515     3359  45.3  1  0  6 14 0 0 1 1 1 0 0 1 0 0 1 0 0 1
2014   2 28  8  6 46 141672  -22.23025  -46.24351     4313  39.3  0  0  6 11 0 0 1 1 1 0 0 1 0 0 1 0 1 0
2014   2 28  8  6 46 308753  -20.55558  -46.30416     2961  47.2  0  0  7 20 0 0 1 1 1 0 0 1 0 1 1 0 0 1
2014   2 28  8  6 46 554329  -14.24993  173.90047    68899  59.9  1  0  6 12 0 0 1 1 1 0 0 1 0 0 1 0 0 1
2014   2 28  8  6 46 592054  -13.53288  173.04327    10631  23.9  0  0  5 10 0 0 1 1 0 0 0 1 0 0 1 1 0 0
2014   2 28  8  6 47 359446  -13.21430  157.87552    18422  55.4  1  0  6 15 0 0 0 1 1 0 0 0 0 1 1 1 0 1
2014   2 28  8  6 47 402520   -0.17773    7.68051    20648  56.2  2  0  5 10 0 0 1 0 1 0 0 1 0 0 1 1 0 0
2014   2 28  8  6 47 699123   -4.03339  148.46631     5929  53.9  1  0  7 21 0 0 1 1 1 0 0 1 0 0 1 1 0 1
2014   2 28  8  6 47 861341    4.87115  -85.08416    12377  64.5  2  0  5 10 0 0 0 1 1 0 0 1 0 0 1 1 0 0
2014   2 28  8  6 47 928347  -23.46610  -45.73958     5210  69.8  2  0  5 10 0 0 1 1 1 0 0 1 0 0 0 0 0 1
2014   2 28  8  6 48  25935  -21.56654 -141.73048    12183  60.2  1  0  7 21 0 0 1 1 0 0 0 1 0 1 1 1 0 1
2014   2 28  8  6 49 752290  -33.00007   15.21590    38612  61.6  2  0  5 10 0 0 1 1 1 0 0 0 0 0 1 0 0 1
2014   2 28  8  6 50 866720  -30.06211  -42.45644     4219  17.4  0  0  5 10 0 0 0 1 1 0 0 1 0 0 1 0 0 1
2014   2 28  8  6 50 877977  -30.66984  -41.94986     7572  75.9  2  0  5 10 0 0 1 1 1 0 0 0 0 0 1 0 0 1
2014   2 28  8  6 51 336813   -0.62196  -72.51325     5699  86.0  2  0  6 15 0 0 1 1 1 0 0 1 0 0 1 1 0 0
2014   2 28  8  6 51 441855   -4.09800  -70.14810    10152  16.7  0  0  4  6 0 0 1 1 1 0 0 0 0 1 0 0 0 0
2014   2 28  8  6 52 414522  -21.48581  -46.35779     4761  87.6  2  0  6 14 0 0 1 1 1 0 0 1 0 0 1 0 0 1
2014   2 28  8  6 53  80946   -4.41778  -71.75628     5250  94.3  2  0  7 21 0 0 1 0 1 0 0 1 0 1 1 1 0 1
2014   2 28  8  6 57 287979  -21.38057  -46.38933     2790  15.3  0  0  5  9 0 0 0 1 1 0 0 1 0 0 1 0 0 1
2014   2 28  8  6 57 345610    4.53797  -84.48972     5247  17.4  0  0  6 15 0 0 0 0 1 0 0 1 0 1 1 1 0 1
2014   2 28  8  6 57 450955    4.56549  -84.57355     4850  18.9  0  0  6 15 0 0 0 1 1 0 0 1 0 0 1 1 0 1
2014   2 28  8  6 57 515264    4.26374  -84.09144    14291  18.6  0  0  5 10 0 0 0 1 1 0 0 1 0 0 1 0 0 1
2014   2 28  8  6 57 547276    4.52378  -84.28104     3921  20.3  0  0  6 15 0 0 1 0 1 0 0 1 0 0 1 1 0 1
2014   2 28  8  6 57 610942    4.50912  -84.20531     3789  14.2  0  0  7 16 0 0 1 1 1 0 0 0 0 1 1 1 0 1
2014   2 28  8  6 57 768641  -33.15933  -40.00562     3299  18.1  0  0  6 15 0 0 1 1 1 0 0 1 0 0 1 0 0 1
2014   2 28  8  6 57 932625  -33.15474  -40.01287     3348  18.9  0  0  6 15 0 0 1 1 1 0 0 1 0 0 1 0 0 1
2014   2 28  8  6 58 123893  -32.94413  -40.12531     4898  13.1  0  0  5 10 0 0 0 1 1 0 0 1 0 0 1 0 0 1
2014   2 28  8  6 58 269620  -33.19303  -39.99979     3922  20.1  0  0  5 10 0 0 1 1 1 0 0 0 0 0 1 0 0 1
2014   2 28  8  6 58 303746  -32.97272  -40.24695     5155  15.2  0  0  5 10 0 0 0 1 1 0 0 1 0 0 1 0 0 1
2014   2 28  8  6 58 542104  -33.27948  -39.94302     3576  22.5  0  0  6 15 0 0 1 1 1 0 0 1 0 0 1 0 0 1
2014   2 28  8  6 59 687720  -33.06612   19.53783    18662  37.5  1  0  5 10 0 0 1 1 1 0 0 1 0 0 1 0 0 0
2014   2 28  8  6 59 886042  -27.75668 -134.39079     9370  30.3  0  0  6 15 0 0 1 1 0 0 0 1 0 0 1 1 0 1
2014   2 28  8  7  1 254295  -32.06250 -107.21161     8865  60.2  1  0  7 21 0 0 1 1 0 0 0 1 0 1 1 1 0 1
2014   2 28  8  7  1 424487  -15.67102  160.29208    53818  42.6  1  0  5 10 0 0 1 1 0 0 0 1 0 1 0 0 0 1
2014   2 28  8  7  1 629354  -31.95485 -136.45293    41913  25.7  1  0  4  6 0 0 1 1 0 0 0 1 0 0 1 0 0 0
2014   2 28  8  7  2 213887  -21.43433  -46.37165     3389  48.5  1  0  6 15 0 0 1 1 1 0 0 1 0 0 1 0 0 1
2014   2 28  8  7  3 119359    1.79777  -70.10400    35330  23.9  1  0  4  6 0 0 0 1 0 0 0 0 0 1 1 0 0 1
2014   2 28  8  7  3 421949    6.98646  -74.33557     7836  78.2  2  0  6 14 0 0 1 1 0 0 0 0 0 1 1 1 0 1
2014   2 28  8  7  3 908326   -1.50183  150.30415     6563  58.3  1  0  7 21 0 0 0 0 1 0 0 1 0 1 1 1 1 1
2014   2 28  8  7  4   7821   -1.47336  150.36740     8862  72.7  2  0  7 21 0 0 1 0 1 0 0 1 0 1 1 1 0 1
2014   2 28  8  7  5 392849   -7.99217  -61.83339     4577  85.9  2  0  6 15 0 0 1 1 0 0 0 1 0 1 1 1 0 0
2014   2 28  8  7  5 681952   -8.01931  -61.56834     4544  74.4  2  0  7 20 0 0 1 0 1 0 0 1 0 1 1 1 0 1
2014   2 28  8  7  5 789317   -8.10228  -61.98614     7304  93.0  2  0  6 15 0 0 0 1 1 0 0 0 0 1 1 1 0 1
2014   2 28  8  7  7  86611  -32.06985 -134.39540    20402 106.2  2  0  7 21 0 0 1 1 1 0 0 1 0 1 0 1 0 1
2014   2 28  8  7  7 101553  -31.99172 -135.35367    18955  91.7  2  0  7 21 0 0 1 1 1 0 0 1 0 0 1 1 0 1
2014   2 28  8  7  7 228691  -32.14736 -133.43590    16250  73.1  2  0  7 21 0 0 1 0 1 0 0 1 0 1 1 1 0 1
2014   2 28  8  7  8 984780   22.02754 -101.02081    63248  66.9  2  0  5 10 0 0 0 1 1 0 0 1 0 0 0 1 0 1
2014   2 28  8  7  9 687197  -13.06872  158.24951    20395  91.5  2  0  6 15 0 0 1 1 0 0 0 1 0 1 1 1 0 0
2014   2 28  8  7 10 552292   -7.37501  -60.00372     6361 122.0  2  0  6 15 0 0 0 1 1 0 0 1 0 0 1 1 0 1
2014   2 28  8  7 11 493346  -21.43614  -46.34087     5241 107.6  2  0  6 14 0 0 1 1 1 0 0 1 0 0 1 0 0 1
2014   2 28  8  7 12 550021    9.86423  161.25587     8052   6.9  0  0  5  9 0 0 0 1 1 0 0 1 0 0 0 1 0 1
2014   2 28  8  7 12 612014    9.74876  162.00208     6809   7.5  0  0  5 10 0 0 1 1 1 0 0 1 0 0 1 0 0 0
2014   2 28  8  7 12 760504  -25.64277  -44.29288     3874  58.5  1  0  7 18 0 0 1 1 1 0 0 1 0 1 1 1 0 0
2014   2 28  8  7 12 775653  -25.49492  -44.33001     2745   1.2  0  0  5  9 0 0 1 1 1 0 0 0 0 0 1 0 0 1
2014   2 28  8  7 14 164052    8.27767  137.93155     6189  27.5  0  0  5  9 0 0 1 0 1 0 0 0 0 1 1 1 0 0
2014   2 28  8  7 14 236588   -4.99040  146.23271    13642  13.8  0  0  5 10 0 0 1 0 1 0 0 1 0 1 0 0 0 1
2014   2 28  8  7 14 355922  -21.36707  -46.41831     2818  15.2  0  0  5  9 0 0 0 1 1 0 0 1 0 0 1 0 0 1
2014   2 28  8  7 14 398076   -4.74267  145.92220     7606  22.6  1  0  4  6 0 0 1 0 0 0 0 1 0 0 1 1 0 0
2014   2 28  8  7 14 667694  -21.37220  -46.39576     2676  21.2  0  0  6 15 0 0 1 1 1 0 0 1 0 0 1 0 0 1
2014   2 28  8  7 14 700792    4.84501    7.90084    33342   7.3  0  0  4  6 0 0 0 1 0 0 0 1 0 0 1 0 0 1
2014   2 28  8  7 16 221920  -22.84361  -45.87622     3396   3.6  0  0  4  6 0 0 1 0 0 0 0 1 0 1 1 0 0 0
2014   2 28  8  7 16 867403  -30.33872  -41.91490     4062  22.8  0  0  5 10 0 0 1 1 0 0 0 1 0 0 1 0 0 1
2014   2 28  8  7 16 924063  -30.33957  -41.97599     3207  23.1  0  0  6 15 0 0 1 1 1 0 0 1 0 1 1 0 0 0
2014   2 28  8  7 16 936068  -30.10484  -42.14712     3597   7.0  0  0  5 10 0 0 0 1 1 0 0 1 0 0 1 0 0 1
2014   2 28  8  7 17 481123  -23.47079  -46.23432     6032  10.8  0  0  4  6 0 0 0 0 1 0 0 1 0 1 0 1 0 0
2014   2 28  8  7 17 489503  -24.64127  -45.19770     3055  28.9  0  0  6 15 0 0 1 1 1 0 0 1 0 0 1 0 0 1
2014   2 28  8  7 17 808915  -21.27201  -47.34974     3973  69.4  2  0  6 15 0 0 1 1 1 0 0 1 0 0 0 1 0 1
2014   2 28  8  7 17 896958  -21.29010  -47.22876     5236  42.2  1  0  5  8 0 0 1 1 1 0 0 1 0 0 1 0 0 0
2014   2 28  8  7 18  40617  -33.15022  -40.01101     5348  29.8  0  0  5 10 0 0 1 0 0 0 0 1 0 1 1 0 0 1
2014   2 28  8  7 18 166399  -33.01328  -40.49699     3335   5.8  0  0  5 10 0 0 1 1 1 0 0 1 0 0 0 0 0 1
2014   2 28  8  7 18 175022  -33.10436  -40.19712     4533  37.2  0  0  6 15 0 0 1 1 1 0 0 1 0 0 1 0 0 1
2014   2 28  8  7 18 274503  -33.08150  -40.19774     5586  41.6  1  0  5 10 0 0 1 1 1 0 0 0 0 0 1 0 0 1
2014   2 28  8  7 18 342160  -33.02884  -40.44422     3491  38.2  0  0  7 20 0 0 1 1 1 0 0 1 0 1 0 1 0 1
2014   2 28  8  7 18 468688  -21.68971 -140.62845     9854  40.3  0  0  7 21 0 0 1 0 1 0 0 1 0 1 1 1 0 1
2014   2 28  8  7 18 856270  -31.99880 -135.15495    13411  46.3  1  0  6 15 0 0 1 1 0 0 0 1 0 0 1 1 0 1
2014   2 28  8  7 18 882413  -10.81756  163.77037    43224  39.9  1  0  5 10 0 0 1 1 0 0 0 1 0 1 1 0 0 0
2014   2 28  8  7 19 218286  -31.90929 -135.64961    13457  32.0  1  0  5 10 0 0 1 1 0 0 0 1 0 0 1 1 0 0
2014   2 28  8  7 21 451684   -6.09603    8.91484    35702  62.6  2  0  5  9 0 0 1 1 0 0 0 1 0 0 1 0 0 1
2014   2 28  8  7 21 854107   -0.34167  -15.44340    10965  68.5  1  0  7 21 0 0 1 1 1 0 0 1 0 0 1 1 0 1
2014   2 28  8  7 22   2494  -33.88762  -38.49846     6491  61.7  2  0  6 15 0 0 1 1 1 0 0 1 0 0 1 0 0 1
2014   2 28  8  7 22  32722  -23.71990  -45.86154     4585  24.2  1  0  4  6 0 0 1 0 0 0 0 1 0 1 1 0 0 0
2014   2 28  8  7 22 417830    4.71240  -84.32343     5997  65.2  1  0  7 21 0 0 1 0 1 0 0 1 0 1 1 1 0 1
2014   2 28  8  7 22 952823  -33.96084  -38.60846    10907  70.9  2  0  6 11 0 0 1 1 1 0 0 1 0 0 1 0 0 1
2014   2 28  8  7 23 299130  -34.14663  -38.47134     7160  70.2  2  0  6 15 0 0 1 1 1 0 0 1 0 0 1 0 0 1
2014   2 28  8  7 23 340104  -21.40343  -46.11092     3709  84.7  2  0  7 21 0 0 1 0 1 0 0 1 0 1 1 1 0 1
2014   2 28  8  7 23 511225  -32.98015  -40.44004     6879  74.1  2  0  6 15 0 0 1 1 1 0 0 1 0 0 1 0 0 1
2014   2 28  8  7 23 621966  -20.80177  -46.39529     4456  81.2  2  0  6 15 0 0 1 1 1 0 0 1 0 0 1 0 0 1
2014   2 28  8  7 23 655741  -20.76105  -46.39241     4437  80.5  2  0  6 15 0 0 1 1 1 0 0 1 0 0 1 0 0 1
2014   2 28  8  7 23 664381  -20.73271  -46.39513     4708  80.4  2  0  6 13 0 0 1 1 1 0 0 1 0 0 1 0 0 1
2014   2 28  8  7 24 445963   -4.27405  -72.29214     5081  51.2  2  0  5 10 0 0 1 1 0 0 0 1 0 0 1 1 0 0
2014   2 28  8  7 25 505398  -20.62052  -46.19863     5198  90.5  2  0  6 13 0 0 1 1 1 0 0 1 0 0 1 0 0 1
2014   2 28  8  7 25 871947    7.52364  -73.73173     6171  81.9  2  0  7 21 0 0 1 0 1 0 0 1 0 1 1 1 0 1
2014   2 28  8  7 26  15069    7.79475  -74.82167    10855 114.4  2  0  7 20 0 0 0 1 1 0 0 1 0 1 1 1 0 1
2014   2 28  8  7 26 182138  -24.11795  171.68059    75674  17.3  0  0  4  6 0 0 0 1 0 0 0 1 0 1 1 0 0 0
2014   2 28  8  7 26 296886  -12.57358  157.10454    17067  98.9  2  0  6 15 0 0 1 1 1 0 0 1 0 0 1 1 0 0
2014   2 28  8  7 27 730234  -21.81129 -142.55650    27931 117.4  2  0  6 15 0 0 1 1 1 0 0 1 0 0 1 1 0 0
2014   2 28  8  7 28 440198  -22.22015  -46.03118     2680  24.0  0  0  6 15 0 0 0 1 0 0 0 1 0 1 1 1 0 1
2014   2 28  8  7 28 472000  -22.24973  -45.99484     3016  14.9  0  0  5  8 0 0 1 1 1 0 0 1 0 0 0 0 0 1
2014   2 28  8  7 29 626019  -22.93348 -139.10536    10205  19.1  0  0  7 21 0 0 1 1 1 0 0 1 0 1 1 0 0 1
2014   2 28  8  7 29 685737  -22.57957 -140.11591     7325  19.5  0  0  6 15 0 0 1 1 0 0 0 1 0 0 1 1 0 1
2014   2 28  8  7 29 842550  -21.38328  -46.21816     3268  21.9  0  0  5  8 0 0 1 1 0 0 0 1 0 0 1 0 0 1
2014   2 28  8  7 30 619261  -22.57991 -139.86118     6843  23.7  0  0  7 21 0 0 1 0 1 0 0 1 0 1 1 1 0 1
2014   2 28  8  7 31 212416  -12.27077  -71.87454     3088  35.0  0  0  7 21 0 0 1 1 1 0 0 1 0 0 1 1 0 1
2014   2 28  8  7 31 464131  -12.27212  -71.81716     3302  31.0  0  0  6 15 0 0 1 1 1 0 0 1 0 0 1 1 0 0
2014   2 28  8  7 31 628140  -12.36119  -71.73962     3912  39.9  0  0  6 14 0 0 1 1 0 0 0 0 0 1 1 1 0 1
2014   2 28  8  7 31 888607  -20.80346  -47.25765     3044  33.7  0  0  6 15 0 0 1 1 1 0 0 1 0 0 1 0 0 1
2014   2 28  8  7 32 524654  -12.99265  157.37183    13957  32.8  1  0  5  8 0 0 1 0 1 0 0 1 0 0 1 1 0 0
2014   2 28  8  7 33 242660   -1.66749  151.21059     5999  45.3  0  0  7 21 0 0 1 1 1 0 0 1 0 1 0 1 0 1
2014   2 28  8  7 33 466393  -21.39994  -46.35576     3351  44.5  1  0  6 15 0 0 1 1 1 0 0 1 0 0 1 0 0 1
2014   2 28  8  7 33 475048   -1.52481  151.02892    21742   3.7  0  0  4  6 0 0 1 1 0 0 0 0 0 0 1 1 0 0
2014   2 28  8  7 33 649032  -20.54690 -144.30083    28539  17.9  0  0  4  6 0 0 1 1 0 0 0 1 0 0 1 0 0 0
2014   2 28  8  7 33 725164   -3.43297  -71.69142     3815  43.3  1  0  6 15 0 0 1 1 1 0 0 1 0 0 1 1 0 0
2014   2 28  8  7 33 988280  -12.59303  168.00668    68583  49.6  1  0  5 10 0 0 1 1 0 0 0 1 0 0 1 0 0 1
2014   2 28  8  7 34  34431   -7.25248    8.55783    16423  45.3  1  0  6 15 0 0 1 1 1 0 0 1 0 0 1 0 0 1
2014   2 28  8  7 34  46549   30.20066 -124.23071    19585  47.9  1  0  6 15 0 0 1 1 1 0 0 1 0 1 0 0 0 1
2014   2 28  8  7 34  52450   32.18131 -127.99872    19396  58.1  1  0  6 15 0 0 1 1 1 0 0 1 0 0 1 1 0 0
2014   2 28  8  7 34 670713    6.00676  -83.22334    10350  53.1  2  0  5 10 0 0 0 1 1 0 0 1 0 0 1 1 0 0
2014   2 28  8  7 34 776908  -10.46772  -57.49596     3131  16.9  0  0  5 10 0 0 1 0 1 0 0 0 0 0 1 1 0 1
2014   2 28  8  7 35 759784   -6.76552    8.78872    30808  56.0  2  0  5  9 0 0 1 1 1 0 0 1 0 0 1 0 0 0
2014   2 28  8  7 36 129567  -30.19680  -42.24352     4420  19.1  0  0  5 10 0 0 0 1 1 0 0 1 0 0 1 0 0 1
2014   2 28  8  7 36 178003   28.78334 -127.91106    37847  68.2  2  0  5 10 0 0 1 1 1 0 0 1 0 0 1 0 0 0
2014   2 28  8  7 36 225006    2.40215  -84.57906     6590  84.7  2  0  7 21 0 0 1 1 1 0 0 1 0 1 1 1 0 0
2014   2 28  8  7 38 745472    4.89209  -84.76804     8398  82.1  2  0  6 14 0 0 1 1 1 0 0 1 0 0 1 1 0 0
2014   2 28  8  7 38 763202    4.97842  -84.86547     8459  83.7  2  0  6 15 0 0 1 1 1 0 0 1 0 0 1 1 0 0
2014   2 28  8  7 38 807067    4.70510  -84.25587     6488  76.8  2  0  7 21 0 0 1 0 1 0 0 1 0 1 1 1 0 1
2014   2 28  8  7 38 878500    4.78340  -84.39798     7105  64.8  2  0  6 15 0 0 1 0 1 0 0 1 0 0 1 1 0 1
2014   2 28  8  7 39  27067   -3.48670  -74.69115    38766  27.5  1  0  4  6 0 0 0 1 0 0 0 0 0 1 1 0 0 1
2014   2 28  8  7 39 588033  -20.96415 -143.53819    15264  38.9  1  0  5 10 0 0 1 1 0 0 0 1 0 0 1 1 0 0
2014   2 28  8  7 40 645385   -9.59114  162.03450    21060 108.2  2  0  6 14 0 0 1 1 1 0 0 1 0 1 0 1 0 0
2014   2 28  8  7 41 413385  -11.02066  -15.98363    11290 106.0  2  0  6 15 0 0 1 1 1 0 0 0 1 0 1 0 0 1
2014   2 28  8  7 42 622149  -21.29037 -142.55214    21840 116.1  2  0  7 21 0 0 1 1 1 0 0 1 0 0 1 1 0 1
2014   2 28  8  7 42 708167  -21.29414 -142.60422    21978 117.0  2  0  7 21 0 0 1 1 1 0 0 1 0 0 1 1 0 1
2014   2 28  8  7 42 969661  -10.52167  -57.64623     3527  21.6  1  0  4  6 0 0 1 1 0 0 0 0 0 0 1 1 0 0
2014   2 28  8  7 43 552310  -31.75199 -137.14238    24693 122.3  2  0  7 21 0 0 1 1 1 0 0 1 0 0 1 1 0 1
2014   2 28  8  7 44 826554    3.85187    0.78777    50958   2.1  0  0  4  6 0 0 1 1 0 0 0 0 0 0 1 0 0 1
2014   2 28  8  7 44 928183  -32.33499 -134.84650    10314  13.7  0  0  6 15 0 0 0 1 1 0 0 1 0 0 1 1 0 1
2014   2 28  8  7 44 937114  -32.31417 -134.14410     6630  16.6  0  0  7 21 0 0 1 1 1 0 0 1 0 0 1 1 0 1
2014   2 28  8  7 44 947756  -32.33425 -134.17310    10661  19.2  0  0  5 10 0 0 1 1 1 0 0 1 0 0 0 1 0 0
2014   2 28  8  7 45 261209  -32.32494 -134.22113     8655  20.5  0  0  6 15 0 0 1 1 1 0 0 1 0 0 1 1 0 0
2014   2 28  8  7 45 379042  -20.54758  -46.17621     2866  11.2  0  0  5  8 0 0 1 1 0 0 0 1 0 0 1 0 0 1
2014   2 28  8  7 45 597795  -11.84494  -72.91354     3207  26.2  0  0  6 15 0 0 1 0 1 0 0 1 0 0 1 1 0 1
2014   2 28  8  7 45 643254    2.97503  -85.42692     4835  20.3  0  0  5  9 0 0 1 0 0 0 0 1 0 0 1 1 0 1
2014   2 28  8  7 45 661501    2.96272  -85.37736     5118  28.8  0  0  5 10 0 0 1 1 0 0 0 1 0 1 0 1 0 0
2014   2 28  8  7 45 698174  -20.55939  -46.18291     3055  12.6  0  0  5  8 0 0 1 0 1 0 0 1 0 0 1 0 0 1
2014   2 28  8  7 45 719416    3.25093  -85.92967     9241  37.0  0  0  6 12 0 0 0 1 0 0 0 1 0 1 1 1 0 1
2014   2 28  8  7 46 725675  -33.21428  -39.78099     7745  33.2  1  0  5 10 0 0 0 1 1 0 0 1 0 0 1 0 0 1
2014   2 28  8  7 46 986351    0.76863  -13.74084     8328  20.3  0  0  6 15 0 0 1 1 1 0 0 0 0 0 1 1 0 1
2014   2 28  8  7 47 104377  -11.86420  -73.03400     3107  34.7  0  0  7 21 0 0 1 1 1 0 0 1 0 0 1 1 0 1
2014   2 28  8  7 47 125916  -33.23699  -39.69567     3429  13.5  0  0  5 10 0 0 1 1 1 0 0 0 0 0 1 0 0 1
2014   2 28  8  7 47 256385   -5.27558  -60.29289     4335  38.2  1  0  5  9 0 0 0 1 1 0 0 1 0 0 1 1 0 0
2014   2 28  8  7 47 539587  -33.36616  -39.57374     3423  13.2  0  0  5 10 0 0 1 1 1 0 0 0 0 0 1 0 0 1
2014   2 28  8  7 47 939969  -10.77631  -56.70071     3215  41.8  0  0  7 21 0 0 0 1 1 0 0 1 0 1 1 1 0 1
2014   2 28  8  7 48 410000  -11.80267  -72.98035     3411  21.3  0  0  5 10 0 0 1 0 1 0 0 0 0 0 1 1 0 1
2014   2 28  8  7 48 417288  -11.79868  -72.94067     2714  20.0  0  0  7 21 0 0 1 1 1 0 0 0 0 1 1 1 0 1
2014   2 28  8  7 49 182979   10.34386  160.30493     8751  35.0  1  0  5 10 0 0 1 1 1 0 0 0 0 0 1 1 0 0
2014   2 28  8  7 49 643516   -3.59254  -71.10551     6322  33.4  1  0  5 10 0 0 1 0 1 0 0 1 0 1 1 0 0 0
2014   2 28  8  7 49 675243   -3.24975  -71.27905     3255  24.5  0  0  6 15 0 0 1 1 1 0 0 0 0 0 1 1 0 1
2014   2 28  8  7 49 830599  -24.71722  -44.88756     3919  47.4  1  0  6 15 0 0 1 1 1 0 0 1 0 0 1 0 0 1
2014   2 28  8  7 50 481250    4.04947  -84.73565     3947  32.1  0  0  7 21 0 0 1 1 1 0 0 0 0 1 1 1 0 1
2014   2 28  8  7 51  41330  -32.51350   19.79045    18032  51.4  1  0  6 15 0 0 1 1 1 0 0 1 0 0 1 0 0 1
2014   2 28  8  7 51 753582  -14.68285  -43.59182     2975  38.3  0  0  6 15 0 0 1 1 1 0 0 1 0 0 1 0 0 1
2014   2 28  8  7 52 165305  -21.92754  -50.52484     3583  82.7  2  0  7 19 0 0 1 0 1 0 0 1 0 1 1 1 0 1
2014   2 28  8  7 52 467068  -21.46711  -46.00073     3759  77.3  2  0  7 19 0 0 1 1 1 0 0 1 0 0 0 1 1 1
2014   2 28  8  7 52 513771  -21.46751  -46.03444     3298  65.6  1  0  7 21 0 0 1 1 1 0 0 1 0 1 1 0 0 1
2014   2 28  8  7 52 531664  -21.53973  -45.94584     4255  52.1  2  0  5  9 0 0 0 1 1 0 0 1 0 0 1 0 0 1
2014   2 28  8  7 52 924593  -21.36326  -46.06020     3192  47.7  1  0  6 15 0 0 1 1 1 0 0 0 0 1 1 0 0 1
2014   2 28  8  7 52 943175  -21.54560  -45.97064     4474  51.6  2  0  5  9 0 0 1 1 1 0 0 1 0 0 0 0 0 1
2014   2 28  8  7 53 334328  -21.54622  -45.96286     4572  53.9  2  0  5  9 0 0 1 1 1 0 0 1 0 0 0 0 0 1
2014   2 28  8  7 53 374034  -21.35530  -46.06091     3264  50.7  1  0  6 15 0 0 1 1 1 0 0 0 0 1 1 0 0 1
2014   2 28  8  7 53 544547    5.66879  -72.29623     7054  83.6  2  0  6 13 0 0 1 1 1 0 0 1 0 0 1 1 0 0
2014   2 28  8  7 54  38045  -21.22854  -46.28484     4024  79.2  2  0  6 15 0 0 1 1 0 0 0 1 0 1 1 0 0 1
2014   2 28  8  7 55 733244  -23.43612  -45.65008     4867  94.4  2  0  6 15 0 0 1 1 1 0 0 1 0 1 0 1 0 0
2014   2 28  8  7 55 765469  -23.27504  -45.74082     3531  45.6  1  0  6 15 0 0 1 1 1 0 0 0 0 1 1 0 0 1
2014   2 28  8  7 58 705454    9.45165  140.90289     7644  20.5  1  0  4  6 0 0 1 0 0 0 0 0 0 1 1 1 0 0
2014   2 28  8  7 59 460840  -12.20893  155.70146    17336 107.0  2  0  6 15 0 0 1 1 0 0 0 1 0 1 0 1 0 1
2014   2 28  8  7 59 779656  -21.51593  -45.74094     4574  83.0  2  0  6 15 0 0 1 1 1 0 0 1 0 0 1 0 0 1
2014   2 28  8  7 59 966614   -2.71655  -71.80931     3274   2.6  0  0  4  6 0 0 1 1 0 0 0 0 0 1 0 1 0 0
2014   2 28  8  8  0 256442    3.17668  146.32918     7928  14.7  0  0  6 15 0 0 1 1 1 0 0 0 0 0 1 1 0 1
2014   2 28  8  8  0 432438   -9.85665  153.78552    63261  18.5  0  0  4  6 0 0 1 1 0 0 0 1 0 0 1 0 0 0
2014   2 28  8  8  0 640989  -10.65958  -57.72401     2743  13.7  0  0  6 14 0 0 0 1 1 0 0 1 0 0 1 1 0 1
2014   2 28  8  8  2 682183  -24.96551  -44.85088     3002  34.7  0  0  7 20 0 0 1 1 0 0 0 1 0 1 1 1 0 1
2014   2 28  8  8  2 697222  -24.97682  -44.88641     4057  24.3  0  0  5 10 0 0 1 0 1 0 0 1 0 0 1 0 0 1
2014   2 28  8  8  3 137372  -24.98925  -44.85858     3677  29.9  0  0  5 10 0 0 1 1 1 0 0 1 0 0 0 0 0 1
2014   2 28  8  8  3 207285  -21.42102  -46.22623     3017   4.6  0  0  5  8 0 0 1 1 1 0 0 1 0 0 1 0 0 0
2014   2 28  8  8  3 229871  -21.37012  -46.41277     3246  34.3  1  0  5 10 0 0 0 1 1 0 0 1 0 1 0 0 0 1
2014   2 28  8  8  3 247823  -21.37628  -46.31205     3244  20.6  0  0  5  8 0 0 1 1 0 0 0 1 0 0 1 0 0 1
2014   2 28  8  8  3 421710  -12.96361  157.25319     8278   0.8  0  0  4  6 0 0 1 0 0 0 0 1 0 0 1 1 0 0
2014   2 28  8  8  3 490704  -21.38106  -46.38054     3191  18.1  0  0  5  7 0 0 1 1 1 0 0 1 0 0 0 0 0 1
2014   2 28  8  8  3 569677  -21.37069  -46.29808     3028  19.1  0  0  5  9 0 0 1 1 0 0 0 1 0 0 1 0 0 1
2014   2 28  8  8  3 641443  -21.41588  -46.21811     2847   3.7  0  0  5  9 0 0 1 1 1 0 0 1 0 0 1 0 0 0
2014   2 28  8  8  3 722779  -21.39866  -46.34521     3524  19.6  0  0  5  7 0 0 1 1 1 0 0 1 0 0 0 0 0 1
2014   2 28  8  8  3 917893    7.44058  -73.82511     4049  25.1  0  0  6 13 0 0 1 0 1 0 0 1 0 0 1 1 0 1
2014   2 28  8  8  3 970516    7.03619  -73.50876     6986  16.5  0  0  5  9 0 0 1 0 1 0 0 1 0 0 1 0 0 1
2014   2 28  8  8  4   9676    6.50245  -74.24831     7142  29.7  0  0  6 15 0 0 1 1 1 0 0 1 0 0 1 0 0 1
2014   2 28  8  8  4 100447   -5.69983  151.25987    58536  45.9  1  0  5 10 0 0 1 1 1 0 0 1 0 0 1 0 0 0
2014   2 28  8  8  4 432549  -50.28237  -83.04435    31190  19.3  0  0  5  9 0 0 1 1 1 0 0 0 0 0 0 1 0 1
2014   2 28  8  8  4 651659  -18.99933 -142.02661     9831  41.6  0  0  7 21 0 0 1 1 1 0 0 1 0 0 1 1 0 1
2014   2 28  8  8  4 687872  -29.28308  -91.36469    31204  57.9  2  0  5  9 0 0 0 1 1 0 0 0 0 0 1 1 0 1
2014   2 28  8  8  4 719247  -19.06967 -141.99454    17692  48.5  1  0  5 10 0 0 1 1 1 0 0 1 0 0 0 1 0 0
2014   2 28  8  8  5 675251  -11.59098  167.42259    14176  55.8  1  0  7 20 0 0 1 1 1 0 0 1 0 1 1 1 0 0
2014   2 28  8  8  5 838334  -12.20478  169.37755    22060  42.0  1  0  6 14 0 0 0 1 1 0 0 0 0 1 1 1 0 1
2014   2 28  8  8  6 260541  -33.26329  -63.60923     7480   1.0  0  0  4  6 0 0 1 1 0 0 0 0 0 0 1 0 0 1
2014   2 28  8  8  7 314802  -32.16420 -134.04529    13437  55.6  1  0  7 21 0 0 1 0 1 0 0 1 0 1 1 1 0 1
2014   2 28  8  8  7 352221  -32.13701 -136.57631    22744  36.8  1  0  5 10 0 0 0 0 1 0 0 1 0 0 1 1 0 1
2014   2 28  8  8  7 399250  -32.21592 -134.02136    18334  59.5  1  0  6 15 0 0 1 1 1 0 0 1 0 0 0 1 0 1
2014   2 28  8  8  7 588914  -32.17886 -132.47566    13819  27.9  0  0  5 10 0 0 1 1 1 0 0 0 0 0 0 1 0 1
2014   2 28  8  8  7 706544  -33.16718 -130.12244    44814  56.0  2  0  5 10 0 0 1 1 0 0 0 1 0 0 1 0 0 1
2014   2 28  8  8  7 887841  -31.95283 -135.79489    11782   9.4  0  0  4  6 0 0 1 0 0 0 0 1 0 0 1 1 0 0
2014   2 28  8  8  8 286857  -22.85244  -45.77165     3740  56.1  1  0  6 15 0 0 1 1 1 0 0 1 0 0 1 0 0 1
2014   2 28  8  8  8 311687  -21.63637 -141.00935    19791  74.7  2  0  6 15 0 0 1 1 1 0 0 1 0 0 1 1 0 0
2014   2 28  8  8 11 384986    4.66831  -83.84799     5476  63.0  1  0  7 21 0 0 1 1 1 0 0 0 0 1 1 1 0 1
2014   2 28  8  8 11 458303    3.39942  -81.51254    69016  61.9  2  0  5 10 0 0 0 1 1 0 0 0 0 1 1 0 0 1
2014   2 28  8  8 11 919370  -21.40568  -46.04843     5193  50.3  2  0  5  7 0 0 0 1 1 0 0 1 0 0 1 0 0 1
2014   2 28  8  8 11 990263  -14.00393  162.12456    10710  58.4  1  0  7 20 0 0 1 0 1 0 0 1 0 0 1 1 1 1
2014   2 28  8  8 12  96730  -12.20332  155.72581    12962  91.2  2  0  7 21 0 0 1 1 1 0 0 1 0 0 1 1 0 1
2014   2 28  8  8 12 115193   -9.27163  149.15189    15134  31.8  1  0  5 10 0 0 1 1 1 0 0 0 0 0 1 1 0 0
2014   2 28  8  8 12 164283  -12.22561  155.69789    13061  92.0  2  0  7 21 0 0 1 1 1 0 0 1 0 0 1 1 0 1
2014   2 28  8  8 12 247998  -12.26478  155.76988    17338 100.2  2  0  6 15 0 0 1 1 0 0 0 1 0 0 1 1 0 1
2014   2 28  8  8 12 261541   -3.30059  146.47386    22426  22.3  1  0  4  6 0 0 1 1 0 0 0 1 0 0 1 0 0 0
2014   2 28  8  8 12 448987  -12.36859  156.23260    11266  61.2  2  0  6 15 0 0 1 0 1 0 0 1 0 0 1 1 0 1
2014   2 28  8  8 14 172603  -20.73112  -47.37053     4750 131.1  2  0  7 21 0 0 1 0 1 0 0 1 0 0 1 1 1 1
2014   2 28  8  8 14 422923   32.22567 -170.23128    21969 104.2  2  0  6 15 0 0 1 1 1 0 0 1 0 0 0 1 0 1
2014   2 28  8  8 14 475824   -4.17637  -70.89049     5429  20.9  1  0  4  6 0 0 0 1 0 0 0 0 0 0 1 1 0 1
2014   2 28  8  8 15 229467    4.83786  -71.52287    14018  63.3  2  0  5 10 0 0 1 0 1 0 0 1 0 0 1 0 0 1
2014   2 28  8  8 16 625892  -33.19404  -39.97187     4314  16.6  0  0  5 10 0 0 1 0 1 0 0 1 0 0 1 0 0 1
2014   2 28  8  8 16 627926  -13.06986  157.23311     8208  23.0  0  0  5 10 0 0 1 1 0 0 0 1 0 0 1 1 0 0
2014   2 28  8  8 16 838550   -7.86664   10.12648    12496  12.7  0  0  5  8 0 0 1 1 1 0 0 1 0 0 0 0 0 1
2014   2 28  8  8 16 958847  -33.26340  -39.83905     5078  21.4  0  0  5  8 0 0 1 1 1 0 0 1 0 0 0 0 0 1
2014   2 28  8  8 17  12151  -33.15846  -39.96072     4206   7.2  0  0  5 10 0 0 0 1 1 0 0 0 0 1 1 0 0 1
2014   2 28  8  8 17 398733  -20.97298  -46.61207     2942  21.1  0  0  5 10 0 0 1 0 0 0 0 1 0 1 1 0 0 1
2014   2 28  8  8 17 408049  -20.98441  -46.53409     2463   9.7  0  0  6 15 0 0 1 1 1 0 0 1 0 0 1 0 0 1
2014   2 28  8  8 17 497061  -33.23646  -39.86263     3323  21.6  0  0  6 15 0 0 1 1 1 0 0 1 0 0 1 0 0 1
2014   2 28  8  8 17 574645  -33.17021  -40.11624     3791  27.6  0  0  7 21 0 0 1 0 1 0 0 1 0 1 1 1 0 1
2014   2 28  8  8 17 589875  -30.35548  -41.38755     4079  28.3  0  0  7 18 0 0 0 1 1 0 0 1 0 1 1 1 0 1
2014   2 28  8  8 17 692008  -33.34243  -39.75428     3381  23.2  0  0  6 15 0 0 1 1 0 0 0 1 0 1 1 0 0 1
2014   2 28  8  8 17 713785  -33.36851  -39.70419     4036  25.2  0  0  5 10 0 0 1 1 1 0 0 1 0 0 1 0 0 0
2014   2 28  8  8 17 823459  -30.33978  -41.33371     2736  10.8  0  0  6 15 0 0 1 1 1 0 0 0 0 1 1 0 0 1
2014   2 28  8  8 17 833282  -45.63618  -38.83736     9886  15.6  0  0  4  6 0 0 1 1 0 0 0 1 0 0 0 0 0 1
2014   2 28  8  8 18 272460  -25.35025  -44.35183     3661  28.2  0  0  5 10 0 0 1 1 1 0 0 1 0 0 1 0 0 0
2014   2 28  8  8 18 550887  -25.32461  -44.38546     2736  26.3  0  0  7 21 0 0 1 1 1 0 0 1 0 1 1 0 0 1
2014   2 28  8  8 19 949373  -30.48734  -41.56580     3559  30.8  0  0  6 15 0 0 1 1 1 0 0 1 0 0 1 0 0 1
2014   2 28  8  8 19 956326  -30.41910  -41.67638     3169  25.3  0  0  6 15 0 0 1 1 1 0 0 0 0 1 0 1 0 1
2014   2 28  8  8 20 308010  -30.55579  -41.58447     3473  41.3  0  0  7 21 0 0 1 1 1 0 0 1 0 0 1 1 0 1
2014   2 28  8  8 20 331099  -30.60466  -41.52544     6420  36.0  1  0  5 10 0 0 0 1 1 0 0 1 0 0 1 0 0 1
2014   2 28  8  8 20 400865  -21.38341  -46.26820     3249  25.0  0  0  5  9 0 0 0 1 1 0 0 1 0 0 1 0 0 1
2014   2 28  8  8 20 436462  -30.59331  -41.55442     4439  37.6  1  0  5 10 0 0 1 1 0 0 0 1 0 1 1 0 0 0
2014   2 28  8  8 20 459314  -30.57241  -41.57846     3173  32.4  0  0  7 21 0 0 1 1 1 0 0 1 0 1 1 0 0 1
2014   2 28  8  8 20 648314  -21.44630  -46.06855     2922  45.7  0  0  7 21 0 0 1 1 1 0 0 1 0 0 1 1 0 1
2014   2 28  8  8 20 901762   -0.93840  -71.84287     6199  35.1  1  0  5  9 0 0 0 0 1 0 0 1 0 0 1 1 0 1
2014   2 28  8  8 20 937733   30.50625  114.77290     5212   3.9  0  0  4  6 0 0 1 1 0 0 0 0 0 0 1 0 0 1
2014   2 28  8  8 21  62888  -32.05770  -41.05130     3228  12.4  0  0  5 10 0 0 1 1 1 0 0 0 0 0 1 0 0 1
2014   2 28  8  8 21  82418  -31.94432  -41.61296     5744  41.7  1  0  6 15 0 0 1 0 1 0 0 1 0 1 0 1 0 1
2014   2 28  8  8 22 340682   -1.23836  149.72165     8060  57.2  1  0  6 15 0 0 1 1 0 0 0 1 0 0 1 1 0 1
2014   2 28  8  8 22 370231   -1.24624  149.70844     8290  59.5  1  0  6 15 0 0 1 1 1 0 0 1 0 0 1 1 0 0
2014   2 28  8  8 22 413530   -1.41837  149.96893     7228  38.8  0  0  6 14 0 0 0 1 1 0 0 1 0 1 0 1 0 1
2014   2 28  8  8 22 506715  -23.32255  -45.70256     2856  20.0  0  0  6 14 0 0 1 1 1 0 0 0 0 0 1 1 0 1
2014   2 28  8  8 22 897456    0.31375   -0.85048    13050  35.6  1  0  5 10 0 0 1 1 1 0 0 0 0 0 1 1 0 0
2014   2 28  8  8 23 331345   -4.52659  145.63808     5807   4.7  0  0  4  6 0 0 1 0 0 0 0 1 0 0 1 1 0 0
2014   2 28  8  8 23 615712  -23.64763  -45.63733     4470  47.4  1  0  5 10 0 0 1 1 1 0 0 1 0 0 0 0 0 1
2014   2 28  8  8 23 627600  -21.41093  -45.73378     3634  43.8  1  0  6 12 0 0 0 1 1 0 0 1 0 0 1 0 1 1
2014   2 28  8  8 23 899128  -10.70294  -56.83976     2836  37.7  0  0  7 21 0 0 1 1 1 0 0 0 0 1 1 1 0 1
2014   2 28  8  8 23 981626  -10.73590  -56.80583     2840  38.1  0  0  7 21 0 0 1 1 1 0 0 0 0 1 1 1 0 1
2014   2 28  8  8 24  32488  -22.20494  -46.06584     3290  68.5  1  0  7 21 0 0 1 1 1 0 0 1 0 0 1 1 0 1
2014   2 28  8  8 24 345522  -21.22642  -46.97830     2839  41.9  0  0  7 18 0 0 1 1 1 0 0 0 0 1 1 1 0 1
2014   2 28  8  8 25 248552    3.76174  -84.80788     7908  78.5  2  0  6 15 0 0 1 1 1 0 0 1 0 0 1 1 0 0
2014   2 28  8  8 25 773228  -21.87622  -50.49906     4236  99.0  2  0  7 17 0 0 1 1 1 0 0 1 0 0 1 1 0 1
2014   2 28  8  8 25 786717  -21.96986  -50.55390     3831  71.4  2  0  6 13 0 0 1 0 1 0 0 1 0 1 1 0 0 1
2014   2 28  8  8 26 149228  -14.20257  178.50148    14414  53.9  1  0  7 21 0 0 1 1 1 0 0 0 0 1 1 1 0 1
2014   2 28  8  8 26 214294  -22.42562 -139.63649    22993  89.6  2  0  6 15 0 0 1 1 1 0 0 1 0 0 1 1 0 0
2014   2 28  8  8 26 453256  -22.91598  -45.50736     4439  72.8  2  0  6 15 0 0 1 1 1 0 0 1 0 0 1 0 0 1
2014   2 28  8  8 27 104109   -9.70639  159.96687    16948  96.9  2  0  6 15 0 0 1 1 1 0 0 1 0 0 1 1 0 0
2014   2 28  8  8 28 183951  -12.17583  -71.43874     3575  52.6  1  0  7 21 0 0 1 1 1 0 0 0 0 1 1 1 0 1
2014   2 28  8  8 28 194600  -12.16849  -71.50806     3973  48.8  1  0  6 15 0 0 1 1 1 0 0 0 0 0 1 1 0 1
2014   2 28  8  8 28 292119  -12.27176  -71.63562     4945 101.9  2  0  7 21 0 0 1 1 0 0 0 1 0 1 1 1 0 1
2014   2 28  8  8 28 405283  -12.16683  -71.46056     3586  53.3  1  0  7 21 0 0 1 1 1 0 0 0 0 1 1 1 0 1
2014   2 28  8  8 29 116956  -12.29403  -71.66874     5848 102.0  2  0  6 15 0 0 1 1 1 0 0 1 0 0 0 1 0 1
2014   2 28  8  8 29 294063  -33.30011  -39.16573     4753  65.5  1  0  7 21 0 0 1 1 1 0 0 0 0 1 1 1 0 1
2014   2 28  8  8 30  17619  -14.72678  -43.56667     3445  73.8  2  0  7 19 0 0 1 1 1 0 0 1 0 0 1 1 0 1
2014   2 28  8  8 30 716300    0.30206  -80.36879    26724  51.3  2  0  5 10 0 0 0 0 1 0 0 1 0 1 1 0 0 1
2014   2 28  8  8 30 755348    3.12714  -85.28450     8231 107.7  2  0  7 21 0 0 1 0 1 0 0 1 0 1 1 1 0 1
2014   2 28  8  8 30 809827  -13.24482  -38.93629     6201 121.3  2  0  7 18 0 0 0 1 0 0 0 1 0 1 1 1 1 1
2014   2 28  8  8 31 271976    0.16578  142.95778     6515   8.6  0  0  5 10 0 0 1 1 0 0 0 1 0 0 1 0 0 1
2014   2 28  8  8 32 348261  -21.95618 -140.57422     9240   9.5  0  0  6 15 0 0 0 0 1 0 0 0 0 1 1 1 1 1
2014   2 28  8  8 32 383803  -21.93610 -140.85866     4725   5.6  0  0  7 21 0 0 1 1 1 0 0 0 0 1 1 1 0 1
2014   2 28  8  8 32 428705  -22.30984 -140.06705    17989   0.4  0  0  4  6 0 0 1 1 0 0 0 1 0 0 1 0 0 0
2014   2 28  8  8 32 437007  -21.95873 -140.94859     8121  11.8  0  0  5 10 0 0 1 1 0 0 0 1 0 0 1 1 0 0
2014   2 28  8  8 33 575704  -31.31490 -131.33037     4883   5.4  0  0  7 21 0 0 1 1 1 0 0 0 0 1 1 1 0 1
2014   2 28  8  8 33 666113    4.22635  -84.09614    23767  10.7  0  0  4  6 0 0 1 0 0 0 0 0 0 1 1 0 0 1
2014   2 28  8  8 33 761373    4.53306  -84.36401     3390  19.8  0  0  7 21 0 0 1 1 1 0 0 1 0 1 1 1 0 0
2014   2 28  8  8 33 947159    4.25635  -84.06528     4189  13.1  0  0  7 21 0 0 1 1 1 0 0 1 0 1 1 0 0 1
2014   2 28  8  8 34 459749  -33.21592  -39.89550     3342  21.0  0  0  6 15 0 0 1 1 1 0 0 1 0 0 1 0 0 1
2014   2 28  8  8 34 533365  -33.20999  -39.83210     3824  18.7  0  0  5  8 0 0 1 1 1 0 0 1 0 0 1 0 0 0
2014   2 28  8  8 34 855053  -33.24698  -39.85792     3183  26.4  0  0  7 20 0 0 1 1 0 0 0 1 0 1 1 1 0 1
2014   2 28  8  8 35 224930   -4.61007  -72.00276     6478  25.0  1  0  4  6 0 0 0 1 1 0 0 1 0 0 0 1 0 0
2014   2 28  8  8 35 290119   -4.58636  -71.95720     4616  22.4  0  0  5 10 0 0 0 1 1 0 0 1 0 1 0 1 0 0
2014   2 28  8  8 35 558558    5.12275  -72.75664     6581  34.8  1  0  5  8 0 0 0 1 1 0 0 1 0 0 1 1 0 0
2014   2 28  8  8 36 200885  -21.85199 -142.71646    30095  30.2  1  0  4  6 0 0 0 1 1 0 0 1 0 0 0 1 0 0
2014   2 28  8  8 36 510702   29.72296 -128.63982    18110  39.7  1  0  5  9 0 0 1 1 1 0 0 0 0 0 1 1 0 0
2014   2 28  8  8 36 849256  -20.49788  -46.21364     3808  42.0  1  0  5 10 0 0 0 1 1 0 0 1 0 0 0 1 0 1
2014   2 28  8  8 36 863520  -20.52678  -46.09682     2784  21.2  0  0  6 15 0 0 1 1 1 0 0 1 0 0 1 0 0 1
2014   2 28  8  8 37 357654    4.80455  -84.59621    11625  38.0  1  0  5 10 0 0 1 1 0 0 0 1 0 0 1 0 0 1
2014   2 28  8  8 37 435865  -12.88843  156.76146     6782  38.7  0  0  7 21 0 0 0 1 1 0 0 1 0 1 1 1 0 1
2014   2 28  8  8 37 482020  -12.84615  156.79985    14983  58.7  2  0  5 10 0 0 1 1 0 0 0 1 0 0 1 1 0 0
2014   2 28  8  8 37 516874   -6.24596  149.76839    46491  29.5  1  0  4  6 0 0 1 1 0 0 0 1 0 0 1 0 0 0
2014   2 28  8  8 37 658117  -14.41235  -42.52314     3220  37.9  1  0  5  9 0 0 1 1 1 0 0 1 0 0 1 0 0 0
2014   2 28  8  8 38 447618   -5.89259  149.19885    43561  30.9  1  0  4  6 0 0 1 1 0 0 0 1 0 0 1 0 0 0
2014   2 28  8  8 38 762896  -21.37928  -45.90035     3667  30.2  1  0  5  9 0 0 1 1 1 0 0 0 0 0 1 0 0 1
2014   2 28  8  8 38 894802  -21.41604  -45.89478     3491  29.1  0  0  5  9 0 0 1 1 0 0 0 1 0 0 1 0 0 1
2014   2 28  8  8 39  63131  -12.75514  156.58635     9837  55.2  1  0  7 19 0 0 1 1 1 0 0 1 0 0 1 1 0 1
2014   2 28  8  8 40 190860  -20.67077  -46.28557     3235  59.3  1  0  7 21 0 0 1 1 1 0 0 1 0 1 1 0 0 1
2014   2 28  8  8 42 201272   -9.77308  150.03603    17696  33.5  1  0  5 10 0 0 1 1 1 0 0 0 0 0 1 1 0 0
2014   2 28  8  8 43 496190  -32.17336 -131.01053    20288  29.7  1  0  4  6 0 0 1 1 1 0 0 0 0 0 0 1 0 0
2014   2 28  8  8 43 528553  -20.90009  -46.24545     4071  14.0  0  0  4  6 0 0 1 0 0 0 0 0 0 1 1 0 0 1
2014   2 28  8  8 44 423508  -14.58398  -43.36712     3664  80.1  2  0  7 19 0 0 1 1 1 0 0 1 0 0 1 1 0 1
2014   2 28  8  8 44 430595  -14.70191  -43.49660     3650  35.9  1  0  5  9 0 0 1 1 0 0 0 1 0 0 1 0 0 1
2014   2 28  8  8 44 815303  -21.70911 -140.25772    26306 104.3  2  0  6 15 0 0 1 1 1 0 0 1 0 0 1 1 0 0
2014   2 28  8  8 44 873122  -21.43373 -141.86053    22854  59.9  2  0  5 10 0 0 1 0 0 0 0 1 0 0 1 1 0 1
2014   2 28  8  8 45  72795  -21.28437 -142.74605    12447  14.0  0  0  4  6 0 0 1 0 0 0 0 1 0 0 1 1 0 0
2014   2 28  8  8 45 194561  -25.45250 -120.54766    78273  26.8  0  0  5 10 0 0 0 1 1 0 0 1 0 1 0 0 0 1
2014   2 28  8  8 45 272806  -21.89612 -139.69569    27766  98.3  2  0  6 14 0 0 1 1 1 0 0 1 0 0 0 1 0 1
2014   2 28  8  8 46 301610  -33.40336  -39.11875     6112  75.7  2  0  6 14 0 0 1 1 1 0 0 1 0 0 1 0 0 1
2014   2 28  8  8 46 392485  -33.43027  -39.12091     6449  78.7  2  0  6 13 0 0 1 1 1 0 0 1 0 0 1 0 0 1
2014   2 28  8  8 46 419529  -33.45802  -39.07294     6382  79.2  2  0  6 15 0 0 1 1 1 0 0 1 0 0 1 0 0 1
2014   2 28  8  8 46 567173  -33.34091  -39.34703     6018  93.9  2  0  7 21 0 0 1 1 1 0 0 1 0 1 1 0 0 1
2014   2 28  8  8 49 399356   -9.77769  161.92590     6811  24.0  0  0  6 14 0 0 1 0 1 0 0 1 0 0 1 1 0 1
2014   2 28  8  8 50  64019  -25.33586  -44.35032     3691  28.5  0  0  5 10 0 0 1 1 1 0 0 1 0 0 1 0 0 0
2014   2 28  8  8 50 986562  -20.80800  -46.33424     2688  33.2  0  0  7 21 0 0 1 1 1 0 0 1 0 1 1 0 0 1
2014   2 28  8  8 52 113134  -30.48845  -41.22665     4887  38.8  0  0  7 18 0 0 0 1 1 0 0 1 0 1 1 1 0 1
2014   2 28  8  8 52 121973  -30.64000  -41.01116     3423  15.7  0  0  5 10 0 0 1 1 1 0 0 0 0 0 1 0 0 1
2014   2 28  8  8 52 140405  -30.64227  -41.01147     3423  15.7  0  0  5 10 0 0 1 1 1 0 0 0 0 0 1 0 0 1
2014   2 28  8  8 52 148641  -30.66776  -41.01949     3650  32.2  0  0  6 15 0 0 1 1 1 0 0 1 0 0 1 0 0 1
2014   2 28  8  8 52 154953  -30.58801  -41.07875     4609  28.3  0  0  5  8 0 0 1 1 0 0 0 0 0 1 1 1 0 0
2014   2 28  8  8 52 211482  -30.62354  -41.02462     3239  20.3  0  0  6 15 0 0 1 1 1 0 0 0 0 0 1 1 0 1
2014   2 28  8  8 52 238341  -30.63847  -41.00433     3377  14.9  0  0  5 10 0 0 1 1 1 0 0 0 0 0 1 0 0 1
2014   2 28  8  8 52 331383  -30.60560  -41.14605     3971  16.5  0  0  5  7 0 0 1 1 0 0 0 0 0 1 0 1 0 1
2014   2 28  8  8 52 399534  -30.66262  -41.02105     3705  33.3  0  0  6 15 0 0 1 1 1 0 0 1 0 0 1 0 0 1
2014   2 28  8  8 52 747221   -6.41801    8.49609     9909   8.5  0  0  5  9 0 0 1 1 1 0 0 1 0 0 0 0 0 1
2014   2 28  8  8 52 871183    6.68736  -73.67642     3845  39.9  0  0  7 21 0 0 1 1 1 0 0 1 0 0 1 1 0 1
2014   2 28  8  8 53 381722  -34.22897  -38.83297    11575  18.4  0  0  5 10 0 0 0 1 1 0 0 0 0 1 0 1 0 1
2014   2 28  8  8 53 403528  -33.93765  -38.85687     6376  41.4  1  0  5 10 0 0 1 1 1 0 0 1 0 0 0 0 0 1
2014   2 28  8  8 53 425599  -33.94844  -38.84277     7804  50.2  2  0  5 10 0 0 1 0 0 0 0 1 0 0 1 1 0 1
2014   2 28  8  8 53 434598  -34.15887  -38.70923     5022  53.2  1  0  7 19 0 0 1 1 1 0 0 1 0 0 1 1 0 1
2014   2 28  8  8 53 582790  -33.99718  -38.72886     4354  40.1  1  0  6 15 0 0 1 1 1 0 0 1 0 0 1 0 0 1
2014   2 28  8  8 53 644902  -34.01051  -38.66384     4942  36.3  1  0  5 10 0 0 1 1 0 0 0 1 0 0 1 0 0 1
2014   2 28  8  8 53 758944  -32.23734 -133.63773    15410  52.1  1  0  6 15 0 0 1 1 1 0 0 1 0 0 1 1 0 0
2014   2 28  8  8 54 104431    6.18189  -77.15912     4360  47.5  0  0  7 21 0 0 1 1 1 0 0 1 0 0 1 1 0 1
2014   2 28  8  8 54 385969   -4.77913  -71.64542     4220  51.9  1  0  6 15 0 0 1 1 0 0 0 1 0 0 1 1 0 1
2014   2 28  8  8 54 466818  -30.81272  -41.41073     4472  54.5  1  0  6 15 0 0 1 1 1 0 0 1 0 1 1 0 0 0
2014   2 28  8  8 54 474891  -30.80983  -41.40451     3802  49.1  0  0  7 21 0 0 1 1 1 0 0 1 0 1 1 0 0 1
2014   2 28  8  8 54 495580   -4.76267  -71.48854     4729  40.2  1  0  5 10 0 0 1 0 0 0 0 0 0 1 1 1 0 1
2014   2 28  8  8 54 555872   -4.84310  -71.64938     4457  56.6  1  0  6 15 0 0 1 1 0 0 0 1 0 1 0 1 0 1
2014   2 28  8  8 54 633994   -4.86134  -71.84210     4998  65.9  1  0  7 21 0 0 0 1 1 0 0 1 0 1 1 1 1 0
2014   2 28  8  8 54 658492   -4.83987  -71.71200     5331  58.4  1  0  7 21 0 0 0 1 1 0 0 1 0 1 1 1 0 1
2014   2 28  8  8 54 827700   -4.81329  -71.62209     3924  59.8  1  0  7 21 0 0 1 1 0 0 0 1 0 1 1 1 0 1
2014   2 28  8  8 56 348315  -33.18753  -39.59455     4853  52.9  1  0  6 15 0 0 1 1 1 0 0 1 0 0 1 0 0 1
2014   2 28  8  8 56 655135  -21.88737  -50.72885     6404  45.8  1  0  5  7 0 0 1 0 0 0 0 1 0 0 1 1 0 1
2014   2 28  8  8 56 828206  -33.11136  -39.76689     4691  64.5  1  0  7 21 0 0 1 1 1 0 0 1 0 1 1 0 0 1
2014   2 28  8  8 56 888587  -33.20070  -39.55596     6466  61.2  2  0  5 10 0 0 1 1 1 0 0 1 0 0 1 0 0 0
2014   2 28  8  8 56 922378  -33.52591   17.97018    32097  68.5  2  0  5 10 0 0 1 1 1 0 0 1 0 0 1 0 0 0
2014   2 28  8  8 57  81553    3.18005    2.02559    21489  89.3  2  0  6 15 0 0 1 1 1 0 0 1 0 0 1 1 0 0
2014   2 28  8  8 57 290296    1.41694   -1.51610    24437  58.8  1  0  6 15 0 0 1 1 1 0 0 1 0 0 1 0 0 1
2014   2 28  8  8 58 431999  -21.41806  -46.07155     3793  92.5  2  0  7 19 0 0 0 1 1 0 0 1 0 1 1 1 0 1
2014   2 28  8  8 58 456845  -21.30874  -46.05495     3046  58.3  1  0  7 20 0 0 1 1 1 0 0 0 0 1 1 1 0 1
2014   2 28  8  8 58 496954  -21.50814  -45.89257     4440  57.1  2  0  5 10 0 0 1 1 1 0 0 1 0 0 0 0 0 1
2014   2 28  8  8 58 826938   -3.93701  148.10257     8500  76.2  2  0  6 15 0 0 0 1 1 0 0 1 0 1 1 1 0 0
2014   2 28  8  8 59  64023    5.01388  -70.94626    26462  53.8  2  0  5 10 0 0 0 0 1 0 0 1 0 1 1 0 0 1
2014   2 28  8  8 59 394372    3.66687  -83.09048    11074  77.3  2  0  7 21 0 0 1 1 1 0 0 1 0 1 1 0 0 1
2014   2 28  8  8 59 438679    4.63788  -84.17030     7932  82.5  2  0  6 15 0 0 1 1 1 0 0 1 0 0 0 1 0 1
2014   2 28  8  8 59 486181    4.62100  -83.75685     5236  59.0  1  0  7 21 0 0 1 1 1 0 0 0 0 1 1 1 0 1
2014   2 28  8  8 59 546145    4.65119  -84.21116    13465  96.3  2  0  7 21 0 0 0 1 1 0 0 1 0 1 1 1 0 1
2014   2 28  8  8 59 572607  -22.77175  -45.87190     3877  90.9  2  0  7 21 0 0 1 1 1 0 0 1 0 1 1 0 0 1
2014   2 28  8  8 59 592590    3.67267  -83.07755    11323  79.6  2  0  7 21 0 0 1 1 1 0 0 1 0 1 1 0 0 1
2014   2 28  8  8 59 661780    4.65348  -84.22883    13569  97.1  2  0  7 21 0 0 0 1 1 0 0 1 0 1 1 1 0 1
2014   2 28  8  8 59 805691    1.99543  -79.64056    16853  30.3  1  0  5 10 0 0 0 1 1 0 0 1 0 0 1 0 0 1
2014   2 28  8  9  0 537795   12.23377  -98.99666    22153  20.0  0  0  4  6 0 0 0 1 1 0 0 0 0 1 0 1 0 0
2014   2 28  8  9  1  26103   -4.49618  -71.69487     6021  94.4  2  0  6 15 0 0 1 1 1 0 0 1 0 0 0 1 0 1
2014   2 28  8  9  1 154156    7.69880  165.84557    10185  15.0  0  0  4  6 0 0 1 0 0 0 0 1 0 0 1 1 0 0
2014   2 28  8  9  1 393650    2.32051  -83.68928     5501  67.6  1  0  7 21 0 0 1 1 1 0 0 0 0 1 1 1 0 1
2014   2 28  8  9  4 141922    2.72349  -85.06851     6062  13.8  0  0  5 10 0 0 1 1 1 0 0 1 0 0 0 0 0 1
2014   2 28  8  9  4 166302    2.71229  -85.07104     6009  13.2  0  0  5 10 0 0 1 1 1 0 0 1 0 0 0 0 0 1
2014   2 28  8  9  4 218856    2.71812  -85.07263     4624  12.1  0  0  6 15 0 0 1 1 1 0 0 1 0 1 0 0 0 1
2014   2 28  8  9  5 644340  -33.48437  -39.34773     3597  22.8  0  0  6 15 0 0 1 1 1 0 0 1 0 1 0 0 0 1
2014   2 28  8  9  5 781333  -12.52038  -71.50716     4084  15.3  0  0  5  9 0 0 1 1 1 0 0 1 0 1 0 0 0 0
2014   2 28  8  9  5 814358  -33.58410  -39.13811     6538  20.7  1  0  4  6 0 0 1 1 0 0 0 1 0 0 0 0 0 1
2014   2 28  8  9  6 210894  -12.54085  -70.78203     9709  10.1  0  0  5  8 0 0 0 1 1 0 0 1 0 1 0 0 0 1
2014   2 28  8  9  6 273967  -12.23278  -71.77230     6552   4.0  0  0  4  6 0 0 1 1 1 0 0 0 0 1 0 0 0 0
2014   2 28  8  9  6 462579  -21.48470  -46.01399     3160  20.6  0  0  5  9 0 0 1 1 1 0 0 1 0 0 0 0 0 1
2014   2 28  8  9  7 494940  -30.40193  -41.24597     3769  32.7  0  0  6 15 0 0 1 1 1 0 0 1 0 1 0 0 0 1
2014   2 28  8  9  8 913903  -29.32868 -136.17905    31662  76.0  2  0  7 21 0 0 1 1 1 0 0 1 0 1 0 0 1 1
2014   2 28  8  9 10 430262  -24.97280  -44.82994     4700  70.4  2  0  6 14 0 0 1 1 1 0 0 1 0 1 0 0 0 1
2014   2 28  8  9 10 745770  -25.14902  -44.69628     5276  53.7  2  0  5  9 0 0 1 1 1 0 0 1 0 0 0 0 0 1
2014   2 28  8  9 11 814439   -5.97694  147.36816    24638  31.4  1  0  5  9 0 0 1 0 1 0 0 1 0 1 0 0 0 1
2014   2 28  8  9 12 193466  -33.18775  -39.71952     7996  68.1  2  0  5 10 0 0 1 1 0 0 0 1 0 1 0 0 0 1
2014   2 28  8  9 12 340259  -33.25783  -39.47521     7792  58.7  2  0  5 10 0 0 1 1 1 0 0 1 0 0 0 0 0 1
2014   2 28  8  9 13 172457  -33.23745  -39.46941     8095  61.8  2  0  5 10 0 0 1 1 1 0 0 1 0 0 0 0 0 1
2014   2 28  8  9 13 274419  -35.40823  -38.59150    22411  45.8  1  0  5 10 0 0 0 1 1 0 0 1 0 1 0 0 0 1
2014   2 28  8  9 13 441934  -32.96653  -40.63972     4880  18.6  0  0  5 10 0 0 1 0 1 0 0 1 0 1 0 0 0 1
2014   2 28  8  9 13 606488   -1.24312  -26.92942    35637  31.4  1  0  5 10 0 0 1 1 1 0 0 1 0 0 0 0 0 1
2014   2 28  8  9 14  60874  -20.53916  -45.94019     4169  46.7  1  0  5 10 0 0 1 1 1 0 0 1 0 0 0 0 0 1
2014   2 28  8  9 14 435625    5.45758  -73.23553    13509  55.1  2  0  5 10 0 0 1 1 1 0 0 1 0 1 0 0 0 0
2014   2 28  8  9 18 995634   27.89093 -123.44663    30770  84.6  2  0  6 15 0 0 1 1 1 0 0 1 0 1 0 0 0 1
