2014   2 28  1 29 36 468096   -8.05891  -60.11275     2981   6.8  0  0  4  6 0 0 1 1 0 0 0 0 0 0 0 1 0 1
2014   2 28  1 29 36 640692  -25.76423  -44.49945     3133   7.6  0  0  4  6 0 0 1 1 0 0 0 0 0 1 0 0 0 1
2014   2 28  1 29 40 926664  -10.50527  -75.44396     5953  65.5  2  0  5 10 0 0 1 1 0 0 0 0 0 1 0 1 0 1
2014   2 28  1 29 45 572723    1.71340  -80.35046    14598  15.9  0  0  4  6 0 0 1 1 0 0 0 0 0 1 0 0 0 1
2014   2 28  1 29 46 668799   15.67663  -48.27037     7278   7.8  0  0  4  6 0 0 1 0 0 0 0 0 0 1 0 1 0 1
2014   2 28  1 29 47 598325   17.00895  -36.26363     7246   6.7  0  0  4  6 0 0 1 1 0 0 0 0 0 1 0 1 0 0
2014   2 28  1 29 49 296412   -5.08855  -77.76278     6403   1.3  0  0  4  6 0 0 0 1 0 0 0 0 0 1 0 1 0 1
2014   2 28  1 29 50 120024    1.76185  -70.32936    11977  15.7  0  0  4  6 0 0 1 1 0 0 0 0 0 1 0 0 0 1
2014   2 28  1 29 52 116210  -19.53300  -50.75888     2710  11.6  0  0  5 10 0 0 1 0 1 0 0 1 0 0 1 0 0 1
2014   2 28  1 29 52 948537    6.50647   -9.72262    28316  45.3  1  0  6 11 0 0 1 1 0 0 0 1 0 0 1 1 0 1
2014   2 28  1 29 53  73400    4.18805  -71.93944     3681   9.2  0  0  5  9 0 0 0 1 1 0 0 1 0 0 1 1 0 0
2014   2 28  1 29 53 491549  -15.34889   24.59904    14222   6.7  0  0  5 10 0 0 1 1 1 0 0 0 0 0 1 0 0 1
2014   2 28  1 29 53 945037    3.59433  -71.92025     3641   9.1  0  0  5  8 0 0 0 1 1 0 0 1 0 0 1 1 0 0
2014   2 28  1 29 53 989084    3.74720  -72.12933     3095  12.1  0  0  7 20 0 0 0 1 1 0 0 1 0 1 1 1 0 1
2014   2 28  1 29 54 121161  -15.76649  -49.74895     2564   5.3  0  0  5 10 0 0 0 1 1 0 0 1 0 0 1 0 0 1
2014   2 28  1 29 54 132241  -15.76362  -49.73115     2479   9.9  0  0  6 15 0 0 1 1 1 0 0 1 0 0 1 0 0 1
2014   2 28  1 29 54 311923  -25.92250  -44.50943     2490  13.1  0  0  7 20 0 0 1 1 1 0 0 1 0 1 1 0 0 1
2014   2 28  1 29 54 681265  -12.49016  -74.26315     3127  32.5  0  0  7 21 0 0 1 1 0 0 0 1 0 1 1 1 1 0
2014   2 28  1 29 54 739360  -25.73694  -44.49648     2744   4.1  0  0  5  9 0 0 1 1 0 0 0 0 0 1 1 0 0 1
2014   2 28  1 29 54 763056  -25.75559  -44.50337     2461  14.5  0  0  7 21 0 0 1 1 1 0 0 1 0 1 1 0 0 1
2014   2 28  1 29 54 916934  -12.46426   32.47509    16754   9.4  0  0  5 10 0 0 1 1 1 0 0 0 0 0 1 0 0 1
2014   2 28  1 29 55  33559  -25.72894  -44.53748     2818  19.2  0  0  6 15 0 0 1 1 1 0 0 1 0 0 1 0 0 1
2014   2 28  1 29 55  49480  -25.75197  -44.50899     2488  15.9  0  0  7 21 0 0 1 1 1 0 0 1 0 1 1 0 0 1
2014   2 28  1 29 55 177479  -25.73629  -44.53674     2912  18.9  0  0  7 16 0 0 0 1 1 0 0 1 0 1 1 1 0 1
2014   2 28  1 29 55 349728  -25.74956  -44.50801     2748  16.8  0  0  6 15 0 0 1 1 1 0 0 1 0 0 1 0 0 1
2014   2 28  1 29 55 766622   -5.57077  -75.30215     4079   8.9  0  0  4  6 0 0 0 1 0 0 0 1 0 0 1 1 0 0
2014   2 28  1 29 56   2047   -5.56501  -75.38162     4170   9.9  0  0  4  6 0 0 0 1 0 0 0 1 0 0 1 1 0 0
2014   2 28  1 29 56  64033   -5.60709  -75.36317     4217  10.3  0  0  4  6 0 0 0 1 0 0 0 1 0 0 1 1 0 0
2014   2 28  1 29 56 164218    5.94836  -75.35726     4409  30.2  0  0  7 21 0 0 0 1 1 0 0 1 0 1 1 1 0 1
2014   2 28  1 29 56 322875    5.91128  -75.35529     4407  31.0  0  0  7 21 0 0 0 1 1 0 0 1 0 1 1 1 0 1
2014   2 28  1 29 56 553710  -23.99920  -45.91120     4623  41.3  1  0  5  8 0 0 0 1 1 0 0 1 0 0 1 0 0 1
2014   2 28  1 29 57  10591    4.33145  -72.15544     6727  35.5  1  0  5  8 0 0 0 1 1 0 0 1 0 0 1 1 0 0
2014   2 28  1 29 57 113630  -25.83767  -44.68726     4128  27.3  0  0  5  7 0 0 1 1 1 0 0 1 0 0 0 0 0 1
2014   2 28  1 29 57 630044  -24.11205  -50.46796     4237  56.7  1  0  6 13 0 0 1 1 1 0 0 1 0 1 1 0 0 0
2014   2 28  1 29 57 637125  -24.18215  -50.34773     5914  44.1  1  0  5  8 0 0 1 1 1 0 0 1 0 0 1 0 0 0
2014   2 28  1 29 57 903703  -24.03834  -50.42966     3684  38.0  1  0  5  9 0 0 1 0 0 0 0 1 0 1 1 0 0 1
2014   2 28  1 29 57 950995    5.76082  -77.20820     6588  34.9  1  0  5  7 0 0 0 1 0 0 0 1 0 0 1 1 0 1
2014   2 28  1 29 58  40556  -32.62566  -42.72559     4610  34.4  1  0  5 10 0 0 1 1 1 0 0 1 0 0 1 0 0 0
2014   2 28  1 29 58 494214    5.82804  -77.34099     7751  43.8  1  0  5  8 0 0 0 1 1 0 0 1 0 0 1 1 0 0
2014   2 28  1 29 58 928942  -15.76072  -49.76110     3822  37.2  1  0  5 10 0 0 0 1 1 0 0 1 0 0 1 0 0 1
2014   2 28  1 29 59  15715  -15.77337  -49.75824     3864  37.9  1  0  5 10 0 0 0 1 1 0 0 1 0 0 1 0 0 1
2014   2 28  1 29 59 349849   -3.13752  -48.76151     5029  42.6  1  0  5 10 0 0 0 1 1 0 0 0 0 0 1 1 0 1
2014   2 28  1 29 59 751501   -4.25011  -75.46564     6197  27.9  1  0  4  6 0 0 0 1 0 0 0 1 0 0 1 1 0 0
2014   2 28  1 29 59 904195   -4.48676  -75.16110    21164  61.3  2  0  5 10 0 0 0 1 1 0 0 1 0 0 1 0 0 1
2014   2 28  1 29 59 981866  -26.01311 -139.66225    28076  53.1  2  0  5 10 0 0 0 1 1 0 0 1 0 0 1 1 0 0
2014   2 28  1 30  0 257900   -4.32315  -75.26249     6946  43.7  1  0  5 10 0 0 0 0 1 0 0 1 0 0 1 1 0 1
2014   2 28  1 30  0 376876    5.54967  -76.51231     7817  81.8  2  0  6 13 0 0 1 1 1 0 0 1 0 0 1 1 0 0
2014   2 28  1 30  0 415765  -22.53332  -48.89566     4109  56.8  1  0  6 11 0 0 1 1 1 0 0 1 0 0 1 0 0 1
2014   2 28  1 30  0 427297  -22.38264  -49.21006     3149   4.1  0  0  4  6 0 0 1 1 0 0 0 1 0 0 1 0 0 0
2014   2 28  1 30  0 915615  -25.55907  -44.85352     3320  20.2  0  0  5 10 0 0 0 1 1 0 0 0 0 1 1 0 0 1
2014   2 28  1 30  0 991636  -25.65700  -44.79966     3199  32.8  0  0  6 15 0 0 1 1 1 0 0 0 0 1 1 0 0 1
2014   2 28  1 30  1 119379  -25.18635 -137.76718    16728  36.3  1  0  5  9 0 0 1 1 0 0 0 1 0 0 1 1 0 0
2014   2 28  1 30  1 281415  -19.23113  -51.02602     3338  14.1  0  0  5  7 0 0 1 1 1 0 0 1 0 0 1 0 0 0
2014   2 28  1 30  2 180865    4.28228  -72.31178     8554  74.8  2  0  5 10 0 0 0 1 1 0 0 1 0 0 1 1 0 0
2014   2 28  1 30  3  78429   43.83775 -126.67637    52993   2.0  0  0  4  6 0 0 0 1 0 0 0 1 0 0 1 1 0 0
2014   2 28  1 30  3  93203   43.78578 -126.34012    52866   1.9  0  0  4  6 0 0 0 1 0 0 0 1 0 0 1 1 0 0
2014   2 28  1 30  3 389502  -15.87800  -49.79582     4324  73.5  2  0  6 15 0 0 1 1 1 0 0 1 0 0 1 0 0 1
2014   2 28  1 30  3 766049  -20.30133  -54.19551     2969  20.8  0  0  5 10 0 0 1 0 1 0 0 0 0 0 1 1 0 1
2014   2 28  1 30  3 988464  -14.09238  -51.60859     7269 104.2  2  0  6 12 0 0 1 1 1 0 0 1 0 0 1 0 0 1
2014   2 28  1 30  4 343544  -14.02212  -51.70280     5471  74.0  2  0  5 10 0 0 1 1 0 0 0 1 0 0 1 0 0 1
2014   2 28  1 30  4 677632  -25.68523 -134.28603    17477  86.4  2  0  7 21 0 0 1 0 1 0 0 1 0 1 1 1 0 1
2014   2 28  1 30  4 831104  -25.58798  -44.88307     4078  56.5  1  0  6 15 0 0 1 1 1 0 0 1 0 0 1 0 0 1
2014   2 28  1 30  4 973872  -25.61804  -45.01122     3389  55.3  1  0  7 21 0 0 1 1 1 0 0 1 0 1 1 0 0 1
2014   2 28  1 30  5  23739  -25.50029  -45.11482     8781 124.8  2  0  6 11 0 0 1 1 1 0 0 1 0 0 1 1 0 0
2014   2 28  1 30  5 464090    0.20949  -72.63720     8262  97.2  2  0  6 15 0 0 0 1 1 0 0 1 0 0 1 1 0 1
2014   2 28  1 30  5 738716    0.19035  -72.07526     7544 130.0  2  0  7 21 0 0 1 1 1 0 0 0 0 1 1 1 0 1
2014   2 28  1 30  5 969864  -26.53297    8.84386    76834  45.3  1  0  5 10 0 0 0 1 1 0 0 0 0 1 1 0 0 1
2014   2 28  1 30  6 133745  -13.21609  -57.36100     8386 113.9  2  0  6 15 0 0 0 1 1 0 0 1 0 1 1 0 0 1
2014   2 28  1 30  6 263386  -13.11327  -57.03337     6169 106.7  2  0  6 15 0 0 1 1 1 0 0 1 0 0 1 0 0 1
2014   2 28  1 30  6 940280  -27.58921 -134.80858    22170  99.8  2  0  7 20 0 0 1 0 1 0 0 1 0 1 1 1 0 1
2014   2 28  1 30  6 959133  -27.23373 -138.18535    27082 110.8  2  0  6 15 0 0 1 1 1 0 0 1 0 0 1 1 0 0
2014   2 28  1 30  7 226561  -23.50477  -47.42590     4749 139.5  2  0  7 20 0 0 1 1 1 0 0 1 0 1 1 0 0 1
2014   2 28  1 30  7 750415  -22.37501  -49.33278     4045  98.8  2  0  7 20 0 0 1 1 1 0 0 1 0 1 0 1 1 0
2014   2 28  1 30  7 771705  -22.53886  -48.93470     4896 146.1  2  0  7 20 0 0 1 1 1 0 0 1 0 1 1 0 0 1
2014   2 28  1 30  8 369937  -14.73611  -57.48681     3295  21.4  0  0  5  9 0 0 1 0 1 0 0 1 0 0 0 1 0 1
2014   2 28  1 30  8 895414   -5.39664  -42.13885     2642  28.8  0  0  7 20 0 0 1 0 1 0 0 1 0 0 1 1 1 1
2014   2 28  1 30 10 200584  -21.14534 -135.28522     5476  15.7  0  0  7 21 0 0 1 1 1 0 0 0 0 1 1 1 0 1
2014   2 28  1 30 11  37708  -10.75182  -53.35561     3915   1.7  0  0  5 10 0 0 0 1 1 0 0 0 0 1 1 0 0 1
2014   2 28  1 30 11  47053  -10.52076  -53.44934     2885  18.9  0  0  6 15 0 0 1 1 1 0 0 1 0 0 1 0 0 1
2014   2 28  1 30 11 185821  -15.71801  -49.71120     2775  12.0  0  0  5 10 0 0 0 1 1 0 0 1 0 0 1 0 0 1
2014   2 28  1 30 11 506695  -15.72237  -49.73739     2452  11.8  0  0  6 15 0 0 0 1 1 0 0 1 0 1 1 0 0 1
2014   2 28  1 30 11 555254  -22.44576  -46.31108     2722  15.9  0  0  5 10 0 0 1 0 1 0 0 1 0 0 1 0 0 1
2014   2 28  1 30 11 851692    4.46854  -73.88063    13544   3.6  0  0  5 10 0 0 0 1 1 0 0 0 0 1 1 0 0 1
2014   2 28  1 30 11 920363  -22.43818  -46.48168     2746   1.1  0  0  4  6 0 0 0 1 1 0 0 1 0 1 0 0 0 0
2014   2 28  1 30 12  71919   -5.74885  -53.93019     3199  26.5  0  0  7 21 0 0 1 1 1 0 0 1 0 1 1 0 0 1
2014   2 28  1 30 12 631529  -23.70682  -47.11507     3408   3.6  0  0  4  6 0 0 1 0 0 0 0 1 0 1 1 0 0 0
2014   2 28  1 30 13 362747    4.31524  -71.92878     5979  50.9  1  0  6 12 0 0 1 1 1 0 0 1 0 0 1 1 0 0
2014   2 28  1 30 13 457304    4.18058  -72.34501     4843  24.2  0  0  6 11 0 0 0 1 1 0 0 1 0 1 0 1 0 1
2014   2 28  1 30 13 644646    4.14393  -72.08647     4328  37.0  0  0  7 19 0 0 0 1 1 0 0 1 0 1 1 1 0 1
2014   2 28  1 30 13 696671    0.71769  -72.54907     4506  15.2  0  0  4  6 0 0 0 1 0 0 0 1 0 0 1 1 0 0
2014   2 28  1 30 14 281250  -25.84826  -44.67196     3218  33.7  0  0  6 15 0 0 1 1 1 0 0 1 0 0 1 0 0 1
2014   2 28  1 30 14 453588  -25.85021  -44.65930     3496  37.8  0  0  6 14 0 0 1 1 1 0 0 1 0 0 1 0 0 1
2014   2 28  1 30 14 858898  -24.02775  -45.93285     3152  51.1  1  0  7 21 0 0 1 1 1 0 0 1 0 1 1 0 0 1
2014   2 28  1 30 14 920962  -15.78955  -49.82838     3170  61.6  1  0  7 21 0 0 1 1 1 0 0 1 0 1 0 1 0 1
2014   2 28  1 30 14 976551  -15.78744  -49.80214     3045  11.4  0  0  4  6 0 0 1 1 0 0 0 1 0 0 1 0 0 0
2014   2 28  1 30 15 536753    0.61458  -63.29882     4454  62.8  1  0  7 21 0 0 1 1 1 0 0 0 0 1 1 1 0 1
2014   2 28  1 30 16  85324  -13.20000  159.13696     7993   9.5  0  0  4  6 0 0 0 1 0 0 0 1 0 0 1 1 0 0
2014   2 28  1 30 16 638248  -25.65303  -44.81353     4399  43.7  1  0  5 10 0 0 0 1 1 0 0 1 0 0 1 0 0 1
2014   2 28  1 30 16 645751  -25.73203  -44.75893     4231  46.6  1  0  6 13 0 0 1 1 1 0 0 1 0 0 1 0 0 1
2014   2 28  1 30 16 682825  -25.66402  -44.78695     4060  71.8  2  0  7 20 0 0 1 1 0 0 0 1 0 1 1 1 0 1
2014   2 28  1 30 16 749671  -25.57074  -44.77199     3422  38.5  0  0  6 15 0 0 0 1 1 0 0 1 0 1 1 0 0 1
2014   2 28  1 30 16 970704  -25.73650  -44.81424     4112  44.9  1  0  5 10 0 0 1 1 1 0 0 1 0 0 0 0 0 1
2014   2 28  1 30 17 112952  -25.69340  -44.60601     6138  48.0  1  0  5  9 0 0 1 0 1 0 0 1 0 0 1 0 0 1
2014   2 28  1 30 17 308860  -25.52507  -44.80755     3564  25.8  0  0  5 10 0 0 0 1 1 0 0 0 0 1 1 0 0 1
2014   2 28  1 30 17 422510  -25.65212  -44.74689     3559  45.5  1  0  6 15 0 0 1 1 0 0 0 1 0 1 1 0 0 1
2014   2 28  1 30 17 636025  -13.78391  -51.64780     4776  58.9  2  0  5 10 0 0 1 1 0 0 0 1 0 0 1 0 0 1
2014   2 28  1 30 17 674157  -25.66868  -44.79157     4106  45.6  1  0  5 10 0 0 1 1 1 0 0 1 0 0 0 0 0 1
2014   2 28  1 30 18 273676  -14.02873  -51.42978     4039  17.2  0  0  5 10 0 0 1 1 1 0 0 0 0 0 1 0 0 1
2014   2 28  1 30 18 316313  -13.38328  -51.84604     3804  73.7  2  0  7 21 0 0 1 1 1 0 0 1 0 1 1 0 0 1
2014   2 28  1 30 18 383026  -13.34109  -51.94199     4462  74.8  2  0  6 15 0 0 1 1 1 0 0 1 0 1 1 0 0 0
2014   2 28  1 30 18 700496  -10.61305  -75.52069    19742  82.3  2  0  6 15 0 0 0 1 1 0 0 1 0 0 1 0 1 1
2014   2 28  1 30 18 763941  -10.25569  -75.60859     5559 103.7  2  0  7 21 0 0 1 1 0 0 0 1 0 1 1 1 0 1
2014   2 28  1 30 18 789214  -10.27372  -75.34423     4903  79.4  2  0  7 21 0 0 1 0 1 0 0 1 0 1 1 1 0 1
2014   2 28  1 30 18 827775  -10.39953  -76.07775    13895 102.5  2  0  6 15 0 0 0 1 1 0 0 0 0 1 1 1 0 1
2014   2 28  1 30 18 844540  -10.22179  -75.72991     6203  92.2  2  0  6 15 0 0 1 1 1 0 0 1 0 0 1 1 0 0
2014   2 28  1 30 20 105717  -13.09311  -57.02824     4989  96.0  2  0  7 21 0 0 1 1 1 0 0 1 0 1 1 0 0 1
2014   2 28  1 30 21 356106  -19.59225  -50.64017     4463  69.6  2  0  6 13 0 0 1 1 1 0 0 1 0 0 1 0 0 1
2014   2 28  1 30 22 295369  -25.52752  -45.09184     4078  58.5  1  0  6 15 0 0 0 1 1 0 0 1 0 1 1 0 0 1
2014   2 28  1 30 22 808239  -23.87033  -46.06263     5509 111.7  2  0  6 15 0 0 1 1 1 0 0 1 0 0 1 0 0 1
2014   2 28  1 30 22 814099   -7.20747   -4.10627    83490  74.7  2  0  5 10 0 0 1 1 1 0 0 0 0 0 1 0 0 1
2014   2 28  1 30 24 563352    4.25946  -71.86693     3422  11.4  0  0  6 14 0 0 0 1 1 0 0 1 0 0 1 1 0 1
2014   2 28  1 30 24 609420    4.26162  -71.83631     2895  11.6  0  0  7 17 0 0 1 1 1 0 0 1 0 0 1 1 0 1
2014   2 28  1 30 24 671112   -4.43877  -73.67995     3190   5.9  0  0  5 10 0 0 0 1 1 0 0 1 0 0 1 1 0 0
2014   2 28  1 30 24 852027  -18.20322  179.24750    26954  21.2  1  0  4  6 0 0 1 1 0 0 0 0 0 0 1 1 0 0
2014   2 28  1 30 24 895981    3.94940  -71.50467     7116   5.3  0  0  5 10 0 0 0 1 1 0 0 1 0 0 1 0 0 1
2014   2 28  1 30 24 962912  -33.17015  -42.08731     3433   5.9  0  0  5 10 0 0 1 1 1 0 0 1 0 0 0 0 0 1
2014   2 28  1 30 24 995318    4.10312  -71.69872     4024  10.0  0  0  5  7 0 0 0 1 1 0 0 1 0 0 1 1 0 0
2014   2 28  1 30 25 467156   -4.38926  -73.92673     2982   5.3  0  0  5  9 0 0 1 1 0 0 0 1 0 0 1 1 0 0
2014   2 28  1 30 25 921358   -4.41443  -73.89783     2679  16.1  0  0  7 21 0 0 1 0 1 0 0 1 0 1 1 1 0 1
2014   2 28  1 30 25 963431  -23.83598  -45.94479     2640  20.3  0  0  7 20 0 0 0 1 1 0 0 1 0 1 1 1 0 1
2014   2 28  1 30 26 320207  -21.81309  -52.19350     2986   1.1  0  0  5  7 0 0 0 1 1 0 0 1 0 1 0 0 0 1
2014   2 28  1 30 26 831980  -25.81650  -44.51942     2714  20.7  0  0  7 19 0 0 1 1 0 0 0 1 0 1 0 1 1 1
2014   2 28  1 30 26 914932  -25.64438  -44.59721     3859  60.8  1  0  7 21 0 0 0 1 1 0 0 1 0 1 1 1 0 1
2014   2 28  1 30 26 965722  -25.82981  -44.45599     4469  21.3  0  0  5  9 0 0 1 0 1 0 0 1 0 0 1 0 0 1
2014   2 28  1 30 26 999125  -25.80212  -44.46870     2907  19.3  0  0  6 15 0 0 1 1 1 0 0 1 0 0 1 0 0 1
2014   2 28  1 30 27  47590  -25.82947  -44.50584     2534   8.3  0  0  6 14 0 0 1 1 1 0 0 1 0 1 0 0 0 1
2014   2 28  1 30 27 674855    4.15286  -71.86077     4789  26.2  0  0  5  8 0 0 0 1 1 0 0 1 0 0 1 1 0 0
2014   2 28  1 30 27 952790  -15.72001  -49.68824     2785  23.6  0  0  6 15 0 0 1 1 1 0 0 1 0 0 1 0 0 1
2014   2 28  1 30 27 966065  -15.71943  -49.68156     3324  26.3  0  0  5 10 0 0 0 1 1 0 0 1 0 0 1 0 0 1
2014   2 28  1 30 28 433112  -20.30678   72.17832    11282  39.2  0  0  7 21 0 0 1 1 1 0 0 1 0 1 1 0 0 1
2014   2 28  1 30 29 133533  -15.77954  -49.82769     2943  35.8  0  0  6 15 0 0 0 1 1 0 0 1 0 1 1 0 0 1
2014   2 28  1 30 29 308787  -12.36276  -69.87339     4094  46.8  0  0  7 21 0 0 1 1 1 0 0 1 0 1 1 0 0 1
2014   2 28  1 30 29 339106  -12.16976  -70.13710     4548  48.9  1  0  5 10 0 0 1 1 1 0 0 0 0 0 0 1 0 1
2014   2 28  1 30 29 381145  -12.18069  -70.10234     4298  57.9  1  0  6 15 0 0 1 1 1 0 0 0 0 1 1 1 0 0
2014   2 28  1 30 29 478353  -12.31041  -69.95752     4604  41.9  1  0  6 15 0 0 1 1 1 0 0 1 0 0 1 0 0 1
2014   2 28  1 30 30 651055    4.41157  -72.05373     8977  55.0  2  0  5  8 0 0 0 1 1 0 0 1 0 0 1 1 0 0
2014   2 28  1 30 32  79854  -22.74493  -48.62209     3165  13.9  0  0  5  8 0 0 1 1 1 0 0 0 0 0 1 0 0 1
2014   2 28  1 30 32 571575    7.57420  -78.67921    10815  78.2  2  0  6 11 0 0 0 1 0 0 0 1 0 1 1 1 0 1
2014   2 28  1 30 32 629222    9.60987  -74.61002     9123  65.8  2  0  6 13 0 0 0 1 1 0 0 1 0 0 1 1 0 1
2014   2 28  1 30 33 304568  -23.67426  -45.66566     5098  64.8  2  0  5 10 0 0 1 1 1 0 0 0 0 0 1 0 0 1
2014   2 28  1 30 33 388661  -25.59221  -44.84958     3632  46.5  1  0  6 15 0 0 1 1 1 0 0 0 0 1 1 0 0 1
2014   2 28  1 30 33 910345  -23.76928  -46.80349     4630  80.2  2  0  6 15 0 0 1 1 1 0 0 1 0 0 1 0 0 1
2014   2 28  1 30 34 570119  -14.39428  -72.75110    14663  31.4  1  0  4  6 0 0 1 1 1 0 0 0 0 1 0 0 0 0
2014   2 28  1 30 34 662780  -11.95099  -75.26870     6642  94.5  2  0  6 14 0 0 1 1 1 0 0 1 0 0 0 1 0 1
2014   2 28  1 30 35 364719  -25.45761  -44.95757     3419  54.4  1  0  7 21 0 0 1 1 1 0 0 1 0 1 1 0 0 1
2014   2 28  1 30 35 372860  -25.47952  -44.90037     4122  55.4  1  0  6 15 0 0 1 1 1 0 0 1 0 0 1 0 0 1
2014   2 28  1 30 36 432868  -23.79534  -46.09602     4803  90.3  2  0  6 15 0 0 1 1 1 0 0 1 0 0 1 0 0 1
2014   2 28  1 30 36 738101  -25.57087  -44.81919     4618  61.1  2  0  6 14 0 0 1 1 1 0 0 1 0 0 1 0 0 1
2014   2 28  1 30 37 681780  -32.44952  -40.73812     3407   9.3  0  0  5 10 0 0 1 1 1 0 0 1 0 0 0 0 0 1
2014   2 28  1 30 38 321455  -21.92731 -137.03339    22824 107.5  2  0  7 20 0 0 1 1 1 0 0 1 0 0 1 1 0 1
2014   2 28  1 30 38 374776  -24.25198 -130.81468    39677 126.6  2  0  7 21 0 0 1 1 1 0 0 1 0 1 1 0 0 1
2014   2 28  1 30 38 413523  -22.12097 -134.57387    22007  63.1  2  0  5 10 0 0 1 0 1 0 0 0 0 0 1 1 0 1
2014   2 28  1 30 39  63132  -14.97237  -54.42722     4752 116.5  2  0  7 21 0 0 1 0 1 0 0 1 0 1 1 1 0 1
2014   2 28  1 30 39 152183    4.46988  -72.58801    10348 117.1  2  0  6 15 0 0 0 1 1 0 0 1 0 0 1 1 0 1
2014   2 28  1 30 39 462615  -17.41061  -51.50230     4351 117.6  2  0  7 21 0 0 1 1 1 0 0 1 0 1 1 0 0 1
2014   2 28  1 30 39 573679  -17.41589  -51.49822     4349 117.3  2  0  7 21 0 0 1 1 1 0 0 1 0 1 1 0 0 1
2014   2 28  1 30 40 190051  -12.92936  -72.98727     4674   4.0  0  0  5 10 0 0 1 1 1 0 0 0 0 0 1 0 0 1
2014   2 28  1 30 40 348134  -25.86326  -44.36152     3759  14.8  0  0  5 10 0 0 1 0 1 0 0 1 0 0 1 0 0 1
2014   2 28  1 30 40 904658    9.90015  -72.95200     5035  12.6  0  0  5  8 0 0 0 1 0 0 0 1 0 0 1 1 0 1
2014   2 28  1 30 41 609112    0.59449  -71.77872     2803  11.4  0  0  6 15 0 0 1 0 1 0 0 1 0 0 1 1 0 1
2014   2 28  1 30 42 570565  -24.17317  -45.74754     3321  24.3  0  0  5  9 0 0 1 1 1 0 0 0 0 0 1 0 0 1
2014   2 28  1 30 42 749183   -6.74908  -58.42392     2861  21.5  0  0  6 15 0 0 0 1 1 0 0 1 0 0 1 1 0 1
2014   2 28  1 30 42 847584  -24.12780  -45.75898     3611  28.0  0  0  5  9 0 0 0 1 1 0 0 1 0 0 1 0 0 1
2014   2 28  1 30 43 139033    4.12923  -71.68619     3982  22.9  0  0  6 14 0 0 0 1 1 0 0 1 0 0 1 1 0 1
2014   2 28  1 30 43 193728  -22.48383  -48.85798     2790  37.1  0  0  7 19 0 0 1 1 1 0 0 1 0 1 1 0 0 1
2014   2 28  1 30 43 224790  -22.49915  -48.82170     3094  21.3  0  0  5  9 0 0 1 1 1 0 0 1 0 0 1 0 0 0
2014   2 28  1 30 43 263907  -22.43213  -48.96144     2864  34.7  0  0  7 17 0 0 1 1 0 0 0 1 0 1 1 1 0 1
2014   2 28  1 30 43 439543    4.52442  -83.45078     3960  33.5  0  0  7 21 0 0 1 0 1 0 0 1 0 1 1 1 0 1
2014   2 28  1 30 43 548873  -22.45084  -48.94717     4056  29.0  0  0  5  7 0 0 1 0 1 0 0 1 0 1 1 0 0 0
2014   2 28  1 30 43 631073  -32.39628  -42.87028     4825  15.0  0  0  5 10 0 0 0 1 1 0 0 1 0 0 1 0 0 1
2014   2 28  1 30 43 642509  -32.72933  -42.62598     3705  27.0  0  0  6 15 0 0 1 1 1 0 0 1 0 0 1 0 0 1
2014   2 28  1 30 43 650193  -32.73349  -42.62284     3748  28.0  0  0  6 15 0 0 1 1 1 0 0 1 0 0 1 0 0 1
2014   2 28  1 30 43 847639  -15.73734  -49.65072     3254  24.1  0  0  5 10 0 0 0 1 1 0 0 1 0 0 1 0 0 1
2014   2 28  1 30 44 134623  -32.84008  -42.63534     4258  27.7  0  0  5 10 0 0 1 1 0 0 0 1 0 0 1 0 0 1
2014   2 28  1 30 44 403332  -32.83360  -42.68285     5478  56.6  1  0  6 12 0 0 1 1 1 0 0 0 0 0 1 1 0 1
2014   2 28  1 30 45 705330  -25.69555  -44.76311     4729  30.1  1  0  5 10 0 0 0 0 1 0 0 1 0 1 1 0 0 1
2014   2 28  1 30 45 968731  -22.70144  -48.76427     3300  68.1  1  0  7 20 0 0 1 1 1 0 0 1 0 1 1 1 0 0
2014   2 28  1 30 46 719810  -13.26711  -51.82138     3572  57.2  1  0  7 19 0 0 1 0 1 0 0 1 0 1 1 1 0 1
2014   2 28  1 30 46 782906  -13.31293  -51.79274     4834  50.9  2  0  5 10 0 0 0 1 1 0 0 1 0 0 1 0 0 1
2014   2 28  1 30 46 814688  -13.28329  -51.79038     3937  41.1  1  0  5 10 0 0 1 1 0 0 0 1 0 0 1 0 0 1
2014   2 28  1 30 46 863702  -13.31206  -51.76072     3600  46.9  1  0  6 15 0 0 1 1 1 0 0 1 0 0 1 0 0 1
2014   2 28  1 30 46 893761  -13.31403  -51.78913     4918  52.2  2  0  5 10 0 0 0 1 1 0 0 1 0 0 1 0 0 1
2014   2 28  1 30 47 171967  -19.35225  -51.27990     3088  58.5  1  0  7 21 0 0 1 1 1 0 0 1 0 1 1 0 0 1
2014   2 28  1 30 47 579522  -19.29070  -50.90233     4073  39.1  1  0  5  9 0 0 1 1 0 0 0 1 0 0 1 0 0 1
2014   2 28  1 30 48 154476  -16.61921   22.19820    50051  53.5  2  0  5 10 0 0 1 1 1 0 0 0 0 0 1 0 0 1
2014   2 28  1 30 48 851961  -25.65029  -44.76565     3544  44.5  1  0  6 15 0 0 1 1 1 0 0 1 0 1 1 0 0 0
2014   2 28  1 30 48 989427  -25.64655  -44.72137     3882  49.6  1  0  6 15 0 0 1 1 1 0 0 1 0 0 1 0 0 1
2014   2 28  1 30 49    480  -25.60927  -44.74140     3673  47.4  1  0  6 15 0 0 1 1 1 0 0 0 0 1 1 0 0 1
2014   2 28  1 30 49 406723  -32.49753  -43.34867     3868  29.1  0  0  5 10 0 0 1 1 0 0 0 1 0 1 0 0 0 1
2014   2 28  1 30 49 485486    3.15545  -67.08544     9462  86.9  2  0  6 14 0 0 0 1 1 0 0 0 0 1 1 1 0 1
2014   2 28  1 30 50 158211   -4.35982  -74.66375     4926  65.4  2  0  6 15 0 0 1 1 0 0 0 1 0 0 1 1 0 1
2014   2 28  1 30 50 332144  -19.45126   37.40197    36924  77.9  2  0  6 13 0 0 1 1 1 0 0 1 0 0 1 0 0 1
2014   2 28  1 30 50 419025  -25.56288  -44.95553     3631  41.3  1  0  6 14 0 0 0 1 1 0 0 1 0 1 1 0 0 1
2014   2 28  1 30 50 428582  -21.07723   34.40331    60205  67.4  2  0  5 10 0 0 1 1 1 0 0 0 0 0 1 0 0 1
2014   2 28  1 30 50 479461  -25.72235  -44.78882     4263  58.4  1  0  6 15 0 0 1 1 1 0 0 1 0 0 1 0 0 1
2014   2 28  1 30 50 527043  -25.55053  -44.88672     4305  42.4  1  0  5 10 0 0 0 1 1 0 0 1 0 0 1 0 0 1
2014   2 28  1 30 50 602588  -25.70849  -44.77937     4238  58.1  1  0  6 15 0 0 1 1 1 0 0 1 0 0 1 0 0 1
2014   2 28  1 30 51 234894   -5.41714  -54.20021     3980  81.3  2  0  6 15 0 0 1 1 0 0 0 1 0 1 1 1 0 0
2014   2 28  1 30 51 865526  -25.32330 -134.82048    16938  86.6  2  0  7 21 0 0 1 0 1 0 0 1 0 1 1 1 0 1
2014   2 28  1 30 51 911679  -25.32370 -134.81766    16952  86.9  2  0  7 21 0 0 1 0 1 0 0 1 0 1 1 1 0 1
2014   2 28  1 30 53 115175   -4.34869  -75.56580     9353 103.7  2  0  6 15 0 0 0 1 1 0 0 1 0 0 1 1 0 1
2014   2 28  1 30 53 541229    0.18934  -71.92704     5689  99.6  2  0  7 21 0 0 1 0 1 0 0 1 0 1 1 1 0 1
2014   2 28  1 30 53 570488    0.22896  -72.27955     7145 109.9  2  0  6 14 0 0 1 1 1 0 0 1 0 0 0 1 0 1
2014   2 28  1 30 53 596428    0.19079  -71.95930     5933 100.9  2  0  7 20 0 0 1 0 1 0 0 1 0 1 1 1 0 1
2014   2 28  1 30 53 655449    0.43451  -72.41966     6693 136.8  2  0  7 21 0 0 1 1 1 0 0 1 0 1 1 1 0 0
2014   2 28  1 30 53 676919    0.34764  -72.32083     6010  89.1  2  0  6 14 0 0 1 1 0 0 0 1 0 0 1 1 0 1
2014   2 28  1 30 53 960232   -5.84258  -66.37550    27469  55.6  2  0  5 10 0 0 0 1 1 0 0 0 0 1 1 0 0 1
2014   2 28  1 30 54 468888  -16.08224  -49.78813     4146 108.3  2  0  7 21 0 0 1 1 1 0 0 1 0 1 1 0 0 1
2014   2 28  1 30 54 515729  -15.95616  -50.01208     4764 116.1  2  0  6 15 0 0 0 1 1 0 0 1 0 1 1 1 0 0
2014   2 28  1 30 56 121618   -5.68999  -74.89376     2748  11.4  0  0  6 15 0 0 1 1 1 0 0 1 0 0 1 1 0 0
2014   2 28  1 30 56 195561  -12.26070  -57.43922     3079  14.2  0  0  5  8 0 0 0 1 1 0 0 1 0 0 1 1 0 0
2014   2 28  1 30 56 682382  -18.21230  -54.98888     3080  15.8  0  0  5  9 0 0 0 1 1 0 0 1 0 1 1 0 0 0
2014   2 28  1 30 56 867537  -18.21279  -54.99649     2991  15.1  0  0  5 10 0 0 1 1 0 0 0 1 0 1 1 0 0 0
2014   2 28  1 30 57 365499  -24.17181  -50.24128     4087  64.5  2  0  6 11 0 0 0 1 1 0 0 1 0 1 1 1 0 0
2014   2 28  1 30 57 426723  -24.30133  -50.12023     2637  20.7  0  0  7 17 0 0 1 1 1 0 0 1 0 0 1 1 0 1
2014   2 28  1 30 57 435407  -24.31753  -50.10829     2427  12.9  0  0  7 17 0 0 1 1 1 0 0 1 0 1 1 0 0 1
2014   2 28  1 30 57 525620  -12.56633  -57.51779     2605  17.2  0  0  6 15 0 0 1 1 0 0 0 1 0 0 1 1 0 1
2014   2 28  1 30 57 978459  -15.68648  -49.62675     2464  10.1  0  0  6 15 0 0 1 1 1 0 0 1 0 0 1 0 0 1
2014   2 28  1 30 58 137947  -13.88140  -43.71263     2697  25.9  0  0  7 21 0 0 0 0 1 0 0 1 0 1 1 1 1 1
2014   2 28  1 30 58 604648    3.83064  -72.59090     4784  19.8  0  0  5  7 0 0 0 1 1 0 0 1 0 0 1 1 0 0
2014   2 28  1 30 58 626813    1.71087   13.41052    41778   8.0  0  0  4  6 0 0 1 1 0 0 0 0 0 0 1 0 0 1
2014   2 28  1 30 58 666994  -23.85789  -45.92757     3355  23.4  0  0  5 10 0 0 0 1 1 0 0 1 0 0 1 0 0 1
2014   2 28  1 30 58 866267  -23.91058  -45.85833     4046  17.3  0  0  4  6 0 0 1 1 0 0 0 1 0 0 0 0 0 1
2014   2 28  1 30 59 287211    4.16246  -72.13913     6148  36.2  0  0  6 12 0 0 0 1 1 0 0 1 0 1 1 1 0 0
2014   2 28  1 30 59 337201    4.00525  -71.92157     4006  22.7  0  0  6 14 0 0 0 1 1 0 0 1 0 0 1 1 0 1
2014   2 28  1 30 59 382401    4.13737  -71.93842     4221  37.9  0  0  7 18 0 0 1 1 1 0 0 1 0 0 1 1 0 1
2014   2 28  1 30 59 521476  -23.90245  -45.97122     3028  35.6  0  0  7 19 0 0 1 1 0 0 0 1 0 1 1 1 0 1
2014   2 28  1 30 59 572315  -23.94459  -45.93460     3576  29.6  0  0  5 10 0 0 0 1 1 0 0 1 0 0 1 0 0 1
2014   2 28  1 30 59 766675  -12.25951  -57.79781     3032  34.9  0  0  7 21 0 0 0 1 1 0 0 1 0 1 1 1 0 1
2014   2 28  1 30 59 877362  -23.15283  -47.18735     2856  20.4  0  0  5 10 0 0 0 1 1 0 0 1 0 0 1 0 0 1
2014   2 28  1 31  0 242784  -13.48385  -51.85887     2777  37.0  0  0  7 21 0 0 0 1 1 0 0 1 0 1 1 1 0 1
2014   2 28  1 31  0 414003  -25.71643  -44.50604     3458  25.1  0  0  5 10 0 0 1 1 1 0 0 0 0 0 1 0 0 1
2014   2 28  1 31  0 457565  -25.73026  -44.50371     3147  27.5  0  0  6 15 0 0 1 1 1 0 0 1 0 0 1 0 0 1
2014   2 28  1 31  0 497533  -25.72474  -44.51580     3535  24.1  0  0  5  9 0 0 1 1 1 0 0 0 0 0 1 0 0 1
2014   2 28  1 31  0 613639  -11.62604   18.36082    32566  28.6  0  0  5 10 0 0 1 1 1 0 0 0 0 0 1 0 0 1
2014   2 28  1 31  0 821280  -25.68797  -44.58992     3580  21.7  0  0  5  9 0 0 0 1 1 0 0 1 0 0 1 0 0 1
2014   2 28  1 31  1 361128    4.17462  -71.92290     5393  38.1  1  0  5 10 0 0 0 1 1 0 0 1 0 0 1 1 0 0
2014   2 28  1 31  1 621747  -22.46686  -46.32439     2955  32.9  0  0  6 15 0 0 1 1 1 0 0 1 0 0 1 0 0 1
2014   2 28  1 31  1 656720  -19.79476   64.38024    32110  36.0  1  0  5 10 0 0 1 1 1 0 0 0 0 0 1 0 0 1
2014   2 28  1 31  1 752771   -5.21254  156.47307     7587  26.7  0  0  5 10 0 0 1 1 0 0 0 1 0 0 1 1 0 0
2014   2 28  1 31  1 997270  -25.85929  -44.57845     3841  32.8  1  0  5 10 0 0 1 1 1 0 0 0 0 0 1 0 0 1
2014   2 28  1 31  2  80113  -25.86535  -44.58036     3433  35.1  0  0  6 15 0 0 1 1 1 0 0 1 0 0 1 0 0 1
2014   2 28  1 31  2 172429  -25.79818  -44.64000     3522  21.9  0  0  5  9 0 0 0 1 1 0 0 1 0 0 1 0 0 1
2014   2 28  1 31  2 230573  -24.01283  -45.89764     3549  45.1  1  0  6 15 0 0 1 1 1 0 0 1 0 0 1 0 0 1
2014   2 28  1 31  2 340940  -24.03808  -45.91167     3509  44.7  1  0  6 15 0 0 1 1 1 0 0 1 0 0 1 0 0 1
2014   2 28  1 31  2 391550  -23.99511  -45.93744     3885  43.6  1  0  5 10 0 0 1 1 1 0 0 0 0 0 1 0 0 1
2014   2 28  1 31  2 662445  -12.16964  -57.98890     3922  61.7  2  0  6 15 0 0 1 1 0 0 0 0 0 1 1 1 0 1
2014   2 28  1 31  2 784824  -19.62554  -50.82206     3392  22.4  0  0  5  7 0 0 1 0 1 0 0 1 0 1 0 0 0 1
2014   2 28  1 31  3  15491  -24.24376  -45.83881     3890  57.0  1  0  6 14 0 0 1 1 0 0 0 1 0 1 0 1 0 1
2014   2 28  1 31  3 198986  -24.17407  -45.76881     4449  49.1  1  0  5 10 0 0 0 1 1 0 0 1 0 0 1 0 0 1
2014   2 28  1 31  3 281927  -18.92563  -51.07836     4586  27.0  0  0  5  8 0 0 1 0 1 0 0 0 0 1 1 0 0 1
2014   2 28  1 31  3 431420   -4.24159  -75.04196     6257  58.7  2  0  5 10 0 0 1 1 1 0 0 0 0 0 1 1 0 0
2014   2 28  1 31  3 484671   -4.26268  -75.23090     5834  44.1  1  0  5 10 0 0 0 1 0 0 0 1 0 0 1 1 0 1
2014   2 28  1 31  3 533793  -19.28999  -50.92920     3233  38.1  0  0  6 14 0 0 1 1 1 0 0 1 0 0 1 0 0 1
2014   2 28  1 31  4 339772  -21.03431  -53.64179     3254  69.9  1  0  7 21 0 0 1 1 1 0 0 1 0 1 1 0 0 1
2014   2 28  1 31  4 399673  -25.61393  -44.76117     3659  42.9  1  0  6 15 0 0 1 1 1 0 0 1 0 0 1 0 0 1
2014   2 28  1 31  4 479228    4.29628   -9.57978    30994  58.2  1  0  6 15 0 0 1 1 1 0 0 1 0 0 1 0 0 1
2014   2 28  1 31  4 678572   -4.92873  -19.82092    85574  45.2  1  0  5 10 0 0 1 1 1 0 0 0 0 0 1 0 0 1
2014   2 28  1 31  4 954767  -25.43563  -44.90320     3893  33.8  1  0  5 10 0 0 0 1 1 0 0 1 0 0 1 0 0 1
2014   2 28  1 31  5 122452  -25.36211 -135.10506    18928   5.8  0  0  4  6 0 0 1 1 0 0 0 1 0 0 1 0 0 0
2014   2 28  1 31  6 664438   -5.16689  -42.31578     5203  69.4  1  0  7 18 0 0 1 1 1 0 0 0 0 1 1 0 1 1
2014   2 28  1 31  6 789938  -25.65351  -44.76172     4322  56.6  1  0  6 14 0 0 1 1 1 0 0 1 0 0 1 0 0 1
2014   2 28  1 31  6 827646  -25.60410  -44.83310     3732  49.7  1  0  6 15 0 0 1 1 1 0 0 0 0 1 1 0 0 1
2014   2 28  1 31  6 892125  -25.60149  -44.83408     3755  50.5  1  0  6 15 0 0 1 1 1 0 0 0 0 1 1 0 0 1
2014   2 28  1 31  7  13426  -16.88303  176.54469     9119  14.3  0  0  5 10 0 0 1 1 0 0 0 1 0 0 1 1 0 0
2014   2 28  1 31  7 162672  -22.48441  -48.62864     3928  71.9  2  0  6 14 0 0 1 1 1 0 0 1 0 0 1 0 0 1
2014   2 28  1 31  7 804829  -13.03734  159.27483     7874   1.4  0  0  4  6 0 0 1 1 0 0 0 1 0 0 0 1 0 0
2014   2 28  1 31  8  34634  -15.75089  -50.15808     4410  58.1  2  0  5 10 0 0 1 1 0 0 0 1 0 1 1 0 0 0
2014   2 28  1 31  8  41945  -15.90642  -50.02000     4146  84.7  2  0  6 15 0 0 0 1 1 0 0 1 0 1 1 0 0 1
2014   2 28  1 31  8 223611  -20.94976   63.31501    65811  78.4  2  0  5 10 0 0 1 1 1 0 0 0 0 0 1 0 0 1
2014   2 28  1 31  9  81958  -25.68394  -44.90620     5000  55.5  2  0  5 10 0 0 1 1 1 0 0 1 0 0 1 0 0 0
2014   2 28  1 31  9 226947  -25.50834  -44.99694     4926  48.1  1  0  5  8 0 0 0 1 1 0 0 1 0 0 1 0 0 1
2014   2 28  1 31  9 268732  -25.67371  -44.91284     4591  66.7  2  0  6 15 0 0 1 1 1 0 0 1 0 0 1 0 0 1
2014   2 28  1 31  9 408053  -25.71927  -45.01164     3802  18.2  0  0  4  6 0 0 1 1 1 0 0 1 0 0 0 0 0 0
2014   2 28  1 31  9 942522    5.74387  141.08400     7691  17.4  0  0  4  6 0 0 1 0 0 0 0 1 0 0 1 1 0 0
2014   2 28  1 31 10 606327    4.46436  -72.20936     9199 137.7  2  0  7 18 0 0 1 1 0 0 0 1 0 1 1 1 0 1
2014   2 28  1 31 11  21586    4.46032  -73.88519    11359  75.7  2  0  6 14 0 0 0 1 1 0 0 1 0 1 0 1 0 1
2014   2 28  1 31 11  83953  -15.85862  -49.75208     5116 100.8  2  0  6 15 0 0 1 1 1 0 0 1 0 0 1 0 0 1
2014   2 28  1 31 11 376726  -24.07187 -117.72363    11410  39.2  1  0  5  9 0 0 1 0 1 0 0 0 0 1 0 1 0 1
2014   2 28  1 31 11 876456  -23.98926 -118.68479    17485  66.9  2  0  5 10 0 0 1 0 1 0 0 0 0 0 1 1 0 1
2014   2 28  1 31 11 911483  -23.98732 -121.14575    21159 116.3  2  0  6 15 0 0 1 1 1 0 0 1 0 0 1 1 0 0
2014   2 28  1 31 11 989443  -24.15299 -118.97458    15607 111.4  2  0  7 21 0 0 1 0 1 0 0 1 0 1 1 1 0 1
2014   2 28  1 31 12  14595  -24.52794 -118.96646     5766   8.3  0  0  5 10 0 0 1 1 0 0 0 1 0 0 1 1 0 0
2014   2 28  1 31 12  22603  -13.72013  158.53593    14153  52.1  2  0  5 10 0 0 1 1 0 0 0 1 0 0 1 1 0 0
2014   2 28  1 31 12 223794  -13.99743  -51.57938     2610   5.5  0  0  5 10 0 0 1 1 1 0 0 1 0 0 1 0 0 0
2014   2 28  1 31 12 399117  -14.00253  -51.60640     2541  13.3  0  0  6 15 0 0 0 1 1 0 0 1 0 1 1 0 0 1
2014   2 28  1 31 12 587588  -22.44389  -48.94535     2545   9.0  0  0  6 11 0 0 1 1 1 0 0 1 0 0 1 0 0 1
2014   2 28  1 31 12 774688  -13.72016  159.47224     5744  26.6  0  0  7 21 0 0 0 1 1 0 0 1 0 1 1 1 0 1
2014   2 28  1 31 12 810901  -13.80536  159.86353    12927  45.1  1  0  5 10 0 0 1 1 0 0 0 1 0 0 1 1 0 0
2014   2 28  1 31 12 822762  -13.85808  160.16852     9620  11.3  0  0  4  6 0 0 1 0 0 0 0 1 0 0 1 1 0 0
2014   2 28  1 31 12 908933  -12.13368  -70.03719     3273  23.8  0  0  7 21 0 0 0 1 1 0 0 1 0 1 1 1 0 1
2014   2 28  1 31 12 958433  -11.95621  -70.22334     3891  31.7  1  0  5  9 0 0 1 1 0 0 0 1 0 0 1 1 0 0
2014   2 28  1 31 13 121075  -23.73428  -46.90566     4049  24.3  0  0  5  8 0 0 1 1 0 0 0 0 0 0 1 1 0 1
2014   2 28  1 31 13 238415  -14.95334   25.60924    26342  12.4  0  0  4  6 0 0 1 1 0 0 0 0 0 0 1 0 0 1
2014   2 28  1 31 13 240545  -25.74892  -44.53236     3215  19.3  0  0  5 10 0 0 1 1 0 0 0 1 0 1 1 0 0 0
2014   2 28  1 31 13 837705   -8.23655    6.56435    12181  17.6  0  0  6 12 0 0 1 1 1 0 0 1 0 0 1 0 0 1
2014   2 28  1 31 14 690352   -4.10245  -53.06661     2624  26.6  0  0  7 21 0 0 0 1 1 0 0 1 0 1 1 1 0 1
2014   2 28  1 31 14 734329   -4.13215  -53.15232     2934  35.9  0  0  7 18 0 0 1 1 1 0 0 1 0 0 1 1 0 1
2014   2 28  1 31 14 839229   -4.11344  -53.09848     3342  15.0  0  0  4  6 0 0 0 1 0 0 0 1 0 0 0 1 0 1
2014   2 28  1 31 14 937392  -13.27497  -51.77567     3130  27.2  0  0  6 14 0 0 1 0 1 0 0 1 0 0 1 1 0 1
2014   2 28  1 31 15  36876   -7.60303  -61.13432     3102  28.7  0  0  6 15 0 0 1 1 1 0 0 0 0 0 1 1 0 1
2014   2 28  1 31 15  77600   -4.09965  -53.12092     5010  33.6  1  0  5  8 0 0 0 1 1 0 0 1 0 1 1 0 0 0
2014   2 28  1 31 15 844912  -12.25879  -72.87619     3711  39.4  0  0  6 15 0 0 1 1 1 0 0 0 0 0 1 1 0 1
2014   2 28  1 31 15 855799  -12.24851  -72.75706     3226  17.7  0  0  5 10 0 0 1 0 1 0 0 0 0 0 1 1 0 1
2014   2 28  1 31 15 866180  -12.31112  -73.00896     6667  38.9  1  0  5  8 0 0 0 1 1 0 0 1 0 0 1 1 0 0
2014   2 28  1 31 15 931446  -12.42367  -72.67509    11253  39.7  1  0  5 10 0 0 0 1 1 0 0 1 0 0 1 0 0 1
2014   2 28  1 31 16  19617  -12.46801  -72.61720     4179  44.0  0  0  7 21 0 0 1 1 1 0 0 1 0 1 1 0 0 1
2014   2 28  1 31 16 289012    3.36425  -71.43787    22325  50.9  2  0  5 10 0 0 0 1 0 0 0 1 0 1 1 0 0 1
2014   2 28  1 31 16 296934    3.59557  -71.76761     4542  44.9  0  0  7 21 0 0 0 1 1 0 0 1 0 1 1 1 0 1
2014   2 28  1 31 16 475877   -4.35291  -75.09383     6586  40.9  1  0  5  8 0 0 0 1 1 0 0 1 0 0 1 1 0 0
2014   2 28  1 31 16 502992    4.32980  -72.17156     5041  41.5  1  0  6 15 0 0 0 1 1 0 0 1 0 0 1 1 0 1
2014   2 28  1 31 17 648029  -25.59601  -44.72518     3507  24.0  0  0  5 10 0 0 0 1 1 0 0 1 0 1 1 0 0 0
2014   2 28  1 31 17 925257   -4.45148  -74.62589     5545  51.4  1  0  6 15 0 0 0 1 1 0 0 1 0 0 1 1 0 1
2014   2 28  1 31 18  92352  -23.56251  -47.23254     2592   4.1  0  0  5  9 0 0 1 0 1 0 0 1 0 0 1 0 0 1
2014   2 28  1 31 18 696815   -4.35848    8.22094    61080  43.8  1  0  5 10 0 0 1 1 1 0 0 0 0 0 1 0 0 1
2014   2 28  1 31 19 349201  -16.17495  -49.48331     3749  19.0  0  0  5 10 0 0 1 1 1 0 0 0 0 0 1 0 0 1
2014   2 28  1 31 19 489471  -15.73356  -49.58986     3594  15.6  0  0  4  6 0 0 1 0 0 0 0 1 0 0 1 0 0 1
2014   2 28  1 31 20  75995  -25.76991  -44.71473     4547  49.7  1  0  6 15 0 0 1 0 1 0 0 1 0 1 1 0 0 1
2014   2 28  1 31 20 107823  -25.82302  -44.53497     6371  48.9  1  0  5 10 0 0 1 0 1 0 0 1 0 0 1 0 0 1
2014   2 28  1 31 20 150562  -10.41580  -75.80462     4096  28.6  0  0  5  9 0 0 1 1 0 0 0 1 0 0 1 1 0 0
2014   2 28  1 31 20 269899  -10.72473  -75.18600     7486  71.8  2  0  6 15 0 0 1 1 1 0 0 1 0 0 1 0 0 1
2014   2 28  1 31 20 541787  -22.98407  -48.40103     3617  20.5  0  0  5  9 0 0 1 1 1 0 0 0 0 0 1 0 0 1
2014   2 28  1 31 20 771022  -11.89463   42.42854    36330  64.4  2  0  5  9 0 0 1 0 1 0 0 1 0 0 1 0 0 1
2014   2 28  1 31 20 776924  -22.77871  -48.52231     4657  72.0  2  0  6 11 0 0 1 1 1 0 0 1 0 0 1 0 0 1
2014   2 28  1 31 20 835306    9.48682 -135.65587    10117  11.5  0  0  4  6 0 0 1 1 0 0 0 1 0 0 0 1 0 0
2014   2 28  1 31 20 912714  -22.72294  -48.63303     4160 100.2  2  0  7 18 0 0 1 1 1 0 0 1 0 1 1 0 0 1
2014   2 28  1 31 21 439904  -24.66287 -138.21846    36521  73.1  2  0  5 10 0 0 0 1 1 0 0 1 0 0 1 1 0 0
2014   2 28  1 31 21 447443  -24.51510 -137.27339    13227  26.7  0  0  5  9 0 0 1 1 0 0 0 1 0 0 1 1 0 0
2014   2 28  1 31 21 715619   38.13236 -109.74232    47478  63.8  2  0  5  9 0 0 1 1 0 0 0 1 0 0 1 1 0 0
2014   2 28  1 31 21 722039   42.46635 -121.55376    52616   7.8  0  0  4  6 0 0 0 1 0 0 0 1 0 0 1 1 0 0
2014   2 28  1 31 21 754937   42.41179 -121.40753    53195   8.4  0  0  4  6 0 0 0 1 0 0 0 1 0 0 1 1 0 0
2014   2 28  1 31 21 837881   43.62085 -140.74489   103858  16.2  0  0  4  6 0 0 0 1 1 0 0 1 0 0 0 1 0 0
2014   2 28  1 31 22 487162  -24.22404  -50.41923     3818  17.3  0  0  4  6 0 0 1 1 0 0 0 1 0 0 1 0 0 0
2014   2 28  1 31 22 505793  -24.02371  -50.63684     4302 101.9  2  0  7 20 0 0 0 1 0 0 0 1 0 1 1 1 1 1
2014   2 28  1 31 22 548603  -32.60124  -42.92113     6721  80.1  2  0  6 15 0 0 1 1 1 0 0 1 0 0 1 0 0 1
2014   2 28  1 31 22 560486  -31.63353  -43.62235     6881  37.4  1  0  5 10 0 0 0 1 1 0 0 1 0 0 1 0 0 1
2014   2 28  1 31 23 182103  -31.66224  -43.70860     7167  39.9  1  0  5 10 0 0 0 1 1 0 0 1 0 0 1 0 0 1
2014   2 28  1 31 23 265709  -31.67582  -43.71457     7149  39.8  1  0  5 10 0 0 0 1 1 0 0 1 0 0 1 0 0 1
2014   2 28  1 31 23 295739  -31.69074  -43.64716     7225  40.0  1  0  5 10 0 0 0 1 1 0 0 1 0 0 1 0 0 1
2014   2 28  1 31 23 846841   -2.12576  -56.30855     4861  94.0  2  0  6 15 0 0 0 1 1 0 0 1 0 0 1 1 0 1
2014   2 28  1 31 24 753665  -25.53892  -45.06353     4697  81.2  2  0  6 15 0 0 1 1 0 0 0 1 0 1 1 1 0 0
2014   2 28  1 31 24 852748  -25.51490  -44.99691     4015  73.0  2  0  7 20 0 0 1 1 1 0 0 0 0 1 1 1 0 1
2014   2 28  1 31 25 288924  -25.57887  -44.98512     3793  69.9  1  0  7 21 0 0 1 1 1 0 0 1 0 1 1 0 0 1
2014   2 28  1 31 25 443099  -25.60962  -44.90223     4740  72.7  2  0  6 15 0 0 1 1 1 0 0 1 0 0 1 0 0 1
2014   2 28  1 31 25 636076  -25.60874  -44.91105     4773  73.6  2  0  6 15 0 0 1 1 1 0 0 1 0 0 1 0 0 1
2014   2 28  1 31 25 694735    0.23848  -72.14705     8268 118.5  2  0  6 15 0 0 1 1 1 0 0 0 0 0 1 1 0 1
2014   2 28  1 31 25 751884   -0.02220  -73.46377    10262  85.5  2  0  6 15 0 0 0 1 1 0 0 1 0 1 0 1 0 1
2014   2 28  1 31 25 823015   -7.55875  -74.35463     9875 118.2  2  0  6 15 0 0 0 1 1 0 0 1 0 0 1 1 0 1
2014   2 28  1 31 25 892676    3.16405  -79.62650    26287  17.6  0  0  4  6 0 0 0 1 1 0 0 1 0 1 0 0 0 0
2014   2 28  1 31 25 918862  -25.95864  -45.01891     5131   7.7  0  0  4  6 0 0 0 1 1 0 0 1 0 1 0 0 0 0
2014   2 28  1 31 26 298212    0.20890  -72.23129     6812 142.8  2  0  7 21 0 0 1 1 1 0 0 1 0 1 1 1 0 0
2014   2 28  1 31 26 376728  -25.65161  -45.28363     3565   2.1  0  0  4  6 0 0 1 0 1 0 0 1 0 1 0 0 0 0
2014   2 28  1 31 26 473270  -25.52665  -45.18052     5113  81.8  2  0  6 15 0 0 1 1 1 0 0 1 0 0 1 0 0 1
2014   2 28  1 31 26 602701  -25.54996  -45.04816     4049  77.5  2  0  7 20 0 0 1 1 1 0 0 1 0 1 1 0 0 1
2014   2 28  1 31 26 849499   -5.46362  -74.62983     5610  53.0  2  0  5 10 0 0 1 0 1 0 0 0 0 0 1 1 0 1
2014   2 28  1 31 27 566625  -12.29720  -74.64090     5875 118.7  2  0  7 21 0 0 1 0 1 0 0 1 0 1 1 1 0 1
2014   2 28  1 31 28  82190  -24.07653  -45.80206     3027  14.9  0  0  5 10 0 0 0 1 1 0 0 1 0 0 1 0 0 1
2014   2 28  1 31 28 162082  -24.07543  -45.78292     2648  13.6  0  0  6 15 0 0 1 1 1 0 0 1 0 0 1 0 0 1
2014   2 28  1 31 28 418930  -24.08058  -45.78814     2653  13.8  0  0  6 15 0 0 1 1 1 0 0 1 0 0 1 0 0 1
2014   2 28  1 31 28 808021   -3.86894   57.84527    16253  10.6  0  0  5 10 0 0 1 1 1 0 0 0 0 0 1 0 0 1
2014   2 28  1 31 29 101766   -5.95930  -58.31228     2597  12.4  0  0  6 15 0 0 0 1 1 0 0 1 0 0 1 1 0 1
2014   2 28  1 31 29 219782  -15.76902  -49.13335     2496  14.5  0  0  6 15 0 0 0 1 0 0 0 1 0 1 1 0 1 1
2014   2 28  1 31 29 238351  -15.79485  -49.08340     3289   8.3  0  0  5 10 0 0 1 1 1 0 0 0 0 0 1 0 0 1
2014   2 28  1 31 30   3133  -15.72807  -49.08450     2929   8.5  0  0  4  6 0 0 0 1 0 0 0 1 0 0 1 0 0 1
2014   2 28  1 31 30 106221  -10.41910  -49.47036    10239 128.9  2  0  6 11 0 0 0 0 1 0 0 1 0 1 1 1 0 1
2014   2 28  1 31 30 233350  -25.76178  -44.47021     2596  19.9  0  0  7 21 0 0 1 1 1 0 0 1 0 1 1 0 0 1
2014   2 28  1 31 30 279098  -25.74088  -44.49181     2576  19.0  0  0  7 21 0 0 1 1 1 0 0 1 0 1 1 0 0 1
2014   2 28  1 31 30 322241  -15.73921  -49.72762     3227  15.4  0  0  5  7 0 0 0 1 1 0 0 1 0 0 1 0 0 1
2014   2 28  1 31 30 725123  -23.83814  -45.98301     3241  25.8  0  0  5 10 0 0 1 1 1 0 0 0 0 0 1 0 0 1
2014   2 28  1 31 30 912082  -23.86514  -45.97568     3780  34.0  1  0  5 10 0 0 0 1 1 0 0 1 0 0 1 0 0 1
2014   2 28  1 31 31 701241   -0.03573  -72.16763     4424  28.7  0  0  5 10 0 0 0 1 1 0 0 1 0 0 1 1 0 0
2014   2 28  1 31 32 147061    0.01201  -72.19077     3943   9.5  0  0  4  6 0 0 0 1 0 0 0 1 0 0 1 1 0 0
2014   2 28  1 31 32 493484  -23.74552  -46.87484     3857  54.5  1  0  6 13 0 0 1 1 1 0 0 1 0 0 1 0 0 1
2014   2 28  1 31 32 682347  -23.69662  -46.88071     4903  57.4  2  0  5 10 0 0 0 1 1 0 0 1 0 0 1 0 0 1
2014   2 28  1 31 32 736748  -23.74538  -46.86066     4555  54.3  2  0  5 10 0 0 0 1 1 0 0 1 0 0 1 0 0 1
2014   2 28  1 31 33 361233  -25.67814  -44.70352     3625  26.5  0  0  5 10 0 0 0 1 1 0 0 1 0 0 1 0 0 1
2014   2 28  1 31 33 790318  -25.79724  -44.63850     3450  36.4  0  0  6 15 0 0 1 1 1 0 0 1 0 0 1 0 0 1
2014   2 28  1 31 33 963343  -25.77841  -44.56572     5820  36.2  1  0  5  8 0 0 1 0 1 0 0 1 0 0 1 0 0 1
2014   2 28  1 31 34 583082  -19.54756  -50.68613     4145  36.6  1  0  5  8 0 0 0 1 1 0 0 1 0 0 1 0 0 1
2014   2 28  1 31 34 814716  -19.55486  -50.73537     3655  36.9  1  0  5 10 0 0 1 1 0 0 0 1 0 0 1 0 0 1
2014   2 28  1 31 35 388484  -18.94467   24.27250    44720  49.4  1  0  5 10 0 0 1 1 1 0 0 0 0 0 1 0 0 1
2014   2 28  1 31 35 663499  -23.92607  -45.95876     5141  65.9  2  0  5 10 0 0 0 1 1 0 0 1 0 0 1 0 0 1
2014   2 28  1 31 36  72360  -21.56812   70.91898    53674  48.1  1  0  5  7 0 0 1 1 0 0 0 0 0 1 1 0 0 1
2014   2 28  1 31 36 110054    4.13996  -72.22571     6463  72.7  2  0  7 19 0 0 0 1 1 0 0 1 0 1 1 1 0 1
2014   2 28  1 31 36 129857    4.13501  -72.58236     9301  49.8  1  0  5  9 0 0 0 1 1 0 0 1 0 0 0 1 0 1
2014   2 28  1 31 36 257399  -32.99082  -42.89580     5950  24.1  1  0  4  6 0 0 1 1 1 0 0 1 0 0 0 0 0 0
2014   2 28  1 31 36 306860  -24.51447 -135.72072    24742  71.4  2  0  5 10 0 0 1 0 0 0 0 1 0 1 1 1 0 0
2014   2 28  1 31 36 526158  -33.15047  -43.12974     3616  38.9  0  0  7 21 0 0 1 1 1 0 0 1 0 1 0 1 0 1
2014   2 28  1 31 36 580760  -33.34734  -42.56543     7530  69.8  2  0  5 10 0 0 1 1 1 0 0 0 0 0 1 0 0 1
2014   2 28  1 31 36 659963  -33.25699  -42.27335     5900  63.4  2  0  6 15 0 0 1 1 1 0 0 1 0 0 1 0 0 1
2014   2 28  1 31 36 724744    2.85137  -72.44599     6085  40.7  1  0  5  9 0 0 1 0 1 0 0 0 0 0 1 1 0 1
2014   2 28  1 31 36 753865  -32.55776  -43.11296    11326  32.2  1  0  4  6 0 0 0 1 0 0 0 1 0 0 1 0 0 1
2014   2 28  1 31 36 924942   10.19270  -73.48099     8994  71.3  2  0  6 15 0 0 0 1 1 0 0 1 0 0 1 1 0 1
2014   2 28  1 31 38 132978    0.65764  -72.25895     7008  78.4  2  0  6 15 0 0 0 1 1 0 0 1 0 0 1 1 0 1
2014   2 28  1 31 38 887168  -23.78646  -46.04601     4170  72.0  2  0  6 15 0 0 1 0 1 0 0 1 0 1 1 0 0 1
2014   2 28  1 31 39 342001    6.62211  -76.45466    12667  95.5  2  0  6 14 0 0 0 1 1 0 0 1 0 0 1 1 0 1
2014   2 28  1 31 39 686540   -4.88471  -75.37071     5128  63.0  2  0  6 15 0 0 1 0 1 0 0 0 0 1 1 1 0 1
2014   2 28  1 31 40 332729  -25.69891  -44.50666     6889  49.6  1  0  5  8 0 0 1 0 1 0 0 1 0 0 1 0 0 1
2014   2 28  1 31 40 416646  -25.56835  -44.91588     5126  88.3  2  0  7 18 0 0 1 1 1 0 0 1 0 0 1 1 0 1
2014   2 28  1 31 40 829080  -19.40256 -141.30385    22940 117.6  2  0  7 21 0 0 1 1 1 0 0 0 0 1 1 1 0 1
2014   2 28  1 31 40 875295  -30.56279  -77.28245    12477  30.0  0  0  5 10 0 0 0 1 1 0 0 0 0 0 1 1 0 1
2014   2 28  1 31 41  17941  -25.57096  -44.97065     4508  70.2  2  0  6 15 0 0 1 1 0 0 0 1 0 1 1 0 0 1
2014   2 28  1 31 41 240557  -25.39156  -45.08633     3853  50.6  1  0  6 15 0 0 0 1 1 0 0 1 0 1 1 0 0 1
2014   2 28  1 31 41 315093  -25.77925  -44.99484     4998  62.2  2  0  6 11 0 0 1 1 1 0 0 1 0 0 1 0 0 1
2014   2 28  1 31 41 338007  -25.70718  -44.94505     4764  71.4  2  0  6 15 0 0 1 1 1 0 0 1 0 0 1 0 0 1
2014   2 28  1 31 41 591117  -17.95103   27.04521    33987 104.9  2  0  6 15 0 0 1 1 1 0 0 1 0 0 1 0 0 1
2014   2 28  1 31 42  62320    0.27577  -72.62658     9076 110.1  2  0  6 15 0 0 0 1 1 0 0 1 0 0 1 1 0 1
2014   2 28  1 31 43 209617  -24.07857  -50.13655     5642 117.8  2  0  6 13 0 0 1 1 0 0 0 1 0 1 1 0 0 1
2014   2 28  1 31 43 233054  -10.67836  -75.12905    11362 124.0  2  0  6 15 0 0 1 1 1 0 0 1 0 0 1 0 0 1
2014   2 28  1 31 44  30007  -15.75018  -49.67379     2540   8.7  0  0  5 10 0 0 0 1 0 0 0 1 0 1 1 0 0 1
2014   2 28  1 31 44  59825    4.20409  -71.77510     3004  19.7  0  0  7 19 0 0 1 1 1 0 0 1 0 0 1 1 0 1
2014   2 28  1 31 44 149708    4.10914  -71.65614     4535  29.6  0  0  6 11 0 0 1 1 1 0 0 1 0 0 1 1 0 0
2014   2 28  1 31 44 158290    4.05659  -71.70348     3713  14.2  0  0  6 12 0 0 0 1 1 0 0 1 0 0 1 1 0 1
2014   2 28  1 31 44 206086    4.05710  -71.60745     2799   3.3  0  0  6 14 0 0 1 1 1 0 0 0 0 1 0 1 0 1
2014   2 28  1 31 44 245214    4.17058  -71.77012     5016  27.6  0  0  6 14 0 0 0 1 1 0 0 1 0 0 1 1 0 1
2014   2 28  1 31 44 321858    3.67671  -71.22531     9158   1.3  0  0  4  6 0 0 0 1 0 0 0 1 0 0 1 0 0 1
2014   2 28  1 31 44 564334  -15.74763  -49.65693     2394   4.4  0  0  6 15 0 0 1 1 1 0 0 1 0 0 1 0 0 1
2014   2 28  1 31 44 655339  -15.74029  -49.63511     2661   4.3  0  0  5  9 0 0 0 1 1 0 0 1 0 0 1 0 0 1
2014   2 28  1 31 44 821644   -7.33902  -58.37616     2860   8.5  0  0  6 13 0 0 1 1 1 0 0 1 0 0 1 0 0 1
2014   2 28  1 31 45 352062   -5.77575  -75.08721     4442   2.6  0  0  4  6 0 0 0 1 1 0 0 1 0 0 0 1 0 0
2014   2 28  1 31 45 741248  -13.94283  -51.57320     2890  12.7  0  0  5 10 0 0 0 1 1 0 0 1 0 0 1 0 0 1
2014   2 28  1 31 46 190709  -20.68416 -135.05229     6453  24.6  0  0  7 21 0 0 1 1 1 0 0 0 0 1 1 1 0 1
2014   2 28  1 31 46 248725  -13.57171  159.59691    12657  44.0  1  0  5 10 0 0 1 1 0 0 0 1 0 0 1 1 0 0
2014   2 28  1 31 46 343179  -23.77670  -46.82096     2995  25.4  0  0  6 15 0 0 1 1 1 0 0 1 0 0 1 0 0 1
2014   2 28  1 31 46 354449  -23.75525  -46.82864     2936  25.7  0  0  6 15 0 0 0 1 1 0 0 1 0 0 1 1 0 1
2014   2 28  1 31 46 484443  -13.36364  -51.85719     3315  53.8  1  0  7 21 0 0 0 1 1 0 0 1 0 1 1 0 1 1
2014   2 28  1 31 46 511949  -13.29775  -51.73059     3646  19.5  0  0  4  6 0 0 0 1 0 0 0 1 0 0 1 0 0 1
2014   2 28  1 31 49  93306  -17.48364 -137.20518    19204  43.8  1  0  5  9 0 0 1 0 1 0 0 1 0 0 0 1 0 1
2014   2 28  1 31 50 296651  -24.03366  -45.87976     4414  55.7  2  0  5 10 0 0 1 0 1 0 0 1 0 1 0 0 0 1
2014   2 28  1 31 50 351212  -24.02325  -45.89697     3848  55.4  1  0  6 15 0 0 1 1 1 0 0 1 0 0 1 0 0 1
2014   2 28  1 31 50 368352   -5.40403  -46.33948     2868  45.8  0  0  7 21 0 0 0 1 1 0 0 0 0 1 1 1 1 1
2014   2 28  1 31 50 459714   -5.59233  -46.30326     4931  45.7  1  0  5 10 0 0 0 1 1 0 0 1 0 0 1 0 0 1
2014   2 28  1 31 51  24997  -12.57594  169.51378    18263   1.3  0  0  4  6 0 0 1 1 0 0 0 0 0 0 1 1 0 0
2014   2 28  1 31 51 596342  -11.88753   17.39584    35100  58.5  1  0  6 11 0 0 1 1 1 0 0 1 0 0 1 0 0 1
2014   2 28  1 31 51 648993  -22.78675  -46.12284     4527  31.7  1  0  5  8 0 0 0 1 1 0 0 0 0 0 1 1 0 1
2014   2 28  1 31 51 931869  -25.92161 -133.91266    18761   5.8  0  0  4  6 0 0 1 1 0 0 0 1 0 0 1 0 0 0
2014   2 28  1 31 52 781565  -25.58971  -44.84683     4732  45.5  1  0  5  9 0 0 0 1 1 0 0 1 0 0 1 0 0 1
2014   2 28  1 31 52 812038  -25.67867  -44.80098     4671  50.4  2  0  5 10 0 0 1 1 1 0 0 0 0 0 1 0 0 1
2014   2 28  1 31 53 193560  -25.73689  -44.88973     3279  41.4  1  0  6 15 0 0 1 1 1 0 0 1 0 1 0 0 0 1
2014   2 28  1 31 53 222515  -25.67737  -44.63258     5208  44.1  1  0  5 10 0 0 1 0 1 0 0 0 0 1 1 0 0 1
2014   2 28  1 31 53 384847  -25.77592  -44.78712     5108  61.5  2  0  6 13 0 0 1 1 1 0 0 1 0 0 1 0 0 1
2014   2 28  1 31 53 530282  -17.45877  -51.40838     3140  22.0  0  0  5 10 0 0 1 0 1 0 0 1 0 0 1 0 0 1
2014   2 28  1 31 53 552099   -4.17029  -63.24010     5118  78.8  2  0  6 15 0 0 0 1 1 0 0 1 0 0 1 1 0 1
2014   2 28  1 31 53 949312   -0.87436  155.86441    11282  32.4  1  0  5  9 0 0 1 1 0 0 0 1 0 0 1 1 0 0
2014   2 28  1 31 54 311287  -19.60630  -50.62621     4044  72.1  2  0  6 15 0 0 1 1 1 0 0 1 0 0 1 0 0 1
2014   2 28  1 31 55  55901  -24.08692  -46.09957     3681  35.0  1  0  5 10 0 0 1 1 1 0 0 1 0 0 1 0 0 0
2014   2 28  1 31 55 278746  -23.25826  -47.07357     3894  74.6  2  0  6 15 0 0 1 1 1 0 0 1 0 0 1 0 0 1
2014   2 28  1 31 55 501578  -15.84369  -50.04572     2901   5.5  0  0  4  6 0 0 1 1 0 0 0 1 0 0 1 0 0 0
2014   2 28  1 31 56 536685  -32.72625  -43.27034     3953  54.3  1  0  7 20 0 0 1 1 1 0 0 1 0 1 0 1 0 1
2014   2 28  1 31 57 336484   -6.77497  -59.94230     5995 135.3  2  0  7 21 0 0 1 1 1 0 0 0 0 1 1 1 0 1
2014   2 28  1 31 57 356210   -6.77996  -60.19396     4963  94.7  2  0  6 15 0 0 0 1 1 0 0 1 0 0 1 1 1 0
2014   2 28  1 31 57 392829   -6.63856  -60.12590     2670  20.9  0  0  6 15 0 0 1 1 0 0 0 1 0 0 1 1 1 0
2014   2 28  1 31 57 443696   -6.75365  -59.78233     5294  95.3  2  0  6 15 0 0 1 0 1 0 0 1 0 0 1 1 0 1
2014   2 28  1 31 58 196495    6.04067  -83.62400    11106 146.3  2  0  7 21 0 0 1 1 1 0 0 0 0 1 1 1 0 1
2014   2 28  1 31 58 263159  -10.95780  -53.42048     5262 123.0  2  0  7 21 0 0 1 0 1 0 0 1 0 1 1 1 0 1
2014   2 28  1 31 58 321294  -25.38121  -45.16800     4324  63.9  2  0  6 15 0 0 0 1 1 0 0 1 0 1 1 0 0 1
2014   2 28  1 31 58 364315  -25.62835  -45.10501     3820  60.6  2  0  6 15 0 0 1 1 1 0 0 1 0 1 0 0 0 1
2014   2 28  1 31 58 441073  -25.56287  -45.15973     5417  87.4  2  0  6 13 0 0 1 1 0 0 0 1 0 1 1 1 0 0
2014   2 28  1 31 59 289096   32.46587 -169.16307    39311  12.3  0  0  5  7 0 0 0 1 0 0 0 1 0 1 0 1 0 1
2014   2 28  1 31 59 951129  -22.49463  -48.51218     2857  17.7  0  0  5  9 0 0 1 0 1 0 0 1 0 0 1 0 0 1
2014   2 28  1 32  0 720706  -22.47039  -48.93150     2614   7.5  0  0  5  9 0 0 1 1 1 0 0 1 0 0 1 0 0 0
2014   2 28  1 32  0 887279    4.11216  -71.71430     3256  17.3  0  0  6 13 0 0 1 1 0 0 0 1 0 0 1 1 0 1
2014   2 28  1 32  1 831365   -4.36386  -74.82674     3021  16.0  0  0  6 15 0 0 1 1 1 0 0 0 0 0 1 1 0 1
2014   2 28  1 32  1 858166   -4.39424  -75.06113     3869   5.9  0  0  4  6 0 0 0 1 0 0 0 1 0 0 1 1 0 0
2014   2 28  1 32  2   7982   -5.12997  -70.34125     3125  17.3  0  0  6 15 0 0 0 1 0 0 0 1 0 1 1 1 0 1
2014   2 28  1 32  2  23991   -5.10021  -70.18678     2951  27.7  0  0  7 21 0 0 1 1 0 0 0 1 0 1 1 1 0 1
2014   2 28  1 32  2  42967   -5.10015  -70.16541     3457  29.7  0  0  6 15 0 0 1 0 0 0 0 1 0 1 1 1 0 1
2014   2 28  1 32  2 105946  -16.12017  175.38184    33883   3.7  0  0  4  6 0 0 1 1 0 0 0 1 0 0 1 0 0 0
2014   2 28  1 32  2 113604   -5.14179  -70.29083     3658   7.7  0  0  4  6 0 0 0 0 0 0 0 1 0 0 1 1 0 1
2014   2 28  1 32  2 176888   -4.37722  -74.85646     3654  34.2  0  0  6 15 0 0 1 1 1 0 0 1 0 1 0 1 0 0
2014   2 28  1 32  2 203942   -5.12905  -70.11731     3149  29.4  0  0  7 21 0 0 1 0 1 0 0 1 0 1 1 1 0 1
2014   2 28  1 32  2 509298  -22.54938  -48.86301     3676  39.5  0  0  6 11 0 0 1 1 1 0 0 1 0 0 1 0 0 1
2014   2 28  1 32  2 737206    5.40902  -76.58135     4100  15.4  0  0  6 13 0 0 0 1 1 0 0 1 0 0 1 1 0 1
2014   2 28  1 32  4 515635  -15.74101  -49.78421     3075  45.8  0  0  7 21 0 0 1 0 1 0 0 1 0 1 1 1 0 1
2014   2 28  1 32  4 559992  -15.69315  -50.06649     5503  19.9  0  0  4  6 0 0 1 0 0 0 0 1 0 1 1 0 0 0
2014   2 28  1 32  4 665329  -23.60171  -47.27690     3288  26.9  0  0  5  9 0 0 0 1 1 0 0 1 0 0 1 0 0 1
2014   2 28  1 32  4 713872  -23.42667  -47.58217     2849   1.0  0  0  4  6 0 0 1 1 0 0 0 0 0 1 1 0 0 0
2014   2 28  1 32  5  34018  -25.74916  -44.59710     3437  15.4  0  0  5  7 0 0 1 1 1 0 0 1 0 0 1 0 0 0
2014   2 28  1 32  5  58711  -23.53808  -47.41934     3512  55.3  1  0  6 15 0 0 1 1 1 0 0 1 0 1 1 0 0 0
2014   2 28  1 32  5 342838  -25.73817  -44.66510     3817  30.0  0  0  5 10 0 0 0 1 1 0 0 1 0 0 1 0 0 1
2014   2 28  1 32  5 400443  -25.73618  -44.60243     3910  29.1  0  0  5  9 0 0 0 1 1 0 0 1 0 0 1 0 0 1
2014   2 28  1 32  5 986548   -4.45691  -74.43725     3823  50.4  1  0  7 21 0 0 1 1 1 0 0 1 0 0 1 1 0 1
2014   2 28  1 32  6 157211   -4.46533  -74.43739     3852  51.4  1  0  7 21 0 0 1 1 1 0 0 1 0 0 1 1 0 1
2014   2 28  1 32  6 545961  -25.71558  -44.63995     3502  24.4  0  0  5 10 0 0 1 1 1 0 0 1 0 0 1 0 0 0
2014   2 28  1 32  6 621658  -25.71780  -44.64303     3238  30.5  0  0  6 14 0 0 1 1 1 0 0 1 0 0 1 0 0 1
2014   2 28  1 32  6 771879  -24.27126  -50.25477     4369  61.3  2  0  6 12 0 0 1 1 1 0 0 1 0 1 1 0 0 0
2014   2 28  1 32  6 843134  -25.68547  -44.71258     3649  46.5  0  0  7 16 0 0 1 1 1 0 0 1 0 0 1 1 0 1
2014   2 28  1 32  6 902628  -25.64583  -44.71185     4161  27.2  0  0  5  8 0 0 1 1 1 0 0 0 0 0 1 0 0 1
2014   2 28  1 32  7  56994  -25.68336  -44.72625     2863  33.8  0  0  7 21 0 0 1 1 1 0 0 1 0 1 1 0 0 1
2014   2 28  1 32  7 124031  -25.71181  -44.71355     3645  34.4  1  0  5 10 0 0 1 1 1 0 0 1 0 0 0 0 0 1
2014   2 28  1 32  7 270596  -25.66118  -44.73349     2999  26.1  0  0  6 15 0 0 1 1 1 0 0 0 0 1 1 0 0 1
2014   2 28  1 32  7 310452  -25.66399  -44.70460     3828  29.2  0  0  5  9 0 0 1 1 1 0 0 0 0 0 1 0 0 1
2014   2 28  1 32  7 532546  -25.61463  -44.78746     3379  35.1  0  0  6 15 0 0 0 1 1 0 0 1 0 1 1 0 0 1
2014   2 28  1 32  7 884185   33.98079 -173.56410    12424  24.3  0  0  5 10 0 0 1 1 0 0 0 1 0 0 1 0 1 0
2014   2 28  1 32  8  70320  -18.91178 -144.11916    18570  17.3  0  0  4  6 0 0 0 1 0 0 0 1 0 0 1 1 0 0
2014   2 28  1 32  8 714646  -20.98155  -53.65685     4108  81.6  2  0  6 15 0 0 1 1 1 0 0 0 0 1 1 0 0 1
2014   2 28  1 32 10  94379  -25.64673  -44.89684     4485  35.1  1  0  5  9 0 0 0 1 1 0 0 1 0 0 1 0 0 1
2014   2 28  1 32 10 223387  -25.65627  -44.83865     3168  46.3  0  0  7 21 0 0 1 1 1 0 0 1 0 1 1 0 0 1
2014   2 28  1 32 10 257474  -25.64423  -44.80659     4275  42.4  1  0  5 10 0 0 1 1 1 0 0 0 0 0 1 0 0 1
2014   2 28  1 32 10 261243   -4.78175  -73.43388     8664  74.0  2  0  6 15 0 0 1 1 1 0 0 1 0 0 1 0 0 1
2014   2 28  1 32 10 321495  -25.74990  -44.76176     3531  48.9  0  0  7 21 0 0 1 1 1 0 0 1 0 1 1 0 0 1
2014   2 28  1 32 10 510800   -3.30033   48.72749    23082  82.8  2  0  5 10 0 0 1 0 1 0 0 0 0 0 1 1 0 1
2014   2 28  1 32 10 624321   -4.09161  -75.40133     4652  41.3  1  0  5 10 0 0 1 1 0 0 0 1 0 0 1 1 0 0
2014   2 28  1 32 10 659668  -25.64385  -44.99282     3722  46.0  1  0  6 15 0 0 0 1 1 0 0 1 0 1 1 0 0 1
2014   2 28  1 32 11 966271   -6.63253  -59.22562     3299  49.7  0  0  7 21 0 0 0 1 1 0 0 1 0 1 0 1 1 1
2014   2 28  1 32 11 974485   -6.37204  -58.97669     3515  18.5  0  0  4  6 0 0 0 1 0 0 0 1 0 0 1 1 0 0
2014   2 28  1 32 13   6608   36.21305 -105.18390    35069 106.5  2  0  6 15 0 0 1 0 0 0 0 1 0 1 1 1 0 1
2014   2 28  1 32 13 570835  -21.67486  -49.77922     3122   3.3  0  0  4  6 0 0 1 1 0 0 0 1 0 0 1 0 0 0
2014   2 28  1 32 15  61881    4.47245  -72.21808     6837 122.4  2  0  7 20 0 0 1 1 1 0 0 1 0 0 1 1 0 1
2014   2 28  1 32 15 177639    4.15904  -73.11980     5267  23.9  0  0  5  9 0 0 0 0 1 0 0 1 0 1 0 1 0 1
2014   2 28  1 32 15 982829  -25.53929  -45.00851     4691  73.2  2  0  6 15 0 0 1 1 1 0 0 1 0 0 1 0 0 1
2014   2 28  1 32 16 172158    3.37377  -71.52662     7015   5.2  0  0  5 10 0 0 0 1 1 0 0 1 0 0 1 0 0 1
2014   2 28  1 32 17 247980   -4.47942  -74.89453     3735   4.3  0  0  4  6 0 0 0 1 0 0 0 1 0 0 1 1 0 0
2014   2 28  1 32 17 272057   -4.48029  -74.91235     2944   6.4  0  0  6 15 0 0 0 1 1 0 0 1 0 0 1 1 0 1
2014   2 28  1 32 18  42049  -22.46180  -48.82590     3532  17.0  0  0  5  8 0 0 1 1 0 0 0 1 0 0 1 0 0 1
2014   2 28  1 32 18  63965  -22.46575  -48.86908     2740  21.7  0  0  6 12 0 0 0 1 1 0 0 1 0 1 1 0 0 1
2014   2 28  1 32 18 334954    4.22301  -71.91851     4933  16.9  0  0  5  8 0 0 0 0 1 0 0 1 0 0 1 1 0 1
2014   2 28  1 32 18 415703  -23.08387  -47.24323     3038  24.7  0  0  5 10 0 0 1 0 0 0 0 1 0 1 1 0 0 1
2014   2 28  1 32 18 831161  -13.81072  -51.68288     2996  21.3  0  0  5 10 0 0 1 1 0 0 0 1 0 1 1 0 0 0
2014   2 28  1 32 18 890675  -13.80963  -51.63108     2702  24.8  0  0  7 21 0 0 1 0 1 0 0 1 0 1 1 1 0 1
2014   2 28  1 32 18 970438  -22.47214 -135.85571    19266  67.5  2  0  6 15 0 0 1 0 1 0 0 1 0 0 1 1 0 1
2014   2 28  1 32 19  12088  -22.51038 -134.63394     6165  20.7  0  0  7 21 0 0 1 0 1 0 0 1 0 1 1 1 0 1
2014   2 28  1 32 19  84589  -19.47996  -50.80264     4199  24.2  0  0  5  7 0 0 1 1 1 0 0 1 0 0 1 0 0 0
2014   2 28  1 32 19 214163  -13.81158  -51.68305     3347  25.8  0  0  5  8 0 0 1 1 0 0 0 1 0 1 0 0 1 0
2014   2 28  1 32 19 316796  -13.87431  -51.57705     3744  21.9  0  0  6 13 0 0 1 1 1 0 0 0 0 0 1 0 1 1
2014   2 28  1 32 19 358839  -13.79676  -51.67132     2636  25.8  0  0  7 20 0 0 1 1 1 0 0 1 0 0 1 1 1 0
2014   2 28  1 32 19 387270  -14.05818  -51.45125     3340   3.1  0  0  5 10 0 0 1 1 1 0 0 0 0 0 1 0 0 1
2014   2 28  1 32 19 508033    4.15920  -71.85442     4849  26.5  0  0  5  8 0 0 0 1 0 0 0 1 0 1 1 1 0 0
2014   2 28  1 32 19 567224    4.18223  -71.83353     4723  24.2  0  0  5  7 0 0 0 1 1 0 0 1 0 0 1 1 0 0
2014   2 28  1 32 19 723994  -13.86952  -51.54082     3752  21.9  1  0  4  6 0 0 0 1 0 0 0 1 0 0 1 0 0 1
2014   2 28  1 32 19 891592    6.48053  -75.71614     5729  26.5  0  0  5  7 0 0 0 1 1 0 0 1 0 0 1 1 0 0
2014   2 28  1 32 20 308834  -27.38756 -134.75388    25655  14.6  0  0  4  6 0 0 1 1 0 0 0 1 0 0 1 0 0 0
2014   2 28  1 32 20 598800  -25.71261  -44.66021     2926  15.5  0  0  5 10 0 0 1 1 1 0 0 0 0 1 0 0 0 1
2014   2 28  1 32 20 632184  -25.74182  -44.65858     3274  23.4  0  0  5  9 0 0 1 1 1 0 0 1 0 0 0 0 0 1
2014   2 28  1 32 20 703498  -25.69893  -44.69322     3375  17.5  0  0  5  8 0 0 1 1 0 0 0 0 0 1 1 1 0 0
2014   2 28  1 32 20 808921  -25.81084  -44.62516     4053  23.2  0  0  5  7 0 0 0 1 1 0 0 1 0 0 1 0 0 1
2014   2 28  1 32 20 907717  -25.65795  -44.60847     2948  24.2  0  0  6 15 0 0 1 1 1 0 0 1 0 0 1 0 0 1
2014   2 28  1 32 21   1092  -25.82092  -44.61983     2959  24.1  0  0  6 15 0 0 1 1 1 0 0 1 0 0 1 0 0 1
2014   2 28  1 32 21 487491  -24.14553  -45.79776     3376  40.7  1  0  6 15 0 0 1 1 1 0 0 1 0 0 1 0 0 1
2014   2 28  1 32 21 635160   -5.63691  -75.14102     5319  21.3  1  0  4  6 0 0 0 1 0 0 0 1 0 0 1 1 0 0
2014   2 28  1 32 21 657557   -5.60342  -75.02169     3630  23.3  0  0  5 10 0 0 1 1 0 0 0 1 0 0 1 1 0 0
2014   2 28  1 32 21 800996  -25.31980 -135.71423     8812  18.2  0  0  5 10 0 0 1 1 0 0 0 1 0 0 1 1 0 0
2014   2 28  1 32 22 659805  -12.75371   56.07507    36732  37.7  1  0  5 10 0 0 1 1 1 0 0 0 0 0 1 0 0 1
2014   2 28  1 32 23  49236   36.94778 -107.74008    34533  45.9  1  0  5  9 0 0 1 1 0 0 0 1 0 0 1 1 0 0
2014   2 28  1 32 23 633971  -14.09398  -44.11593     4070  97.5  2  0  7 20 0 0 1 1 1 0 0 1 0 0 1 1 0 1
2014   2 28  1 32 23 687151  -28.95754 -128.31947   177369  74.2  2  0  5 10 0 0 1 1 1 0 0 0 0 1 0 0 0 1
2014   2 28  1 32 23 690724    3.57876  -72.19686     5439  60.1  1  0  7 21 0 0 0 1 1 0 0 1 0 1 1 1 0 1
2014   2 28  1 32 23 830910  -13.91920  -44.20414     2901  10.1  0  0  5  7 0 0 1 1 1 0 0 1 0 0 0 0 0 1
2014   2 28  1 32 23 889969    3.48943  -14.56438    12270  61.1  1  0  7 20 0 0 1 1 1 0 0 1 0 0 1 1 0 1
2014   2 28  1 32 23 942324    4.21489  -13.17720    36458  61.3  2  0  6 15 0 0 1 1 1 0 0 1 0 0 1 0 0 1
2014   2 28  1 32 24  14834    0.13743  -72.36581     5371  63.1  1  0  7 21 0 0 0 1 1 0 0 1 0 1 1 1 0 1
2014   2 28  1 32 24  48054    0.22933  -72.09538     5792  61.1  2  0  5  9 0 0 1 1 0 0 0 1 0 0 0 1 0 1
2014   2 28  1 32 24  96939    0.57055  -71.52965     6260  74.1  2  0  7 17 0 0 1 0 1 0 0 1 0 1 1 1 0 1
2014   2 28  1 32 24 177081    0.27458  -72.16913     4361  33.9  1  0  5  9 0 0 1 1 0 0 0 1 0 0 1 1 0 0
2014   2 28  1 32 24 184483    3.32512  -71.61980    27359  65.5  2  0  5 10 0 0 0 1 1 0 0 1 0 0 1 0 0 1
2014   2 28  1 32 24 256273    7.91425 -136.68106     9509   9.2  0  0  4  6 0 0 1 1 0 0 0 1 0 0 0 1 0 0
2014   2 28  1 32 24 795813  -31.99270  -43.38035     6075  29.2  0  0  5 10 0 0 0 1 1 0 0 1 0 0 1 0 0 1
2014   2 28  1 32 24 797381  -17.23695  177.19891    15829  19.8  0  0  4  6 0 0 0 1 0 0 0 1 0 0 1 1 0 0
2014   2 28  1 32 24 932430  -17.01588  175.67067    17763  58.6  1  0  6 15 0 0 0 1 1 0 0 1 0 0 1 1 0 1
2014   2 28  1 32 25  31561  -32.62038  -42.99871     6597  60.0  2  0  6 12 0 0 1 1 1 0 0 1 0 0 1 0 0 1
2014   2 28  1 32 25 145135    4.36054  -72.33335     6954  69.7  2  0  6 15 0 0 0 1 1 0 0 1 0 0 1 1 0 1
2014   2 28  1 32 25 230977    4.29741  -71.91487     5387  64.8  2  0  6 12 0 0 1 1 0 0 0 1 0 0 1 1 0 1
2014   2 28  1 32 26 206530  -13.20797  -56.56863     6765  57.2  2  0  5 10 0 0 0 0 1 0 0 1 0 1 1 0 0 1
2014   2 28  1 32 26 292332  -23.88149  -46.03126     4425  76.9  2  0  6 15 0 0 1 1 1 0 0 1 0 0 1 0 0 1
2014   2 28  1 32 27 177906  -23.69278  -46.94312     5961 102.1  2  0  6 15 0 0 1 1 1 0 0 1 0 0 1 0 0 1
2014   2 28  1 32 27 550979  -22.70676  -48.99273     3150   2.5  0  0  4  6 0 0 1 1 0 0 0 1 0 0 1 0 0 0
2014   2 28  1 32 27 663656  -13.95465  -44.09024     6677  77.4  2  0  6 11 0 0 1 1 0 0 0 1 0 1 1 0 0 1
2014   2 28  1 32 27 705424  -13.90606  -43.02377     5251   5.7  0  0  4  6 0 0 1 0 0 0 0 1 0 0 1 0 0 1
2014   2 28  1 32 28 241812  -15.88994  -49.95710     3846  90.9  2  0  7 21 0 0 1 1 1 0 0 1 0 1 1 0 0 1
2014   2 28  1 32 28 293487  -15.91306  -49.79853     4729  86.4  2  0  6 15 0 0 1 1 1 0 0 1 0 0 1 0 0 1
2014   2 28  1 32 28 314851  -15.84316  -49.52460     3165   5.5  0  0  4  6 0 0 1 0 0 0 0 1 0 0 1 0 0 1
2014   2 28  1 32 30 122962  -23.76683  -46.10168     5339 107.3  2  0  6 15 0 0 1 1 1 0 0 1 0 0 1 0 0 1
2014   2 28  1 32 31 528783  -12.81561  157.32047    17138 117.2  2  0  7 20 0 0 1 1 1 0 0 1 0 0 1 1 0 1
2014   2 28  1 32 31 789475  -25.68587  -45.02567     4919  53.5  2  0  5 10 0 0 1 1 1 0 0 1 0 0 1 0 0 0
2014   2 28  1 32 31 796903  -25.65044  -45.00255     4846  74.9  2  0  6 15 0 0 1 1 1 0 0 1 0 0 1 0 0 1
2014   2 28  1 32 32 306563  -25.92836  -44.39049     2783  12.9  0  0  6 14 0 0 1 1 1 0 0 1 0 0 1 0 0 1
2014   2 28  1 32 32 326047  -19.54622 -142.05051    14701  50.5  1  0  6 15 0 0 1 1 0 0 0 1 0 0 1 1 0 1
2014   2 28  1 32 32 442603  -25.84772  -44.41047     3181  11.7  0  0  5  9 0 0 0 1 1 0 0 1 0 0 1 0 0 1
2014   2 28  1 32 32 461678  -26.06227  -44.40883     4104   8.5  0  0  5 10 0 0 0 1 1 0 0 1 0 1 0 0 0 1
2014   2 28  1 32 32 698132  -24.36631  -50.03519     3264   1.8  0  0  4  6 0 0 1 1 0 0 0 1 0 0 1 0 0 0
2014   2 28  1 32 32 933613    0.18515  -63.86829     2559  11.1  0  0  7 19 0 0 1 0 1 0 0 1 0 1 1 1 0 1
2014   2 28  1 32 33 160500  -22.36622  -48.82370     2843  14.0  0  0  5  7 0 0 0 1 1 0 0 1 0 1 1 0 0 0
2014   2 28  1 32 33 735499  -25.85373  -44.51052     2494  14.1  0  0  7 21 0 0 1 1 1 0 0 1 0 1 1 0 0 1
2014   2 28  1 32 34  49165  -25.79803  -44.40292     3188  17.4  0  0  5 10 0 0 1 1 1 0 0 1 0 0 1 0 0 0
2014   2 28  1 32 34 175517  -25.80181  -44.44666     3463  14.1  0  0  5  8 0 0 0 1 1 0 0 1 0 0 1 0 0 1
2014   2 28  1 32 34 242775   10.84091  -55.81116     6477 101.1  2  0  6 14 0 0 0 0 1 0 0 0 0 1 1 1 1 1
2014   2 28  1 32 35  47003   -2.21284  -56.14270     2615  13.6  0  0  6 15 0 0 0 1 1 0 0 1 0 1 0 1 0 1
2014   2 28  1 32 35 383142    4.23944  -72.03943     3801  22.1  0  0  6 15 0 0 0 1 1 0 0 1 0 0 1 1 0 1
2014   2 28  1 32 35 421010    4.10056  -71.86363     4411  21.3  0  0  5  8 0 0 0 1 1 0 0 1 0 0 1 1 0 0
2014   2 28  1 32 35 450656    4.10129  -71.84713     3899  13.6  0  0  5  8 0 0 0 1 0 0 0 1 0 0 1 1 0 1
2014   2 28  1 32 35 590863    4.27341  -72.09357     5122  26.0  0  0  5  9 0 0 0 1 1 0 0 1 0 0 1 1 0 0
2014   2 28  1 32 35 704828   -4.69880  -74.26865     5932  24.9  0  0  5 10 0 0 1 1 1 0 0 1 0 0 1 0 0 0
2014   2 28  1 32 35 864775  -23.88134  -45.97259     3041  29.5  0  0  6 15 0 0 1 1 1 0 0 1 0 0 1 0 0 1
2014   2 28  1 32 36 239387  -24.47884  -50.30601     3228  26.4  0  0  6 12 0 0 1 1 1 0 0 1 0 0 1 0 0 1
2014   2 28  1 32 36 272172  -24.43150  -50.43658     3856  43.9  1  0  6 13 0 0 1 1 1 0 0 1 0 0 1 0 0 1
2014   2 28  1 32 36 307542  -25.90263  -44.55163     3770  20.0  0  0  5  8 0 0 0 1 1 0 0 1 0 0 1 0 0 1
2014   2 28  1 32 36 810926   -5.68211  -48.93619     7737  34.2  0  0  6 15 0 0 1 1 1 0 0 0 0 1 1 0 0 1
2014   2 28  1 32 37 115613  -25.77030  -44.58469     3051  26.2  0  0  6 13 0 0 1 1 1 0 0 1 0 1 1 0 0 0
2014   2 28  1 32 37 162771  -25.89379  -44.48738     5817  77.7  2  0  6 11 0 0 1 1 1 0 0 1 0 0 1 0 0 1
2014   2 28  1 32 37 192512  -25.75719  -44.59261     2732  25.5  0  0  7 21 0 0 1 1 1 0 0 1 0 1 1 0 0 1
2014   2 28  1 32 37 244097  -25.85019  -44.51355     3375  44.4  0  0  7 21 0 0 1 1 1 0 0 1 0 1 1 0 0 1
2014   2 28  1 32 37 426647  -25.78202  -44.55905     3482  24.3  0  0  5 10 0 0 1 1 1 0 0 1 0 0 1 0 0 0
2014   2 28  1 32 37 562678  -25.75169  -44.60693     3624  29.9  0  0  6 15 0 0 1 0 1 0 0 1 0 1 1 0 0 1
2014   2 28  1 32 37 973806  -25.67350  -44.67164     3159  25.2  0  0  6 14 0 0 0 1 1 0 0 1 0 1 1 0 0 1
2014   2 28  1 32 38  40823  -25.77097  -44.58510     3572  26.3  0  0  5 10 0 0 1 1 1 0 0 1 0 0 1 0 0 0
2014   2 28  1 32 38  86164  -25.73931  -44.63282     2802  28.9  0  0  7 21 0 0 1 1 1 0 0 1 0 1 1 0 0 1
2014   2 28  1 32 38 140625  -25.86931  -44.82784     3796  20.0  0  0  5  8 0 0 0 1 1 0 0 1 0 0 1 0 0 1
2014   2 28  1 32 38 255022  -25.70823  -44.76822     3654  27.4  0  0  5 10 0 0 0 1 1 0 0 1 0 0 1 0 0 1
2014   2 28  1 32 38 286417  -25.71723  -44.64360     3054  28.0  0  0  6 15 0 0 1 1 1 0 0 0 0 1 1 0 0 1
2014   2 28  1 32 38 734082  -15.82381  -49.82748     3019  38.2  0  0  6 15 0 0 1 1 1 0 0 1 0 1 0 0 0 1
2014   2 28  1 32 38 764794  -15.79490  -49.75729     3883  41.8  1  0  5 10 0 0 1 1 1 0 0 1 0 0 1 0 0 0
2014   2 28  1 32 38 788072  -15.73925  -49.82248     3154  54.8  1  0  7 21 0 0 1 1 1 0 0 1 0 0 1 1 0 1
2014   2 28  1 32 38 843680  -15.79343  -49.92223     3469  35.4  1  0  5  9 0 0 0 1 1 0 0 1 0 1 0 1 0 0
2014   2 28  1 32 38 957910  -25.77980  -44.74529     3943  35.5  1  0  5 10 0 0 1 1 0 0 0 1 0 1 1 0 0 0
2014   2 28  1 32 38 998013  -15.73392  -49.86160     3084  51.7  1  0  7 21 0 0 1 1 1 0 0 1 0 0 1 1 1 0
2014   2 28  1 32 39  55709  -15.81051  -49.73644     3294  40.4  1  0  6 15 0 0 1 1 1 0 0 1 0 0 1 0 0 1
2014   2 28  1 32 39  82032  -15.81115  -49.73434     3324  41.3  1  0  6 15 0 0 1 1 1 0 0 1 0 0 1 0 0 1
2014   2 28  1 32 39 125173  -15.81264  -49.73460     3343  41.7  1  0  6 15 0 0 1 1 1 0 0 1 0 0 1 0 0 1
2014   2 28  1 32 39 187156  -15.82030  -49.83958     3172  45.4  1  0  6 15 0 0 0 1 1 0 0 1 0 1 1 0 0 1
2014   2 28  1 32 39 215745  -24.64451 -137.85684    14709  71.0  2  0  6 15 0 0 1 1 1 0 0 1 0 0 0 1 0 1
2014   2 28  1 32 39 232725  -15.87368  -49.81904     4865  49.5  1  0  5 10 0 0 0 1 1 0 0 0 0 1 1 0 0 1
2014   2 28  1 32 39 256989  -15.81131  -49.73664     3361  42.4  1  0  6 15 0 0 1 1 1 0 0 1 0 0 1 0 0 1
2014   2 28  1 32 39 314501  -15.80976  -49.81559     2999  49.2  0  0  7 21 0 0 1 1 1 0 0 1 0 1 1 0 0 1
2014   2 28  1 32 39 398633  -15.85847  -49.89047     2753  15.7  0  0  5 10 0 0 0 1 1 0 0 1 0 1 0 0 0 1
2014   2 28  1 32 39 426005   -5.71714  -75.33008     7047  71.7  2  0  6 15 0 0 0 1 1 0 0 1 0 1 1 1 0 0
2014   2 28  1 32 39 592766  -15.91568  -49.80419     4817  48.7  1  0  5 10 0 0 1 1 1 0 0 0 0 1 0 0 0 1
2014   2 28  1 32 39 733633  -15.81213  -49.81573     3059  52.4  1  0  7 21 0 0 1 1 1 0 0 1 0 1 1 0 0 1
2014   2 28  1 32 39 771510  -16.73551   22.25057    40715  42.8  1  0  5 10 0 0 1 1 1 0 0 0 0 0 1 0 0 1
2014   2 28  1 32 39 956296   -2.41931   66.89569    15080  18.1  0  0  4  6 0 0 1 0 0 0 0 1 0 0 1 0 0 1
2014   2 28  1 32 40   3435  -15.82435  -49.77723     4445  50.8  2  0  5 10 0 0 0 1 1 0 0 1 0 0 1 0 0 1
2014   2 28  1 32 40  20752  -15.73361  -49.85085     2855   1.4  0  0  4  6 0 0 1 1 0 0 0 1 0 0 1 0 0 0
2014   2 28  1 32 40  33237  -15.82391  -49.77852     4423  50.4  2  0  5 10 0 0 0 1 1 0 0 1 0 0 1 0 0 1
2014   2 28  1 32 40 125200  -15.82662  -49.78065     4474  51.3  2  0  5 10 0 0 0 1 1 0 0 1 0 0 1 0 0 1
2014   2 28  1 32 40 274870  -24.26132  -45.87489     3323  25.6  0  0  5 10 0 0 1 1 1 0 0 1 0 0 1 0 0 0
2014   2 28  1 32 40 312083  -24.27056  -45.83348     3830  38.4  0  0  6 11 0 0 1 1 1 0 0 1 0 0 1 0 0 1
2014   2 28  1 32 40 393666  -15.78791  -49.77364     3869  41.5  1  0  5 10 0 0 1 1 0 0 0 1 0 0 1 0 0 1
2014   2 28  1 32 43 460807    4.34350  -72.30196     8649  87.2  2  0  6 12 0 0 0 1 1 0 0 1 0 0 1 1 0 1
2014   2 28  1 32 43 674545    4.33286  -72.17131    12053 122.6  2  0  7 17 0 0 1 1 1 0 0 1 0 1 0 1 0 1
2014   2 28  1 32 43 738851    4.21707  -72.30457     8596  86.9  2  0  6 14 0 0 0 1 1 0 0 1 0 0 1 1 0 1
2014   2 28  1 32 44 248452    0.65387  -71.81888     5333  87.8  2  0  7 21 0 0 1 0 1 0 0 1 0 1 1 1 0 1
2014   2 28  1 32 44 476105  -25.60750 -137.37827    17652  83.8  2  0  7 19 0 0 1 1 0 0 0 1 1 0 1 1 0 1
2014   2 28  1 32 44 612970    0.70454  -72.38698     7829  90.8  2  0  6 15 0 0 0 1 1 0 0 1 0 0 1 1 0 1
2014   2 28  1 32 45 985388  -10.25541  -75.30383     4906  44.8  1  0  5 10 0 0 1 0 1 0 0 0 0 0 1 1 0 1
2014   2 28  1 32 46 533595  -23.94710  -46.29293     3603  34.8  1  0  5 10 0 0 1 1 1 0 0 1 0 0 1 0 0 0
2014   2 28  1 32 46 595438  -24.18285  -45.38485     5432  15.0  0  0  4  6 0 0 1 0 0 0 0 1 0 0 1 0 0 1
2014   2 28  1 32 46 676966  -23.92689  -46.13408     4214 101.0  2  0  7 21 0 0 1 1 1 0 0 1 0 1 1 0 0 1
2014   2 28  1 32 47 698699    5.57545  -71.73940     7112 114.5  2  0  7 20 0 0 1 0 1 0 0 1 0 1 1 1 0 1
2014   2 28  1 32 48  19654    4.24712  -71.79256     5230   0.4  0  0  5  7 0 0 0 0 1 0 0 0 0 1 1 1 0 1
2014   2 28  1 32 48 130032    4.23587  -71.77122     2840  10.7  0  0  7 20 0 0 1 1 1 0 0 0 0 1 1 1 0 1
2014   2 28  1 32 48 208712    4.08692  -71.70119     2911   8.8  0  0  6 13 0 0 1 1 0 0 0 1 0 0 1 1 0 1
2014   2 28  1 32 48 706987  -12.44165  -57.24814     2579   3.5  0  0  6 15 0 0 1 0 1 0 0 1 0 1 1 0 0 1
2014   2 28  1 32 49  57276  -23.90583  -45.92717     2865  23.3  0  0  6 15 0 0 1 1 1 0 0 1 0 0 1 0 0 1
2014   2 28  1 32 49 154189  -25.92440  -44.52024     3718  18.4  0  0  5  8 0 0 0 1 1 0 0 1 0 0 1 0 0 1
2014   2 28  1 32 49 181213  -23.90105  -45.91360     3316  24.4  0  0  5 10 0 0 0 1 1 0 0 1 0 0 1 0 0 1
2014   2 28  1 32 49 220464  -25.90869  -44.48951     2823  17.2  0  0  6 14 0 0 1 1 1 0 0 1 0 0 1 0 0 1
2014   2 28  1 32 49 735126  -23.71180  -46.94608     2864  27.0  0  0  6 15 0 0 1 1 0 0 0 1 0 1 1 0 0 1
2014   2 28  1 32 49 789644  -23.42131  -47.10347     4980 127.7  2  0  7 17 0 0 1 1 1 0 0 0 0 1 1 1 0 1
2014   2 28  1 32 49 873809  -23.67822  -47.06607     2478  20.2  0  0  7 21 0 0 1 1 1 0 0 1 0 1 1 1 0 0
2014   2 28  1 32 50 478441    3.89862  -71.63410    12598  23.9  0  0  5 10 0 0 0 1 1 0 0 1 0 0 1 0 0 1
2014   2 28  1 32 50 828061  -12.47022  170.47696    12568  33.1  1  0  5 10 0 0 1 0 1 0 0 1 0 0 1 1 0 0
2014   2 28  1 32 50 956440  -23.12978  -47.36750     2891   4.5  0  0  4  6 0 0 1 1 0 0 0 0 0 1 1 0 0 0
2014   2 28  1 32 51 103887  -13.53550  -51.75516     2628  22.5  0  0  7 21 0 0 1 1 1 0 0 1 0 1 1 0 0 1
2014   2 28  1 32 51 359503  -13.53325  -51.79598     3631  27.8  0  0  5 10 0 0 0 1 1 0 0 1 0 0 1 0 0 1
2014   2 28  1 32 51 482769  -13.52602  -51.67839     2681  14.2  0  0  6 15 0 0 1 0 1 0 0 1 0 1 1 0 0 1
2014   2 28  1 32 52 209468  -19.23280  -51.03816     2662  12.8  0  0  6 12 0 0 1 0 1 0 0 0 0 1 1 1 0 1
2014   2 28  1 32 53  44099  -23.89462  -45.90672     3921  36.4  1  0  5 10 0 0 1 0 1 0 0 1 0 0 1 0 0 1
2014   2 28  1 32 53 845253   -3.55003  -63.06408     5615  26.3  0  0  5 10 0 0 0 0 1 0 0 0 0 1 1 1 0 1
2014   2 28  1 32 53 976366    5.77895  -77.04347     8722  67.1  1  0  7 16 0 0 1 1 1 0 0 1 0 1 1 1 0 0
2014   2 28  1 32 54 319707    0.19064  -72.32930     5317  51.1  1  0  6 15 0 0 0 1 1 0 0 1 0 0 1 1 0 1
2014   2 28  1 32 54 621609  -22.47408  -48.79339     4833  45.9  1  0  5  8 0 0 1 1 1 0 0 1 0 0 1 0 0 0
2014   2 28  1 32 54 699510    0.22418  -72.36603     6343  53.5  2  0  5 10 0 0 0 1 1 0 0 1 0 0 1 1 0 0
2014   2 28  1 32 54 751409    4.01958  -71.96478     5015  61.2  1  0  7 18 0 0 1 1 1 0 0 1 0 0 1 1 0 1
2014   2 28  1 32 55 208980  -25.78636  -44.82351     5026  54.2  1  0  6 11 0 0 1 0 1 0 0 1 0 1 1 0 0 1
2014   2 28  1 32 55 248042  -25.59209  -44.83533     3988  35.6  1  0  5 10 0 0 0 1 1 0 0 1 0 0 1 0 0 1
2014   2 28  1 32 55 277528  -25.69945  -44.77106     3655  43.5  1  0  6 15 0 0 1 1 1 0 0 1 0 0 1 0 0 1
2014   2 28  1 32 55 498960  -25.70392  -44.80489     3026  28.4  0  0  6 15 0 0 1 1 1 0 0 1 0 1 1 0 0 0
2014   2 28  1 32 55 622345  -23.37792  -45.69276     4959  71.4  2  0  5 10 0 0 1 1 0 0 0 0 0 1 1 0 0 1
2014   2 28  1 32 56 229543  -25.57844  -44.79203     4818  48.3  1  0  5  9 0 0 1 1 1 0 0 0 0 0 1 0 0 1
2014   2 28  1 32 56 440781  -25.49640  -44.77033     4388  39.3  1  0  5  9 0 0 0 1 1 0 0 1 0 0 1 0 0 1
2014   2 28  1 32 56 507546  -14.86407  -57.58990     6306  76.4  2  0  6 15 0 0 0 1 1 0 0 1 0 1 1 0 0 1
2014   2 28  1 32 57 388550    4.27326  -72.26509     7449  77.5  2  0  6 15 0 0 0 1 1 0 0 1 0 0 1 1 0 1
2014   2 28  1 32 57 609103   31.40525 -142.69814    14303   2.3  0  0  4  6 0 0 1 1 0 0 0 1 0 0 0 1 0 0
2014   2 28  1 33  0  38584  -24.12105  -51.11410     4807 103.5  2  0  6 15 0 0 1 1 0 0 0 1 0 1 1 0 0 1
2014   2 28  1 33  0 120470  -22.37657  -49.16215     5650  99.4  2  0  6 12 0 0 1 1 0 0 0 1 0 1 1 0 0 1
2014   2 28  1 33  0 216467  -19.79518   71.74147    25744 107.7  2  0  7 21 0 0 1 1 1 0 0 1 0 1 1 0 0 1
2014   2 28  1 33  0 628809   -3.98733  -63.13324     5480 106.7  2  0  7 19 0 0 1 1 1 0 0 1 0 0 1 1 0 1
2014   2 28  1 33  0 793044  -16.67449  176.19220    15461  40.9  1  0  5 10 0 0 1 1 0 0 0 1 0 0 1 1 0 0
2014   2 28  1 33  0 881043  -22.97534  -47.77045     3246  27.4  0  0  5 10 0 0 1 1 0 0 0 1 0 1 1 0 0 0
2014   2 28  1 33  0 982121  -25.62109  -44.98550     6147  55.5  2  0  5 10 0 0 1 0 1 0 0 1 0 1 1 0 0 0
2014   2 28  1 33  0 991252    5.30440  -73.27977    10870 137.6  2  0  7 16 0 0 1 1 1 0 0 1 0 0 1 1 0 1
2014   2 28  1 33  1  40644  -25.59600  -44.95806     3598  62.2  1  0  7 21 0 0 1 1 1 0 0 1 0 1 1 0 0 1
2014   2 28  1 33  1 191272  -25.61353  -44.93593     4676  70.8  2  0  6 15 0 0 1 1 1 0 0 1 0 0 1 0 0 1
2014   2 28  1 33  1 278109  -25.45436  -45.09219     4205  51.3  1  0  6 12 0 0 0 1 1 0 0 1 0 1 1 0 0 1
2014   2 28  1 33  1 380790  -25.58918  -44.93709     4648  70.3  2  0  6 15 0 0 1 1 1 0 0 1 0 0 1 0 0 1
2014   2 28  1 33  1 410497  -25.57121  -44.98202     3664  65.1  1  0  7 21 0 0 1 1 1 0 0 1 0 1 1 0 0 1
2014   2 28  1 33  1 458507  -25.62275  -44.88589     5156  61.9  2  0  6 13 0 0 1 0 1 0 0 1 0 1 1 0 0 1
2014   2 28  1 33  1 501764  -25.58986  -44.93982     4678  71.1  2  0  6 15 0 0 1 1 1 0 0 1 0 0 1 0 0 1
2014   2 28  1 33  1 593453  -25.58449  -44.94585     4665  71.0  2  0  6 15 0 0 1 1 1 0 0 1 0 0 1 0 0 1
2014   2 28  1 33  2 423711    0.57769  -73.27024     8992 125.2  2  0  7 21 0 0 0 1 1 0 0 1 0 1 1 1 0 1
2014   2 28  1 33  2 723057  -15.79993  -50.30599     4579  62.2  2  0  5 10 0 0 1 1 0 0 0 1 0 1 1 0 0 0
2014   2 28  1 33  2 765454  -16.01218  -49.90956     5407 108.8  2  0  6 15 0 0 1 1 1 0 0 1 0 0 1 0 0 1
2014   2 28  1 33  2 908670  -12.85939  157.43466    20178 122.4  2  0  6 15 0 0 1 1 1 0 0 1 0 0 0 1 0 1
2014   2 28  1 33  3 738215  -21.37564   70.86269    40401 125.8  2  0  6 15 0 0 1 1 1 0 0 1 0 0 1 0 0 1
2014   2 28  1 33  4 540217  -25.76199  -44.51590     3332  12.5  0  0  5  8 0 0 0 1 1 0 0 1 0 0 1 0 0 1
2014   2 28  1 33  4 734573  -13.69937  -52.73286     2319   9.1  0  0  7 21 0 0 0 1 1 0 0 1 0 1 1 1 0 1
2014   2 28  1 33  4 744168  -13.70268  -52.73333     2354   9.5  0  0  7 20 0 0 0 1 1 0 0 1 0 1 1 1 0 1
2014   2 28  1 33  5 201212  -25.84188  -44.51097     3155  16.3  0  0  6 11 0 0 1 1 1 0 0 1 0 0 1 0 0 1
2014   2 28  1 33  5 354429    4.07028  -71.29140     2866  12.9  0  0  7 19 0 0 1 0 1 0 0 1 0 1 1 1 0 1
2014   2 28  1 33  5 421188    9.28975  -74.20985     3888  11.7  0  0  6 13 0 0 0 1 1 0 0 1 0 0 1 1 0 1
2014   2 28  1 33  5 500393  -24.76830 -134.84613     6795  13.2  0  0  6 14 0 0 1 0 1 0 0 1 0 1 1 1 0 0
2014   2 28  1 33  5 557008   -4.48630  -74.79504     3021  17.0  0  0  6 14 0 0 1 1 1 0 0 1 0 0 1 1 0 0
2014   2 28  1 33  5 712926    3.87378  -71.29707     9107  14.3  0  0  5 10 0 0 0 1 1 0 0 1 0 0 1 0 0 1
2014   2 28  1 33  5 773077  -25.44806 -134.01411    12865   9.0  0  0  5 10 0 0 1 0 1 0 0 1 0 0 1 0 0 1
2014   2 28  1 33  5 966210    6.55559  -83.79974     3655  18.4  0  0  7 19 0 0 1 1 1 0 0 1 0 0 1 1 0 1
2014   2 28  1 33  6 574708  -13.87827   33.01908    20710  15.9  0  0  5 10 0 0 1 1 1 0 0 0 0 0 1 0 0 1
2014   2 28  1 33  7 906881   -4.41146  -75.03865    13143  34.6  1  0  5 10 0 0 0 1 1 0 0 1 0 0 1 0 0 1
2014   2 28  1 33  7 914027   -4.30551  -75.17657     4677  15.6  0  0  4  6 0 0 0 1 0 0 0 1 0 0 1 1 0 0
2014   2 28  1 33  9  54108  -24.30265  -50.27729     2873   9.5  0  0  5  7 0 0 1 1 0 0 0 1 0 1 0 0 0 1
2014   2 28  1 33  9 266558  -23.87667  -51.08177     3294   7.7  0  0  5  7 0 0 1 1 1 0 0 1 0 0 1 0 0 0
2014   2 28  1 33  9 704806    4.31215  -72.12008     5628  46.8  1  0  6 14 0 0 0 1 1 0 0 1 0 0 1 1 0 1
2014   2 28  1 33  9 895912  -12.72871  -40.05365     5849  63.5  2  0  5  7 0 0 0 1 1 0 0 0 0 0 1 1 0 1
2014   2 28  1 33 10 181738  -15.82127  -49.81142     4088  43.1  1  0  5 10 0 0 0 1 1 0 0 1 0 0 1 0 0 1
2014   2 28  1 33 11 515851  -19.35525  -50.90634     4377  26.5  0  0  5  7 0 0 1 1 0 0 0 1 0 0 1 0 0 1
2014   2 28  1 33 11 625604   -4.36998  -73.92941     4261  45.1  1  0  6 15 0 0 1 0 1 0 0 1 0 0 1 1 0 1
2014   2 28  1 33 11 633801   -4.38715  -74.34749     7268  63.2  2  0  5 10 0 0 0 1 1 0 0 1 0 0 1 1 0 0
2014   2 28  1 33 11 776701  -25.78295  -44.72811     3286  35.0  0  0  6 15 0 0 1 1 1 0 0 0 0 1 1 0 0 1
2014   2 28  1 33 11 950201  -25.83600  -44.69360     6351  45.6  1  0  5  9 0 0 1 1 0 0 0 1 0 0 1 0 0 1
2014   2 28  1 33 12 606933  -25.54324  -44.81293     3854  33.0  1  0  5 10 0 0 0 1 1 0 0 1 0 0 1 0 0 1
2014   2 28  1 33 12 741875  -25.69462  -44.80864     3639  32.9  1  0  5  9 0 0 1 1 1 0 0 1 0 0 0 0 0 1
2014   2 28  1 33 12 878059  -25.66028  -44.76833     3665  40.7  1  0  6 14 0 0 1 1 1 0 0 1 0 0 1 0 0 1
2014   2 28  1 33 13   9072  -25.68997  -44.56382     3976  40.3  1  0  6 14 0 0 1 0 1 0 0 1 0 0 1 0 1 1
2014   2 28  1 33 13 176848  -25.54747  -44.83210     4030  36.4  1  0  5 10 0 0 0 1 1 0 0 1 0 0 1 0 0 1
2014   2 28  1 33 13 682206  -25.65508  -44.87117     3965  45.2  1  0  6 13 0 0 1 1 1 0 0 1 0 0 1 0 0 1
2014   2 28  1 33 13 736250  -25.53068  -44.90927     4080  38.0  1  0  5 10 0 0 0 1 1 0 0 1 0 0 1 0 0 1
2014   2 28  1 33 14  35133  -22.48526  -46.30207     3419  40.4  1  0  5 10 0 0 1 0 1 0 0 1 0 0 1 0 0 1
2014   2 28  1 33 14 718530   -5.11468  -53.60884     3624  74.0  2  0  7 21 0 0 0 1 1 0 0 1 0 1 1 1 0 1
2014   2 28  1 33 14 859848  -19.34067 -143.53923    27383 113.3  2  0  6 15 0 0 1 1 1 0 0 1 0 0 0 1 0 1
2014   2 28  1 33 14 903119  -21.36203 -138.53613    39250  82.4  2  0  6 15 0 0 1 1 1 0 0 1 0 0 1 0 0 1
2014   2 28  1 33 14 976560  -19.28503 -143.08316    20497  84.6  2  0  6 15 0 0 1 1 1 0 0 1 0 0 1 1 0 0
2014   2 28  1 33 15  18709  -32.54198  -43.12981     5902  79.1  2  0  6 15 0 0 1 1 1 0 0 1 0 1 1 0 0 0
2014   2 28  1 33 15  40475  -32.52216  -43.11559     5122  77.0  2  0  7 21 0 0 1 1 1 0 0 1 0 1 1 0 0 1
2014   2 28  1 33 15  60673  -32.61164  -42.98414     6703  79.7  2  0  6 15 0 0 1 1 1 0 0 1 0 0 1 0 0 1
2014   2 28  1 33 15 358769  -32.63541  -42.94975     6726  79.9  2  0  6 15 0 0 1 1 1 0 0 1 0 0 1 0 0 1
2014   2 28  1 33 15 413569  -32.41719  -43.52394     4075  29.8  0  0  5 10 0 0 1 1 1 0 0 1 0 1 0 0 0 0
2014   2 28  1 33 15 962364    4.16595  -72.17773    10849 125.6  2  0  6 13 0 0 1 1 1 0 0 1 0 1 0 1 0 0
2014   2 28  1 33 16 387602    4.25900  -72.36404     8839  97.3  2  0  6 15 0 0 0 1 1 0 0 1 0 0 1 1 0 1
2014   2 28  1 33 16 673420    4.44836  -72.61794    10929 104.6  2  0  6 14 0 0 0 1 1 0 0 1 0 0 1 1 0 1
2014   2 28  1 33 17  26261  -23.38484 -137.43434    23227  99.8  2  0  6 15 0 0 1 1 1 0 0 1 0 0 1 1 0 0
2014   2 28  1 33 17  67828    4.23182  -72.56815    10364 109.8  2  0  6 14 0 0 0 1 0 0 0 1 0 1 1 1 0 1
2014   2 28  1 33 17 319087    7.30632  -74.28757    10335 113.2  2  0  7 20 0 0 0 1 1 0 0 1 0 1 1 1 0 1
2014   2 28  1 33 17 810278  -13.94597  -55.55898     5093 130.0  2  0  7 21 0 0 1 1 1 0 0 0 0 1 1 1 0 1
2014   2 28  1 33 18   8972  -22.24808  -49.30647     3019  11.8  0  0  4  6 0 0 1 1 0 0 0 0 0 1 1 0 0 0
2014   2 28  1 33 19 347277  -25.66605  -45.04602     3786  69.5  1  0  7 21 0 0 1 1 1 0 0 1 0 1 1 0 0 1
2014   2 28  1 33 19 411095  -25.72591  -45.16008     9687  45.5  1  0  5  8 0 0 0 1 1 0 0 1 0 1 0 0 0 1
2014   2 28  1 33 19 625433  -25.61254  -45.18744     4110  83.5  2  0  7 20 0 0 1 1 1 0 0 1 0 1 1 1 0 0
2014   2 28  1 33 19 629882    8.76577  148.06442    11128  21.2  1  0  4  6 0 0 0 1 0 0 0 1 0 0 1 1 0 0
2014   2 28  1 33 19 670603  -25.66180  -45.07769     3836  71.5  2  0  7 21 0 0 1 1 1 0 0 1 0 1 1 0 0 1
2014   2 28  1 33 19 711650  -25.69083  -44.90300     5391  71.2  2  0  6 15 0 0 1 0 1 0 0 1 0 1 1 0 0 1
2014   2 28  1 33 19 774970  -25.67680  -45.03070     4989  77.8  2  0  6 15 0 0 1 1 1 0 0 1 0 0 1 0 0 1
2014   2 28  1 33 19 848235  -25.75508  -45.17410     3987  21.0  1  0  4  6 0 0 1 1 1 0 0 1 0 0 0 0 0 0
2014   2 28  1 33 19 931802  -10.32327  -53.83569     4857 128.6  2  0  7 21 0 0 1 1 1 0 0 1 0 0 1 1 0 1
2014   2 28  1 33 20  14894    4.21397  -71.75493     3067   6.0  0  0  6 14 0 0 0 1 1 0 0 1 0 0 1 1 0 1
2014   2 28  1 33 20  74118    1.08643   -5.18472    31673   3.6  0  0  5 10 0 0 1 1 1 0 0 0 0 0 1 0 0 1
2014   2 28  1 33 20 161310  -10.38704  -53.47439     2558   8.3  0  0  6 14 0 0 0 1 1 0 0 1 0 1 0 1 0 1
2014   2 28  1 33 20 333756  -12.73971  -56.55867     5044  93.5  2  0  7 20 0 0 0 1 1 0 0 1 0 1 1 1 0 1
2014   2 28  1 33 20 486947  -10.63226  -75.50429     3471   9.4  0  0  5 10 0 0 0 1 0 0 0 1 0 0 1 1 0 1
2014   2 28  1 33 20 619147  -10.56029  -75.36893     2788  20.0  0  0  7 21 0 0 1 1 1 0 0 1 0 1 0 1 0 1
2014   2 28  1 33 20 928301   -5.14126  -70.15191     2893  16.0  0  0  6 15 0 0 1 0 0 0 0 1 0 1 1 1 0 1
2014   2 28  1 33 21 540354    8.83090  -73.72842    11000  11.0  0  0  5 10 0 0 0 1 1 0 0 1 0 0 1 0 0 1
2014   2 28  1 33 21 893856  -26.58693 -135.98933    19592   5.0  0  0  4  6 0 0 1 1 0 0 0 1 0 0 1 0 0 0
2014   2 28  1 33 22  69494  -26.53210 -135.20027    17377  16.8  0  0  5 10 0 0 1 1 1 0 0 1 0 0 1 0 0 0
2014   2 28  1 33 22 333323  -26.13401 -136.18752     7125  24.5  0  0  7 21 0 0 1 1 1 0 0 1 0 0 1 1 0 1
2014   2 28  1 33 23 150878    4.29225  -72.18851     4977  34.3  0  0  6 14 0 0 0 1 1 0 0 1 0 1 1 1 0 0
2014   2 28  1 33 23 224376    4.10991  -72.12760     5411  19.4  0  0  5  8 0 0 0 1 1 0 0 1 0 0 0 1 0 1
2014   2 28  1 33 24 227584  -12.85306  -51.64890     3851  32.1  1  0  5 10 0 0 0 1 1 0 0 1 0 0 1 0 0 1
2014   2 28  1 33 24 584260  -17.49454  177.30154    12336  13.7  0  0  4  6 0 0 1 0 0 0 0 1 0 0 1 1 0 0
2014   2 28  1 33 25 652339   -3.52611  -45.29963     3702  37.9  1  0  5  7 0 0 1 0 1 0 0 1 0 1 0 0 1 0
2014   2 28  1 33 25 748434  -25.87053  -44.48959     4482  83.7  2  0  7 21 0 0 1 1 1 0 0 1 0 1 1 0 0 1
2014   2 28  1 33 25 761479  -25.70936  -44.69033     3606  32.2  1  0  5  9 0 0 1 1 1 0 0 1 0 0 0 0 0 1
2014   2 28  1 33 25 770643  -25.68241  -44.64576     3276  34.0  0  0  6 15 0 0 1 1 1 0 0 1 0 0 1 0 0 1
2014   2 28  1 33 25 836654  -15.84628  -49.79814     2762  36.7  0  0  7 21 0 0 1 1 1 0 0 1 0 1 0 0 1 1
2014   2 28  1 33 25 893585  -24.10937  -45.91857     4134  49.8  1  0  5 10 0 0 1 1 1 0 0 0 0 0 1 0 0 1
2014   2 28  1 33 25 900132  -15.83483  -49.71445     3423  43.0  1  0  6 15 0 0 1 0 1 0 0 1 0 1 1 0 0 1
2014   2 28  1 33 25 918806  -25.67063  -44.68264     2850  33.0  0  0  7 21 0 0 1 1 1 0 0 1 0 1 1 0 0 1
2014   2 28  1 33 26  50961  -15.79209  -49.92307     3230  49.6  1  0  6 15 0 0 0 1 0 0 0 1 0 1 1 1 0 1
2014   2 28  1 33 26 132331  -25.64370  -44.66503     3384  36.9  0  0  6 15 0 0 1 1 1 0 0 1 0 0 1 0 0 1
2014   2 28  1 33 26 192667  -15.86597  -49.85199     3117  42.7  1  0  6 15 0 0 0 1 1 0 0 1 0 1 1 0 0 1
2014   2 28  1 33 26 203415  -25.69547  -44.62668     4922  34.8  1  0  5  9 0 0 1 1 0 0 0 1 0 0 1 0 0 1
2014   2 28  1 33 26 271077  -15.87466  -49.72909     3403  41.7  1  0  6 14 0 0 1 1 1 0 0 1 0 0 1 0 0 1
2014   2 28  1 33 26 279630  -15.85730  -49.75536     3406  43.3  1  0  6 15 0 0 1 1 1 0 0 1 0 0 1 0 0 1
2014   2 28  1 33 26 471437  -25.66546  -44.67920     3449  39.0  0  0  6 15 0 0 1 1 1 0 0 1 0 0 1 0 0 1
2014   2 28  1 33 26 571886  -25.63725  -44.69724     3959  36.0  1  0  5 10 0 0 1 1 1 0 0 0 0 0 1 0 0 1
2014   2 28  1 33 26 636081  -25.66514  -44.68476     3443  38.7  0  0  6 15 0 0 1 1 1 0 0 1 0 0 1 0 0 1
2014   2 28  1 33 26 672359  -25.66323  -44.68578     3462  39.3  0  0  6 15 0 0 1 1 1 0 0 1 0 0 1 0 0 1
2014   2 28  1 33 27 313250   -5.22861  -75.76303     4690  75.3  2  0  7 21 0 0 1 1 0 0 0 1 0 1 1 1 0 1
2014   2 28  1 33 27 331268   -5.16917  -76.09558     5969  25.3  1  0  4  6 0 0 0 1 0 0 0 1 0 0 1 1 0 0
2014   2 28  1 33 27 456720   -5.23753  -75.73312     4402  66.6  1  0  7 21 0 0 1 1 1 0 0 1 0 0 1 1 0 1
2014   2 28  1 33 27 502068   -5.16595  -76.11824     5837  23.9  1  0  4  6 0 0 0 1 0 0 0 1 0 0 1 1 0 0
2014   2 28  1 33 27 682931   -5.22679  -76.21523     6479  29.0  1  0  4  6 0 0 0 1 0 0 0 1 0 0 1 1 0 0
2014   2 28  1 33 27 690756   -5.33684  -76.25073     6824  65.4  2  0  6 15 0 0 0 1 1 0 0 1 0 0 1 1 0 1
2014   2 28  1 33 27 716153   -5.61194  -75.47485     7843  63.4  2  0  6 15 0 0 1 1 1 0 0 1 0 0 1 0 0 1
2014   2 28  1 33 27 822793  -25.69937  -44.77202     3036  40.5  0  0  7 21 0 0 1 1 1 0 0 1 0 1 1 0 0 1
2014   2 28  1 33 27 995222    0.21217  -71.84701     7974 117.0  2  0  7 16 0 0 1 1 1 0 0 1 0 1 1 1 0 0
2014   2 28  1 33 28  71313  -25.67511  -44.76189     4643  44.6  1  0  5  9 0 0 1 1 1 0 0 0 0 0 1 0 0 1
2014   2 28  1 33 28  75855   -0.57269  -71.28314     6191  27.8  0  0  5 10 0 0 1 0 1 0 0 1 0 1 0 0 0 1
2014   2 28  1 33 28 146118   -5.07317  -75.81456     4783  53.3  1  0  6 15 0 0 1 0 1 0 0 1 0 0 1 1 0 1
2014   2 28  1 33 28 291942  -25.69489  -44.78902     3096  43.0  0  0  7 21 0 0 1 1 1 0 0 1 0 1 1 0 0 1
2014   2 28  1 33 28 345309  -25.62654  -44.82408     4219  39.5  1  0  5  9 0 0 0 1 1 0 0 1 0 0 1 0 0 1
2014   2 28  1 33 28 477005  -25.58350  -44.85728     5478  42.1  1  0  5 10 0 0 0 0 1 0 0 1 0 1 1 0 0 1
2014   2 28  1 33 28 655702  -25.67984  -44.80687     3129  44.5  0  0  7 21 0 0 1 1 1 0 0 1 0 1 1 0 0 1
2014   2 28  1 33 30  22516  -24.10034  -45.46415     5515  18.5  0  0  4  6 0 0 1 0 0 0 0 1 0 0 1 0 0 1
2014   2 28  1 33 30 296346  -19.56642  -50.82833     3615  84.3  2  0  7 20 0 0 1 1 1 0 0 1 0 1 1 0 0 1
2014   2 28  1 33 31  41066  -19.82713   64.50411    28745  87.3  2  0  6 15 0 0 1 1 1 0 0 1 0 0 1 0 0 1
2014   2 28  1 33 31 431000  -23.05660  -47.23497     4162  87.8  2  0  6 15 0 0 1 0 1 0 0 1 0 1 1 0 0 1
2014   2 28  1 33 31 579289  -23.06235  -47.20167     4344  88.3  2  0  6 14 0 0 1 0 1 0 0 1 0 1 1 0 0 1
2014   2 28  1 33 32 107145  -21.96269   61.98888    66863  79.0  2  0  5 10 0 0 1 1 1 0 0 0 0 0 1 0 0 1
2014   2 28  1 33 32 491408  -13.97585  -42.92738     7758  36.1  1  0  5 10 0 0 1 0 1 0 0 1 0 0 1 0 0 1
2014   2 28  1 33 33 497508    4.42841  -72.14697     8437 121.6  2  0  7 18 0 0 1 1 1 0 0 1 0 0 1 1 0 1
2014   2 28  1 33 33 739666    4.25679  -72.50380    10531 111.6  2  0  6 14 0 0 0 1 1 0 0 1 0 0 1 1 0 1
2014   2 28  1 33 33 996742    4.29899  -72.37915    10689 114.2  2  0  6 14 0 0 0 1 1 0 0 1 0 0 1 1 0 1
2014   2 28  1 33 34 278278  -21.97332 -136.35245    31634 122.8  2  0  6 15 0 0 1 1 1 0 0 0 0 0 1 1 0 1
2014   2 28  1 33 34 994541  -13.96673  160.48334    65006  25.0  1  0  4  6 0 0 1 1 0 0 0 0 0 0 1 1 0 0
2014   2 28  1 33 35 306942  -25.64777  -45.22648     3037   5.9  0  0  4  6 0 0 1 1 1 0 0 0 0 1 0 0 0 0
2014   2 28  1 33 35 517647  -25.67836  -45.03132     5116  81.9  2  0  6 15 0 0 1 1 1 0 0 1 0 0 1 0 0 1
2014   2 28  1 33 36 704982    9.31441  -74.18794     4749   8.4  0  0  5  7 0 0 0 1 0 0 0 1 0 0 1 1 0 1
2014   2 28  1 33 36 903752  -13.31841  -51.76645     2932   9.4  0  0  5 10 0 0 1 0 1 0 0 1 0 0 1 0 0 1
2014   2 28  1 33 36 982188    9.04514  -73.90208    13147   3.0  0  0  4  6 0 0 0 1 0 0 0 1 0 0 1 0 0 1
2014   2 28  1 33 37 657942  -26.29177 -131.99899    30888   7.8  0  0  5 10 0 0 0 0 1 0 0 1 0 1 1 0 0 1
2014   2 28  1 33 37 976992   -4.59778  -74.52036     3625   0.9  0  0  4  6 0 0 0 1 0 0 0 1 0 0 1 1 0 0
2014   2 28  1 33 38  39177    4.09890  -71.85662     3459  16.9  0  0  6 15 0 0 0 1 1 0 0 1 0 0 1 1 0 1
2014   2 28  1 33 38 120415   -4.61010  -74.47417     8866  10.2  0  0  4  6 0 0 0 1 0 0 0 1 0 0 1 0 0 1
2014   2 28  1 33 38 273772   -4.55626  -74.53300     3284  20.4  0  0  7 21 0 0 0 1 1 0 0 1 0 1 1 1 0 1
2014   2 28  1 33 38 408597   -4.65429  -74.28471     8623  20.0  0  0  5 10 0 0 0 1 1 0 0 1 0 0 1 0 0 1
2014   2 28  1 33 38 415844   -4.55399  -74.49791     3993  20.4  0  0  5 10 0 0 0 1 1 0 0 1 0 0 1 1 0 0
2014   2 28  1 33 38 519125    4.09517  -71.91331     3654  21.4  0  0  6 15 0 0 0 1 1 0 0 1 0 1 1 1 0 0
2014   2 28  1 33 38 588176    4.29406  -72.08109     5163  26.9  0  0  5  9 0 0 0 1 1 0 0 1 0 0 1 1 0 0
2014   2 28  1 33 38 893412  -23.87884  -45.93786     3594  29.9  0  0  5 10 0 0 1 0 1 0 0 1 0 0 1 0 0 1
2014   2 28  1 33 38 926111  -23.83551  -45.99974     3149  23.9  0  0  5 10 0 0 1 1 1 0 0 0 0 0 1 0 0 1
2014   2 28  1 33 39   8308  -23.88740  -45.96338     3816  34.8  1  0  5 10 0 0 0 1 1 0 0 1 0 0 1 0 0 1
2014   2 28  1 33 39 494649  -21.78614  -49.47952     3302  37.9  0  0  6 14 0 0 1 1 1 0 0 1 0 1 1 0 0 0
2014   2 28  1 33 39 766987  -15.78122  -49.73728     2563  26.0  0  0  7 21 0 0 1 1 1 0 0 1 0 1 1 0 0 1
2014   2 28  1 33 39 799021  -15.77878  -49.73586     2588  27.4  0  0  7 21 0 0 1 1 1 0 0 1 0 1 1 0 0 1
2014   2 28  1 33 39 828202  -15.78894  -49.73520     3290  16.2  0  0  4  6 0 0 0 1 0 0 0 1 0 0 1 0 0 1
2014   2 28  1 33 39 973704  -15.80009  -49.68279     3193  23.6  0  0  5 10 0 0 0 1 1 0 0 1 0 0 1 0 0 1
2014   2 28  1 33 40   2886  -15.69881  -49.74169     2922  13.9  0  0  5  9 0 0 1 1 0 0 0 1 0 0 1 0 0 1
2014   2 28  1 33 40 447573  -24.15234  -50.41611     4038  17.2  0  0  5  7 0 0 1 1 0 0 0 1 0 0 1 0 0 1
2014   2 28  1 33 40 544786   -4.40384  -73.93452     4999  18.9  0  0  4  6 0 0 0 0 0 0 0 1 0 0 1 1 0 1
2014   2 28  1 33 40 601542  -12.27721  -72.80201     3659  50.5  1  0  7 21 0 0 1 1 1 0 0 0 0 1 1 1 0 1
2014   2 28  1 33 40 871542  -12.28736  -72.90332     3636  51.1  1  0  7 21 0 0 1 1 0 0 0 1 0 1 1 1 0 1
2014   2 28  1 33 40 890605  -12.27352  -72.95330     4117  49.8  1  0  6 15 0 0 1 1 1 0 0 1 0 0 1 1 0 0
2014   2 28  1 33 41   9140   -4.78086  -43.29790     3817  32.4  0  0  6 15 0 0 1 1 1 0 0 1 0 0 1 0 0 1
2014   2 28  1 33 41 632233  -16.11975  -49.43938     6214  89.3  2  0  6 11 0 0 1 1 1 0 0 1 0 0 1 0 0 1
2014   2 28  1 33 41 693919  -16.01593  -49.65210     2902  44.8  0  0  7 21 0 0 1 1 1 0 0 0 0 1 1 1 0 1
2014   2 28  1 33 41 739954  -16.11283  -49.60462     2824  40.4  0  0  7 21 0 0 1 1 1 0 0 1 0 1 1 0 0 1
2014   2 28  1 33 41 874814  -16.12478  -49.58840     3826  38.1  1  0  5 10 0 0 0 1 1 0 0 1 0 0 1 0 0 1
2014   2 28  1 33 41 971299  -24.24336  -50.21235     3754  38.7  0  0  6 11 0 0 1 1 1 0 0 1 0 0 1 0 0 1
2014   2 28  1 33 41 993027  -24.27601  -50.21296     4497  51.5  1  0  6 11 0 0 1 1 1 0 0 1 0 0 1 0 0 1
2014   2 28  1 33 42 516338  -25.60178  -44.77280     4263  49.8  1  0  6 11 0 0 1 1 0 0 0 0 0 1 1 1 0 1
2014   2 28  1 33 42 640817  -25.71066  -44.73414     3715  29.0  0  0  5 10 0 0 1 1 1 0 0 1 0 0 1 0 0 0
2014   2 28  1 33 42 970594  -25.62624  -44.80894     4045  24.7  0  0  5  8 0 0 0 1 1 0 0 1 0 0 1 0 0 1
2014   2 28  1 33 43 241020  -24.44029  -50.01482     5171  73.3  2  0  6 11 0 0 1 1 1 0 0 1 0 0 1 0 0 1
2014   2 28  1 33 43 416678  -25.64689  -44.78862     4142  34.9  1  0  5  9 0 0 1 1 1 0 0 0 0 0 1 0 0 1
2014   2 28  1 33 44  22223  -22.54775  -48.75383     3706  51.1  1  0  6 12 0 0 1 1 1 0 0 1 0 0 1 0 0 1
2014   2 28  1 33 44  65125  -22.56629  -48.75209     3664  57.0  1  0  6 13 0 0 1 1 1 0 0 1 0 0 1 0 0 1
2014   2 28  1 33 44 163605  -23.93037  -45.93907     4032  62.4  2  0  6 15 0 0 1 1 1 0 0 1 0 0 1 0 0 1
2014   2 28  1 33 44 535718  -14.00174  -51.70597     3501  64.4  1  0  7 21 0 0 1 1 1 0 0 1 0 1 1 0 0 1
2014   2 28  1 33 44 577462  -13.86587  -51.79149     3556  73.7  2  0  7 21 0 0 1 1 1 0 0 0 0 1 1 1 0 1
2014   2 28  1 33 44 624893  -13.94573  -51.86946     3354  66.7  1  0  7 21 0 0 0 1 1 0 0 1 0 1 1 1 0 1
2014   2 28  1 33 44 684500  -13.96060  -51.86657     3377  67.9  1  0  7 21 0 0 0 1 1 0 0 1 0 1 1 1 0 1
2014   2 28  1 33 44 806670  -13.90403  -51.84821     3408  69.1  1  0  7 21 0 0 1 1 0 0 0 1 0 1 1 1 0 1
2014   2 28  1 33 44 816220  -22.46902  -48.80872     4488  80.9  2  0  6 12 0 0 0 1 1 0 0 1 0 1 1 0 0 1
2014   2 28  1 33 45  68586  -14.02211  -51.71551     3607  69.1  1  0  7 21 0 0 1 1 1 0 0 1 0 1 1 0 0 1
2014   2 28  1 33 46 390628  -13.43798  -56.76533     5914  51.6  1  0  6 15 0 0 1 1 1 0 0 0 0 1 1 0 0 1
2014   2 28  1 33 46 463269  -17.77800   42.21959    60613  64.3  2  0  5 10 0 0 1 1 1 0 0 0 0 0 1 0 0 1
2014   2 28  1 33 46 560975  -13.66401  174.61604    23879  63.4  2  0  5 10 0 0 0 1 1 0 0 1 0 0 0 1 0 1
2014   2 28  1 33 46 666034  -14.68286  178.71417    17247  82.7  2  0  7 21 0 0 1 1 1 0 0 1 0 0 1 1 0 1
2014   2 28  1 33 46 754968  -14.75003  178.99940    22489  60.1  2  0  5 10 0 0 1 0 0 0 0 1 0 0 1 1 0 1
2014   2 28  1 33 46 837523  -13.99838  176.98976    14637  35.5  1  0  5 10 0 0 1 1 0 0 0 1 0 0 1 1 0 0
2014   2 28  1 33 47 562001   30.25255 -163.68565    54199   3.9  0  0  4  6 0 0 0 1 0 0 0 1 0 1 0 0 0 1
2014   2 28  1 33 47 663599  -12.37832  -58.09435     5888 100.2  2  0  7 18 0 0 0 1 1 0 0 1 0 1 1 1 0 1
2014   2 28  1 33 47 842088   -5.36010  -59.29755     4282  31.0  1  0  4  6 0 0 0 1 0 0 0 1 0 0 1 1 0 0
2014   2 28  1 33 47 892863  -25.45398  -44.94445     4528  47.1  1  0  5 10 0 0 0 1 1 0 0 1 0 0 1 0 0 1
2014   2 28  1 33 48 128330  -13.44340  -52.14687     4548  52.2  2  0  5 10 0 0 0 1 1 0 0 1 0 1 0 0 0 1
2014   2 28  1 33 49 742020  -25.70630  -44.88331     5091  64.3  2  0  6 15 0 0 1 0 1 0 0 1 0 1 1 0 0 1
2014   2 28  1 33 49 832575  -25.53148  -45.05546     5002  56.2  2  0  5 10 0 0 0 1 1 0 0 1 0 0 1 0 0 1
2014   2 28  1 33 50  87984    3.58768  -14.38357    13965 105.2  2  0  6 11 0 0 1 1 0 0 0 1 1 0 1 1 0 0
2014   2 28  1 33 50 803957   31.76300 -139.68610    14586   2.9  0  0  4  6 0 0 1 1 0 0 0 1 0 0 0 1 0 0
2014   2 28  1 33 51 757434  -25.45739  -45.10931     4140  79.4  2  0  7 21 0 0 1 1 1 0 0 0 0 1 1 1 0 1
2014   2 28  1 33 51 947864  -32.57446  -43.13625     9016 113.8  2  0  6 14 0 0 1 1 1 0 0 1 0 0 1 0 0 1
2014   2 28  1 33 51 995214  -31.33603  -44.01169     8741  54.1  2  0  5 10 0 0 0 1 1 0 0 1 0 0 1 0 0 1
2014   2 28  1 33 52  79326  -12.65098  -72.82615     3169   3.2  0  0  5 10 0 0 1 0 1 0 0 1 0 1 0 0 0 1
2014   2 28  1 33 52 153771  -25.84147  -44.37413     3449  22.8  0  0  5  9 0 0 1 1 1 0 0 1 0 0 0 0 0 1
2014   2 28  1 33 52 495084  -25.80813  -44.39859     2710   2.1  0  0  5  9 0 0 1 1 1 0 0 0 0 1 0 0 0 1
2014   2 28  1 33 52 900676  -18.27832 -140.49600    17472  61.8  2  0  6 14 0 0 1 1 1 0 0 1 0 0 0 1 0 1
2014   2 28  1 33 53  31456  -18.29653 -140.52089    16874  65.2  2  0  6 15 0 0 1 1 1 0 0 1 0 0 0 1 0 1
2014   2 28  1 33 53 143342    1.88756  -55.57271     3801  23.0  1  0  4  6 0 0 1 1 0 0 0 1 0 0 0 1 0 0
2014   2 28  1 33 54  86230  -23.51218  -50.50381     2753  24.1  0  0  6 15 0 0 1 1 0 0 0 1 0 1 0 0 1 1
2014   2 28  1 33 54 397432  -23.57330  -50.37349     3096  35.5  0  0  6 12 0 0 1 1 0 0 0 1 0 1 0 1 0 1
2014   2 28  1 33 54 761287  -23.34554  -50.62430     2826  34.2  0  0  7 18 0 0 1 1 0 0 0 1 0 1 0 1 1 1
2014   2 28  1 33 54 773705   33.21677 -176.81874    23529  13.5  0  0  6 15 0 0 0 1 1 0 0 1 0 1 0 1 0 1
2014   2 28  1 33 55 901957    9.41412  -74.82932     6506  15.5  0  0  5  8 0 0 0 1 1 0 0 1 0 0 0 1 0 1
2014   2 28  1 33 56 130158  -21.03174  -53.62864     2957  51.2  1  0  7 21 0 0 1 1 1 0 0 1 0 1 0 1 0 1
2014   2 28  1 33 56 851540  -23.88283  -45.98917     4330  53.1  2  0  5 10 0 0 1 1 1 0 0 1 0 0 0 0 0 1
2014   2 28  1 33 57  95581  -23.87274  -45.98920     4369  54.6  2  0  5 10 0 0 1 1 1 0 0 1 0 0 0 0 0 1
2014   2 28  1 33 57 462574  -20.52868  -54.28705     3462  54.0  1  0  6 14 0 0 1 1 1 0 0 1 0 1 0 0 0 1
2014   2 28  1 34  0 150621  -12.02938  -70.10831     5150  85.9  2  0  6 15 0 0 1 1 1 0 0 1 0 0 0 1 0 1
2014   2 28  1 34  0 604092  -25.79238  -44.81387     3148  37.7  0  0  6 15 0 0 1 1 1 0 0 1 0 1 0 0 0 1
2014   2 28  1 34  1 713495    3.04490  -71.18826    13179  82.8  2  0  6 14 0 0 1 1 1 0 0 1 0 1 0 0 0 1
2014   2 28  1 34  2 103986    4.30773  -73.34320     7753  49.8  1  0  6 13 0 0 0 1 1 0 0 1 0 1 0 1 0 1
2014   2 28  1 34  2 580657  -15.77590  -49.95095     4938  99.2  2  0  6 15 0 0 1 1 1 0 0 1 0 0 0 1 0 1
2014   2 28  1 34  2 685219  -12.72559  -74.25800     5838  59.5  1  0  7 21 0 0 0 1 1 0 0 1 0 1 0 1 1 1
2014   2 28  1 34  3  15688  -15.88575  -49.88641     4043  79.3  2  0  6 15 0 0 1 1 1 0 0 1 0 1 0 0 0 1
2014   2 28  1 34  3 242987    0.30114  -72.01062     6918 114.1  2  0  6 15 0 0 1 1 1 0 0 1 0 0 0 1 0 1
2014   2 28  1 34  3 601166    0.06639  -72.98662     4413  18.7  0  0  5 10 0 0 0 0 1 0 0 1 0 1 0 1 0 1
2014   2 28  1 34  4 931460   -4.14531  -53.57759     5866  71.4  2  0  5  9 0 0 0 1 1 0 0 1 0 0 0 1 0 1
2014   2 28  1 34  8 455623  -22.46828  -48.83596     2726  20.0  0  0  6 12 0 0 1 1 1 0 0 1 0 1 0 0 0 1
2014   2 28  1 34  8 703542  -25.77224  -44.42400     3359  19.0  0  0  5  9 0 0 1 1 1 0 0 1 0 0 0 0 0 1
2014   2 28  1 34  8 711706  -25.77277  -44.43296     3645  24.8  0  0  5  9 0 0 1 1 1 0 0 1 0 0 0 0 0 1
2014   2 28  1 34  8 719896  -25.86070  -44.23938     5093  74.8  2  0  6 14 0 0 1 1 1 0 0 1 0 1 0 0 0 1
2014   2 28  1 34  8 766920  -25.75469  -44.44466     2848  22.1  0  0  6 15 0 0 1 1 1 0 0 1 0 1 0 0 0 1
2014   2 28  1 34  9 560412  -17.88148 -136.34195    17840   9.6  0  0  4  6 0 0 1 1 1 0 0 1 0 0 0 0 0 0
2014   2 28  1 34  9 591851  -19.03024 -134.18861    14785   1.4  0  0  4  6 0 0 1 1 1 0 0 1 0 0 0 0 0 0
2014   2 28  1 34  9 905457  -23.88808  -45.96272     2868  26.9  0  0  6 15 0 0 1 1 1 0 0 1 0 1 0 0 0 1
2014   2 28  1 34 10  64769    0.69974  -72.74283    12837   6.1  0  0  4  6 0 0 0 1 0 0 0 1 0 1 0 0 0 1
2014   2 28  1 34 10 504599    7.00312  -73.63896    19164   8.1  0  0  4  6 0 0 0 1 1 0 0 1 0 1 0 0 0 0
2014   2 28  1 34 10 613486  -22.54179  -48.68248     4096  56.6  1  0  6 11 0 0 1 1 1 0 0 1 0 0 0 0 1 1
2014   2 28  1 34 11  37925    3.37966  -68.61011     9063  18.6  0  0  5  7 0 0 1 1 0 0 0 1 0 1 0 0 0 1
2014   2 28  1 34 11 597260   -5.81651  -74.84268     5647  26.4  0  0  5 10 0 0 1 1 1 0 0 1 0 0 0 0 0 1
2014   2 28  1 34 11 788028   -5.39847  -76.66887    10264   7.3  0  0  5 10 0 0 0 1 1 0 0 1 0 1 0 0 0 1
2014   2 28  1 34 12  44889  -32.61431  -43.05612     6543  24.1  1  0  4  6 0 0 1 0 1 0 0 1 0 1 0 0 0 0
2014   2 28  1 34 13 598696  -24.26539  -45.75457     4120  46.7  1  0  5 10 0 0 1 1 1 0 0 1 0 0 0 0 0 1
2014   2 28  1 34 14 111204    2.81213  -71.21865    11137  52.0  2  0  5 10 0 0 1 1 1 0 0 1 0 1 0 0 0 0
2014   2 28  1 34 14 211015    4.42466  -73.95290    17663  16.9  0  0  5  9 0 0 0 1 1 0 0 1 0 1 0 0 0 1
2014   2 28  1 34 16 665268    5.81588  -75.11462    27546  20.0  0  0  4  6 0 0 0 1 0 0 0 1 0 1 0 0 0 1
2014   2 28  1 34 19 246791  -19.47263  -54.42850     4720  91.3  2  0  6 15 0 0 1 1 1 0 0 1 0 1 0 0 0 1
2014   2 28  1 34 19 525076  -12.69916  -69.24578     4792  24.8  0  0  5  7 0 0 1 0 1 0 0 1 0 1 0 0 0 1
2014   2 28  1 34 21 854388  -23.80699  -46.20458     5061 109.0  2  0  6 15 0 0 1 1 1 0 0 1 0 1 0 0 0 1
2014   2 28  1 34 22 304997  -15.93308  -49.91886     4521  98.5  2  0  6 15 0 0 1 1 1 0 0 1 0 1 0 0 0 1
2014   2 28  1 34 23 118336  -15.98867  -50.03412     4080  52.3  2  0  5 10 0 0 0 1 1 0 0 1 0 1 0 0 0 1
2014   2 28  1 34 23 172226  -15.92489  -49.91331     4717 105.9  2  0  6 15 0 0 1 1 1 0 0 1 0 1 0 0 0 1
2014   2 28  1 34 23 872472  -25.60015  -45.19957     3713  58.0  1  0  6 14 0 0 1 1 1 0 0 1 0 1 0 0 0 1
2014   2 28  1 34 23 937418  -25.60556  -45.19571     3825  49.6  1  0  6 12 0 0 1 1 1 0 0 1 0 1 0 0 0 1
