2014   2 28  3  4 33 622452  -15.85772  -50.14703     3879   3.8  0  0  4  6 0 0 1 1 0 0 0 0 0 0 1 0 0 1
2014   2 28  3  4 34 848635  -32.28554  -42.83479     3885  37.0  0  0  6 15 0 0 1 1 0 0 0 0 0 1 1 1 0 1
2014   2 28  3  4 34 861588  -32.31685  -42.81240     4272  31.9  1  0  5 10 0 0 1 1 0 0 0 0 0 1 1 0 0 1
2014   2 28  3  4 34 871139  -32.32398  -42.80560     4160  30.4  1  0  5 10 0 0 1 1 0 0 0 0 0 1 1 0 0 1
2014   2 28  3  4 36 323750    2.81664  -71.79208    49473  32.6  1  0  4  6 0 0 0 1 0 0 0 0 0 1 1 0 0 1
2014   2 28  3  4 37 736223  -26.63224  -44.06023     3660  40.6  1  0  6 14 0 0 1 1 0 0 0 0 0 1 1 1 0 1
2014   2 28  3  4 38 107804   -9.61105  -69.02216     7165  23.7  1  0  4  6 0 0 0 0 0 0 0 0 0 1 1 1 0 1
2014   2 28  3  4 39 910672    5.44524  -72.30638    10574  98.5  2  0  6 14 0 0 0 1 0 0 0 0 0 1 1 1 1 1
2014   2 28  3  4 41 550799  -16.55814  176.55470    22792  14.9  0  0  4  6 0 0 1 1 0 0 0 0 0 0 1 1 0 0
2014   2 28  3  4 41 607935  -16.56784  176.66640    22533  14.5  0  0  4  6 0 0 1 1 0 0 0 0 0 0 1 1 0 0
2014   2 28  3  4 41 683431  -16.92844  177.56337    44546  68.7  2  0  5 10 0 0 1 1 0 0 0 0 0 0 1 1 0 1
2014   2 28  3  4 42 117091  -26.62255  -44.26189     6394  63.3  2  0  5  7 0 0 1 1 0 0 0 0 0 1 1 0 0 1
2014   2 28  3  4 46 525592  -13.40885  160.19702    62823  24.4  1  0  4  6 0 0 1 1 0 0 0 0 0 0 1 1 0 0
2014   2 28  3  4 46 647519  -20.05637  -47.49429     3602  18.3  0  0  4  6 0 0 1 1 0 0 0 0 0 1 1 0 0 0
2014   2 28  3  4 46 677895  -13.36131  160.08162    66389  26.4  1  0  4  6 0 0 1 1 0 0 0 0 0 0 1 1 0 0
2014   2 28  3  4 46 694878  -13.39999  160.19141    64306  25.3  1  0  4  6 0 0 1 1 0 0 0 0 0 0 1 1 0 0
2014   2 28  3  4 48 372241    6.24357  -74.91209     4049   9.5  0  0  5  9 0 0 0 1 0 0 0 1 0 0 1 1 0 1
2014   2 28  3  4 48 398453    6.25753  -74.96668     4578   8.8  0  0  5 10 0 0 0 1 1 0 0 1 0 0 0 1 0 1
2014   2 28  3  4 48 576861   -5.63726  -75.50842     2729  10.3  0  0  6 15 0 0 1 1 1 0 0 1 0 0 1 1 0 0
2014   2 28  3  4 49 165058   -5.54453  -73.80928     2945  14.8  0  0  6 15 0 0 1 0 1 0 0 0 0 1 1 1 0 1
2014   2 28  3  4 49 251214  -26.65341  -43.65545     2842   5.2  0  0  5  9 0 0 1 1 1 0 0 0 0 0 1 0 0 1
2014   2 28  3  4 49 352422  -26.52024  -43.77927     2575   9.3  0  0  6 15 0 0 1 1 1 0 0 0 0 1 1 0 0 1
2014   2 28  3  4 49 739457  -26.57340  -43.80541     3536  10.8  0  0  6 13 0 0 1 0 1 0 0 0 0 1 1 1 0 1
2014   2 28  3  4 49 956627    3.83266  -84.33842     9266  22.3  0  0  5  9 0 0 0 0 1 0 0 1 0 0 1 1 0 1
2014   2 28  3  4 50 149755    3.00568  -85.27694     3717  27.4  0  0  7 21 0 0 1 0 1 0 0 1 0 1 1 1 0 1
2014   2 28  3  4 50 221447   -4.60710  -70.64463     3500   8.2  0  0  5 10 0 0 0 1 1 0 0 1 0 0 0 1 0 1
2014   2 28  3  4 50 304007  -26.81833  -43.80049     2938  12.7  0  0  6 12 0 0 1 1 1 0 0 1 0 0 1 0 0 1
2014   2 28  3  4 50 356638  -26.81364  -43.79365     3038  12.0  0  0  6 11 0 0 1 1 1 0 0 1 0 0 1 0 0 1
2014   2 28  3  4 50 606028  -27.02223  -43.47871     4180  52.6  1  0  6 14 0 0 1 1 1 0 0 1 0 0 1 0 0 1
2014   2 28  3  4 51 112093  -25.26381  -45.09249     3429  21.9  0  0  6 13 0 0 1 0 1 0 0 1 0 1 1 0 0 1
2014   2 28  3  4 51 459243  -25.38148  -44.87646     4877  72.8  2  0  7 18 0 0 1 1 1 0 0 1 0 1 1 0 0 1
2014   2 28  3  4 52 250028   -5.57910  -42.73128     3046  27.8  0  0  7 21 0 0 0 1 1 0 0 1 0 1 1 1 0 1
2014   2 28  3  4 52 606814   -5.56809  -42.66805     3688  29.9  0  0  6 15 0 0 1 1 1 0 0 1 0 0 1 0 0 1
2014   2 28  3  4 53  24939  -26.62799  -43.76930     4625  19.7  0  0  5  7 0 0 1 1 0 0 0 1 0 0 1 0 0 1
2014   2 28  3  4 53 513795  -26.60183  -43.83260     4805  22.8  0  0  5  7 0 0 1 1 1 0 0 1 0 0 1 0 0 0
2014   2 28  3  4 53 815681    6.82515  -76.96948     6297  42.6  1  0  6 15 0 0 0 1 1 0 0 1 0 0 1 1 0 1
2014   2 28  3  4 53 895044  -22.08090  -48.40791     3875  41.8  1  0  5  9 0 0 0 1 1 0 0 1 0 0 1 0 0 1
2014   2 28  3  4 53 913358  -22.08880  -48.39773     4636  48.1  1  0  5  7 0 0 0 1 1 0 0 1 0 0 1 0 0 1
2014   2 28  3  4 54 157650   -5.60832  -53.81732     3005  44.9  0  0  7 21 0 0 0 1 1 0 0 1 0 1 1 1 0 1
2014   2 28  3  4 54 536304   -5.61207  -53.76781     3028  37.6  0  0  6 15 0 0 1 1 0 0 0 1 0 0 1 1 0 1
2014   2 28  3  4 54 572922   -5.64361  -53.88637     3509  28.3  0  0  5 10 0 0 0 1 1 0 0 1 0 0 0 1 0 1
2014   2 28  3  4 54 616939   -5.53319  -53.69208     6668  51.8  2  0  5 10 0 0 0 1 1 0 0 1 0 0 1 0 0 1
2014   2 28  3  4 55 348639   -5.05813  -74.38773     5206  20.9  1  0  4  6 0 0 0 1 0 0 0 1 0 0 1 1 0 0
2014   2 28  3  4 55 429215  -15.59837  -51.64434     3657  50.5  1  0  6 15 0 0 1 1 1 0 0 1 0 0 1 0 0 1
2014   2 28  3  4 55 454163  -23.59905 -139.86258    40615  52.4  2  0  5  9 0 0 1 1 1 0 0 1 0 0 1 0 0 0
2014   2 28  3  4 55 525365  -11.93708  -57.51144     4232  60.2  2  0  6 15 0 0 0 1 1 0 0 1 0 0 1 1 0 1
2014   2 28  3  4 55 569928   -5.13124  -73.27251     8816  40.6  1  0  5 10 0 0 0 0 1 0 0 0 0 1 1 1 0 1
2014   2 28  3  4 55 660417  -26.58469  -44.06693     3559  49.9  0  0  7 18 0 0 1 1 0 0 0 1 0 1 1 1 0 1
2014   2 28  3  4 55 784307  -26.51263  -43.94386     3724  41.2  1  0  6 15 0 0 1 1 1 0 0 1 0 0 1 0 0 1
2014   2 28  3  4 55 892391  -26.75833  -43.81302     4988  22.8  1  0  4  6 0 0 1 1 0 0 0 1 0 0 1 0 0 0
2014   2 28  3  4 56 126655  -26.67806  -44.05818     3887  66.9  1  0  7 20 0 0 1 1 1 0 0 1 0 1 1 0 0 1
2014   2 28  3  4 56 174213  -12.84592  -73.92996     4740  64.7  2  0  6 15 0 0 1 1 1 0 0 1 0 0 1 1 0 0
2014   2 28  3  4 56 287878  -26.66168  -44.07997     3277  14.0  0  0  5  8 0 0 1 1 1 0 0 1 0 0 0 0 0 1
2014   2 28  3  4 56 503527  -26.51760  -44.20648     3836  27.1  0  0  5 10 0 0 0 1 1 0 0 1 0 0 1 0 0 1
2014   2 28  3  4 57 729264  -11.27667  -73.59714     4438  74.9  2  0  7 21 0 0 1 0 1 0 0 1 0 1 1 1 0 1
2014   2 28  3  4 57 753191  -11.27906  -73.60053     4429  74.5  2  0  7 21 0 0 1 0 1 0 0 1 0 1 1 1 0 1
2014   2 28  3  4 57 768396  -11.23404  -73.94308     5336  78.7  2  0  6 15 0 0 1 1 1 0 0 1 0 0 1 1 0 0
2014   2 28  3  4 58  32354  -21.59912  -51.73947     4005  34.5  1  0  5  8 0 0 1 0 1 0 0 1 0 0 1 0 0 1
2014   2 28  3  4 58 269173   -5.72349  -74.04047     8783  64.5  2  0  5 10 0 0 0 0 1 0 0 1 0 0 1 1 0 1
2014   2 28  3  4 58 323108  -21.52702  -51.95330     3505  74.0  2  0  7 19 0 0 1 1 1 0 0 1 0 1 1 0 0 1
2014   2 28  3  4 58 369438   -5.71821  -74.00958     5271  99.7  2  0  7 21 0 0 1 1 0 0 0 1 0 1 1 1 0 1
2014   2 28  3  4 58 701332  -27.27506 -136.80116    14828  31.4  1  0  5  9 0 0 1 1 0 0 0 1 0 0 1 1 0 0
2014   2 28  3  4 59 569076   -5.65108  -42.90958     7487  69.6  2  0  5 10 0 0 1 1 1 0 0 1 0 0 0 0 0 1
2014   2 28  3  4 59 656513  -22.89719  -48.39085     4410 115.4  2  0  7 17 0 0 1 1 1 0 0 1 0 1 1 0 0 1
2014   2 28  3  4 59 997149  -26.49858  -44.29543     5504  48.7  1  0  5  8 0 0 1 1 1 0 0 0 0 0 1 0 0 1
2014   2 28  3  5  0  27599  -19.98001  -48.40658     4200  96.4  2  0  7 17 0 0 1 1 1 0 0 1 0 1 1 0 0 1
2014   2 28  3  5  0 308589  -26.51368  -44.29591     4236  56.3  1  0  6 13 0 0 1 1 1 0 0 0 0 1 1 0 0 1
2014   2 28  3  5  0 347425  -26.56166  -44.22496     4541  51.9  1  0  6 13 0 0 1 1 1 0 0 1 0 0 1 0 0 1
2014   2 28  3  5  1 206023  -13.63224  159.21996    35081   3.8  0  0  4  6 0 0 1 1 0 0 0 0 0 0 1 1 0 0
2014   2 28  3  5  1 691101  -26.18595  -44.37157     4442  31.7  1  0  5  9 0 0 0 1 1 0 0 1 0 0 1 0 0 1
2014   2 28  3  5  1 768465  -26.67258  -43.84252     4534  40.5  1  0  6 13 0 0 1 1 1 0 0 1 0 0 1 0 0 1
2014   2 28  3  5  1 819371   -4.11647  -63.47335     4878 101.9  2  0  7 21 0 0 1 0 1 0 0 1 0 1 1 1 0 1
2014   2 28  3  5  1 852809    6.07630  140.55989     5126  14.5  0  0  4  6 0 0 0 1 0 0 0 0 0 0 1 1 0 1
2014   2 28  3  5  2 176216   -4.18363  -63.95987     5826 116.5  2  0  7 21 0 0 0 1 1 0 0 1 0 1 1 1 0 1
2014   2 28  3  5  2 464558  -13.13682  -59.98611     5897  33.0  1  0  5 10 0 0 0 0 1 0 0 1 0 1 1 0 0 1
2014   2 28  3  5  2 708433    3.95407  -72.79503    10814 114.7  2  0  6 14 0 0 0 1 1 0 0 1 0 0 1 1 0 1
2014   2 28  3  5  2 731979  -26.61063  -44.33605     5308  64.2  2  0  6 12 0 0 1 1 1 0 0 1 0 0 1 0 0 1
2014   2 28  3  5  2 786754  -26.63276  -44.32038     5447  59.0  1  0  6 11 0 0 1 1 1 0 0 1 0 0 1 0 0 1
2014   2 28  3  5  2 797222  -33.14735  -42.13637     3552  29.8  0  0  6 15 0 0 1 1 1 0 0 1 0 1 0 0 0 1
2014   2 28  3  5  2 809022  -41.85752  -41.21705    13065  53.9  2  0  5  9 0 0 1 1 1 0 0 1 0 0 0 0 0 1
2014   2 28  3  5  2 839636  -33.35221  -41.38290     8277  98.4  2  0  6 15 0 0 1 1 1 0 0 1 0 0 1 0 0 1
2014   2 28  3  5  2 917363  -33.28757  -41.56412     8000 106.4  2  0  6 15 0 0 1 1 0 0 0 1 0 1 1 0 0 1
2014   2 28  3  5  3  62850  -26.54050  -44.43106     5002  74.3  2  0  6 14 0 0 1 1 0 0 0 1 0 1 1 0 0 1
2014   2 28  3  5  3 241585  -26.24622  -44.54240     4897  30.5  1  0  5  7 0 0 0 1 1 0 0 1 0 0 1 0 0 1
2014   2 28  3  5  3 652011  -15.81445  -50.44097     5330 122.8  2  0  6 15 0 0 1 1 0 0 0 1 0 0 1 1 0 1
2014   2 28  3  5  3 666245  -15.96506  -49.77065     3963  35.6  1  0  5 10 0 0 1 0 1 0 0 1 0 0 1 0 0 1
2014   2 28  3  5  4    616  -26.69083  -43.57445     2890   7.2  0  0  5  9 0 0 1 1 1 0 0 0 0 0 1 0 0 1
2014   2 28  3  5  4  40290  -26.68708  -43.68231     3824   6.6  0  0  5  7 0 0 1 0 1 0 0 1 0 0 1 0 0 1
2014   2 28  3  5  4  59016  -32.88680  -42.54459     7221   5.6  0  0  5  8 0 0 0 0 0 0 0 1 0 1 1 1 0 1
2014   2 28  3  5  4  74967  -33.13682  -42.16725     4200  16.0  0  0  4  6 0 0 1 1 0 0 0 0 0 0 1 0 0 1
2014   2 28  3  5  4 104628  -33.31260  -42.04225     4617   8.5  0  0  5 10 0 0 0 1 1 0 0 1 0 0 1 0 0 1
2014   2 28  3  5  4 150360  -33.14839  -42.16790     3064  14.0  0  0  6 15 0 0 1 1 1 0 0 1 0 0 1 0 0 1
2014   2 28  3  5  4 220627  -33.29875  -42.06232     4617   8.5  0  0  5 10 0 0 0 1 1 0 0 1 0 0 1 0 0 1
2014   2 28  3  5  4 248699  -33.30602  -42.05573     4763   9.7  0  0  5 10 0 0 0 1 1 0 0 1 0 0 1 0 0 1
2014   2 28  3  5  4 309610  -33.14801  -42.17331     2985  12.4  0  0  6 15 0 0 1 1 1 0 0 1 0 0 1 0 0 1
2014   2 28  3  5  4 462038  -12.71832  -70.50930     6066   7.6  0  0  4  6 0 0 0 1 0 0 0 1 0 1 1 0 0 0
2014   2 28  3  5  4 493113  -26.69117  -43.75811     3399  10.1  0  0  5  8 0 0 0 1 1 0 0 1 0 0 1 0 0 1
2014   2 28  3  5  4 684809  -12.64583  -70.75848     3200   8.2  0  0  5 10 0 0 0 1 1 0 0 1 0 0 1 1 0 0
2014   2 28  3  5  5 463004  -23.54056  -47.23164     2634  17.6  0  0  6 15 0 0 1 1 0 0 0 1 0 1 1 0 0 1
2014   2 28  3  5  5 869271  -23.60349  -47.11334     2464   7.0  0  0  6 14 0 0 1 1 1 0 0 1 0 0 1 0 0 1
2014   2 28  3  5  6 557496  -26.64059  -43.72805     3899  13.8  0  0  5  7 0 0 0 1 1 0 0 1 0 0 1 0 0 1
2014   2 28  3  5  6 674346    0.32024    3.24848    29026   9.3  0  0  5 10 0 0 1 1 1 0 0 0 0 0 1 0 0 1
2014   2 28  3  5  6 815620  -26.64921  -43.71959     2950   9.8  0  0  5 10 0 0 1 1 1 0 0 1 0 0 0 0 0 1
2014   2 28  3  5  7 596120  -27.80852 -134.75743    11066  19.8  0  0  5 10 0 0 1 1 1 0 0 0 0 0 1 1 0 0
2014   2 28  3  5  7 603851  -27.88046 -135.63942    12217  50.9  1  0  7 20 0 0 1 1 1 0 0 1 0 0 1 1 0 1
2014   2 28  3  5  7 788575  -28.91379 -132.50009    18834   3.0  0  0  4  6 0 0 1 1 0 0 0 1 0 0 1 0 0 0
2014   2 28  3  5  9 477922    3.41284  -70.35054     4101  40.3  0  0  7 21 0 0 0 1 1 0 0 1 0 1 1 1 0 1
2014   2 28  3  5  9 587907  -11.91316  -57.39788     2927  38.4  0  0  7 21 0 0 1 1 1 0 0 1 0 0 1 1 0 1
2014   2 28  3  5  9 714757  -12.88947  -74.14626     5815  56.0  1  0  6 15 0 0 0 1 0 0 0 1 0 1 1 1 0 1
2014   2 28  3  5 10  64116  -11.91959  -57.46140     4560  43.2  1  0  5 10 0 0 0 1 1 0 0 0 0 0 1 1 0 1
2014   2 28  3  5 10 279685  -26.86330  -43.84390     3964  12.2  0  0  4  6 0 0 1 1 0 0 0 1 0 0 1 0 0 0
2014   2 28  3  5 10 314836  -26.79380  -43.96021     3853  28.4  0  0  5 10 0 0 1 1 1 0 0 1 0 0 1 0 0 0
2014   2 28  3  5 10 353807  -26.81515  -43.92786     4127  18.8  0  0  5  8 0 0 1 1 0 0 0 1 0 0 1 0 0 1
2014   2 28  3  5 10 381122  -23.59146  -46.18356     3564  46.7  1  0  6 15 0 0 1 1 1 0 0 1 0 0 1 0 0 1
2014   2 28  3  5 10 391867  -23.52195  -46.36274     4368  82.3  2  0  7 18 0 0 0 1 1 0 0 1 0 1 1 1 0 1
2014   2 28  3  5 10 451519  -23.52904  -46.29736     4173  42.5  1  0  5  8 0 0 1 1 0 0 0 1 0 1 0 0 0 1
2014   2 28  3  5 10 471535    6.43932  -75.45112     5565  38.1  0  0  6 15 0 0 0 1 1 0 0 1 0 0 1 1 0 1
2014   2 28  3  5 10 561138  -23.58458  -46.17986     3604  47.5  1  0  6 15 0 0 1 1 1 0 0 1 0 0 1 0 0 1
2014   2 28  3  5 10 750507  -19.30809  -54.93909     3899  56.9  1  0  6 15 0 0 1 1 1 0 0 1 0 1 1 0 0 0
2014   2 28  3  5 11  56937  -26.53436  -44.03677     3858  29.6  0  0  5 10 0 0 1 1 1 0 0 0 0 0 0 1 0 1
2014   2 28  3  5 11 134500  -27.47789 -134.10506    26580  16.0  0  0  4  6 0 0 1 1 0 0 0 1 0 0 1 0 0 0
2014   2 28  3  5 11 213722   36.92646 -107.58697    59788  59.6  1  0  6 14 0 0 0 1 1 0 0 1 0 0 1 1 0 1
2014   2 28  3  5 12 102603  -26.77007  -43.81318     4313  42.6  1  0  6 15 0 0 1 1 0 0 0 1 0 0 1 0 1 1
2014   2 28  3  5 12 305403    7.76876  -74.25832     6799  64.8  1  0  7 21 0 0 0 1 1 0 0 1 0 1 1 1 0 1
2014   2 28  3  5 12 578459  -26.61491  -44.07812     3929  19.4  0  0  5  7 0 0 1 1 1 0 0 1 0 0 0 0 0 1
2014   2 28  3  5 12 837835  -26.52791  -44.06930     3440  37.6  0  0  6 15 0 0 1 1 1 0 0 0 0 1 1 0 0 1
2014   2 28  3  5 12 978275  -26.45142  -44.14907     4664  23.3  0  0  5  7 0 0 0 1 1 0 0 1 0 0 1 0 0 1
2014   2 28  3  5 13 249465  -26.55200  -44.08889     5179  43.1  1  0  5 10 0 0 1 1 0 0 0 1 0 0 1 0 0 1
2014   2 28  3  5 13 369377  -26.53575  -44.14519     3695  34.5  0  0  6 13 0 0 1 1 1 0 0 1 0 0 1 0 0 1
2014   2 28  3  5 13 385867    3.60136  -73.18599    16278  56.8  1  0  6 15 0 0 1 1 1 0 0 0 0 1 1 0 0 1
2014   2 28  3  5 13 781043  -23.09591 -141.59512    17159  79.5  2  0  7 21 0 0 1 1 1 0 0 1 0 0 1 1 0 1
2014   2 28  3  5 14 193501   28.29013  -46.62960     9844   6.3  0  0  5  7 0 0 1 1 0 0 0 1 0 0 0 1 0 1
2014   2 28  3  5 14 307797  -22.96169  -47.23716     4405  60.6  2  0  5  9 0 0 0 1 1 0 0 1 0 0 1 0 0 1
2014   2 28  3  5 14 452765  -22.87811  -47.43021     4400  91.6  2  0  6 15 0 0 1 1 1 0 0 1 0 1 1 0 0 0
2014   2 28  3  5 14 747396    8.09508  -74.40099     9336  74.1  2  0  6 14 0 0 0 1 1 0 0 1 0 0 1 1 0 1
2014   2 28  3  5 15 222715  -26.36208 -136.66211    30183  90.1  2  0  6 12 0 0 1 1 1 0 0 1 0 0 1 1 0 0
2014   2 28  3  5 15 232769  -26.25662 -137.28203    17683  41.1  1  0  5  9 0 0 1 1 0 0 0 1 0 0 1 1 0 0
2014   2 28  3  5 15 315049  -23.61651  -45.62106     3562  66.3  1  0  7 21 0 0 1 0 1 0 0 1 0 1 1 1 0 1
2014   2 28  3  5 16 346936  -16.39451 -138.63304    15604  42.3  1  0  5 10 0 0 1 0 1 0 0 0 0 0 1 1 0 1
2014   2 28  3  5 16 420400  -16.12551 -142.00021    18391  78.3  2  0  6 14 0 0 1 1 1 0 0 1 0 0 0 1 0 1
2014   2 28  3  5 16 955834  -16.14205  -50.42388     4138  83.1  2  0  6 15 0 0 0 1 1 0 0 1 0 1 1 0 0 1
2014   2 28  3  5 17 643919  -20.16057 -141.73509    30584 143.5  2  0  7 18 0 0 1 1 0 0 0 1 0 1 1 1 0 1
2014   2 28  3  5 17 808860    2.39591  -67.71854     5749  99.5  2  0  7 19 0 0 1 1 1 0 0 1 0 0 1 1 0 1
2014   2 28  3  5 17 924585  -19.70664 -143.45244    18510  45.1  1  0  5  9 0 0 1 1 0 0 0 1 0 0 1 1 0 0
2014   2 28  3  5 18 374588    2.34059  -68.11868     8470 121.5  2  0  6 15 0 0 0 1 1 0 0 1 0 1 1 1 0 0
2014   2 28  3  5 18 783021  -24.54650 -136.53429    23303 130.8  2  0  7 21 0 0 1 1 0 0 0 1 0 1 1 1 0 1
2014   2 28  3  5 18 792141  -24.59164 -135.44543    25332 131.0  2  0  7 21 0 0 1 1 1 0 0 0 0 1 1 1 0 1
2014   2 28  3  5 19 365398    5.88830  -78.21445    12871 109.6  2  0  6 15 0 0 0 1 1 0 0 1 0 0 1 1 0 1
2014   2 28  3  5 19 727620  -20.54700  -46.93564     5139  93.6  2  0  6 13 0 0 1 1 1 0 0 1 0 0 1 0 0 1
2014   2 28  3  5 20 127124   -5.06078  -74.25343     4705  29.5  0  0  5  7 0 0 1 0 1 0 0 1 0 0 1 1 0 0
2014   2 28  3  5 20 403887  -26.67938  -43.62066     3471  18.6  0  0  5 10 0 0 0 1 1 0 0 1 0 0 1 0 0 1
2014   2 28  3  5 20 666890  -26.64158  -43.76321     2942  11.2  0  0  6 11 0 0 0 1 1 0 0 1 0 1 1 0 0 1
2014   2 28  3  5 21 572922    0.36634  -72.40325     2932   6.3  0  0  6 15 0 0 0 1 1 0 0 1 0 0 1 1 0 1
2014   2 28  3  5 22 660562  -26.72225 -138.68443    19662  46.1  0  0  7 21 0 0 0 1 1 0 0 1 0 1 1 1 0 1
2014   2 28  3  5 22 818234  -26.69341 -135.96422    14556  51.5  1  0  6 14 0 0 1 1 1 0 0 1 0 0 1 1 0 0
2014   2 28  3  5 23 327545  -22.84292  -46.23940     2958  19.4  0  0  5 10 0 0 1 1 1 0 0 1 0 0 0 0 0 1
2014   2 28  3  5 23 486047  -22.88168  -46.22532     2964  18.9  0  0  5 10 0 0 0 1 1 0 0 1 0 0 1 0 0 1
2014   2 28  3  5 23 846296    3.95736  -72.32413     4253  19.0  0  0  5  9 0 0 0 1 1 0 0 1 0 0 1 1 0 0
2014   2 28  3  5 24 224765  -22.83186  -47.33881     3823  52.1  1  0  6 14 0 0 1 1 1 0 0 1 0 0 1 1 0 0
2014   2 28  3  5 24 439134  -12.42867  170.79054    12782   9.2  0  0  4  6 0 0 1 1 0 0 0 0 0 1 0 1 0 0
2014   2 28  3  5 24 642842  -10.69298  166.18558   170338  28.7  1  0  4  6 0 0 0 1 0 0 0 1 0 0 1 0 0 1
2014   2 28  3  5 24 663970  -11.94620  169.31807     9148   4.0  0  0  4  6 0 0 0 1 0 0 0 1 0 0 1 1 0 0
2014   2 28  3  5 24 714547  -26.55082 -135.64301    22285  55.2  2  0  5 10 0 0 1 0 1 0 0 1 0 0 1 1 0 0
2014   2 28  3  5 24 854339  -11.59333  168.17903    13502  46.8  1  0  6 15 0 0 1 1 1 0 0 1 0 0 1 1 0 0
2014   2 28  3  5 24 904664  -11.34413  167.06056     7453  13.3  0  0  5 10 0 0 0 1 1 0 0 1 0 0 0 1 0 1
2014   2 28  3  5 25  37217  -31.54918 -138.42105    14659  33.8  0  0  6 14 0 0 1 1 1 0 0 0 0 0 1 1 0 1
2014   2 28  3  5 25 180458  -26.75702  -43.92084     3050  22.4  0  0  6 12 0 0 1 1 1 0 0 1 0 1 1 0 0 0
2014   2 28  3  5 25 255467    6.38742  -75.20665     7031  29.4  0  0  5  8 0 0 0 1 1 0 0 1 0 0 1 1 0 0
2014   2 28  3  5 25 630524  -11.94009  169.47900     7862  11.7  0  0  5 10 0 0 1 1 0 0 0 1 0 0 1 1 0 0
2014   2 28  3  5 25 855316   -9.91883   43.53340    47222  28.7  1  0  4  6 0 0 1 1 0 0 0 0 0 0 1 0 0 1
2014   2 28  3  5 25 920805    8.96234 -136.90776    20304  27.9  1  0  4  6 0 0 1 1 0 0 0 0 0 0 1 1 0 0
2014   2 28  3  5 26 425237  -26.55525  -44.05740     3405  31.1  0  0  6 14 0 0 1 1 1 0 0 1 0 0 1 0 0 1
2014   2 28  3  5 26 435602  -26.55152  -44.05064     3305  24.4  0  0  6 13 0 0 1 1 1 0 0 1 0 0 1 0 0 1
2014   2 28  3  5 26 553497   -5.12329  -74.31196     6052  43.7  1  0  6 15 0 0 1 1 1 0 0 1 0 0 1 0 0 1
2014   2 28  3  5 26 674431   -4.84130  -74.64436     4192  62.0  1  0  7 21 0 0 1 1 1 0 0 1 0 1 1 1 0 0
2014   2 28  3  5 26 863450   -5.30474  -74.01795     5236  22.7  0  0  5  9 0 0 1 0 1 0 0 1 0 1 0 0 0 1
2014   2 28  3  5 27 102098  -15.83710   18.77006    37984  35.4  1  0  5  9 0 0 1 1 1 0 0 0 0 0 1 0 0 1
2014   2 28  3  5 27 517665    3.86630  -72.50813     6790  48.6  1  0  5  9 0 0 0 1 1 0 0 1 0 0 1 1 0 0
2014   2 28  3  5 27 568458  -21.56711  -51.90800     3830  58.3  1  0  6 14 0 0 1 1 0 0 0 1 0 1 1 0 0 1
2014   2 28  3  5 27 576403    3.88397  -72.32645     5015  64.7  2  0  6 15 0 0 1 1 0 0 0 1 0 1 1 1 0 0
2014   2 28  3  5 27 615086    3.82587  -72.89040     7833  39.6  1  0  5  9 0 0 0 1 1 0 0 1 0 0 0 1 0 1
2014   2 28  3  5 27 849589  -21.48113  -52.10262     2665  34.4  0  0  7 19 0 0 1 1 1 0 0 1 0 1 1 1 0 0
2014   2 28  3  5 27 924166  -12.06527  -57.32126     5260  54.0  1  0  6 13 0 0 0 1 1 0 0 1 0 1 1 0 0 1
2014   2 28  3  5 28 263868  -12.03373  -57.49885     5681  62.3  2  0  6 15 0 0 0 1 1 0 0 1 0 1 1 0 0 1
2014   2 28  3  5 28 782580  -11.28545  167.82588    10177  27.7  0  0  6 11 0 0 1 1 1 0 0 1 0 0 1 1 0 0
2014   2 28  3  5 29 283425  -11.31009  167.91690    10782  26.4  0  0  5 10 0 0 1 1 0 0 0 1 0 0 1 1 0 0
2014   2 28  3  5 29 310129  -23.31872 -140.91838    13850  65.3  1  0  7 21 0 0 1 1 1 0 0 1 0 0 1 1 0 1
2014   2 28  3  5 29 330479  -23.19922 -141.56172    42309  31.2  1  0  4  6 0 0 1 1 0 0 0 1 0 0 1 0 0 0
2014   2 28  3  5 29 416470  -29.46806 -130.64072    47678  68.1  2  0  5 10 0 0 1 1 1 0 0 1 0 0 0 0 0 1
2014   2 28  3  5 29 446223  -29.58596  -60.74162     6930  41.2  1  0  5 10 0 0 1 1 1 0 0 0 0 0 1 0 0 1
2014   2 28  3  5 29 797247    6.37707  -75.49776     7601  75.3  2  0  7 21 0 0 0 1 1 0 0 1 0 1 1 1 0 1
2014   2 28  3  5 29 873229  -26.47526  -44.15222     3573  60.1  1  0  7 21 0 0 1 1 1 0 0 1 0 1 1 1 0 0
2014   2 28  3  5 30  39987    6.31082  -75.15228     8725  63.6  2  0  6 15 0 0 0 0 1 0 0 1 0 1 1 1 0 1
2014   2 28  3  5 30 104594    6.43632  -75.34386     9082  65.0  2  0  5 10 0 0 0 1 0 0 0 1 0 0 1 1 0 1
2014   2 28  3  5 30 164242  -26.72190  -44.23123     4005  29.3  0  0  5  9 0 0 1 1 1 0 0 1 0 0 0 0 0 1
2014   2 28  3  5 30 304297  -19.88922  -50.62603     2661   8.3  0  0  5  9 0 0 1 0 1 0 0 1 0 0 1 0 0 1
2014   2 28  3  5 30 404992  -26.60228  -43.99459     4592  31.7  1  0  5  8 0 0 1 1 1 0 0 1 0 0 1 0 0 0
2014   2 28  3  5 30 415831  -19.92957  -50.94012     3374  75.9  2  0  7 21 0 0 1 1 1 0 0 1 0 1 1 0 0 1
2014   2 28  3  5 30 514369  -19.73953  -51.17194     3171  47.3  0  0  7 18 0 0 1 1 1 0 0 0 0 1 1 1 1 0
2014   2 28  3  5 30 665885    6.28097  -75.21506     9517  64.7  2  0  6 14 0 0 0 0 1 0 0 1 0 1 1 1 0 1
2014   2 28  3  5 31 161209  -23.63521  -47.03164     3910  95.2  2  0  7 20 0 0 1 1 1 0 0 1 0 1 1 0 0 1
2014   2 28  3  5 31 964330  -22.54634  -48.01894     4155 112.9  2  0  7 21 0 0 1 1 0 0 0 1 0 1 1 1 0 1
2014   2 28  3  5 32 463378  -26.47358  -44.18958     3841  50.6  1  0  6 15 0 0 1 1 1 0 0 1 0 1 1 0 0 0
2014   2 28  3  5 32 569497  -21.65902  -49.26926     3118  24.0  0  0  5 10 0 0 1 1 0 0 0 1 0 1 1 0 0 0
2014   2 28  3  5 32 881740  -26.54586  -44.17348     4779  59.6  1  0  6 13 0 0 1 1 1 0 0 1 0 0 1 0 0 1
2014   2 28  3  5 32 908449  -26.61978  -44.27880     4202  55.0  1  0  6 13 0 0 1 1 1 0 0 0 0 1 1 0 0 1
2014   2 28  3  5 34 831086  -22.83135 -142.38669    22810 108.3  2  0  7 21 0 0 1 1 1 0 0 1 0 0 1 1 0 1
2014   2 28  3  5 35 307975  -23.26110 -141.96146    24635 122.5  2  0  7 21 0 0 1 1 1 0 0 1 0 0 1 1 0 1
2014   2 28  3  5 35 433070  -23.29629 -140.59802    33720 118.2  2  0  6 15 0 0 1 1 1 0 0 0 0 0 1 1 0 1
2014   2 28  3  5 35 758746    0.61516  -72.62489     9365 113.7  2  0  6 15 0 0 0 1 1 0 0 1 0 0 1 1 0 1
2014   2 28  3  5 36 818571  -26.65485  -43.80127     2632   7.0  0  0  6 14 0 0 1 1 1 0 0 1 0 0 1 0 0 1
2014   2 28  3  5 37 258859   -4.40793  -63.29664     2402   5.1  0  0  7 21 0 0 0 1 1 0 0 1 0 1 1 1 0 1
2014   2 28  3  5 37 580194  -15.08846  173.86649    19297  11.1  0  0  6 15 0 0 1 1 1 0 0 1 0 0 1 0 0 1
2014   2 28  3  5 37 600626  -15.10690  173.88023    23424   6.7  0  0  5 10 0 0 1 1 1 0 0 1 0 0 1 0 0 0
2014   2 28  3  5 37 638434  -12.63149  171.39799    16978   2.0  0  0  4  6 0 0 1 1 0 0 0 0 0 0 1 1 0 0
2014   2 28  3  5 37 661332  -26.83631  -43.75452     3410   2.1  0  0  5  8 0 0 1 0 1 0 0 0 0 1 1 0 0 1
2014   2 28  3  5 37 756865  -13.64795  172.44089    23276   8.5  0  0  5 10 0 0 1 1 1 0 0 1 0 0 1 0 0 0
2014   2 28  3  5 37 765069    9.33265  -74.45239     4185  21.2  0  0  6 13 0 0 1 1 0 0 0 0 0 1 1 1 0 1
2014   2 28  3  5 37 897573    9.39038  -74.68227     3398  12.0  0  0  7 21 0 0 0 1 1 0 0 1 0 1 1 1 0 1
2014   2 28  3  5 38 198672  -26.77560  -43.87333     3266  10.5  0  0  5  7 0 0 1 1 1 0 0 0 0 0 1 0 0 1
2014   2 28  3  5 38 384679  -26.63298  -43.73307     3021  10.8  0  0  5  9 0 0 1 1 1 0 0 0 0 0 1 0 0 1
2014   2 28  3  5 38 401798  -19.97432  -48.26031     2740  27.9  0  0  7 18 0 0 1 0 1 0 0 1 0 1 1 1 0 1
2014   2 28  3  5 38 459250  -19.97836  -48.37604     3539  40.7  1  0  6 11 0 0 0 1 1 0 0 1 0 1 1 0 0 1
2014   2 28  3  5 38 673754  -26.67779  -43.67052     3430   1.5  0  0  4  6 0 0 1 1 0 0 0 1 0 0 1 0 0 0
2014   2 28  3  5 38 767896  -26.76737  -43.73595     3520   4.2  0  0  4  6 0 0 1 1 0 0 0 1 0 0 1 0 0 0
2014   2 28  3  5 38 841792   -5.24515  -74.30454     3863  18.3  0  0  5 10 0 0 0 1 1 0 0 1 0 0 1 1 0 0
2014   2 28  3  5 38 854876   -5.23072  -74.29984     3933  19.5  0  0  5 10 0 0 0 1 1 0 0 1 0 0 1 1 0 0
2014   2 28  3  5 38 967595  -24.96520 -136.18666    12769  54.0  1  0  7 21 0 0 1 1 1 0 0 1 0 0 1 1 0 1
2014   2 28  3  5 39 789771  -26.63049  -43.84256     3330  17.2  0  0  5  9 0 0 1 1 1 0 0 0 0 0 1 0 0 1
2014   2 28  3  5 39 820476  -26.63635  -43.89276     3119  12.5  0  0  5  8 0 0 1 1 0 0 0 1 0 1 0 0 0 1
2014   2 28  3  5 39 997190   -5.48974  -42.53348     6401  42.8  1  0  6 12 0 0 0 0 1 0 0 1 0 1 1 1 0 1
2014   2 28  3  5 40  49368   -5.57862  -42.78820    14350  21.6  1  0  4  6 0 0 1 1 0 0 0 0 0 1 0 0 0 1
2014   2 28  3  5 40  78814   -5.58137  -42.73983     3232  19.0  0  0  6 15 0 0 1 1 1 0 0 1 0 0 1 0 0 1
2014   2 28  3  5 40 117575  -33.47928  -41.35813     3240  26.8  0  0  7 21 0 0 1 1 1 0 0 1 0 1 1 0 0 1
2014   2 28  3  5 40 158891   -5.49270  -42.70070     3984  41.9  1  0  6 15 0 0 1 1 1 0 0 1 0 0 1 1 0 0
2014   2 28  3  5 40 257328  -22.19337  -48.47605     3341  25.5  0  0  5  9 0 0 1 1 1 0 0 1 0 0 1 0 0 0
2014   2 28  3  5 40 292791  -22.12518  -48.57542     3140  49.8  0  0  7 16 0 0 0 1 1 0 0 1 0 1 1 1 0 1
2014   2 28  3  5 40 353063   -5.51194  -42.75522     4005  49.1  1  0  6 15 0 0 1 1 0 0 0 1 0 1 1 1 0 0
2014   2 28  3  5 40 367221  -22.11384  -48.47619     3184  36.2  0  0  6 12 0 0 1 0 1 0 0 1 0 1 1 0 0 1
2014   2 28  3  5 40 415044   -5.58217  -42.75759     4682  20.0  1  0  4  6 0 0 0 1 0 0 0 1 0 0 1 0 0 1
2014   2 28  3  5 40 465165   -5.57957  -42.74630     3605  19.1  0  0  5 10 0 0 1 1 0 0 0 1 0 0 1 0 0 1
2014   2 28  3  5 40 628373    3.69760  -72.44379     4605  32.6  0  0  6 14 0 0 0 1 1 0 0 1 0 0 1 1 0 1
2014   2 28  3  5 41 112891  -11.93704  -57.37744     3123  40.0  0  0  7 21 0 0 1 0 1 0 0 1 0 1 1 1 0 1
2014   2 28  3  5 41 191819  -28.33454 -135.07562    20636  38.9  0  0  6 15 0 0 0 0 1 0 0 1 0 1 1 1 0 1
2014   2 28  3  5 41 711536  -24.85777  -45.29472     3912  53.9  1  0  6 15 0 0 1 1 1 0 0 1 0 1 1 0 0 0
2014   2 28  3  5 41 752171  -24.73713  -45.39766     3022  33.6  0  0  7 17 0 0 1 1 1 0 0 1 0 1 1 0 0 1
2014   2 28  3  5 42 320683    3.42620  -12.55001    14053  55.8  1  0  6 11 0 0 1 1 0 0 0 1 0 0 1 1 0 1
2014   2 28  3  5 42 389407  -26.77097  -44.02893     3875  26.8  0  0  5  9 0 0 1 1 1 0 0 0 0 0 1 0 0 1
2014   2 28  3  5 42 500300  -21.77728  -51.82991     3126   4.9  0  0  4  6 0 0 1 1 0 0 0 1 0 0 1 0 0 0
2014   2 28  3  5 43 622468   -6.97781  -72.99981    13956  44.1  1  0  5 10 0 0 1 1 1 0 0 0 0 0 1 0 0 1
2014   2 28  3  5 43 920167  -13.57223  -52.16247     4765  57.9  2  0  5 10 0 0 0 1 1 0 0 0 0 0 1 1 0 1
2014   2 28  3  5 44 194981  -13.31743  157.77052     7776   9.4  0  0  4  6 0 0 0 1 0 0 0 1 0 0 1 1 0 0
2014   2 28  3  5 44 363780  -26.72560  -44.11248     3869  38.5  0  0  6 11 0 0 1 1 1 0 0 1 0 1 1 0 0 0
2014   2 28  3  5 44 421877  -26.71075  -44.12388     3408  37.3  0  0  6 15 0 0 1 1 1 0 0 1 0 1 1 0 0 0
2014   2 28  3  5 44 481710  -26.70677  -44.10339     3550  41.7  0  0  7 16 0 0 1 1 1 0 0 1 0 1 1 0 0 1
2014   2 28  3  5 44 659222  -26.65549  -44.20283     6053  66.6  2  0  6 11 0 0 1 1 0 0 0 1 0 0 1 1 0 1
2014   2 28  3  5 44 723838  -24.12657  -50.69794     3549  69.6  1  0  7 21 0 0 1 1 0 0 0 1 0 1 1 0 1 1
2014   2 28  3  5 45 113942  -26.72258  -43.93275     5379  27.0  1  0  4  6 0 0 1 1 0 0 0 1 0 0 1 0 0 0
2014   2 28  3  5 45 567856  -11.23678  167.65196    15077  46.8  1  0  5 10 0 0 0 0 1 0 0 1 0 0 1 1 0 1
2014   2 28  3  5 45 776527   -4.82326  -74.57206     5975 101.1  2  0  7 21 0 0 1 1 1 0 0 0 0 1 1 1 0 1
2014   2 28  3  5 46 745428  -26.40615  -44.24012     3893  51.3  1  0  6 15 0 0 1 1 1 0 0 0 0 1 1 0 0 1
2014   2 28  3  5 47 295971  -26.44793  -44.19000     4126  47.5  1  0  6 14 0 0 1 1 1 0 0 1 0 0 1 0 0 1
2014   2 28  3  5 47 491227  -26.61507  -44.32080     3542  54.4  1  0  7 21 0 0 1 1 1 0 0 1 0 1 1 0 0 1
2014   2 28  3  5 47 726852  -26.20143  -44.32552     4289  38.0  1  0  5 10 0 0 0 1 1 0 0 1 0 0 1 0 0 1
2014   2 28  3  5 47 901866  -26.67844  -44.27114     4604  47.5  1  0  6 12 0 0 1 1 1 0 0 1 0 0 1 0 0 1
2014   2 28  3  5 47 979173  -26.72509  -44.19318     8063  53.7  2  0  5  7 0 0 1 1 0 0 0 1 0 0 1 0 0 1
2014   2 28  3  5 48 362936  -26.56669  -44.34927     4185  41.0  1  0  5 10 0 0 1 1 1 0 0 1 0 0 0 0 0 1
2014   2 28  3  5 48 388270   -5.36939  -53.92932     3868  89.7  2  0  7 21 0 0 1 1 1 0 0 1 0 0 1 1 0 1
2014   2 28  3  5 48 455084   -5.40820  -54.01461     4595  87.0  2  0  6 15 0 0 0 1 1 0 0 1 0 0 1 1 0 1
2014   2 28  3  5 50 517622  -26.59248  -44.53961     3600  40.5  1  0  6 13 0 0 1 1 1 0 0 1 0 1 0 0 0 1
2014   2 28  3  5 50 747932  -26.50874  -44.58081     4008  69.2  1  0  7 20 0 0 1 1 1 0 0 1 0 1 0 1 0 1
2014   2 28  3  5 50 824601   -2.25069  -72.68775     8217 124.0  2  0  7 20 0 0 0 1 0 0 0 1 0 1 1 1 1 1
2014   2 28  3  5 50 869054    5.77868  -77.40809    13444  99.7  2  0  6 15 0 0 0 0 1 0 0 1 0 1 1 1 0 1
2014   2 28  3  5 50 941279  -26.51042  -44.47774     4089  64.6  1  0  7 17 0 0 1 1 1 0 0 1 0 1 1 0 0 1
2014   2 28  3  5 51  10904  -26.61283  -44.25794     6036  54.3  2  0  5  8 0 0 1 1 1 0 0 1 0 0 1 0 0 0
2014   2 28  3  5 51  25145  -16.01643  -50.46567     4750 104.5  2  0  6 15 0 0 1 1 1 0 0 1 0 1 0 0 0 1
2014   2 28  3  5 51  65120  -15.80119  -50.60641     4347 119.4  2  0  7 21 0 0 1 1 0 0 0 1 0 1 1 1 0 1
2014   2 28  3  5 51 139142  -26.54990  -44.38610     5281  64.2  2  0  6 12 0 0 1 1 1 0 0 1 0 0 1 0 0 1
2014   2 28  3  5 51 168134  -23.01281  -47.14198     4659 103.1  2  0  6 15 0 0 1 1 1 0 0 1 0 0 1 0 0 1
2014   2 28  3  5 51 507245  -23.77913  -46.42989     3775  37.2  1  0  5  9 0 0 1 1 1 0 0 0 0 0 1 0 0 1
2014   2 28  3  5 51 626099   -2.31220  -65.55169     5781  39.2  1  0  5 10 0 0 0 1 1 0 0 0 0 0 1 1 0 1
2014   2 28  3  5 51 880678  -16.03382  175.77344    20344  58.6  2  0  5 10 0 0 1 1 0 0 0 1 0 0 1 1 0 0
2014   2 28  3  6  8  62332    7.79047  -73.73652     4946  10.1  0  0  5  9 0 0 0 1 1 0 0 1 0 0 0 1 0 1
2014   2 28  3  6  8 619078   -5.24925  -74.14169     3037  12.8  0  0  7 21 0 0 0 1 1 0 0 1 0 1 0 1 1 1
2014   2 28  3  6  8 639989   -5.28407  -74.22788     3203   8.5  0  0  6 15 0 0 0 1 1 0 0 1 0 1 0 1 0 1
2014   2 28  3  6  9 217587   -5.32568  -74.18291     3318  10.4  0  0  6 15 0 0 0 1 1 0 0 1 0 1 0 1 0 1
2014   2 28  3  6 10 587893  -23.62016  -46.98783     3139  21.3  0  0  5  9 0 0 1 1 1 0 0 1 0 0 0 0 0 1
2014   2 28  3  6 10 668638  -23.65830  -47.01064     3193  40.2  1  0  6 15 0 0 1 1 0 0 0 1 0 1 0 1 0 1
2014   2 28  3  6 11 556700  -21.24192   62.60922    19641  17.6  0  0  5 10 0 0 1 1 1 0 0 0 0 1 0 0 0 1
2014   2 28  3  6 11 706053  -11.88114  -57.24404     3038  39.4  0  0  7 21 0 0 1 1 1 0 0 1 0 1 0 1 0 1
2014   2 28  3  6 13 235302  -11.58564  168.19348    17921  53.0  2  0  5 10 0 0 1 1 1 0 0 1 0 0 0 1 0 0
2014   2 28  3  6 13 410676  -22.64123  -47.46615     3747  34.5  1  0  5  8 0 0 1 1 1 0 0 1 0 0 0 0 0 1
2014   2 28  3  6 15 916832  -21.66250  -51.74513     4271  60.1  2  0  5 10 0 0 1 1 1 0 0 1 0 0 0 0 0 1
2014   2 28  3  6 16  90868  -26.79270  -43.96862     4817  73.6  2  0  7 16 0 0 1 1 1 0 0 1 0 1 0 1 0 1
2014   2 28  3  6 16 106522  -26.74218  -44.10909     4305  28.7  0  0  5  7 0 0 1 1 1 0 0 1 0 0 0 0 0 1
2014   2 28  3  6 16 127967  -26.71563  -44.14516     3278  27.8  0  0  6 11 0 0 1 1 1 0 0 1 0 1 0 0 0 1
2014   2 28  3  6 16 148340  -26.71230  -44.15225     3231  28.2  0  0  6 12 0 0 1 1 1 0 0 1 0 1 0 0 0 1
2014   2 28  3  6 16 220461  -26.73835  -44.06565     4258  24.9  0  0  5  7 0 0 1 1 1 0 0 1 0 0 0 0 0 1
2014   2 28  3  6 16 446719  -32.16203  -43.35829     3391  30.2  0  0  6 15 0 0 1 1 1 0 0 1 0 1 0 0 0 1
2014   2 28  3  6 16 483770  -32.17999  -43.37310     3258  15.3  0  0  5 10 0 0 1 1 1 0 0 1 0 1 0 0 0 0
2014   2 28  3  6 16 559147  -32.14776  -43.41319     4995  34.5  1  0  5 10 0 0 1 1 1 0 0 1 0 0 0 0 0 1
2014   2 28  3  6 16 935775  -20.07631  -48.37997     4291  76.2  2  0  6 13 0 0 1 1 1 0 0 1 0 1 0 0 0 1
2014   2 28  3  6 18 441498  -33.02456  -42.12321     4992  16.0  0  0  4  6 0 0 1 1 1 0 0 1 0 0 0 0 0 0
2014   2 28  3  6 19 262270   -5.60804  -42.80725     5308  91.1  2  0  7 17 0 0 1 1 1 0 0 1 0 1 0 0 1 1
2014   2 28  3  6 19 755213  -26.54958  -44.35212     3989  38.1  1  0  5  8 0 0 1 1 1 0 0 0 0 1 0 0 0 1
2014   2 28  3  6 20 277626  -26.53889  -44.31264     4786  40.4  1  0  5  8 0 0 1 1 1 0 0 1 0 0 0 0 0 1
2014   2 28  3  6 20 321690  -26.47792  -44.29266     3354  34.8  0  0  6 14 0 0 1 1 1 0 0 1 0 1 0 0 0 1
2014   2 28  3  6 23 897717   -5.52196  -54.34750     3513  71.4  2  0  7 21 0 0 0 1 1 0 0 1 0 1 0 1 1 1
2014   2 28  3  6 24 138737    7.81219  -73.84093     4543   8.0  0  0  5 10 0 0 0 1 1 0 0 1 0 0 0 1 0 1
2014   2 28  3  6 24 403030  -21.91744 -137.36208     8722   6.3  0  0  6 15 0 0 1 1 1 0 0 1 0 1 0 0 0 1
2014   2 28  3  6 24 816590  -26.63462  -43.68494     2840   8.3  0  0  5  9 0 0 1 1 1 0 0 0 0 1 0 0 0 1
2014   2 28  3  6 24 893639  -26.65136  -43.67147     3134   9.7  0  0  5  8 0 0 1 1 1 0 0 1 0 0 0 0 0 1
2014   2 28  3  6 27 195034  -26.70524  -43.89444     2814  12.8  0  0  6 11 0 0 1 1 1 0 0 1 0 1 0 0 0 1
2014   2 28  3  6 27 404830  -15.99757  -50.28616     2811  25.9  0  0  6 14 0 0 0 1 1 0 0 1 0 1 0 1 0 1
2014   2 28  3  6 28 812424  -26.77053  -43.99721     3371  13.9  0  0  5  8 0 0 1 1 1 0 0 1 0 0 0 0 0 1
2014   2 28  3  6 29 542107  -16.40047 -141.26282    12216  35.0  1  0  5  9 0 0 1 1 1 0 0 1 0 0 0 1 0 0
2014   2 28  3  6 29 872443   -5.35138  -74.77458     7333  37.0  1  0  5  9 0 0 0 1 1 0 0 1 0 0 0 1 0 1
2014   2 28  3  6 29 930046   -5.19842  -74.13501     4586  60.0  2  0  6 15 0 0 1 1 1 0 0 1 0 0 0 1 0 1
2014   2 28  3  6 30 709619    0.88168    0.24332    26724  70.2  2  0  6 15 0 0 1 1 1 0 0 1 0 1 0 0 0 1
2014   2 28  3  6 31 507283  -20.00204  -48.42392     3737  74.9  2  0  7 16 0 0 1 1 1 0 0 1 0 1 0 1 0 1
2014   2 28  3  6 32 819319    6.21161  151.39453     9495  21.1  1  0  4  6 0 0 1 1 0 0 0 1 0 0 0 1 0 0
2014   2 28  3  6 33 103930  -26.52051  -44.15401     3695  49.0  1  0  6 11 0 0 1 1 1 0 0 1 0 1 0 1 0 0
2014   2 28  3  6 34 768566    6.42215  -76.33934    14362  64.7  2  0  5 10 0 0 0 1 1 0 0 1 0 0 0 1 0 1
2014   2 28  3  6 35  42626    6.44494  -76.50478    13260  66.8  2  0  5 10 0 0 0 1 1 0 0 1 0 1 0 1 0 0
2014   2 28  3  6 35 943999   -7.54098  -73.94511     6277 128.5  2  0  7 21 0 0 1 1 1 0 0 1 0 1 0 1 0 1
2014   2 28  3  6 37 455117  -12.13620  -58.12493     4439  57.3  1  0  6 15 0 0 0 1 1 0 0 1 0 1 0 1 0 1
2014   2 28  3  6 38 863143  -26.60375  -44.53804     4103  70.8  2  0  7 17 0 0 1 1 1 0 0 1 0 1 0 1 0 1
2014   2 28  3  6 38 960858  -26.60533  -44.53830     4410  37.2  1  0  5  8 0 0 1 1 0 0 0 1 0 1 0 0 0 1
2014   2 28  3  6 39   8825  -26.63270  -44.49336     3774  19.7  0  0  4  6 0 0 1 1 0 0 0 1 0 1 0 0 0 0
2014   2 28  3  6 40 711973  -26.84503  -43.76678     3299  16.1  0  0  5  8 0 0 1 1 0 0 0 1 0 1 0 0 0 1
2014   2 28  3  6 40 820915    4.84306  -73.31636     4895  44.3  1  0  6 14 0 0 1 0 1 0 0 1 0 1 0 1 0 1
2014   2 28  3  6 41  35202  -22.81967  -46.29527     2891  24.9  0  0  6 12 0 0 1 1 1 0 0 1 0 1 0 0 0 1
2014   2 28  3  6 41 390761  -26.77906  -43.82481     6096  15.7  0  0  5  8 0 0 0 1 1 0 0 1 0 1 0 0 0 1
2014   2 28  3  6 41 785150  -27.84783 -135.57376    18234  63.9  2  0  6 15 0 0 1 1 1 0 0 1 0 0 0 1 0 1
2014   2 28  3  6 41 797556  -27.89497 -136.31073    14936   7.1  0  0  4  6 0 0 0 1 1 0 0 1 0 0 0 1 0 0
2014   2 28  3  6 42 182674  -26.60653  -43.88828     3419  15.1  0  0  5  8 0 0 1 1 1 0 0 1 0 0 0 0 0 1
2014   2 28  3  6 42 531579   -5.44643  -53.73887     3025   7.0  0  0  4  6 0 0 0 1 1 0 0 1 0 0 0 1 0 0
2014   2 28  3  6 42 692945   -5.36230  -53.59766     2910  26.4  0  0  6 14 0 0 1 0 1 0 0 0 0 1 0 1 1 1
2014   2 28  3  6 42 813826  -15.79739  -50.26780     3081  36.3  0  0  6 15 0 0 1 1 1 0 0 1 0 0 0 1 0 1
2014   2 28  3  6 42 901611  -12.68647  -57.05321     2632   9.2  0  0  6 15 0 0 0 1 1 0 0 1 0 0 0 1 1 1
2014   2 28  3  6 43 843440  -18.47324  169.12100    32294  20.4  0  0  5 10 0 0 1 1 1 0 0 0 0 0 0 1 0 1
2014   2 28  3  6 43 931510  -12.64823  -56.81006     2973  40.1  0  0  7 21 0 0 1 1 1 0 0 1 0 0 0 1 1 1
2014   2 28  3  6 43 969600  -12.63138  -56.79034     3608  45.6  1  0  6 15 0 0 1 1 1 0 0 0 0 1 0 1 0 1
2014   2 28  3  6 44 216683    6.30298  -86.65942     6550  17.5  0  0  6 15 0 0 0 1 1 0 0 1 0 1 0 1 0 1
2014   2 28  3  6 45  93599  -11.86602  -57.18668     3428  55.3  1  0  7 21 0 0 1 1 1 0 0 1 0 1 0 1 0 1
2014   2 28  3  6 45 294229  -11.85418  -57.17368     3768  55.8  1  0  6 15 0 0 1 1 1 0 0 1 0 0 0 1 0 1
2014   2 28  3  6 45 367805  -11.87627  -57.21570     3982  62.3  2  0  6 15 0 0 1 1 1 0 0 1 0 1 0 1 0 0
2014   2 28  3  6 45 440586  -26.66261  -43.98343     3411  18.6  0  0  5  9 0 0 1 1 1 0 0 1 0 0 0 0 0 1
2014   2 28  3  6 45 516531  -26.60115  -43.93724     3707  16.7  0  0  5  7 0 0 1 1 1 0 0 1 0 0 0 0 0 1
2014   2 28  3  6 47 223355  -14.94368  179.18172    21025  63.0  2  0  5 10 0 0 1 1 1 0 0 1 0 0 0 1 0 0
2014   2 28  3  6 47 409369  -22.52532  -48.10974     3794  25.9  1  0  4  6 0 0 1 1 0 0 0 1 0 1 0 0 0 0
2014   2 28  3  6 47 604314  -26.65809  -44.09589     3818  18.8  0  0  5  7 0 0 1 1 1 0 0 1 0 0 0 0 0 1
2014   2 28  3  6 47 748786  -26.70624  -44.13289     2864  18.9  0  0  6 14 0 0 1 1 1 0 0 1 0 1 0 0 0 1
2014   2 28  3  6 48 512331    3.28994  -87.89956    11987  44.4  1  0  6 15 0 0 0 1 1 0 0 1 0 1 0 1 0 1
2014   2 28  3  6 49 165634    3.42346  -85.56028     7080  68.4  2  0  6 15 0 0 1 1 1 0 0 1 0 1 0 1 0 0
2014   2 28  3  6 49 769908    3.72307  -73.24931    10299  57.3  2  0  5 10 0 0 0 1 1 0 0 1 0 0 0 1 0 1
2014   2 28  3  6 51 180212  -26.68816  -44.36883     3197  26.9  0  0  6 12 0 0 1 1 1 0 0 1 0 1 0 0 0 1
2014   2 28  3  6 52  87774  -26.56991  -44.34969     4100  31.4  1  0  5  9 0 0 1 1 1 0 0 1 0 0 0 0 0 1
2014   2 28  3  6 54 326795  -26.44033  -44.39453     4270  34.8  1  0  5  9 0 0 1 1 1 0 0 1 0 0 0 0 0 1
2014   2 28  3  6 55 273265  -26.53648  -44.55175     4606  49.9  1  0  5  9 0 0 1 1 1 0 0 1 0 0 0 0 0 1
2014   2 28  3  6 55 282691  -13.65217  -56.46988     6008  34.0  1  0  5 10 0 0 1 1 1 0 0 0 0 1 0 0 0 1
2014   2 28  3  6 55 302441  -13.66932  -56.45622     6114  35.4  1  0  5 10 0 0 1 1 1 0 0 0 0 1 0 0 0 1
2014   2 28  3  6 56  59154  -23.50219  -46.82914     2512  14.1  0  0  6 15 0 0 1 1 0 0 0 1 0 1 0 1 0 1
2014   2 28  3  6 56  81397  -23.52819  -46.81319     3434  17.7  0  0  5  8 0 0 1 1 0 0 0 1 0 0 1 1 0 0
2014   2 28  3  6 56 541646  -25.22303  -45.05636     2937  14.0  0  0  5 10 0 0 1 1 0 0 0 1 0 1 1 0 0 0
2014   2 28  3  6 56 587564  -26.74748  -43.70318     3274  14.4  0  0  5  8 0 0 1 1 1 0 0 1 0 0 1 0 0 0
2014   2 28  3  6 56 618869  -26.72144  -43.71992     3126   8.4  0  0  5  7 0 0 1 1 1 0 0 0 0 0 1 0 0 1
2014   2 28  3  6 56 731652  -12.69646  -70.79894     3418  12.5  0  0  5 10 0 0 0 1 0 0 0 1 0 1 1 1 0 0
2014   2 28  3  6 57 100134  -12.67994  -70.83033     3598  16.2  0  0  5 10 0 0 0 1 1 0 0 1 0 0 1 1 0 0
2014   2 28  3  6 57 199036  -26.85237  -43.78907     3324  13.9  0  0  5  8 0 0 1 1 1 0 0 1 0 0 1 0 0 0
2014   2 28  3  6 57 500421  -26.82880  -43.79821     3461  14.9  0  0  5  8 0 0 1 1 1 0 0 1 0 0 1 0 0 0
2014   2 28  3  6 57 544302  -12.65272  -73.20887     3021  21.4  0  0  6 15 0 0 1 1 1 0 0 1 0 0 1 1 0 0
2014   2 28  3  6 57 819906    8.93178  -74.33871     4984  14.8  0  0  5  8 0 0 0 0 1 0 0 1 0 0 1 1 0 1
2014   2 28  3  6 57 828693    8.91808  -74.37495     6355  16.4  0  0  5  7 0 0 0 1 1 0 0 1 0 0 1 1 0 0
2014   2 28  3  6 57 953249    9.18416  -74.35268     5425  14.5  0  0  5  9 0 0 0 1 1 0 0 0 0 0 1 1 0 1
2014   2 28  3  6 57 982808    9.21527  -74.39103     4176   4.3  0  0  5  8 0 0 0 1 0 0 0 1 0 0 1 1 0 1
2014   2 28  3  6 58 199023  -13.76169  159.51813     8043  44.0  0  0  7 21 0 0 1 1 1 0 0 1 0 0 1 1 0 1
2014   2 28  3  6 58 277909  -13.67669  159.42264    10848  43.0  1  0  5  9 0 0 1 1 0 0 0 1 0 0 1 1 0 0
2014   2 28  3  6 58 381642  -13.78695  159.79999    12313  24.0  1  0  4  6 0 0 1 0 0 0 0 1 0 0 1 1 0 0
2014   2 28  3  6 58 835712  -20.03046  -50.87465     2727  13.3  0  0  5 10 0 0 0 1 1 0 0 1 0 0 1 0 0 1
2014   2 28  3  6 58 966450  -20.02094  -50.89317     2632  26.3  0  0  7 18 0 0 1 0 1 0 0 1 0 1 1 1 0 1
2014   2 28  3  6 59  55216   -4.81935  -74.31371     5355  57.3  2  0  5 10 0 0 1 1 0 0 0 1 0 1 0 1 0 0
2014   2 28  3  6 59  74989  -26.68219  -43.83885     2996  17.7  0  0  6 13 0 0 1 1 1 0 0 1 0 0 1 0 0 1
2014   2 28  3  6 59 362875  -20.02250  -51.19292     2485  16.6  0  0  7 18 0 0 0 1 1 0 0 1 0 1 0 1 1 1
2014   2 28  3  6 59 373176  -19.90487  -50.96480     3389  62.4  1  0  7 18 0 0 1 1 1 0 0 0 0 1 1 1 0 1
2014   2 28  3  6 59 478758  -12.95630  -51.89249     3239  21.5  0  0  5 10 0 0 0 1 1 0 0 1 0 0 1 0 0 1
2014   2 28  3  6 59 752944  -19.75340  -51.17430     2578  25.8  0  0  7 18 0 0 1 1 1 0 0 1 0 1 1 1 0 0
2014   2 28  3  6 59 799165  -19.87460  -51.03248     2962  20.2  0  0  5 10 0 0 0 1 1 0 0 1 0 0 1 0 0 1
2014   2 28  3  6 59 862423  -26.66907  -43.74602     4837  54.7  1  0  6 12 0 0 1 1 1 0 0 1 0 0 1 0 0 1
2014   2 28  3  7  0 285686  -19.84061  -50.96093     2900  37.2  0  0  7 19 0 0 1 1 1 0 0 1 0 1 1 0 0 1
2014   2 28  3  7  0 325069  -26.72597  -43.89305     2835  18.1  0  0  6 14 0 0 1 1 1 0 0 1 0 1 1 0 0 0
2014   2 28  3  7  0 416197  -26.71369  -43.88617     3015  34.4  0  0  7 16 0 0 1 1 1 0 0 1 0 1 1 1 0 0
2014   2 28  3  7  0 720121   -5.45866  -42.72151     3585  46.3  0  0  7 21 0 0 0 1 1 0 0 1 0 1 1 1 0 1
2014   2 28  3  7  1 103185  -26.67205  -43.95493     4218  20.3  0  0  5  7 0 0 0 1 0 0 0 1 0 1 1 0 0 1
2014   2 28  3  7  1 175313   -8.13277  -70.35921     5400  30.8  1  0  5 10 0 0 0 1 1 0 0 0 0 0 1 1 0 1
2014   2 28  3  7  1 908315  -26.67458  -43.93397     4145  19.7  0  0  5  7 0 0 1 1 1 0 0 0 0 0 1 0 0 1
2014   2 28  3  7  2 326441  -22.74969 -138.63370    55875  19.5  0  0  5 10 0 0 1 0 1 0 0 0 0 1 1 0 0 1
2014   2 28  3  7  2 359661  -26.41592 -132.13905    32370  44.3  1  0  5 10 0 0 1 1 1 0 0 1 0 0 1 0 0 0
2014   2 28  3  7  2 684374  -15.81342  -51.38632     4498 120.9  2  0  7 21 0 0 1 1 1 0 0 1 0 0 1 1 0 1
2014   2 28  3  7  3 248832  -26.75021  -44.03144     3987  25.9  0  0  5  9 0 0 1 1 1 0 0 1 0 0 1 0 0 0
2014   2 28  3  7  3 321318  -20.44708  -46.96336     3069  57.3  1  0  7 21 0 0 1 1 1 0 0 1 0 1 1 0 0 1
2014   2 28  3  7  3 349326  -20.48080  -46.85654     3346  46.2  1  0  6 15 0 0 1 1 1 0 0 1 0 0 1 0 0 1
2014   2 28  3  7  3 471310  -26.76078  -43.98383     4733  25.2  0  0  5  8 0 0 1 1 0 0 0 1 0 0 1 0 0 1
2014   2 28  3  7  3 977561  -26.54615  -43.99417     3808  32.9  0  0  6 12 0 0 1 1 1 0 0 1 0 0 1 0 0 1
2014   2 28  3  7  4  30316  -26.56172  -44.03476     3426  16.2  0  0  5  8 0 0 1 1 1 0 0 1 0 0 0 0 0 1
2014   2 28  3  7  4 130412   -5.57398  -42.74428     5950  48.0  1  0  5 10 0 0 0 1 1 0 0 1 0 0 1 0 0 1
2014   2 28  3  7  4 827016    4.52460  -84.75925     6287  73.6  2  0  7 21 0 0 1 1 1 0 0 1 0 0 1 1 0 1
2014   2 28  3  7  5 183702    0.52516  -72.08724     5980  86.3  2  0  6 14 0 0 1 1 0 0 0 1 0 1 1 1 0 0
2014   2 28  3  7  5 513496  -33.49017  -41.43906     6198  72.3  2  0  6 13 0 0 1 1 1 0 0 1 0 0 1 1 0 0
2014   2 28  3  7  5 822577  -21.19107  -52.10994     3936  32.0  1  0  5  8 0 0 1 0 1 0 0 0 0 1 1 0 0 1
2014   2 28  3  7  6  73392  -26.55901  -44.08291     3968  30.9  0  0  6 11 0 0 1 1 1 0 0 1 0 0 1 0 0 1
2014   2 28  3  7  6 366018  -26.58525  -44.06948     4751  31.8  1  0  5  8 0 0 1 1 1 0 0 1 0 0 1 0 0 0
2014   2 28  3  7  7 155246  -44.38086  -58.24261     5665  11.9  0  0  5  8 0 0 1 1 1 0 0 1 0 0 0 0 0 1
2014   2 28  3  7  7 186719  -26.56057  -44.23356     3293  44.6  0  0  7 20 0 0 1 1 1 0 0 1 0 1 1 0 0 1
2014   2 28  3  7  7 481515  -22.75088  -47.72104     3507  50.8  1  0  6 14 0 0 1 1 0 0 0 1 0 1 1 1 0 0
2014   2 28  3  7  7 670827  -24.61005  -45.65190     5604  71.9  2  0  5 10 0 0 0 1 1 0 0 1 0 0 1 0 0 1
2014   2 28  3  7  7 938291   33.91533  173.54541    17924  45.0  1  0  5  8 0 0 1 0 1 0 0 0 0 0 1 1 0 1
2014   2 28  3  7  9 253004  -26.69574  -44.23311     6978  50.7  2  0  5  8 0 0 1 1 0 0 0 1 0 0 1 0 0 1
2014   2 28  3  7  9 385939  -26.53125  -44.39184     5575  72.6  2  0  6 15 0 0 0 1 0 0 0 1 0 1 1 1 0 1
2014   2 28  3  7  9 397662  -19.68434 -143.39014    28765 117.8  2  0  6 15 0 0 1 1 1 0 0 1 0 0 1 1 0 0
2014   2 28  3  7  9 522249  -26.64678  -44.29190     4897  47.8  1  0  6 11 0 0 1 1 1 0 0 1 0 0 1 0 0 1
2014   2 28  3  7  9 635904  -26.60125  -44.34706     4175  51.1  1  0  6 12 0 0 1 1 1 0 0 0 0 1 1 0 0 1
2014   2 28  3  7 10  49285  -16.58297  -49.78481     4212  25.5  0  0  5 10 0 0 1 1 1 0 0 0 0 0 1 0 0 1
2014   2 28  3  7 10  59512  -15.85216  -50.51865     4006 107.6  2  0  7 21 0 0 0 1 1 0 0 1 0 1 1 1 0 1
2014   2 28  3  7 10 273903    6.66516  -75.80151    12793 109.6  2  0  6 14 0 0 0 1 1 0 0 1 0 0 1 1 0 1
2014   2 28  3  7 10 494961  -21.46024  -52.12820     3655  91.8  2  0  7 21 0 0 1 1 1 0 0 1 0 1 1 1 0 0
2014   2 28  3  7 10 711972  -21.51375  -51.91660     5075 141.9  2  0  7 20 0 0 1 1 1 0 0 1 0 0 1 1 0 1
2014   2 28  3  7 11 171895  -21.54000  -51.98306     4837  77.0  2  0  6 11 0 0 1 0 1 0 0 1 0 1 1 0 0 1
2014   2 28  3  7 11 328043  -26.39030  -44.50271     4708  69.0  2  0  6 12 0 0 1 1 0 0 0 1 0 1 0 1 0 1
2014   2 28  3  7 11 398650  -26.41251  -44.31567     4761  57.1  1  0  6 13 0 0 1 1 1 0 0 1 0 0 1 0 0 1
2014   2 28  3  7 11 488986  -26.34359  -44.51021     3832  67.5  1  0  7 21 0 0 1 1 1 0 0 1 0 1 1 0 0 1
2014   2 28  3  7 11 556559  -26.37911  -44.39166     3848  59.3  1  0  7 18 0 0 1 1 1 0 0 1 0 1 1 0 0 1
2014   2 28  3  7 11 853860  -26.17573  -44.60621     5336  34.5  1  0  5  7 0 0 0 1 1 0 0 1 0 0 1 0 0 1
2014   2 28  3  7 11 901050  -26.45431  -44.61480     9638  37.4  1  0  5  8 0 0 0 1 1 0 0 1 0 1 0 0 0 1
2014   2 28  3  7 13 170511  -13.60797  157.60843    12801  30.4  1  0  4  6 0 0 0 1 0 0 0 1 0 0 1 1 0 0
2014   2 28  3  7 13 409945  -26.71424  -43.76210     3774  23.8  0  0  5 10 0 0 1 1 0 0 0 1 0 0 1 0 0 1
2014   2 28  3  7 13 450157  -26.70993  -43.79749     2696  16.3  0  0  7 16 0 0 1 1 1 0 0 1 0 1 1 0 0 1
2014   2 28  3  7 13 561022  -26.70434  -43.81930     2557  15.1  0  0  7 21 0 0 1 1 1 0 0 1 0 1 1 0 0 1
2014   2 28  3  7 13 602422  -16.70372 -138.54926     9986  10.1  0  0  5  7 0 0 1 1 1 0 0 0 0 0 1 1 0 0
2014   2 28  3  7 14 313437  -11.89467  -57.28749     2713  27.5  0  0  7 21 0 0 1 1 1 0 0 1 0 0 1 1 0 1
2014   2 28  3  7 14 519241  -26.60277  -43.73690     2795   2.6  0  0  5  9 0 0 1 1 1 0 0 0 0 0 1 0 0 1
2014   2 28  3  7 15 428989  -17.39102   66.83119    14237   6.8  0  0  5  7 0 0 1 0 1 0 0 1 0 0 1 0 0 1
2014   2 28  3  7 15 862643  -26.70742  -43.83213     3470  17.5  0  0  5  9 0 0 1 1 1 0 0 1 0 0 1 0 0 0
2014   2 28  3  7 15 872791  -26.78499  -43.77988     4850  61.4  2  0  6 13 0 0 1 1 1 0 0 1 0 0 1 0 0 1
2014   2 28  3  7 16 609818   -5.66806  -42.72746     3579  46.2  0  0  7 21 0 0 0 1 1 0 0 1 0 1 1 1 0 1
2014   2 28  3  7 16 724887    4.91348  -72.50391     5658  34.0  1  0  5  9 0 0 0 1 1 0 0 1 0 0 1 1 0 0
2014   2 28  3  7 17 552546    6.34368  -75.15645    11697  37.8  1  0  5  8 0 0 0 0 1 0 0 1 0 0 1 1 0 1
2014   2 28  3  7 17 844902    6.40837  -75.23203     5983  43.6  1  0  6 15 0 0 0 1 1 0 0 1 0 0 1 1 0 1
2014   2 28  3  7 17 940522   -5.87642  -74.22773     5355  55.1  1  0  7 20 0 0 0 1 1 0 0 1 0 1 1 1 0 1
2014   2 28  3  7 17 971042    3.53294  -72.65753     5194  44.0  1  0  6 15 0 0 0 1 1 0 0 1 0 0 1 1 0 1
2014   2 28  3  7 18 118533   -4.22063  -63.70476     5144  44.0  1  0  5  8 0 0 0 1 1 0 0 1 0 0 1 1 0 0
2014   2 28  3  7 18 213065  -26.61547  -44.05263     3034  38.8  0  0  7 21 0 0 1 1 1 0 0 1 0 1 1 1 0 0
2014   2 28  3  7 18 274981  -26.60277  -43.97918     3068  24.9  0  0  6 13 0 0 1 1 1 0 0 0 0 1 1 0 0 1
2014   2 28  3  7 18 374825  -26.58653  -43.93248     4292  64.3  2  0  6 15 0 0 1 1 1 0 0 0 0 1 1 0 0 1
2014   2 28  3  7 18 481907   45.28256   49.87151    14692   6.5  0  0  5 10 0 0 1 0 1 0 0 0 0 0 1 1 0 1
2014   2 28  3  7 18 483559  -26.56814  -43.94093     5044  58.0  1  0  6 13 0 0 1 1 0 0 0 1 0 0 1 1 0 1
2014   2 28  3  7 18 763014  -20.04117  -48.28827     4544  70.0  2  0  6 14 0 0 1 1 1 0 0 0 0 1 1 0 0 1
2014   2 28  3  7 18 813605  -19.91538  -48.54138     4438  22.4  0  0  5  7 0 0 1 0 0 0 0 1 0 1 1 0 0 1
2014   2 28  3  7 18 837845  -23.74098  -46.87052     5520  62.4  2  0  5 10 0 0 1 1 1 0 0 1 0 0 1 0 0 0
2014   2 28  3  7 19 141044    5.03848  -73.18343     8086  38.2  1  0  5  9 0 0 0 1 1 0 0 1 0 0 0 1 0 1
2014   2 28  3  7 19 375729  -26.60330  -44.06289     3708  27.9  0  0  5  9 0 0 1 1 0 0 0 0 0 1 1 0 0 1
2014   2 28  3  7 19 437633  -26.70787  -43.91755     4969  22.4  0  0  5  7 0 0 1 1 1 0 0 1 0 0 1 0 0 0
2014   2 28  3  7 19 679454  -21.40257  -49.11463     3177   4.6  0  0  4  6 0 0 1 0 0 0 0 1 0 1 1 0 0 0
2014   2 28  3  7 20  78228    2.46392  -67.70029     5204  59.9  1  0  6 15 0 0 0 1 1 0 0 1 0 0 1 1 0 1
2014   2 28  3  7 20 384308   -4.78309  -53.46356     3738  59.2  1  0  6 15 0 0 0 1 1 0 0 1 0 0 1 1 0 1
2014   2 28  3  7 20 783734   -5.01064  -41.85994     5851  20.1  0  0  6 12 0 0 1 0 1 0 0 1 0 0 1 1 0 1
2014   2 28  3  7 20 866863   -2.20306  -71.82161     7160  95.0  2  0  7 18 0 0 1 1 1 0 0 1 0 1 1 1 0 0
2014   2 28  3  7 20 970459   -2.22850  -72.09708     6102  66.9  2  0  6 15 0 0 0 1 1 0 0 1 0 0 1 1 0 1
2014   2 28  3  7 22  47644  -20.53277  -46.87069     4817  66.1  2  0  5 10 0 0 0 1 1 0 0 1 0 0 1 0 0 1
2014   2 28  3  7 22 221422  -26.48837  -44.09414     3859  42.7  1  0  6 14 0 0 1 1 1 0 0 1 0 0 1 0 0 1
2014   2 28  3  7 22 245973  -26.38284  -44.15746     4726  26.0  0  0  5  7 0 0 0 1 1 0 0 1 0 0 1 0 0 1
2014   2 28  3  7 22 509909  -22.97748  -47.14072     3774  68.1  2  0  6 15 0 0 1 1 1 0 0 1 0 0 1 0 0 1
2014   2 28  3  7 22 780424  -23.65113  -46.88059     4405  77.4  2  0  6 15 0 0 1 1 1 0 0 1 0 0 1 0 0 1
2014   2 28  3  7 23 647265    6.55217  -75.84165    11000  90.7  2  0  6 14 0 0 0 1 1 0 0 1 0 0 1 1 0 1
2014   2 28  3  7 23 993323  -26.54387  -44.25518     3781  49.1  1  0  6 15 0 0 1 1 1 0 0 1 0 1 1 0 0 0
2014   2 28  3  7 24 258812  -26.44400  -44.15144     4181  53.5  1  0  6 15 0 0 1 1 1 0 0 1 0 0 1 0 0 1
2014   2 28  3  7 24 401453  -26.42848  -44.16400     4462  56.5  1  0  6 14 0 0 1 1 1 0 0 1 0 0 1 0 0 1
2014   2 28  3  7 24 677223  -26.40181  -44.40184     4061  52.2  1  0  6 13 0 0 1 1 1 0 0 0 0 1 1 0 0 1
2014   2 28  3  7 25 352453   -5.48530  -62.74229     7521  79.4  2  0  5 10 0 0 0 1 1 0 0 1 0 0 0 1 0 1
2014   2 28  3  7 25 995427  -26.63532  -44.32721     5128  52.8  1  0  6 11 0 0 1 1 1 0 0 1 0 0 1 0 0 1
2014   2 28  3  7 26 158209  -26.54769  -44.44048     3942  66.8  1  0  7 20 0 0 1 1 0 0 0 1 0 1 1 1 0 1
2014   2 28  3  7 26 395500  -26.81458  -44.03528     3524  29.6  0  0  6 13 0 0 1 1 1 0 0 1 0 0 1 0 0 1
2014   2 28  3  7 26 689536  -26.51449  -44.47810     3488  37.8  0  0  6 13 0 0 1 1 1 0 0 1 0 1 0 0 0 1
2014   2 28  3  7 26 986007  -26.42614  -44.23834     5414  58.4  2  0  5 10 0 0 1 1 1 0 0 1 0 0 1 0 0 0
2014   2 28  3  7 27 233528    4.10823  -73.02303    10089 127.2  2  0  7 20 0 0 0 1 1 0 0 1 0 1 1 1 0 1
2014   2 28  3  7 27 322713  -26.43345  -44.28067     5198  55.7  1  0  6 11 0 0 1 1 1 0 0 1 0 0 1 0 0 1
2014   2 28  3  7 27 403764  -26.42148  -44.38923     4878  41.6  1  0  5  8 0 0 1 1 1 0 0 1 0 0 0 0 0 1
2014   2 28  3  7 27 453250  -26.33354  -44.39603     4037  64.4  1  0  7 18 0 0 1 1 1 0 0 1 0 1 1 0 0 1
2014   2 28  3  7 27 478203  -26.43832  -44.23710     5028  50.5  1  0  6 11 0 0 1 1 1 0 0 1 0 0 1 0 0 1
2014   2 28  3  7 28 640166    5.64278  -83.32385     4194  34.3  0  0  7 21 0 0 1 1 1 0 0 1 0 0 1 1 0 1
2014   2 28  3  7 28 762801  -17.54089  -51.00535     2387  16.0  0  0  7 20 0 0 1 1 1 0 0 1 0 1 0 1 0 1
2014   2 28  3  7 29  71048  -21.61663  -52.02702     2568   4.8  0  0  5 10 0 0 0 1 1 0 0 1 0 0 1 0 0 1
2014   2 28  3  7 29 156730  -22.10984  -48.30790     3601  43.0  1  0  5 10 0 0 0 1 1 0 0 1 0 0 1 0 0 1
2014   2 28  3  7 29 183701    4.91363  -72.18511     3971  12.5  0  0  5  9 0 0 0 1 1 0 0 1 0 0 1 1 0 0
2014   2 28  3  7 30  98270  -23.20664 -139.67859    10387   2.7  0  0  4  6 0 0 1 1 0 0 0 0 0 0 1 1 0 0
2014   2 28  3  7 30 157532  -22.85355 -140.05142     5189  10.9  0  0  7 21 0 0 1 1 1 0 0 0 0 1 1 1 0 1
2014   2 28  3  7 30 176220  -22.85000 -140.56419     6644  20.0  0  0  7 21 0 0 1 1 1 0 0 1 0 0 1 1 0 1
2014   2 28  3  7 30 194792  -23.18364 -140.61057    14904  49.4  1  0  6 15 0 0 1 1 1 0 0 1 0 0 1 1 0 0
2014   2 28  3  7 30 443694  -22.80367 -140.73698     8051  20.9  0  0  6 15 0 0 1 1 1 0 0 1 0 0 1 1 0 0
2014   2 28  3  7 30 452074  -22.78044 -141.56613    21525  58.6  2  0  5  9 0 0 1 1 0 0 0 1 0 0 1 1 0 0
2014   2 28  3  7 30 494478  -26.76508  -43.73874     2933  14.6  0  0  6 13 0 0 1 1 1 0 0 1 0 0 1 0 0 1
2014   2 28  3  7 30 521716  -26.77960  -43.72449     3643  15.4  0  0  5  8 0 0 1 1 1 0 0 1 0 0 1 0 0 0
2014   2 28  3  7 30 738708   -5.28658  -74.21516     4757  20.6  0  0  5  9 0 0 0 1 1 0 0 1 0 0 1 1 0 0
2014   2 28  3  7 30 862307   -5.38188  -73.88902     4389  14.6  0  0  5 10 0 0 1 0 0 0 0 1 0 1 1 0 0 1
2014   2 28  3  7 32 125004   -5.61786  -42.74681     4043  22.5  0  0  5 10 0 0 0 1 1 0 0 1 0 0 1 0 0 1
2014   2 28  3  7 32 311387  -26.57916  -43.80566     4178  16.8  0  0  5  7 0 0 0 1 1 0 0 1 0 0 1 0 0 1
2014   2 28  3  7 32 410161  -26.56237  -43.82296     3739  15.4  0  0  5  8 0 0 0 1 1 0 0 1 0 0 1 0 0 1
2014   2 28  3  7 32 590076  -21.65257  -48.74071     3080  40.2  1  0  6 15 0 0 1 1 1 0 0 1 0 1 1 0 0 0
2014   2 28  3  7 32 626191  -21.70593  -48.66139     3724  28.7  0  0  5  7 0 0 1 1 1 0 0 1 0 0 0 0 0 1
2014   2 28  3  7 32 638106  -21.69912  -48.64374     2933  24.5  0  0  6 13 0 0 1 1 1 0 0 1 0 0 1 0 0 1
2014   2 28  3  7 33  27347  -24.72177  -45.42629     7010 118.9  2  0  6 14 0 0 0 1 1 0 0 1 0 1 1 1 0 0
2014   2 28  3  7 33 589962  -26.76478  -43.85170     3948  19.2  0  0  5  8 0 0 1 1 1 0 0 1 0 0 1 0 0 0
2014   2 28  3  7 33 771416  -11.94739  -57.48131     3036  46.9  0  0  7 21 0 0 1 1 1 0 0 0 0 1 1 1 1 0
2014   2 28  3  7 33 804711  -11.92873  -57.41788     3359  50.9  1  0  7 21 0 0 1 1 1 0 0 0 0 1 1 1 0 1
2014   2 28  3  7 33 824804  -11.98602  -57.54086     3259  44.4  0  0  7 21 0 0 0 1 1 0 0 1 0 1 1 1 0 1
2014   2 28  3  7 33 848070  -20.08884  -48.19185     3010  33.8  0  0  6 15 0 0 1 1 1 0 0 1 0 0 1 0 0 1
2014   2 28  3  7 33 854846  -11.98306  -57.55103     3118  43.2  0  0  7 21 0 0 0 1 1 0 0 0 0 1 1 1 1 1
2014   2 28  3  7 33 893966  -11.94074  -57.46871     3183  50.0  1  0  7 21 0 0 1 1 0 0 0 1 0 1 1 1 0 1
2014   2 28  3  7 33 974430    4.45330  151.37427    13039   6.2  0  0  4  6 0 0 1 1 0 0 0 0 0 0 1 1 0 0
2014   2 28  3  7 33 978800  -26.62314  -43.97668     3480  42.2  0  0  7 17 0 0 1 1 1 0 0 1 0 0 1 1 0 1
2014   2 28  3  7 34 217529  -26.76664  -43.78374     3819  10.1  0  0  4  6 0 0 1 1 0 0 0 1 0 0 1 0 0 0
2014   2 28  3  7 34 480500  -26.67812  -44.00875     3909  20.4  0  0  5  7 0 0 1 1 1 0 0 1 0 0 0 0 0 1
2014   2 28  3  7 34 496724  -26.69538  -43.91469     4359  24.9  0  0  5  8 0 0 1 1 1 0 0 1 0 0 1 0 0 0
2014   2 28  3  7 34 509603  -16.55289  -56.13201     2861   4.9  0  0  4  6 0 0 1 1 0 0 0 0 0 0 1 1 0 0
2014   2 28  3  7 34 720775  -26.64018  -44.00555     3057  30.3  0  0  7 17 0 0 1 1 1 0 0 1 0 1 1 0 0 1
2014   2 28  3  7 34 956505  -12.03730  -57.26194     3734  53.7  1  0  7 21 0 0 1 1 1 0 0 1 0 1 1 0 0 1
2014   2 28  3  7 36  49014  -26.73373  -44.10902     3163  35.8  0  0  7 20 0 0 1 1 1 0 0 1 0 1 1 0 0 1
2014   2 28  3  7 36  78367  -26.76064  -44.04347     3937  39.0  0  0  6 13 0 0 1 1 1 0 0 1 0 0 1 0 0 1
2014   2 28  3  7 36 251647  -24.83908 -136.62326    18336  87.6  2  0  7 21 0 0 1 1 1 0 0 1 0 0 1 1 0 1
2014   2 28  3  7 36 533930  -26.77608  -44.06959     3221  39.3  0  0  7 19 0 0 1 1 1 0 0 1 0 1 1 0 0 1
2014   2 28  3  7 36 605271  -26.58313  -43.88264     5344  41.1  1  0  5  9 0 0 1 1 0 0 0 1 0 0 1 0 0 1
2014   2 28  3  7 36 922272    9.48741  -75.09444     8962  68.0  2  0  6 15 0 0 0 1 1 0 0 1 0 0 1 1 0 1
2014   2 28  3  7 36 954627  -21.97636  -49.21312     3457  77.3  2  0  7 19 0 0 1 1 1 0 0 1 0 1 1 0 0 1
2014   2 28  3  7 37  48996  -21.85344  -49.40441     3256  59.9  1  0  7 21 0 0 1 1 1 0 0 1 0 1 1 1 0 0
2014   2 28  3  7 37  97403  -21.79961  -49.47515     3100  46.5  0  0  7 17 0 0 1 1 0 0 0 1 0 1 1 1 0 1
2014   2 28  3  7 37 235233  -21.99072  -49.20054     5678  40.9  1  0  5  7 0 0 1 1 1 0 0 1 0 0 1 0 0 0
2014   2 28  3  7 37 606918  -32.20325  -43.31496     5004  33.8  0  0  6 14 0 0 1 0 1 0 0 1 0 1 0 1 0 1
2014   2 28  3  7 37 646348  -32.31727  -42.79975     7041  78.6  2  0  6 14 0 0 1 0 0 0 0 1 0 1 1 1 0 1
2014   2 28  3  7 37 681018  -31.58194  -43.49003     6919  37.9  1  0  5 10 0 0 0 1 1 0 0 1 0 0 1 0 0 1
2014   2 28  3  7 38  22801  -14.67559  178.76344    11211  11.1  0  0  4  6 0 0 1 0 0 0 0 1 0 0 1 1 0 0
2014   2 28  3  7 38  31423  -32.34075  -42.95401     7304  66.5  2  0  5  9 0 0 1 1 1 0 0 1 0 0 1 0 0 0
2014   2 28  3  7 38 102230    0.57323  -73.00111     6852  72.8  2  0  6 15 0 0 0 1 1 0 0 1 0 0 1 1 0 1
2014   2 28  3  7 38 108346  -14.72318  178.70166    16960  68.1  2  0  6 15 0 0 1 1 1 0 0 1 0 0 1 1 0 0
2014   2 28  3  7 38 186287   17.92698  147.15573     5018  13.2  0  0  5 10 0 0 1 0 1 0 0 1 0 0 1 0 0 1
2014   2 28  3  7 38 675937  -15.90291  -50.21113     4197  69.0  2  0  6 15 0 0 1 1 1 0 0 1 0 0 1 0 0 1
2014   2 28  3  7 38 707045  -15.87928  -50.26863     5091  68.7  2  0  5 10 0 0 1 1 1 0 0 1 0 0 1 0 0 0
2014   2 28  3  7 39  30855  -15.91666  -50.19783     5682  75.5  2  0  5 10 0 0 0 1 1 0 0 1 0 0 1 0 0 1
2014   2 28  3  7 39  40064    2.27737  -67.84851     6237  79.6  2  0  6 15 0 0 0 1 1 0 0 1 0 0 1 1 0 1
2014   2 28  3  7 39  95543    2.37172  -68.10602     7695  90.6  2  0  6 14 0 0 0 1 0 0 0 1 0 1 1 1 0 1
2014   2 28  3  7 39 166021  -26.49428  -44.21692     5285  59.1  1  0  6 12 0 0 1 1 1 0 0 1 0 0 1 0 0 1
2014   2 28  3  7 39 175394  -26.59769  -44.18747     4164  76.1  2  0  7 21 0 0 1 1 1 0 0 1 0 1 1 0 0 1
2014   2 28  3  7 39 410205  -20.54275  -46.87899     5123  73.8  2  0  5 10 0 0 0 1 1 0 0 1 0 0 1 0 0 1
2014   2 28  3  7 39 910422  -27.39141 -137.19691    22798 109.0  2  0  7 21 0 0 1 1 1 0 0 1 0 0 1 1 0 1
2014   2 28  3  7 39 926687  -27.47586 -137.27950    19633  44.7  1  0  5  8 0 0 1 1 0 0 0 1 0 0 1 1 0 0
2014   2 28  3  7 39 935877  -27.26113 -137.79768    24591  94.2  2  0  6 15 0 0 1 1 0 0 0 1 0 0 1 1 0 1
2014   2 28  3  7 39 978767  -27.64170 -136.56966    24135  95.4  2  0  6 15 0 0 1 1 1 0 0 1 0 0 1 1 0 0
2014   2 28  3  7 40  65711  -10.90273  167.04604    12358  20.4  1  0  4  6 0 0 0 1 0 0 0 1 0 0 1 1 0 0
2014   2 28  3  7 40 213048  -10.96624  167.44048    10078  26.6  0  0  5 10 0 0 1 1 0 0 0 1 0 0 1 1 0 0
2014   2 28  3  7 40 446836  -27.37379 -137.66429    19228  43.0  1  0  5  8 0 0 1 1 0 0 0 1 0 0 1 1 0 0
2014   2 28  3  7 40 465215  -10.90290  167.23558     9872  26.4  0  0  5 10 0 0 1 1 0 0 0 1 0 0 1 1 0 0
2014   2 28  3  7 40 551254  -26.41099  -44.33804     5593  46.9  1  0  5  8 0 0 0 1 1 0 0 1 0 0 1 0 0 1
2014   2 28  3  7 41 254159    5.49654  -76.69950    11013  98.9  2  0  6 15 0 0 0 1 1 0 0 1 0 0 1 1 0 1
2014   2 28  3  7 41 686762  -13.68501  -74.44013     6166 131.5  2  0  7 21 0 0 1 1 0 0 0 1 0 1 1 1 0 1
2014   2 28  3  7 42 290854  -26.55528  -44.33050     5386  66.5  2  0  5  8 0 0 1 1 1 0 0 0 0 1 1 0 0 0
2014   2 28  3  7 42 322678   -2.19793  -72.23756    13961 116.8  2  0  6 11 0 0 1 1 1 0 0 0 0 0 1 1 0 1
2014   2 28  3  7 42 543099  -10.26887  -64.25331     4503  22.5  0  0  5 10 0 0 0 0 1 0 0 0 0 1 1 1 0 1
2014   2 28  3  7 42 619561   -7.68545  -66.27515    20386  42.4  1  0  5 10 0 0 0 1 1 0 0 0 0 1 1 0 0 1
2014   2 28  3  7 43 126788    3.43169  -84.63853     8291 115.7  2  0  7 19 0 0 1 1 1 0 0 1 0 0 1 1 0 1
2014   2 28  3  7 43 312601   -5.45955  -53.92974     5034 110.1  2  0  7 20 0 0 1 0 1 0 0 1 0 1 1 1 0 1
2014   2 28  3  7 43 589245    6.46167  -74.47466     8604 125.0  2  0  7 21 0 0 1 0 1 0 0 1 0 1 1 1 0 1
2014   2 28  3  7 43 612593    6.70635  -76.11582    11739 126.6  2  0  7 21 0 0 0 1 1 0 0 1 0 1 1 1 0 1
2014   2 28  3  7 43 880868  -26.41669  -44.36868     4422  68.6  2  0  6 15 0 0 1 1 1 0 0 1 0 1 1 0 0 0
2014   2 28  3  7 44  36269  -26.70724  -43.63577     3585  11.2  0  0  5  7 0 0 1 1 1 0 0 1 0 0 1 0 0 0
2014   2 28  3  7 44  67034  -26.69139  -43.64685     2688   8.1  0  0  6 13 0 0 1 1 1 0 0 1 0 0 1 0 0 1
2014   2 28  3  7 44 754744  -27.00104  -43.75807     4147   4.5  0  0  5 10 0 0 0 1 1 0 0 1 0 1 0 0 0 1
2014   2 28  3  7 44 920619  -25.06168 -139.14233    28663  35.7  1  0  5  9 0 0 0 1 1 0 0 1 0 0 1 1 0 0
2014   2 28  3  7 45 217432  -22.93376  -47.27915     3241  11.1  0  0  5  8 0 0 1 1 0 0 0 1 0 0 1 0 0 1
2014   2 28  3  7 45 226189  -22.93557  -47.27506     2436  11.2  0  0  6 15 0 0 1 1 1 0 0 1 0 0 1 0 0 1
2014   2 28  3  7 45 252411  -22.93353  -47.27740     2612   8.8  0  0  5  9 0 0 0 1 1 0 0 1 0 0 1 0 0 1
2014   2 28  3  7 45 556108    7.90621  -73.80343     3570  12.3  0  0  6 15 0 0 0 1 1 0 0 1 0 0 1 1 0 1
2014   2 28  3  7 46 183027    3.45524  -13.54086     7354  24.7  0  0  6 15 0 0 1 1 1 0 0 1 0 0 1 1 0 0
2014   2 28  3  7 46 274867    3.46362  -13.38390    10128  23.1  0  0  6 11 0 0 1 1 1 0 0 1 0 0 1 1 0 0
2014   2 28  3  7 46 370228    7.91635  -73.94478     4020  18.8  0  0  6 15 0 0 0 1 1 0 0 1 0 0 1 1 0 1
2014   2 28  3  7 46 672583    5.59642  -77.03962     4161  19.4  0  0  6 15 0 0 0 1 1 0 0 1 0 0 1 1 0 1
2014   2 28  3  7 46 762006    7.59913  -73.90331     4253  22.4  0  0  6 15 0 0 0 1 1 0 0 1 0 0 1 1 0 1
2014   2 28  3  7 47 657975  -26.68662  -44.01410     3229   5.8  0  0  5  8 0 0 0 1 1 0 0 0 0 1 1 0 0 1
2014   2 28  3  7 47 725490  -26.59392  -43.92312     3878  18.0  0  0  5  8 0 0 0 1 1 0 0 1 0 0 1 0 0 1
2014   2 28  3  7 47 854571  -26.70720  -43.90545     2762  19.8  0  0  7 17 0 0 1 1 1 0 0 1 0 1 1 0 0 1
2014   2 28  3  7 47 889025  -26.72065  -43.86975     2951  19.9  0  0  6 15 0 0 1 1 1 0 0 1 0 0 1 0 0 1
2014   2 28  3  7 48 461318  -19.93329  -48.45143     3529  33.6  1  0  5 10 0 0 1 1 0 0 0 1 0 0 1 1 0 0
2014   2 28  3  7 48 902922  -22.95978  -48.76864     4472  41.3  1  0  6 11 0 0 1 0 0 0 0 1 0 1 1 1 0 1
2014   2 28  3  7 49 216313  -23.72893  -45.57775     4061  42.2  1  0  5 10 0 0 1 1 1 0 0 0 0 0 1 0 0 1
2014   2 28  3  7 49 309537   -4.62332  -75.14219     5868  43.9  1  0  5 10 0 0 0 1 1 0 0 1 0 0 1 1 0 0
2014   2 28  3  7 49 322154   -4.61752  -75.14702     5941  44.8  1  0  5 10 0 0 0 1 1 0 0 1 0 0 1 1 0 0
2014   2 28  3  7 49 592953  -22.38670  -47.85290     3294   0.6  0  0  4  6 0 0 1 1 0 0 0 0 0 0 1 0 0 1
2014   2 28  3  7 51 784616    7.44314  149.88939    16510  69.4  2  0  5 10 0 0 1 0 1 0 0 1 0 0 1 1 0 0
2014   2 28  3  7 51 961174    8.06141  -74.27864     7804  63.4  2  0  6 15 0 0 0 1 1 0 0 1 0 0 1 1 0 1
2014   2 28  3  7 52   6771    7.04016  -79.03036     8414  70.7  2  0  7 21 0 0 0 1 1 0 0 1 0 1 1 1 0 1
2014   2 28  3  7 52 548761  -19.72671 -142.92137    16621  32.9  1  0  5  8 0 0 1 1 0 0 0 1 0 0 1 1 0 0
2014   2 28  3  7 52 996093  -46.38054  -50.75119     7468   8.8  0  0  4  6 0 0 1 1 1 0 0 1 0 0 0 0 0 0
2014   2 28  3  7 53  13709  -26.87110  -43.91414     5558 116.2  2  0  7 21 0 0 1 1 1 0 0 1 0 0 1 1 0 1
2014   2 28  3  7 53  83019  -26.71378  -44.14574     4745  42.0  1  0  5  9 0 0 1 1 1 0 0 0 0 0 1 0 0 1
2014   2 28  3  7 53 591293  -10.65526    2.44140    51955  53.4  2  0  5 10 0 0 1 1 1 0 0 0 0 0 1 0 0 1
2014   2 28  3  7 53 645793  -10.69044    2.37125    52482  54.0  2  0  5 10 0 0 1 1 1 0 0 0 0 0 1 0 0 1
2014   2 28  3  7 54 311012    0.53569  -72.88988     8103  58.2  2  0  5 10 0 0 0 0 1 0 0 1 0 0 1 1 0 1
2014   2 28  3  7 54 502852  -11.89754  -57.73666     5951  92.9  2  0  6 13 0 0 0 1 1 0 0 1 0 0 1 1 0 1
2014   2 28  3  7 54 637391  -19.61072 -138.74725    18663  53.0  2  0  5  9 0 0 1 1 0 0 0 1 0 0 1 1 0 0
2014   2 28  3  7 54 710581  -19.55633  -49.22322     3190   0.9  0  0  4  6 0 0 1 0 0 0 0 1 0 1 1 0 0 0
2014   2 28  3  7 54 801219  -11.96142  -57.68682     4239  85.0  2  0  7 21 0 0 1 0 1 0 0 1 0 1 1 1 0 1
2014   2 28  3  7 54 842637   -4.77768  -74.52536     6303  88.4  2  0  6 15 0 0 1 0 0 0 0 1 0 1 1 1 0 1
2014   2 28  3  7 54 960671  -12.06369  -57.42290     4745  30.9  1  0  5  8 0 0 1 0 1 0 0 1 0 0 1 0 0 1
2014   2 28  3  7 54 986490  -26.55313  -44.19154     5456  48.5  1  0  5  8 0 0 1 1 1 0 0 0 0 0 1 0 0 1
2014   2 28  3  7 55 625500  -11.41392  167.93327    23150  83.9  2  0  6 11 0 0 1 1 0 0 0 1 0 0 1 1 0 1
2014   2 28  3  7 55 834728  -12.84623  159.31430    14270  75.9  2  0  6 15 0 0 1 1 0 0 0 1 0 0 1 1 0 1
2014   2 28  3  7 56 332408  -26.52164  -44.15509     5255  76.9  2  0  7 20 0 0 1 0 1 0 0 1 0 1 1 1 0 1
2014   2 28  3  7 56 484758  -26.66262  -44.18652     5293  79.9  2  0  6 14 0 0 1 1 1 0 0 1 0 1 1 0 0 0
2014   2 28  3  7 56 816267   -7.41251   -9.07096    17301  63.3  2  0  6 15 0 0 1 1 1 0 0 0 0 0 1 0 1 1
2014   2 28  3  7 57 205148  -26.51286  -44.17752     7589  58.3  2  0  5  8 0 0 1 1 0 0 0 1 0 0 1 0 0 1
2014   2 28  3  7 57 216423  -26.44712  -44.22771     4744  62.7  2  0  6 14 0 0 1 1 1 0 0 1 0 0 1 0 0 1
2014   2 28  3  7 57 482630  -26.44654  -44.26281     5899  63.1  2  0  5  9 0 0 1 1 1 0 0 0 0 0 1 0 0 1
2014   2 28  3  7 57 988286   -5.47292  -42.96075     6804 127.4  2  0  7 21 0 0 1 1 1 0 0 1 0 0 1 1 0 1
2014   2 28  3  7 58 154150  -19.05292  -45.73619     4330  34.3  1  0  5 10 0 0 1 0 1 0 0 0 0 0 1 1 0 1
2014   2 28  3  7 59 979596  -23.05814  -47.09764     4801 108.2  2  0  6 15 0 0 1 1 1 0 0 1 0 0 1 0 0 1
2014   2 28  3  8  1 435127  -26.83411  -43.80321     3012   6.7  0  0  5  8 0 0 1 1 1 0 0 0 0 0 1 0 0 1
2014   2 28  3  8  1 524306  -20.49720  -46.95076     2942  20.0  0  0  5  9 0 0 0 1 1 0 0 0 0 1 1 1 0 0
2014   2 28  3  8  1 605796    6.34429  -75.11556     3177  11.3  0  0  7 21 0 0 0 1 1 0 0 1 0 1 1 1 0 1
2014   2 28  3  8  1 654435  -20.50585  -46.90593     2531  23.1  0  0  7 21 0 0 1 0 1 0 0 1 0 1 1 1 0 1
2014   2 28  3  8  1 729977  -26.83490  -43.84487     2664   9.7  0  0  6 13 0 0 1 1 1 0 0 1 0 1 0 0 0 1
2014   2 28  3  8  2  78449    6.31066  -74.57243     5022  43.9  1  0  6 15 0 0 1 0 1 0 0 1 0 1 0 1 0 1
2014   2 28  3  8  2 131757  -26.63989  -43.73534     2861  13.8  0  0  6 13 0 0 1 1 1 0 0 1 0 0 1 0 0 1
2014   2 28  3  8  2 179742  -26.64723  -43.73216     2938  13.6  0  0  6 12 0 0 1 1 1 0 0 1 0 0 1 0 0 1
2014   2 28  3  8  2 320164    6.40720  -75.48937     4953  35.9  0  0  6 13 0 0 1 1 1 0 0 1 0 0 1 1 0 0
2014   2 28  3  8  2 346540  -26.75054  -43.78131     2738  10.5  0  0  6 14 0 0 1 1 1 0 0 1 0 0 1 0 0 1
2014   2 28  3  8  2 427315  -26.73445  -43.81432     3100  17.4  0  0  6 12 0 0 1 1 1 0 0 1 0 0 1 0 0 1
2014   2 28  3  8  3 839193  -26.84151  -43.89631     2978  15.9  0  0  6 13 0 0 1 1 1 0 0 1 0 0 1 0 0 1
2014   2 28  3  8  3 913996  -25.41535  -45.08326     3665  25.8  0  0  5  9 0 0 0 1 1 0 0 1 0 0 1 0 0 1
2014   2 28  3  8  3 936583  -26.77290  -44.03010     4164  48.0  1  0  6 15 0 0 1 1 1 0 0 1 0 0 1 0 0 1
2014   2 28  3  8  4 129724    3.70896  -72.55920     5330  32.2  1  0  5  8 0 0 0 1 1 0 0 1 0 0 1 1 0 0
2014   2 28  3  8  4 243320  -16.51510 -140.35968    13409  63.9  1  0  7 21 0 0 1 1 1 0 0 1 0 0 1 1 0 1
2014   2 28  3  8  4 444264  -12.54876  -70.81339     4664  45.2  1  0  5 10 0 0 1 1 1 0 0 0 0 0 1 1 0 0
2014   2 28  3  8  5  47145   -4.45925  -70.75702     4427  18.0  0  0  4  6 0 0 0 1 0 0 0 1 0 0 1 1 0 0
2014   2 28  3  8  5 424931  -26.59959  -43.87626     3235  23.0  0  0  6 13 0 0 1 1 1 0 0 1 0 0 1 0 0 1
2014   2 28  3  8  6 885058  -26.40465  -44.26707     5165  32.8  1  0  5  7 0 0 0 1 0 0 0 1 0 1 1 0 0 1
2014   2 28  3  8  7 355003  -26.54090  -44.11187     4165  22.4  0  0  5  8 0 0 0 1 1 0 0 1 0 0 1 0 0 1
2014   2 28  3  8  7 365557  -26.55517  -44.08909     3516  13.2  0  0  5  8 0 0 0 1 1 0 0 1 0 0 1 0 0 1
2014   2 28  3  8  7 373847  -26.66805  -44.02299     3683  32.5  0  0  6 13 0 0 1 1 1 0 0 1 0 0 1 0 0 1
2014   2 28  3  8  7 393264  -26.70309  -43.98729     4312  30.8  1  0  5  9 0 0 1 1 1 0 0 1 0 0 1 0 0 0
2014   2 28  3  8  7 408358  -23.66904  -46.07590     5329  59.0  2  0  5 10 0 0 1 1 0 0 0 1 0 0 1 0 0 1
2014   2 28  3  8  7 416107  -23.59990  -46.20818     4124  64.6  2  0  6 15 0 0 1 1 1 0 0 1 0 0 1 0 0 1
2014   2 28  3  8  8 678614  -15.83251  -50.29914     3852  57.8  1  0  6 15 0 0 1 1 1 0 0 1 0 0 1 0 0 1
2014   2 28  3  8  9  57141  -26.80787  -43.85556     5346  33.0  1  0  5  8 0 0 1 1 0 0 0 1 0 0 1 0 0 1
2014   2 28  3  8  9 269548  -26.61318  -44.09372     3922  40.0  0  0  6 13 0 0 1 1 1 0 0 1 0 0 1 0 0 1
2014   2 28  3  8  9 332421  -11.13692  167.56052    15123  30.7  1  0  4  6 0 0 1 0 0 0 0 1 0 0 1 1 0 0
2014   2 28  3  8  9 401512  -26.57175  -44.19939     3536  48.6  0  0  7 18 0 0 1 1 1 0 0 1 0 1 1 0 0 1
2014   2 28  3  8  9 741469  -26.62777  -44.12843     4301  37.9  0  0  6 11 0 0 1 1 1 0 0 1 0 0 1 0 0 1
2014   2 28  3  8  9 756464  -26.58403  -44.22356     5108  55.7  2  0  5 10 0 0 1 1 0 0 0 1 0 1 1 0 0 0
2014   2 28  3  8  9 858755  -26.56941  -44.22814     4909  54.9  2  0  5  8 0 0 1 1 1 0 0 0 0 1 1 0 0 0
2014   2 28  3  8  9 897316  -26.72455  -44.07935     4577  81.8  2  0  7 21 0 0 1 1 1 0 0 1 0 1 1 0 0 1
2014   2 28  3  8 10  15303  -26.39597  -44.41742     4939  72.8  2  0  7 17 0 0 0 1 1 0 0 1 0 1 1 1 0 1
2014   2 28  3  8 10 171928  -26.66785  -44.07493     7014  43.2  1  0  5  7 0 0 1 1 0 0 0 1 0 0 1 0 0 1
2014   2 28  3  8 10 664655  -26.69809  -44.25158     4352  59.5  1  0  6 15 0 0 1 1 0 0 0 1 0 1 1 0 0 1
2014   2 28  3  8 11 343814  -30.75525 -123.55364    16577  70.0  2  0  6 15 0 0 1 1 1 0 0 0 0 0 1 1 0 1
2014   2 28  3  8 11 427886  -32.68862  -43.16168     3800  46.5  0  0  7 21 0 0 1 1 1 0 0 1 0 1 0 1 0 1
2014   2 28  3  8 11 467426  -25.38894 -136.87003    26231 141.6  2  0  7 21 0 0 1 1 1 0 0 1 0 1 1 1 0 0
2014   2 28  3  8 11 962891  -23.42603  -47.18905     3851  18.2  0  0  4  6 0 0 1 1 0 0 0 1 0 0 1 0 0 0
2014   2 28  3  8 12 420893  -10.53161  -28.66465    62530  56.1  2  0  5 10 0 0 1 1 1 0 0 0 0 0 1 0 0 1
2014   2 28  3  8 12 501896  -20.54362  -46.88643     4380  80.6  2  0  6 15 0 0 1 1 1 0 0 1 0 0 1 0 0 1
2014   2 28  3  8 12 770643  -13.01942  157.62642     8489  25.1  0  0  5 10 0 0 1 1 0 0 0 1 0 0 1 1 0 0
2014   2 28  3  8 12 830192  -13.05655  157.70656    10385  26.7  0  0  5  9 0 0 1 1 0 0 0 1 0 0 1 1 0 0
2014   2 28  3  8 12 890551  -13.03881  157.63733     8429  24.9  0  0  5 10 0 0 1 1 0 0 0 1 0 0 1 1 0 0
2014   2 28  3  8 13 262243  -12.98540  157.60570     8816  27.1  0  0  5 10 0 0 1 1 0 0 0 1 0 0 1 1 0 0
2014   2 28  3  8 13 473943  -26.52737  -44.16737     5434  49.7  1  0  5  9 0 0 1 1 1 0 0 1 0 0 1 0 0 0
2014   2 28  3  8 13 512895  -26.55192  -44.11896     8713  59.2  2  0  5  7 0 0 1 1 0 0 0 1 0 0 1 0 0 1
2014   2 28  3  8 13 803106  -26.44001  -44.23425     4766  67.6  2  0  6 15 0 0 1 1 1 0 0 1 0 0 1 0 0 1
2014   2 28  3  8 13 805365  -30.93810 -105.71314    28080  17.2  0  0  5 10 0 0 0 0 1 0 0 1 0 1 1 0 0 1
2014   2 28  3  8 13 836067  -26.25319  -44.37815     4919  29.9  0  0  5  7 0 0 0 1 1 0 0 1 0 0 1 0 0 1
2014   2 28  3  8 14  50534  -26.49302  -44.19489     5807  60.4  2  0  5  9 0 0 1 1 1 0 0 1 0 0 1 0 0 0
2014   2 28  3  8 14 847519  -26.52778  -44.41697     5312  78.8  2  0  6 15 0 0 1 1 0 0 0 1 0 1 1 0 0 1
2014   2 28  3  8 14 994281  -26.35868  -44.48628     4952  87.7  2  0  7 17 0 0 1 1 1 0 0 0 0 1 1 1 0 1
2014   2 28  3  8 15 958786  -22.93697  -47.51231     4955 165.4  2  0  7 21 0 0 1 1 1 0 0 1 0 1 0 1 0 1
2014   2 28  3  8 15 986638  -23.10001  -47.11405     4738 106.1  2  0  6 15 0 0 1 1 1 0 0 1 0 0 1 0 0 1
2014   2 28  3  8 15 999774  -22.97422  -47.03533     3262  18.4  0  0  5  7 0 0 1 0 1 0 0 1 0 0 1 0 0 1
2014   2 28  3  8 16   7844  -22.90942  -47.29023     2377   6.7  0  0  6 15 0 0 1 1 1 0 0 1 0 0 1 0 0 1
2014   2 28  3  8 16 112403  -22.90864  -47.29073     2331   6.3  0  0  6 15 0 0 1 1 1 0 0 1 0 1 0 0 0 1
2014   2 28  3  8 16 258886  -22.94232  -47.31424     2548   5.4  0  0  5 10 0 0 1 1 1 0 0 1 0 0 1 0 0 0
2014   2 28  3  8 16 274554  -22.67067  -47.79037     3166   3.6  0  0  4  6 0 0 1 1 0 0 0 1 0 0 1 0 0 0
2014   2 28  3  8 16 281912  -22.65336  -47.81615     2302   5.7  0  0  7 16 0 0 1 1 1 0 0 1 0 1 1 0 0 1
2014   2 28  3  8 16 313427  -22.13576  -48.46856     2384  16.2  0  0  7 19 0 0 0 1 1 0 0 1 0 1 1 1 0 1
2014   2 28  3  8 16 356906  -21.71783  -48.86805     3075   2.0  0  0  4  6 0 0 1 1 0 0 0 1 0 0 1 0 0 0
2014   2 28  3  8 16 657516  -20.18245   49.27460    22113  10.4  0  0  4  6 0 0 1 1 0 0 0 0 0 0 1 0 0 1
2014   2 28  3  8 16 798806  -21.69065  -48.87350     2814  18.3  0  0  5 10 0 0 1 1 0 0 0 1 0 1 0 1 0 0
2014   2 28  3  8 16 807890  -26.75898  -43.71648     2505  12.9  0  0  7 21 0 0 1 1 1 0 0 1 0 1 1 0 0 1
2014   2 28  3  8 16 995286  -33.32344  -41.27952     3745  11.6  0  0  5 10 0 0 1 0 1 0 0 1 0 0 1 0 0 1
2014   2 28  3  8 17 123756  -33.30751  -41.23639     3343   6.6  0  0  5  8 0 0 1 1 1 0 0 0 0 0 1 0 0 1
2014   2 28  3  8 17 200322  -26.85651  -43.75930     2841   9.0  0  0  6 11 0 0 1 1 1 0 0 1 0 0 1 0 0 1
2014   2 28  3  8 17 235800  -26.65980  -43.66699     2750  12.1  0  0  6 14 0 0 1 1 1 0 0 1 0 0 1 0 0 1
2014   2 28  3  8 17 396716  -11.94132  -57.34716     2387   9.2  0  0  7 21 0 0 0 1 1 0 0 1 0 1 1 1 0 1
2014   2 28  3  8 17 515205  -11.93187  -57.38823     3165   6.5  0  0  4  6 0 0 0 0 0 0 0 1 0 0 1 1 0 1
2014   2 28  3  8 17 645316  -26.86999  -43.75154     3241  31.5  0  0  7 21 0 0 0 1 1 0 0 1 0 1 1 1 0 1
2014   2 28  3  8 17 688369  -11.93029  -57.30730     3130  10.7  0  0  5 10 0 0 0 1 1 0 0 1 0 0 1 0 0 1
2014   2 28  3  8 17 700423  -26.84831  -43.78476     3165   5.1  0  0  5  7 0 0 1 1 1 0 0 0 0 0 1 0 0 1
2014   2 28  3  8 17 864468  -21.78523  -51.70877     2865  41.8  0  0  7 19 0 0 1 1 1 0 0 1 0 1 1 0 0 1
2014   2 28  3  8 19  94409   -5.60285  -53.74507     2961  17.4  0  0  5 10 0 0 0 0 1 0 0 1 0 0 1 1 0 1
2014   2 28  3  8 19 249758  -21.94475  -49.12954     2842  19.1  0  0  6 11 0 0 1 1 1 0 0 1 0 0 1 0 0 1
2014   2 28  3  8 19 728971  -26.61433  -43.78831     3754  12.5  0  0  5  7 0 0 1 1 1 0 0 0 0 0 1 0 0 1
2014   2 28  3  8 19 938133  -19.07538 -172.68867     9753  32.8  0  0  7 21 0 0 1 1 1 0 0 1 0 1 0 1 0 1
2014   2 28  3  8 20  30733    0.55824  -71.79324    11526  27.0  0  0  5 10 0 0 0 1 1 0 0 1 0 0 1 0 0 1
2014   2 28  3  8 20 467655  -26.83332  -43.92564     3337  18.4  0  0  5 10 0 0 1 1 1 0 0 1 0 0 1 0 0 0
2014   2 28  3  8 20 680181  -26.93570 -135.58585    14763  51.7  1  0  6 15 0 0 1 1 1 0 0 1 0 0 1 1 0 0
2014   2 28  3  8 21 287278   -5.53079  -54.12628     5204  39.7  1  0  5  9 0 0 1 1 1 0 0 1 0 0 0 0 0 1
2014   2 28  3  8 21 561491   -2.27799  -71.91430     4332  27.9  0  0  5 10 0 0 0 1 0 0 0 1 0 0 1 1 0 1
2014   2 28  3  8 21 788778   -2.28984  -71.94315     5090  39.4  1  0  5 10 0 0 0 1 1 0 0 1 0 0 1 1 0 0
2014   2 28  3  8 21 885302  -22.86271  -47.26221     2974  35.4  0  0  6 15 0 0 1 1 1 0 0 1 0 0 1 0 0 1
2014   2 28  3  8 22 387940  -26.57494  -44.12761     3380  24.1  0  0  5 10 0 0 1 1 1 0 0 1 0 0 0 0 0 1
2014   2 28  3  8 22 397982  -26.58660  -44.10152     3393  15.4  0  0  5  8 0 0 1 1 1 0 0 1 0 0 0 0 0 1
2014   2 28  3  8 22 681801  -26.62779  -43.87678     4046  22.0  0  0  5  8 0 0 1 1 1 0 0 1 0 0 1 0 0 0
2014   2 28  3  8 22 799860  -26.53752  -43.95554     3305  41.3  0  0  7 18 0 0 1 1 0 0 0 1 0 1 1 1 0 1
2014   2 28  3  8 22 893461  -26.57790  -43.92886     3205  26.7  0  0  6 14 0 0 1 1 1 0 0 1 0 1 1 0 0 0
2014   2 28  3  8 22 937490   -1.97717  -64.79189     5552  26.4  0  0  6 11 0 0 0 1 1 0 0 1 0 1 0 1 0 1
2014   2 28  3  8 23  99959  -22.82007  -46.34305     3674  60.5  2  0  6 15 0 0 1 1 0 0 0 1 0 1 1 0 0 1
2014   2 28  3  8 23 123176  -22.93192  -46.24639     4180  50.8  2  0  5 10 0 0 0 1 1 0 0 1 0 0 1 0 0 1
2014   2 28  3  8 23 195504    2.26687  -67.42664     4378  47.2  0  0  7 19 0 0 1 0 1 0 0 1 0 1 1 1 0 1
2014   2 28  3  8 23 291750    2.21767  -67.90705     6452  42.8  1  0  5 10 0 0 0 1 1 0 0 1 0 0 0 1 0 1
2014   2 28  3  8 23 650023   -7.18954    2.39508    45955  37.9  1  0  5 10 0 0 1 1 1 0 0 0 0 0 1 0 0 1
2014   2 28  3  8 23 662053  -16.38007 -139.16992    15392  78.8  2  0  7 21 0 0 1 1 1 0 0 1 0 0 1 1 0 1
2014   2 28  3  8 23 791202    2.25174  -67.55433     5549  38.8  1  0  5  9 0 0 0 0 1 0 0 1 0 0 1 1 0 1
2014   2 28  3  8 23 805542  -21.50311  -52.06693     3299  31.6  1  0  5  9 0 0 1 1 0 0 0 1 0 1 0 1 0 0
2014   2 28  3  8 23 817344  -21.55595  -51.91383     3667  47.9  1  0  6 12 0 0 1 0 1 0 0 1 0 1 1 0 0 1
2014   2 28  3  8 23 832770  -21.62648  -51.91842     3103   2.9  0  0  5  8 0 0 1 1 1 0 0 0 0 0 1 0 0 1
2014   2 28  3  8 23 840729  -21.63948  -51.82751     3589  42.5  1  0  6 13 0 0 1 1 1 0 0 1 0 0 1 0 0 1
2014   2 28  3  8 23 923546    2.13245  -67.61553    18005  62.8  2  0  6 15 0 0 0 1 1 0 0 1 0 1 1 0 0 1
2014   2 28  3  8 24  21039    2.09559  -67.46844    21876  62.3  2  0  5 10 0 0 0 1 1 0 0 1 0 0 1 0 0 1
2014   2 28  3  8 24 439879  -26.57686  -44.03002     2870  13.3  0  0  5 10 0 0 1 1 1 0 0 1 0 1 0 0 0 0
2014   2 28  3  8 24 593391  -26.63804  -44.14768     3664  19.0  0  0  5  7 0 0 1 1 1 0 0 1 0 0 0 0 0 1
2014   2 28  3  8 24 751897    7.25523  -78.87716     8852  62.7  2  0  6 15 0 0 0 1 1 0 0 1 0 0 1 1 0 1
2014   2 28  3  8 24 906946  -14.31516   29.62149    51441  50.5  2  0  5 10 0 0 1 1 1 0 0 0 0 0 1 0 0 1
2014   2 28  3  8 25 320138  -21.87140 -137.83856    31367  64.3  2  0  6 15 0 0 1 1 1 0 0 1 0 0 1 0 0 1
2014   2 28  3  8 25 630994   33.22822 -177.44865    21627  19.7  0  0  4  6 0 0 1 1 0 0 0 1 0 0 0 1 0 0
2014   2 28  3  8 25 969226  -21.56855  -52.20904     3322  65.9  1  0  7 19 0 0 1 1 1 0 0 1 0 1 1 0 0 1
2014   2 28  3  8 26 109773  -15.90699  -50.30664     3374  63.4  1  0  7 20 0 0 1 1 1 0 0 1 0 1 1 0 0 1
2014   2 28  3  8 26 902276  -15.88261  -50.29966     5323  73.8  2  0  5 10 0 0 1 1 1 0 0 1 0 0 1 0 0 0
2014   2 28  3  8 26 964537  -26.54085  -44.19688     3477  47.2  0  0  7 18 0 0 1 1 1 0 0 1 0 1 1 0 0 1
2014   2 28  3  8 26 997728  -26.56981  -44.16396     4381  45.3  1  0  6 12 0 0 1 1 1 0 0 1 0 0 1 0 0 1
2014   2 28  3  8 27 306831  -26.66735  -44.19392     5289  44.4  1  0  5  8 0 0 1 1 1 0 0 0 0 0 1 0 0 1
2014   2 28  3  8 28 474281  -23.98004  -45.80923     3978  11.3  0  0  4  6 0 0 1 0 0 0 0 1 0 0 1 0 0 1
2014   2 28  3  8 28 504171  -23.32300  -76.96121     4352   7.2  0  0  4  6 0 0 1 0 0 0 0 1 0 1 1 0 0 0
2014   2 28  3  8 28 704350  -12.40995  -73.32156     5660 118.1  2  0  7 21 0 0 1 1 0 0 0 1 0 1 1 1 0 1
2014   2 28  3  8 29 182827   29.43226 -132.69565    14106  34.9  1  0  5 10 0 0 1 0 1 0 0 0 0 0 1 1 0 1
2014   2 28  3  8 29 372860  -26.63824  -44.33169     4420  62.2  2  0  6 15 0 0 1 1 0 0 0 1 0 1 1 0 0 1
2014   2 28  3  8 29 408231  -26.64627  -44.20021     5376  60.8  2  0  6 15 0 0 1 0 1 0 0 1 0 1 1 0 0 1
2014   2 28  3  8 29 426704   -5.58539 -167.39053    11942  18.9  0  0  5  9 0 0 1 0 1 0 0 0 0 0 1 1 0 1
2014   2 28  3  8 30  74980   -5.33633  -42.81018     3686  77.7  2  0  7 20 0 0 1 0 1 0 0 0 0 1 1 1 1 1
2014   2 28  3  8 31 178395  -10.17135   73.95882    11034  62.9  2  0  6 15 0 0 1 0 1 0 0 0 0 1 1 1 0 1
2014   2 28  3  8 31 495158  -26.13645  -44.50595     3686  25.3  0  0  5 10 0 0 0 1 1 0 0 0 0 1 1 0 0 1
2014   2 28  3  8 31 534163  -26.37957  -44.33944     4518  69.3  2  0  6 15 0 0 1 1 1 0 0 0 0 1 1 0 0 1
2014   2 28  3  8 31 599393   -7.57756  -60.37281     4861  97.2  2  0  6 15 0 0 1 1 0 0 0 1 0 0 1 1 0 1
2014   2 28  3  8 31 620445  -26.42292  -44.54375     3227  31.5  0  0  6 14 0 0 1 1 1 0 0 1 0 1 0 0 0 1
2014   2 28  3  8 31 683477  -26.35556  -44.46758     4068  68.0  1  0  7 18 0 0 1 1 1 0 0 1 0 1 1 0 0 1
2014   2 28  3  8 31 736946  -26.35892  -44.46262     3929  65.3  1  0  7 19 0 0 1 1 1 0 0 1 0 1 1 0 0 1
2014   2 28  3  8 31 782997   -5.94196  -53.84256     6137 111.7  2  0  7 21 0 0 1 1 1 0 0 1 0 1 1 0 0 1
2014   2 28  3  8 31 829831  -26.35222  -44.47868     4130  69.8  1  0  7 17 0 0 1 1 1 0 0 1 0 1 1 0 0 1
2014   2 28  3  8 31 918549  -26.39067  -44.57572     3844  35.8  1  0  5  8 0 0 1 1 1 0 0 0 0 1 0 0 0 1
2014   2 28  3  8 32 214276   -5.50561  -53.74681     2519   8.2  0  0  6 15 0 0 1 0 1 0 0 1 0 1 1 1 0 0
2014   2 28  3  8 32 396322  -26.76190  -43.72869     2904   4.1  0  0  5  8 0 0 1 1 1 0 0 0 0 0 1 0 0 1
2014   2 28  3  8 32 440339  -22.90058  -47.31056     2450  19.3  0  0  7 20 0 0 1 1 0 0 0 1 0 1 1 1 0 1
2014   2 28  3  8 32 456914  -22.88155  -47.31022     2469  19.6  0  0  7 20 0 0 1 1 0 0 0 1 0 1 1 1 0 1
2014   2 28  3  8 32 856823   -5.51129  -42.61391     3038   2.4  0  0  5 10 0 0 0 1 1 0 0 1 0 0 1 0 0 1
2014   2 28  3  8 33 582720  -12.00184  -57.33519     2539  11.5  0  0  7 21 0 0 1 1 1 0 0 1 0 1 1 0 0 1
2014   2 28  3  8 33 662519  -11.97843  -57.41704     2487  13.7  0  0  7 21 0 0 0 1 1 0 0 1 0 1 1 1 0 1
2014   2 28  3  8 33 719714  -26.86269  -43.82564     3368  14.4  0  0  5  8 0 0 1 1 1 0 0 1 0 0 0 0 0 1
2014   2 28  3  8 33 935048  -26.86726  -43.82278     3148  11.9  0  0  5  9 0 0 1 1 1 0 0 1 0 0 1 0 0 0
2014   2 28  3  8 34 111350  -26.94261  -43.74074     5021  71.7  2  0  6 15 0 0 1 1 1 0 0 1 0 0 1 0 0 1
2014   2 28  3  8 34 325970  -12.91555  -73.91510     3699  15.0  0  0  5 10 0 0 0 1 1 0 0 1 0 0 1 1 0 0
2014   2 28  3  8 34 876010   14.18984  -90.32082     7892  48.4  1  0  6 15 0 0 1 0 1 0 0 1 0 0 1 1 0 1
2014   2 28  3  8 35 300252  -26.61816  -43.78101     2728  15.8  0  0  6 15 0 0 1 1 1 0 0 1 0 1 1 0 0 0
2014   2 28  3  8 35 460669  -11.34403  -58.83691     3455  29.7  0  0  5 10 0 0 1 1 1 0 0 0 0 0 1 1 0 0
2014   2 28  3  8 35 706374   -2.27575  -71.91304     3503  27.8  0  0  7 21 0 0 0 1 1 0 0 1 0 1 1 1 0 1
2014   2 28  3  8 35 714248    0.42116  -72.10366     4189  25.5  0  0  6 14 0 0 0 1 1 0 0 1 0 0 1 1 0 1
2014   2 28  3  8 35 749500    7.94798  -73.97480     5072  24.6  0  0  5 10 0 0 0 1 1 0 0 1 0 0 1 1 0 0
2014   2 28  3  8 35 826159  -11.49135  -58.86400     3597  33.0  0  0  6 15 0 0 0 1 1 0 0 0 0 1 1 1 0 1
2014   2 28  3  8 35 888566   -2.25235  -71.92342     4595  24.1  0  0  5  9 0 0 0 1 1 0 0 1 0 0 1 1 0 0
2014   2 28  3  8 35 979087  -15.83015  -50.26196     2987  24.6  0  0  5 10 0 0 0 1 0 0 0 1 0 1 1 0 0 1
2014   2 28  3  8 36  50528  -20.57399  -46.84813     2801  24.4  0  0  6 15 0 0 1 1 1 0 0 1 0 0 1 0 0 1
2014   2 28  3  8 36 234365  -20.50321  -46.95269     3026   1.9  0  0  4  6 0 0 1 1 0 0 0 1 0 0 1 0 0 0
2014   2 28  3  8 36 256184  -15.83694  -50.22521     3338  25.0  0  0  5 10 0 0 0 1 1 0 0 1 0 0 1 0 0 1
2014   2 28  3  8 36 957135  -25.31986  -45.14797     2782  31.5  0  0  7 21 0 0 1 1 1 0 0 1 0 1 1 0 0 1
2014   2 28  3  8 36 966462  -12.88786  -73.98309     3582  24.5  0  0  5 10 0 0 1 1 0 0 0 1 0 0 1 1 0 0
2014   2 28  3  8 37 194752  -13.00502  -74.01896     9697  50.9  2  0  5  8 0 0 0 1 1 0 0 0 0 0 1 1 0 1
2014   2 28  3  8 37 230685  -22.97013  -47.19618     2901  33.3  0  0  6 15 0 0 1 1 1 0 0 1 0 0 1 0 0 1
2014   2 28  3  8 37 238866  -22.96731  -47.21618     3350  31.8  1  0  5  9 0 0 0 1 1 0 0 1 0 0 1 0 0 1
2014   2 28  3  8 37 262248  -22.96986  -47.19595     2911  33.7  0  0  6 15 0 0 1 1 1 0 0 1 0 0 1 0 0 1
2014   2 28  3  8 37 396975  -12.95173  -74.12629     4089   9.5  0  0  4  6 0 0 0 1 0 0 0 1 0 0 1 1 0 0
2014   2 28  3  8 37 668592  -23.74575  -45.53561     3643  47.0  1  0  6 15 0 0 1 1 1 0 0 1 0 0 1 0 0 1
2014   2 28  3  8 37 769381  -23.72953  -45.53934     5420  54.5  2  0  5  8 0 0 0 1 1 0 0 1 0 0 1 0 0 1
2014   2 28  3  8 37 919091  -15.10689  179.62784    11730  38.5  0  0  6 14 0 0 1 1 1 0 0 1 0 0 1 1 0 0
2014   2 28  3  8 38  34827  -26.66509  -43.95804     3467  36.0  0  0  6 15 0 0 1 1 1 0 0 1 0 0 1 0 0 1
2014   2 28  3  8 39 123681  -26.58564  -43.90730     3393  28.2  0  0  6 13 0 0 1 1 1 0 0 1 0 0 1 0 0 1
2014   2 28  3  8 39 752952  -20.01121  -48.32393     5223  35.5  1  0  5  7 0 0 1 1 1 0 0 1 0 0 1 0 0 0
2014   2 28  3  8 40 284995  -23.59550  -46.17417     4384  72.6  2  0  6 15 0 0 1 1 1 0 0 1 0 0 1 0 0 1
2014   2 28  3  8 40 357602  -23.54305  -46.24059     3686  73.7  2  0  7 21 0 0 1 1 1 0 0 1 0 1 1 0 0 1
2014   2 28  3  8 40 704317  -26.56690  -43.98114     6421  62.7  2  0  6 11 0 0 1 0 1 0 0 1 0 1 1 1 0 0
2014   2 28  3  8 40 854257  -26.73514  -43.95694     6595  48.1  1  0  5 10 0 0 1 0 1 0 0 1 0 0 1 0 0 1
2014   2 28  3  8 40 864974  -26.52999  -44.12177     3567  55.9  1  0  7 18 0 0 1 1 1 0 0 1 0 1 1 1 0 0
2014   2 28  3  8 41 122599  -26.52586  -44.12916     3578  58.4  1  0  7 19 0 0 1 1 1 0 0 1 0 1 1 1 0 0
2014   2 28  3  8 41 342729  -26.48393  -44.15254     5961  63.4  2  0  5  9 0 0 1 1 0 0 0 0 0 1 1 1 0 0
2014   2 28  3  8 41 586545  -23.35118 -137.39125    25934 110.7  2  0  6 15 0 0 1 1 0 0 0 1 0 0 1 1 0 1
2014   2 28  3  8 41 949865  -21.75094  -48.70479     4706  68.8  2  0  6 11 0 0 1 1 1 0 0 1 0 0 1 0 0 1
2014   2 28  3  8 42 394614  -14.52600  161.97556    20363  77.5  2  0  7 21 0 0 1 1 1 0 0 0 0 1 1 1 0 1
2014   2 28  3  8 42 465665  -26.63859  -44.11310     4499  42.3  1  0  6 11 0 0 1 1 1 0 0 1 0 0 1 0 0 1
2014   2 28  3  8 42 476111  -26.69491  -44.04252     6271  38.6  1  0  5  7 0 0 1 1 1 0 0 1 0 0 1 0 0 0
2014   2 28  3  8 42 581211  -26.95122  -43.82108     5211  30.2  1  0  5  8 0 0 0 1 1 0 0 1 0 0 1 0 0 1
2014   2 28  3  8 42 928490  -23.61326  -46.92592     4310  77.9  2  0  6 14 0 0 1 0 1 0 0 1 0 1 1 0 0 1
2014   2 28  3  8 43  64728  -13.32613  158.87233    13686  72.5  2  0  6 15 0 0 1 1 0 0 0 1 0 0 1 1 0 1
2014   2 28  3  8 43 367787  -26.53461  -44.07277     6651  46.8  1  0  5  8 0 0 1 1 0 0 0 1 0 0 1 0 0 1
2014   2 28  3  8 43 434558  -26.53637  -44.07676     6816  48.7  1  0  5  8 0 0 1 1 0 0 0 1 0 0 1 0 0 1
2014   2 28  3  8 43 481254  -26.49229  -44.17196     3703  46.6  1  0  6 15 0 0 1 1 1 0 0 1 0 1 1 0 0 0
2014   2 28  3  8 43 498849  -26.50202  -44.13170     4298  46.4  1  0  6 13 0 0 1 1 1 0 0 1 0 0 1 0 0 1
2014   2 28  3  8 43 680425  -16.59605  -49.93266     3695  19.5  0  0  5 10 0 0 1 1 1 0 0 0 0 0 1 0 0 1
2014   2 28  3  8 43 695328  -16.06427  -50.57016     4639  72.2  2  0  6 12 0 0 0 1 1 0 0 1 0 1 0 1 0 1
2014   2 28  3  8 44 597970  -22.49395  -47.64173     5011 114.5  2  0  6 15 0 0 1 1 0 0 0 1 0 1 1 0 0 1
2014   2 28  3  8 45 479024  -26.61766  -44.20102     5641  46.5  1  0  5  8 0 0 1 1 1 0 0 1 0 0 1 0 0 0
2014   2 28  3  8 46 145992  -31.90275 -136.27696    28495 126.1  2  0  7 21 0 0 1 1 1 0 0 0 0 1 1 1 0 1
2014   2 28  3  8 46 219162  -32.07016 -139.65587    29730 108.4  2  0  6 15 0 0 1 1 1 0 0 1 0 0 1 1 0 0
2014   2 28  3  8 46 290080  -26.40413  -44.51935     5192  36.8  1  0  5  7 0 0 0 1 1 0 0 1 0 1 1 0 0 0
2014   2 28  3  8 46 653803  -19.89388  -51.04660     4965 113.5  2  0  6 15 0 0 1 1 0 0 0 1 0 1 1 0 0 1
2014   2 28  3  8 46 678274  -26.73699  -44.23792     5406  58.2  1  0  6 11 0 0 1 1 1 0 0 1 0 0 1 0 0 1
2014   2 28  3  8 46 809458    5.11948  -73.81713    18670  58.9  2  0  5  7 0 0 1 0 1 0 0 1 0 0 1 0 0 1
2014   2 28  3  8 46 830695  -19.86851  -50.87814     4466  68.8  2  0  6 11 0 0 1 0 1 0 0 1 0 1 1 0 0 1
2014   2 28  3  8 47 218523    6.65467  -76.02036    13928 119.8  2  0  6 14 0 0 0 1 1 0 0 1 0 0 1 1 0 1
2014   2 28  3  8 47 330516   -4.75428  -75.36298    10579 122.7  2  0  6 15 0 0 0 1 1 0 0 1 0 0 1 1 0 1
2014   2 28  3  8 47 339515   -4.66049  -74.85172     7297 129.4  2  0  7 20 0 0 1 1 1 0 0 1 0 0 1 1 0 1
2014   2 28  3  8 47 860267    7.72855  -72.52878     6654  71.7  2  0  6 15 0 0 1 0 1 0 0 0 0 1 1 1 0 1
2014   2 28  3  8 49 182379  -26.65407  -43.66534     2819  16.2  0  0  6 14 0 0 1 1 1 0 0 1 0 0 1 0 0 1
2014   2 28  3  8 49 395591  -26.64942  -43.84638     3969  18.7  0  0  5  7 0 0 0 1 1 0 0 1 0 1 1 0 0 0
2014   2 28  3  8 49 490262  -14.19049  159.56358     7571  39.5  0  0  7 21 0 0 1 1 1 0 0 1 0 0 1 1 0 1
2014   2 28  3  8 49 540946  -14.21214  159.73268    12663  42.5  1  0  5 10 0 0 1 1 0 0 0 1 0 0 1 1 0 0
2014   2 28  3  8 49 634482  -26.72686  -43.77734     2787   6.2  0  0  5  9 0 0 1 1 1 0 0 0 0 1 0 0 0 1
2014   2 28  3  8 50  84295    2.70159    5.35577    27616  20.3  0  0  5  7 0 0 1 1 1 0 0 1 0 0 0 0 0 1
2014   2 28  3  8 50 296885  -18.18564   26.08639    14281   7.8  0  0  5 10 0 0 1 1 1 0 0 0 0 0 1 0 0 1
2014   2 28  3  8 50 806521  -12.88145  -60.59798     5593 115.6  2  0  6 14 0 0 1 1 1 0 0 0 0 1 0 1 0 1
2014   2 28  3  8 50 938153  -24.58150  -49.98396     2808  29.8  0  0  7 18 0 0 1 1 0 0 0 1 0 1 1 1 0 1
2014   2 28  3  8 51 195197  -27.86206 -136.77493    11232  49.4  0  0  7 21 0 0 1 1 0 0 0 0 0 1 1 1 1 1
2014   2 28  3  8 51 207232  -27.85481 -134.05061     7590  26.7  0  0  7 21 0 0 1 1 1 0 0 0 0 1 1 1 0 1
2014   2 28  3  8 51 215513  -27.85220 -135.78252    14605  59.7  1  0  7 21 0 0 1 1 1 0 0 1 0 0 1 1 0 1
2014   2 28  3  8 51 250802  -27.80167 -135.72900    12746   2.7  0  0  4  6 0 0 0 1 0 0 0 1 0 0 1 1 0 0
2014   2 28  3  8 51 841737  -22.94706  -47.23710     2920  23.4  0  0  5 10 0 0 0 1 1 0 0 1 0 0 1 0 0 1
2014   2 28  3  8 52 144481  -15.60868  -51.75546     2819  26.5  0  0  6 15 0 0 0 1 1 0 0 1 0 1 1 0 0 1
2014   2 28  3  8 52 730542  -26.76532  -43.87396     3241  20.1  0  0  6 12 0 0 1 1 1 0 0 1 0 0 1 0 0 1
2014   2 28  3  8 53 413123  -26.61194  -43.79182     4153  24.1  0  0  5  9 0 0 1 1 0 0 0 1 0 0 1 0 0 1
2014   2 28  3  8 53 500158  -15.84212  -50.22053     3425  45.8  1  0  6 15 0 0 0 1 1 0 0 1 0 0 1 1 0 1
2014   2 28  3  8 53 571540  -15.87989  -50.09244     3064  31.3  0  0  6 15 0 0 1 1 1 0 0 1 0 0 1 0 0 1
2014   2 28  3  8 53 806100  -15.92185  -50.09604     3772  35.2  1  0  5 10 0 0 0 1 1 0 0 1 0 0 1 0 0 1
2014   2 28  3  8 54 310453    6.42973  -75.24426     5981  43.5  1  0  6 15 0 0 0 1 1 0 0 1 0 0 1 1 0 1
2014   2 28  3  8 54 382659  -26.79353  -43.67781     4914  58.3  1  0  6 13 0 0 1 1 1 0 0 1 0 0 1 0 0 1
2014   2 28  3  8 54 464087  -29.61401 -165.77338    19174  44.9  1  0  6 15 0 0 1 0 1 0 0 1 0 0 1 1 0 1
2014   2 28  3  8 54 473207  -26.68907  -43.95459     3608  24.6  0  0  6 11 0 0 1 1 1 0 0 1 0 0 1 0 0 1
2014   2 28  3  8 54 643227  -26.67879  -43.97585     4307  26.8  0  0  5  7 0 0 1 1 1 0 0 0 0 0 1 0 0 1
2014   2 28  3  8 54 664813  -26.72676  -43.90925     4804  21.7  0  0  5  7 0 0 1 1 1 0 0 1 0 0 1 0 0 0
2014   2 28  3  8 54 838890   -4.88774  -53.55360     3502  29.7  0  0  5 10 0 0 0 1 1 0 0 1 0 0 0 1 0 1
2014   2 28  3  8 54 852143  -26.67254  -43.95172     3646  34.0  0  0  6 13 0 0 1 1 1 0 0 0 0 0 1 1 0 1
2014   2 28  3  8 55 146866  -25.11006 -136.43365    36623  44.6  1  0  5  9 0 0 1 1 1 0 0 1 0 0 1 0 0 0
2014   2 28  3  8 55 617561  -20.02477  -50.97420     3181  55.5  1  0  7 18 0 0 1 1 1 0 0 1 0 1 1 0 0 1
2014   2 28  3  8 55 677351   -7.39070    2.50379    46852  39.2  1  0  5 10 0 0 1 1 1 0 0 0 0 0 1 0 0 1
2014   2 28  3  8 55 810358  -19.58246  -49.11734     3235   4.1  0  0  4  6 0 0 1 0 0 0 0 1 0 1 1 0 0 0
2014   2 28  3  8 56  67303  -26.63918  -44.04203     4374  32.1  1  0  5  8 0 0 1 1 1 0 0 0 0 0 1 0 0 1
2014   2 28  3  8 56 205822  -21.52992  -48.82290     3945  74.4  2  0  6 15 0 0 1 1 1 0 0 1 0 1 1 0 0 0
2014   2 28  3  8 56 285242  -26.64206  -44.04837     3692  33.1  0  0  6 13 0 0 1 1 1 0 0 1 0 0 1 0 0 1
2014   2 28  3  8 56 432600    5.75817  152.97592    10608  74.8  2  0  7 21 0 0 1 0 1 0 0 1 0 1 1 1 0 1
2014   2 28  3  8 56 506048  -26.60349  -44.26327     5804  33.3  1  0  4  6 0 0 0 1 0 0 0 1 0 1 1 0 0 0
2014   2 28  3  8 56 530987    6.05331  151.85374     6905   0.9  0  0  4  6 0 0 0 1 0 0 0 1 0 0 1 1 0 0
2014   2 28  3  8 56 659384  -26.75587  -44.10652     3933  35.4  0  0  6 12 0 0 1 1 1 0 0 1 0 0 1 0 0 1
2014   2 28  3  8 57  47746  -11.69005  169.12114     8363  18.4  0  0  5 10 0 0 1 1 0 0 0 1 0 0 1 1 0 0
2014   2 28  3  8 57 504731    5.63271  -82.94347     7312  90.8  2  0  7 21 0 0 1 1 1 0 0 1 0 0 1 1 0 1
2014   2 28  3  8 57 543720   -5.43921  -42.95972     3932  60.5  1  0  7 21 0 0 1 1 1 0 0 0 0 1 1 1 0 1
2014   2 28  3  8 57 903558  -11.20136  167.87532    11213  28.7  0  0  5 10 0 0 1 1 0 0 0 1 0 0 1 1 0 0
2014   2 28  3  8 58  28726   -7.20072  -42.90602     4983  34.6  1  0  5  8 0 0 0 1 1 0 0 1 0 0 1 0 0 1
2014   2 28  3  8 58  41342   -5.47369  -42.78453     6995  95.1  2  0  6 15 0 0 1 1 1 0 0 1 0 0 0 1 0 1
2014   2 28  3  8 58 980963  -26.47976  -44.24232     3842  65.9  1  0  7 18 0 0 1 1 1 0 0 1 0 1 1 1 0 0
2014   2 28  3  8 59 228498  -12.76998  -73.71355     4777  85.9  2  0  7 21 0 0 1 0 1 0 0 1 0 1 1 1 0 1
2014   2 28  3  8 59 236592  -11.56112  169.70201    30000  28.3  1  0  4  6 0 0 1 1 0 0 0 0 0 0 1 1 0 0
2014   2 28  3  9  0 533707  -26.45498  -44.20212     3977  54.8  1  0  6 15 0 0 1 1 1 0 0 1 0 1 1 0 0 0
2014   2 28  3  9  0 668308    7.15864  151.86530     8067  10.0  0  0  4  6 0 0 0 1 0 0 0 1 0 0 1 1 0 0
2014   2 28  3  9  1 185106  -26.78513  -43.89227     3456  33.0  0  0  6 15 0 0 1 1 1 0 0 1 0 0 1 0 0 1
2014   2 28  3  9  1 676086    7.00365  -78.71551    11710 132.9  2  0  7 18 0 0 1 1 0 0 0 1 0 1 1 1 0 1
2014   2 28  3  9  1 870288    2.34567  -67.94537     7468 102.9  2  0  6 15 0 0 0 1 1 0 0 1 0 0 1 1 0 1
2014   2 28  3  9  1 920964  -23.46228  -47.55792     3915  19.2  0  0  4  6 0 0 1 1 0 0 0 1 0 0 1 0 0 0
2014   2 28  3  9  2 601852  -21.86123  -50.91002     2888   4.6  0  0  4  6 0 0 1 1 1 0 0 0 0 0 0 1 0 0
2014   2 28  3  9  3  53950  -26.43364  -44.28168     4841  58.9  1  0  6 13 0 0 1 1 1 0 0 1 0 0 1 0 0 1
2014   2 28  3  9  3 736079  -26.41237  -44.29423     4879  65.4  2  0  6 14 0 0 1 1 1 0 0 1 0 0 1 0 0 1
2014   2 28  3  9  5 598081  -20.52528  -46.84986     2616   6.9  0  0  5 10 0 0 1 1 1 0 0 1 0 0 0 0 0 1
2014   2 28  3  9  5 611694  -20.52417  -46.86863     2374   9.6  0  0  6 15 0 0 1 1 1 0 0 1 0 1 0 0 0 1
2014   2 28  3  9  6 278347  -26.74695  -43.74772     3125   9.5  0  0  5  8 0 0 1 1 1 0 0 1 0 0 0 0 0 1
2014   2 28  3  9  6 309324  -22.92204  -47.22938     2612   8.7  0  0  5 10 0 0 1 1 1 0 0 1 0 0 0 0 0 1
2014   2 28  3  9  8 892059  -26.67360  -43.89466     2970   8.4  0  0  5  7 0 0 1 1 1 0 0 0 0 1 0 0 0 1
2014   2 28  3  9  9 325665  -26.68811  -43.93393     3379  15.2  0  0  5  8 0 0 1 1 1 0 0 1 0 0 0 0 0 1
2014   2 28  3  9  9 499235  -26.68087  -43.94699     3473  16.9  0  0  5  8 0 0 1 1 1 0 0 1 0 0 0 0 0 1
2014   2 28  3  9  9 760408  -26.78986  -43.96864     2863  15.2  0  0  6 11 0 0 1 1 1 0 0 1 0 1 0 0 0 1
2014   2 28  3  9  9 799604  -27.01087  -43.53440     4540  33.5  1  0  5  8 0 0 1 1 1 0 0 1 0 0 0 0 0 1
2014   2 28  3  9 10 108331  -26.79496  -43.97630     3661  16.3  0  0  5  7 0 0 1 1 1 0 0 1 0 0 0 0 0 1
2014   2 28  3  9 10 489058   10.97740  -77.00658    36421  18.1  0  0  4  6 0 0 0 1 1 0 0 1 0 1 0 0 0 0
2014   2 28  3  9 12 718860  -22.94799  -47.16234     4138  57.1  2  0  5 10 0 0 1 1 1 0 0 1 0 0 0 0 0 1
2014   2 28  3  9 14 775729  -26.59379  -44.20559     3164  25.5  0  0  6 11 0 0 1 1 1 0 0 1 0 1 0 0 0 1
2014   2 28  3  9 14 870512  -26.59647  -44.18628     4017  27.2  0  0  5  8 0 0 1 1 1 0 0 1 0 0 0 0 0 1
2014   2 28  3  9 15  28300    2.49354  -72.51871    11436  12.7  0  0  4  6 0 0 1 1 0 0 0 0 0 1 0 0 0 1
2014   2 28  3  9 16 557696   10.00700  -81.87636    48301  35.5  1  0  5 10 0 0 0 1 1 0 0 1 0 1 0 0 0 1
2014   2 28  3  9 17 251602  -26.49311  -44.24900     4183  30.3  1  0  5  8 0 0 1 1 1 0 0 1 0 0 0 0 0 1
2014   2 28  3  9 17 581127  -32.01276  -43.78629     5730  44.3  1  0  5 10 0 0 1 1 1 0 0 1 0 0 0 0 0 1
2014   2 28  3  9 17 600760  -32.00156  -43.78873     5737  44.0  1  0  5 10 0 0 1 1 1 0 0 1 0 0 0 0 0 1
2014   2 28  3  9 17 673830  -31.99514  -43.80307     5734  44.5  1  0  5 10 0 0 1 1 1 0 0 1 0 0 0 0 0 1
2014   2 28  3  9 17 799596  -26.65654  -44.44342     4392  35.9  1  0  5  9 0 0 1 1 1 0 0 1 0 0 0 0 0 1
2014   2 28  3  9 17 813904  -26.66244  -44.42482     4400  33.2  1  0  5  8 0 0 1 1 1 0 0 1 0 0 0 0 0 1
2014   2 28  3  9 17 873976  -26.55509  -44.41508     3337  31.6  0  0  6 12 0 0 1 1 1 0 0 1 0 1 0 0 0 1
2014   2 28  3  9 18  40875  -26.65310  -44.48656     5880  33.9  1  0  5  8 0 0 1 0 1 0 0 1 0 1 0 0 0 1
2014   2 28  3  9 18  78083  -26.52551  -44.41025     4312  45.6  1  0  5 10 0 0 1 1 1 0 0 1 0 0 0 0 0 1
2014   2 28  3  9 20 148829  -22.90286  -47.27862     2840  18.7  0  0  5 10 0 0 0 1 1 0 0 1 0 1 0 0 0 1
2014   2 28  3  9 20 669326   -5.04028  -74.36971     9676   9.3  0  0  5 10 0 0 0 1 1 0 0 1 0 1 0 0 0 1
2014   2 28  3  9 22 127278  -20.44349  -46.92594     2645  14.7  0  0  5 10 0 0 0 1 1 0 0 1 0 1 0 0 0 1
2014   2 28  3  9 23 292705  -26.90132  -43.76301     6156  17.8  0  0  5  9 0 0 0 1 1 0 0 1 0 1 0 0 0 1
2014   2 28  3  9 23 554694  -26.95198  -43.78667     7330  16.6  0  0  5  7 0 0 0 1 1 0 0 1 0 1 0 0 0 1
2014   2 28  3  9 23 584216  -26.83705  -43.81348     6380  24.3  0  0  5 10 0 0 0 1 1 0 0 1 0 1 0 0 0 1
2014   2 28  3  9 26 756980  -26.81926  -44.03567     7694  26.9  0  0  5  9 0 0 0 1 1 0 0 1 0 1 0 0 0 1
2014   2 28  3  9 30 332557   -0.64832  -75.74047    15841  19.6  0  0  5 10 0 0 0 1 1 0 0 1 0 1 0 0 0 1
2014   2 28  3  9 34 548894  -26.57279  -44.39840    10413  45.2  1  0  5  8 0 0 0 1 1 0 0 1 0 1 0 0 0 1
2014   2 28  3  9 34 664284   -4.67648  -54.18122     8250  57.7  2  0  5  9 0 0 0 1 1 0 0 1 0 1 0 0 0 1
2014   2 28  3  9 35 457991  -26.46474  -44.51593    10946  60.7  2  0  5 10 0 0 0 1 1 0 0 1 0 1 0 0 0 1
