2014   2 28 11  9 37 873950  -33.98358  -38.56646     3318  14.6  0  1  6 12 0 0 1 1 0 0 0 0 1 1 0 1 0 1
2014   2 28 11  9 37 922355  -34.03529  -38.32558     3390  21.9  0  1  6 14 0 0 1 1 0 0 0 0 1 1 0 1 0 1
2014   2 28 11  9 38 266805  -11.26288  164.89708    33910  21.2  1  0  4  6 0 0 1 1 0 0 0 0 0 0 0 1 0 1
2014   2 28 11  9 38 606859  -17.92356   17.84186     7582  30.8  1  0  5 10 0 0 1 1 0 0 0 0 1 1 0 0 0 1
2014   2 28 11  9 38 816618   -7.55561   12.80450     9531  22.0  1  0  4  6 0 0 1 1 0 0 0 0 1 0 0 0 0 1
2014   2 28 11  9 40 644440  -34.76548  -36.75592     5353  47.4  1  0  6 11 0 0 1 1 0 0 0 0 1 1 0 1 0 1
2014   2 28 11  9 40 668723  -29.90930  -61.44961     4815  32.9  1  0  4  6 0 0 1 1 0 0 0 0 0 1 0 1 0 0
2014   2 28 11  9 41 401945   -9.90647  -67.87038     6870   9.2  0  0  4  6 0 0 1 1 0 0 0 0 0 1 0 0 0 1
2014   2 28 11  9 41 767073   -8.60655  -68.86606     5572  69.1  2  0  5 10 0 0 1 1 0 0 0 0 1 1 0 1 0 0
2014   2 28 11  9 41 951428   -8.60923  -68.74306     5147  70.3  2  0  6 11 0 0 1 1 0 0 0 0 1 1 0 1 0 1
2014   2 28 11  9 41 966226   -8.60728  -68.75395     5164  70.6  2  0  6 11 0 0 1 1 0 0 0 0 1 1 0 1 0 1
2014   2 28 11  9 45 434835   -3.12771    5.34430    11121  22.7  1  0  4  6 0 0 1 0 0 0 0 0 1 0 0 1 0 1
2014   2 28 11  9 45 853660  -21.11360 -134.86392    11903  17.1  0  0  4  6 0 0 1 0 0 0 0 0 0 1 0 1 0 1
2014   2 28 11  9 48 216997  -34.63806  -36.61624     8013 114.5  2 -1  6 14 0 0 1 1 0 0 0 0 1 1 0 1 0 1
2014   2 28 11  9 52 212826    4.89791   -3.07597     7387   6.7  0  0  4  6 0 0 0 1 0 0 0 1 1 0 1 0 0 0
2014   2 28 11  9 52 557650  -20.69621 -142.51427     6825   4.3  0  0  5 10 0 0 1 1 0 0 0 1 0 0 1 1 0 0
2014   2 28 11  9 52 585873  -20.68545 -142.42812     7395  29.9  0  0  7 19 0 0 1 1 1 0 0 1 1 0 1 1 0 0
2014   2 28 11  9 52 628476    1.56676    1.17508     5451   8.5  0  1  5  9 0 0 1 0 0 0 0 1 1 0 1 0 0 1
2014   2 28 11  9 52 681059    1.56388    1.16022     5350   7.4  0  0  5  9 0 0 1 0 0 0 0 1 1 0 1 0 0 1
2014   2 28 11  9 52 705949    1.56789    1.14094     7849   9.0  0  1  4  6 0 0 0 1 0 0 0 1 1 0 1 0 0 0
2014   2 28 11  9 52 856012   -7.28876   16.38944     3809   9.8  0  0  7 20 0 0 1 1 1 0 0 1 1 0 1 0 0 1
2014   2 28 11  9 52 951495    7.15693  -77.26363     3294   8.2  0  0  7 20 0 0 0 1 1 0 0 1 1 0 1 1 0 1
2014   2 28 11  9 53  20925    7.08699  -77.17434     3015  10.8  0  0  7 20 0 0 1 0 1 0 0 1 1 1 1 1 0 0
2014   2 28 11  9 53  86565   30.68223 -125.32773     4841  13.3  0  0  6 15 0 0 1 1 1 0 0 0 1 0 1 1 0 0
2014   2 28 11  9 53 206112  -12.23336  -72.81187     3272  14.3  0  0  6 15 0 0 1 1 1 0 0 1 0 0 1 0 0 1
2014   2 28 11  9 53 215556  -12.22955  -72.81454     3281  14.4  0  0  6 15 0 0 1 1 1 0 0 1 0 0 1 0 0 1
2014   2 28 11  9 53 302588   30.53181 -125.42701     8460  18.6  0  0  6 15 0 0 1 1 1 0 0 1 0 0 1 1 0 0
2014   2 28 11  9 53 390087    7.02396  -77.20467     4136   4.8  0  0  5 10 0 0 0 0 1 0 0 1 1 0 1 1 0 0
2014   2 28 11  9 54 405002  -26.42309   21.94595     5019  20.8  0  0  6 15 0 0 1 1 1 0 0 0 1 0 1 0 0 1
2014   2 28 11  9 54 601562  -32.42003   21.72225     5268   0.7  0  0  4  6 0 0 1 0 0 0 0 1 1 0 1 0 0 0
2014   2 28 11  9 54 619339  -26.43255   21.98829     4862  23.0  0  0  6 15 0 0 1 1 1 0 0 1 1 0 0 0 0 1
2014   2 28 11  9 54 702830    0.31481  -31.00062     2521  18.0  0  0  7 21 0 0 0 0 1 0 0 1 1 1 1 1 0 1
2014   2 28 11  9 54 763871  -21.72519  -45.93759     2852  18.9  0  0  5 10 0 0 0 1 1 0 0 1 0 0 1 0 0 1
2014   2 28 11  9 54 773511  -21.64382  -45.98833     2591  15.0  0  0  7 19 0 0 1 1 1 0 0 1 1 0 1 1 0 0
2014   2 28 11  9 55  85309    1.61457   -3.63820     4405  19.4  0  0  7 20 0 0 1 0 1 0 0 1 1 0 1 1 0 1
2014   2 28 11  9 55 122288  -21.68042  -45.99141     2858  28.2  0  0  7 19 0 0 1 0 1 0 0 1 1 1 1 1 0 0
2014   2 28 11  9 55 144469    2.55970    9.28077     8638  15.6  0  0  5 10 0 0 1 0 1 0 0 1 0 0 1 1 0 0
2014   2 28 11  9 55 432501    1.16328  -67.21531     4217  32.2  1 -1  5 10 0 0 0 1 1 0 0 1 0 0 1 1 0 0
2014   2 28 11  9 55 903260    4.57373    4.31860    14509  25.8  1  0  4  6 0 0 0 1 0 0 0 1 1 0 1 0 0 0
2014   2 28 11  9 56 166955   -3.02835  149.95818     6389   9.0  0  0  4  6 0 0 1 0 0 0 0 1 0 0 1 1 0 0
2014   2 28 11  9 56 320829   -0.87365    7.63571     5523  30.3  0  0  7 21 0 0 1 1 1 0 0 1 1 0 1 0 0 1
2014   2 28 11  9 56 494806    3.42633   -9.84842     8537  25.6  1  0  4  6 0 0 0 1 0 0 0 1 1 0 1 0 0 0
2014   2 28 11  9 56 577665  -34.31656  -37.75711     4440  33.0  0  2  6 15 0 0 1 1 1 0 0 1 0 0 1 0 0 1
2014   2 28 11  9 56 590837  -34.38531  -37.53522     3744  44.7  0  1  7 21 0 0 1 1 0 0 0 1 1 1 0 1 0 1
2014   2 28 11  9 56 599122  -34.29351  -37.81380     3689  31.8  0  2  7 20 0 0 1 1 1 0 0 1 0 1 1 0 0 1
2014   2 28 11  9 56 738323    5.12846   -2.95134    12487  29.2  1  0  4  6 0 0 0 1 0 0 0 1 1 0 1 0 0 0
2014   2 28 11  9 56 862873  -34.31731  -37.75735     4553  34.4  0 -2  6 15 0 0 1 1 1 0 0 1 0 0 1 0 0 1
2014   2 28 11  9 56 874979  -34.40376  -37.49068     3888  45.0  0  0  7 20 0 0 1 1 1 0 0 1 1 0 1 0 0 1
2014   2 28 11  9 57 118789    4.92276   -1.69331    11755  42.5  1  0  5 10 0 0 0 1 1 0 0 1 1 0 1 0 0 0
2014   2 28 11  9 57 251905  -34.27588  -37.85918     3844  35.7  0  3  7 21 0 0 1 1 1 0 0 1 0 1 1 0 0 1
2014   2 28 11  9 57 381528    0.61644    0.34664     8275  36.4  0  0  6 14 0 0 1 1 0 0 0 0 1 0 1 1 0 1
2014   2 28 11  9 57 685918  -32.63840   20.20203     8022  68.4  1 -1  7 21 0 0 1 1 1 0 0 0 1 0 1 1 0 1
2014   2 28 11  9 57 727784  -32.91311   19.76518    23346  48.3  1  0  5 10 0 0 1 1 1 0 0 1 0 0 1 0 0 0
2014   2 28 11  9 57 811563  -31.28263 -135.57626     9977  38.4  0  0  7 21 0 0 1 0 1 0 0 1 0 1 1 1 0 1
2014   2 28 11  9 57 824454  -31.34754 -136.13397    42343  47.4  1  0  5 10 0 0 1 1 1 0 0 1 0 0 1 0 0 0
2014   2 28 11  9 57 876239  -31.25332 -135.61151    11278  43.3  0  0  7 20 0 0 1 0 1 0 0 1 1 0 1 1 0 1
2014   2 28 11  9 58  84403  -31.58230 -135.33569    44450  53.0  2  0  5 10 0 0 1 1 1 0 0 1 0 0 0 0 0 1
2014   2 28 11  9 58 137023  -12.20673  157.38858     8117   1.3  0  0  4  6 0 0 1 0 0 0 0 1 0 0 1 1 0 0
2014   2 28 11  9 58 393389  -22.60912  -45.70269     3925  51.2  2  0  5 10 0 0 0 1 1 0 0 1 0 0 1 0 0 1
2014   2 28 11  9 58 692636    0.18506    9.48388     7634  48.1  0  0  7 20 0 0 1 1 1 0 0 1 1 0 1 0 0 1
2014   2 28 11  9 58 886591  -24.46593  -45.08055     4172  42.8  1  1  5 10 0 0 0 1 1 0 0 1 0 0 1 0 0 1
2014   2 28 11  9 58 947539   -5.34585  -72.21336     4304  45.3  0  0  7 21 0 0 0 0 1 0 0 1 1 1 1 1 0 1
2014   2 28 11  9 58 996811   -5.27784  -72.07698     3669  18.5  0  0  5  9 0 0 1 0 0 0 0 0 1 0 1 1 0 1
2014   2 28 11  9 59  35926  -41.49110  -65.44467     7477  62.8  2  0  6 14 0 0 1 1 1 0 0 1 0 0 1 0 0 1
2014   2 28 11  9 59 270843  -24.50719  -45.12340     3379  39.6  0  0  6 15 0 0 0 1 1 0 0 1 0 1 1 0 0 1
2014   2 28 11  9 59 310163  -25.16957  -44.86352     3424  42.6  0  0  7 16 0 0 1 1 1 0 0 1 1 0 1 0 0 1
2014   2 28 11  9 59 332077  -25.10027  -44.89282     3988  50.6  1  0  7 16 0 0 0 1 1 0 0 1 1 1 1 0 0 1
2014   2 28 11  9 59 522419  -25.78872 -132.46236     8886  33.2  0  0  7 20 0 0 1 0 1 0 0 0 1 1 1 1 0 1
2014   2 28 11  9 59 582608  -25.19146  -44.89832     3304  38.1  0  0  6 12 0 0 1 1 1 0 0 1 0 1 0 0 0 1
2014   2 28 11  9 59 584811  -25.73923 -133.98163    13171  70.0  2  0  7 21 0 0 1 1 1 0 0 1 0 1 1 1 0 0
2014   2 28 11  9 59 609785  -25.67257 -136.57103    11135  49.4  0  0  7 20 0 0 1 1 1 0 0 1 1 0 1 1 0 0
2014   2 28 11  9 59 638411  -25.79313 -132.55956    14685  38.4  1  0  5 10 0 0 1 0 0 0 0 0 1 1 1 1 0 0
2014   2 28 11  9 59 676383  -26.18282 -132.67935    33916  71.2  2  0  6 15 0 0 1 1 0 0 0 1 0 1 1 0 0 1
2014   2 28 11  9 59 711865  -25.11908  -44.86448     5699  45.6  1  0  5  9 0 0 1 1 0 0 0 1 0 0 1 0 0 1
2014   2 28 11  9 59 726374  -25.21177  -44.87047     4291  39.2  0  0  6 11 0 0 1 0 1 0 0 1 0 1 0 1 0 1
2014   2 28 11 10  0 179747   15.64238  -80.97984    16046  66.4  2  0  5 10 0 0 0 1 1 0 0 1 1 0 1 0 0 0
2014   2 28 11 10  0 232158    4.96298    4.50311    13165  36.9  1  0  5 10 0 0 0 0 1 0 0 1 1 0 1 0 0 1
2014   2 28 11 10  0 281188  -15.17299   32.30173    23183  66.7  2  0  6 15 0 0 1 1 1 0 0 1 0 0 1 0 0 1
2014   2 28 11 10  0 372080  -17.79930   17.80956    10578  85.8  2  0  7 21 0 0 1 1 1 0 0 0 1 0 1 1 0 1
2014   2 28 11 10  0 587596  -15.16252 -142.42107    12559  64.6  1  0  7 21 0 0 1 1 1 0 0 1 0 0 1 1 0 1
2014   2 28 11 10  0 595262  -15.22437 -141.98393    18633  50.8  2  0  5 10 0 0 1 0 1 0 0 1 0 0 1 1 0 0
2014   2 28 11 10  0 716788    7.03817  -72.44749     6414  41.9  1  0  5 10 0 0 0 1 0 0 0 1 1 0 1 1 0 0
2014   2 28 11 10  1  97847   -7.02314   15.04223    17387  70.4  2  0  6 15 0 0 0 1 1 0 0 1 1 0 1 0 0 1
2014   2 28 11 10  1 640734  -12.01113  157.17647     8161   4.1  0  0  4  6 0 0 1 0 0 0 0 1 0 0 1 1 0 0
2014   2 28 11 10  1 783766    7.27711  -71.77924    13572  34.8  1  0  4  6 0 0 0 1 0 0 0 1 1 0 0 1 0 0
2014   2 28 11 10  1 947584    9.36390  -86.90089    14364  90.6  2  0  7 21 0 0 0 1 1 0 0 1 0 1 1 1 0 1
2014   2 28 11 10  2  76978    8.81110  -85.30814     6047  55.7  1  0  7 20 0 0 1 0 1 0 0 0 1 1 1 1 0 1
2014   2 28 11 10  2 748734  -20.14592 -144.30519    19174  77.8  2  0  6 15 0 0 1 1 1 0 0 1 0 0 1 1 0 0
2014   2 28 11 10  3 107989  -12.50760  157.87073   100788  18.2  0  0  4  6 0 0 1 1 0 0 0 1 0 0 1 0 0 0
2014   2 28 11 10  3 354943  -20.10281 -144.43079    20041  81.8  2  0  6 15 0 0 1 1 1 0 0 1 0 0 1 1 0 0
2014   2 28 11 10  3 367855  -19.89417 -145.10922    14640  36.5  1  0  5 10 0 0 1 1 0 0 0 1 0 0 1 1 0 0
2014   2 28 11 10  4 790055  -12.92811  158.36160   136738  28.0  1  0  4  6 0 0 1 1 0 0 0 1 0 0 1 0 0 0
2014   2 28 11 10  5 870134   -7.29219  172.06145    12864  29.9  0  0  5  7 0 0 1 0 0 0 0 1 1 0 1 1 0 0
2014   2 28 11 10  6 131340    2.05569  -84.09943     6339  76.6  2  0  7 20 0 0 1 0 1 0 0 0 1 1 1 1 0 1
2014   2 28 11 10  6 217239  -11.73255  156.92528    15524  92.3  2  0  6 15 0 0 1 1 1 0 0 1 0 0 1 1 0 0
2014   2 28 11 10  6 342376  -24.84011  -45.20860     5258  65.8  2  0  5 10 0 0 0 1 1 0 0 1 0 0 1 0 0 1
2014   2 28 11 10  6 524957    2.09183  -84.11082     6560  75.0  2  0  7 19 0 0 1 0 1 0 0 0 1 1 1 1 0 1
2014   2 28 11 10  6 610850    1.49571   -1.85064    13805  99.0  2  0  7 18 0 0 1 0 1 0 0 0 1 1 1 1 0 1
2014   2 28 11 10  6 640330  -17.96329  -61.12500     4477  32.0  1  0  5  9 0 0 0 0 1 0 0 0 0 1 1 1 0 1
2014   2 28 11 10  6 705623  -23.41957 -136.87502    14152  65.0  1  0  7 20 0 0 1 0 1 0 0 0 1 1 1 1 0 1
2014   2 28 11 10  6 743064  -22.94285 -140.85094    25387 107.4  2  0  6 15 0 0 1 1 1 0 0 1 0 0 1 1 0 0
2014   2 28 11 10  7 524614  -20.77496 -141.30418    13894  28.0  0  0  5 10 0 0 1 0 1 0 0 0 1 0 0 1 0 1
2014   2 28 11 10  7 557958  -20.86535 -142.52826    39302 135.9  2  0  7 20 0 0 1 1 1 0 0 1 1 1 1 0 0 0
2014   2 28 11 10  8 182261    0.08903    9.06322     8162   3.6  0  0  4  6 0 0 0 1 0 0 0 1 1 0 1 0 0 0
2014   2 28 11 10  8 667420  -23.75826   21.63132    12677   5.6  0  0  4  6 0 0 1 1 0 0 0 1 0 0 1 0 0 0
2014   2 28 11 10  8 724261  -23.67988   21.77375    11889   3.9  0  0  4  6 0 0 1 1 1 0 0 1 0 0 0 0 0 0
2014   2 28 11 10  9   7545  -22.27299  -46.13999     2883  31.2  0  0  7 16 0 0 1 0 1 0 0 1 1 1 1 0 0 1
2014   2 28 11 10  9 124112  -22.24195  -46.14350     2509   5.0  0  0  5 10 0 0 0 1 1 0 0 1 0 0 1 0 0 1
2014   2 28 11 10  9 732234  -13.75967  -38.55099     3495  55.6  1  0  7 21 0 0 1 1 1 0 0 0 1 1 0 1 0 1
2014   2 28 11 10  9 759282  -13.84756  -38.40887     2643  14.5  0  0  7 19 0 0 1 1 1 0 0 1 1 0 1 1 0 0
2014   2 28 11 10  9 818097  -22.20032  -46.36139     2613  29.4  0  0  7 20 0 0 1 1 1 0 0 1 0 1 0 1 0 1
2014   2 28 11 10  9 832289  -13.86937  -38.71231     3867  10.4  0  1  5 10 0 0 1 1 0 0 0 1 0 1 1 0 0 0
2014   2 28 11 10  9 850060    4.23755  -85.74886     5897  11.5  0  0  4  6 0 0 1 0 0 0 0 1 1 0 0 0 0 1
2014   2 28 11 10  9 900344  -22.16428  -46.40349     2838  23.2  0  0  6 15 0 0 1 0 1 0 0 1 1 1 0 1 0 0
2014   2 28 11 10  9 919068  -13.86865  -38.43006     3030  22.7  0  1  6 15 0 0 0 1 0 0 0 1 1 1 1 0 0 1
2014   2 28 11 10  9 976304  -22.20283  -46.38190     2992  28.2  0  1  6 11 0 0 0 0 1 0 0 1 0 1 1 1 0 1
2014   2 28 11 10  9 985507  -22.21725  -46.27754     2470  11.7  0  2  6 15 0 0 1 1 1 0 0 1 0 0 1 0 0 1
2014   2 28 11 10 10  89708  -13.85431  -38.45029     2904  23.7  0  2  6 15 0 0 1 0 0 0 0 1 1 1 0 1 0 1
2014   2 28 11 10 10 191803    4.30585  -85.84475     4393  15.0  0  0  5 10 0 0 1 0 1 0 0 1 0 0 1 1 0 0
2014   2 28 11 10 10 324256  -13.85624  -38.43296     2878  24.1  0  1  7 21 0 0 1 1 0 0 0 1 1 1 1 0 0 1
2014   2 28 11 10 10 406363  -13.88336  -38.36367     2675   9.4  0  0  6 14 0 0 0 1 1 0 0 1 1 0 1 0 0 1
2014   2 28 11 10 10 472606  -13.88269  -38.36183     2633   9.4  0  0  6 15 0 0 0 1 1 0 0 1 1 0 1 0 0 1
2014   2 28 11 10 10 508333  -13.81128  -38.47499     2859  10.8  0  1  5 10 0 0 1 0 0 0 0 0 1 0 1 1 0 1
2014   2 28 11 10 10 987257  -22.39972  -46.30133     2847  18.7  0  0  5 10 0 0 0 1 1 0 0 1 0 0 1 0 0 1
2014   2 28 11 10 11   5960  -30.27040 -134.31403     9195  37.9  0  0  7 19 0 0 1 1 0 0 0 1 1 0 1 1 0 1
2014   2 28 11 10 11  67959  -13.79621  -38.59687     2905  12.4  0  0  5 10 0 0 0 1 0 0 0 1 1 0 1 0 0 1
2014   2 28 11 10 11  83715  -13.88172  -38.35668     3342  11.2  0  0  4  6 0 0 0 1 0 0 0 1 1 0 0 0 0 1
2014   2 28 11 10 11 129121  -13.88096  -37.95233     5727  10.2  0  0  5 10 0 0 0 1 1 0 0 1 0 0 1 0 0 1
2014   2 28 11 10 11 358349  -22.38457  -46.34928     2695  21.5  0  1  6 15 0 0 1 1 1 0 0 1 0 0 1 0 0 1
2014   2 28 11 10 11 367042  -14.54267  -43.73924     3426  21.1  0  1  5 10 0 0 0 1 1 0 0 0 1 0 1 0 0 1
2014   2 28 11 10 11 379463  -14.58004  -43.68250     2552  22.1  0  0  7 21 0 0 1 1 1 0 0 1 1 0 1 0 0 1
2014   2 28 11 10 11 404304  -14.58858  -43.69121     2784  23.7  0  0  6 14 0 0 0 1 1 0 0 1 1 0 1 0 0 1
2014   2 28 11 10 11 480374    1.41282    1.17970     4516  19.6  0  0  7 21 0 0 1 1 1 0 0 1 1 0 1 0 0 1
2014   2 28 11 10 11 600225    1.47148    1.03678    10292  19.7  0  0  4  6 0 0 0 1 0 0 0 1 1 0 1 0 0 0
2014   2 28 11 10 11 720205    1.42639    1.14434     8801  24.8  0  0  5  9 0 0 0 1 1 0 0 1 1 0 1 0 0 0
2014   2 28 11 10 11 801424  -12.17905  157.19853     7957  22.4  0  0  5 10 0 0 1 1 0 0 0 1 0 0 1 1 0 0
2014   2 28 11 10 12 450384   -5.15057  149.30632    57285  36.4  1  0  5 10 0 0 1 0 1 0 0 1 0 0 1 0 0 1
2014   2 28 11 10 12 758312  -44.99775 -116.63290    33567  76.4  2  0  6 15 0 0 0 1 1 0 0 1 0 0 1 1 0 1
2014   2 28 11 10 12 849428   13.20931  -88.19140    41457  31.3  1  0  4  6 0 0 0 1 0 0 0 1 1 0 0 1 0 0
2014   2 28 11 10 12 896328  -12.50556  157.49947     6753  37.3  0  0  7 21 0 0 1 1 1 0 0 1 0 0 1 1 0 1
2014   2 28 11 10 13 740713  -34.35678  -37.60766     6364  39.8  1  0  5  9 0 0 1 1 1 0 0 0 0 0 1 0 0 1
2014   2 28 11 10 13 767345  -35.61007  -37.23782     4508  11.9  0 -1  6 11 0 0 0 1 1 0 0 1 1 0 1 0 0 1
2014   2 28 11 10 13 881464  -34.64528  -37.39039     3480  35.8  0  0  7 19 0 0 1 1 1 0 0 1 1 0 1 0 0 1
2014   2 28 11 10 14 369914  -34.89623  -37.35831     5153  41.2  1  0  6 15 0 0 1 1 1 0 0 1 0 0 1 0 0 1
2014   2 28 11 10 14 377789  -34.89214  -37.35004     6467  44.7  1  1  5 10 0 0 1 1 1 0 0 0 0 0 1 0 0 1
2014   2 28 11 10 14 670043  -21.88155 -137.40211     9920   7.6  0  0  4  6 0 0 1 0 0 0 0 1 0 0 1 1 0 0
2014   2 28 11 10 14 840356  -34.89117  -37.38013     5404  44.4  1  2  6 15 0 0 1 1 1 0 0 1 0 0 1 0 0 1
2014   2 28 11 10 14 849832  -35.00732  -36.98268     4440  58.1  1  0  7 20 0 0 1 1 1 0 0 1 1 0 1 0 0 1
2014   2 28 11 10 14 880256  -21.88170 -136.69235    11842  52.4  1  0  7 21 0 0 1 1 1 0 0 0 1 0 1 1 0 1
2014   2 28 11 10 15 109629  -12.05102  157.19339     8084   1.6  0  0  4  6 0 0 1 0 0 0 0 1 0 0 1 1 0 0
2014   2 28 11 10 15 224819  -34.59443  -37.21261     9188  65.2  2  0  5  9 0 0 1 1 0 0 0 1 1 0 0 0 0 1
2014   2 28 11 10 15 364010  -34.95124  -37.50193     5697  52.6  1  0  7 16 0 0 1 1 1 0 0 1 1 0 1 0 0 1
2014   2 28 11 10 15 779593  -33.81496  -38.15324    10762  51.7  1  1  6 11 0 0 0 0 0 0 0 1 1 1 1 1 0 1
2014   2 28 11 10 15 807137  -22.82098  -46.83519     4130  56.0  2  0  5 10 0 0 0 1 1 0 0 1 0 0 1 0 0 1
2014   2 28 11 10 16   2917  -10.14461  -57.16192     3556  53.1  1  0  6 15 0 0 1 1 0 0 0 1 0 0 1 1 0 1
2014   2 28 11 10 16 696251  -22.31381  -47.40565     4190  58.3  1  1  6 11 0 0 1 1 0 0 0 1 1 0 1 0 0 1
2014   2 28 11 10 16 726338  -22.25779  -47.57358     3611  80.2  2  0  7 20 0 0 1 1 0 0 0 1 0 1 1 1 0 1
2014   2 28 11 10 16 952411  -22.15942  -47.79570     5022  54.7  2  0  5  7 0 0 0 1 0 0 0 1 1 1 1 0 0 0
2014   2 28 11 10 16 996540  -22.31605  -47.33297     3259  63.7  1  0  7 20 0 0 1 1 1 0 0 1 1 0 1 0 0 1
2014   2 28 11 10 17 595630  -22.00076  -47.41825     3530  79.5  2  0  7 20 0 0 1 0 1 0 0 1 0 1 1 1 0 1
2014   2 28 11 10 18    444   -7.57072   14.70468    13759  75.5  2  0  6 15 0 0 1 1 1 0 0 0 1 0 1 0 0 1
2014   2 28 11 10 18 748146    1.27501    9.19432    14235  77.9  2  0  6 13 0 0 1 1 1 0 0 1 1 0 1 0 0 0
2014   2 28 11 10 19 248434    1.26021    9.76168    25781  84.1  2  0  6 14 0 0 0 1 1 0 0 1 1 0 1 0 0 1
2014   2 28 11 10 19 704146  -22.13859  -46.42102     3845  39.8  1  0  5 10 0 0 1 1 0 0 0 1 0 1 1 0 0 0
2014   2 28 11 10 19 987107  -22.31455  -47.81911     3506  72.0  2  0  7 21 0 0 1 1 0 0 0 1 1 1 1 1 0 0
2014   2 28 11 10 19 995095  -22.58741  -47.48247     4013 113.1  2  0  7 21 0 0 1 1 1 0 0 1 0 1 1 0 0 1
2014   2 28 11 10 21 932128    3.56664  -80.63066     6450  11.2  0  0  4  6 0 0 0 1 0 0 0 0 1 0 1 1 0 0
2014   2 28 11 10 22 453325    3.41364  -79.51947     5249   7.3  0  0  4  6 0 0 0 0 0 0 0 1 1 0 1 1 0 0
2014   2 28 11 10 22 867464    1.20071    0.48645    15220  67.8  2  0  6 14 0 0 1 0 1 0 0 0 1 0 1 1 0 1
2014   2 28 11 10 23  60363    1.19890    3.01459    15618 109.2  2  0  6 15 0 0 1 1 1 0 0 1 1 0 0 0 0 1
2014   2 28 11 10 23 347823    1.47881    3.47633    18269  77.2  2  0  5  9 0 0 1 1 0 0 0 1 1 0 1 0 0 0
2014   2 28 11 10 23 356835    1.27554    3.16952    12814 107.6  2  0  7 20 0 0 1 1 1 0 0 1 1 0 1 0 0 1
2014   2 28 11 10 23 377986    1.36269    3.30301    14696  95.6  2  1  6 14 0 0 1 1 0 0 0 1 1 0 1 0 0 1
2014   2 28 11 10 24 172707   -6.42841   13.00379     7404   1.0  0  0  4  6 0 0 0 1 0 0 0 1 1 0 1 0 0 0
2014   2 28 11 10 25 206895    3.88101  -89.61194     5347  39.5  0  0  7 19 0 0 1 1 1 0 0 1 1 0 1 1 0 0
2014   2 28 11 10 25 271157    3.63317  -89.26547     4798  14.3  0  0  5 10 0 0 1 1 1 0 0 0 1 0 1 0 0 0
2014   2 28 11 10 25 294054  -12.26054  157.26970    13970  37.2  1  0  5  9 0 0 1 1 1 0 0 1 0 0 0 1 0 0
2014   2 28 11 10 25 521394    7.45966  -68.26319     5730   7.7  0  0  4  6 0 0 0 1 0 0 0 1 1 0 0 1 0 0
2014   2 28 11 10 25 605487    2.19245    9.33154     9535   8.4  0  0  4  6 0 0 0 1 0 0 0 1 1 0 1 0 0 0
2014   2 28 11 10 25 831900    2.28926    9.01469     5272  13.4  0  0  6 14 0 0 1 1 1 0 0 1 1 0 1 0 0 0
2014   2 28 11 10 26  57792   -1.46107   29.03136    14210  15.2  0 -1  4  6 0 0 0 1 0 0 0 1 1 0 1 0 0 0
2014   2 28 11 10 26 363910  -25.28446  -44.59499     2892  28.3  0  0  7 20 0 0 1 1 1 0 0 1 1 0 1 0 0 1
2014   2 28 11 10 26 405162    4.13753    3.56082     8185  18.6  0  0  5 10 0 0 0 1 1 0 0 1 1 0 1 0 0 0
2014   2 28 11 10 26 584927  -12.30679  157.27098     9701  32.4  1  0  5 10 0 0 1 0 1 0 0 1 0 0 1 1 0 0
2014   2 28 11 10 26 968910  -12.11786  157.16324     9253  27.5  0  0  5  9 0 0 1 1 0 0 0 1 0 0 1 1 0 0
2014   2 28 11 10 27 991323  -13.33769  174.22475    19490  29.4  0  0  5 10 0 0 1 1 1 0 0 0 0 0 1 1 0 0
2014   2 28 11 10 28 487135  -12.07644  156.97855     7290  33.3  0  0  6 15 0 0 0 1 1 0 0 1 0 0 1 1 0 1
2014   2 28 11 10 29 276425   -8.08963   32.93816    13420  24.4  0 -1  5 10 0 0 0 0 1 0 0 1 1 0 1 0 0 1
2014   2 28 11 10 29 392210   -6.99794  165.39064     8534  37.4  0  0  6 15 0 0 1 1 1 0 0 1 0 0 1 1 0 0
2014   2 28 11 10 29 679492  -19.81739   23.10655    12407  51.4  1  0  6 11 0 0 1 0 0 0 0 1 1 0 1 1 0 1
2014   2 28 11 10 29 715436  -20.09523   22.75899    14295  27.2  0  0  5 10 0 0 1 0 1 0 0 1 0 0 1 0 0 1
2014   2 28 11 10 30 245025   22.00723  136.53226     3518   5.5  0  0  4  6 0 0 0 1 0 0 0 1 1 0 1 0 0 0
2014   2 28 11 10 30 270264    0.86548    9.74716    17078  31.1  1  0  4  6 0 0 0 1 0 0 0 1 1 0 1 0 0 0
2014   2 28 11 10 31  21282    2.47682    0.57551    10509  35.3  1  0  5  9 0 0 1 1 0 0 0 0 1 0 1 0 0 1
2014   2 28 11 10 31  56637    2.45589   -0.10627     8178  49.8  1  0  6 15 0 0 1 1 1 0 0 1 1 0 1 0 0 0
2014   2 28 11 10 31  79598    2.43012   -0.33507    10016  25.4  0  0  5  7 0 0 1 0 0 0 0 1 1 0 1 0 0 1
2014   2 28 11 10 32  23483    2.44797   -0.00200     8775  67.7  1  0  7 21 0 0 1 1 0 0 0 1 1 0 1 1 0 1
2014   2 28 11 10 32 153098  -12.83287  165.77196    34847  49.3  1  0  6 15 0 0 1 0 1 0 0 1 0 1 1 0 0 1
2014   2 28 11 10 32 195569   -9.51370  161.53069     7710   5.4  0  0  4  6 0 0 0 1 0 0 0 1 0 0 1 1 0 0
2014   2 28 11 10 32 253975   -9.94315  161.82124    16071  59.9  2  0  5 10 0 0 0 1 1 0 0 1 0 0 1 1 0 0
2014   2 28 11 10 32 260236   -9.56088  160.94249    26225   5.8  0  0  4  6 0 0 1 1 0 0 0 0 0 0 1 1 0 0
2014   2 28 11 10 33 565920  -17.16412   17.50529     8926  72.9  2 -1  7 21 0 0 1 0 1 0 0 1 1 0 1 1 0 1
2014   2 28 11 10 33 734688    5.28153   -2.27398    15093  81.1  2  0  6 13 0 0 1 1 0 0 0 1 1 0 1 1 0 0
2014   2 28 11 10 33 766618    5.38080   -1.52850    22314  73.7  2  0  6 15 0 0 1 1 1 0 0 0 0 0 1 1 0 1
2014   2 28 11 10 33 806218    4.75195   -2.65166     8801  69.6  1  0  7 20 0 0 1 1 1 0 0 1 1 0 1 0 0 1
2014   2 28 11 10 33 901375    4.72702   -3.00767    13187  36.0  1  2  4  6 0 0 0 0 0 0 0 1 1 0 1 0 0 1
2014   2 28 11 10 34 602843    4.20896  -90.26965     6743  35.2  1  0  5 10 0 0 1 1 0 0 0 1 0 0 1 1 0 0
2014   2 28 11 10 34 648203  -11.85188  156.83490    12108  68.7  2  0  6 15 0 0 1 1 1 0 0 1 0 0 1 1 0 0
2014   2 28 11 10 34 719280  -20.18515   25.61783    38865  87.1  2  0  5 10 0 0 1 1 1 0 0 1 0 0 0 0 0 1
2014   2 28 11 10 35  82464    1.29619    2.98839     9534  76.6  2  0  7 20 0 0 1 1 1 0 0 1 1 0 1 0 0 1
2014   2 28 11 10 35 137079    1.18125    3.22900    17917  85.7  2  0  6 14 0 0 0 1 1 0 0 1 1 0 1 0 0 1
2014   2 28 11 10 35 959911  -22.52056  -45.73552     3789  94.1  2  0  7 21 0 0 1 0 1 0 0 1 1 1 1 0 0 1
2014   2 28 11 10 35 981684  -22.64086  -45.69114     4423  87.9  2  0  6 15 0 0 1 1 1 0 0 1 0 0 1 0 0 1
2014   2 28 11 10 36 517705  -22.34907  -46.08544     4077  86.3  2  0  7 19 0 0 1 1 1 0 0 1 0 1 1 1 0 0
2014   2 28 11 10 36 525302  -22.33621  -46.11086     3692  80.8  2  0  7 21 0 0 1 1 1 0 0 1 0 1 1 1 0 0
2014   2 28 11 10 37 425539  -10.47816  170.42799    13140  35.0  1  0  5 10 0 0 1 1 0 0 0 1 0 0 1 1 0 0
2014   2 28 11 10 37 454669  -10.60660  170.66101     9371   7.6  0  0  4  6 0 0 1 0 0 0 0 1 0 0 1 1 0 0
2014   2 28 11 10 37 650388  -17.27710   18.46637    10959 100.1  2  0  7 21 0 0 1 1 1 0 0 1 1 0 1 0 0 1
2014   2 28 11 10 37 997155   14.63443  141.33176     6952  79.4  2  0  6 15 0 0 0 1 1 0 0 1 0 1 1 0 0 1
2014   2 28 11 10 38 932159    4.29156  -85.31513     7053  84.9  2  0  7 21 0 0 1 0 1 0 0 0 1 1 1 1 0 1
2014   2 28 11 10 39 683407    2.98652  142.73006    38346  72.9  2  0  5 10 0 0 1 0 1 0 0 1 0 0 1 0 0 1
2014   2 28 11 10 40 184914  -12.44254  157.58780     8549   7.2  0  0  4  6 0 0 1 0 0 0 0 1 0 0 1 1 0 0
2014   2 28 11 10 40 185890  -24.00683   42.70177    10348  11.9  0  0  5 10 0 0 0 1 1 0 0 1 1 0 0 0 0 1
2014   2 28 11 10 40 227501  -24.01179   42.63676     5306  11.3  0  0  5 10 0 0 1 1 1 0 0 0 1 0 1 0 0 0
2014   2 28 11 10 40 253014   23.84436 -138.37616    19957  23.5  0  0  5 10 0 0 0 1 1 0 0 1 0 0 1 1 0 0
2014   2 28 11 10 40 674756  -28.77544 -137.01543    12948  14.8  0  0  6 13 0 0 1 1 0 0 0 1 1 1 0 0 0 1
2014   2 28 11 10 40 745621  -28.16541 -138.83675     8843  17.7  0  0  6 14 0 0 1 1 1 0 0 1 0 0 1 1 0 0
2014   2 28 11 10 40 855988  -28.20478 -138.99661     8498  12.0  0  0  5 10 0 0 1 1 0 0 0 1 0 0 0 1 0 1
2014   2 28 11 10 41 291851  -18.52459 -138.10829     9374  12.5  0  0  6 15 0 0 0 1 1 0 0 1 0 1 0 1 0 1
2014   2 28 11 10 41 680304   -3.36881  -72.37153     3533   3.3  0  0  4  6 0 0 0 1 0 0 0 1 0 0 1 1 0 0
2014   2 28 11 10 41 793084  -14.58515  -43.67896     2712  18.9  0 -1  6 15 0 0 1 0 0 0 0 1 1 1 0 1 0 1
2014   2 28 11 10 42 244786  -32.27140   21.64238     4960  24.2  0  0  6 15 0 0 1 1 1 0 0 1 1 0 1 0 0 0
2014   2 28 11 10 42 739974   -0.86768    6.25102     8267   8.6  0 -3  4  6 0 0 0 1 0 0 0 1 1 0 1 0 0 0
2014   2 28 11 10 42 825475  -40.93401  -66.04747     5267  32.6  0  0  6 14 0 0 1 1 1 0 0 0 0 1 1 0 0 1
2014   2 28 11 10 42 833112  -41.18593  -65.57565     8662  40.7  1  0  5  7 0 0 1 1 1 0 0 1 0 0 1 0 0 0
2014   2 28 11 10 42 868310  -41.22054  -65.66702     6840  41.6  1  0  6 11 0 0 1 1 1 0 0 1 1 0 1 0 0 0
2014   2 28 11 10 42 905014  -41.10777  -65.89400     4053  36.1  0  0  6 11 0 0 1 1 1 0 0 0 0 0 1 1 0 1
2014   2 28 11 10 43  28923   -0.80516    6.17474     8743  10.8  0  0  4  6 0 0 0 1 0 0 0 1 1 0 1 0 0 0
2014   2 28 11 10 43 317270   -3.08798  -72.46278     3296  31.8  0  0  7 19 0 0 1 1 1 0 0 0 1 0 1 1 0 1
2014   2 28 11 10 43 674182  -33.98964  -37.85738     4785  15.5  0  0  5  9 0 0 0 0 1 0 0 0 1 0 1 1 0 1
2014   2 28 11 10 43 698460  -34.15198  -37.98687     4557  37.2  0  0  6 15 0 0 1 1 1 0 0 1 0 0 1 0 0 1
2014   2 28 11 10 43 827765  -34.28787  -37.82642     6351  29.9  1  0  4  6 0 0 1 1 0 0 0 0 0 0 1 0 0 1
2014   2 28 11 10 44 110721  -20.68448   38.58517    32680  34.1  1  0  5 10 0 0 1 1 1 0 0 0 0 0 1 0 0 1
2014   2 28 11 10 44 165151    5.35139   -2.52364     9628  16.9  0  0  4  6 0 0 0 1 0 0 0 1 1 0 1 0 0 0
2014   2 28 11 10 44 788473    1.24891    3.74167    10857  19.1  0  0  4  6 0 0 0 1 0 0 0 1 1 0 1 0 0 0
2014   2 28 11 10 44 864031    4.12852   10.14716    63372  28.2  1  0  4  6 0 0 0 1 0 0 0 1 0 0 1 0 0 1
2014   2 28 11 10 45  27941    3.44632    7.94594    13916  21.9  1  0  4  6 0 0 0 1 0 0 0 1 1 0 1 0 0 0
2014   2 28 11 10 45 888882    2.38665    9.49022    13040  47.6  1  0  6 15 0 0 0 1 1 0 0 1 1 0 1 0 0 1
2014   2 28 11 10 46 275915    3.62707    5.74731    15309  27.6  1  0  4  6 0 0 0 1 0 0 0 1 1 0 1 0 0 0
2014   2 28 11 10 46 473086  -21.00673 -136.86488    17368  47.9  1  0  6 11 0 0 1 0 1 0 0 1 1 0 1 1 0 0
2014   2 28 11 10 46 518993  -21.11066 -135.52435     7952  33.9  0  0  7 21 0 0 1 0 1 0 0 0 1 1 1 1 0 1
2014   2 28 11 10 46 526783    3.50785  169.52040    22739  51.6  2  0  5 10 0 0 0 1 1 0 0 0 1 1 0 0 0 1
2014   2 28 11 10 46 614319  -20.93683 -136.66554    12249  56.4  1  0  7 21 0 0 1 1 1 0 0 0 1 0 1 1 0 1
2014   2 28 11 10 46 658207  -20.94247 -136.66841    12270  56.4  1  0  7 21 0 0 1 1 1 0 0 0 1 0 1 1 0 1
2014   2 28 11 10 46 680785  -20.78927 -137.89485     7962  14.2  0  0  5 10 0 0 1 1 0 0 0 1 0 0 1 1 0 0
2014   2 28 11 10 46 860703    2.33273    0.97373    13101  54.9  1  0  6 15 0 0 0 0 1 0 0 1 1 0 1 1 0 1
2014   2 28 11 10 47 365561    4.91551    4.75939     8655  55.6  1  0  7 20 0 0 1 1 1 0 0 1 1 0 1 0 0 1
2014   2 28 11 10 47 434008  -41.41007  -65.83029     7099  78.2  2  0  7 21 0 0 1 1 1 0 0 1 0 1 1 0 0 1
2014   2 28 11 10 47 442058    3.31654    7.38884    21487  66.5  2  0  5  9 0 0 0 1 1 0 0 1 1 0 1 0 0 0
2014   2 28 11 10 47 459099    4.86899    4.46148     9299  15.6  0  1  4  6 0 0 1 0 0 0 0 1 1 0 0 0 0 1
2014   2 28 11 10 47 474658  -41.25025  -66.57111    13675  72.9  2  0  5  9 0 0 1 1 1 0 0 0 0 1 1 0 0 0
2014   2 28 11 10 47 483212    5.02777    4.51102    17737  33.6  1  0  4  6 0 0 0 1 0 0 0 1 1 0 1 0 0 0
2014   2 28 11 10 47 767299    5.03733    4.54024    18509  35.5  1  0  4  6 0 0 0 1 0 0 0 1 1 0 1 0 0 0
2014   2 28 11 10 47 796198  -41.49959  -65.54899    11563  77.0  2  0  5 10 0 0 1 1 1 0 0 1 0 0 1 0 0 0
2014   2 28 11 10 48 253650    3.24402  -79.46768     8577  32.3  1  0  4  6 0 0 0 1 0 0 0 1 0 0 1 1 0 0
2014   2 28 11 10 48 663863  -23.46605  -62.44243     2970   4.3  0  0  4  6 0 0 1 1 0 0 0 0 0 0 1 1 0 0
2014   2 28 11 10 48 790004    3.40373    1.97273    15615  55.9  2  0  5 10 0 0 0 1 0 0 0 1 1 0 1 0 0 1
2014   2 28 11 10 49 317469  -20.82587 -141.16782    11298  46.4  0  0  7 20 0 0 1 0 1 0 0 0 1 1 1 1 0 1
2014   2 28 11 10 49 382807  -20.54737 -143.18921    19957  66.0  2  0  6 14 0 0 1 0 1 0 0 1 1 0 1 1 0 0
2014   2 28 11 10 49 445783  -31.66502 -130.06226    40901  78.6  2  0  6 15 0 0 1 1 1 0 0 1 0 0 1 0 0 1
2014   2 28 11 10 49 588604    5.22941  -84.12575    10668  32.7  1  0  4  6 0 0 0 1 0 0 0 1 0 0 1 1 0 0
2014   2 28 11 10 49 756830    5.05404  -83.74815     6994  86.2  2  0  7 21 0 0 1 1 1 0 0 1 1 0 1 1 0 0
2014   2 28 11 10 49 778257  -20.35542 -144.85605    25139  80.7  2  0  7 21 0 0 0 1 1 0 0 1 1 0 1 1 0 1
2014   2 28 11 10 49 823609  -20.19437 -144.69679    10524  22.3  0  0  5 10 0 0 1 1 0 0 0 1 0 0 1 1 0 0
2014   2 28 11 10 50 543271   15.06928 -127.19974    21522  20.0  0  0  4  6 0 0 0 1 0 0 0 1 0 0 1 1 0 0
2014   2 28 11 10 51 104750  -19.92451   17.31575     8327  72.3  2  0  7 21 0 0 1 0 1 0 0 1 1 1 1 0 0 1
2014   2 28 11 10 51 162496  -19.79382   17.27586     9589  83.9  2  0  7 21 0 0 1 0 1 0 0 1 1 0 1 1 0 1
2014   2 28 11 10 51 192436  -19.74813   18.11235    11367 106.9  2  0  7 21 0 0 1 1 0 0 0 1 1 0 1 1 0 1
2014   2 28 11 10 51 240824  -19.93597   18.15711    14081  95.0  2  0  6 15 0 0 1 1 1 0 0 0 1 0 1 0 0 1
2014   2 28 11 10 51 539271  -19.87270   18.79571    10319  46.5  1  0  5 10 0 0 1 1 0 0 0 1 1 0 1 0 0 0
2014   2 28 11 10 51 590447  -21.47572 -140.41512    37449 105.3  2  0  7 21 0 0 1 1 1 0 0 1 0 1 1 0 0 1
2014   2 28 11 10 51 645985  -20.27444 -143.08594    15809  72.6  2  0  7 21 0 0 1 0 1 0 0 1 1 0 1 1 0 1
2014   2 28 11 10 51 918176   38.31920  173.18280     6217  19.2  0  0  4  6 0 0 1 0 0 0 0 1 1 0 1 0 0 0
2014   2 28 11 10 52  17736  -19.89256 -144.77293     9787   4.6  0  0  4  6 0 0 1 0 0 0 0 1 0 0 1 1 0 0
2014   2 28 11 10 52 524499  -22.46805  -47.05412     3774  24.7  1  0  4  6 0 0 1 0 0 0 0 0 0 1 1 0 0 1
2014   2 28 11 10 52 727815  -14.11261  -37.51710     4372  75.5  2  0  7 21 0 0 1 1 0 0 0 1 1 0 1 1 0 1
2014   2 28 11 10 52 757391  -14.27804  -39.63993     4730  85.2  2  0  6 14 0 0 1 1 1 0 0 1 0 0 1 0 0 1
2014   2 28 11 10 53 277129  -33.58327   24.85006    10154  47.9  1  1  5 10 0 0 1 0 0 0 0 1 1 0 1 0 0 1
2014   2 28 11 10 53 366395    3.52182  -10.32807     9629  87.6  2  0  7 19 0 0 1 0 1 0 0 1 1 0 1 1 0 1
2014   2 28 11 10 53 737487  -34.28974  -37.81081     5597 100.2  2  2  7 20 0 0 1 1 0 0 0 1 1 1 1 0 0 1
2014   2 28 11 10 53 745569  -34.26485  -37.43476     5177  92.3  2  1  7 20 0 0 1 0 1 0 0 1 1 1 1 0 0 1
2014   2 28 11 10 53 777047  -34.21668  -37.46225     5008  99.5  2  1  7 21 0 0 1 0 1 0 0 1 1 1 1 1 0 0
2014   2 28 11 10 53 841599  -34.19582  -38.09140     9109  97.9  2  2  6 15 0 0 1 1 1 0 0 1 0 0 1 0 0 1
2014   2 28 11 10 53 853409  -34.15103  -38.16933     8809  97.8  2  2  7 16 0 0 1 1 1 0 0 1 0 0 1 1 0 1
2014   2 28 11 10 54  85110  -34.17908  -38.19718     9239 100.1  2  1  6 15 0 0 1 1 1 0 0 1 0 0 1 0 0 1
2014   2 28 11 10 54 139821  -32.72419  -39.53304     7375  32.1  1 -2  5 10 0 0 0 1 1 0 0 1 0 0 1 0 0 1
2014   2 28 11 10 54 285393    3.15544  -86.63770    16976 115.0  2  0  6 14 0 0 0 1 1 0 0 1 1 0 1 1 0 0
2014   2 28 11 10 54 309082  -32.74917  -39.56726     7640  33.8  1  0  5 10 0 0 0 1 1 0 0 1 0 0 1 0 0 1
2014   2 28 11 10 54 443569    9.07306  -73.17085    11142 110.4  2  0  6 15 0 0 0 1 1 0 0 1 1 0 1 1 0 0
2014   2 28 11 10 56 109988  -12.29308  -72.68673     3389  22.8  0  0  7 19 0 0 0 1 1 0 0 1 1 1 1 1 0 0
2014   2 28 11 10 56 143902  -12.28220  -72.72109     2616  11.7  0  0  7 16 0 0 1 1 0 0 0 1 1 0 1 1 0 1
2014   2 28 11 10 56 201768  -12.32013  -72.74518     3221  19.9  0  0  7 21 0 0 0 1 1 0 0 1 0 1 1 1 0 1
2014   2 28 11 10 56 388604  -13.75881  -38.43250     2679  22.9  0  0  7 21 0 0 0 0 1 0 0 1 1 1 1 1 1 0
2014   2 28 11 10 56 469108  -13.75857  -38.42337     2479  62.9  1  0  7 21 0 0 1 1 1 0 0 1 1 0 0 1 0 1
2014   2 28 11 10 56 513373   15.44760  -80.53819     4734   7.5  0  0  6 15 0 0 0 0 1 0 0 1 1 0 1 1 0 1
2014   2 28 11 10 56 531096    7.15807  -77.66978     3745   7.8  0  0  6 11 0 0 1 1 0 0 0 0 1 0 1 1 0 1
2014   2 28 11 10 56 607300  -12.27867  -72.59031     3634  27.6  0  0  7 20 0 0 1 1 1 0 0 1 1 1 1 0 0 0
2014   2 28 11 10 56 762454    7.16737  -77.67397     4177   4.8  0  0  5  7 0 0 1 1 0 0 0 1 0 0 1 1 0 0
2014   2 28 11 10 56 858643  -12.39247  -72.50591     3655  21.3  0  0  6 15 0 0 1 1 0 0 0 1 0 1 1 0 0 1
2014   2 28 11 10 56 999830    2.58888  -85.17488     3867  21.4  0  0  6 14 0 0 1 1 1 0 0 1 1 0 0 1 0 0
2014   2 28 11 10 57  42880  -21.66298 -135.03996     6578   8.9  0  0  7 21 0 0 1 1 1 0 0 1 1 0 1 0 0 1
2014   2 28 11 10 57 237756  -22.49686  -45.73091     2647  30.8  0  0  7 21 0 0 1 1 1 0 0 1 0 1 1 0 0 1
2014   2 28 11 10 58  59107  -22.40995  -46.31062     2683  13.9  0  1  5 10 0 0 0 1 1 0 0 1 0 0 1 0 0 1
2014   2 28 11 10 58 339322    1.12543    8.64146    14312  17.8  0  0  5 10 0 0 1 1 1 0 0 1 0 0 1 0 0 0
2014   2 28 11 10 58 355480   21.33114   -2.08810    23214  25.1  0  0  6 14 0 0 1 1 1 0 0 0 0 0 1 1 0 1
2014   2 28 11 10 58 487647    2.25400  -20.64896     6590  14.5  0  0  5  9 0 0 1 1 1 0 0 1 0 0 0 1 0 0
2014   2 28 11 10 58 492451    2.46869   -0.19697     7095   3.7  0  0  4  6 0 0 0 1 0 0 0 1 1 0 1 0 0 0
2014   2 28 11 10 58 526412    1.17613    8.78393     6519   5.2  0  0  5  7 0 0 1 1 0 0 0 1 1 0 1 0 0 0
2014   2 28 11 10 58 653840    2.11691  -84.65968     3445  22.0  0  0  7 20 0 0 1 1 0 0 0 1 1 0 1 1 0 1
2014   2 28 11 10 58 869946    0.37236    7.17099     8115   5.2  0  0  4  6 0 0 0 1 0 0 0 1 1 0 1 0 0 0
2014   2 28 11 10 58 929338  -41.46548  -68.03843   114319  92.8  2  1  7 20 0 0 0 1 1 0 0 1 1 1 1 0 0 1
2014   2 28 11 10 58 952230  -40.60860  -66.27586     6871  33.2  1  0  5  9 0 0 1 1 1 0 0 1 0 0 1 0 0 0
2014   2 28 11 10 58 974236  -31.25874  -57.43802     4428  64.1  1  0  7 20 0 0 1 1 1 0 0 1 1 0 1 0 0 1
2014   2 28 11 10 58 993825  -40.44571  -67.08514     5278  31.6  0  1  6 15 0 0 1 1 1 0 0 0 0 1 1 0 0 1
2014   2 28 11 10 59  30457  -40.57589  -66.59156     3766  43.0  0  0  7 19 0 0 1 1 1 0 0 1 1 0 0 1 0 1
2014   2 28 11 10 59 248226  -40.58464  -66.32559     6432  30.6  1  0  5  9 0 0 1 1 0 0 0 1 0 0 1 0 0 1
2014   2 28 11 10 59 384041    1.19483    4.03719     8617  24.2  0  0  5 10 0 0 0 1 1 0 0 1 1 0 1 0 0 0
2014   2 28 11 10 59 392879    1.23389    3.87961     8160   8.1  0  0  4  6 0 0 0 1 0 0 0 1 1 0 1 0 0 0
2014   2 28 11 10 59 834806    4.76573   -2.74169     8756  26.9  0  1  5  9 0 0 1 1 1 0 0 1 1 0 0 0 0 0
2014   2 28 11 11  0  21124   -4.53753  148.41451    52050  37.1  1  0  5 10 0 0 1 0 1 0 0 1 0 0 1 0 0 1
2014   2 28 11 11  0  57375   -7.48056  151.81891    44484  31.6  1  0  5 10 0 0 1 1 0 0 0 1 0 0 1 0 0 1
2014   2 28 11 11  0  66563   -6.07293  150.28796     5153  27.1  1  0  4  6 0 0 1 0 0 0 0 1 1 0 1 0 0 0
2014   2 28 11 11  0 505343  -12.11502  157.04796    10441  37.6  1  0  5  9 0 0 1 1 1 0 0 1 0 0 0 1 0 0
2014   2 28 11 11  0 732775    4.80156   -2.85254     8620  27.8  0  0  5  9 0 0 0 1 0 0 0 1 1 0 1 0 0 1
2014   2 28 11 11  1 120427  -12.72781  157.64713     9233  41.1  1  0  6 15 0 0 1 1 0 0 0 1 0 1 0 1 0 1
2014   2 28 11 11  2  99389  -12.11004  156.80730     8981  45.7  1  0  6 14 0 0 1 1 1 0 0 1 0 0 0 1 0 1
2014   2 28 11 11  2 116917   -9.23833  153.93433    53930  11.4  0  0  4  6 0 0 1 1 0 0 0 1 0 0 1 0 0 0
2014   2 28 11 11  2 229150  -12.02806  157.16180     6861  15.5  0  0  5 10 0 0 1 1 0 0 0 1 0 0 1 1 0 0
2014   2 28 11 11  2 282717  -12.14516  156.81383     7056  14.7  0  0  5  9 0 0 1 1 0 0 0 1 0 0 1 1 0 0
2014   2 28 11 11  2 320366   -7.58132  171.77548     6279  41.8  0  0  7 21 0 0 0 1 1 0 0 1 1 0 1 1 0 1
2014   2 28 11 11  2 399199  -12.28005  156.85889     8932  16.2  0  0  5  9 0 0 1 1 0 0 0 1 0 0 1 1 0 0
2014   2 28 11 11  2 529712   -7.57286  171.70561     8363  31.5  1  0  5 10 0 0 0 1 0 0 0 1 1 0 0 1 0 1
2014   2 28 11 11  2 843174   -7.45547  171.93773    12500   1.5  0  0  4  6 0 0 1 1 0 0 0 0 0 0 1 1 0 0
2014   2 28 11 11  2 927338  -12.76089  157.21393    15723  55.6  2  0  5 10 0 0 1 0 1 0 0 1 0 1 0 1 0 0
2014   2 28 11 11  2 982978   -7.37662  171.83551    20575   0.7  0  0  4  6 0 0 1 1 0 0 0 1 0 0 1 0 0 0
2014   2 28 11 11  3  16740  -12.12617  156.66986     8648  14.9  0  0  5  9 0 0 1 1 0 0 0 1 0 0 1 1 0 0
2014   2 28 11 11  3 168688   -5.30606  -72.16922     5724  79.9  2  0  6 15 0 0 1 1 1 0 0 0 0 1 0 1 0 1
2014   2 28 11 11  3 301103  -12.13729  -71.96995     4582  57.1  1  0  7 21 0 0 1 0 1 0 0 1 1 1 1 0 0 1
2014   2 28 11 11  3 424198  -11.89463  -72.42172     4845  68.5  2  0  6 15 0 0 1 1 1 0 0 0 0 0 1 1 0 1
2014   2 28 11 11  3 550546   -5.27420  -72.15645     7125  55.1  2  0  5  8 0 0 1 0 1 0 0 1 0 0 1 1 0 0
2014   2 28 11 11  3 627112   -5.33067  -72.08426     4022  57.1  1  0  7 21 0 0 1 0 1 0 0 1 1 1 0 1 0 1
2014   2 28 11 11  3 776928  -33.02950   19.47069    29720  61.3  2 -1  5 10 0 0 1 1 1 0 0 1 0 0 1 0 0 0
2014   2 28 11 11  3 875626    0.94445    9.31230     8335  55.7  1  0  7 20 0 0 1 1 1 0 0 1 1 0 1 0 0 1
2014   2 28 11 11  3 901462    0.97435    9.39717    10196  56.9  1  1  6 14 0 0 1 1 1 0 0 1 1 0 1 0 0 0
2014   2 28 11 11  4  10484    0.94673    9.68691    15036  58.9  1  0  6 15 0 0 0 1 1 0 0 1 1 0 1 0 0 1
2014   2 28 11 11  4  79483    0.97433    9.64045    15852  59.3  1  0  6 11 0 0 1 1 1 0 0 1 1 0 1 0 0 0
2014   2 28 11 11  4 283108  -11.86380  -72.45361     4883  57.5  1  0  6 11 0 0 1 0 1 0 0 1 1 0 0 1 0 1
2014   2 28 11 11  4 397995  -15.30462   32.31460    35818  68.6  2  0  5 10 0 0 1 1 1 0 0 1 0 0 1 0 0 0
2014   2 28 11 11  4 996082   17.39610  -40.51723     2914   3.6  0  0  4  6 0 0 0 1 1 0 0 0 1 0 0 1 0 0
2014   2 28 11 11  5  52577    1.20447    3.97445    28196  68.2  2  0  6 15 0 0 1 1 1 0 0 1 0 0 1 0 0 1
2014   2 28 11 11  5 833819  -25.85292 -140.87100    16730  20.2  1  0  4  6 0 0 1 1 0 0 0 0 0 0 1 1 0 0
2014   2 28 11 11  5 958697  -26.16526 -137.58565    21633  92.6  2  0  7 16 0 0 1 1 0 0 0 0 1 1 1 1 0 1
2014   2 28 11 11  5 970759  -21.68233 -172.98357    24630  19.1  0  0  4  6 0 0 1 1 0 0 0 0 0 0 1 1 0 0
2014   2 28 11 11  6   9945  -25.84656 -140.62813    14371  20.2  1  0  4  6 0 0 1 1 0 0 0 1 0 0 0 1 0 0
2014   2 28 11 11  6  70039  -23.70086   22.11546     8613  75.0  2  0  7 21 0 0 1 1 1 0 0 1 1 0 1 0 0 1
2014   2 28 11 11  6 168342  -23.69638   22.12300     8658  75.4  2  0  7 21 0 0 1 1 1 0 0 1 1 0 1 0 0 1
2014   2 28 11 11  6 446118  -13.79685 -141.31119    28532  22.8  1  0  4  6 0 0 1 1 0 0 0 1 0 0 1 0 0 0
2014   2 28 11 11  7 518536    4.59331    5.49304    22593  73.6  2  0  5 10 0 0 0 1 0 0 0 1 1 0 1 0 0 1
2014   2 28 11 11  8  56053    4.19271  -93.30165    14898  35.9  1  0  4  6 0 0 0 1 0 0 0 1 0 0 1 1 0 0
2014   2 28 11 11  8 355402    0.64163    9.96360    19617 110.4  2  0  7 19 0 0 1 1 1 0 0 0 1 0 1 1 0 1
2014   2 28 11 11  8 637336  -11.41366  -42.12366     4821  70.2  2  0  5 10 0 0 0 1 1 0 0 1 0 0 1 0 0 1
2014   2 28 11 11  9  23113  -29.12914  -41.94870     5670  38.0  1  0  5 10 0 0 0 1 1 0 0 1 0 0 1 0 0 1
2014   2 28 11 11  9 197978   -9.66834  161.43123    15792  66.5  2  0  5 10 0 0 1 0 0 0 0 1 0 0 1 1 0 1
2014   2 28 11 11  9 245529   -9.61988  161.30823    13194  93.0  2  0  7 21 0 0 1 1 1 0 0 1 0 0 1 1 0 1
2014   2 28 11 11  9 320298   -9.66180  161.62016     9966  16.8  0  0  4  6 0 0 1 0 0 0 0 1 0 0 1 1 0 0
2014   2 28 11 11  9 424975   -9.60876  161.59279     9973  17.0  0  0  4  6 0 0 1 0 0 0 0 1 0 0 1 1 0 0
2014   2 28 11 11  9 487745  -29.82566  -40.90741     5652 101.2  2 -1  6 15 0 0 1 0 1 0 0 1 1 1 1 0 0 0
2014   2 28 11 11  9 506058  -30.76826 -110.22226    12313  26.0  1  0  4  6 0 0 1 0 0 0 0 1 0 0 1 1 0 0
2014   2 28 11 11  9 509292  -29.14056  -41.98403     5705  38.4  1  0  5 10 0 0 0 1 1 0 0 1 0 0 1 0 0 1
2014   2 28 11 11  9 725945  -34.15171  -38.58849     8788  95.6  2  0  6 15 0 0 1 1 1 0 0 1 0 0 1 0 0 1
2014   2 28 11 11  9 885421  -14.13561  167.50215   156973  85.9  2  0  5 10 0 0 1 0 1 0 0 1 0 0 1 0 0 1
2014   2 28 11 11 10  67873    3.97341  149.45731    58050 109.7  2  0  6 15 0 0 1 1 1 0 0 0 0 0 1 1 0 1
2014   2 28 11 11 11 157122  -11.94335  156.83376    13898 104.9  2  0  7 21 0 0 1 1 1 0 0 1 0 0 1 1 0 1
2014   2 28 11 11 11 298768    9.75953  -61.56978     3301   8.5  0  0  4  6 0 0 0 1 0 0 0 0 1 0 1 1 0 0
2014   2 28 11 11 28 105400  -41.33072  -65.55543     2832  16.6  0  0  7 20 0 0 1 1 1 0 0 1 0 1 0 1 0 1
2014   2 28 11 11 28 134777  -41.52382  -65.50723     3856   6.7  0  0  5 10 0 0 1 1 1 0 0 1 0 0 0 0 0 1
2014   2 28 11 11 28 189236  -41.49195  -65.71099     2868  16.7  0 -1  7 19 0 0 1 1 1 0 0 1 0 1 0 1 0 1
2014   2 28 11 11 28 268489   -4.09643  -72.09945     2622   6.4  0  0  6 15 0 0 1 0 1 0 0 1 1 0 0 1 0 1
2014   2 28 11 11 28 536611    1.16357    8.43618     4760  19.1  0  0  7 21 0 0 1 1 1 0 0 1 1 0 0 1 0 1
2014   2 28 11 11 28 593345    1.12808    8.34926     6840   5.7  0  0  5 10 0 0 0 1 1 0 0 1 1 0 0 0 0 1
2014   2 28 11 11 30 246509  -37.91118   39.67027    20461  20.6  1  0  4  6 0 0 0 1 1 0 0 1 1 0 0 0 0 0
2014   2 28 11 11 30 608267    5.23590    5.37032    12641  15.6  0 -1  4  6 0 0 0 1 1 0 0 1 1 0 0 0 0 0
2014   2 28 11 11 30 625313  -13.29238   19.69550    15196  19.7  0  0  4  6 0 0 0 1 1 0 0 1 1 0 0 0 0 0
2014   2 28 11 11 30 788577  -20.48027 -142.97083    17155  39.1  0  0  7 20 0 0 0 1 1 0 0 1 1 1 0 1 0 1
2014   2 28 11 11 31 703001  -33.00012   19.51417    14176  25.8  0  0  5 10 0 0 1 1 1 0 0 1 0 0 0 0 0 1
2014   2 28 11 11 33 254356    4.92127  -83.49390     4457  41.4  0  0  7 21 0 0 1 1 1 0 0 1 1 0 0 1 0 1
2014   2 28 11 11 35 644180  -30.80201 -129.29008    18130  70.2  2  0  6 11 0 0 1 1 1 0 0 1 1 0 0 1 0 0
2014   2 28 11 11 35 778549    4.62693  -85.27563     5716  61.5  1  0  7 21 0 0 1 1 1 0 0 1 1 0 0 1 0 1
2014   2 28 11 11 36 558800  -23.25278 -141.45744    26126  79.0  2  0  7 20 0 0 0 1 1 0 0 1 1 1 0 1 0 1
2014   2 28 11 11 36 614043  -23.26679 -139.06958    21721  71.0  2  0  6 14 0 0 1 1 1 0 0 0 1 0 0 1 0 1
2014   2 28 11 11 36 760743  -45.47186  -60.51102     8844  74.8  2  0  7 19 0 0 1 1 1 0 0 1 1 1 0 0 0 1
2014   2 28 11 11 37  39742  -20.21779   25.78956    28631  58.8  2  0  5 10 0 0 0 1 1 0 0 1 1 0 0 0 0 1
2014   2 28 11 11 37 568187  -21.68257 -137.42656    23045  76.3  2  0  5 10 0 0 1 1 1 0 0 1 0 0 0 1 0 0
2014   2 28 11 11 37 616293    2.47325    0.16779    13354  93.8  2  1  6 14 0 0 1 1 1 0 0 1 1 0 0 1 0 0
2014   2 28 11 11 38 116701    1.89967   -2.23455    12191  65.9  2  0  5  9 0 0 1 1 0 0 0 1 1 0 0 0 0 1
2014   2 28 11 11 38 190320    1.93389   -2.69258    16963 100.7  2  0  6 15 0 0 0 1 1 0 0 1 1 0 0 1 0 1
2014   2 28 11 11 38 237947    1.50284    2.16250    12790  21.5  1  0  4  6 0 0 1 1 0 0 0 1 0 0 0 1 0 0
2014   2 28 11 11 39   9021   -9.94175  178.58975    16358  49.5  1  0  5  9 0 0 1 0 0 0 0 1 1 0 0 1 0 1
2014   2 28 11 11 40 818707  -22.49129  -45.77290     4906  91.6  2  0  6 11 0 0 1 0 1 0 0 1 1 1 0 0 0 1
2014   2 28 11 11 41 547225  -22.54278  -45.85695     4793 109.6  2  0  6 15 0 0 1 1 1 0 0 1 0 1 0 0 0 1
2014   2 28 11 11 42 678779  -11.97178  -73.20102     5806 123.1  2  0  7 20 0 0 1 1 1 0 0 1 1 0 0 1 0 1
2014   2 28 11 11 42 698940  -12.36468  -79.79955    27160  50.7  1  0  6 11 0 0 0 1 1 0 0 1 1 1 0 0 0 1
2014   2 28 11 11 42 718686  -12.06182  -72.85884     5240  98.3  2  0  7 21 0 0 1 0 1 0 0 1 1 1 0 1 0 1
2014   2 28 11 11 42 741749  -11.97870  -72.60514     6500  50.8  2  0  5  7 0 0 1 0 1 0 0 0 1 1 0 1 0 0
2014   2 28 11 11 42 931645    7.32913  -76.61759    13986  88.5  2  0  6 15 0 0 0 1 1 0 0 1 1 0 0 1 0 1
2014   2 28 11 11 43 423443   -3.44356    6.43576    16442 117.3  2  0  6 14 0 0 1 1 1 0 0 1 1 0 0 0 0 1
2014   2 28 11 11 43 470397  -20.61711 -142.46019    23327  94.1  2  0  7 19 0 0 1 0 1 0 0 1 1 1 0 1 0 1
2014   2 28 11 11 43 536774  -19.82515 -148.53296    44578 109.7  2  0  6 15 0 0 0 1 1 0 0 1 1 0 0 1 0 1
2014   2 28 11 11 43 597433  -19.70635 -149.38451    47354 109.9  2  0  6 14 0 0 0 1 1 0 0 1 1 0 0 1 0 1
2014   2 28 11 11 43 671256  -20.70233 -140.71779    12840  42.5  1  0  6 14 0 0 1 0 1 0 0 0 1 1 0 1 0 1
2014   2 28 11 11 43 721566  -20.04791 -144.89987    24355 118.6  2  0  7 20 0 0 1 1 1 0 0 1 1 0 0 1 0 1
2014   2 28 11 11 44 649092  -14.63397 -138.72470    10574  14.1  0  0  4  6 0 0 1 1 0 0 0 1 0 0 0 1 0 0
2014   2 28 11 11 45 272696  -23.89904   42.63840     6603  45.3  0  0  7 21 0 0 1 1 1 0 0 1 1 0 0 1 0 1
2014   2 28 11 11 45 339175   24.05519 -140.32497    30987   8.4  0  0  4  6 0 0 0 1 0 0 0 1 0 0 0 1 0 1
2014   2 28 11 11 45 977437  -12.91283  157.63869    10747  42.5  1  0  6 11 0 0 1 1 1 0 0 1 0 0 0 1 0 1
2014   2 28 11 11 46 185303  -27.86384 -138.62959    10525  28.0  0  0  6 14 0 0 1 1 1 0 0 0 1 0 0 1 0 1
2014   2 28 11 11 46 946285  -22.54572  -47.38462     3893  35.7  0  0  6 11 0 0 1 1 1 0 0 0 1 0 0 1 0 1
2014   2 28 11 11 46 972429   -6.59354  172.32581     6506  24.7  0  0  5 10 0 0 1 1 0 0 0 1 1 0 0 1 0 0
2014   2 28 11 11 47 204937  -22.57847  -47.31358     3039  13.7  0  0  5  7 0 0 1 0 1 0 0 1 1 0 0 0 0 1
2014   2 28 11 11 47 247735   15.16770  -78.54190    30244  17.3  0  0  4  6 0 0 0 1 0 0 0 1 1 0 0 1 0 0
2014   2 28 11 11 47 403754   -2.26345  -82.21568     8407   4.0  0  0  4  6 0 0 0 1 0 0 0 1 1 0 0 1 0 0
2014   2 28 11 11 47 543674  -15.72624  165.76234    45422  14.0  0  0  4  6 0 0 1 1 0 0 0 0 0 0 0 1 0 1
2014   2 28 11 11 47 780373   -3.26924    8.84110     7073  21.3  0  0  5  9 0 0 1 0 1 0 0 1 1 0 0 0 0 1
2014   2 28 11 11 47 971744  -37.07358  -61.24949     5758  43.3  1  0  5 10 0 0 1 1 1 0 0 1 0 0 0 0 0 1
2014   2 28 11 11 47 979871  -37.17545  -61.34903     7463  47.5  1  0  5  7 0 0 1 1 1 0 0 1 0 0 0 0 0 1
2014   2 28 11 11 48 356514   -1.89802    9.22989     7847  36.4  0  0  6 14 0 0 1 0 1 0 0 1 1 0 0 1 0 1
2014   2 28 11 11 48 619089   -1.85978    9.65952    13570  49.5  1  0  6 15 0 0 0 1 1 0 0 1 1 0 0 1 0 1
2014   2 28 11 11 48 819899  -20.44269   23.31565     6622  11.8  0  0  4  6 0 0 1 0 0 0 0 1 1 0 0 0 0 1
2014   2 28 11 11 49   7311  -18.53861 -141.87956    11461  42.6  1  0  6 15 0 0 1 1 1 0 0 1 0 0 0 1 0 1
2014   2 28 11 11 49 934089  -16.05904   28.56447    24396  49.5  1  0  5 10 0 0 1 1 1 0 0 1 0 0 0 0 0 1
2014   2 28 11 11 50  74610  -25.01118  -44.92372     3735  38.4  1  0  5 10 0 0 1 1 1 0 0 1 0 0 0 0 0 1
2014   2 28 11 11 50 745728   -8.93774  -70.10728     5596  10.2  0 -1  6 14 0 0 0 1 1 0 0 1 1 1 0 0 0 1
2014   2 28 11 11 51  35203    3.32407   -9.56978     6558  50.5  1  0  6 15 0 0 1 1 1 0 0 1 1 0 0 0 0 1
2014   2 28 11 11 51  83664    3.38648   -9.88235     7518  65.5  2  0  6 15 0 0 1 1 1 0 0 1 1 0 0 1 0 0
2014   2 28 11 11 53  45009   -6.41832  164.44356    13767  53.4  2  0  5 10 0 0 1 1 0 0 0 1 0 0 0 1 0 1
2014   2 28 11 11 53 381296  -12.30952  156.31570    13380  59.8  1  0  6 12 0 0 1 1 0 0 0 1 0 1 0 1 0 1
2014   2 28 11 11 53 450684    1.22234    2.86859    10714  69.7  2  0  6 15 0 0 1 1 1 0 0 1 1 0 0 0 0 1
2014   2 28 11 11 53 489405    1.24570    2.90394    14121  75.5  2  1  5 10 0 0 1 1 1 0 0 1 1 0 0 0 0 0
2014   2 28 11 11 53 564058    1.08663    0.94283     8721  10.3  0  0  4  6 0 0 1 0 1 0 0 0 1 0 0 1 0 0
2014   2 28 11 11 53 707947   18.37649  -86.38428    38416  26.2  1  0  4  6 0 0 0 1 0 0 0 1 1 0 0 1 0 0
2014   2 28 11 11 54 327241    1.30458    2.76189    20680  97.6  2  0  6 14 0 0 0 1 1 0 0 1 1 0 0 1 0 1
2014   2 28 11 11 54 484613  -40.92200  -65.97176     5327  68.2  1  0  7 16 0 0 1 0 1 0 0 1 1 1 0 1 0 1
2014   2 28 11 11 54 513513  -40.88088  -66.12360     6265 104.6  2  0  7 16 0 0 1 1 1 0 0 1 0 1 0 1 0 1
2014   2 28 11 11 54 532403  -41.07008  -66.26837     5874 101.0  2  0  7 20 0 0 1 1 1 0 0 1 0 1 0 1 0 1
2014   2 28 11 11 54 719215  -34.57466  -37.79416     5675  12.6  0 -2  4  6 0 0 1 1 0 0 0 1 0 0 0 0 0 1
2014   2 28 11 11 55  70554  -34.46713  -37.95090     3983  13.1  0  1  5 10 0 0 1 1 1 0 0 1 0 0 0 0 0 1
2014   2 28 11 11 55 143157    2.55206    9.71633    19038 104.5  2  0  6 14 0 0 1 1 1 0 0 1 1 0 0 0 0 1
2014   2 28 11 11 55 222441  -34.49395  -37.94169     3984  13.1  0 -1  5 10 0 0 1 1 1 0 0 1 0 0 0 0 0 1
2014   2 28 11 11 55 601471  -14.65281   37.79715    18069  97.2  2  0  6 13 0 0 1 1 1 0 0 1 1 0 0 0 0 1
2014   2 28 11 11 56 779274   -0.48310    7.99643    14667  96.3  2  0  6 15 0 0 1 1 1 0 0 1 1 0 0 0 0 1
2014   2 28 11 11 59 336588  -14.49243  -44.13797     4693  62.5  2  0  5  9 0 0 0 1 1 0 0 0 1 0 0 1 0 1
2014   2 28 11 11 59 404258  -14.51214  -44.10468     3549  42.1  1  1  5 10 0 0 0 1 1 0 0 0 0 1 0 1 0 1
2014   2 28 11 11 59 788689   -7.13657  -63.22791     4754  96.0  2  0  7 21 0 0 1 0 1 0 0 1 1 1 0 1 0 1
2014   2 28 11 12  0   1700    4.76060   -3.44458     6987   3.8  0  0  4  6 0 0 0 1 0 0 0 1 1 0 1 0 0 0
2014   2 28 11 12  0 925038  -11.49679   32.44075     9472   6.7  0  0  4  6 0 0 0 1 0 0 0 1 1 0 1 0 0 0
2014   2 28 11 12  1 671916    1.18845    3.82471     8730   7.1  0 -1  4  6 0 0 0 1 1 0 0 1 1 0 0 0 0 0
2014   2 28 11 12  1 899657    5.18421   -2.39679     4275  14.5  0  0  7 21 0 0 1 1 0 0 0 1 1 0 1 1 0 1
2014   2 28 11 12  1 980607  -17.86732   48.36496    17705   1.5  0 -2  4  6 0 0 1 1 0 0 0 0 0 0 1 0 0 1
2014   2 28 11 12  2 148489    1.61004   10.79425     9301   6.7  0  0  4  6 0 0 0 1 0 0 0 1 1 0 1 0 0 0
2014   2 28 11 12  3 180309  -31.39565 -131.00127     9306  28.4  0  0  7 19 0 0 1 1 1 0 0 0 1 0 1 1 0 1
2014   2 28 11 12  3 603611  -32.61169  -58.21235     4408  47.3  1 -1  6 15 0 0 1 1 1 0 0 1 0 0 1 0 0 1
2014   2 28 11 12  3 693125    1.17291    8.70051    10650  14.1  0  0  4  6 0 0 0 1 0 0 0 1 1 0 1 0 0 0
2014   2 28 11 12  3 823999    1.14606    8.89086     7588  22.2  0  0  6 15 0 0 0 1 1 0 0 1 1 0 1 0 0 1
2014   2 28 11 12  4 703911  -33.93232  -38.42336     7078  25.3  0 -2  5 10 0 0 0 1 1 0 0 1 0 0 1 0 0 1
2014   2 28 11 12  4 741591  -34.28773  -37.92780     5023  30.4  1  0  5 10 0 0 1 1 1 0 0 0 0 0 1 0 0 1
2014   2 28 11 12  4 782143  -34.35728  -37.96283     5142  31.6  1  0  5 10 0 0 1 1 1 0 0 0 0 0 1 0 0 1
2014   2 28 11 12  4 823694  -34.67987  -38.18332     5564  36.9  0 -3  6 15 0 0 1 0 1 0 0 1 0 1 1 0 0 1
2014   2 28 11 12  4 835719  -34.44551  -37.87195     3889   3.6  0  1  4  6 0 0 1 1 0 0 0 1 0 0 1 0 0 0
2014   2 28 11 12  4 978771  -34.74442  -38.26896     5238  33.2  1  0  5 10 0 0 1 1 1 0 0 0 0 0 1 0 0 1
2014   2 28 11 12  5 125137  -34.74760  -38.28292     4500  35.7  0  2  6 15 0 0 1 1 1 0 0 1 0 0 1 0 0 1
2014   2 28 11 12  5 233026  -34.73963  -38.21082     4578  36.8  0  2  6 15 0 0 1 1 1 0 0 1 0 0 1 0 0 1
2014   2 28 11 12  5 312261  -34.73167  -38.18386     3292  33.4  0  0  7 21 0 0 1 1 1 0 0 1 1 0 1 0 0 1
2014   2 28 11 12  5 474508  -34.73756  -38.53811     6777  25.5  1  3  4  6 0 0 1 1 1 0 0 1 0 0 0 0 0 0
2014   2 28 11 12  5 488207  -35.06233  -37.91595     5694  42.5  1  0  5  7 0 0 1 1 0 0 0 0 1 0 1 0 0 1
2014   2 28 11 12  5 575012  -21.00330 -136.29185    31556  55.8  2  0  5 10 0 0 0 0 0 0 0 1 1 1 1 1 0 0
2014   2 28 11 12  5 606453  -20.95092 -137.23981    12751  40.8  1  0  6 11 0 0 1 0 1 0 0 1 1 0 1 1 0 0
2014   2 28 11 12  5 617989  -21.00279 -136.79845    14862  37.8  1  0  5 10 0 0 1 0 1 0 0 1 0 0 1 1 0 0
2014   2 28 11 12  5 856153  -34.41213  -38.03724     3865  51.1  1  0  7 21 0 0 1 1 1 0 0 1 1 0 1 0 0 1
2014   2 28 11 12  6 194715   -6.31335   14.59338    60785  45.4  1  0  5 10 0 0 0 1 1 0 0 1 0 0 1 0 0 1
2014   2 28 11 12  6 425323  -34.73234  -38.23169     3924  41.2  0  1  7 18 0 0 1 1 1 0 0 1 1 0 1 0 0 1
2014   2 28 11 12  6 485145  -34.15607  -38.49505     6192  44.6  1  0  5 10 0 0 1 1 1 0 0 0 0 0 1 0 0 1
2014   2 28 11 12  6 507082  -34.75584  -38.10315     7897  45.0  1  1  5 10 0 0 1 0 1 0 0 1 0 0 1 0 0 1
2014   2 28 11 12  6 602363  -34.18914  -38.89252     4119  44.2  0 -2  7 21 0 0 1 1 1 0 0 1 0 1 1 0 0 1
2014   2 28 11 12  6 674036  -34.14572  -38.65950     6216  45.1  1  0  5 10 0 0 1 1 1 0 0 0 0 0 1 0 0 1
2014   2 28 11 12  6 780457  -34.17737  -38.81675     5090  44.9  1 -1  6 15 0 0 1 1 1 0 0 1 0 0 1 0 0 1
2014   2 28 11 12  6 822114   -5.22899  -72.09538     3685  52.2  1  0  7 21 0 0 1 1 1 0 0 1 0 0 1 1 0 1
2014   2 28 11 12  6 833876  -21.67149 -139.67233    20219  50.3  2  0  5 10 0 0 1 1 1 0 0 0 0 0 1 1 0 0
2014   2 28 11 12  7  30220  -33.96826  -38.73176     5140  45.9  1  0  6 15 0 0 1 1 1 0 0 1 0 0 1 0 0 1
2014   2 28 11 12  7  68172  -35.06007  -38.14204     8276  48.0  1 -1  5 10 0 0 1 0 1 0 0 1 0 0 1 0 0 1
2014   2 28 11 12  7  80648  -34.25556  -38.83823     5254  47.5  1  0  6 15 0 0 1 1 1 0 0 1 0 0 1 0 0 1
2014   2 28 11 12  7 299043  -33.84743  -39.20883     3441  30.8  0  2  7 21 0 0 1 1 1 0 0 1 0 1 0 1 0 1
2014   2 28 11 12  7 326947  -33.96581  -38.81674     5270  48.0  1  2  6 15 0 0 1 1 1 0 0 1 0 0 1 0 0 1
2014   2 28 11 12  7 362983  -33.97914  -38.81301     6647  50.7  2  2  5 10 0 0 1 1 1 0 0 0 0 0 1 0 0 1
2014   2 28 11 12  7 511765  -33.90113  -38.78081     7001  66.9  2  0  6 11 0 0 1 1 0 0 0 0 1 1 1 1 0 0
2014   2 28 11 12  7 637671  -34.00601  -38.59506     8292  50.3  2  2  5 10 0 0 1 0 1 0 0 1 0 0 1 0 0 1
2014   2 28 11 12  8 104902  -11.93838  157.12021     6083   7.4  0  0  5  9 0 0 1 1 0 0 0 1 0 0 1 1 0 0
2014   2 28 11 12  8 624494  -18.46374   24.78473    14852  77.5  2 -1  7 21 0 0 1 1 1 0 0 1 0 0 1 1 0 1
2014   2 28 11 12  9 955163   -3.40675  -72.44746     4598  54.8  1  0  6 15 0 0 1 0 1 0 0 1 0 0 1 1 0 1
2014   2 28 11 12  9 974022   -3.35449  -72.65379     4262  69.1  1  0  7 21 0 0 1 1 1 0 0 1 1 0 1 1 0 0
2014   2 28 11 12 11 594632  -22.36303  -46.19789     3940 100.4  2  0  7 21 0 0 1 1 1 0 0 1 0 1 1 0 0 1
2014   2 28 11 12 11 888430  -34.65923  -36.48207    20359  80.3  2  0  5  7 0 0 0 0 1 0 0 1 1 0 1 0 0 1
2014   2 28 11 12 11 903986  -34.63619  -36.91824     5151  79.7  2  1  7 16 0 0 1 1 1 0 0 0 1 0 1 1 0 1
2014   2 28 11 12 11 925465  -34.69719  -36.62823     6359 100.3  2  1  6 15 0 0 1 1 1 0 0 0 1 0 1 0 0 1
2014   2 28 11 12 11 956293  -34.33176  -38.01061     4511  46.5  0  2  7 19 0 0 1 1 1 0 0 1 0 1 0 1 0 1
2014   2 28 11 12 12 195549    4.89268  -87.61269     5117  18.6  0  0  5 10 0 0 1 0 0 0 0 1 1 0 1 1 0 0
2014   2 28 11 12 12 200016    2.59720   -0.12987    25283  80.2  2  0  6 15 0 0 0 1 1 0 0 1 0 0 1 1 0 1
2014   2 28 11 12 12 234436    4.91446  -87.63029     5983  15.0  0  0  4  6 0 0 1 0 0 0 0 1 0 0 1 1 0 0
2014   2 28 11 12 12 786869  -29.22098 -136.17599    11427  10.1  0  0  4  6 0 0 1 0 0 0 0 1 0 0 1 1 0 0
2014   2 28 11 12 12 984815  -12.21107  172.32419    11538  28.2  0  0  5 10 0 0 1 1 0 0 0 1 0 0 1 1 0 0
2014   2 28 11 12 13 773796    1.70867    1.14475    21903 115.7  2  0  6 15 0 0 1 1 0 0 0 0 1 0 1 1 0 1
2014   2 28 11 12 13 784372    1.59066    1.76590    11681  76.7  2  0  6 15 0 0 1 1 0 0 0 1 1 0 1 0 0 1
2014   2 28 11 12 14 934865   -3.76096  143.01295     5450   4.3  0  0  4  6 0 0 1 0 0 0 0 1 0 0 1 1 0 0
2014   2 28 11 12 14 989330   -1.98955  150.04350     5442  17.2  0  0  5 10 0 0 1 1 0 0 0 1 0 0 1 1 0 0
2014   2 28 11 12 15  21176   -2.21426  150.82607    25269  13.2  0  0  4  6 0 0 1 1 0 0 0 0 0 0 1 1 0 0
2014   2 28 11 12 16   2640  -13.75338  -38.46876     2624  18.2  0  0  7 21 0 0 1 1 1 0 0 1 1 0 1 0 0 1
2014   2 28 11 12 16 847633    2.26978   -0.11815     7101   4.1  0 -2  4  6 0 0 0 1 0 0 0 1 1 0 1 0 0 0
2014   2 28 11 12 16 972260  -29.95166  -40.81807     3060  10.6  0  1  6 11 0 0 1 1 1 0 0 0 1 0 1 0 0 1
2014   2 28 11 12 17 196568  -29.96707  -40.86881     5900  33.5  1  1  5 10 0 0 0 1 1 0 0 1 0 0 1 0 0 1
2014   2 28 11 12 17 391556  -22.70407  -47.09349     2627  24.0  0  0  7 21 0 0 1 1 0 0 0 1 1 1 1 1 0 0
2014   2 28 11 12 17 697150  -22.30893  -46.41502     2971  47.2  0  0  7 20 0 0 0 1 1 0 0 1 0 1 1 1 0 1
2014   2 28 11 12 17 751189  -22.40710  -46.36847     2620  27.0  0  0  7 20 0 0 0 1 0 0 0 1 1 1 1 1 0 1
2014   2 28 11 12 17 770481  -22.41511  -46.31296     2570  19.1  0  1  6 15 0 0 1 1 1 0 0 1 0 0 1 0 0 1
2014   2 28 11 12 17 823639  -22.42679  -46.36208     2635  29.1  0  0  7 20 0 0 0 1 1 0 0 1 1 1 1 0 0 1
2014   2 28 11 12 17 897874    2.24623    8.28585     8447   2.5  0  0  4  6 0 0 0 1 0 0 0 1 1 0 1 0 0 0
2014   2 28 11 12 17 978647   -6.90177    8.47277     3831  15.0  0  0  7 21 0 0 1 1 1 0 0 1 1 0 1 0 0 1
2014   2 28 11 12 18 344748  -32.73046   20.06590     5834  41.3  0  0  7 20 0 0 1 1 1 0 0 1 1 0 1 1 0 0
2014   2 28 11 12 18 586596   -6.41781   13.49058     4073   7.1  0  0  6 15 0 0 1 1 0 0 0 1 1 0 1 0 0 1
2014   2 28 11 12 18 596178   -6.46195   13.66702     8612  21.9  0  0  5 10 0 0 0 1 1 0 0 1 1 0 1 0 0 0
2014   2 28 11 12 18 810323   -2.72575  -82.57378     4673  17.5  0  0  5 10 0 0 0 1 0 0 0 1 0 0 1 1 0 1
2014   2 28 11 12 19  97315  -16.10442   36.59844     6124  26.2  0  0  6 15 0 0 1 1 1 0 0 1 1 0 1 0 0 0
2014   2 28 11 12 19 138082  -34.34955  -37.25003    12050  32.5  0 -1  6 11 0 0 0 1 1 0 0 0 1 1 1 1 0 0
2014   2 28 11 12 19 194648  -36.14826  -36.63393     9370  13.0  0  0  5 10 0 0 0 1 1 0 0 1 1 0 0 0 0 1
2014   2 28 11 12 19 213701  -32.06855   21.49751     4854  15.0  0  0  5 10 0 0 1 1 0 0 0 1 1 0 0 0 0 1
2014   2 28 11 12 19 418425  -34.63549  -36.92757     5793  32.6  0 -2  6 11 0 0 1 1 0 0 0 1 1 0 1 0 0 1
2014   2 28 11 12 19 816598  -32.24133  -55.52464     7347  41.8  1  0  5 10 0 0 1 1 1 0 0 0 0 0 1 0 0 1
2014   2 28 11 12 19 827487   34.93201 -162.45894    19525  27.5  0  0  5 10 0 0 1 1 1 0 0 0 0 0 1 0 0 1
2014   2 28 11 12 20 369694    2.30337    8.37039     9796  10.7  0  0  4  6 0 0 0 0 0 0 0 1 1 0 1 0 0 1
2014   2 28 11 12 20 666510    1.27660    3.81595     9834  15.3  0  0  4  6 0 0 0 1 0 0 0 1 1 0 1 0 0 0
2014   2 28 11 12 21 453717    7.22307  -71.71538     7454   9.3  0  0  4  6 0 0 0 1 0 0 0 1 1 0 0 1 0 0
2014   2 28 11 12 21 500117   -6.50884 -100.36974     6895  40.3  1  0  6 15 0 0 1 0 1 0 0 1 1 0 1 1 0 0
2014   2 28 11 12 21 554724   -6.83841  -99.86658    12611  22.1  1  0  4  6 0 0 1 0 0 0 0 1 0 0 1 0 0 1
2014   2 28 11 12 21 630224    4.76092  -83.00056     4514  39.3  0  0  7 20 0 0 1 0 1 0 0 0 1 1 1 1 0 1
2014   2 28 11 12 21 662870    5.04473  -83.83057     6011   9.9  0  0  4  6 0 0 0 1 0 0 0 1 0 0 1 1 0 0
2014   2 28 11 12 21 680980    4.86878  -83.40765     6836  48.3  1  0  6 15 0 0 1 1 1 0 0 1 1 0 1 0 0 0
2014   2 28 11 12 23 157420  -17.87844   17.79912    13205  84.4  2  0  6 15 0 0 1 1 1 0 0 0 1 0 1 1 0 0
2014   2 28 11 12 23 411316  -43.76955  -72.04362    90386  35.9  1  0  5 10 0 0 1 1 1 0 0 0 0 0 1 0 0 1
2014   2 28 11 12 23 419468    2.49636  -85.05716     7706  72.5  2  0  6 15 0 0 1 1 0 0 0 1 1 0 1 1 0 0
2014   2 28 11 12 23 446304    2.12804  -86.17079    18042  57.1  2  0  5  7 0 0 0 1 1 0 0 1 1 0 0 1 0 0
2014   2 28 11 12 23 483220  -11.43585  171.34631    11822  57.6  1  0  6 15 0 0 0 1 1 0 0 1 1 1 0 0 0 1
2014   2 28 11 12 23 506523    2.24667  -84.88546     4768  44.4  0  0  7 20 0 0 1 1 0 0 0 1 1 0 1 1 0 1
2014   2 28 11 12 23 544707    2.34334  -85.26506     6983  16.3  0  0  4  6 0 0 0 1 0 0 0 1 0 0 1 1 0 0
2014   2 28 11 12 24 455881  -22.55454  -45.60680     4258  65.5  2  0  6 14 0 0 1 1 1 0 0 1 0 0 1 0 0 1
2014   2 28 11 12 24 595253  -22.61309  -45.56851     4292  64.3  2  1  5 10 0 0 0 1 1 0 0 1 0 0 1 0 0 1
2014   2 28 11 12 24 870053   -8.88627  153.63403    87388  50.4  2  0  5 10 0 0 1 1 0 0 0 1 0 0 1 0 0 1
2014   2 28 11 12 24 933946  -24.77239 -176.55797    27958  13.7  0  0  4  6 0 0 1 1 0 0 0 0 0 0 1 1 0 0
2014   2 28 11 12 24 952224  -32.67116   21.40205     9008  83.7  2  0  7 21 0 0 1 1 1 0 0 1 1 1 0 0 0 1
2014   2 28 11 12 26  73469  -27.42207 -141.68703    20163  25.3  1  0  4  6 0 0 1 1 0 0 0 0 0 0 1 1 0 0
2014   2 28 11 12 26 109004  -27.43727 -141.86481    24630  25.4  1  0  4  6 0 0 0 1 0 0 0 1 0 0 1 1 0 0
2014   2 28 11 12 26 977373   -2.87625  -72.92215     6665  35.6  1  0  4  6 0 0 0 1 0 0 0 1 0 0 1 1 0 0
2014   2 28 11 12 27 329023  -19.41443   27.27819    10054  83.0  2  0  7 21 0 0 1 1 1 0 0 1 1 0 1 0 0 1
2014   2 28 11 12 27 871473   -9.14591  160.29041    33978  15.9  0  0  4  6 0 0 1 1 0 0 0 0 0 0 1 1 0 0
2014   2 28 11 12 27 881912   -9.72900  161.47853    12216  83.6  2  0  7 21 0 0 1 1 1 0 0 1 0 0 1 1 0 1
2014   2 28 11 12 27 931453   -9.69108  161.41911    12276  84.1  2  0  7 21 0 0 1 1 1 0 0 1 0 0 1 1 0 1
2014   2 28 11 12 28  57642   45.85934    5.95316    42753  78.8  2  0  7 17 0 0 1 0 1 0 0 1 1 1 1 1 0 0
2014   2 28 11 12 28  74021  -11.65908  156.43483    11377  83.8  2  0  7 21 0 0 1 1 1 0 0 1 0 0 1 1 0 1
2014   2 28 11 12 28 250233  -11.64664  156.40384    11470  84.8  2  0  7 21 0 0 1 1 1 0 0 1 0 0 1 1 0 1
2014   2 28 11 12 29 595383   34.23394 -166.73639    26780  99.6  2  0  6 14 0 0 1 0 1 0 0 1 0 0 1 1 0 1
2014   2 28 11 12 30  16429   -9.80599  -57.17988     3887  87.3  2 -1  7 21 0 0 1 1 0 0 0 1 1 0 1 1 0 1
2014   2 28 11 12 30 632114   -8.27543  152.93755     6198  80.0  2  0  6 13 0 0 1 1 0 0 0 1 1 0 1 0 0 1
2014   2 28 11 12 30 885425  -19.94618 -144.11595    33166 119.7  2  0  6 15 0 0 1 1 1 0 0 0 0 0 1 1 0 1
2014   2 28 11 12 30 915473  -19.95902 -144.70276    28851 122.3  2  0  6 15 0 0 1 1 1 0 0 1 0 0 0 1 0 1
2014   2 28 11 12 31 967232  -32.46550   18.57144    14011  75.6  2  0  5 10 0 0 1 0 1 0 0 0 1 0 0 1 0 1
2014   2 28 11 12 32   1196    3.32451    0.84730    11346  10.4  0  0  5 10 0 0 0 1 1 0 0 0 1 0 1 0 0 1
2014   2 28 11 12 32 726699    1.17929    2.00718     4775  13.6  0  0  7 21 0 0 0 1 1 0 0 1 1 0 1 1 0 1
2014   2 28 11 12 32 756407    1.14159    2.18382     7093   0.7  0  0  4  6 0 0 0 1 0 0 0 1 1 0 1 0 0 0
2014   2 28 11 12 32 766664    1.14614    2.16840     5361   0.8  0  0  5 10 0 0 0 1 1 0 0 1 1 0 1 0 0 0
2014   2 28 11 12 32 817367    1.14829    2.16614     7096   0.9  0  0  4  6 0 0 0 1 0 0 0 1 1 0 1 0 0 0
2014   2 28 11 12 32 840851    1.14334    2.15443     7084   0.4  0  1  4  6 0 0 0 1 0 0 0 1 1 0 1 0 0 0
2014   2 28 11 12 33 292086    1.15986    2.18148     7209   3.2  0  0  4  6 0 0 0 1 0 0 0 1 1 0 1 0 0 0
2014   2 28 11 12 33 313207    4.24081  -95.03009     9067   3.4  0  0  4  6 0 0 0 1 1 0 0 1 0 0 0 1 0 0
2014   2 28 11 12 33 450106  -33.11322   21.97628    12292  50.3  1  0  6 13 0 0 0 1 1 0 0 1 1 0 1 0 0 1
2014   2 28 11 12 33 469045    2.04914    1.26836    10728   6.1  0 -1  5 10 0 0 1 1 1 0 0 1 0 0 1 0 0 0
2014   2 28 11 12 34  20472  -22.40240  -47.04002     2706  23.6  0  0  7 16 0 0 1 0 0 0 0 1 1 1 1 0 1 1
2014   2 28 11 12 34 123708   -1.82947    9.05259     8249  28.1  0  0  6 15 0 0 0 1 1 0 0 1 1 0 1 1 0 0
2014   2 28 11 12 34 502764   -1.83004    9.30279     5803  12.9  0  0  6 15 0 0 0 1 1 0 0 1 1 0 1 0 0 1
2014   2 28 11 12 34 622682   -1.84399    9.22834     5657  10.9  0  0  5  9 0 0 1 0 1 0 0 1 1 0 1 0 0 0
2014   2 28 11 12 35 417159    1.13329    4.15841    14118  19.6  0  1  5 10 0 0 0 1 1 0 0 0 1 0 1 0 0 1
2014   2 28 11 12 35 503134    1.14569    3.67295     4457  18.8  0  0  7 21 0 0 1 1 1 0 0 1 1 0 1 0 0 1
2014   2 28 11 12 35 628720  -12.25416  157.66747     8374   6.0  0  0  4  6 0 0 1 0 0 0 0 1 0 0 1 1 0 0
2014   2 28 11 12 35 687953    2.91554  -85.36214     4641  33.5  0  0  7 20 0 0 1 1 0 0 0 1 1 1 1 0 0 1
2014   2 28 11 12 35 708770    2.90914  -85.34482     6128  30.8  1  0  5 10 0 0 1 1 1 0 0 0 1 0 0 0 0 1
2014   2 28 11 12 36 222147    1.27647    3.63508    10728  18.2  0  1  4  6 0 0 0 1 0 0 0 1 1 0 1 0 0 0
2014   2 28 11 12 36 390164  -15.95242   47.72641    13269  33.6  0 -1  6 15 0 0 1 1 1 0 0 1 0 0 1 0 0 1
2014   2 28 11 12 36 919374   14.38174 -124.94622    13446   5.0  0  0  4  6 0 0 0 1 0 0 0 1 0 0 1 1 0 0
2014   2 28 11 12 36 963295  -41.54453  -65.24959     4340  12.9  0  0  5 10 0 0 1 0 1 0 0 1 0 0 1 0 0 1
2014   2 28 11 12 37 301675    3.19655  -79.22668     6862  22.7  1  0  4  6 0 0 0 1 0 0 0 1 0 0 1 1 0 0
2014   2 28 11 12 37 572762  -12.24409  -72.91805     4931  52.9  1 -1  7 21 0 0 0 1 1 0 0 1 0 1 1 1 0 1
2014   2 28 11 12 37 620075  -12.23453  -72.85328     5657  35.4  1  0  5  9 0 0 0 0 1 0 0 1 1 0 1 1 0 0
2014   2 28 11 12 38  41965  -12.11946  -72.66527     3459  44.1  0  0  7 21 0 0 1 0 0 0 0 1 1 1 1 1 0 1
2014   2 28 11 12 38 159955   -3.13391    6.22577     9659  26.0  0  0  5  9 0 0 0 0 1 0 0 1 1 0 1 0 0 1
2014   2 28 11 12 38 415067  -12.85043  173.12743    18168  45.7  0  0  7 19 0 0 1 1 1 0 0 0 1 0 1 1 0 1
2014   2 28 11 12 38 641796  -29.84094  -41.12051     4135  38.9  0  0  6 15 0 0 1 1 1 0 0 1 0 0 1 0 0 1
2014   2 28 11 12 38 674270   -3.45735  -72.76436     5495  25.7  1  0  4  6 0 0 0 1 0 0 0 1 0 0 1 1 0 0
2014   2 28 11 12 38 990802    1.17409    8.70411     7333  45.3  0  0  7 20 0 0 1 1 1 0 0 1 1 0 1 0 0 1
2014   2 28 11 12 39 269902   -2.32736  -82.99514     7319  56.0  1  0  6 15 0 0 0 1 1 0 0 1 1 0 1 1 0 0
2014   2 28 11 12 39 462227  -32.41370   19.58366    17472  52.4  1  0  6 15 0 0 1 1 1 0 0 1 0 0 1 0 0 1
2014   2 28 11 12 39 570786  -32.17565   20.64853     8884  57.2  1 -1  6 15 0 0 1 1 1 0 0 0 1 0 1 0 0 1
2014   2 28 11 12 39 639553    1.28847    8.61940    18513  35.7  1  0  4  6 0 0 0 1 0 0 0 1 1 0 1 0 0 0
2014   2 28 11 12 40 882234  -21.16075 -137.40208    11364  53.5  1  0  7 19 0 0 1 1 0 0 0 1 1 0 1 1 0 1
2014   2 28 11 12 40 894488  -20.92425 -138.23927    31097  23.3  1  0  4  6 0 0 1 1 0 0 0 1 0 0 1 0 0 0
2014   2 28 11 12 41  15579  -20.78677 -138.39168    32029  24.3  1  0  4  6 0 0 1 1 0 0 0 1 0 0 1 0 0 0
2014   2 28 11 12 41 272931  -20.17676 -144.66539    16049  20.7  1  0  4  6 0 0 1 1 0 0 0 0 0 0 1 1 0 0
2014   2 28 11 12 41 282684  -20.22703 -144.57133    10647  34.2  0  0  6 15 0 0 1 1 0 0 0 1 1 0 1 1 0 0
2014   2 28 11 12 41 304050  -20.21408 -144.36450    10205  21.4  0  0  5 10 0 0 1 1 0 0 0 1 0 0 1 1 0 0
2014   2 28 11 12 41 321449  -20.25927 -144.07681    12551  55.2  1  0  7 19 0 0 1 1 0 0 0 1 1 0 1 1 0 1
2014   2 28 11 12 41 329149  -20.25387 -144.09312    12584  55.4  1  0  7 19 0 0 1 1 0 0 0 1 1 0 1 1 0 1
2014   2 28 11 12 41 359362  -20.18654 -144.40585    10160  21.2  0  0  5 10 0 0 1 1 0 0 0 1 0 0 1 1 0 0
2014   2 28 11 12 41 699916  -20.27111 -144.04591     9892   5.4  0  0  4  6 0 0 1 0 0 0 0 1 0 0 1 1 0 0
2014   2 28 11 12 42 859859  -33.07550   20.14452    11891  83.8  2  0  6 15 0 0 1 1 1 0 0 0 1 0 1 0 0 1
2014   2 28 11 12 42 878482  -33.35613   18.98351    38526  84.0  2 -1  5 10 0 0 1 1 1 0 0 1 0 0 1 0 0 0
2014   2 28 11 12 43 266145  -12.70251   58.31408    36466  77.7  2 -1  5 10 0 0 1 1 0 0 0 1 0 0 1 0 0 1
2014   2 28 11 12 43 371800  -11.55340  156.79051    66470   6.9  0  0  4  6 0 0 1 1 0 0 0 1 0 0 1 0 0 0
2014   2 28 11 12 44 146175   -3.37797  -73.30145     7851  83.4  2  0  6 15 0 0 0 1 1 0 0 1 1 1 0 1 0 0
2014   2 28 11 12 44 908296  -17.73778 -144.26434    12927  32.2  1  0  5 10 0 0 1 1 0 0 0 1 0 0 1 1 0 0
2014   2 28 11 12 45 352284  -10.97500  172.28217    12405  92.1  2  0  7 19 0 0 1 1 1 0 0 1 1 0 1 0 0 1
2014   2 28 11 12 45 674978   -8.62659  -69.17022    15991 110.8  2  0  6 15 0 0 0 1 1 0 0 1 1 0 1 0 0 1
2014   2 28 11 12 45 729762   -8.64787  -69.24098     7750 109.2  2 -1  6 15 0 0 0 1 1 0 0 1 0 0 1 1 0 1
2014   2 28 11 12 45 780470    0.77659  -71.12679     8987  27.5  1  0  4  6 0 0 0 1 0 0 0 1 1 0 0 1 0 0
2014   2 28 11 12 45 817839    4.24482  -90.96262    13676  46.2  1  0  5  9 0 0 0 1 0 0 0 1 1 0 1 1 0 0
2014   2 28 11 12 45 843217    0.77589  -71.12434     9007  27.8  1  0  4  6 0 0 0 1 0 0 0 1 1 0 0 1 0 0
2014   2 28 11 12 45 967421    3.80539  -89.90257    13280 102.8  2  0  6 15 0 0 1 1 1 0 0 1 1 0 1 0 0 0
2014   2 28 11 12 46 120347   -8.58744  -68.93646     5355 120.6  2  0  7 21 0 0 1 1 0 0 0 1 1 1 1 1 0 0
2014   2 28 11 12 46 208857   -8.74345  -69.07655    15429 126.8  2  1  7 21 0 0 0 1 1 0 0 1 1 1 1 0 0 1
2014   2 28 11 12 46 891416  -22.24075  -46.75221     4158  26.1  1  0  4  6 0 0 1 1 0 0 0 1 0 0 1 0 0 0
2014   2 28 11 12 46 899923  -22.53891  -46.26491     4834 100.5  2  0  6 15 0 0 1 1 1 0 0 1 0 0 1 0 0 1
2014   2 28 11 12 46 951683  -22.40203  -46.39457     4002 101.7  2  0  7 20 0 0 1 0 1 0 0 1 1 1 1 0 0 1
2014   2 28 11 12 47 347108  -34.41179  -37.11119     5930 108.1  2  1  7 19 0 0 1 0 1 0 0 1 1 1 1 1 0 0
2014   2 28 11 12 47 388604  -19.59842 -144.24007    45046  26.0  1  0  4  6 0 0 0 1 0 0 0 1 1 0 1 0 0 0
2014   2 28 11 12 47 483593  -34.20763  -38.32136     5325  72.0  2  2  7 21 0 0 1 1 1 0 0 1 0 1 0 1 0 1
2014   2 28 11 12 47 530944  -34.48130  -37.41143     9432  97.7  2  1  6 15 0 0 1 1 1 0 0 1 0 0 1 0 0 1
2014   2 28 11 12 47 648377   -3.64599  -72.45943     5726  94.2  2  0  7 20 0 0 1 0 1 0 0 1 1 1 0 1 0 1
2014   2 28 11 12 47 667313  -20.87620 -138.66579     9930   7.2  0  0  4  6 0 0 1 0 0 0 0 1 0 0 1 1 0 0
2014   2 28 11 12 48  40988    5.03119   -3.23360     7311   6.1  0  0  4  6 0 0 0 1 0 0 0 1 1 0 1 0 0 0
2014   2 28 11 12 48 371833    5.03658   -3.21867     7125   4.3  0  0  4  6 0 0 0 1 0 0 0 1 1 0 1 0 0 0
2014   2 28 11 12 49 309057  -12.65358  157.68443     7584  42.0  0  0  7 20 0 0 1 1 1 0 0 1 0 0 1 1 0 1
2014   2 28 11 12 49 363911  -41.16521  -65.86370     3193  24.3  0  0  7 19 0 0 1 1 1 0 0 1 0 0 1 1 0 1
2014   2 28 11 12 49 501847  -10.50375  153.25270    29073  39.1  1  0  5 10 0 0 1 1 1 0 0 0 0 0 1 1 0 0
2014   2 28 11 12 49 546901  -12.26386  157.25490    10135  52.7  1  0  6 15 0 0 1 1 1 0 0 1 0 0 1 1 0 0
2014   2 28 11 12 49 716568  -22.45903  -45.66193     2569  29.2  0  0  7 21 0 0 1 1 1 0 0 1 0 1 1 0 0 1
2014   2 28 11 12 49 743268  -22.46157  -45.60858     2785   6.3  0 -1  6 11 0 0 1 1 0 0 0 1 1 0 1 0 0 1
2014   2 28 11 12 49 931653  -22.53345  -45.70322     2871  22.7  0 -2  5 10 0 0 0 1 1 0 0 1 0 0 1 0 0 1
2014   2 28 11 12 50  72566   -2.63131   10.27716    12606  16.3  0  0  5 10 0 0 1 0 1 0 0 1 0 0 1 0 0 1
2014   2 28 11 12 50  92546   -2.58363   10.45896     4819  16.3  0  0  6 15 0 0 1 1 1 0 0 1 1 0 1 0 0 0
2014   2 28 11 12 50 202753  -14.57336  -43.66493     2530  23.6  0  0  7 19 0 0 0 1 1 0 0 1 1 0 1 1 0 1
2014   2 28 11 12 50 256956  -14.53676  -43.69634     2515  14.5  0  0  6 15 0 0 0 1 0 0 0 0 1 1 1 1 1 0
2014   2 28 11 12 50 294044  -14.60319  -43.58545     3288  20.2  0  0  5  9 0 0 0 0 1 0 0 1 1 0 1 0 0 1
2014   2 28 11 12 50 390827  -14.59982  -43.51493     3441  20.3  0  0  6 11 0 0 1 0 1 0 0 1 1 0 1 0 0 1
2014   2 28 11 12 50 422472  -14.49738  -43.59196     3575  76.6  2  1  7 17 0 0 1 1 0 0 0 1 1 0 0 1 1 1
2014   2 28 11 12 50 498039  -12.35563  157.54396     8528   7.4  0  0  4  6 0 0 1 0 0 0 0 1 0 0 1 1 0 0
2014   2 28 11 12 50 820076   -7.56197   12.61295     8354  19.8  0  0  5 10 0 0 0 0 1 0 0 1 1 0 1 0 0 1
2014   2 28 11 12 50 926492    4.55550    5.38448     5834  21.2  0  0  6 14 0 0 1 1 1 0 0 1 1 0 1 0 0 0
2014   2 28 11 12 50 962518   -7.53809   12.78141     4347  10.7  0  0  6 14 0 0 1 1 0 0 0 1 1 0 1 0 0 1
2014   2 28 11 12 50 976717    4.29393    4.62404     8494   4.0  0  0  4  6 0 0 0 0 0 0 0 1 1 0 1 0 0 1
2014   2 28 11 12 51  32352    4.68925    5.83821    34262   8.7  0  0  4  6 0 0 0 1 0 0 0 1 0 0 1 0 0 1
2014   2 28 11 12 51  50601   -7.39315   13.34335    30977  12.4  0 -1  4  6 0 0 0 1 0 0 0 1 0 0 1 0 0 1
2014   2 28 11 12 51 377887  -12.14491  157.20554     8836  43.2  1  0  6 15 0 0 1 1 1 0 0 1 0 0 1 1 0 0
2014   2 28 11 12 51 482266  -12.14691  157.07843     8850  43.4  1  0  6 15 0 0 1 1 1 0 0 1 0 0 1 1 0 0
2014   2 28 11 12 51 589246    2.41453   -0.42817     6592  25.7  0  0  6 15 0 0 0 1 1 0 0 1 1 0 1 0 0 1
2014   2 28 11 12 52 609332   -3.16108    6.53869     8334  33.3  0  0  6 15 0 0 0 1 1 0 0 1 1 0 1 0 0 1
2014   2 28 11 12 52 721757   -3.19571    6.35924    14434  34.9  0  0  6 15 0 0 1 1 1 0 0 1 0 0 1 0 0 1
2014   2 28 11 12 53 365713    1.20952    2.54593    15329  30.3  1 -1  4  6 0 0 0 1 0 0 0 1 1 0 0 0 0 1
2014   2 28 11 12 53 628409    6.92303  -72.26457     4702  20.0  0  0  5  9 0 0 0 1 0 0 0 1 1 0 1 1 0 0
2014   2 28 11 12 53 807839   -1.97910  -82.68331     9279  44.9  1  0  5 10 0 0 0 0 1 0 0 1 0 0 1 1 0 1
2014   2 28 11 12 53 933427  -34.09368  -38.13115     8666  42.7  1  0  5  7 0 0 1 1 1 0 0 0 1 0 0 0 0 1
2014   2 28 11 12 53 952404   -3.73403  -72.15473     6053  61.9  2  0  6 15 0 0 1 1 1 0 0 0 1 1 0 0 0 1
2014   2 28 11 12 54  72367  -34.15334  -38.06687     5110  43.2  1 -1  6 15 0 0 1 1 1 0 0 1 0 0 1 0 0 1
2014   2 28 11 12 54 285889   -5.50856  -29.24769    17144   0.6  0  0  4  6 0 0 0 1 0 0 0 0 0 0 1 1 0 1
2014   2 28 11 12 54 481898  -13.82817  -38.47648     3537  45.3  1  0  6 15 0 0 0 1 1 0 0 1 1 0 1 0 0 1
2014   2 28 11 12 55 204158   -3.13128    9.05636    14919  30.1  1  1  4  6 0 0 0 1 0 0 0 1 1 0 1 0 0 0
2014   2 28 11 12 55 474016    3.42185  -10.01313     8836  27.7  1  0  4  6 0 0 0 1 0 0 0 1 1 0 1 0 0 0
2014   2 28 11 12 55 979966    2.31843    0.05323     7646  56.5  1  0  7 19 0 0 1 1 1 0 0 1 1 0 1 0 0 1
2014   2 28 11 12 55 987442    2.44705   -0.17994    13963  32.9  1 -2  4  6 0 0 0 1 0 0 0 1 1 0 1 0 0 0
2014   2 28 11 12 56  31269    2.35149    0.16681    15695  63.4  2  0  5 10 0 0 0 1 1 0 0 1 1 0 1 0 0 0
2014   2 28 11 12 56 116740   -8.95757  -69.19350     5189  53.1  1  0  6 11 0 0 0 1 0 0 0 1 1 0 1 1 0 1
2014   2 28 11 12 56 236969    5.14409    4.50625    18361  35.0  1 -1  4  6 0 0 0 1 0 0 0 1 1 0 1 0 0 0
2014   2 28 11 12 56 842281  -17.77632   18.19110     7651  63.7  1  0  7 21 0 0 1 1 1 0 0 1 1 0 1 0 0 1
2014   2 28 11 12 56 962739  -28.46646   25.43356    23949  29.0  1  0  4  6 0 0 1 0 0 0 0 1 0 0 1 0 0 1
2014   2 28 11 12 57 191273  -17.24805   18.28481     9930  68.1  2  0  6 15 0 0 1 1 1 0 0 1 1 0 1 0 0 0
2014   2 28 11 12 58 918605  -13.65629  -38.36083     4588  57.9  2  0  5 10 0 0 0 1 0 0 0 1 1 0 1 0 0 1
2014   2 28 11 12 59  67929  -13.62436  -38.69907     5305 102.4  2  0  6 15 0 0 0 1 1 0 0 1 1 1 0 1 0 0
2014   2 28 11 12 59 144677   -0.97121    9.46863    26271  75.7  2 -2  5 10 0 0 1 0 1 0 0 1 0 0 1 1 0 0
2014   2 28 11 12 59 552507  -30.74105 -138.21085    13829  59.7  1  0  7 20 0 0 1 1 0 0 0 1 1 0 1 1 0 1
2014   2 28 11 12 59 562306  -30.78250 -138.01685    21703  84.3  2  0  6 15 0 0 1 1 1 0 0 1 0 0 1 1 0 0
2014   2 28 11 12 59 610827  -30.85840 -140.17012    35130  86.0  2  0  6 15 0 0 0 1 1 0 0 1 0 0 1 1 0 1
2014   2 28 11 13  0 151600  -33.99473  -38.69883     4748  52.5  1  1  7 19 0 0 1 1 1 0 0 1 0 1 0 1 0 1
2014   2 28 11 13  0 193740  -32.99711  -39.08347     6986  27.2  0  0  5 10 0 0 0 1 1 0 0 1 0 0 1 0 0 1
2014   2 28 11 13  0 201808  -34.41409  -37.32333     6849 102.1  2  2  7 19 0 0 1 1 1 0 0 1 1 0 1 0 0 1
2014   2 28 11 13  0 221906  -34.35785  -37.76408     8927  85.4  2  0  6 11 0 0 1 1 1 0 0 1 1 0 1 0 0 0
2014   2 28 11 13  0 295132    7.83595  -72.91205     7264  45.9  1  0  5 10 0 0 0 1 0 0 0 1 1 0 1 1 0 0
2014   2 28 11 13  0 361928  -33.99180  -38.78881     4615  58.4  1 -1  7 21 0 0 1 1 1 0 0 1 0 1 0 1 0 1
2014   2 28 11 13  0 369481  -34.37511  -37.52904     5809  98.0  2 -2  7 20 0 0 1 1 1 0 0 1 1 0 1 0 0 1
2014   2 28 11 13  0 428850    7.32132  -84.08923     6065  43.5  1  0  6 15 0 0 1 1 0 0 0 1 1 0 1 1 0 0
2014   2 28 11 13  0 651520  -22.94360 -140.26810    23149  98.2  2  0  6 15 0 0 1 1 1 0 0 1 1 0 0 1 0 0
2014   2 28 11 13  0 662517  -22.84611 -140.77527    10243   7.1  0  0  4  6 0 0 1 0 0 0 0 1 0 0 1 1 0 0
2014   2 28 11 13  2 250041   18.85490  -55.80344     5700  11.8  0  0  4  6 0 0 1 1 0 0 0 0 1 0 1 0 0 0
2014   2 28 11 13  2 759471   -8.52601   35.87190    19283 110.4  2  0  6 15 0 0 1 1 1 0 0 1 1 0 1 0 0 0
2014   2 28 11 13  3 889820   -3.85627  143.81335     5478   1.2  0  0  4  6 0 0 1 0 0 0 0 1 0 0 1 1 0 0
2014   2 28 11 13 20  97895   -2.56618  -82.72043     5021   5.9  0  0  5 10 0 0 0 1 0 0 0 1 1 0 0 1 0 1
2014   2 28 11 13 20 154074    2.35342    7.56168     6830   4.7  0  0  5 10 0 0 0 1 1 0 0 1 1 0 0 0 0 1
2014   2 28 11 13 20 645006  -20.61733   23.47918    10336   2.5  0  0  4  6 0 0 0 1 0 0 0 1 1 0 0 0 0 1
2014   2 28 11 13 20 780236  -20.53885   23.00108     6923  13.2  0  0  4  6 0 0 1 0 1 0 0 1 1 0 0 0 0 0
2014   2 28 11 13 20 882732  -20.53929   22.99926     4886  12.6  0 -1  5 10 0 0 1 1 1 0 0 1 1 0 0 0 0 0
2014   2 28 11 13 21  18946  -21.21789 -136.16925     6064  20.8  0  0  7 21 0 0 1 1 1 0 0 1 0 1 0 1 0 1
2014   2 28 11 13 21  94135  -21.21735 -136.16092     7892  23.6  0  0  6 15 0 0 1 0 1 0 0 1 0 1 0 1 0 1
2014   2 28 11 13 21 112418  -21.21231 -136.19812     6110  21.1  0  0  7 21 0 0 1 1 1 0 0 1 0 1 0 1 0 1
2014   2 28 11 13 21 189299  -21.13813 -136.50331    16353  37.5  1  0  5  7 0 0 1 0 0 0 0 1 1 0 0 1 0 1
2014   2 28 11 13 21 218291  -21.23938 -136.21185     8207  30.3  0  0  7 16 0 0 1 1 1 0 0 1 1 0 0 1 0 1
2014   2 28 11 13 21 256121  -21.18726 -136.29695    10118  24.6  0  0  5 10 0 0 1 1 0 0 0 1 0 0 0 1 0 1
2014   2 28 11 13 21 559334    7.02867  -72.54612     5187   4.3  0  0  4  6 0 0 0 1 1 0 0 1 0 0 0 1 0 0
2014   2 28 11 13 21 599357    6.89270  -72.07107     6772   1.0  0  0  4  6 0 0 0 1 0 0 0 1 1 0 0 1 0 0
2014   2 28 11 13 21 677099    1.17615    3.42368     5057  25.3  0  1  7 21 0 0 1 1 1 0 0 1 1 0 0 1 0 1
2014   2 28 11 13 21 735609    1.18249    3.56426     8938  28.9  0  0  6 15 0 0 0 1 1 0 0 1 1 0 0 1 0 1
2014   2 28 11 13 21 856810  -22.35637  -45.90164     3031  27.0  0  0  5  9 0 0 1 1 1 0 0 1 0 0 0 0 0 1
2014   2 28 11 13 21 925666  -22.38601  -45.89799     3020  27.2  0  0  5 10 0 0 1 1 1 0 0 1 0 0 0 0 0 1
2014   2 28 11 13 22 718131   -3.91593  147.96629     6105  57.0  2  0  5  8 0 0 1 1 1 0 0 1 1 0 0 0 0 0
2014   2 28 11 13 23  69840  -22.25388  -47.47403     3138  43.0  1  0  6 15 0 0 1 1 0 0 0 1 0 1 0 1 0 1
2014   2 28 11 13 23 508400  -22.60996  -47.29478     3004  21.9  0  1  5  9 0 0 1 1 1 0 0 1 0 0 0 0 0 1
2014   2 28 11 13 23 524266  -22.46823  -47.51663     2791  28.3  0  0  6 14 0 0 1 1 1 0 0 1 1 1 0 0 0 0
2014   2 28 11 13 23 542279  -22.62496  -47.44621     3344  31.2  1  0  5 10 0 0 0 0 1 0 0 1 0 1 0 1 0 1
2014   2 28 11 13 23 601703  -22.59765  -47.29328     2908  23.2  0  0  6 11 0 0 1 1 1 0 0 1 1 0 0 0 0 1
2014   2 28 11 13 23 631833  -22.62001  -47.29002     3046  24.5  0  1  5 10 0 0 1 1 1 0 0 1 0 0 0 0 0 1
2014   2 28 11 13 23 649457    3.36234  -10.38467    10391  33.6  1  0  4  6 0 0 0 1 0 0 0 0 1 0 0 1 0 1
2014   2 28 11 13 23 677243  -34.03542  -38.36011     3481  40.7  0  1  7 21 0 0 1 1 0 0 0 1 1 1 0 1 0 1
2014   2 28 11 13 23 786760  -22.56444  -47.41810     3822  48.2  1  0  5 10 0 0 1 1 0 0 0 1 0 1 0 0 0 1
2014   2 28 11 13 23 844656  -34.07139  -38.42502     3781  43.5  0 -1  7 19 0 0 1 1 0 0 0 1 1 1 0 1 0 1
2014   2 28 11 13 24 734913    7.23547  -71.64938     7681  10.8  0  0  4  6 0 0 0 1 0 0 0 1 1 0 0 1 0 0
2014   2 28 11 13 24 821972   -2.31526    8.26225     6600  43.4  0  0  7 21 0 0 1 1 1 0 0 1 1 0 0 1 0 1
2014   2 28 11 13 25 300138  -33.25992   18.43602    30744  38.7  1  0  4  6 0 0 1 1 1 0 0 1 0 0 0 0 0 0
2014   2 28 11 13 25 426117    2.72700  -86.38805     9597  25.8  0  0  5 10 0 0 0 1 0 0 0 1 1 0 0 1 0 1
2014   2 28 11 13 25 727597  -14.97743   38.94042    22384  36.6  1 -1  5 10 0 0 0 1 1 0 0 1 1 0 0 0 0 1
2014   2 28 11 13 25 814576  -24.07769   22.49761     9717  27.1  1  0  4  6 0 0 1 0 0 0 0 1 1 0 0 0 0 1
2014   2 28 11 13 26 473239  -13.11946  173.83232    27547  54.5  1  0  6 14 0 0 1 1 1 0 0 0 1 0 0 1 0 1
2014   2 28 11 13 27 746698    3.00513  -85.75230     4896  12.6  0  0  4  6 0 0 1 1 0 0 0 1 0 0 0 1 0 0
2014   2 28 11 13 29  62067    3.05245   14.44022    32704  49.6  1  0  5 10 0 0 0 1 1 0 0 1 0 0 0 1 0 1
2014   2 28 11 13 29 602134    2.20747   11.19307    27854  67.1  2  0  5 10 0 0 0 1 1 0 0 1 1 0 0 0 0 1
2014   2 28 11 13 29 634636  -22.45026  -46.42649     3642  88.3  2  0  7 21 0 0 1 1 1 0 0 1 1 1 0 0 0 1
2014   2 28 11 13 30 550542  -22.34374  -46.44465     3769  91.7  2  0  7 20 0 0 1 1 1 0 0 1 1 1 0 0 0 1
2014   2 28 11 13 31 446332   -3.26624  150.85976    16165  85.0  2  0  6 15 0 0 1 1 1 0 0 0 0 1 0 1 0 1
2014   2 28 11 13 34 881193   -6.45422   10.65022    16846 117.6  2  0  6 14 0 0 1 1 1 0 0 1 1 0 0 0 0 1
2014   2 28 11 13 37  15494  -12.71437  157.79077    10416  30.5  1  0  5  7 0 0 1 0 1 0 0 1 0 1 0 1 0 0
2014   2 28 11 13 37  23419  -12.15862  156.89932     9053  46.1  1  0  6 15 0 0 1 1 1 0 0 1 0 0 0 1 0 1
2014   2 28 11 13 37 249876    3.31861  145.28296     6217  20.0  0  0  5  9 0 0 0 1 1 0 0 0 0 1 0 1 0 1
2014   2 28 11 13 38 379017   -9.03066   17.48267     5019  16.7  0  0  6 14 0 0 1 1 1 0 0 1 1 0 0 0 0 1
2014   2 28 11 13 38 477972  -16.01854   25.83595     8278   8.3  0  0  5 10 0 0 0 1 1 0 0 1 1 0 0 0 0 1
2014   2 28 11 13 38 737817    1.16021    8.21373    17522  31.2  1  0  5  7 0 0 1 1 1 0 0 1 1 0 0 0 0 0
2014   2 28 11 13 38 912144    1.07950    8.88648    11465  12.5  0  0  4  6 0 0 0 1 1 0 0 1 1 0 0 0 0 0
2014   2 28 11 13 39 267033  -21.62657 -141.12300   118767  35.6  1  0  5  7 0 0 0 0 1 0 0 1 1 1 0 0 0 1
2014   2 28 11 13 39 395592  -22.01077 -136.94838    11651  15.8  0  0  4  6 0 0 1 1 0 0 0 1 0 0 0 1 0 0
2014   2 28 11 13 39 543227  -22.09614 -136.49275    10429  36.7  0  0  6 15 0 0 1 1 1 0 0 1 0 0 0 1 0 1
2014   2 28 11 13 39 994769  -11.14320  171.24164     9490  42.4  0  0  7 19 0 0 1 1 1 0 0 1 1 0 0 1 0 1
2014   2 28 11 13 40 453752  -35.81284  -36.29135     7849  19.7  0  0  5  9 0 0 0 1 1 0 0 1 1 1 0 0 0 0
2014   2 28 11 13 40 514609  -34.67206  -36.76526     4454  51.2  1  1  7 19 0 0 1 1 0 0 0 1 1 1 0 1 0 1
2014   2 28 11 13 40 549455  -34.69279  -36.67801     4542  37.2  1  1  5 10 0 0 1 1 1 0 0 0 1 0 0 0 0 1
2014   2 28 11 13 40 592722  -34.61697  -36.95490     4166  38.7  0  2  6 14 0 0 1 1 1 0 0 1 1 0 0 0 0 1
2014   2 28 11 13 40 632300  -11.28088  171.72749    14635  39.4  1  0  5 10 0 0 1 1 1 0 0 1 0 0 0 1 0 0
2014   2 28 11 13 40 905731  -41.38637  -65.75214     3033   4.8  0  0  6 11 0 0 1 0 1 0 0 0 1 1 0 1 0 1
2014   2 28 11 13 40 966754   45.20851    3.87875    22536  49.7  0  0  7 19 0 0 1 1 1 0 0 1 1 0 0 1 0 1
2014   2 28 11 13 41 634260  -26.35639 -138.43150    12164  55.7  1  0  7 21 0 0 1 1 1 0 0 1 0 1 0 1 0 1
2014   2 28 11 13 41 961228  -26.39997 -139.77158    21945  59.5  1  0  7 20 0 0 0 1 1 0 0 1 1 1 0 1 0 1
2014   2 28 11 13 42 135692    2.26191    9.31293    16939  38.8  1  0  5  9 0 0 0 1 1 0 0 1 1 0 0 0 0 1
2014   2 28 11 13 42 206364  -26.35811 -139.14111    23256  50.7  2  0  5  9 0 0 1 1 1 0 0 1 0 0 0 1 0 0
2014   2 28 11 13 43  72030  -25.68614 -139.40477    14127  67.7  1  0  7 21 0 0 1 1 1 0 0 1 0 1 0 1 0 1
2014   2 28 11 13 43 411439   13.47301 -122.89756    15722  67.5  2  0  5 10 0 0 1 1 1 0 0 0 1 0 0 0 0 1
2014   2 28 11 13 43 416447   -4.04276  -72.17950     9124  61.7  2  0  5  9 0 0 1 1 1 0 0 1 1 0 0 0 0 0
2014   2 28 11 13 45 447694    9.57369  -72.44409     5653   2.8  0  0  4  6 0 0 0 0 1 0 0 1 1 0 0 1 0 0
2014   2 28 11 13 45 566443    9.70167  -71.62531    15577  31.2  1  0  4  6 0 0 0 1 0 0 0 1 1 0 0 1 0 0
2014   2 28 11 13 46 472201    4.29847    5.30805    18243  71.1  2  1  5  7 0 0 1 1 0 0 0 1 1 0 0 0 0 1
2014   2 28 11 13 46 841277   -2.74067  -84.39733    16121  63.6  2  0  5 10 0 0 0 1 1 0 0 1 0 0 0 1 0 1
2014   2 28 11 13 47 454662    4.20343  -73.80569     7592  70.6  2  0  5 10 0 0 1 0 1 0 0 1 0 0 0 1 0 1
2014   2 28 11 13 47 582232    3.62281  -73.42949    13577  88.3  2  0  6 14 0 0 1 1 1 0 0 1 0 0 0 0 1 1
2014   2 28 11 13 48 763929   -2.52505  -84.48932    17022  78.8  2  0  5 10 0 0 0 1 1 0 0 1 1 0 0 1 0 0
2014   2 28 11 13 49 455575    1.24669    4.20095    15401  99.5  2  0  6 14 0 0 1 1 1 0 0 1 1 0 0 0 0 1
2014   2 28 11 13 55 139276  -14.59391  -43.69981     3170  33.9  1  0  5 10 0 0 1 1 0 0 0 1 0 1 0 0 0 1
2014   2 28 11 13 55 215473  -12.30835  157.39815    16934  48.3  1  0  5  9 0 0 1 1 1 0 0 1 0 0 0 1 0 0
2014   2 28 11 13 55 321417  -27.68513  176.14008    93300  18.7  0  0  5 10 0 0 1 1 1 0 0 1 0 0 0 0 0 1
2014   2 28 11 13 56 731116    4.42665    5.08499    33628  32.0  1  0  4  6 0 0 1 1 0 0 0 1 0 0 0 0 0 1
2014   2 28 11 13 57 679613  -18.54553 -102.85388     4976   1.9  0  0  4  6 0 0 1 1 0 0 0 1 0 0 0 1 0 0
2014   2 28 11 13 57 719108    7.58106  -72.46832     7513  56.1  2  0  5  9 0 0 1 1 1 0 0 0 0 0 0 1 0 1
2014   2 28 11 13 57 986451  -28.39871 -140.14529    16162  43.3  1  0  5 10 0 0 1 1 0 0 0 1 0 0 0 1 0 1
2014   2 28 11 13 58  15590  -28.55186 -139.35135    19901  45.4  1  0  5 10 0 0 1 0 1 0 0 1 0 0 0 1 0 1
2014   2 28 11 13 58 463381  -21.77432   20.75476    22461  49.3  1  0  5 10 0 0 1 1 1 0 0 1 0 0 0 0 0 1
2014   2 28 11 13 59 404748  -32.99086   21.04526    24753  52.9  2  0  5 10 0 0 1 1 1 0 0 1 0 0 0 0 0 1
2014   2 28 11 13 59 857450  -41.36988  -65.94476     5328  80.9  2  0  7 18 0 0 1 1 1 0 0 1 0 1 0 1 0 1
2014   2 28 11 14  0  13029  -41.53616  -65.36637     9934  76.0  2  0  5 10 0 0 1 1 1 0 0 1 0 0 0 0 0 1
2014   2 28 11 14  2 610911  -19.27354   30.33132    37298  31.7  1  0  5 10 0 0 0 1 1 0 0 1 0 0 0 1 0 1
2014   2 28 11 14  2 637569    1.05742    9.14902    47757  87.8  2 -1  5 10 0 0 1 1 1 0 0 1 0 0 0 0 0 1
2014   2 28 11 14  2 810873  -33.92534   16.84683    32604  75.6  2 -2  5 10 0 0 1 1 1 0 0 1 0 0 0 0 0 1
2014   2 28 11 14  3 725987  -30.54818 -130.67043    16250  26.6  1  0  4  6 0 0 1 1 0 0 0 1 0 0 0 1 0 0
2014   2 28 11 14  3 849500    3.38891    2.26487    14387  25.5  1  0  4  6 0 0 1 1 0 0 0 1 0 0 0 1 0 0
2014   2 28 11 14  3 877775    3.36959    4.72188    38920  72.0  2  0  5 10 0 0 0 1 1 0 0 1 0 0 0 1 0 1
2014   2 28 11 14  4 611070  -18.71625 -145.02174    21209 115.3  2  0  7 21 0 0 1 1 1 0 0 1 0 1 0 1 0 1
2014   2 28 11 14  4 805491  -18.77089 -144.71538    30571  82.3  2  0  5 10 0 0 1 0 1 0 0 1 0 0 0 1 0 1
2014   2 28 11 14  5  10287  -33.92257  -38.91999     4133  18.1  0  0  5 10 0 0 1 1 1 0 0 1 0 0 0 0 0 1
2014   2 28 11 14  5 578325    2.10706    1.97622    27741  80.6  2  0  5 10 0 0 1 0 1 0 0 1 0 0 0 1 0 1
2014   2 28 11 14  5 966975  -34.05906  -38.79887     5267  15.9  0  0  4  6 0 0 1 1 1 0 0 1 0 0 0 0 0 0
2014   2 28 11 14  7  59632  -22.50892  -45.89160     4983 135.5  2  0  7 19 0 0 1 1 1 0 0 1 0 1 0 1 0 1
2014   2 28 11 14  7 124537    2.83131    4.22034    16901  32.1  1  0  4  6 0 0 1 1 0 0 0 1 0 0 0 1 0 0
2014   2 28 11 14  7 454362  -22.37037  -46.31850     5052  52.4  2  0  5  7 0 0 1 1 1 0 0 1 0 1 0 0 0 0
2014   2 28 11 14  8 480765  -40.91264  -66.01722     3978  14.3  0  0  6 11 0 0 1 1 1 0 0 1 0 1 0 0 0 1
2014   2 28 11 14  8 642928    4.21468    3.65110    11173   6.3  0  0  5 10 0 0 1 1 1 0 0 1 0 0 0 0 0 1
2014   2 28 11 14  8 868418  -14.20893  -37.50171     3832  23.5  0  0  7 16 0 0 1 1 1 0 0 1 0 1 0 0 1 1
2014   2 28 11 14  9 431167  -22.31152  -46.04121     2583   8.5  0  0  5 10 0 0 1 1 1 0 0 1 0 0 0 0 0 1
2014   2 28 11 14 10 113678    1.73112  -84.28590     5802  13.1  0  0  5 10 0 0 1 1 1 0 0 1 0 1 0 0 0 0
2014   2 28 11 14 10 168385  -23.90636   21.34649     8561   8.5  0 -1  5 10 0 0 1 1 1 0 0 1 0 0 0 0 0 1
2014   2 28 11 14 10 545358    8.71427  -85.47946     9997  11.5  0  0  4  6 0 0 1 1 1 0 0 1 0 0 0 0 0 0
2014   2 28 11 14 10 586144   13.03004 -123.43192    14990  11.7  0  0  4  6 0 0 1 1 1 0 0 1 0 0 0 0 0 0
2014   2 28 11 14 11 591137    3.08748  -89.31431    12460  21.9  1  0  4  6 0 0 1 1 1 0 0 1 0 0 0 0 0 0
2014   2 28 11 14 11 652296    2.59212    0.12996    21797  18.3  0  0  4  6 0 0 1 1 1 0 0 1 0 0 0 0 0 0
2014   2 28 11 14 11 835279   12.71761  -89.63535    17050  23.8  1  0  4  6 0 0 1 1 1 0 0 1 0 0 0 0 0 0
2014   2 28 11 14 12 211136    3.21638  -89.25888    14922  28.4  1  0  4  6 0 0 1 1 1 0 0 1 0 0 0 0 0 0
2014   2 28 11 14 12 342285  -26.68874   20.63255    13374  25.1  0 -3  5 10 0 0 1 1 1 0 0 1 0 0 0 0 0 1
2014   2 28 11 14 13 149238    2.14337    1.77290    31579  32.4  1  0  4  6 0 0 1 1 1 0 0 1 0 0 0 0 0 0
2014   2 28 11 14 15 634436  -21.36956 -140.90642    28439  58.2  1  0  6 15 0 0 1 1 1 0 0 1 0 1 0 0 0 1
2014   2 28 11 14 15 691288  -21.15820 -141.62909    39446  55.6  2  0  5 10 0 0 1 1 1 0 0 1 0 0 0 0 0 1
2014   2 28 11 14 15 991298    4.92175    5.36040    29345  58.5  1  0  6 15 0 0 1 1 1 0 0 1 0 0 0 0 1 1
2014   2 28 11 14 16 640748  -23.41505  170.29152   220474  49.7  1  0  5 10 0 0 1 1 1 0 0 1 0 0 0 0 0 1
2014   2 28 11 14 17 199983  -22.27939  -46.26981     3817  24.5  1 -3  4  6 0 0 1 1 0 0 0 1 0 1 0 0 0 0
2014   2 28 11 14 23 603311  -22.28732  -46.64208     4985 115.9  2  0  6 14 0 0 1 1 1 0 0 1 0 1 0 0 0 1
2014   2 28 11 14 23 668026  -34.50657  -38.29101     4201  17.1  0  1  5 10 0 0 1 1 1 0 0 1 0 0 0 0 0 1
