2014   2 28  7 34 26 779791  -30.16596  -41.53135     4743  13.4  0  0  4  6 0 0 1 0 0 0 0 0 0 1 1 0 0 1
2014   2 28  7 34 29 338133    4.87047  -83.88191     5240  25.6  0  0  5 10 0 0 1 0 0 0 0 0 0 1 1 1 0 1
2014   2 28  7 34 29 919912  -30.43476  -41.28115     5654  33.8  1  0  5 10 0 0 1 0 0 0 0 0 0 1 1 1 0 1
2014   2 28  7 34 30  99698  -25.09967 -138.10008    79948  17.4  0  0  4  6 0 0 1 0 0 0 0 0 0 1 1 0 0 1
2014   2 28  7 34 30 868609  -22.47976  -45.77058     3302  13.0  0  0  4  6 0 0 1 0 0 0 0 0 0 1 1 0 0 1
2014   2 28  7 34 38 229369    6.25003  -82.10501     9681  69.1  2  0  5 10 0 0 1 0 0 0 0 0 0 1 1 1 0 1
2014   2 28  7 34 39 279176   -1.52437  153.42714    21955  82.6  2  0  5 10 0 0 1 0 0 0 0 0 0 1 1 1 0 1
2014   2 28  7 34 40 281526  -19.48616 -143.95567    13426   8.8  0  0  5 10 0 0 1 1 0 0 0 1 0 0 1 0 0 1
2014   2 28  7 34 40 383731  -24.84186  -45.00497     4353  21.0  0  0  5  8 0 0 0 1 1 0 0 1 0 0 1 0 0 1
2014   2 28  7 34 40 584741  -21.35461  -46.15291     2700  13.3  0  0  5 10 0 0 0 1 1 0 0 1 0 0 1 0 0 1
2014   2 28  7 34 40 605621  -21.33320  -46.21005     2728  20.2  0  0  6 13 0 0 1 0 0 0 0 1 0 1 1 1 0 1
2014   2 28  7 34 40 752131  -21.36264  -46.16367     2781  12.7  0  0  5  9 0 0 0 1 1 0 0 1 0 0 1 0 0 1
2014   2 28  7 34 40 869835  -21.36414  -46.15874     2686  12.8  0  0  5 10 0 0 0 1 1 0 0 1 0 0 1 0 0 1
2014   2 28  7 34 41 278089  -32.29171 -134.13126     8760  11.3  0  0  5 10 0 0 1 0 0 0 0 1 0 0 1 1 0 1
2014   2 28  7 34 41 323439  -21.90152 -140.91446     8380  11.9  0  0  5 10 0 0 1 0 0 0 0 1 0 0 1 1 0 1
2014   2 28  7 34 42  35600   11.71619 -127.66741    11107  12.4  0  0  6 15 0 0 0 1 1 0 0 1 0 1 0 1 0 1
2014   2 28  7 34 42 347989    7.35496  -78.68054     4119  17.0  0  0  5  9 0 0 1 1 0 0 0 1 0 0 0 1 0 1
2014   2 28  7 34 43 562005    4.86499  149.79784     5880  36.5  0  0  7 21 0 0 1 1 1 0 0 1 0 0 1 1 0 1
2014   2 28  7 34 43 731641   -8.05265  -61.71918     3698  39.6  1  0  5 10 0 0 1 1 1 0 0 1 0 0 0 1 0 0
2014   2 28  7 34 44 130833  -21.21913  -46.37489     2933  32.8  0  0  6 15 0 0 1 1 1 0 0 1 0 0 1 0 0 1
2014   2 28  7 34 44 213893  -21.18975  -46.46531     2842  44.0  0  0  7 21 0 0 1 1 1 0 0 1 0 1 1 0 0 1
2014   2 28  7 34 44 576998  -10.87028  -56.63327     5561  42.8  1  0  5 10 0 0 0 0 1 0 0 0 0 1 1 1 0 1
2014   2 28  7 34 44 587475  -11.03220  -57.01730     4428  17.0  0  0  5  7 0 0 0 1 1 0 0 1 0 0 0 1 0 1
2014   2 28  7 34 45  76291  -19.60816 -141.66267    17607  45.9  1  0  5 10 0 0 1 0 1 0 0 1 0 0 1 1 0 0
2014   2 28  7 34 45  86566  -19.55768 -141.72992    19431  49.7  1  0  5 10 0 0 1 1 1 0 0 0 0 0 1 1 0 0
2014   2 28  7 34 45 101471  -19.61158 -141.60478    10382  49.6  0  0  7 21 0 0 1 1 0 0 0 1 0 1 1 1 0 1
2014   2 28  7 34 45 315771  -21.52064 -142.03909    11617   9.0  0  0  4  6 0 0 1 1 0 0 0 0 0 0 1 1 0 0
2014   2 28  7 34 45 409550    4.98266  -84.59970     8715  52.0  1  0  6 15 0 0 0 1 1 0 0 1 0 0 1 1 0 1
2014   2 28  7 34 45 513656  -21.52367 -142.32181    13937   8.1  0  0  4  6 0 0 0 1 0 0 0 1 0 0 1 1 0 0
2014   2 28  7 34 45 647060   -9.40456  161.40082    14219  52.6  2  0  5 10 0 0 0 1 1 0 0 1 0 0 1 1 0 0
2014   2 28  7 34 45 906150  -21.40725  -46.15552     3846  44.2  1  0  5  9 0 0 0 1 1 0 0 1 0 0 1 0 0 1
2014   2 28  7 34 45 961111  -21.42496  -46.21277     3655  39.9  1  0  5 10 0 0 1 1 1 0 0 1 0 0 0 0 0 1
2014   2 28  7 34 46  44384    4.36863  -83.58525    11340  40.8  1  0  5 10 0 0 1 0 1 0 0 1 0 0 1 0 0 1
2014   2 28  7 34 46 151187  -20.60012  -47.24794     3117  12.2  0  0  4  6 0 0 1 0 0 0 0 1 0 0 1 0 0 1
2014   2 28  7 34 46 478524  -22.28063 -141.34137     9917   5.4  0  0  4  6 0 0 1 0 0 0 0 1 0 0 1 1 0 0
2014   2 28  7 34 46 647233  -23.44333  -45.59418     3442   4.8  0  0  4  6 0 0 1 0 0 0 0 1 0 0 1 0 0 1
2014   2 28  7 34 46 663280  -23.27106  -45.94228     7158  68.9  2  0  5 10 0 0 1 1 1 0 0 0 0 0 1 0 0 1
2014   2 28  7 34 46 786270   -9.52590  161.72447    95197  62.9  2  0  5 10 0 0 1 1 1 0 0 1 0 0 1 0 0 0
2014   2 28  7 34 46 867759  -23.37031  -45.88587     5243  58.1  2  0  5  9 0 0 1 1 1 0 0 1 0 0 0 0 0 1
2014   2 28  7 34 47  53226    6.93801  -74.02587     9381  77.1  2  0  6 11 0 0 1 1 1 0 0 1 0 0 1 1 0 0
2014   2 28  7 34 47  78310  -23.33218  -45.93638     3619  69.6  1  0  7 21 0 0 1 1 1 0 0 1 0 1 1 0 0 1
2014   2 28  7 34 47 232112   -8.87544  -72.41017     6980   4.5  0  0  4  6 0 0 1 1 1 0 0 0 0 1 0 0 0 0
2014   2 28  7 34 48  11014    6.79826  -71.90416     4706  70.2  2  0  7 21 0 0 1 1 1 0 0 1 0 0 1 1 0 1
2014   2 28  7 34 48 341275   31.28695 -127.87731    23362  90.6  2  0  6 15 0 0 1 1 1 0 0 0 0 0 1 1 0 1
2014   2 28  7 34 48 703282  -13.23372  -71.10009     4177  74.4  2  0  7 21 0 0 1 0 1 0 0 1 0 1 1 1 0 1
2014   2 28  7 34 48 810605  -13.22757  -71.16741     4670  67.7  2  0  6 15 0 0 1 0 1 0 0 1 0 0 1 1 0 1
2014   2 28  7 34 49 166489  -13.19679  -71.04744     4810  71.2  2  0  6 15 0 0 1 0 1 0 0 1 0 0 1 1 0 1
2014   2 28  7 34 49 675498  -33.62584   17.85863    17059  85.6  2  0  7 21 0 0 1 1 0 0 0 1 0 1 1 1 0 1
2014   2 28  7 34 49 745365  -34.53902   14.53723    45577  76.4  2  0  5 10 0 0 1 1 1 0 0 0 0 0 1 0 0 1
2014   2 28  7 34 49 818795  -21.92120  -50.52003     4826  88.8  2  0  6 13 0 0 1 1 1 0 0 1 0 0 1 0 0 1
2014   2 28  7 34 49 897587    2.83571  -84.95632     8519  90.9  2  0  6 15 0 0 1 1 1 0 0 1 0 0 1 1 0 0
2014   2 28  7 34 49 921562  -18.82250 -144.08160    35977  26.9  1  0  4  6 0 0 1 1 0 0 0 1 0 0 1 0 0 0
2014   2 28  7 34 50 438160  -22.60228  -45.89838     4462  83.6  2  0  6 12 0 0 1 0 1 0 0 1 0 1 1 0 0 1
2014   2 28  7 34 50 556465  -12.63276  -71.99497     4217  19.3  0  0  4  6 0 0 1 0 0 0 0 1 0 0 1 1 0 0
2014   2 28  7 34 50 749956    6.97026  -74.16630     7415 111.0  2  0  7 18 0 0 1 1 1 0 0 1 0 1 1 1 0 0
2014   2 28  7 34 50 760157    6.95637  -74.04807     8177  99.7  2  0  6 13 0 0 1 1 1 0 0 1 0 0 1 1 0 0
2014   2 28  7 34 50 881749  -12.71675  -71.54777     4642  89.1  2  0  7 21 0 0 1 0 1 0 0 1 0 1 1 1 0 1
2014   2 28  7 34 51  74222   -5.97136  -74.73087     7473 113.3  2  0  6 15 0 0 1 1 0 0 0 0 0 1 1 1 0 1
2014   2 28  7 34 51 536272   -5.88189  -75.04625     5434 101.5  2  0  7 21 0 0 1 1 1 0 0 1 0 0 1 1 0 1
2014   2 28  7 34 51 751414  -27.87550 -135.59077    18594  97.5  2  0  7 21 0 0 1 1 1 0 0 1 0 0 1 1 0 1
2014   2 28  7 34 52 986020   -7.33669  -69.23113     6290   0.4  0  0  4  6 0 0 1 1 1 0 0 0 0 1 0 0 0 0
2014   2 28  7 34 53   8987   -3.92628  -71.76787     6407 110.8  2  0  6 15 0 0 1 1 1 0 0 1 0 0 1 1 0 0
2014   2 28  7 34 53 135543   -4.01701  -71.40244     5511 102.1  2  0  7 21 0 0 1 0 1 0 0 1 0 1 1 1 0 1
2014   2 28  7 34 53 191587   -3.85642  -71.79065     3446   7.9  0  0  4  6 0 0 1 0 0 0 0 1 0 0 1 1 0 0
2014   2 28  7 34 53 248862   -3.99604  -71.47659     6442 102.2  2  0  6 15 0 0 1 0 0 0 0 1 0 1 1 1 0 1
2014   2 28  7 34 53 386159   -3.96420  -71.44784     7534 135.3  2  0  7 20 0 0 1 1 1 0 0 0 0 1 1 1 0 1
2014   2 28  7 34 53 883637  -24.34599  -45.69653     4222  90.2  2  0  7 21 0 0 1 1 0 0 0 1 0 1 1 1 0 1
2014   2 28  7 34 54 543787   -6.22843  171.10733    17324  86.6  2  0  6 15 0 0 1 1 0 0 0 1 0 0 1 1 0 1
2014   2 28  7 34 54 581466   -6.43872  171.48294    24405 118.8  2  0  7 18 0 0 1 1 1 0 0 1 0 0 1 1 0 1
2014   2 28  7 34 54 707823    6.95475  -74.43849    10203  99.0  2  0  6 12 0 0 1 0 1 0 0 1 0 0 1 1 0 1
2014   2 28  7 34 55 467441  -24.70201  -45.54646     3990  83.9  2  0  7 21 0 0 1 1 1 0 0 1 0 1 1 0 0 1
2014   2 28  7 34 56  62216  -32.27186 -134.33595    14939   6.8  0  0  5 10 0 0 1 0 1 0 0 1 0 0 1 0 0 1
2014   2 28  7 34 56 332574    4.37355  -84.28957     5008  11.7  0  0  5 10 0 0 0 1 1 0 0 1 0 0 1 1 0 0
2014   2 28  7 34 56 547625   -7.44103   -8.64977    19205  29.3  0  0  5  8 0 0 0 1 1 0 0 0 0 0 1 1 0 1
2014   2 28  7 34 56 804724  -21.92330 -140.69589     5484  12.6  0  0  7 21 0 0 1 1 1 0 0 1 0 0 1 1 0 1
2014   2 28  7 34 56 943394    4.83809  -84.13076     4529  14.7  0  0  5  8 0 0 1 1 1 0 0 1 0 0 0 1 0 0
2014   2 28  7 34 56 991951    4.79318  -83.68504     6597  39.5  1  0  5 10 0 0 1 0 0 0 0 1 0 0 1 1 0 1
2014   2 28  7 34 57  17758   -4.76389  -72.10341     2683   9.9  0  0  6 15 0 0 1 1 1 0 0 1 0 0 1 1 0 0
2014   2 28  7 34 57 268980   -4.79132  -72.17168     2948  14.8  0  0  7 21 0 0 0 1 1 0 0 1 0 1 1 1 0 1
2014   2 28  7 34 57 359431   -9.64786  161.75409    10800  18.1  0  0  5  8 0 0 0 1 0 0 0 1 0 0 1 1 0 1
2014   2 28  7 34 57 434371   -9.27849  161.32782     6432  20.7  0  0  6 15 0 0 1 1 0 0 0 1 0 0 1 1 0 1
2014   2 28  7 34 57 599989   -9.25067  161.21913     8690  20.9  0  0  5  7 0 0 0 0 0 0 0 1 0 1 1 1 0 1
2014   2 28  7 34 57 627256  -10.56547  163.18542    41871  13.0  0  0  5  9 0 0 1 1 1 0 0 1 0 0 1 0 0 0
2014   2 28  7 34 57 993283  -10.16707  162.63000    45582   7.7  0  0  4  6 0 0 1 1 0 0 0 1 0 0 1 0 0 0
2014   2 28  7 34 57 998562   -4.31545  -71.72179     4361  10.4  0  0  4  6 0 0 0 1 0 0 0 1 0 1 0 1 0 0
2014   2 28  7 34 58 107742   -4.31324  -71.63664     3499   6.8  0  0  5 10 0 0 0 1 1 0 0 1 0 0 0 1 0 1
2014   2 28  7 34 58 950828  -30.05402  -41.64441     3124  19.0  0  0  6 15 0 0 1 1 1 0 0 1 0 0 1 0 0 1
2014   2 28  7 34 59  55119  -29.92128  -41.76733     4010  14.6  0  0  5 10 0 0 0 1 1 0 0 1 0 0 1 0 0 1
2014   2 28  7 34 59 161640  -19.69894 -141.47316    10817  21.9  0  0  5 10 0 0 1 0 1 0 0 1 0 0 1 1 0 0
2014   2 28  7 34 59 343534  -29.86224  -41.79137     4104  16.3  0  0  5 10 0 0 0 1 1 0 0 1 0 0 1 0 0 1
2014   2 28  7 34 59 394948  -15.62621  -52.02932    11292  16.7  0  0  4  6 0 0 1 0 0 0 0 0 0 1 1 0 0 1
2014   2 28  7 34 59 431379  -29.97247  -41.61573     3357  23.5  0  0  6 15 0 0 1 1 1 0 0 1 0 0 1 0 0 1
2014   2 28  7 34 59 972271    6.58129  -78.16396     5224  34.3  1  0  5  8 0 0 1 1 0 0 0 1 0 0 0 1 0 1
2014   2 28  7 35  0 545084  -21.42551  -46.17888     3278  30.0  1  0  5 10 0 0 0 1 1 0 0 1 0 0 1 0 0 1
2014   2 28  7 35  0 570483   -2.02085  150.52287     7658  22.7  1  0  4  6 0 0 1 1 0 0 0 1 0 0 0 1 0 0
2014   2 28  7 35  0 702743    5.52499  -82.71107     4437  39.3  0  0  7 21 0 0 1 0 1 0 0 1 0 1 1 1 0 1
2014   2 28  7 35  0 719645    5.63724  -82.93612     4819  36.3  0  0  6 15 0 0 1 1 1 0 0 1 0 0 1 1 0 0
2014   2 28  7 35  0 802456   -7.42209    8.98682    16734  32.3  1  0  5 10 0 0 1 1 1 0 0 1 0 0 0 0 0 1
2014   2 28  7 35  1  19845  -21.18644  -46.90328     2993  47.7  0  0  7 21 0 0 1 0 1 0 0 1 0 1 1 1 0 1
2014   2 28  7 35  1  40850  -21.23719  -46.94105     2978  48.6  0  0  7 20 0 0 1 1 1 0 0 1 0 1 1 0 0 1
2014   2 28  7 35  1 107576  -21.27180  -46.82945     2949  31.2  0  0  6 15 0 0 1 1 1 0 0 1 0 0 1 0 0 1
2014   2 28  7 35  2 862308  -28.31961 -132.89073    27816  52.8  1  0  6 15 0 0 1 1 1 0 0 1 0 0 1 0 0 1
2014   2 28  7 35  3 363492  -30.03108  -42.33028     3832  49.4  0  0  7 21 0 0 1 1 1 0 0 1 0 1 1 0 0 1
2014   2 28  7 35  3 905903   -4.76215  -71.69713     5906  59.4  1  0  6 14 0 0 1 0 1 0 0 0 0 0 1 1 1 1
2014   2 28  7 35  5 136399  -21.51481  -48.38021     3779  61.3  2  0  6 14 0 0 1 1 1 0 0 1 0 0 1 0 0 1
2014   2 28  7 35  5 287745   19.11422  -92.43838    14802  74.5  2  0  6 14 0 0 1 1 1 0 0 1 0 0 1 1 0 0
2014   2 28  7 35  5 959339  -24.52025  -45.43164     4857  89.5  2  0  6 14 0 0 1 1 1 0 0 0 0 0 1 0 1 1
2014   2 28  7 35  6  10549   -6.87485    6.97001    35020  78.1  2  0  5 10 0 0 1 1 1 0 0 1 0 0 0 0 0 1
2014   2 28  7 35  6 434299  -21.61098  -46.81827     3229   9.0  0  0  5  8 0 0 1 1 1 0 0 0 0 0 1 0 0 1
2014   2 28  7 35  7 589634    3.16994  -75.78284    23148  81.1  2  0  6 15 0 0 1 1 1 0 0 0 0 1 1 0 0 1
2014   2 28  7 35  7 907266    6.98331  -74.34674     6563  89.5  2  0  7 20 0 0 1 0 1 0 0 1 0 1 1 1 0 1
2014   2 28  7 35  8 311189  -25.13019  -44.99979     4319  65.3  2  0  6 15 0 0 1 1 1 0 0 1 0 0 1 0 0 1
2014   2 28  7 35  8 400265    6.41464  -82.94149     9122 124.2  2  0  7 21 0 0 1 1 1 0 0 1 0 1 1 1 0 0
2014   2 28  7 35  9  67733  -23.31648  -45.99166     6182 122.9  2  0  6 15 0 0 0 1 1 0 0 1 0 1 1 0 0 1
2014   2 28  7 35  9 206757  -18.84878 -144.11296    15338  40.6  1  0  5 10 0 0 1 1 0 0 0 1 0 0 1 1 0 0
2014   2 28  7 35  9 468761  -11.80979  -72.84721     5895 122.6  2  0  7 21 0 0 1 0 1 0 0 0 0 1 1 1 1 1
2014   2 28  7 35  9 510842  -12.25489  -72.39661     7853 122.8  2  0  7 21 0 0 1 1 1 0 0 1 0 1 1 0 0 1
2014   2 28  7 35  9 573185  -11.76326  -73.30963     5125 102.8  2  0  7 21 0 0 1 1 1 0 0 1 0 0 1 1 1 0
2014   2 28  7 35  9 595439  -11.80206  -73.06202     6131 136.2  2  0  7 21 0 0 1 1 0 0 0 1 0 1 1 1 0 1
2014   2 28  7 35 10  45912  -21.17031 -143.14912    22475  92.9  2  0  6 15 0 0 1 1 0 0 0 1 0 0 1 1 0 1
2014   2 28  7 35 10 417881  -20.93621 -144.04791    16948  44.9  1  0  5 10 0 0 1 1 0 0 0 1 0 0 1 1 0 0
2014   2 28  7 35 10 801242   -9.43595  159.82452    14451 108.4  2  0  7 21 0 0 1 1 1 0 0 1 0 0 1 1 0 1
2014   2 28  7 35 10 993481  -10.90680  163.59784    33576 116.8  2  0  6 14 0 0 1 1 1 0 0 0 0 1 0 1 0 1
2014   2 28  7 35 11  13877   -9.42634  159.96516    16874 102.0  2  0  6 15 0 0 1 1 1 0 0 1 0 0 1 1 0 0
2014   2 28  7 35 11  72095   -9.52600  159.91702    14724 109.0  2  0  7 20 0 0 1 1 1 0 0 1 0 0 1 1 0 1
2014   2 28  7 35 11 354337  -11.88509  -72.97456     5518 102.8  2  0  7 20 0 0 1 0 1 0 0 1 0 1 1 1 0 1
2014   2 28  7 35 11 426981    1.37009 -169.94681     8779  14.7  0  0  5 10 0 0 1 0 1 0 0 0 0 0 1 1 0 1
2014   2 28  7 35 11 434934  -11.87723  -73.38279     5961 127.8  2  0  7 21 0 0 1 1 1 0 0 1 0 0 1 1 0 1
2014   2 28  7 35 11 738363  -18.99890 -141.31895    20673 108.2  2  0  7 21 0 0 1 0 1 0 0 1 0 1 1 1 0 1
2014   2 28  7 35 11 768260  -18.41102 -144.28377    26114 111.4  2  0  6 15 0 0 1 1 1 0 0 1 0 0 1 1 0 0
2014   2 28  7 35 11 827857  -18.98769 -141.33452    20809 108.7  2  0  7 21 0 0 1 0 1 0 0 1 0 1 1 1 0 1
2014   2 28  7 35 11 981651  -21.59635 -134.97585    29382  44.7  1  0  5 10 0 0 1 0 1 0 0 1 0 1 0 0 0 1
2014   2 28  7 35 12 375733  -21.32205  -46.17692     2515  13.6  0  0  6 15 0 0 1 1 1 0 0 1 0 0 1 0 0 1
2014   2 28  7 35 14 127717   -6.44484    7.41921     8068  13.7  0  0  6 15 0 0 1 1 1 0 0 1 0 0 1 0 0 1
2014   2 28  7 35 14 571181    4.87485  -84.11286     4269  24.8  0  0  6 15 0 0 1 0 1 0 0 1 0 0 1 1 0 1
2014   2 28  7 35 15 113203  -22.76548  -45.78354     3062  24.4  0  0  5 10 0 0 0 1 1 0 0 1 0 0 1 0 0 1
2014   2 28  7 35 15 120373  -22.75211  -45.77346     2793  25.5  0  0  6 15 0 0 1 1 1 0 0 1 0 0 1 0 0 1
2014   2 28  7 35 15 170506    5.14025  -72.46647     3256  26.7  0  0  7 20 0 0 1 1 1 0 0 1 0 0 1 1 0 1
2014   2 28  7 35 15 238331    5.18183  -72.48933     3526  27.2  0  0  6 15 0 0 1 1 0 0 0 1 0 1 1 1 0 0
2014   2 28  7 35 15 327655  -22.76706  -45.75059     3289  25.5  0  0  5  8 0 0 0 1 1 0 0 1 0 0 1 0 0 1
2014   2 28  7 35 15 503990    4.72187  -72.09533     5661  13.0  0  0  5 10 0 0 1 0 0 0 0 1 0 1 1 0 0 1
2014   2 28  7 35 15 646523    5.06690  -71.96387     3292  14.6  0  0  6 15 0 0 1 0 1 0 0 0 0 1 1 1 0 1
2014   2 28  7 35 16 392786  -21.39322  -46.30744     3816  48.4  1  0  6 12 0 0 1 1 1 0 0 1 0 1 0 0 0 1
2014   2 28  7 35 16 656908    7.02195  -78.23054     7211  22.7  0  0  5  8 0 0 0 1 1 0 0 1 0 1 0 1 0 0
2014   2 28  7 35 16 818789   -9.07221  161.06148     6975  27.1  0  0  6 15 0 0 1 1 0 0 0 1 0 0 1 1 0 1
2014   2 28  7 35 17 619605  -19.62162 -141.92888     9541  41.2  0  0  7 21 0 0 1 1 1 0 0 1 0 0 1 1 0 1
2014   2 28  7 35 17 654449  -19.49320 -142.47180     8691  17.4  0  0  5 10 0 0 1 1 0 0 0 1 0 0 1 1 0 0
2014   2 28  7 35 17 696589  -19.62688 -141.94684    12391  46.3  1  0  6 15 0 0 1 1 1 0 0 1 0 0 0 1 0 1
2014   2 28  7 35 17 746312  -19.51831 -142.24081    12720  15.5  0  0  4  6 0 0 1 0 0 0 0 1 0 0 1 1 0 0
2014   2 28  7 35 17 764455  -19.55222 -143.55951    16516  37.1  0  0  6 15 0 0 0 1 1 0 0 1 0 0 1 1 0 1
2014   2 28  7 35 17 943572    0.56901  155.81282     6617  40.1  0  0  7 20 0 0 1 1 1 0 0 1 0 0 1 1 0 1
2014   2 28  7 35 17 980852   -0.22226  156.69000    27710  43.1  1  0  6 15 0 0 1 1 1 0 0 1 0 0 1 0 0 1
2014   2 28  7 35 18  48954    4.94420  -72.68583     4107  46.8  0  0  7 19 0 0 1 1 1 0 0 1 0 0 1 1 0 1
2014   2 28  7 35 18 128373    5.04912  -73.04807     8932  52.4  1  0  6 11 0 0 0 1 1 0 0 0 0 1 1 1 0 1
2014   2 28  7 35 18 159296    0.83596  154.68784     6498  31.1  1  0  5  8 0 0 0 1 1 0 0 1 0 0 1 1 0 0
2014   2 28  7 35 18 208566    3.79934  148.73538    48435  26.9  0  0  5  9 0 0 0 1 1 0 0 1 0 0 1 0 0 1
2014   2 28  7 35 18 825746  -21.60064 -141.78706    17653  53.1  2  0  5 10 0 0 1 1 1 0 0 1 0 0 0 1 0 0
2014   2 28  7 35 18 845151  -21.58804 -141.74432    17666  52.8  2  0  5 10 0 0 1 1 1 0 0 1 0 0 0 1 0 0
2014   2 28  7 35 19 878943  -22.68846  -45.97549     3388  45.2  1  0  6 15 0 0 1 1 0 0 0 1 0 1 1 1 0 0
2014   2 28  7 35 19 900155  -22.87714  -45.68450     3590  71.9  2  0  7 21 0 0 1 1 1 0 0 1 0 1 1 0 0 1
2014   2 28  7 35 20  95314  -22.93456  -45.62054     4053  62.2  2  0  6 15 0 0 1 1 1 0 0 1 0 0 1 0 0 1
2014   2 28  7 35 20 711359  -22.09872 -141.46074    15492  59.7  1  0  6 15 0 0 1 1 1 0 0 1 0 0 1 1 0 0
2014   2 28  7 35 21 185484    8.15750  -83.41821     7090  81.2  2  0  7 21 0 0 1 1 0 0 0 1 0 1 1 1 0 1
2014   2 28  7 35 21 625248    5.04722  -84.39880     7188  89.5  2  0  7 21 0 0 1 1 1 0 0 1 0 1 0 1 0 1
2014   2 28  7 35 21 762812  -21.62000  -46.22210     5351 161.6  2  0  7 21 0 0 1 1 1 0 0 1 0 0 1 0 1 1
2014   2 28  7 35 22  72491  -21.26625  -46.41962     4689  65.9  2  0  5 10 0 0 0 1 1 0 0 1 0 0 1 0 0 1
2014   2 28  7 35 22 218666  -24.73001  -45.24500     3570  30.6  1  0  5 10 0 0 1 1 1 0 0 1 0 0 1 0 0 0
2014   2 28  7 35 22 363853  -21.45209  -46.20331     4643  65.7  2  0  5 10 0 0 0 1 1 0 0 1 0 0 1 0 0 1
2014   2 28  7 35 22 750736  -21.23243 -144.75294    29786  73.6  2  0  6 15 0 0 0 1 1 0 0 1 0 0 1 1 0 1
2014   2 28  7 35 23 245255    5.11266  152.12775    10030  75.0  2  0  7 21 0 0 1 1 1 0 0 1 0 0 1 1 0 1
2014   2 28  7 35 23 879422  -21.44825  -46.19388     4149  73.8  2  0  6 15 0 0 1 1 1 0 0 1 0 0 1 0 0 1
2014   2 28  7 35 24 597773   23.65107  -85.01678    13230  81.0  2  0  7 21 0 0 1 0 1 0 0 1 0 1 1 1 0 1
2014   2 28  7 35 24 864580   -3.97919  -71.47329     5000  84.0  2  0  7 21 0 0 1 0 1 0 0 1 0 1 1 1 0 1
2014   2 28  7 35 25 439162   -3.97715  -71.47064     5142  87.8  2  0  7 21 0 0 1 0 1 0 0 1 0 1 1 1 0 1
2014   2 28  7 35 26 210717    5.12157  -84.21275     8152  76.7  2  0  6 15 0 0 1 0 1 0 0 1 0 0 1 1 0 1
2014   2 28  7 35 27 437261  -22.81885  -45.77740     5473 113.7  2  0  6 15 0 0 1 1 1 0 0 1 0 0 1 0 0 1
2014   2 28  7 35 27 652837  -12.55987  -71.36928     4084  38.7  1  0  5 10 0 0 1 0 1 0 0 0 0 1 0 1 0 1
2014   2 28  7 35 28 170850    2.17189   -1.02866    10530   5.0  0  0  5 10 0 0 1 1 1 0 0 1 0 0 1 0 0 0
2014   2 28  7 35 28 278805  -30.43037  -41.33820     3354  11.8  0  0  5 10 0 0 1 1 1 0 0 1 0 0 0 0 0 1
2014   2 28  7 35 28 402918   31.32425 -126.72116     5150   8.0  0  0  7 21 0 0 1 1 1 0 0 0 0 1 1 1 0 1
2014   2 28  7 35 28 802307  -22.46351 -139.99828    12814  15.3  0  0  6 11 0 0 1 1 1 0 0 1 0 0 0 1 0 1
2014   2 28  7 35 28 945987  -19.75064 -141.22093     8449  15.5  0  0  5 10 0 0 1 1 1 0 0 1 0 0 0 1 0 0
2014   2 28  7 35 30 195483    4.87866  -84.78880     7322   6.0  0  0  4  6 0 0 0 1 1 0 0 1 0 0 0 1 0 0
2014   2 28  7 35 30 668093  -23.36430  -45.75947     3117  20.9  0  0  5 10 0 0 1 0 0 0 0 1 0 1 1 0 0 1
2014   2 28  7 35 30 711267  -21.39061  -46.16555     2629  19.2  0  0  6 15 0 0 1 1 1 0 0 1 0 0 1 0 0 1
2014   2 28  7 35 30 901375    1.76562  -84.16268     5455  28.6  0  0  5 10 0 0 1 0 0 0 0 1 0 1 1 1 0 0
2014   2 28  7 35 30 999788  -23.36792  -45.81843     2802  31.0  0  0  7 20 0 0 1 1 1 0 0 1 0 1 1 0 0 1
2014   2 28  7 35 31 190077  -23.36347  -45.80347     3330  33.7  0  0  6 15 0 0 1 1 1 0 0 1 0 0 1 0 0 1
2014   2 28  7 35 31 485726    4.95648  -84.65267     6413  24.7  0  0  5 10 0 0 0 1 0 0 0 1 0 1 1 1 0 0
2014   2 28  7 35 31 967052   -4.63470  -71.69978     3761  40.7  1  0  6 15 0 0 1 1 1 0 0 1 0 1 0 1 0 0
2014   2 28  7 35 33 170588  -30.00318  -41.77480     4118  24.5  0  0  5 10 0 0 1 1 0 0 0 1 0 0 1 0 0 1
2014   2 28  7 35 33 238286  -29.73976  -42.01128     3577  28.0  0  0  7 21 0 0 0 1 1 0 0 1 0 1 1 1 0 1
2014   2 28  7 35 33 313731  -29.98524  -41.82703     2953  24.5  0  0  7 21 0 0 1 1 1 0 0 1 0 1 1 0 0 1
2014   2 28  7 35 33 354661   31.67994 -132.94417     9379  38.8  0  0  7 21 0 0 1 0 1 0 0 1 0 1 1 1 0 1
2014   2 28  7 35 33 427681  -29.99483  -41.80630     3565  27.5  0  0  6 15 0 0 1 1 1 0 0 1 0 0 1 0 0 1
2014   2 28  7 35 33 466208  -20.47195  -48.72581     2889  29.0  0  0  6 14 0 0 1 1 0 0 0 1 0 1 1 1 0 0
2014   2 28  7 35 33 489967  -29.78720  -41.99141     3961  14.7  0  0  5 10 0 0 0 1 1 0 0 1 0 0 1 0 0 1
2014   2 28  7 35 34 175069   -6.08252    1.69578    41074  30.9  1  0  5 10 0 0 1 1 1 0 0 0 0 0 1 0 0 1
2014   2 28  7 35 34 421515    4.31223  -73.42525     5971  47.7  1  0  6 14 0 0 0 1 1 0 0 1 0 0 1 1 0 1
2014   2 28  7 35 35 141379   31.46829 -132.24371    14317   0.4  0  0  4  6 0 0 1 1 0 0 0 1 0 0 0 1 0 0
2014   2 28  7 35 35 152429   31.41590 -131.26010    14370   2.0  0  0  4  6 0 0 1 1 0 0 0 1 0 0 0 1 0 0
2014   2 28  7 35 35 366653   -0.77119  -16.35151    32991  58.4  2  0  5 10 0 0 1 1 1 0 0 1 0 0 0 0 0 1
2014   2 28  7 35 35 736674    5.39120  -72.86707     4433  30.3  1  0  5  9 0 0 1 1 0 0 0 1 0 0 1 1 0 0
2014   2 28  7 35 35 770298  -21.56916 -141.84212    12978  61.0  1  0  7 21 0 0 1 1 1 0 0 1 0 0 1 1 0 1
2014   2 28  7 35 35 955050   -4.49543  -71.70851     4020  52.8  1  0  7 21 0 0 1 0 1 0 0 1 0 1 1 1 0 1
2014   2 28  7 35 36  19519   -4.46959  -71.82653     5880  76.3  2  0  6 15 0 0 1 1 1 0 0 0 0 1 1 1 0 0
2014   2 28  7 35 36  70047  -21.25903 -142.81740    12307  16.4  0  0  4  6 0 0 1 1 0 0 0 1 0 0 0 1 0 0
2014   2 28  7 35 36  70491   -4.47592  -71.74164     4829  57.3  1  0  6 15 0 0 1 0 1 0 0 1 0 1 1 1 0 0
2014   2 28  7 35 36 380306  -33.76670  -38.86061     4312  47.3  0  0  7 21 0 0 1 1 1 0 0 1 0 1 1 0 0 1
2014   2 28  7 35 36 478573  -33.04016  -39.43538     5384  16.4  0  0  5  9 0 0 0 1 1 0 0 1 0 0 1 0 0 1
2014   2 28  7 35 36 685510   -1.79101  150.42085    28692   1.3  0  0  4  6 0 0 0 1 0 0 0 1 0 0 1 0 0 1
2014   2 28  7 35 36 774255   -9.29407  161.59602    12369  27.8  0  0  5  8 0 0 1 1 0 0 0 1 0 0 1 1 0 0
2014   2 28  7 35 36 887613    5.31832  -72.77797     6335  79.7  2  0  6 14 0 0 1 1 1 0 0 1 0 0 0 1 0 1
2014   2 28  7 35 36 940652  -32.67986  -39.96342    14464  85.1  2  0  6 12 0 0 0 1 1 0 0 1 0 0 1 1 0 1
2014   2 28  7 35 37 269004  -23.44387  -46.07713     3250  20.0  0  0  5 10 0 0 1 1 1 0 0 1 0 0 1 0 0 0
2014   2 28  7 35 37 604166  -25.31636  -44.87187     3784  26.2  0  0  5  8 0 0 1 1 1 0 0 1 0 0 1 0 0 0
2014   2 28  7 35 37 841092    7.48186  -73.91711     7359  89.2  2  0  7 20 0 0 1 1 1 0 0 0 0 1 1 1 0 1
2014   2 28  7 35 38 514674   -4.09555  -71.59111     4968  98.9  2  0  7 20 0 0 1 1 1 0 0 1 0 0 1 1 1 0
2014   2 28  7 35 38 742740  -30.03379  -42.38652     5355  60.5  2  0  6 15 0 0 1 1 1 0 0 1 0 0 1 0 0 1
2014   2 28  7 35 38 752528  -30.01351  -42.68684     4081  12.3  0  0  4  6 0 0 1 1 1 0 0 1 0 0 0 0 0 0
2014   2 28  7 35 38 759777  -30.09846  -42.32544     6360  58.5  2  0  5 10 0 0 1 1 1 0 0 1 0 0 1 0 0 0
2014   2 28  7 35 39   2817    4.97816  -84.06028     6343  70.5  2  0  7 21 0 0 1 0 1 0 0 1 0 1 1 1 0 1
2014   2 28  7 35 39  50148    5.25752  -86.67954     9416  53.4  1  0  7 20 0 0 0 1 1 0 0 1 0 1 0 1 1 1
2014   2 28  7 35 39 180908    4.93953  -83.69352     5160  40.2  1  0  6 15 0 0 1 0 1 0 0 0 0 1 1 1 0 1
2014   2 28  7 35 39 215517  -30.02816  -42.38101     4960  63.6  2  0  6 15 0 0 1 1 1 0 0 0 0 1 1 0 0 1
2014   2 28  7 35 40 264040  -21.39271  -46.46103     4187 113.4  2  0  7 21 0 0 1 1 0 0 0 1 0 1 1 1 0 1
2014   2 28  7 35 40 618512  -21.13882  -47.24560     3648  67.9  1  0  7 18 0 0 1 1 1 0 0 1 0 1 0 1 1 0
2014   2 28  7 35 40 760706  -22.69775  -45.54920     2809   2.3  0  0  4  6 0 0 1 0 0 0 0 1 0 0 1 0 0 1
2014   2 28  7 35 42 768905  -42.14948  -66.20440    18702  20.5  1  0  4  6 0 0 1 1 0 0 0 0 0 0 1 0 0 1
2014   2 28  7 35 43 399065  -33.63464  -39.59848     5533  76.2  2  0  7 21 0 0 1 1 1 0 0 1 0 1 0 1 0 1
2014   2 28  7 35 43 450091  -33.64283  -39.76552     5378  12.6  0  0  4  6 0 0 1 1 0 0 0 1 0 0 0 0 0 1
2014   2 28  7 35 43 516612  -33.88262  -38.82480     8843  96.4  2  0  6 15 0 0 1 1 1 0 0 1 0 0 1 0 0 1
2014   2 28  7 35 43 537102  -33.71840  -39.61459     4099   2.8  0  0  4  6 0 0 1 1 1 0 0 1 0 0 0 0 0 0
2014   2 28  7 35 43 563583  -30.19648  -42.51045     5017  26.4  0  0  5  8 0 0 1 1 1 0 0 1 0 0 0 0 0 1
2014   2 28  7 35 43 776538  -30.21675  -42.17185     6377  93.6  2  0  6 15 0 0 1 1 1 0 0 0 0 1 1 0 0 1
2014   2 28  7 35 43 786589  -30.13732  -42.53739     4427  27.5  0  0  5  9 0 0 1 1 1 0 0 1 0 0 0 0 0 1
2014   2 28  7 35 43 898649  -30.21848  -42.19134     5260  86.9  2  0  7 21 0 0 1 1 1 0 0 1 0 1 1 0 0 1
2014   2 28  7 35 44 243842  -21.32202  -46.19481     2304  10.2  0  0  7 20 0 0 0 1 1 0 0 1 0 1 1 1 0 1
2014   2 28  7 35 44 986862  -21.84898  -50.59437     3052  57.3  1  0  7 20 0 0 1 1 1 0 0 1 0 1 0 1 0 1
2014   2 28  7 35 45 547740  -21.21763  -48.73089     2496  16.4  0  0  6 15 0 0 1 1 1 0 0 1 0 1 1 0 0 0
2014   2 28  7 35 45 597968  -21.18822  -48.73928     3166  20.4  0  0  6 11 0 0 1 1 1 0 0 0 0 0 1 1 0 1
2014   2 28  7 35 45 877482  -20.75235  -46.39698     2678  15.5  0  0  6 11 0 0 1 1 1 0 0 1 0 0 1 0 0 1
2014   2 28  7 35 45 885483  -20.76085  -46.38964     2520  12.1  0  0  6 14 0 0 1 1 1 0 0 1 0 0 1 0 0 1
2014   2 28  7 35 46 234652  -10.76519  -56.92577     2794  15.3  0  0  6 15 0 0 1 1 1 0 0 1 0 0 1 0 0 1
2014   2 28  7 35 46 246020  -10.70718  -57.05964     3052  14.1  0  0  5  9 0 0 1 0 0 0 0 1 0 1 1 1 0 0
2014   2 28  7 35 46 334827  -29.09641 -134.59386     5584  15.0  0  0  7 21 0 0 1 1 0 0 0 1 0 1 1 1 0 1
2014   2 28  7 35 46 344660  -29.07585 -134.67735     5675  14.7  0  0  7 21 0 0 1 1 1 0 0 1 0 0 1 1 0 1
2014   2 28  7 35 46 354024  -29.08632 -134.69533     5715  15.2  0  0  7 21 0 0 1 1 1 0 0 1 0 0 1 1 0 1
2014   2 28  7 35 46 477296  -29.09764 -134.78772     5805  15.9  0  0  7 21 0 0 1 1 1 0 0 1 0 0 1 1 0 1
2014   2 28  7 35 46 564038   33.51282 -168.84261    13966  43.8  1  0  6 15 0 0 1 1 0 0 0 1 0 0 1 1 0 1
2014   2 28  7 35 46 679105  -20.58592  -47.33791     3648  13.6  0  0  4  6 0 0 1 0 0 0 0 1 0 1 1 0 0 0
2014   2 28  7 35 47 525741  -10.22556  160.96593     7860  25.2  0  0  7 21 0 0 1 1 1 0 0 0 0 1 1 1 0 1
2014   2 28  7 35 47 811408  -21.35148  -46.19098     2779  25.6  0  0  6 15 0 0 1 1 1 0 0 1 0 0 1 0 0 1
2014   2 28  7 35 47 903183    3.69939  -82.78152     4166  28.8  0  0  6 15 0 0 1 1 1 0 0 1 0 0 1 1 0 0
2014   2 28  7 35 47 973006  -16.38948  -51.91998     2714  29.8  0  0  7 19 0 0 1 1 1 0 0 0 0 1 1 1 0 1
2014   2 28  7 35 48   2179  -16.44205  -51.88864     2935  29.0  0  0  6 14 0 0 0 1 1 0 0 1 0 1 1 0 0 1
2014   2 28  7 35 48 257226  -24.99468  -45.02350     3556  20.3  0  0  5  8 0 0 1 1 1 0 0 1 0 0 0 0 0 1
2014   2 28  7 35 48 357707  -16.34334  -51.89244     5444  35.9  1  0  5  8 0 0 0 1 1 0 0 0 0 1 1 0 0 1
2014   2 28  7 35 48 381517  -19.60521 -141.76915    12894  30.7  1  0  5 10 0 0 1 0 1 0 0 1 0 0 1 1 0 0
2014   2 28  7 35 48 571257  -19.38312 -142.55496    19732   7.8  0  0  4  6 0 0 1 1 0 0 0 1 0 0 1 0 0 0
2014   2 28  7 35 48 591692  -20.06212 -140.85410    25731  35.0  1  0  5 10 0 0 1 1 1 0 0 1 0 0 0 0 0 1
2014   2 28  7 35 48 620668  -19.36965 -142.59137    19894   8.0  0  0  4  6 0 0 1 1 0 0 0 1 0 0 1 0 0 0
2014   2 28  7 35 48 851095    4.90269  150.21426     5421  35.6  0  0  7 21 0 0 1 0 1 0 0 1 0 1 1 1 0 1
2014   2 28  7 35 48 984105  -32.14060 -134.35934    17835  39.3  1  0  5 10 0 0 1 1 0 0 0 0 0 1 1 1 0 0
2014   2 28  7 35 49  14636  -32.05989 -135.25752     9202  12.9  0  0  5  9 0 0 1 1 0 0 0 1 0 0 1 1 0 0
2014   2 28  7 35 49 995994   19.60768 -116.99938    10310  54.7  1  0  7 21 0 0 1 1 1 0 0 1 0 0 1 1 0 1
2014   2 28  7 35 50 945975   -3.55991  -71.24221     4360  63.1  1  0  7 21 0 0 1 1 1 0 0 0 0 1 1 1 0 1
2014   2 28  7 35 51 105883   -3.56319  -71.49463     5300  56.2  1  0  6 15 0 0 0 1 1 0 0 1 0 0 1 1 0 1
2014   2 28  7 35 51 311984  -30.00614  -41.84113     5847  50.8  2  0  5 10 0 0 1 1 1 0 0 1 0 0 1 0 0 0
2014   2 28  7 35 53 119971  -21.44547  -46.20034     3759  62.0  2  0  6 15 0 0 1 1 1 0 0 1 0 0 1 0 0 1
2014   2 28  7 35 53 131080  -21.43480  -46.19114     3951  63.5  2  0  6 14 0 0 1 1 1 0 0 1 0 0 1 0 0 1
2014   2 28  7 35 53 419695  -22.09301 -142.99187    28971  72.1  2  0  6 15 0 0 0 1 1 0 0 1 0 0 1 1 0 1
2014   2 28  7 35 53 518583   -7.46270    8.09593    33932  75.6  2  0  5 10 0 0 1 1 1 0 0 1 0 0 0 0 0 1
2014   2 28  7 35 53 558105   -9.87223    3.84129    65949  65.6  2  0  5 10 0 0 1 1 1 0 0 0 0 0 1 0 0 1
2014   2 28  7 35 53 704809   -0.02293   -0.88200    14222  39.7  1  0  5 10 0 0 1 0 1 0 0 1 0 0 0 1 0 1
2014   2 28  7 35 55 468536  -21.35674 -142.52301    16988  87.9  2  0  7 21 0 0 1 1 1 0 0 1 0 0 1 1 0 1
2014   2 28  7 35 55 671792   18.84758  -91.72858    12483  70.4  2  0  6 15 0 0 1 0 1 0 0 1 0 0 1 1 0 1
2014   2 28  7 35 56 172676    4.34844  -83.74198    17240  96.4  2  0  6 15 0 0 1 1 1 0 0 1 0 0 1 0 0 1
2014   2 28  7 35 56 201322    6.37119  149.56311    10618  84.8  2  0  7 21 0 0 1 1 1 0 0 1 0 0 1 1 0 1
2014   2 28  7 35 56 350351   -8.88146  160.88002    13424  71.4  2  0  6 14 0 0 1 1 0 0 0 1 0 0 1 1 0 1
2014   2 28  7 35 57 324587   -3.98825  -71.48348     5067  89.4  2  0  7 21 0 0 1 0 1 0 0 1 0 1 1 1 0 1
2014   2 28  7 35 57 343884  -21.49439  -46.20272     4533  90.3  2  0  6 15 0 0 1 1 1 0 0 1 0 0 1 0 0 1
2014   2 28  7 35 57 430800  -24.44124  -45.65141     3105   7.9  0  0  4  6 0 0 1 1 1 0 0 1 0 0 0 0 0 0
2014   2 28  7 35 57 450099   -4.01816  -71.48383     5115  90.6  2  0  7 21 0 0 1 0 1 0 0 1 0 1 1 1 0 1
2014   2 28  7 35 57 508337   -4.50807  -74.06886     5761  17.2  0  0  5 10 0 0 0 1 1 0 0 0 0 1 0 1 0 1
2014   2 28  7 35 57 627300   -3.98635  -71.48721     5119  91.0  2  0  7 21 0 0 1 0 1 0 0 1 0 1 1 1 0 1
2014   2 28  7 35 57 804863   -3.92374  -71.77530     5374 109.2  2  0  7 21 0 0 1 1 1 0 0 1 0 0 1 1 0 1
2014   2 28  7 35 57 961360   -3.91979  -71.79896     5420 110.6  2  0  7 21 0 0 1 1 1 0 0 1 0 0 1 1 0 1
2014   2 28  7 35 59 612912    6.37276  -82.55292     7970 102.2  2  0  7 21 0 0 1 0 1 0 0 1 0 1 1 1 0 1
2014   2 28  7 35 59 770863  -21.52113  -46.19616     5036 107.6  2  0  6 15 0 0 1 1 1 0 0 1 0 0 1 0 0 1
2014   2 28  7 35 59 922086  -21.49890  -46.42033     4382  99.1  2  0  6 15 0 0 1 1 1 0 0 1 0 1 0 0 0 1
2014   2 28  7 36  0  81131  -10.48161  162.99342    52167  13.2  0  0  4  6 0 0 1 1 0 0 0 1 0 0 1 0 0 0
2014   2 28  7 36  0 264036  -10.82822  -57.50897     2477   5.3  0  0  7 20 0 0 1 1 1 0 0 1 0 1 1 0 0 1
2014   2 28  7 36  0 297845  -10.81093  -57.52868     2329   6.2  0  0  7 21 0 0 1 1 1 0 0 1 0 1 0 1 0 1
2014   2 28  7 36  0 897129  -22.14223  -46.02698     2613   6.0  0  0  5  9 0 0 1 1 1 0 0 1 0 0 0 0 0 1
2014   2 28  7 36  1 160881  -23.34550  -45.81422     3540  18.2  0  0  5 10 0 0 1 1 1 0 0 0 0 0 1 0 0 1
2014   2 28  7 36  1 291295  -23.40206  -45.77944     3067  17.3  0  0  5 10 0 0 1 1 1 0 0 1 0 0 0 0 0 1
2014   2 28  7 36  1 424685  -23.39702  -45.78365     3137  19.3  0  0  5 10 0 0 1 1 1 0 0 1 0 0 0 0 0 1
2014   2 28  7 36  1 448508  -23.35582  -45.80263     2551  20.2  0  0  7 20 0 0 1 1 0 0 0 1 0 1 1 1 0 1
2014   2 28  7 36  1 520980  -14.81989  -43.76655     3311  14.3  0  0  5  9 0 0 0 1 1 0 0 0 0 1 1 0 0 1
2014   2 28  7 36  1 633991   -0.08838   -0.76439     8098   9.3  0  0  6 15 0 0 1 1 1 0 0 1 0 0 1 0 0 1
2014   2 28  7 36  1 717645   -4.24357  -71.46312     2902  19.1  0  0  6 15 0 0 1 1 0 0 0 1 0 1 1 1 0 0
2014   2 28  7 36  1 951012    6.96359  -74.94490     3994  14.4  0  0  6 11 0 0 1 1 0 0 0 1 0 0 1 1 0 1
2014   2 28  7 36  2  82956  -30.20185  -41.57655     3358  14.8  0  0  5 10 0 0 1 1 1 0 0 0 0 0 1 0 0 1
2014   2 28  7 36  2  90874  -30.22276  -41.56660     3020  15.0  0  0  6 15 0 0 1 1 1 0 0 1 0 0 1 0 0 1
2014   2 28  7 36  2 140799  -30.22292  -41.58548     4906  18.4  0  0  4  6 0 0 1 0 0 0 0 1 0 1 1 0 0 0
2014   2 28  7 36  2 170921  -30.20304  -41.66912     2698   8.1  0  0  6 15 0 0 1 1 1 0 0 1 0 1 0 0 0 1
2014   2 28  7 36  2 213674  -30.21202  -41.58996     3997  19.1  0  0  5  7 0 0 1 1 0 0 0 0 0 1 1 1 0 0
2014   2 28  7 36  2 390487  -30.20676  -41.58943     3094  16.8  0  0  6 15 0 0 1 1 1 0 0 1 0 0 1 0 0 1
2014   2 28  7 36  2 571142  -25.31084  -44.71430     3265  18.8  0  0  5  8 0 0 1 1 1 0 0 1 0 0 0 0 0 1
2014   2 28  7 36  2 588202   -6.56039    7.39504     9744  15.8  0  0  5  8 0 0 1 1 0 0 0 1 0 0 1 1 0 0
2014   2 28  7 36  2 694801  -10.60456  -57.77919     2925  25.4  0  0  6 15 0 0 0 1 1 0 0 1 0 1 1 1 0 0
2014   2 28  7 36  2 836432    4.89419  -84.27565     7034  22.4  0  0  5 10 0 0 0 0 1 0 0 1 0 0 1 1 0 1
2014   2 28  7 36  3 109581   -1.59419    4.93646    14369  21.9  0  0  5 10 0 0 1 1 1 0 0 1 0 0 0 0 0 1
2014   2 28  7 36  3 870615  -25.37867  -44.52793     4402  18.5  0  0  4  6 0 0 1 0 0 0 0 0 0 1 1 0 0 1
2014   2 28  7 36  3 939029  -21.37174  -46.21655     2913  38.6  0  0  7 20 0 0 1 1 1 0 0 1 0 0 1 1 0 1
2014   2 28  7 36  4 533912  -21.21452  -47.11674     3136  46.5  0  0  7 19 0 0 1 1 1 0 0 1 0 0 1 1 0 1
2014   2 28  7 36  5 833430  -30.87225 -110.18211     9341  30.0  1  0  5 10 0 0 1 0 0 0 0 1 0 0 1 1 0 1
2014   2 28  7 36  6 124331    6.95341  -74.85330     6485  49.4  1  0  6 15 0 0 0 1 1 0 0 1 0 0 1 1 0 1
2014   2 28  7 36  6 372024  -21.78028 -141.26079    22022  56.4  2  0  5 10 0 0 1 1 1 0 0 0 0 0 0 1 0 1
2014   2 28  7 36  6 393398  -22.10997 -141.71289    17219  63.9  2  0  6 15 0 0 1 1 1 0 0 1 0 0 1 1 0 0
2014   2 28  7 36  6 402766  -21.78043 -141.24533    11643  57.2  1  0  7 21 0 0 1 1 1 0 0 1 0 1 1 1 0 0
2014   2 28  7 36  6 640862  -16.11092  -51.65443     3114  51.2  1  0  7 21 0 0 1 1 1 0 0 1 0 1 1 0 0 1
2014   2 28  7 36  7  56283  -16.08697  -51.59659     3189  54.4  1  0  7 21 0 0 1 1 1 0 0 1 0 1 1 0 0 1
2014   2 28  7 36  7 484766  -21.26375  -47.00766     3401  66.1  1  0  7 18 0 0 1 1 1 0 0 1 0 1 0 1 0 1
2014   2 28  7 36  7 545704  -21.21583  -46.87780     3200  60.8  1  0  7 21 0 0 1 0 1 0 0 1 0 1 1 1 0 1
2014   2 28  7 36  7 733365   -3.51792  -71.91164     9130  72.4  2  0  6 15 0 0 0 1 1 0 0 0 0 1 1 1 0 1
2014   2 28  7 36  7 965629  -21.26825  -46.96419     3800  83.9  2  0  7 21 0 0 1 1 1 0 0 0 0 0 1 1 1 1
2014   2 28  7 36  8  40517  -21.21797  -46.96696     4907 111.1  2  0  7 18 0 0 1 1 1 0 0 1 0 0 1 1 0 1
2014   2 28  7 36  8  94598   -7.13535    8.87344    30799  60.5  2  0  5 10 0 0 1 1 1 0 0 1 0 0 1 0 0 0
2014   2 28  7 36  8 443037  -27.43834 -135.15010    13096  64.5  1  0  7 21 0 0 1 1 1 0 0 1 0 0 1 1 0 1
2014   2 28  7 36  8 454294  -27.23485 -136.07335    15330  24.0  1  0  4  6 0 0 1 1 0 0 0 1 0 0 0 1 0 0
2014   2 28  7 36  8 689966   30.15214 -128.82536    25945  62.7  2  0  5 10 0 0 1 0 1 0 0 1 0 0 1 1 0 0
2014   2 28  7 36  9 206488  -19.30212 -142.80644    16733  67.3  2  0  6 15 0 0 1 1 1 0 0 1 0 0 1 1 0 0
2014   2 28  7 36  9 354187  -18.81755 -144.12753    39243  30.2  1  0  4  6 0 0 1 1 0 0 0 1 0 0 1 0 0 0
2014   2 28  7 36  9 427197  -21.35209  -45.95607     4117  65.4  2  0  6 14 0 0 1 1 1 0 0 1 0 0 1 0 0 1
2014   2 28  7 36  9 610525  -19.37545 -142.48497    15558  84.1  2  0  7 20 0 0 1 1 1 0 0 1 0 1 1 1 0 0
2014   2 28  7 36 10 489370  -21.34970 -142.63048    18602  75.3  2  0  6 15 0 0 1 1 1 0 0 1 0 0 1 1 0 0
2014   2 28  7 36 10 522053  -21.16973 -143.24608    13399  32.8  1  0  5 10 0 0 1 1 0 0 0 1 0 0 1 1 0 0
2014   2 28  7 36 10 623103  -24.75402  -45.25124     4569  49.3  1  0  5  9 0 0 1 1 1 0 0 1 0 0 0 0 0 1
2014   2 28  7 36 11  31767  -21.46738  -46.18011     4116  73.2  2  0  6 15 0 0 1 1 1 0 0 1 0 0 1 0 0 1
2014   2 28  7 36 12 106189   -9.52550  159.89029    15678  93.9  2  0  6 15 0 0 1 1 1 0 0 1 0 0 0 1 0 1
2014   2 28  7 36 12 222523   -9.14202  158.88489    77438  97.9  2  0  6 15 0 0 1 1 1 0 0 0 0 0 1 1 0 1
2014   2 28  7 36 12 752038  -18.16415 -141.73332    19382  74.6  2  0  6 15 0 0 1 0 1 0 0 1 0 0 1 1 0 1
2014   2 28  7 36 14  57793  -21.51490  -46.17200     4704  94.1  2  0  6 15 0 0 1 1 1 0 0 1 0 0 1 0 0 1
2014   2 28  7 36 14 786953  -20.42186  -46.71795     4313 115.6  2  0  7 21 0 0 1 1 1 0 0 1 0 1 1 1 0 0
2014   2 28  7 36 17  73907  -25.18538  -44.52145     2774   7.3  0  0  5 10 0 0 1 1 1 0 0 1 0 0 0 0 0 1
2014   2 28  7 36 17 868675  -18.70455 -141.70375     6858   6.9  0  0  5 10 0 0 1 1 0 0 0 1 0 0 1 1 0 0
2014   2 28  7 36 18  30905    4.94830  -84.03816     8251  27.7  0  0  6 11 0 0 0 1 1 0 0 1 0 0 1 1 0 1
2014   2 28  7 36 18 714443  -21.36999  -46.21442     2669   9.1  0  0  5 10 0 0 1 1 1 0 0 1 0 0 0 0 0 1
2014   2 28  7 36 19 905406  -21.34725  -46.21617     2715  17.0  0  0  6 13 0 0 1 1 1 0 0 1 0 0 1 0 0 1
2014   2 28  7 36 20 333377    5.67320  -83.03127     4481  17.8  0  0  5  9 0 0 1 1 0 0 0 1 0 0 1 1 0 0
2014   2 28  7 36 20 415753    9.26694  -73.59702     4663  24.4  0  0  6 14 0 0 0 1 1 0 0 1 0 0 1 1 0 1
2014   2 28  7 36 21 135850  -21.68923 -142.12883    18193  16.4  0  0  4  6 0 0 0 1 0 0 0 1 0 0 1 1 0 0
2014   2 28  7 36 21 169484  -21.74229 -142.41956    13328  26.9  0  0  6 15 0 0 0 1 1 0 0 1 0 0 1 1 0 1
2014   2 28  7 36 21 184618  -21.73847 -141.52467    10515   8.2  0  0  4  6 0 0 1 0 0 0 0 1 0 0 1 1 0 0
2014   2 28  7 36 21 267042    4.99347  -84.31434     4682  35.3  0  0  6 15 0 0 1 1 1 0 0 1 0 0 0 1 0 1
2014   2 28  7 36 21 626040    6.96271  -74.68562     3926  30.4  0  0  6 15 0 0 1 1 0 0 0 1 0 0 1 1 0 1
2014   2 28  7 36 21 767769    5.93588  143.45251     5252  40.3  0  0  7 21 0 0 1 0 1 0 0 1 0 1 1 1 0 1
2014   2 28  7 36 21 779034    6.95911  -74.93053     4430  33.5  0  0  7 20 0 0 0 1 1 0 0 1 0 0 1 1 1 1
2014   2 28  7 36 21 794230    6.97637  -74.82671     5857  32.3  1  0  5 10 0 0 0 1 0 0 0 1 0 0 1 1 0 1
2014   2 28  7 36 23 266167  -19.28289 -143.03050    17332  24.9  1  0  4  6 0 0 1 1 0 0 0 0 0 0 1 1 0 0
2014   2 28  7 36 23 332292  -19.39272 -143.62274    18627  42.5  1  0  6 15 0 0 0 1 1 0 0 1 0 0 1 1 0 1
2014   2 28  7 36 23 806515  -20.46462  -48.81673     3590  36.1  1  0  5  8 0 0 0 1 0 0 0 1 0 1 1 1 0 0
2014   2 28  7 36 24  73941  -29.69176  -42.11449     4111   9.2  0  0  5  9 0 0 0 1 1 0 0 1 0 0 1 0 0 1
2014   2 28  7 36 25 522294  -16.60696  -51.97424     4254  53.3  2  0  5 10 0 0 0 0 1 0 0 1 0 1 1 0 0 1
2014   2 28  7 36 25 978715  -21.36798  -48.62418     4673  91.8  2  0  6 15 0 0 1 1 1 0 0 1 0 0 1 1 0 0
2014   2 28  7 36 26 204833  -20.73499  -47.49071     3936  59.8  1  0  6 13 0 0 1 1 1 0 0 1 0 0 1 0 0 1
2014   2 28  7 36 26 236118  -20.75605  -47.44456     3796  61.6  2  0  6 15 0 0 1 1 1 0 0 1 0 0 1 0 0 1
2014   2 28  7 36 26 368750  -22.78791  -45.81956     4129  68.0  2  0  6 15 0 0 1 1 1 0 0 1 0 0 1 0 0 1
2014   2 28  7 36 26 515116  -22.54628  -46.27018     4769  33.8  1  0  5  7 0 0 1 0 0 0 0 1 0 1 1 1 0 0
2014   2 28  7 36 26 696154  -12.22089  -72.40152     5080  60.6  1  0  7 21 0 0 1 0 1 0 0 1 0 1 1 0 1 1
2014   2 28  7 36 26 743927  -11.80420  -72.85481     4147  61.5  1  0  7 20 0 0 1 0 1 0 0 1 0 1 1 1 0 1
2014   2 28  7 36 26 753001  -11.81610  -72.84590     4176  61.9  1  0  7 20 0 0 1 0 1 0 0 1 0 1 1 1 0 1
2014   2 28  7 36 26 809133  -11.79339  -72.92993     6859  93.4  2  0  6 11 0 0 1 1 0 0 0 1 0 1 1 1 0 0
2014   2 28  7 36 26 985566  -22.12990  -46.10070     4485 100.1  2  0  6 15 0 0 1 1 0 0 0 1 0 1 0 1 0 1
2014   2 28  7 36 27 189811   -6.74293  172.40327    14790  85.5  2  0  7 21 0 0 1 1 0 0 0 1 0 1 1 1 0 1
2014   2 28  7 36 27 353647    5.36639  -72.66148     4995  75.5  2  0  7 19 0 0 1 1 1 0 0 1 0 0 1 1 0 1
2014   2 28  7 36 27 470270  -11.79218  -72.85387     4293  65.7  1  0  7 20 0 0 1 0 1 0 0 1 0 1 1 1 0 1
2014   2 28  7 36 27 670027  -24.42016  -45.46016     3478  60.6  1  0  7 21 0 0 1 1 1 0 0 1 0 1 1 0 0 1
2014   2 28  7 36 27 720294  -24.32874  -45.51526     4026  58.3  1  0  6 15 0 0 0 1 1 0 0 1 0 1 1 0 0 1
2014   2 28  7 36 28  39971   -9.66359  160.50735    21217  49.7  1  0  5  7 0 0 1 1 0 0 0 1 0 0 1 1 0 0
2014   2 28  7 36 28 259920  -21.46722  -46.19579     4137  71.5  2  0  6 15 0 0 1 1 1 0 0 1 0 0 1 0 0 1
2014   2 28  7 36 28 589504    3.88813  149.15067     6144   2.4  0  0  4  6 0 0 1 0 0 0 0 1 0 0 1 1 0 0
2014   2 28  7 36 28 736342   -4.09465  -71.50627     5735  85.2  2  0  6 15 0 0 1 0 0 0 0 1 0 1 1 1 0 1
2014   2 28  7 36 28 815666   -4.09926  -71.47564     4750  79.7  2  0  7 21 0 0 1 0 1 0 0 1 0 1 1 1 0 1
2014   2 28  7 36 28 889599   -3.60873  -71.42046    40795  63.0  2  0  5 10 0 0 1 0 1 0 0 0 0 1 1 0 0 1
2014   2 28  7 36 29 159833   18.21459  -81.50800    33125  76.9  2  0  6 15 0 0 1 1 1 0 0 0 0 1 1 0 0 1
2014   2 28  7 36 29 214022    5.48254  -72.97746     6773  88.7  2  0  6 14 0 0 1 1 1 0 0 1 0 0 1 1 0 0
2014   2 28  7 36 29 263029   -3.87715  -71.94791     4977  48.8  1  0  5 10 0 0 1 1 0 0 0 1 0 0 1 1 0 0
2014   2 28  7 36 29 406745  -16.25195  -59.99258     6640  49.4  1  0  5  8 0 0 0 0 1 0 0 0 0 1 1 1 0 1
2014   2 28  7 36 29 498131    3.99624  -75.34083    10241 120.7  2  0  6 15 0 0 1 0 1 0 0 0 0 1 1 1 0 1
2014   2 28  7 36 29 514444    5.33958  -84.84935     8679  85.4  2  0  6 15 0 0 1 1 0 0 0 1 0 0 1 1 0 1
2014   2 28  7 36 29 889863   20.46179 -120.70532    47996 123.3  2  0  7 21 0 0 0 1 1 0 0 1 0 1 1 1 0 1
2014   2 28  7 36 30 129308    7.00038  150.56171    17344 121.7  2  0  6 15 0 0 1 1 1 0 0 1 0 1 0 1 0 0
2014   2 28  7 36 30 251257  -30.15176  -42.40963     4129  64.5  1  0  7 21 0 0 1 1 1 0 0 1 0 1 0 1 0 1
2014   2 28  7 36 30 260516  -30.28428  -41.87934     6374  76.6  2  0  6 15 0 0 1 1 1 0 0 1 0 0 1 0 0 1
2014   2 28  7 36 30 338750  -30.24561  -42.27427     3665   5.4  0  0  4  6 0 0 1 1 1 0 0 1 0 0 0 0 0 0
2014   2 28  7 36 30 360260  -30.27222  -41.89614     6372  77.0  2  0  6 15 0 0 1 1 1 0 0 1 0 0 1 0 0 1
2014   2 28  7 36 31 702622  -11.96950  -71.66061     5121  93.5  2  0  7 20 0 0 1 0 1 0 0 1 0 1 1 1 0 1
2014   2 28  7 36 31 769303  -11.97141  -71.64439     5147  94.3  2  0  7 20 0 0 1 0 1 0 0 1 0 1 1 1 0 1
2014   2 28  7 36 31 877471  -11.95530  -71.67992     6548  98.7  2  0  6 14 0 0 1 0 0 0 0 1 0 1 1 1 0 1
2014   2 28  7 36 33 504021  -21.36353  -46.14153     2523   4.7  0  0  5 10 0 0 0 1 1 0 0 1 0 0 1 0 0 1
2014   2 28  7 36 33 706841  -22.83685 -140.28502     6259  19.5  0  0  7 21 0 0 1 1 1 0 0 1 0 1 0 1 0 1
2014   2 28  7 36 33 724229  -22.83673 -140.12563     7895   9.0  0  0  5 10 0 0 1 1 1 0 0 0 0 0 0 1 0 1
2014   2 28  7 36 33 738741  -22.78695 -140.54013     6756  13.7  0  0  6 15 0 0 1 1 1 0 0 1 0 0 1 1 0 0
2014   2 28  7 36 33 832911  -22.76993 -140.63751     9060  14.5  0  0  5 10 0 0 1 0 1 0 0 1 0 0 1 1 0 0
2014   2 28  7 36 34 386569  -12.13194  -73.04408     4511  24.3  0  0  6 15 0 0 0 1 1 0 0 0 0 1 1 1 0 1
2014   2 28  7 36 34 866862  -22.43203 -140.71088     8179   9.2  0  0  5  9 0 0 1 1 0 0 0 1 0 0 1 1 0 0
2014   2 28  7 36 35 472728  -22.77225  -45.75792     2742  22.6  0  0  6 15 0 0 1 1 1 0 0 1 0 0 1 0 0 1
2014   2 28  7 36 35 782147  -12.06121  -73.34304     4261  31.0  0  0  6 15 0 0 0 1 1 0 0 1 0 0 1 1 0 1
2014   2 28  7 36 36 149707    7.40227  -83.16318     5438  40.4  1  0  6 15 0 0 1 1 1 0 0 0 0 1 0 1 0 1
2014   2 28  7 36 36 427117  -25.42253  -44.69770     3308  35.4  0  0  6 15 0 0 1 1 1 0 0 1 0 0 1 0 0 1
2014   2 28  7 36 36 485709    7.13689  149.98721     6753   2.3  0  0  4  6 0 0 1 0 0 0 0 1 0 0 1 1 0 0
2014   2 28  7 36 36 594414   -4.48758  -71.29620    10046  39.2  0  0  6 15 0 0 0 1 1 0 0 1 0 1 1 0 0 1
2014   2 28  7 36 36 852683  -21.60515 -142.70816    16895  28.0  0  0  5 10 0 0 0 1 1 0 0 1 0 0 1 1 0 0
2014   2 28  7 36 37 634586  -11.32989   57.64886    35751  36.5  1  0  5 10 0 0 1 1 1 0 0 0 0 0 1 0 0 1
2014   2 28  7 36 37 700250   10.28968 -123.02858    19123  45.1  1  0  6 15 0 0 0 1 1 0 0 1 0 0 1 1 0 1
2014   2 28  7 36 37 721973  -21.49230 -142.22685    11801   9.6  0  0  4  6 0 0 1 1 0 0 0 0 0 0 1 1 0 0
2014   2 28  7 36 38  28316   -0.84558  -71.81167     4841  37.2  1  0  5 10 0 0 1 0 0 0 0 0 0 1 1 1 0 1
2014   2 28  7 36 38 401864    5.10966  -84.83204     9064  43.6  1  0  5 10 0 0 0 1 1 0 0 1 0 0 1 1 0 0
2014   2 28  7 36 38 420454    5.02005  -84.73084    17277  55.1  2  0  5  9 0 0 0 1 1 0 0 0 0 0 1 1 0 1
2014   2 28  7 36 38 502078    5.15464  -84.91135     9137  44.5  1  0  5  9 0 0 0 1 1 0 0 1 0 0 1 1 0 0
2014   2 28  7 36 38 741744  -14.60138  -43.12231     7930  13.7  0  0  5  7 0 0 1 0 1 0 0 1 0 0 1 0 0 1
2014   2 28  7 36 39  69445  -21.31684  -46.39377     3217  51.8  1  0  7 20 0 0 1 1 1 0 0 1 0 0 1 0 1 1
2014   2 28  7 36 39 844621  -12.73277  -71.78539     3934  64.8  1  0  7 21 0 0 1 1 1 0 0 1 0 0 1 1 0 1
2014   2 28  7 36 39 861452  -16.52400  -51.84309     3705  56.6  1  0  6 15 0 0 1 0 1 0 0 1 0 1 1 0 0 1
2014   2 28  7 36 39 890523  -30.44198  -41.70274     3998  52.6  1  0  7 21 0 0 1 1 1 0 0 1 0 1 1 0 0 1
2014   2 28  7 36 39 925116  -12.95284  -71.47210     5636  57.6  1  0  6 15 0 0 1 1 1 0 0 1 0 0 1 0 0 1
2014   2 28  7 36 39 960979  -12.70904  -71.66566     4286  76.2  2  0  7 21 0 0 1 1 1 0 0 0 0 1 1 1 0 1
2014   2 28  7 36 40  45248  -12.74156  -71.84695     4715  71.3  2  0  6 15 0 0 1 1 1 0 0 1 0 0 0 1 0 1
2014   2 28  7 36 40 224983    2.73054   -0.34197    33334  53.3  2  0  5 10 0 0 1 1 1 0 0 1 0 0 1 0 0 0
2014   2 28  7 36 40 267172  -30.41734  -41.62569     4911  52.1  1  0  6 15 0 0 1 1 1 0 0 1 0 0 1 0 0 1
2014   2 28  7 36 40 295872  -16.43441  -51.95901     3580  74.5  2  0  7 21 0 0 1 1 1 0 0 1 0 0 1 1 0 1
2014   2 28  7 36 40 450087  -12.77930  -71.92978     4797  73.6  2  0  6 15 0 0 1 1 1 0 0 1 0 0 0 1 0 1
2014   2 28  7 36 41 415347   29.16512 -123.41663    54080  63.4  2  0  5 10 0 0 1 1 1 0 0 0 0 0 1 0 0 1
2014   2 28  7 36 42  51953  -23.30261  -45.95528     4392  95.2  2  0  7 21 0 0 1 1 1 0 0 1 0 0 1 1 0 1
2014   2 28  7 36 42 521682  -30.00271  -41.91219     6596  61.5  2  0  5 10 0 0 1 1 1 0 0 1 0 0 1 0 0 0
2014   2 28  7 36 43 607901   -4.53178  -71.93607     4892  92.6  2  0  7 21 0 0 1 1 1 0 0 0 0 0 1 1 1 1
2014   2 28  7 36 43 731568   -4.42939  -72.17258     5079  29.7  1  0  4  6 0 0 1 1 0 0 0 0 0 0 1 1 0 0
2014   2 28  7 36 43 799142   -4.48386  -72.01854     4153  73.8  2  0  7 21 0 0 1 1 0 0 0 1 0 0 1 1 1 1
2014   2 28  7 36 43 943368   -4.64239  -72.27421     7244 103.5  2  0  7 21 0 0 0 1 1 0 0 1 0 1 1 1 0 1
2014   2 28  7 36 44  11010   -4.54191  -71.90458     5426 110.5  2  0  7 21 0 0 1 1 0 0 0 1 0 1 1 1 0 1
2014   2 28  7 36 44  96193   -4.54209  -71.90565     5440 111.0  2  0  7 21 0 0 1 1 0 0 0 1 0 1 1 1 0 1
2014   2 28  7 36 44 184858   -4.57367  -71.65547     5099  89.4  2  0  7 21 0 0 1 0 1 0 0 1 0 1 1 1 0 1
2014   2 28  7 36 44 345699  -33.18587   14.70289    49242  81.1  2  0  5 10 0 0 1 1 1 0 0 0 0 0 1 0 0 1
2014   2 28  7 36 44 646388    4.71469  -73.63816     5916  96.7  2  0  7 20 0 0 1 1 1 0 0 1 0 0 1 1 0 1
2014   2 28  7 36 45 303545  -12.27740  -42.44430     3292  17.3  0  0  4  6 0 0 0 1 0 0 0 1 0 0 1 0 0 1
2014   2 28  7 36 45 471246   -1.40428   -9.86758    28122  76.4  2  0  6 11 0 0 1 0 1 0 0 1 0 0 1 1 0 1
2014   2 28  7 36 45 958003  -19.46488 -141.28659    18460  94.4  2  0  7 21 0 0 1 0 1 0 0 1 0 1 1 1 0 1
2014   2 28  7 36 45 966000  -19.14478 -143.31694    19595 104.0  2  0  7 21 0 0 1 1 1 0 0 1 0 0 1 1 0 1
2014   2 28  7 36 46  31017  -28.65753  -62.43011     7458  45.9  1  0  5 10 0 0 1 1 1 0 0 0 0 0 1 0 0 1
2014   2 28  7 36 47  77783  -21.81557 -138.78561    12673  16.8  0  0  4  6 0 0 1 0 1 0 0 0 0 1 0 1 0 0
2014   2 28  7 36 47 115669  -21.01588 -143.75645    11148  10.0  0  0  4  6 0 0 1 0 0 0 0 1 0 0 1 1 0 0
2014   2 28  7 36 47 275803  -22.85956  -45.67188     5500 112.7  2  0  6 15 0 0 1 1 1 0 0 1 0 0 1 0 0 1
2014   2 28  7 36 47 357852  -23.60904 -176.09386    37251 126.8  2  0  6 15 0 0 1 1 0 0 0 1 0 1 1 1 0 0
2014   2 28  7 36 47 758708  -29.94085  -42.51184     7215  35.8  1  0  5  7 0 0 1 1 1 0 0 1 0 0 0 0 0 1
2014   2 28  7 36 48 659723  -21.33943  -46.20645     2890  10.0  0  0  5  9 0 0 1 1 1 0 0 0 0 0 1 0 0 1
2014   2 28  7 36 48 808524  -11.91988  -72.84319     2710  18.0  0  0  7 21 0 0 1 0 1 0 0 1 0 1 1 1 0 1
2014   2 28  7 36 49  71483  -21.97480 -140.83205     8094  27.7  0  0  7 16 0 0 1 1 0 0 0 1 0 0 1 1 1 1
2014   2 28  7 36 49 292737  -21.92990 -140.97620     6509  11.9  0  0  6 15 0 0 1 1 0 0 0 1 0 0 1 1 0 1
2014   2 28  7 36 49 302482  -21.98339 -140.94696     7416  17.7  0  0  6 15 0 0 1 1 1 0 0 1 0 0 1 1 0 0
2014   2 28  7 36 49 906026  -13.32326  -71.25597     2815  15.9  0  0  6 13 0 0 1 1 0 0 0 1 0 0 1 1 0 1
2014   2 28  7 36 49 927975  -13.33904  -71.32865     3508  20.7  0  0  6 15 0 0 0 1 1 0 0 1 0 0 1 1 0 1
2014   2 28  7 36 49 979285  -13.32441  -71.13480     3185   3.7  0  0  5 10 0 0 1 1 0 0 0 1 0 0 1 0 0 1
2014   2 28  7 36 50 186717  -10.89897  165.79312     9241  10.7  0  0  4  6 0 0 0 1 1 0 0 1 0 0 0 1 0 0
2014   2 28  7 36 50 949059  -32.41941   17.95027    17721  23.8  0  0  5 10 0 0 1 1 1 0 0 0 0 0 1 0 0 1
2014   2 28  7 36 50 971431   23.67382  -84.77229     7197  31.1  0  0  7 21 0 0 1 1 1 0 0 1 0 0 1 1 0 1
2014   2 28  7 36 51  30781   -5.27175  -72.59695     3450  27.3  0  0  6 13 0 0 1 1 1 0 0 1 0 0 1 1 0 0
2014   2 28  7 36 51 334357  -21.40682  -46.20044     2947  20.5  0  0  5 10 0 0 1 1 1 0 0 1 0 0 0 0 0 1
2014   2 28  7 36 51 605688    2.02673  -84.21270     4028  21.6  0  0  6 14 0 0 1 0 1 0 0 0 0 1 1 1 0 1
2014   2 28  7 36 51 723269  -32.21887 -134.63849    11104  34.4  0  0  6 15 0 0 1 1 1 0 0 1 0 0 0 1 0 1
2014   2 28  7 36 52  38393    4.97359  -84.83678    10593  33.7  1  0  5  9 0 0 1 1 0 0 0 1 0 0 1 0 0 1
2014   2 28  7 36 52 346076    2.48356  -84.55476     5379  44.9  1  0  6 15 0 0 1 1 1 0 0 0 0 1 0 1 0 1
2014   2 28  7 36 52 561721    2.53692  -84.69119     4335  41.7  0  0  7 21 0 0 1 1 1 0 0 1 0 0 1 1 0 1
2014   2 28  7 36 53  46443  -33.53914  -38.78513     6744  24.2  0  0  5 10 0 0 0 1 1 0 0 1 0 1 1 0 0 0
2014   2 28  7 36 53 267785  -32.83418  -41.57191     5569  43.9  1  0  5 10 0 0 1 1 1 0 0 0 0 0 1 0 0 1
2014   2 28  7 36 53 374507   23.91600  -86.51437    32574  52.4  2  0  5 10 0 0 0 1 1 0 0 0 0 0 1 1 0 1
2014   2 28  7 36 54  49602  -21.41822  -46.16300     3097  40.0  0  0  6 15 0 0 1 1 1 0 0 1 0 0 1 0 0 1
2014   2 28  7 36 54 514900    6.39892  -83.04145    13882 123.9  2  0  7 16 0 0 1 1 1 0 0 1 0 1 1 1 0 0
2014   2 28  7 36 54 543702    6.31576  -82.85869     6512  63.1  2  0  6 15 0 0 1 1 1 0 0 1 0 0 0 1 0 1
2014   2 28  7 36 54 593006    6.19920  -82.37891     7293  35.4  1  0  5  8 0 0 1 0 1 0 0 0 0 0 1 1 0 1
2014   2 28  7 36 54 602893    4.39098  -81.25542    16047  45.8  1  0  6 15 0 0 1 1 1 0 0 0 0 1 1 0 0 1
2014   2 28  7 36 55  26553   -6.20651  -75.06721     5743  63.7  1  0  7 21 0 0 0 1 1 0 0 1 0 1 1 1 0 1
2014   2 28  7 36 55 273889  -21.39299  -46.28494     3036  56.2  1  0  7 21 0 0 1 1 1 0 0 1 0 1 1 0 0 1
2014   2 28  7 36 55 631550    4.86665  -72.65806    15033  50.5  1  0  6 15 0 0 1 1 1 0 0 0 0 1 1 0 0 1
2014   2 28  7 36 55 670291  -10.07771  -66.73406     4800  69.4  1  0  7 21 0 0 0 1 1 0 0 1 0 1 1 1 0 1
2014   2 28  7 36 56 333933  -19.35516 -142.63177    17060  69.3  2  0  6 15 0 0 1 1 1 0 0 1 0 0 1 1 0 0
2014   2 28  7 36 56 379730  -19.11372 -143.38419    10509  11.3  0  0  4  6 0 0 1 1 0 0 0 1 0 0 0 1 0 0
2014   2 28  7 36 56 908237  -10.68287  -56.54821     3991  52.0  1  0  6 15 0 0 1 0 1 0 0 0 0 1 1 1 0 1
2014   2 28  7 36 56 916584  -10.80789  -56.87336     5334  79.0  2  0  6 13 0 0 0 1 1 0 0 1 0 0 1 1 0 1
2014   2 28  7 36 57 181266  -11.75978  -56.26543     3589  44.9  1  0  6 14 0 0 1 1 1 0 0 0 0 0 1 1 0 1
2014   2 28  7 36 57 545800  -23.39660  -45.96397     4883  85.8  2  0  6 13 0 0 1 1 1 0 0 1 0 1 0 0 0 1
2014   2 28  7 36 57 691736  -12.20094  -72.49004     6009  83.1  2  0  7 21 0 0 1 1 1 0 0 1 0 1 1 0 0 1
2014   2 28  7 36 58 231633  -24.53284  -45.40934     3284  54.6  1  0  7 21 0 0 1 1 1 0 0 1 0 1 1 0 0 1
2014   2 28  7 36 58 363903  -29.94335  -41.90552     8312  34.1  1  0  5  8 0 0 1 0 1 0 0 0 0 1 0 1 0 1
2014   2 28  7 36 58 380381  -30.22708  -41.67612     8285 108.8  2  0  6 13 0 0 1 1 0 0 0 1 0 0 1 1 0 1
2014   2 28  7 36 58 398026  -29.96525  -41.99728     7214  73.0  2  0  5 10 0 0 1 1 1 0 0 0 0 0 1 0 0 1
2014   2 28  7 36 58 530124  -30.00297  -41.97113     7329  71.7  2  0  5 10 0 0 1 1 1 0 0 1 0 0 1 0 0 0
2014   2 28  7 36 58 641309  -30.02772  -41.64683     8772  63.7  2  0  5 10 0 0 1 0 1 0 0 1 0 0 1 0 0 1
2014   2 28  7 36 58 856593  -30.22867  -42.14605     3555  50.5  1  0  7 20 0 0 1 1 1 0 0 1 0 1 0 1 0 1
2014   2 28  7 36 58 908054  -33.35457  -41.27996     7118  80.6  2  0  6 15 0 0 1 1 1 0 0 1 0 0 1 0 0 1
2014   2 28  7 36 58 916070  -29.91040  -42.02944     7201  93.3  2  0  6 15 0 0 1 1 0 0 0 1 0 0 1 1 0 1
2014   2 28  7 36 59  29727  -33.23367  -41.91201     4973  28.9  0  0  5 10 0 0 1 1 1 0 0 1 0 0 0 0 0 1
2014   2 28  7 36 59 220329    6.65681  -78.55821    12382  80.9  2  0  6 15 0 0 0 0 1 0 0 1 0 1 1 1 0 1
2014   2 28  7 37  2 297282  -21.01476 -143.49219    12270  13.4  0  0  4  6 0 0 1 0 0 0 0 1 0 0 1 1 0 0
2014   2 28  7 37  2 769698  -29.97158  -42.64061     4114  22.5  0  0  5  9 0 0 1 1 1 0 0 1 0 0 0 0 0 1
2014   2 28  7 37  3 165191  -29.20654  -43.14943     5615  36.3  1  0  5 10 0 0 0 1 1 0 0 1 0 0 1 0 0 1
2014   2 28  7 37  3 393130   16.53021  -66.87567    28110  58.4  2  0  5 10 0 0 1 0 1 0 0 1 0 0 1 0 0 1
2014   2 28  7 37  4 146049  -21.12321  -46.51107     2665   4.2  0  0  6 12 0 0 1 0 1 0 0 0 0 1 1 1 0 1
2014   2 28  7 37  4 482114  -33.35872  -41.10612     4029  11.2  0  0  5  8 0 0 1 1 1 0 0 1 0 0 0 0 0 1
2014   2 28  7 37  4 498152  -33.47159  -41.07171     8079  15.4  0  0  4  6 0 0 0 1 0 0 0 1 0 0 1 0 0 1
2014   2 28  7 37  5 101673    7.32213  -73.75961     3016  13.8  0  0  7 19 0 0 1 1 1 0 0 1 0 0 1 1 0 1
2014   2 28  7 37  5 444450  -14.63974  -43.86865     2907  11.2  0  0  5  8 0 0 1 1 1 0 0 1 0 0 1 0 0 0
2014   2 28  7 37  5 456609  -14.64957  -43.87588     2579  18.0  0  0  6 15 0 0 1 1 1 0 0 1 0 0 1 0 0 1
2014   2 28  7 37  5 541178  -22.75083  -45.77348     3125   9.7  0  0  5  9 0 0 1 1 1 0 0 0 0 0 1 0 0 1
2014   2 28  7 37  5 615070    5.21140  148.98811     4418  15.7  0  0  6 15 0 0 1 0 1 0 0 1 0 1 1 1 0 0
2014   2 28  7 37  5 817189  -11.94187  -73.01960     3028  12.8  0  0  5 10 0 0 1 1 1 0 0 0 0 0 1 1 0 0
2014   2 28  7 37  6 463771  -21.22853  -46.86246     2696  21.2  0  0  6 15 0 0 1 1 1 0 0 0 0 1 1 1 0 0
2014   2 28  7 37  7  98278  -21.15063  -47.21692     2668  31.3  0  0  7 20 0 0 1 0 1 0 0 1 0 1 1 1 0 1
2014   2 28  7 37  7 394372   -4.36983  -71.35405     4683  16.3  0  0  5 10 0 0 1 1 0 0 0 1 0 0 1 0 0 1
2014   2 28  7 37  7 467242   -4.21389  -71.50408     2954  26.1  0  0  7 21 0 0 1 1 1 0 0 1 0 0 1 1 0 1
2014   2 28  7 37  7 842910    4.59844  -73.64207     3307  29.1  0  0  7 21 0 0 1 1 1 0 0 1 0 0 1 1 0 1
2014   2 28  7 37  7 925666   -4.44813  -71.19249     4339  14.4  0  0  5 10 0 0 1 0 0 0 0 1 0 1 1 0 0 1
2014   2 28  7 37  8 205875  -30.20590  -42.03244     2848  21.9  0  0  7 21 0 0 1 1 1 0 0 1 0 1 1 0 0 1
2014   2 28  7 37  8 335133   -9.43090  161.32895     7030  26.8  0  0  6 15 0 0 0 1 1 0 0 1 0 0 1 1 0 1
2014   2 28  7 37  8 435105  -21.20608  -46.45103     2752  27.8  0  0  6 15 0 0 1 1 1 0 0 1 0 1 0 0 0 1
2014   2 28  7 37  8 503101    7.17229  -74.24260     5630  27.3  0  0  5  9 0 0 0 1 1 0 0 1 0 0 1 1 0 0
2014   2 28  7 37  8 742672  -21.36680  -46.23872     3060  48.2  0  0  7 21 0 0 1 1 1 0 0 1 0 0 1 1 0 1
2014   2 28  7 37  8 797084    6.69278  -73.55952     9206  27.2  0  0  5 10 0 0 1 1 0 0 0 1 0 0 1 0 0 1
2014   2 28  7 37  8 837212  -21.36666  -46.22025     3999  33.8  1  0  4  6 0 0 0 0 0 0 0 1 0 1 1 0 0 1
2014   2 28  7 37  9   7471    7.11704  -74.07811     3872  37.4  0  0  7 20 0 0 1 1 1 0 0 1 0 0 1 1 0 1
2014   2 28  7 37  9 524599   -0.13287   -0.75503     8815  32.8  0  0  6 15 0 0 1 1 1 0 0 1 0 0 0 1 0 1
2014   2 28  7 37  9 726184   13.04224 -127.07453    21077  37.5  1  0  5 10 0 0 0 1 1 0 0 1 0 0 1 1 0 0
2014   2 28  7 37 10 500765  -21.23566  -46.38562     3943  38.3  1  0  5  8 0 0 0 1 1 0 0 1 0 0 1 0 0 1
2014   2 28  7 37 11 993454   32.28586 -173.97517    25623  41.6  1  0  6 15 0 0 0 0 1 0 0 1 0 1 1 1 0 1
2014   2 28  7 37 12 115406  -21.44277  -46.18083     3420  47.6  1  0  6 15 0 0 1 1 1 0 0 1 0 0 1 0 0 1
2014   2 28  7 37 12 367865    0.07769  -14.71794    11449  58.0  1  0  7 19 0 0 1 1 1 0 0 1 0 0 1 1 0 1
2014   2 28  7 37 12 655738  -34.17731 -117.02859    14274  45.7  1  0  5 10 0 0 1 1 0 0 0 0 0 0 1 1 0 1
2014   2 28  7 37 12 735910  -30.29132  -41.92950     3654  19.5  0  0  5 10 0 0 1 1 1 0 0 1 0 0 0 0 0 1
2014   2 28  7 37 12 885102  -30.30674  -41.96501     3675  19.9  0  0  5 10 0 0 1 1 1 0 0 1 0 0 0 0 0 1
2014   2 28  7 37 13 194778  -29.96202  -42.09614     5795  24.1  0  0  5  9 0 0 0 1 1 0 0 1 0 0 1 0 0 1
2014   2 28  7 37 13 343928   -3.90338  -71.64038     4234  69.8  1  0  7 21 0 0 1 1 1 0 0 1 0 0 1 1 0 1
2014   2 28  7 37 14 349985  -21.54279 -142.14247    15470  76.3  2  0  7 21 0 0 1 1 1 0 0 1 0 0 1 1 0 1
2014   2 28  7 37 14 371316  -21.52668 -142.17929    25897  85.3  2  0  6 14 0 0 1 1 1 0 0 1 0 0 0 1 0 1
2014   2 28  7 37 14 543897   -4.44935  -71.75849     5610  76.1  2  0  6 15 0 0 1 0 1 0 0 1 0 1 1 1 0 0
2014   2 28  7 37 14 864538  -21.48659  -46.18153     4755  68.7  2  0  5 10 0 0 0 1 1 0 0 1 0 0 1 0 0 1
2014   2 28  7 37 14 904077   -4.41017  -71.88014     7014 101.2  2  0  6 15 0 0 1 1 1 0 0 0 0 1 1 1 0 0
2014   2 28  7 37 15 302665  -25.21947  -44.68203     5904  55.5  2  0  5 10 0 0 1 0 0 0 0 1 0 1 1 0 0 1
2014   2 28  7 37 17 762476  -12.64317  -71.75017     5808 124.3  2  0  7 21 0 0 1 1 1 0 0 0 0 1 1 1 0 1
2014   2 28  7 37 18 263690    5.21574  -84.69587    11132 131.8  2  0  7 20 0 0 1 1 1 0 0 1 0 1 1 1 0 0
2014   2 28  7 37 18 286515    5.05194  -84.16295     7567  92.6  2  0  7 21 0 0 1 0 1 0 0 1 0 1 1 1 0 1
2014   2 28  7 37 18 348155    5.67083  -90.34480     9640  13.3  0  0  5 10 0 0 0 1 1 0 0 0 0 1 0 1 0 1
2014   2 28  7 37 18 421533    5.05117  -84.16759     7635  93.6  2  0  7 21 0 0 1 0 1 0 0 1 0 1 1 1 0 1
2014   2 28  7 37 19 142118  -21.45164  -46.34928     4104 109.5  2  0  7 21 0 0 1 1 1 0 0 1 0 1 1 0 0 1
2014   2 28  7 37 19 388324  -29.20465  -42.73731     5191  30.6  1  0  5  9 0 0 0 1 1 0 0 1 0 0 1 0 0 1
2014   2 28  7 37 20  24325  -16.03529  -51.54377     2410  15.8  0  0  7 21 0 0 1 1 0 0 0 1 0 1 1 1 0 1
2014   2 28  7 37 20  31925  -20.77411  -47.25044     2729  17.2  0  0  5 10 0 0 0 1 1 0 0 1 0 1 0 1 0 0
2014   2 28  7 37 20 206238  -16.03862  -51.56282     2413  15.0  0  0  7 21 0 0 1 1 1 0 0 1 0 1 1 0 0 1
2014   2 28  7 37 20 233251    6.88609  -74.37188     3126  16.2  0  0  7 20 0 0 1 0 1 0 0 1 0 1 1 1 0 1
2014   2 28  7 37 20 271439    6.90449  -74.39410     3353  15.6  0  0  6 14 0 0 1 0 1 0 0 1 0 0 1 1 0 1
2014   2 28  7 37 20 298602    6.89942  -74.37640     2920  14.3  0  0  7 21 0 0 1 1 0 0 0 1 0 1 1 1 0 1
2014   2 28  7 37 20 450704  -15.78567  -51.09184     2359   8.7  0  0  7 18 0 0 1 1 1 0 0 0 0 1 1 1 1 0
2014   2 28  7 37 20 459442  -15.78636  -51.10706     2462  17.9  0  0  7 20 0 0 1 1 1 0 0 1 0 0 1 1 0 1
2014   2 28  7 37 20 813714  -15.86330  -50.84257     3455  16.3  0  0  5  7 0 0 1 1 0 0 0 1 0 0 1 1 0 0
2014   2 28  7 37 20 880622  -15.90922  -51.01277     2963   6.9  0  0  5  7 0 0 1 1 0 0 0 1 0 0 1 0 0 1
2014   2 28  7 37 20 923560  -22.85620  -45.61681     3101  12.9  0  0  5  7 0 0 1 0 0 0 0 1 0 0 1 1 0 1
2014   2 28  7 37 21 325132    1.04107    8.41055     9871  16.0  0  0  6 15 0 0 1 1 1 0 0 1 0 0 1 0 0 1
2014   2 28  7 37 21 408512  -21.26441  -46.90930     2569   8.8  0  0  5  9 0 0 0 1 1 0 0 1 0 1 0 0 0 1
2014   2 28  7 37 21 440981  -21.23853  -46.92757     3385  23.6  0  0  5  8 0 0 0 1 1 0 0 1 0 0 0 1 0 1
2014   2 28  7 37 21 544894  -21.25303  -46.84249     2553  14.9  0  0  6 14 0 0 1 1 1 0 0 1 0 0 1 0 0 1
2014   2 28  7 37 21 577338  -21.22438  -46.85015     2872   5.9  0  0  4  6 0 0 1 0 0 0 0 1 0 0 1 0 0 1
2014   2 28  7 37 22   2753  -19.72708 -141.47786     6021  18.4  0  0  7 21 0 0 1 1 1 0 0 1 0 0 1 1 0 1
2014   2 28  7 37 22 130038  -22.67069  -45.93980     2966  28.8  0  0  6 15 0 0 0 1 1 0 0 1 0 1 1 1 0 0
2014   2 28  7 37 23  94520  -11.92078  -73.00294     3925  32.5  0  0  7 21 0 0 0 1 1 0 0 1 0 1 1 1 0 1
2014   2 28  7 37 23 632738   -4.16782  -71.54399     4736  29.5  0  0  5  9 0 0 1 0 1 0 0 1 0 0 1 1 0 0
2014   2 28  7 37 23 743237    4.24002  -93.21886     7428   9.7  0  0  5 10 0 0 0 1 1 0 0 1 0 0 0 1 0 1
2014   2 28  7 37 24 532615  -21.38678  -46.16370     2925  28.8  0  0  6 14 0 0 1 1 1 0 0 1 0 0 1 0 0 1
2014   2 28  7 37 24 669686  -16.39736  -51.88149     2985  44.5  0  0  7 21 0 0 1 0 1 0 0 1 0 1 1 1 0 1
2014   2 28  7 37 25   1159  -16.40853  -51.80886     2990  24.1  0  0  6 13 0 0 1 1 1 0 0 1 0 0 1 0 0 1
2014   2 28  7 37 25 153803  -16.40728  -51.83635     3509  19.1  0  0  5  7 0 0 1 1 1 0 0 1 0 0 0 0 0 1
2014   2 28  7 37 25 162916  -21.68647  -51.11283     4663   4.6  0  0  4  6 0 0 1 0 0 0 0 1 0 0 1 1 0 0
2014   2 28  7 37 26 850590  -21.33700  -46.30589     3505  15.3  0  0  4  6 0 0 1 1 0 0 0 1 0 0 1 0 0 0
2014   2 28  7 37 26 854934    5.08340  -84.44981     5844  49.9  1  0  6 15 0 0 1 1 1 0 0 1 0 0 1 1 0 0
2014   2 28  7 37 27 371479    6.94358  -73.69474     4631  53.3  1  0  7 21 0 0 1 0 1 0 0 1 0 1 1 1 0 1
2014   2 28  7 37 27 851682   -6.98075  -68.38416    16769  28.2  0  0  5 10 0 0 0 1 1 0 0 0 0 1 1 0 0 1
2014   2 28  7 37 27 925742   -4.46927  -71.17742     5919  62.4  1  0  7 21 0 0 1 1 1 0 0 1 0 1 1 0 0 1
2014   2 28  7 37 28 962588    7.75590  144.76637    44900  39.7  1  0  5  7 0 0 0 1 1 0 0 1 0 0 1 0 0 1
2014   2 28  7 37 29 572190  -19.13987 -143.13655    10461   8.7  0  0  4  6 0 0 1 0 0 0 0 1 0 0 1 1 0 0
2014   2 28  7 37 30 947541  -22.36097   60.27613    58531  68.1  2  0  5 10 0 0 1 1 1 0 0 0 0 0 1 0 0 1
2014   2 28  7 37 31 312097  -22.81697  -45.67989     4579  83.3  2  0  6 14 0 0 1 1 1 0 0 1 0 0 1 0 0 1
2014   2 28  7 37 31 983775  -21.44234  -46.18303     5166  79.2  2  0  5 10 0 0 0 1 1 0 0 1 0 0 1 0 0 1
2014   2 28  7 37 32   1755   -2.73681  145.99065    45951  42.6  1  0  5  9 0 0 1 0 1 0 0 1 0 0 1 0 0 1
2014   2 28  7 37 32 100630   -8.91532  161.08841    11421  39.3  1  0  5 10 0 0 1 1 0 0 0 1 0 0 1 1 0 0
2014   2 28  7 37 32 216949  -21.33997  -46.00065     3244  14.0  0  0  4  6 0 0 1 0 0 0 0 1 0 0 1 0 0 1
2014   2 28  7 37 32 291252  -21.37402  -46.00664     3710  42.5  1  0  6 11 0 0 1 0 1 0 0 1 0 0 1 1 0 1
2014   2 28  7 37 33 183830  -29.22662  -42.71014     4969  62.3  1  0  7 21 0 0 0 1 1 0 0 1 0 1 1 1 0 1
2014   2 28  7 37 33 219793  -29.43500  -42.49732     4243  20.1  0  0  5 10 0 0 0 1 1 0 0 1 0 0 1 0 0 1
2014   2 28  7 37 33 268471    6.62912  142.01389    13237  64.1  2  0  5 10 0 0 1 0 1 0 0 1 0 0 0 1 0 1
2014   2 28  7 37 33 708831  -32.15543   17.40509    29312  97.4  2  0  6 15 0 0 1 1 1 0 0 1 0 0 1 0 0 1
2014   2 28  7 37 34 305646  -33.63564   17.07257    27503  64.6  2  0  5 10 0 0 1 0 1 0 0 1 0 0 1 0 0 1
2014   2 28  7 37 34 325078    5.36015  152.08624     9151  19.7  0  0  4  6 0 0 1 1 0 0 0 1 0 0 0 1 0 0
2014   2 28  7 37 34 377177    5.61169  151.51714    17549  17.7  0  0  4  6 0 0 1 1 0 0 0 1 0 0 1 0 0 0
2014   2 28  7 37 35 702290  -25.30569  -44.93500     4711  75.3  2  0  6 14 0 0 1 1 1 0 0 1 0 1 1 0 0 0
2014   2 28  7 37 35 734520  -25.10623  -45.13818     4943 101.1  2  0  7 20 0 0 1 1 1 0 0 1 0 0 1 1 0 1
2014   2 28  7 37 35 761276  -25.17025  -45.22429     5538  92.0  2  0  6 14 0 0 1 1 1 0 0 1 0 0 0 1 0 1
2014   2 28  7 37 35 951072  -21.52896  -46.17897     4857  99.5  2  0  6 15 0 0 1 1 1 0 0 1 0 0 1 0 0 1
2014   2 28  7 37 35 997019    6.78865  -77.48172     8433  55.5  2  0  5  9 0 0 1 0 1 0 0 0 0 0 1 1 0 1
2014   2 28  7 37 36  19806    6.54071  -77.84433     3378  15.2  0  0  6 15 0 0 1 1 1 0 0 1 0 0 1 1 0 0
2014   2 28  7 37 36 303785  -21.19705  -46.86598     2694  20.8  0  0  6 14 0 0 1 0 0 0 0 1 0 1 1 1 0 1
2014   2 28  7 37 36 339622  -21.25211  -46.78041     2641   3.0  0  0  5 10 0 0 1 1 1 0 0 1 0 0 1 0 0 0
2014   2 28  7 37 37 685488  -30.09205  -41.62515     4314  14.8  0  0  4  6 0 0 1 1 1 0 0 1 0 0 0 0 0 0
2014   2 28  7 37 37 710736  -30.09855  -41.59069     3286  14.1  0  0  5 10 0 0 1 1 1 0 0 1 0 0 1 0 0 0
2014   2 28  7 37 37 720322  -30.09713  -41.59188     2880  13.2  0  0  6 15 0 0 1 1 1 0 0 1 0 0 1 0 0 1
2014   2 28  7 37 38 144293  -30.07861  -41.67104     3382  13.3  0  0  5 10 0 0 1 1 1 0 0 1 0 0 0 0 0 1
2014   2 28  7 37 38 733124  -25.14799  -44.57721     2841  17.5  0  0  6 14 0 0 1 1 1 0 0 1 0 0 1 0 0 1
2014   2 28  7 37 39 190229  -21.92442 -140.48990     8539  29.9  0  0  7 20 0 0 1 0 1 0 0 1 0 1 1 1 0 1
2014   2 28  7 37 39 198249  -21.75537 -141.45332    11240  10.5  0  0  4  6 0 0 1 0 0 0 0 1 0 0 1 1 0 0
2014   2 28  7 37 39 386441  -21.84385 -140.88414    11819  23.6  0  0  5 10 0 0 1 1 1 0 0 0 0 0 1 1 0 0
2014   2 28  7 37 39 411413  -21.79485 -142.14497    14509  22.0  0  0  5 10 0 0 0 1 1 0 0 1 0 0 1 1 0 0
2014   2 28  7 37 39 606920   -7.87903    7.37530    28438  20.9  0  0  5 10 0 0 1 1 1 0 0 0 0 0 1 0 0 1
2014   2 28  7 37 39 956934  -11.90207  -73.26585     4257  18.9  0  0  4  6 0 0 1 0 0 0 0 1 0 0 1 1 0 0
2014   2 28  7 37 40 107530    0.34971  156.69626     6607  30.0  0  0  7 21 0 0 1 1 1 0 0 0 0 1 1 1 0 1
2014   2 28  7 37 40 179591    0.67764  155.01550     8375  42.7  1  0  6 15 0 0 1 0 1 0 0 1 0 0 1 1 0 1
2014   2 28  7 37 40 291094    0.69627  154.96281     8547  44.2  1  0  6 15 0 0 1 0 1 0 0 1 0 0 1 1 0 1
2014   2 28  7 37 40 815063  -19.51114 -142.30180    16476  31.6  1  0  5  7 0 0 1 1 0 0 0 0 0 0 1 1 0 1
2014   2 28  7 37 40 871629  -20.25734 -140.15865    26195  35.9  1  0  5 10 0 0 1 1 1 0 0 1 0 0 0 0 0 1
2014   2 28  7 37 40 984931  -30.45266  -41.66932     2976  32.9  0  0  7 21 0 0 1 0 1 0 0 1 1 1 0 1 1 0
2014   2 28  7 37 41   9194  -30.52261  -41.40111     5319  29.5  0  0  5 10 0 0 1 0 1 0 0 1 0 0 1 0 0 1
2014   2 28  7 37 41 141687  -19.57465 -141.94206    21393  10.6  0  0  4  6 0 0 1 1 0 0 0 1 0 0 1 0 0 0
2014   2 28  7 37 41 203092  -30.41811  -41.80280     3616  34.1  0  0  6 15 0 0 1 1 0 0 0 1 0 1 0 1 0 1
2014   2 28  7 37 41 211583  -19.41947 -142.39917     7618  11.6  0  0  5 10 0 0 1 1 0 0 0 1 0 0 1 1 0 0
2014   2 28  7 37 41 274392  -30.45237  -41.60467     3926  47.5  0  0  7 21 0 0 1 1 1 0 0 1 0 0 1 1 0 1
2014   2 28  7 37 41 289744  -19.47867 -142.10330    14888  43.1  1  0  5 10 0 0 1 1 1 0 0 1 0 0 0 1 0 0
2014   2 28  7 37 41 395796  -30.43234  -41.59862     3733  44.8  0  0  7 20 0 0 1 1 1 0 0 0 0 1 1 1 0 1
2014   2 28  7 37 41 446135  -30.48620  -41.54384     3846  31.8  0  0  6 15 0 0 1 1 1 0 0 1 0 0 1 0 0 1
2014   2 28  7 37 41 483310  -19.48256 -142.09532    10937  38.9  0  0  6 15 0 0 1 1 1 0 0 1 0 0 1 1 0 0
2014   2 28  7 37 41 534550  -30.21466  -41.80031     4243  16.4  0  0  5 10 0 0 0 1 1 0 0 1 0 0 1 0 0 1
2014   2 28  7 37 41 598266  -20.28220 -139.98921    24456  48.9  1  0  6 15 0 0 1 1 0 0 0 1 0 1 1 0 0 1
2014   2 28  7 37 41 692968  -19.53860 -142.13040    11278  40.5  1  0  6 15 0 0 1 1 1 0 0 1 0 0 1 1 0 0
2014   2 28  7 37 41 694779  -30.44867  -41.65902     3443  37.1  0  0  7 21 0 0 1 1 1 0 0 1 0 1 1 0 0 1
2014   2 28  7 37 41 784980  -30.45097  -41.64143     4893  42.8  1  0  5 10 0 0 1 1 0 0 0 0 0 1 1 0 0 1
2014   2 28  7 37 41 837690  -30.48151  -41.58262     4000  34.6  0  0  6 15 0 0 1 1 1 0 0 1 0 0 1 0 0 1
2014   2 28  7 37 42 116295   -4.85786  -63.92206     5996  49.0  1  0  6 11 0 0 0 1 1 0 0 1 0 0 1 1 0 1
2014   2 28  7 37 42 226225  -22.27891 -139.88573    24340  45.8  1  0  6 15 0 0 1 1 1 0 0 1 0 0 1 0 0 1
2014   2 28  7 37 42 636844    6.20172  -73.39922     9263  46.6  1  0  6 15 0 0 1 1 1 0 0 1 0 0 1 0 0 1
2014   2 28  7 37 43 813770  -22.04454 -141.75279     9100  18.2  0  0  5 10 0 0 1 1 0 0 0 1 0 0 1 1 0 0
2014   2 28  7 37 43 963224  -22.17761 -141.20686    14603  56.2  1  0  6 15 0 0 1 1 1 0 0 1 0 0 1 1 0 0
2014   2 28  7 37 44  73327    6.97993  -74.68878     4996  64.1  1  0  7 20 0 0 1 1 1 0 0 1 0 0 1 1 0 1
2014   2 28  7 37 44 203005    6.99535  -74.64573     5246  65.3  1  0  7 19 0 0 1 1 1 0 0 1 0 0 1 1 0 1
2014   2 28  7 37 44 865728   31.56234 -126.67233    14763  70.2  2  0  7 21 0 0 1 0 1 0 0 1 0 1 1 1 0 1
2014   2 28  7 37 45 122276   -0.89208  -71.68732     5507  87.3  2  0  7 21 0 0 1 1 1 0 0 0 0 1 1 1 0 1
2014   2 28  7 37 45 540802    8.30709  -72.80479    13696  68.5  2  0  6 15 0 0 1 1 1 0 0 1 0 0 1 0 0 1
2014   2 28  7 37 45 991626  -11.78058  -73.22218     4187  70.8  2  0  7 21 0 0 1 1 0 0 0 1 0 0 1 1 1 1
2014   2 28  7 37 46  46990  -11.78967  -72.80854     4504  72.5  2  0  7 20 0 0 1 0 1 0 0 1 0 1 1 1 0 1
2014   2 28  7 37 46  88156  -11.79618  -72.80183     4473  71.7  2  0  7 20 0 0 1 0 1 0 0 1 0 1 1 1 0 1
2014   2 28  7 37 46 846346  -16.55206  -52.00809     4305  83.7  2  0  6 15 0 0 0 1 1 0 0 1 0 1 1 0 0 1
2014   2 28  7 37 47  72314  -21.62391  -46.58559     3418  20.1  0  0  5  9 0 0 1 1 1 0 0 0 0 0 1 0 0 1
2014   2 28  7 37 47 481295   -6.89027  158.05380   121127  74.1  2  0  5 10 0 0 1 1 0 0 0 1 0 0 1 0 0 1
2014   2 28  7 37 48 369718  -21.54843  -46.22448     5264 110.8  2  0  6 15 0 0 1 1 1 0 0 1 0 0 1 0 0 1
2014   2 28  7 37 48 657609  -21.15212 -143.02162    21786  89.8  2  0  6 15 0 0 1 1 1 0 0 1 0 0 1 1 0 0
2014   2 28  7 37 48 780314  -13.85792  160.29535    17747  93.1  2  0  7 20 0 0 1 1 1 0 0 1 0 0 1 1 0 1
2014   2 28  7 37 48 985388    5.25898  -85.45121    15705 116.6  2  0  7 20 0 0 0 1 1 0 0 1 0 1 1 1 0 1
2014   2 28  7 37 49  54130    5.02174  -84.11308     7587  94.8  2  0  7 21 0 0 1 0 1 0 0 1 0 1 1 1 0 1
2014   2 28  7 37 49 480858   -9.39015  149.46960    50377  64.5  2  0  5 10 0 0 1 0 1 0 0 0 0 0 1 1 0 1
2014   2 28  7 37 49 780515   -5.28356   10.34550    23361 122.9  2  0  7 19 0 0 1 1 1 0 0 1 0 0 1 1 0 1
2014   2 28  7 37 50  10607  -21.46423  -46.14908     5023  94.6  2  0  6 14 0 0 1 1 1 0 0 1 0 0 1 0 0 1
2014   2 28  7 37 50 140885  -29.76572  -42.73092     4728  65.1  1  0  7 20 0 0 1 1 1 0 0 1 0 0 0 1 1 1
2014   2 28  7 37 50 229683  -29.83934  -42.55071     3985  11.7  0  0  4  6 0 0 1 1 1 0 0 1 0 0 0 0 0 0
2014   2 28  7 37 50 250577  -29.78341  -42.64156     4157  67.1  1  0  7 21 0 0 1 1 1 0 0 1 0 1 0 1 0 1
2014   2 28  7 37 50 335585  -29.79233  -42.64951     4259  60.2  1  0  7 19 0 0 1 1 1 0 0 1 0 1 0 1 0 1
2014   2 28  7 37 50 359932  -29.86899  -42.12997     6646  84.4  2  0  6 15 0 0 1 1 1 0 0 1 0 0 1 0 0 1
2014   2 28  7 37 50 777615  -11.61694  -73.51340     4840  48.6  1  0  5 10 0 0 1 1 0 0 0 1 0 0 1 1 0 0
2014   2 28  7 37 50 853513  -21.50985  -46.15432     4747  95.7  2  0  6 15 0 0 1 1 1 0 0 1 0 0 1 0 0 1
2014   2 28  7 37 51  35711  -21.51153  -46.15285     4766  96.7  2  0  6 15 0 0 1 1 1 0 0 1 0 0 1 0 0 1
2014   2 28  7 37 52 417299  -34.04074  -38.23642     2753  12.0  0  0  7 21 0 0 1 1 1 0 0 1 0 1 1 0 0 1
2014   2 28  7 37 52 576483   20.61235 -110.25202    14056  17.0  0  0  5 10 0 0 0 1 1 0 0 1 0 0 1 1 0 0
2014   2 28  7 37 52 805420    6.95572  -73.77345     3073   9.9  0  0  6 15 0 0 1 1 1 0 0 0 0 0 1 1 0 1
2014   2 28  7 37 53 352440    7.14205  -77.56257     3260  17.9  0  0  7 20 0 0 1 1 1 0 0 1 0 0 1 1 0 1
2014   2 28  7 37 53 363751    7.14193  -77.56357     3452  20.8  0  0  7 19 0 0 1 1 1 0 0 1 0 1 0 1 0 1
2014   2 28  7 37 53 380197    7.17103  -77.60290     4321  16.4  0  0  5  8 0 0 1 1 0 0 0 1 0 0 1 1 0 0
2014   2 28  7 37 53 405856   20.58993 -112.66748    17786  12.1  0  0  5 10 0 0 0 1 1 0 0 1 0 0 0 1 0 1
2014   2 28  7 37 53 634595   20.36621 -111.41157    16040  24.1  0  0  5 10 0 0 0 1 0 0 0 1 0 0 1 1 0 1
2014   2 28  7 37 54 227269  -10.84835  163.51672    31765  10.3  0  0  5 10 0 0 1 1 1 0 0 1 0 0 1 0 0 0
2014   2 28  7 37 54 740850  -16.38795  -43.96296     3505  34.5  1  0  5  9 0 0 1 1 1 0 0 1 0 0 1 0 0 0
2014   2 28  7 37 54 747711   33.44730 -167.88814    24416  49.2  1  0  5 10 0 0 1 1 0 0 0 1 0 1 1 0 0 0
2014   2 28  7 37 54 756249   33.65120 -169.60507     8086  16.6  0  0  6 13 0 0 1 1 1 0 0 1 0 0 1 1 0 0
2014   2 28  7 37 54 836451    6.21968  -82.66467     3984  31.5  0  0  7 21 0 0 1 1 0 0 0 1 0 1 1 1 0 1
2014   2 28  7 37 54 874583  -30.42777  -41.44367     3045  17.4  0  0  6 15 0 0 1 1 1 0 0 1 0 0 1 0 0 1
2014   2 28  7 37 54 898013  -30.44687  -41.39054     5214  19.7  0  0  4  6 0 0 1 0 0 0 0 1 0 0 1 0 0 1
2014   2 28  7 37 54 903435    6.21121  -82.66767     4022  32.2  0  0  7 21 0 0 1 1 0 0 0 1 0 1 1 1 0 1
2014   2 28  7 37 54 967618    5.67227  -82.12544     4696  18.9  0  0  7 21 0 0 1 1 1 0 0 1 0 1 1 0 0 1
2014   2 28  7 37 55 122462  -30.44432  -41.38843     4319  19.4  0  0  5 10 0 0 1 0 1 0 0 1 0 0 1 0 0 1
2014   2 28  7 37 55 131529  -30.42204  -41.42326     3123  19.0  0  0  6 15 0 0 1 1 1 0 0 1 0 0 1 0 0 1
2014   2 28  7 37 55 148871  -20.69319 -143.07047     7938  31.1  0  0  7 21 0 0 1 1 1 0 0 1 0 1 0 1 0 1
2014   2 28  7 37 55 166258  -20.62109 -143.41075     8498  23.7  0  0  6 15 0 0 1 1 1 0 0 1 0 0 1 1 0 0
2014   2 28  7 37 55 589854  -19.61224 -141.63181    12764  27.7  0  0  5 10 0 0 1 0 1 0 0 1 0 0 1 1 0 0
2014   2 28  7 37 55 623822    2.79152  -84.72471     4380  41.3  0  0  7 21 0 0 1 1 1 0 0 1 0 1 0 1 0 1
2014   2 28  7 37 55 636014    2.85466  -84.79927     5489  35.4  1  0  5 10 0 0 1 1 0 0 0 1 0 0 0 1 0 1
2014   2 28  7 37 56  99255   -4.12329  -71.72616     3721  32.8  0  0  7 21 0 0 0 1 1 0 0 1 0 1 1 1 0 1
2014   2 28  7 37 56 127844   -4.05087  -71.50778     6561  39.2  1  0  5  8 0 0 1 1 1 0 0 0 0 0 1 1 0 0
2014   2 28  7 37 56 188807   -4.04044  -71.52611     4457  34.3  1  0  5 10 0 0 1 1 1 0 0 0 0 0 1 1 0 0
2014   2 28  7 37 56 559660  -21.28896  -46.82384     2875  26.7  0  0  6 14 0 0 1 1 1 0 0 1 0 0 1 0 0 1
2014   2 28  7 37 56 804074   -1.04420  -72.11803     6334  41.3  1  0  6 15 0 0 0 1 1 0 0 0 0 1 1 1 0 1
2014   2 28  7 37 56 938703  -33.39701   18.82572    10541  45.7  0  0  7 21 0 0 1 1 1 0 0 1 0 0 1 1 0 1
2014   2 28  7 37 56 982222   -1.06679  -71.99382     4973  34.4  1  0  5  9 0 0 0 1 1 0 0 1 0 0 1 1 0 0
2014   2 28  7 37 57 316587   -9.48533  159.51740     9222  41.6  1  0  6 15 0 0 0 1 1 0 0 1 0 1 0 1 0 1
2014   2 28  7 37 57 329767  -20.99623 -137.48773   135179  51.1  2  0  5  7 0 0 1 1 0 0 0 0 0 1 1 0 0 1
2014   2 28  7 37 57 331314  -10.06781  160.59012    54455   6.5  0  0  4  6 0 0 1 1 0 0 0 1 0 0 1 0 0 0
2014   2 28  7 37 57 427442  -19.11518 -143.29073    21796  34.2  1  0  5 10 0 0 0 0 1 0 0 1 0 0 1 1 0 1
2014   2 28  7 37 57 654325  -22.36059 -143.30260    34667  36.0  1  0  4  6 0 0 0 1 0 0 0 1 0 0 0 1 0 1
2014   2 28  7 37 57 673828  -22.38436 -140.98985    11655  40.9  1  0  6 15 0 0 1 1 0 0 0 1 0 0 1 1 0 1
2014   2 28  7 37 58 111517   -4.14713  -71.62811     4726  65.0  2  0  6 15 0 0 1 1 1 0 0 1 0 1 0 1 0 0
2014   2 28  7 37 58 177011  -21.41736  -46.14085     3827  39.2  1  0  5  9 0 0 1 1 0 0 0 1 0 0 1 0 0 1
2014   2 28  7 37 58 220049   -4.19548  -71.86304     7574  56.3  1  0  6 15 0 0 0 1 1 0 0 0 0 1 1 1 0 1
2014   2 28  7 37 58 268156    6.71496  -78.19293     4889  48.6  0  0  7 21 0 0 1 0 1 0 0 1 0 1 1 1 0 1
2014   2 28  7 37 58 442814   -4.06907  -71.76389     4526  24.0  0  0  5  8 0 0 1 1 0 0 0 1 0 0 1 1 0 0
2014   2 28  7 37 58 481081   -4.15481  -71.48964     3954  51.8  1  0  7 21 0 0 1 0 1 0 0 1 0 1 1 1 0 1
2014   2 28  7 37 58 719246   -9.85941  162.19637    78616  50.0  1  0  5 10 0 0 1 1 1 0 0 1 0 0 1 0 0 0
2014   2 28  7 37 59 131464  -21.20129  -47.33632     3171  63.2  1  0  7 21 0 0 1 1 1 0 0 1 0 1 1 0 0 1
2014   2 28  7 37 59 141922  -21.22584  -47.22425     3371  45.6  1  0  6 14 0 0 1 1 1 0 0 1 0 0 1 0 0 1
2014   2 28  7 37 59 193543  -21.24384  -47.24242     4002  49.7  1  0  5 10 0 0 0 1 1 0 0 1 0 0 1 0 0 1
2014   2 28  7 37 59 374852  -21.39385  -46.03425     3391  33.3  1  0  5 10 0 0 1 0 1 0 0 1 0 0 1 0 0 1
2014   2 28  7 37 59 684353   -4.76629  -73.17619     6012  10.3  0  0  4  6 0 0 0 1 0 0 0 0 0 1 0 1 0 1
2014   2 28  7 38  0 333426  -32.40234 -133.80783    52234  61.0  2  0  5 10 0 0 1 1 0 0 0 1 0 0 1 0 0 1
2014   2 28  7 38  0 357172  -31.94685 -135.47687    15892  57.5  1  0  6 15 0 0 1 1 0 0 0 1 0 0 1 1 0 1
2014   2 28  7 38  1 724494  -21.38054  -46.35980     4906 101.5  2  0  6 15 0 0 1 1 1 0 0 1 0 0 0 1 0 1
2014   2 28  7 38  1 746208  -21.43130  -46.27333     3527  79.5  2  0  7 21 0 0 1 1 1 0 0 1 0 1 1 0 0 1
2014   2 28  7 38  1 817207  -21.47045  -46.32856     3745  71.5  2  0  6 15 0 0 1 1 1 0 0 1 0 1 0 0 0 1
2014   2 28  7 38  2 238704    2.18252  -84.85069     5685  35.0  1  0  5 10 0 0 1 1 0 0 0 1 0 0 1 1 0 0
2014   2 28  7 38  2 724555   -6.84243  -74.81994     5530  78.9  2  0  6 15 0 0 1 1 0 0 0 1 0 0 1 1 0 1
2014   2 28  7 38  2 939374   19.46425  -92.65669    16171  85.0  2  0  6 15 0 0 1 1 0 0 0 1 0 0 1 1 0 1
2014   2 28  7 38  3 143619  -29.90928  -42.02901     5649  66.5  2  0  6 15 0 0 1 1 1 0 0 1 0 0 1 0 0 1
2014   2 28  7 38  3 356094  -29.95038  -41.99868     6964  66.6  2  0  5 10 0 0 1 1 1 0 0 1 0 0 1 0 0 0
2014   2 28  7 38  3 644029  -29.81527  -42.42429     3750  22.7  0  0  5 10 0 0 1 1 1 0 0 1 0 0 0 0 0 1
2014   2 28  7 38  3 870158  -29.31955  -42.51667     4654  26.0  0  0  5 10 0 0 0 1 1 0 0 1 0 0 1 0 0 1
2014   2 28  7 38  4 355327  -23.81092 -176.00575    24022 100.6  2  0  7 21 0 0 1 1 0 0 0 1 0 1 1 1 0 1
2014   2 28  7 38  4 385041   17.29137  146.08636     6765  23.1  0  0  5  9 0 0 1 0 1 0 0 0 0 0 1 1 0 1
2014   2 28  7 38  4 493008   -3.91872  152.88268     8719  41.0  1  0  5 10 0 0 0 1 0 0 0 1 0 0 1 1 0 1
2014   2 28  7 38  4 849724  -25.19011 -174.39156   125323 106.7  2  0  6 15 0 0 1 1 1 0 0 1 0 0 1 0 0 1
2014   2 28  7 38  5 399763  -12.64103  -71.88886     5515 118.0  2  0  7 21 0 0 1 1 1 0 0 1 0 0 1 1 0 1
2014   2 28  7 38  5 875912  -12.63502  -71.90305     5596 121.0  2  0  7 21 0 0 1 1 1 0 0 1 0 0 1 1 0 1
2014   2 28  7 38  6 813577  -33.90173  -38.77137     8943  98.0  2  0  6 15 0 0 1 1 1 0 0 1 0 0 1 0 0 1
2014   2 28  7 38  6 866150  -33.69233  -39.64787     5778  15.5  0  0  4  6 0 0 1 1 0 0 0 1 0 0 0 0 0 1
2014   2 28  7 38  7 141904  -21.42894  -46.76675     4916  99.2  2  0  6 14 0 0 1 1 1 0 0 1 0 0 1 0 0 1
2014   2 28  7 38  7 289941   -0.84954  -72.51181     8755 129.0  2  0  7 21 0 0 0 1 1 0 0 1 0 1 1 1 0 1
2014   2 28  7 38  8 917861    4.36131  -73.09758     4203   8.2  0  0  6 15 0 0 1 1 1 0 0 1 0 0 1 0 0 1
2014   2 28  7 38  9 689752  -19.83374 -141.00877    18810   6.6  0  0  4  6 0 0 1 1 0 0 0 1 0 0 1 0 0 0
2014   2 28  7 38  9 705114  -19.11934 -141.82066    10309   5.4  0  0  4  6 0 0 1 1 0 0 0 0 0 0 1 1 0 0
2014   2 28  7 38  9 891510  -19.15641 -141.80885     9163  19.4  0  0  5 10 0 0 1 1 1 0 0 1 0 0 0 1 0 0
2014   2 28  7 38  9 963286    6.85534  -74.55038     4150  19.7  0  0  6 14 0 0 0 1 1 0 0 1 0 0 1 1 0 1
2014   2 28  7 38 10  12810    6.83280  -74.79610     5598   5.8  0  0  4  6 0 0 0 1 1 0 0 1 0 0 0 1 0 0
2014   2 28  7 38 10 118417  -22.12252  -45.88046     2745  25.3  0  0  6 15 0 0 1 1 0 0 0 1 0 0 1 1 0 1
2014   2 28  7 38 10 630842    3.63895  152.51733    14198  21.7  0  0  5 10 0 0 1 1 1 0 0 0 0 0 0 1 0 1
2014   2 28  7 38 10 695928  -14.63720  -43.41379     4930  17.1  0  0  5 10 0 0 1 0 1 0 0 1 0 0 1 0 0 1
2014   2 28  7 38 10 999270   -5.26538  -72.50517     3910  13.2  0  0  5  7 0 0 1 0 0 0 0 1 0 0 1 1 0 1
2014   2 28  7 38 11  73365    5.93212  -77.55112     4951  22.7  0  0  7 21 0 0 1 1 1 0 0 1 0 1 1 0 0 1
2014   2 28  7 38 11 420661  -22.74789  -45.80142     3221  29.8  0  0  5 10 0 0 1 1 1 0 0 1 0 0 0 0 0 1
2014   2 28  7 38 11 559873  -25.33729  -44.65163     2756  25.0  0  0  7 21 0 0 1 1 1 0 0 1 0 0 1 1 0 1
2014   2 28  7 38 11 616848    3.94281  -72.91084     6423  20.0  0  0  5 10 0 0 1 0 1 0 0 1 0 0 1 0 0 1
2014   2 28  7 38 12 261743   -7.40838    7.71369    14474  26.4  0  0  5 10 0 0 1 0 1 0 0 1 0 0 1 0 0 1
2014   2 28  7 38 12 670039  -21.20026  -46.31727     3214  27.3  0  0  5 10 0 0 1 0 1 0 0 1 0 0 1 0 0 1
2014   2 28  7 38 13 125506  -22.65400  -45.57511     4512  53.0  2  0  5  8 0 0 0 1 0 0 0 1 0 1 1 0 0 1
2014   2 28  7 38 13 264123  -21.39143  -46.17006     3098  38.0  0  0  6 15 0 0 1 1 1 0 0 1 0 0 1 0 0 1
2014   2 28  7 38 13 526114    4.95019  149.79346     9948  47.2  1  0  5 10 0 0 1 0 1 0 0 1 0 0 1 1 0 0
2014   2 28  7 38 13 633895  -21.61397 -141.77307     9377   5.9  0  0  4  6 0 0 1 1 0 0 0 1 0 0 0 1 0 0
2014   2 28  7 38 14  51610   -8.47655  156.54008    78299  47.4  1  0  5 10 0 0 0 1 1 0 0 0 0 0 1 1 0 1
2014   2 28  7 38 14 266003   -8.93076  159.42470    50952   3.0  0  0  4  6 0 0 1 1 0 0 0 1 0 0 1 0 0 0
2014   2 28  7 38 14 363746  -23.24691  -45.92697     3493  54.1  1  0  6 15 0 0 1 1 0 0 0 0 0 1 1 1 0 1
2014   2 28  7 38 14 390411  -23.32197  -45.88904     3342  57.0  1  0  7 21 0 0 1 1 1 0 0 1 0 1 1 0 0 1
2014   2 28  7 38 16 511721  -10.48793  162.95235   129156  71.4  2  0  5 10 0 0 1 1 1 0 0 1 0 0 0 0 0 1
2014   2 28  7 38 16 849102   -3.97291  -71.73466     3563  23.6  0  0  5 10 0 0 1 1 0 0 0 1 0 0 1 1 0 0
2014   2 28  7 38 17 206833  -24.44326  -45.32245     6194  58.7  2  0  5 10 0 0 1 1 0 0 0 1 0 0 1 0 0 1
2014   2 28  7 38 17 317436   -2.35873  150.84012     9548  56.4  1  0  6 15 0 0 1 1 0 0 0 1 0 1 1 1 0 0
2014   2 28  7 38 17 593973  -20.48945  -48.55415     3669  80.8  2  0  7 19 0 0 1 0 1 0 0 1 0 1 1 1 0 1
2014   2 28  7 38 19  72904  -24.98557  -44.88860     3870  52.5  1  0  6 15 0 0 1 1 1 0 0 1 0 0 1 0 0 1
2014   2 28  7 38 19  94362  -25.02785  -44.72405     6201  53.2  2  0  5 10 0 0 1 0 1 0 0 1 0 0 1 0 0 1
2014   2 28  7 38 20  22641  -21.47256  -46.15940     4343  82.4  2  0  6 15 0 0 1 1 1 0 0 1 0 0 1 0 0 1
2014   2 28  7 38 20 242522  -21.43979  -46.15258     4399  84.7  2  0  6 15 0 0 1 1 1 0 0 1 0 0 1 0 0 1
2014   2 28  7 38 20 307436  -21.43690  -46.35072     4454 102.1  2  0  6 15 0 0 0 1 1 0 0 1 0 1 1 0 0 1
2014   2 28  7 38 20 363557  -21.46377  -46.15681     4374  83.5  2  0  6 15 0 0 1 1 1 0 0 1 0 0 1 0 0 1
2014   2 28  7 38 21 381044   -3.97195  -71.68864     6073 129.9  2  0  7 21 0 0 1 1 1 0 0 1 0 1 1 1 0 0
2014   2 28  7 38 21 569824   -4.54987  -74.08285     5582   6.2  0  0  4  6 0 0 0 1 1 0 0 0 0 1 0 1 0 0
2014   2 28  7 38 21 758950   -3.89870  -71.77672     6214 105.5  2  0  6 15 0 0 1 1 1 0 0 1 0 0 1 1 0 0
2014   2 28  7 38 21 782018   -4.06814  -72.12091     8167 122.9  2  0  7 21 0 0 0 1 1 0 0 1 0 1 1 1 0 1
2014   2 28  7 38 21 852094  -21.29195  -47.02575     4206 115.5  2  0  7 20 0 0 1 1 1 0 0 1 0 1 1 0 0 1
2014   2 28  7 38 22 350254  -16.54951  -51.98271     4526 118.9  2  0  7 21 0 0 1 1 1 0 0 1 0 1 1 0 0 1
2014   2 28  7 38 22 364623  -11.94922  -72.14160     5258 104.3  2  0  7 20 0 0 1 1 1 0 0 1 0 0 1 1 1 0
2014   2 28  7 38 22 393715  -11.94666  -71.80885     6362 142.4  2  0  7 21 0 0 1 1 1 0 0 0 0 1 1 1 0 1
2014   2 28  7 38 22 691583  -12.02032  -71.62457     6320  95.8  2  0  6 14 0 0 1 0 1 0 0 1 0 1 0 1 0 1
2014   2 28  7 38 23 304633  -29.83970  -41.98927     7672  94.2  2  0  7 18 0 0 1 0 1 0 0 1 0 1 1 1 0 1
2014   2 28  7 38 23 337441  -29.77022  -42.64089     3737  53.0  1  0  7 18 0 0 1 1 1 0 0 1 0 1 0 1 0 1
2014   2 28  7 38 23 352953  -28.97376  -42.94291     4923  16.3  0  0  4  6 0 0 0 1 0 0 0 0 0 1 1 0 0 1
2014   2 28  7 38 23 501813    4.53807  142.49327     7744  14.0  0  0  4  6 0 0 0 1 0 0 0 1 0 0 1 0 0 1
2014   2 28  7 38 23 520553   32.44607  155.93954     6207  15.9  0  0  5  9 0 0 1 0 1 0 0 0 0 1 0 1 0 1
2014   2 28  7 38 23 552963   16.45860  146.00259     7644  22.1  1  0  4  6 0 0 1 1 0 0 0 1 0 0 0 1 0 0
2014   2 28  7 38 23 641764    5.76258  -91.33881     8142   3.2  0  0  5 10 0 0 0 1 1 0 0 0 0 1 0 1 0 1
2014   2 28  7 38 23 876309  -29.85980  -42.18190     7380  97.4  2  0  6 15 0 0 1 1 1 0 0 1 0 0 1 0 0 1
2014   2 28  7 38 23 917779  -21.26443 -142.14572    25805 145.1  2  0  7 21 0 0 1 1 1 0 0 1 0 1 1 1 0 0
2014   2 28  7 38 23 934700  -25.38488  -45.04723     4883  43.8  1  0  5  9 0 0 0 1 1 0 0 1 0 0 1 0 0 1
2014   2 28  7 38 23 936325  -20.97724 -146.18782    47615 122.5  2  0  6 15 0 0 0 1 1 0 0 1 0 0 1 1 0 1
2014   2 28  7 38 24 467250  -30.57569  -41.32957     2634  10.9  0  0  7 21 0 0 1 1 1 0 0 1 0 1 0 1 0 1
2014   2 28  7 38 24 506450  -30.73473  -41.25268     8048  14.2  0  0  5  9 0 0 0 1 1 0 0 1 0 1 0 1 0 0
2014   2 28  7 38 24 571314  -30.56772  -41.33651     2774  10.1  0  0  6 15 0 0 1 1 1 0 0 1 0 1 0 0 0 1
2014   2 28  7 38 24 652449  -30.56802  -41.33847     2536   9.2  0  0  7 21 0 0 1 1 1 0 0 1 0 1 1 0 0 1
2014   2 28  7 38 24 837664  -21.17579  -46.32840     2482  15.8  0  0  7 18 0 0 1 1 1 0 0 1 0 0 1 1 0 1
2014   2 28  7 38 24 934756  -30.50682  -41.40628     3260  15.1  0  0  7 20 0 0 0 1 1 0 0 1 0 1 1 1 0 1
2014   2 28  7 38 26 870277  -10.76763  -57.55982     2646  25.5  0  0  7 21 0 0 1 1 1 0 0 1 0 0 1 1 0 1
2014   2 28  7 38 27 696230  -11.89584  -73.03934     4328  23.3  0  0  5  7 0 0 1 1 0 0 0 1 0 0 0 1 0 1
2014   2 28  7 38 27 781724    4.95142  -84.41614     5717  33.0  0  0  7 21 0 0 0 1 1 0 0 1 0 1 1 1 0 1
2014   2 28  7 38 27 914423  -30.11953  -41.59305     3211  20.1  0  0  6 15 0 0 1 1 1 0 0 1 0 0 1 0 0 1
2014   2 28  7 38 27 962677  -33.78314  -38.37327     3778  24.4  0  0  6 15 0 0 1 1 1 0 0 1 0 0 1 0 0 1
2014   2 28  7 38 27 969309  -33.75814  -38.92525     8486 143.5  2  0  7 21 0 0 1 1 1 0 0 0 0 1 0 1 1 1
2014   2 28  7 38 27 994129  -33.74258  -38.54108     3855  13.1  0  0  5 10 0 0 1 1 1 0 0 1 0 0 0 0 0 1
2014   2 28  7 38 28  13124  -33.78934  -38.34619     6136  29.7  1  0  4  6 0 0 1 1 0 0 0 0 0 0 1 0 0 1
2014   2 28  7 38 28  26443  -33.76981  -38.41349     3952  37.2  0  0  7 21 0 0 1 1 1 0 0 1 0 0 1 1 0 1
2014   2 28  7 38 28 174503  -33.31024  -38.81861     4561  25.0  0  0  7 21 0 0 0 1 1 0 0 1 0 1 1 1 0 1
2014   2 28  7 38 28 219181  -21.37780  -46.15596     3245  28.2  0  0  5 10 0 0 0 1 1 0 0 1 0 0 1 0 0 1
2014   2 28  7 38 28 238525  -21.36764  -46.13731     2887  27.0  0  0  6 15 0 0 1 1 1 0 0 1 0 0 1 0 0 1
2014   2 28  7 38 28 459595    7.05192  -74.11772     3665  33.0  0  0  7 19 0 0 1 1 1 0 0 1 0 0 1 1 0 1
2014   2 28  7 38 28 491367    5.98309  -73.41796    12466  23.9  0  0  5 10 0 0 1 1 1 0 0 0 0 0 1 0 0 1
2014   2 28  7 38 28 590386  -11.84644  -73.14502     3137  14.5  0  0  5  9 0 0 1 1 0 0 0 1 0 0 1 1 0 0
2014   2 28  7 38 28 666502  -24.52103  -45.20380     3725  32.5  1  0  5 10 0 0 0 1 1 0 0 1 0 0 1 0 0 1
2014   2 28  7 38 29 305935    6.93337  150.89552     6541  44.0  0  0  7 21 0 0 1 1 0 0 0 1 0 1 1 1 0 1
2014   2 28  7 38 29 385721    6.82560  151.04987    17889  42.8  1  0  5 10 0 0 1 1 0 0 0 1 0 0 1 0 0 1
2014   2 28  7 38 29 449670    6.33529  143.51607     7628  15.0  0  0  4  6 0 0 1 0 0 0 0 1 0 0 1 1 0 0
2014   2 28  7 38 29 709105  -22.39951 -141.26387    20635  32.5  1  0  5 10 0 0 0 0 1 0 0 1 0 0 1 1 0 1
2014   2 28  7 38 29 915124   -4.63670  146.50746     3714  11.9  0  0  6 15 0 0 1 1 1 0 0 1 0 0 1 1 0 0
2014   2 28  7 38 29 993310  -22.36367 -140.56439     9954  41.7  0  0  7 20 0 0 1 1 1 0 0 1 0 0 1 1 0 1
2014   2 28  7 38 30 402698    5.01288  -84.31145     5808  51.7  1  0  6 15 0 0 1 1 1 0 0 1 0 0 0 1 0 1
2014   2 28  7 38 30 761581  -22.49641  -45.99992     3174  25.8  0  0  6 11 0 0 1 1 1 0 0 0 0 1 1 1 0 0
2014   2 28  7 38 30 794188  -22.65881  -45.67789     3080  54.0  1  0  7 20 0 0 1 0 1 0 0 1 0 1 1 1 0 1
2014   2 28  7 38 31 264551  -19.28189 -142.65472     8934  17.9  0  0  5 10 0 0 1 1 0 0 0 1 0 0 1 1 0 0
2014   2 28  7 38 31 298335  -19.24162 -142.78331    10445  11.1  0  0  4  6 0 0 1 1 0 0 0 1 0 0 0 1 0 0
2014   2 28  7 38 31 718742    7.04945  -74.27695     5664  45.8  1  0  6 11 0 0 1 0 1 0 0 1 0 0 1 1 0 1
2014   2 28  7 38 31 759884  -19.66117 -141.05304    11177  50.9  1  0  7 21 0 0 1 0 1 0 0 1 0 1 1 1 0 1
2014   2 28  7 38 31 788531  -19.28804 -142.80002     9108  18.6  0  0  5 10 0 0 1 1 0 0 0 1 0 0 1 1 0 0
2014   2 28  7 38 31 845743  -19.29238 -142.80782     9345  19.6  0  0  5 10 0 0 1 1 0 0 0 1 0 0 1 1 0 0
2014   2 28  7 38 31 914176  -19.48723 -141.80136    17081  58.6  1  0  6 15 0 0 1 1 1 0 0 0 0 0 1 1 0 1
2014   2 28  7 38 32 431754    4.39539  -92.85956    13122  64.4  2  0  6 15 0 0 0 1 1 0 0 1 0 0 1 1 0 1
2014   2 28  7 38 32 868125  -21.26873  -46.38595     4519  60.7  2  0  5 10 0 0 0 1 1 0 0 1 0 0 1 0 0 1
2014   2 28  7 38 33  10011  -21.20650  -46.50062     3437  73.6  2  0  7 21 0 0 1 1 1 0 0 1 0 1 1 0 0 1
2014   2 28  7 38 34 897718  -12.23064  -72.08661    12110 107.1  2  0  6 15 0 0 0 1 1 0 0 0 0 1 1 1 0 1
2014   2 28  7 38 34 975442  -21.39785  -46.33874     5180 103.8  2  0  6 14 0 0 0 1 1 0 0 1 0 0 1 1 0 1
2014   2 28  7 38 35  28438  -30.80795  -42.43803     9061  30.0  1  0  4  6 0 0 0 1 0 0 0 1 0 0 1 0 0 1
2014   2 28  7 38 35 192772  -11.86826  -73.33739     8904 101.7  2  0  6 14 0 0 0 1 1 0 0 1 0 1 1 1 0 0
2014   2 28  7 38 36 813547   -5.94582  -74.77583     8207 123.4  2  0  6 15 0 0 1 1 1 0 0 0 0 1 1 1 0 0
2014   2 28  7 38 37 147987   -5.78954  -75.08245     5468 100.5  2  0  7 21 0 0 1 1 1 0 0 1 0 0 1 1 0 1
2014   2 28  7 38 37 777835    7.40788  149.05156    11827  89.9  2  0  7 21 0 0 1 1 1 0 0 1 0 0 1 1 0 1
2014   2 28  7 38 37 919853   34.96004 -134.58160    18203   8.0  0  0  4  6 0 0 1 1 0 0 0 1 0 0 0 1 0 0
2014   2 28  7 38 37 926271   34.98106 -138.19926    32314  12.5  0  0  4  6 0 0 0 1 0 0 0 1 0 0 1 1 0 0
2014   2 28  7 38 39 802666  -23.26172  -46.46113     3914  27.5  0  0  5  7 0 0 0 1 1 0 0 1 0 1 1 0 0 0
2014   2 28  7 38 39 811241  -23.32912  -46.33983     4463  44.8  1  0  5 10 0 0 1 1 1 0 0 1 0 0 1 0 0 0
2014   2 28  7 38 39 861306  -24.34400  -45.36214     4700  71.6  2  0  6 15 0 0 1 0 1 0 0 1 0 1 1 0 0 1
2014   2 28  7 38 39 928480  -24.32151  -45.55609     4073  87.6  2  0  7 21 0 0 1 1 1 0 0 1 0 1 1 0 0 1
2014   2 28  7 38 40  19942   -7.00390  -74.49107     2822  10.3  0  0  6 12 0 0 1 1 1 0 0 1 0 0 1 1 0 0
2014   2 28  7 38 40  99761   -4.16530  -71.44249     2689   9.2  0  0  6 15 0 0 1 1 1 0 0 0 0 1 1 1 0 0
2014   2 28  7 38 40 150011  -24.58274  -45.08170     2775   6.4  0  0  5  9 0 0 1 1 1 0 0 1 0 0 1 0 0 0
2014   2 28  7 38 40 200412  -24.57624  -45.07705     2520   5.8  0  0  6 15 0 0 1 1 1 0 0 1 0 0 1 0 0 1
2014   2 28  7 38 40 222679  -23.50049  -45.82306     3061  41.5  0  0  7 21 0 0 0 1 1 0 0 1 0 1 1 1 0 1
2014   2 28  7 38 40 259750  -24.58478  -45.09031     2752   7.8  0  0  5 10 0 0 1 1 1 0 0 1 0 0 0 0 0 1
2014   2 28  7 38 40 292130  -16.02858  -51.63578     2759   6.0  0  0  5  9 0 0 1 0 1 0 0 1 0 0 0 1 0 1
2014   2 28  7 38 40 485051  -15.98739  -51.64275     3324   1.1  0  0  5  9 0 0 1 1 1 0 0 0 0 0 1 0 0 1
2014   2 28  7 38 41 177106  -12.80735  -71.66477     2803  10.9  0  0  7 21 0 0 0 1 1 0 0 1 0 1 1 1 0 1
2014   2 28  7 38 41 238160  -12.86812  -71.50861     4951   9.3  0  0  5 10 0 0 0 1 0 0 0 1 0 1 1 0 0 1
2014   2 28  7 38 41 591643  -12.80757  -71.72060     2944   8.6  0  0  6 15 0 0 0 1 1 0 0 1 0 0 1 1 0 1
2014   2 28  7 38 41 871678  -20.76672  -47.33204     3327  21.2  0  0  5  9 0 0 0 1 1 0 0 1 0 0 0 1 0 1
2014   2 28  7 38 41 907029  -20.77922  -47.25097     2403   6.3  0  0  6 15 0 0 1 1 1 0 0 1 0 0 1 0 0 1
2014   2 28  7 38 41 975422   -7.03012    9.08916    12680   3.1  0  0  4  6 0 0 1 1 0 0 0 1 0 0 1 0 0 0
2014   2 28  7 38 41 980405  -20.73157  -47.20802     2822   8.6  0  0  5  8 0 0 0 1 1 0 0 1 0 0 1 0 0 1
2014   2 28  7 38 42 586632  -33.38433   19.10292    14903  12.2  0  0  4  6 0 0 1 1 0 0 0 1 0 0 1 0 0 0
2014   2 28  7 38 43 539764   -4.15432  -71.57561     2875  21.9  0  0  7 21 0 0 1 0 1 0 0 1 0 1 1 1 0 1
2014   2 28  7 38 44 295916   -9.10549  161.09383     6179  20.9  0  0  6 15 0 0 1 1 0 0 0 1 0 0 1 1 0 1
2014   2 28  7 38 45 125472  -21.63073 -143.22620    18309  24.8  0  0  5 10 0 0 0 1 1 0 0 1 0 0 0 1 0 1
2014   2 28  7 38 45 329579    7.04268  -74.84135     5546  38.4  0  0  6 15 0 0 0 1 1 0 0 1 0 1 1 1 0 0
2014   2 28  7 38 45 512225  -21.21859  -46.40898     2888  28.0  0  0  6 15 0 0 1 1 1 0 0 1 0 0 1 0 0 1
2014   2 28  7 38 45 895229  -21.19874  -46.48898     4225  39.7  1  0  5  7 0 0 1 1 0 0 0 1 0 0 0 1 0 1
2014   2 28  7 38 46  40791  -30.38316  -41.57339     4090  51.5  1  0  7 21 0 0 1 1 1 0 0 1 0 0 1 1 0 1
2014   2 28  7 38 46  54295  -30.43826  -41.46207     6765  48.8  1  0  5  8 0 0 1 0 0 0 0 1 0 1 1 1 0 0
2014   2 28  7 38 46 417122  -30.39176  -41.79621     4317   8.9  0  0  4  6 0 0 1 1 0 0 0 1 0 0 0 0 0 1
2014   2 28  7 38 46 934306    0.37832    0.56954    22570  35.6  1  0  5 10 0 0 1 1 0 0 0 1 0 0 1 0 0 1
2014   2 28  7 38 47 218851  -19.50728 -142.18146    29563  46.6  1  0  5 10 0 0 0 0 1 0 0 1 0 1 1 1 0 0
2014   2 28  7 38 47 441585    6.56890  -78.10025     4446  43.2  0  0  7 21 0 0 1 0 1 0 0 1 0 1 1 1 0 1
2014   2 28  7 38 48 518706    0.84552  -65.33522     4252  59.4  1  0  7 20 0 0 0 1 1 0 0 1 0 1 1 1 0 1
2014   2 28  7 38 49   9988  -10.71284  161.82596     9374  42.8  1  0  6 15 0 0 1 0 1 0 0 1 0 0 1 1 0 1
2014   2 28  7 38 49 971172   -5.76188  -71.77771     9579  79.5  2  0  6 15 0 0 0 1 1 0 0 0 0 1 1 1 0 1
2014   2 28  7 38 50 178984  -25.33822  -44.87165     3793  34.4  1  0  5  9 0 0 1 1 1 0 0 1 0 0 0 0 0 1
2014   2 28  7 38 51 613975  -20.95131  -47.82896     3352  51.3  1  0  7 16 0 0 1 1 1 0 0 1 0 0 1 1 1 0
2014   2 28  7 38 52 716835  -25.50859 -135.51251    28545  49.2  1  0  5 10 0 0 0 0 1 0 0 1 0 0 1 1 0 1
2014   2 28  7 38 52 895140   -7.07444  172.84486    15528  62.8  2  0  6 15 0 0 1 0 1 0 0 1 0 0 1 1 0 1
2014   2 28  7 38 53 182417  -23.40763  -45.88829     5444 100.2  2  0  6 15 0 0 1 1 1 0 0 1 0 0 1 0 0 1
2014   2 28  7 38 53 256002  -21.50073  -46.17254     4469  83.5  2  0  6 15 0 0 1 1 1 0 0 1 0 0 1 0 0 1
2014   2 28  7 38 53 347335  -23.78943 -176.35440    25325 108.7  2  0  7 20 0 0 1 1 1 0 0 1 0 1 0 1 0 1
2014   2 28  7 38 54 490755    5.30870  -84.76024     8308 108.4  2  0  7 21 0 0 1 1 1 0 0 1 0 0 1 1 0 1
2014   2 28  7 38 55 733669    4.80639  -74.10894    11171 117.2  2  0  6 15 0 0 0 1 1 0 0 1 0 0 1 1 0 1
2014   2 28  7 38 56 307113  -24.57180  -45.09595     3302  25.4  0  0  5 10 0 0 1 1 1 0 0 1 0 0 0 0 0 1
2014   2 28  7 38 56 508259  -20.29132 -140.19130    17320   4.9  0  0  4  6 0 0 1 1 1 0 0 1 0 0 0 0 0 0
2014   2 28  7 38 56 913052  -22.77059  -45.74576     2636   9.0  0  0  5 10 0 0 1 1 1 0 0 1 0 0 0 0 0 1
2014   2 28  7 38 57  62178  -22.79027  -45.69523     2684   8.1  0  0  5  9 0 0 1 1 1 0 0 1 0 0 0 0 0 1
2014   2 28  7 38 57  69224  -22.74961  -45.75042     2866   1.7  0  0  4  6 0 0 1 1 0 0 0 1 0 0 0 0 0 1
2014   2 28  7 38 57 154299  -32.68344 -132.63472    41368   6.7  0  0  5 10 0 0 1 1 1 0 0 0 0 1 0 0 0 1
2014   2 28  7 38 57 556084  -21.27808  -46.81016     2589   2.1  0  0  5  9 0 0 1 1 1 0 0 1 0 0 0 0 0 1
2014   2 28  7 38 57 994006  -30.11475  -41.64905     3781  21.3  0  0  5 10 0 0 1 1 1 0 0 1 0 0 0 0 0 1
2014   2 28  7 38 58 579566  -30.10515  -41.69035     3718  20.3  0  0  5 10 0 0 1 1 1 0 0 1 0 0 0 0 0 1
2014   2 28  7 38 59 478768  -20.69985  -46.41369     2784  12.6  0  0  5 10 0 0 1 1 1 0 0 1 0 0 0 0 0 1
2014   2 28  7 38 59 831067  -16.53877  -51.85229     3017  22.0  0  0  5 10 0 0 1 0 1 0 0 1 0 1 0 0 0 1
2014   2 28  7 39  1 394862  -26.51082 -131.68005    13525  12.1  0  0  5 10 0 0 1 0 1 0 0 1 0 1 0 0 0 1
2014   2 28  7 39  1 430945  -26.08565 -133.42276    29011  40.8  1  0  5 10 0 0 1 1 1 0 0 1 0 0 0 0 0 1
2014   2 28  7 39  1 541403   -1.37843  -71.59846     7232  37.3  1  0  5 10 0 0 1 1 1 0 0 1 0 0 0 0 0 1
2014   2 28  7 39  1 864975  -21.45039  -46.19062     3645  30.4  1  0  5  8 0 0 1 1 1 0 0 1 0 0 0 0 0 1
2014   2 28  7 39  2 250493  -25.12157  -44.69744     3550  19.6  0  0  5  8 0 0 1 1 1 0 0 0 0 1 0 0 0 1
2014   2 28  7 39  2 395845  -25.15676  -44.70407     4642  39.6  1  0  5  8 0 0 1 1 1 0 0 1 0 0 0 0 0 1
2014   2 28  7 39  2 634199  -25.12978  -44.73279     3028  33.1  0  0  6 14 0 0 1 1 1 0 0 1 0 1 0 0 0 1
2014   2 28  7 39  2 750010   -3.76173 -100.70094    11412  50.7  1  0  6 15 0 0 1 1 1 0 0 1 0 1 0 0 0 1
2014   2 28  7 39  2 875330  -25.13527  -44.71383     4508  39.2  1  0  5  8 0 0 1 1 0 0 0 1 0 1 0 0 0 1
2014   2 28  7 39  3 456768  -20.45186 -139.99648    39776  58.8  2  0  5 10 0 0 1 1 1 0 0 1 0 0 0 0 0 1
2014   2 28  7 39  4 690929   -4.74085  -70.95686     4830  22.0  0  0  5 10 0 0 1 0 1 0 0 1 0 1 0 0 0 1
2014   2 28  7 39  5 803229  -21.28150  -46.56169     3306  60.7  1  0  7 18 0 0 1 1 1 0 0 1 0 1 0 0 1 1
2014   2 28  7 39  6  25314   -5.13947  -71.26527     8266  79.2  2  0  6 15 0 0 1 1 1 0 0 1 0 1 0 0 0 1
2014   2 28  7 39  7 295432   -7.05956  -69.99068     5527   8.3  0  0  5 10 0 0 1 1 1 0 0 0 0 1 0 0 0 1
2014   2 28  7 39  7 870108  -20.77951  -47.58442     3970  82.0  2  0  6 15 0 0 1 1 1 0 0 1 0 1 0 0 0 1
2014   2 28  7 39  8 477566  -30.02479  -42.35946     3231  28.3  0  0  6 15 0 0 1 1 1 0 0 1 0 1 0 0 0 1
2014   2 28  7 39  8 501414  -30.00558  -42.41533     4208  30.4  1  0  5 10 0 0 1 1 1 0 0 1 0 0 0 0 0 1
2014   2 28  7 39  8 514471  -30.23203  -42.28746    10890  18.5  0  0  4  6 0 0 0 1 1 0 0 1 0 1 0 0 0 0
2014   2 28  7 39  8 538466  -30.02785  -42.36069     3893  31.2  1  0  5 10 0 0 1 1 0 0 0 1 0 1 0 0 0 1
2014   2 28  7 39  9  92848  -30.21347  -42.30815     4151  28.4  0  0  5 10 0 0 1 1 1 0 0 1 0 0 0 0 0 1
2014   2 28  7 39  9 106403  -30.25296  -42.25344     4792  20.4  1  0  4  6 0 0 1 1 1 0 0 1 0 0 0 0 0 0
2014   2 28  7 39 12 633546   -4.31020  -71.17953     8120   7.6  0  0  5 10 0 0 0 1 1 0 0 1 0 1 0 0 0 1
2014   2 28  7 39 12 816287  -29.48180 -133.28943     9534   5.2  0  0  6 15 0 0 1 1 1 0 0 1 0 1 0 0 0 1
2014   2 28  7 39 13 131052   -4.26513  -71.35397     3215   6.3  0  0  6 15 0 0 1 1 1 0 0 1 0 1 0 0 0 1
2014   2 28  7 39 15 341394  -24.85856  -44.98096     3167  16.9  0  0  5  9 0 0 1 1 1 0 0 0 0 1 0 0 0 1
2014   2 28  7 39 15 734056  -23.23241 -139.24893    33686  25.5  1  0  4  6 0 0 1 1 1 0 0 1 0 0 0 0 0 0
2014   2 28  7 39 16 743555   -4.48180  -71.28065     6105  32.8  1  0  5 10 0 0 1 1 0 0 0 1 0 1 0 0 0 1
2014   2 28  7 39 16 952220    6.78187  -73.37885     9010  30.1  1  0  5 10 0 0 1 1 1 0 0 1 0 0 0 0 0 1
2014   2 28  7 39 18 123517    3.84165  -72.74805     9758  41.4  1  0  5 10 0 0 1 1 1 0 0 1 0 0 0 0 0 1
2014   2 28  7 39 18 471469  -22.75005 -138.92192    25254  50.7  1  0  6 15 0 0 1 1 1 0 0 1 0 1 0 0 0 1
2014   2 28  7 39 18 995116  -12.13251  -72.65105     6903  51.5  2  0  5 10 0 0 1 1 1 0 0 1 0 0 0 0 0 1
2014   2 28  7 39 19 135489  -12.14697  -72.63068     7214  55.0  2  0  5 10 0 0 1 1 1 0 0 1 0 0 0 0 0 1
2014   2 28  7 39 19 142881  -12.20428  -72.54855     5554  55.0  1  0  6 15 0 0 1 1 1 0 0 1 0 1 0 0 0 1
2014   2 28  7 39 20 342209  -21.32534  -47.05946     3946  46.9  1  0  5 10 0 0 1 1 1 0 0 1 0 0 0 0 0 1
2014   2 28  7 39 21 475034  -21.43269  -46.99656     3140  22.6  0  0  5  8 0 0 0 1 1 0 0 1 0 1 0 0 0 1
2014   2 28  7 39 21 891274  -33.63283  -39.13301     3333  18.1  0  0  6 15 0 0 1 1 1 0 0 1 0 1 0 0 0 1
2014   2 28  7 39 21 992161  -33.59698  -39.24370     3951  15.1  0  0  5 10 0 0 1 1 1 0 0 1 0 0 0 0 0 1
2014   2 28  7 39 22    183    4.04017  -83.48395    18232  74.4  2  0  5 10 0 0 1 1 1 0 0 1 0 0 0 0 0 1
2014   2 28  7 39 24 983743  -23.76368  -45.69957     5244  73.3  2  0  5 10 0 0 1 0 1 0 0 1 0 1 0 0 0 1
2014   2 28  7 39 27 654074   -1.86855  -70.71603     7190  38.6  1  0  5 10 0 0 1 0 1 0 0 1 0 1 0 0 0 1
