2014   2 28  2  4 32  97033  -26.04073  -44.09901     3436   3.0  0  0  4  6 0 0 1 1 0 0 0 0 0 0 1 0 0 1
2014   2 28  2  4 34 100806   -5.45108  -42.20171     3177   8.5  0  0  5 10 0 0 1 1 0 0 0 0 0 0 1 1 0 1
2014   2 28  2  4 34 286973  -26.09564  -44.25321     3262  16.2  0  0  5  8 0 0 1 1 0 0 0 0 0 1 1 0 0 1
2014   2 28  2  4 34 343771   -4.16250  -53.01509     2552  24.9  0  0  7 21 0 0 1 1 0 0 0 0 0 1 1 1 1 1
2014   2 28  2  4 34 518991   -4.74153  -74.56284     6585  35.8  1  0  5 10 0 0 0 1 0 0 0 0 0 1 1 1 0 1
2014   2 28  2  4 34 674823  -26.08523  -44.27771     3272  17.1  0  0  5  8 0 0 1 1 0 0 0 0 0 1 1 0 0 1
2014   2 28  2  4 35  95086   -4.70577  -74.41959     3968  39.6  0  0  6 15 0 0 1 1 0 0 0 0 0 1 1 1 0 1
2014   2 28  2  4 35 103739   -4.70731  -74.42320     3985  40.1  1  0  6 15 0 0 1 1 0 0 0 0 0 1 1 1 0 1
2014   2 28  2  4 35 217469   -4.70242  -74.59627     5861  18.8  0  0  4  6 0 0 0 1 0 0 0 0 0 0 1 1 0 1
2014   2 28  2  4 35 243907  -23.96134  -45.92681     3871  23.4  1  0  4  6 0 0 0 1 0 0 0 0 0 1 1 0 0 1
2014   2 28  2  4 35 634622  -26.17317 -135.83331    11278  21.8  0  0  5 10 0 0 1 1 0 0 0 0 0 0 1 1 0 1
2014   2 28  2  4 37 511913  -24.19634 -118.98807    11466  56.2  1  0  6 15 0 0 1 1 0 0 0 0 0 1 1 1 0 1
2014   2 28  2  4 37 620732  -24.19492 -119.15445    17002  62.5  2  0  5 10 0 0 1 1 0 0 0 0 0 1 1 1 0 0
2014   2 28  2  4 37 689705  -24.19817 -119.07236    11750  57.8  1  0  6 15 0 0 1 1 0 0 0 0 0 1 1 1 0 1
2014   2 28  2  4 37 703371  -24.15480 -119.61756    11652  36.7  1  0  5 10 0 0 1 1 0 0 0 0 0 0 1 1 0 1
2014   2 28  2  4 43 728969  -13.97355  161.71066    46590  15.0  0  0  4  6 0 0 1 1 0 0 0 0 0 0 1 1 0 0
2014   2 28  2  4 44 728405  -25.51260  -44.92221     3297   6.0  0  0  4  6 0 0 0 1 0 0 0 0 0 1 1 0 0 1
2014   2 28  2  4 45 103486  -13.84310  161.54965    56747  22.0  1  0  4  6 0 0 1 1 0 0 0 0 0 0 1 1 0 0
2014   2 28  2  4 48  29855   -4.60958  -74.76925     3844  14.2  0  0  5 10 0 0 0 1 1 0 0 1 0 0 1 1 0 0
2014   2 28  2  4 48 552280   -5.70242  -74.96036     3851  15.4  0  0  5 10 0 0 0 1 1 0 0 1 0 0 1 1 0 0
2014   2 28  2  4 48 557300  -33.08972 -120.02508     4579   9.9  0  0  7 21 0 0 1 1 1 0 0 0 0 1 1 1 0 1
2014   2 28  2  4 48 586016  -33.01105 -121.77498    13234  53.4  1  0  6 14 0 0 1 1 0 0 0 1 0 0 1 1 0 1
2014   2 28  2  4 48 597372  -33.18507 -121.15205    17886  53.5  2  0  5 10 0 0 1 0 0 0 0 1 0 1 1 1 0 0
2014   2 28  2  4 48 644199   -5.00689  -73.80091     3265  17.8  0  0  5 10 0 0 1 1 1 0 0 1 0 0 0 1 0 0
2014   2 28  2  4 48 733087  -26.24053  -44.18152     3611  20.7  0  0  5  8 0 0 1 1 1 0 0 1 0 0 0 0 0 1
2014   2 28  2  4 48 952411  -26.24749  -44.15713     2964  19.1  0  0  6 14 0 0 1 1 1 0 0 1 0 0 1 0 0 1
2014   2 28  2  4 49  36918  -26.26933  -44.14664     3333  24.4  0  0  6 12 0 0 1 1 1 0 0 1 0 0 1 0 0 1
2014   2 28  2  4 49 403375    0.32035  -72.16828     3852  11.7  0  0  6 15 0 0 1 0 1 0 0 1 0 1 1 0 0 1
2014   2 28  2  4 50  91537    9.42508  -74.21521     4638  22.9  0  0  6 15 0 0 0 1 1 0 0 1 0 0 1 1 0 1
2014   2 28  2  4 50 467871  -26.25862  -44.22084     3115  27.4  0  0  6 15 0 0 1 1 1 0 0 1 0 0 1 0 0 1
2014   2 28  2  4 51    861  -24.11439  -45.84033     2827  21.0  0  0  6 14 0 0 1 1 0 0 0 0 0 1 1 1 0 1
2014   2 28  2  4 51  66937  -24.17218  -45.77656     4068  39.7  1  0  5 10 0 0 0 1 1 0 0 1 0 0 1 0 0 1
2014   2 28  2  4 51 100692  -23.70815  -47.17800     3530  48.6  1  0  6 13 0 0 1 1 1 0 0 1 0 1 0 0 0 1
2014   2 28  2  4 51 125332  -19.85011 -175.13814    11023  16.8  0  0  5 10 0 0 1 1 0 0 0 1 0 0 1 1 0 0
2014   2 28  2  4 51 244961  -24.15120  -45.76069     4113  40.3  1  0  5 10 0 0 0 1 1 0 0 1 0 0 1 0 0 1
2014   2 28  2  4 51 474560  -12.74573  -71.00402     4644  32.7  1  0  5 10 0 0 0 1 0 0 0 1 0 0 1 1 0 1
2014   2 28  2  4 51 703865  -19.96438 -175.06241    34860  49.7  1  0  5  9 0 0 1 0 1 0 0 1 0 0 0 1 0 1
2014   2 28  2  4 51 780483  -12.76486  -71.01165     4705  41.8  1  0  6 15 0 0 0 1 1 0 0 1 0 0 1 1 0 1
2014   2 28  2  4 51 925854  -22.94010  -48.31209     3088  24.4  0  0  5 10 0 0 1 1 1 0 0 1 0 0 1 0 0 0
2014   2 28  2  4 52  50137    6.13799  -75.22203     4105   1.3  0  0  5  9 0 0 0 0 1 0 0 1 0 1 0 1 0 1
2014   2 28  2  4 53  70127  -26.16115  -44.38623     4126  29.4  0  0  5  9 0 0 1 1 1 0 0 1 0 0 1 0 0 0
2014   2 28  2  4 53 266251  -13.16253  -51.82703     6439  43.1  1  0  5  8 0 0 0 1 1 0 0 1 0 0 1 0 0 1
2014   2 28  2  4 53 301183  -13.14691  -51.83435     3128  46.6  0  0  7 21 0 0 1 1 1 0 0 1 0 1 1 0 0 1
2014   2 28  2  4 53 383540  -19.59544  -50.76093     2996   1.9  0  0  4  6 0 0 1 1 0 0 0 1 0 0 1 0 0 0
2014   2 28  2  4 53 837643  -19.63415  -51.09982     4253  87.7  2  0  7 18 0 0 1 1 1 0 0 1 0 0 1 0 1 1
2014   2 28  2  4 54  56294  -19.54608  -51.00975     3965  32.5  1  0  5  8 0 0 0 1 1 0 0 1 0 0 1 0 0 1
2014   2 28  2  4 54 661861  -14.29093 -179.62062    11189   5.1  0  0  4  6 0 0 0 1 0 0 0 1 0 0 1 1 0 0
2014   2 28  2  4 54 796531  -25.84320  -44.44302     4298  26.4  0  0  5  8 0 0 0 1 1 0 0 1 0 0 1 0 0 1
2014   2 28  2  4 54 803897  -25.90035  -44.44343     2991  38.3  0  0  7 21 0 0 1 1 1 0 0 1 0 1 1 0 0 1
2014   2 28  2  4 55 777589  -12.92881  -51.86897     5517  62.8  2  0  5 10 0 0 0 1 1 0 0 1 0 0 1 0 0 1
2014   2 28  2  4 55 800037  -15.71868  -49.88425     3283  63.0  1  0  7 21 0 0 1 1 1 0 0 1 0 1 1 0 0 1
2014   2 28  2  4 55 840037  -15.71878  -49.78757     3778  55.5  1  0  6 15 0 0 1 1 1 0 0 1 0 0 1 0 0 1
2014   2 28  2  4 56 686539  -11.82769  155.79446   136250  83.9  2  0  6 15 0 0 1 1 1 0 0 1 0 0 1 0 0 1
2014   2 28  2  4 56 789425  -13.35201  157.73302     6972   1.9  0  0  4  6 0 0 0 1 0 0 0 1 0 0 1 1 0 0
2014   2 28  2  4 57 447374  -10.27244  -75.35166     5361 100.7  2  0  7 21 0 0 1 1 0 0 0 1 0 1 1 1 0 1
2014   2 28  2  4 58 189329   -2.90879  -49.90984     3456  72.3  2  0  7 21 0 0 0 1 1 0 0 0 0 1 1 1 1 1
2014   2 28  2  4 59  23357  -25.89887  -44.57858     4755  48.8  1  0  5 10 0 0 1 1 1 0 0 1 0 0 1 0 0 0
2014   2 28  2  4 59 625864    6.52145  -75.33856     9205  37.5  1  0  5  8 0 0 0 1 1 0 0 1 0 0 1 1 0 0
2014   2 28  2  4 59 866666    9.55206  -74.57074     9409 117.4  2  0  7 19 0 0 1 1 0 0 0 1 0 1 1 1 0 1
2014   2 28  2  5  0  52130  -32.87162  -42.81134     7187  89.3  2  0  6 15 0 0 1 1 1 0 0 1 0 0 1 0 0 1
2014   2 28  2  5  0  80986  -26.08499  -44.60875     5108  54.3  2  0  5 10 0 0 1 1 1 0 0 1 0 0 1 0 0 0
2014   2 28  2  5  0 368309  -26.04228  -44.66656     5997  60.5  2  0  5  8 0 0 1 1 1 0 0 0 0 0 1 0 0 1
2014   2 28  2  5  0 463384  -22.81835  -48.58688     2903  48.2  0  0  7 21 0 0 1 1 1 0 0 0 0 1 1 1 1 0
2014   2 28  2  5  0 477501  -23.09697  -48.22986     5042  66.7  2  0  6 12 0 0 1 1 0 0 0 1 0 0 1 0 1 1
2014   2 28  2  5  0 628426  -19.62445  -51.21800     2995   3.3  0  0  4  6 0 0 1 1 0 0 0 1 0 0 1 0 0 0
2014   2 28  2  5  1 180187   -3.12144  -82.18828    14351   9.5  0  0  5 10 0 0 0 1 1 0 0 1 0 1 0 0 0 1
2014   2 28  2  5  1 590845  -25.85560  -44.67123     5134  56.9  2  0  5 10 0 0 1 1 1 0 0 1 0 0 1 0 0 0
2014   2 28  2  5  1 688736  -25.62375  -44.87206     4026  54.8  1  0  6 15 0 0 0 1 1 0 0 1 0 1 1 0 0 1
2014   2 28  2  5  1 735730   -5.32986  -77.88790     5247   7.1  0  0  5 10 0 0 0 1 1 0 0 0 0 1 0 1 0 1
2014   2 28  2  5  1 797757   -4.66851  -75.17400     9886 113.9  2  0  6 15 0 0 0 1 1 0 0 1 0 0 1 1 0 1
2014   2 28  2  5  2 103686    6.62318  -78.13687    12700  98.9  2  0  6 11 0 0 1 1 0 0 0 1 0 0 1 1 0 1
2014   2 28  2  5  2 305665    6.53532  -78.60043    13004 127.3  2  0  7 21 0 0 0 1 1 0 0 1 0 1 1 1 0 1
2014   2 28  2  5  3 623153    6.27491  -75.67764    14270 127.1  2  0  6 14 0 0 0 1 1 0 0 1 0 0 1 1 0 1
2014   2 28  2  5  4 382137  -28.22787 -133.67688    14983  12.0  0  0  5 10 0 0 1 1 1 0 0 1 0 0 1 0 0 0
2014   2 28  2  5  4 796385  -26.03649  -44.17678     3063  24.2  0  0  6 15 0 0 1 1 1 0 0 1 0 0 1 0 0 1
2014   2 28  2  5  4 820338   -7.66057  -73.63764     3071  15.1  0  0  7 21 0 0 0 1 1 0 0 1 0 1 1 1 0 1
2014   2 28  2  5  4 882326   -7.62618  -73.55342     2792  13.1  0  0  6 15 0 0 1 1 1 0 0 0 0 1 1 1 0 0
2014   2 28  2  5  4 924359   -7.64963  -73.64563     3075  15.3  0  0  7 21 0 0 0 1 1 0 0 1 0 1 1 1 0 1
2014   2 28  2  5  4 982256   -7.62564  -73.56332     3099  13.0  0  0  5 10 0 0 1 1 1 0 0 0 0 1 0 1 0 0
2014   2 28  2  5  5   4047  -24.17515  -45.77017     2980  24.5  0  0  6 15 0 0 1 1 1 0 0 1 0 0 1 0 0 1
2014   2 28  2  5  5 221603  -24.13369  -45.80952     3560  25.0  0  0  5  9 0 0 0 1 1 0 0 1 0 0 1 0 0 1
2014   2 28  2  5  5 382702  -24.17624  -45.74026     6363  15.4  0  0  4  6 0 0 1 1 0 0 0 0 0 0 1 0 0 1
2014   2 28  2  5  5 690402  -23.71926 -135.65338    12059  58.0  1  0  7 20 0 0 1 1 1 0 0 1 0 0 1 1 0 1
2014   2 28  2  5  5 707203  -26.25827  -44.19765     3564  23.2  0  0  5 10 0 0 0 1 1 0 0 1 0 1 1 0 0 0
2014   2 28  2  5  6 894622  -26.03558  -44.21411     3237  29.9  0  0  6 15 0 0 1 1 1 0 0 1 0 0 1 0 0 1
2014   2 28  2  5  7 176958  -25.95635  -44.28214     3168  26.1  0  0  6 15 0 0 0 1 1 0 0 1 0 1 1 0 0 1
2014   2 28  2  5  7 813669  -24.11723  -50.91552     3734  40.8  1  0  6 13 0 0 1 1 0 0 0 1 0 0 1 1 0 1
2014   2 28  2  5  8 875145  -26.20172  -44.29148     3496  36.6  0  0  6 15 0 0 1 1 1 0 0 1 0 0 1 0 0 1
2014   2 28  2  5  9 114039  -26.20928  -44.29842     3377  36.0  0  0  6 15 0 0 1 1 0 0 0 1 0 1 1 0 0 1
2014   2 28  2  5  9 532751  -24.04978 -140.27014    10159  33.5  0  0  6 15 0 0 1 1 0 0 0 1 0 0 1 1 0 1
2014   2 28  2  5  9 702022  -23.96584  -45.97774     4740  55.3  2  0  5 10 0 0 0 1 1 0 0 1 0 0 1 0 0 1
2014   2 28  2  5  9 823359    5.95063  -74.87079     6889  46.7  1  0  6 15 0 0 0 0 1 0 0 1 0 1 1 1 0 1
2014   2 28  2  5 10 189015  -25.97848  -44.33886     3597  40.7  1  0  6 15 0 0 1 1 1 0 0 1 0 0 1 0 0 1
2014   2 28  2  5 10 319132  -12.61891  -72.86865     7178  49.9  1  0  5 10 0 0 1 1 1 0 0 1 0 0 1 0 0 0
2014   2 28  2  5 10 484454   -5.05968  -53.49829     3428  51.7  1  0  7 20 0 0 1 0 1 0 0 1 0 1 1 1 0 1
2014   2 28  2  5 10 651134  -15.51406   21.34410    23768  44.4  1  0  5  7 0 0 1 1 1 0 0 0 0 0 1 1 0 0
2014   2 28  2  5 10 798140  -23.75052  -46.08831     2978  19.7  0  0  5 10 0 0 1 0 1 0 0 0 0 1 1 0 0 1
2014   2 28  2  5 10 866196   -5.02107  -53.54650     3667  41.6  1  0  5 10 0 0 0 1 0 0 0 1 0 0 1 1 0 1
2014   2 28  2  5 10 978240  -23.77619  -46.15432     4470  59.2  2  0  5 10 0 0 1 1 1 0 0 0 0 0 1 0 0 1
2014   2 28  2  5 11 351780  -22.69315  -48.89248     4871  63.5  2  0  5  8 0 0 1 0 1 0 0 1 0 1 1 0 0 0
2014   2 28  2  5 11 783940  -12.08153  169.81212    15912  63.0  2  0  6 15 0 0 1 0 1 0 0 1 0 0 1 1 0 1
2014   2 28  2  5 11 842738  -11.53851  168.27760    16599  68.6  2  0  6 15 0 0 1 1 1 0 0 1 0 0 1 1 0 0
2014   2 28  2  5 11 915109  -11.93471  169.83221    18077   6.1  0  0  4  6 0 0 1 1 0 0 0 0 0 0 1 1 0 0
2014   2 28  2  5 12 368330    2.25423  -67.50356     5459  66.3  2  0  6 15 0 0 0 1 0 0 0 1 0 1 1 1 0 1
2014   2 28  2  5 12 442811  -25.99907  -44.51826     3106  48.5  0  0  7 16 0 0 1 1 1 0 0 1 0 1 0 1 0 1
2014   2 28  2  5 12 462553  -25.98252  -44.46727     3978  42.4  1  0  6 13 0 0 1 1 1 0 0 1 0 0 1 0 0 1
2014   2 28  2  5 12 481691    2.30809  -67.34075     3677  59.2  1  0  7 20 0 0 1 1 1 0 0 1 0 0 1 1 1 0
2014   2 28  2  5 12 917716  -25.94740  -44.51500     3290  49.0  0  0  7 20 0 0 1 1 1 0 0 1 0 1 1 0 0 1
2014   2 28  2  5 13   2553  -25.92376  -44.54055     4310  56.0  1  0  6 14 0 0 1 1 1 0 0 1 0 0 1 0 0 1
2014   2 28  2  5 13 164553   -5.28078  -71.17197     4475  49.8  0  0  7 21 0 0 0 1 1 0 0 1 0 1 0 1 1 1
2014   2 28  2  5 13 251581  -13.05438  -56.78144     8670  58.6  2  0  5 10 0 0 1 1 1 0 0 0 0 1 1 0 0 0
2014   2 28  2  5 13 383798  -25.94803  -44.49385     4097  50.2  1  0  6 14 0 0 1 1 1 0 0 1 0 0 1 0 0 1
2014   2 28  2  5 13 618109  -26.13535  -44.44770     4288  50.3  1  0  6 13 0 0 1 1 1 0 0 1 0 0 1 0 0 1
2014   2 28  2  5 13 699354  -26.06517  -44.58611     3872  65.8  1  0  7 20 0 0 1 1 0 0 0 1 0 1 1 1 0 1
2014   2 28  2  5 13 749073  -25.93448  -44.53341     5363  50.4  2  0  5  8 0 0 1 1 1 0 0 0 0 0 1 0 0 1
2014   2 28  2  5 13 767616  -25.82656  -44.70002     4449  49.8  1  0  6 12 0 0 1 1 1 0 0 1 0 0 1 0 0 1
2014   2 28  2  5 13 799495  -26.14216  -44.53934     4299  50.0  1  0  6 12 0 0 1 1 0 0 0 1 0 1 1 0 0 1
2014   2 28  2  5 13 945386  -26.04381  -44.62386     5329  82.3  2  0  6 14 0 0 1 1 1 0 0 1 0 0 1 1 0 0
2014   2 28  2  5 13 982797    4.07813  -72.11399     6003  82.4  2  0  7 18 0 0 1 1 1 0 0 1 0 0 1 1 0 1
2014   2 28  2  5 14 272304    4.11233  -72.41805     8287  81.8  2  0  6 13 0 0 0 1 1 0 0 1 0 0 1 1 0 1
2014   2 28  2  5 14 772897  -17.56091  -50.84482     4202  72.6  2  0  6 15 0 0 1 1 1 0 0 1 0 0 1 0 0 1
2014   2 28  2  5 14 785457  -17.42146  -51.08126     3018   7.9  0  0  4  6 0 0 1 1 0 0 0 1 0 0 1 0 0 0
2014   2 28  2  5 15 421859   -3.05006  169.88667     9218  10.9  0  0  4  6 0 0 1 0 0 0 0 1 0 0 1 1 0 0
2014   2 28  2  5 15 515212  -33.03641  -42.37140     7030  84.4  2  0  6 15 0 0 1 1 1 0 0 1 0 0 1 0 0 1
2014   2 28  2  5 15 540274  -32.94177  -42.45887     6708 101.9  2  0  7 21 0 0 1 1 1 0 0 1 0 0 1 1 0 1
2014   2 28  2  5 16  65401  -26.08247  -44.59254     4569  64.7  2  0  6 15 0 0 1 1 1 0 0 1 0 0 1 0 0 1
2014   2 28  2  5 16 412447  -23.85678  -46.13802     4493 102.1  2  0  7 20 0 0 0 1 1 0 0 1 0 1 1 1 0 1
2014   2 28  2  5 17  50357  -24.12432  -46.01689     4053  91.8  2  0  7 21 0 0 1 1 1 0 0 1 0 1 1 0 0 1
2014   2 28  2  5 17 213264  -24.12449  -46.20915     4405  51.6  2  0  5 10 0 0 1 1 0 0 0 1 0 1 1 0 0 0
2014   2 28  2  5 17 323735   -4.64575  -74.24206     5741 101.0  2  0  7 21 0 0 1 0 1 0 0 1 0 1 1 1 0 1
2014   2 28  2  5 17 362620  -24.17677  -46.03249     4747  95.8  2  0  6 15 0 0 1 1 1 0 0 1 0 1 0 0 0 1
2014   2 28  2  5 17 426258  -24.15640  -45.95082     5168  96.3  2  0  6 15 0 0 1 1 1 0 0 1 0 0 1 0 0 1
2014   2 28  2  5 17 736335  -24.14322  -46.37768     3286   1.2  0  0  4  6 0 0 1 0 0 0 0 1 0 0 1 0 0 1
2014   2 28  2  5 18 234532  -25.83965  -44.62655     5712  74.1  2  0  6 15 0 0 1 0 1 0 0 1 0 1 1 0 0 1
2014   2 28  2  5 18 263569  -18.89603   65.33480    31101  67.8  2  0  5 10 0 0 1 0 1 0 0 1 0 0 1 0 0 1
2014   2 28  2  5 18 754553  -10.93751  166.67383    22485 103.8  2  0  6 15 0 0 0 1 1 0 0 1 0 0 1 1 0 1
2014   2 28  2  5 18 811741  -14.83745  173.25223   110408 117.1  2  0  6 15 0 0 1 1 1 0 0 1 0 0 1 0 0 1
2014   2 28  2  5 19 452365  -12.23855  -73.08659     6793 151.8  2  0  7 21 0 0 1 1 1 0 0 0 0 1 1 1 0 1
2014   2 28  2  5 19 547261  -25.77759  -44.92498    10430  62.6  2  0  5 10 0 0 0 1 1 0 0 1 0 1 0 0 0 1
2014   2 28  2  5 19 832448  -25.95019  -44.81001     4657  75.9  2  0  6 15 0 0 1 1 1 0 0 0 0 1 1 0 0 1
2014   2 28  2  5 19 851914  -26.06270  -44.76106     5292  77.2  2  0  6 14 0 0 1 1 1 0 0 1 0 0 1 0 0 1
2014   2 28  2  5 20 195947  -26.25591  -44.17380     4132  12.8  0  0  5  8 0 0 1 0 1 0 0 1 0 0 1 0 0 1
2014   2 28  2  5 20 239550  -26.11062  -44.17401     2520  13.9  0  0  7 21 0 0 1 1 1 0 0 1 0 1 1 0 0 1
2014   2 28  2  5 20 262593  -26.22786  -43.99877     4552  34.6  0  0  6 11 0 0 1 1 1 0 0 1 0 0 1 0 0 1
2014   2 28  2  5 20 457169    3.96237  -71.59021     3770   9.8  0  0  5  8 0 0 0 1 1 0 0 1 0 0 1 1 0 0
2014   2 28  2  5 20 610812  -12.84190  -51.83080     2599  15.1  0  0  6 15 0 0 1 1 1 0 0 1 0 1 0 0 0 1
2014   2 28  2  5 21  82985    9.30586  -73.91582     4763  13.8  0  0  5  8 0 0 0 1 1 0 0 1 0 0 1 1 0 0
2014   2 28  2  5 21 317006  -23.71978  -47.15083     2596  11.3  0  0  6 14 0 0 1 1 1 0 0 1 0 0 1 0 0 1
2014   2 28  2  5 21 326743  -23.70809  -47.14445     3013  11.7  0  0  5  7 0 0 0 1 1 0 0 1 0 0 1 0 0 1
2014   2 28  2  5 21 510157  -24.09473 -132.36191    16476  19.5  0  0  5 10 0 0 1 1 1 0 0 1 0 0 1 0 0 0
2014   2 28  2  5 21 802220   -7.48534  -73.68282     3014  24.0  0  0  6 14 0 0 1 1 0 0 0 1 0 1 1 1 0 0
2014   2 28  2  5 21 819180   -7.59516  -73.52201     4126  24.1  0  0  6 15 0 0 1 1 1 0 0 1 0 1 0 0 0 1
2014   2 28  2  5 21 984572   -4.37037  -74.98219     2959  25.4  0  0  7 21 0 0 1 1 1 0 0 1 0 1 0 1 0 1
2014   2 28  2  5 22 429514  -26.29608 -135.73766    18805   3.7  0  0  4  6 0 0 1 1 0 0 0 1 0 0 1 0 0 0
2014   2 28  2  5 22 571079  -25.93918  -44.30450     3030  19.9  0  0  6 14 0 0 1 1 1 0 0 1 0 0 1 0 0 1
2014   2 28  2  5 23 294008  -26.42278  -44.24052     6158  11.6  0  0  4  6 0 0 0 1 1 0 0 1 0 1 0 0 0 0
2014   2 28  2  5 23 483283  -26.32430  -44.12300     3969  12.5  0  0  4  6 0 0 1 1 0 0 0 1 0 0 1 0 0 0
2014   2 28  2  5 23 572331  -26.26050  -44.23814     3066  22.6  0  0  6 15 0 0 1 1 1 0 0 1 0 0 1 0 0 1
2014   2 28  2  5 23 620919  -26.17423  -44.32476     3336  18.8  0  0  5 10 0 0 0 1 1 0 0 1 0 1 1 0 0 0
2014   2 28  2  5 23 932985  -25.94330  -44.29650     3322  16.0  0  0  5 10 0 0 0 1 1 0 0 1 0 0 1 0 0 1
2014   2 28  2  5 24 233910    9.44047  -74.16400     5204  31.6  0  0  6 15 0 0 0 1 1 0 0 1 0 0 1 1 0 1
2014   2 28  2  5 24 324291  -26.08117  -44.25166     4611 104.8  2  0  7 16 0 0 1 1 1 0 0 1 0 0 1 1 0 1
2014   2 28  2  5 24 931846    5.96483  -75.69907     6272  41.4  1  0  6 15 0 0 0 0 1 0 0 1 0 1 1 1 0 1
2014   2 28  2  5 24 982134  -26.02836  -44.49401     3639  20.2  0  0  5  9 0 0 0 1 1 0 0 1 0 0 1 0 0 1
2014   2 28  2  5 25  89980  -26.21249  -44.24002     4299  16.7  0  0  4  6 0 0 1 1 0 0 0 1 0 0 1 0 0 0
2014   2 28  2  5 25 572416   -8.87305  -56.45570     4565  54.4  1  0  6 15 0 0 1 1 1 0 0 1 0 1 1 0 0 0
2014   2 28  2  5 25 685346   -8.84213  -56.46282     5821  44.6  1  0  5 10 0 0 0 1 1 0 0 1 0 0 1 0 0 1
2014   2 28  2  5 25 933543   -6.08003  -58.49638     3462  42.6  1  0  6 15 0 0 0 1 1 0 0 1 0 0 1 1 0 1
2014   2 28  2  5 27 551229  -25.02259 -137.13892    20771  80.4  2  0  6 15 0 0 1 1 1 0 0 1 0 0 1 1 0 0
2014   2 28  2  5 27 633097  -13.10691  -57.01389     5654  68.4  2  0  6 15 0 0 0 1 1 0 0 1 0 1 1 0 0 1
2014   2 28  2  5 27 944331  -12.98821  -57.04734     4535  68.1  2  0  6 15 0 0 0 1 1 0 0 1 0 0 1 1 0 1
2014   2 28  2  5 28 427090   -5.10816  -53.62690     3770  59.7  1  0  6 15 0 0 0 1 1 0 0 1 0 0 1 1 0 1
2014   2 28  2  5 28 500523  -25.87475  -44.48452     5612  44.3  1  0  5  8 0 0 1 1 1 0 0 0 0 0 1 0 0 1
2014   2 28  2  5 29 159643  -25.90252  -44.56841     3812  44.8  1  0  6 15 0 0 1 1 1 0 0 1 0 0 1 0 0 1
2014   2 28  2  5 29 178106  -25.90695  -44.57602     3799  44.3  1  0  6 15 0 0 1 1 1 0 0 1 0 0 1 0 0 1
2014   2 28  2  5 29 309591  -25.88631  -44.58095     4573  47.5  1  0  5 10 0 0 1 1 1 0 0 0 0 0 1 0 0 1
2014   2 28  2  5 29 755703  -26.11601  -44.49448     3984  46.0  1  0  6 14 0 0 1 1 1 0 0 1 0 0 1 0 0 1
2014   2 28  2  5 29 766229  -25.89209  -44.59473     3831  45.4  1  0  6 15 0 0 1 1 1 0 0 1 0 0 1 0 0 1
2014   2 28  2  5 29 958644  -14.35417  177.43318    18841  83.5  2  0  7 21 0 0 1 1 1 0 0 1 0 0 1 1 0 1
2014   2 28  2  5 30  19981  -14.59358  178.92197    17005  22.0  1  0  4  6 0 0 0 1 0 0 0 1 0 0 1 1 0 0
2014   2 28  2  5 30  98565  -14.12964  177.26752    12856  26.4  0  0  5  9 0 0 1 1 0 0 0 1 0 0 1 1 0 0
2014   2 28  2  5 30 393128   -5.30673  -73.48528     6130  59.3  2  0  5 10 0 0 1 0 1 0 0 0 0 1 1 1 0 0
2014   2 28  2  5 30 717753   -9.35823  -69.03370     5210  22.6  0  0  5  7 0 0 0 1 1 0 0 0 0 0 1 1 0 1
2014   2 28  2  5 30 860334  -28.32246   19.37205    21890  49.4  1  0  5 10 0 0 1 0 1 0 0 1 0 0 1 0 0 1
2014   2 28  2  5 31 363270  -24.20596  -46.05017     3411  31.1  0  0  6 12 0 0 1 1 1 0 0 1 0 0 1 0 0 1
2014   2 28  2  5 31 522846    5.09686  -73.78667    12263  99.1  2  0  7 19 0 0 1 1 1 0 0 1 0 1 1 0 0 1
2014   2 28  2  5 31 947098  -22.54399  -49.02307     3581  16.2  0  0  4  6 0 0 1 1 0 0 0 1 0 0 1 0 0 0
2014   2 28  2  5 32   2523  -25.56187  -44.88980     3631  55.2  1  0  7 21 0 0 0 1 1 0 0 1 0 1 1 1 0 1
2014   2 28  2  5 32 213994  -22.54897  -49.02061     3615  16.9  0  0  4  6 0 0 1 1 0 0 0 1 0 0 1 0 0 0
2014   2 28  2  5 32 445624  -25.90936  -44.71357     4131  34.2  1  0  5  9 0 0 0 1 1 0 0 1 0 0 1 0 0 1
2014   2 28  2  5 32 477339    0.30280  -72.64075     8084  94.4  2  0  6 15 0 0 0 1 1 0 0 1 0 0 1 1 0 1
2014   2 28  2  5 32 595357  -25.84647  -44.69510     3945  56.5  1  0  6 15 0 0 1 1 1 0 0 1 0 1 1 0 0 0
2014   2 28  2  5 32 682852  -25.85439  -44.60788     4321  58.8  1  0  6 15 0 0 1 1 1 0 0 1 0 0 1 0 0 1
2014   2 28  2  5 32 748638  -25.86615  -44.63485     5183  54.6  2  0  5  9 0 0 1 1 1 0 0 0 0 0 1 0 0 1
2014   2 28  2  5 32 840088  -25.84520  -44.61707     5093  65.2  1  0  7 16 0 0 1 0 1 0 0 1 0 1 1 1 0 1
2014   2 28  2  5 32 897409  -25.84641  -44.63192     4597  61.2  2  0  6 14 0 0 1 1 1 0 0 1 0 0 1 0 0 1
2014   2 28  2  5 34 264556  -22.89497  -48.48568     4630 138.5  2  0  7 20 0 0 1 1 1 0 0 1 0 1 1 0 0 1
2014   2 28  2  5 34 299578  -22.89890  -48.48670     5339 147.1  2  0  7 17 0 0 1 1 1 0 0 1 0 1 1 0 0 1
2014   2 28  2  5 34 599590    9.96448  -74.46811     8647 118.8  2  0  7 20 0 0 1 1 1 0 0 1 0 0 1 1 0 1
2014   2 28  2  5 34 920728  -12.82608   -2.38863    24144  87.1  2  0  6 11 0 0 1 1 1 0 0 0 0 0 1 1 0 1
2014   2 28  2  5 35  33233  -26.03305  -44.73211     6137  76.1  2  0  5 10 0 0 1 1 1 0 0 0 0 0 1 0 0 1
2014   2 28  2  5 35  48446  -19.53917  -49.08063     5331 105.6  2  0  6 11 0 0 0 1 1 0 0 1 0 1 1 1 0 0
2014   2 28  2  5 36  44451  -12.20847  -57.27245     2714   7.0  0  0  6 15 0 0 0 1 1 0 0 1 0 1 1 0 0 1
2014   2 28  2  5 36 672430  -22.13913 -141.20329    28012   8.3  0  0  6 15 0 0 1 1 1 0 0 0 0 1 1 0 0 1
2014   2 28  2  5 36 723620  -24.07369 -137.60222    19132  18.6  0  0  5  9 0 0 1 1 1 0 0 1 0 0 1 0 0 0
2014   2 28  2  5 36 826691  -26.26238  -44.10959     2819  14.2  0  0  6 14 0 0 1 1 1 0 0 1 0 0 1 0 0 1
2014   2 28  2  5 37  88920  -26.25804  -44.15735     3689  16.7  0  0  5  8 0 0 0 1 1 0 0 1 0 0 1 0 0 1
2014   2 28  2  5 37 411880    9.09585  -74.13817     4772   6.2  0  0  4  6 0 0 0 1 0 0 0 1 0 0 1 1 0 0
2014   2 28  2  5 37 818244    4.03824  -71.77210     3303  13.6  0  0  6 15 0 0 0 1 1 0 0 1 0 0 1 1 0 1
2014   2 28  2  5 37 923771  -25.99126  -44.22620     3334  17.1  0  0  5 10 0 0 0 1 1 0 0 1 0 0 1 0 0 1
2014   2 28  2  5 37 957685  -26.02304  -44.20901     2539  16.7  0  0  7 21 0 0 1 1 1 0 0 1 0 1 1 0 0 1
2014   2 28  2  5 38  72462  -26.02029  -44.22443     3145  11.4  0  0  5  8 0 0 1 1 1 0 0 0 0 0 1 0 0 1
2014   2 28  2  5 38  81047  -26.02960  -44.20333     3012  11.8  0  0  5  9 0 0 1 1 1 0 0 0 0 0 1 0 0 1
2014   2 28  2  5 38  88475  -26.23039  -44.19429     2799  13.9  0  0  6 14 0 0 1 1 1 0 0 1 0 0 1 0 0 1
2014   2 28  2  5 39  74801    2.88528  -66.84445     3103  24.3  0  0  7 21 0 0 0 1 1 0 0 1 0 1 1 1 0 1
2014   2 28  2  5 39 120964    2.87508  -66.80433     3559  25.3  0  0  6 15 0 0 0 0 1 0 0 1 0 1 1 1 0 1
2014   2 28  2  5 39 128628    2.91896  -66.85123     4411  25.3  0  0  5  7 0 0 0 1 1 0 0 1 0 0 1 1 0 0
2014   2 28  2  5 39 283653  -22.28649  -48.79488     3439  23.2  0  0  5  7 0 0 1 1 1 0 0 1 0 0 0 0 0 1
2014   2 28  2  5 39 382891  -21.38247  -49.45252     3296  56.7  1  0  7 16 0 0 1 1 1 0 0 1 0 1 1 0 0 1
2014   2 28  2  5 39 651194  -24.04589  -45.83667     3754  33.4  1  0  5 10 0 0 0 1 1 0 0 1 0 0 1 0 0 1
2014   2 28  2  5 39 915762  -25.97154  -44.24752     4790  24.6  0  0  5  9 0 0 1 0 1 0 0 1 0 0 1 0 0 1
2014   2 28  2  5 39 986274  -25.95056  -44.29979     3020  24.0  0  0  6 15 0 0 1 1 1 0 0 1 0 0 1 0 0 1
2014   2 28  2  5 40  75527  -25.94436  -44.28548     3038  24.7  0  0  6 15 0 0 1 1 1 0 0 1 0 0 1 0 0 1
2014   2 28  2  5 40 302791  -25.89224  -44.30932     3945  22.5  0  0  5  8 0 0 0 1 1 0 0 1 0 0 1 0 0 1
2014   2 28  2  5 40 600646  -25.93725  -44.35635     2726  21.9  0  0  7 17 0 0 1 1 1 0 0 1 0 1 0 1 0 1
2014   2 28  2  5 40 622549  -26.14465  -44.34346     3559  22.7  0  0  5 10 0 0 0 1 1 0 0 1 0 0 1 0 0 1
2014   2 28  2  5 40 801257  -25.94777  -44.35929     2693  18.7  0  0  6 15 0 0 1 1 1 0 0 1 0 1 0 0 0 1
2014   2 28  2  5 40 950692  -25.92893  -44.32289     3138  27.6  0  0  6 15 0 0 1 1 1 0 0 1 0 0 1 0 0 1
2014   2 28  2  5 41   8014  -25.91984  -44.33833     3818  24.8  0  0  5  8 0 0 1 1 1 0 0 0 0 0 1 0 0 1
2014   2 28  2  5 41  49994  -25.72024  -44.46175     3557  24.5  0  0  5 10 0 0 0 1 1 0 0 1 0 0 1 0 0 1
2014   2 28  2  5 41 170148  -25.71487 -134.35114    29964  39.4  1  0  5 10 0 0 1 1 1 0 0 1 0 0 1 0 0 0
2014   2 28  2  5 41 179367  -13.66378  158.02917    10252  33.3  1  0  5 10 0 0 1 1 0 0 0 1 0 0 1 1 0 0
2014   2 28  2  5 41 561614   -6.81043  -58.62073     3436  40.8  1  0  6 15 0 0 0 1 1 0 0 1 0 0 1 1 0 1
2014   2 28  2  5 41 569083   -6.80509  -58.62589     3896  42.9  1  0  5 10 0 0 0 1 1 0 0 1 0 0 1 1 0 0
2014   2 28  2  5 41 830644    0.69331  -71.70136     4507  16.1  0  0  4  6 0 0 0 1 0 0 0 1 0 0 1 1 0 0
2014   2 28  2  5 41 838555    8.80833  -72.56326     9180  47.0  0  0  7 18 0 0 1 1 1 0 0 1 0 1 1 0 0 1
2014   2 28  2  5 42  71228  -25.76042  -44.44856     3699  30.4  1  0  5 10 0 0 1 1 1 0 0 0 0 0 1 0 0 1
2014   2 28  2  5 42 539254  -25.75452  -44.56042     3415  35.9  0  0  6 15 0 0 1 1 1 0 0 1 0 0 1 0 0 1
2014   2 28  2  5 42 565581  -22.47968 -136.41525    12704  14.8  0  0  4  6 0 0 1 1 0 0 0 0 0 0 1 1 0 0
2014   2 28  2  5 42 669720  -26.17163  -44.23313     5764  38.8  1  0  5 10 0 0 1 0 1 0 0 1 0 0 1 0 0 1
2014   2 28  2  5 42 883501  -26.69432   48.35532    19476  50.3  1  0  6 15 0 0 1 1 1 0 0 1 0 0 1 0 0 1
2014   2 28  2  5 43 179345   -7.84422  -76.52851     4353  46.8  1  0  6 15 0 0 1 0 1 0 0 1 0 0 1 1 0 1
2014   2 28  2  5 43 421768  -26.14719  -44.41203     3611  33.2  0  0  6 13 0 0 1 1 1 0 0 1 0 0 1 0 0 1
2014   2 28  2  5 43 662429  -24.27229  -45.69735     3129  48.8  0  0  7 21 0 0 1 1 1 0 0 1 0 1 1 0 0 1
2014   2 28  2  5 43 697052    7.88672  -78.54450    25126  19.5  0  0  5 10 0 0 0 1 1 0 0 1 0 1 0 0 0 1
2014   2 28  2  5 44 310293  -17.51961  -50.97297     3526  60.7  2  0  6 15 0 0 0 1 1 0 0 1 0 1 1 0 0 1
2014   2 28  2  5 44 319433  -17.44779  -51.03514     3396  70.8  2  0  7 20 0 0 0 1 1 0 0 1 0 1 1 1 0 1
2014   2 28  2  5 44 349838  -17.51783  -50.87005     4909  61.1  2  0  5 10 0 0 0 1 1 0 0 1 0 0 1 0 0 1
2014   2 28  2  5 44 381027  -13.28240  159.14366    15379  59.5  2  0  5 10 0 0 0 1 1 0 0 1 0 0 1 1 0 0
2014   2 28  2  5 44 939248  -25.91281  -44.49023     3813  46.2  1  0  6 15 0 0 1 1 1 0 0 1 0 0 1 0 0 1
2014   2 28  2  5 44 956453  -25.92600  -44.49424     4349  39.1  1  0  5  9 0 0 1 1 1 0 0 0 0 0 1 0 0 1
2014   2 28  2  5 45  59170  -15.84533  -49.88747     3920  60.9  2  0  6 15 0 0 1 1 1 0 0 1 0 0 1 0 0 1
2014   2 28  2  5 45  75615  -15.85124  -49.93448     5138  65.2  2  0  5 10 0 0 0 1 1 0 0 1 0 0 1 0 0 1
2014   2 28  2  5 45 140217  -15.87049  -49.87903     5171  62.3  2  0  5  9 0 0 0 1 1 0 0 1 0 0 1 0 0 1
2014   2 28  2  5 45 231737  -26.11625  -44.46453     3928  48.1  1  0  6 15 0 0 1 1 1 0 0 1 0 0 1 0 0 1
2014   2 28  2  5 45 447931  -13.82417  160.71758    38539   6.8  0  0  4  6 0 0 1 1 0 0 0 0 0 0 1 1 0 0
2014   2 28  2  5 45 843112  -21.72414   60.75768    56137  65.3  2  0  5 10 0 0 1 1 1 0 0 0 0 0 1 0 0 1
2014   2 28  2  5 45 991171  -23.79304 -119.84273    11528  76.8  2  0  7 21 0 0 1 1 1 0 0 1 0 0 1 1 0 1
2014   2 28  2  5 46  23058  -23.82123 -119.28761    12637  62.0  2  0  6 15 0 0 1 0 1 0 0 1 0 0 1 1 0 1
2014   2 28  2  5 46 394674    6.28089  -74.82534     9444 103.7  2  0  6 14 0 0 1 1 0 0 0 0 0 1 1 1 0 1
2014   2 28  2  5 46 542250  -24.97397 -136.56143    22896  77.9  2  0  6 14 0 0 1 1 1 0 0 1 0 0 1 1 0 0
2014   2 28  2  5 47 199181  -11.79432  169.09273    19461  86.3  2  0  6 15 0 0 1 1 1 0 0 1 0 0 1 1 0 0
2014   2 28  2  5 47 403683    7.62924  -88.32662     7528  40.7  1  0  5 10 0 0 1 0 1 0 0 0 0 0 1 1 0 1
2014   2 28  2  5 47 831868  -25.86111  -44.56774     4227  57.3  1  0  6 15 0 0 1 1 1 0 0 1 0 0 1 0 0 1
2014   2 28  2  5 47 974892  -19.70260  -50.69091     4326  82.4  2  0  6 15 0 0 1 1 1 0 0 1 0 0 1 0 0 1
2014   2 28  2  5 48 137120  -13.47583  -53.17603     4043  94.2  2  0  7 21 0 0 0 1 1 0 0 1 0 1 1 1 0 1
2014   2 28  2  5 48 245595  -26.05010  -44.60466     4451  61.5  2  0  6 15 0 0 1 1 1 0 0 1 0 0 1 0 0 1
2014   2 28  2  5 48 819008   -7.54940  -73.51038     5190  92.8  2  0  7 21 0 0 1 0 1 0 0 1 0 1 1 1 0 1
2014   2 28  2  5 48 959895   -5.76330    5.19485    29180  87.6  2  0  6 15 0 0 1 1 1 0 0 1 0 0 1 0 0 1
2014   2 28  2  5 49 160787    5.47387  -76.43819    12239  96.9  2  0  6 13 0 0 1 0 1 0 0 1 0 1 0 1 0 1
2014   2 28  2  5 49 375016  -25.72940  -44.81906     5392  50.9  2  0  5  7 0 0 0 1 1 0 0 1 0 0 1 0 0 1
2014   2 28  2  5 49 402895    2.02284  -17.50381    44701  56.8  2  0  5 10 0 0 1 0 1 0 0 1 0 0 1 0 0 1
2014   2 28  2  5 49 454484  -25.58475  -44.90580     3762  47.2  1  0  6 15 0 0 0 1 1 0 0 1 0 1 1 0 0 1
2014   2 28  2  5 49 523548  -25.81483  -44.69919     4453  63.6  2  0  6 15 0 0 1 1 1 0 0 1 0 0 1 0 0 1
2014   2 28  2  5 49 885101    4.32217  -72.44167    11717 111.5  2  0  6 13 0 0 0 1 1 0 0 1 0 0 1 1 0 1
2014   2 28  2  5 50 382375  -16.55077 -140.41493    27159 120.1  2  0  6 15 0 0 1 1 1 0 0 1 0 0 1 1 0 0
2014   2 28  2  5 50 704256    4.11050  -72.67381    10882 115.7  2  0  6 14 0 0 0 1 1 0 0 1 0 0 1 1 0 1
2014   2 28  2  5 50 969676   -8.97140  -18.27106    17760  74.8  2  0  6 14 0 0 1 1 1 0 0 0 0 0 1 0 1 1
2014   2 28  2  5 51 251839  -26.04000  -44.72777     4989  70.5  2  0  6 14 0 0 1 1 1 0 0 1 0 0 1 0 0 1
2014   2 28  2  5 51 324790    8.38064   59.69372    18042 112.2  2  0  6 15 0 0 1 0 1 0 0 0 0 1 1 1 0 1
2014   2 28  2  6  8  10577  -12.39762  -57.87299     3075   4.8  0  0  5  9 0 0 0 0 1 0 0 1 0 1 0 1 0 1
2014   2 28  2  6  8 142532  -12.30682  -57.35264     2667  13.2  0  0  6 13 0 0 1 1 0 0 0 1 0 1 0 1 0 1
2014   2 28  2  6 10 745743   -2.40863  -71.58453     3472  24.7  0  0  5 10 0 0 1 1 0 0 0 1 0 0 0 1 0 1
2014   2 28  2  6 10 897666  -24.01642  -46.78097     4704  44.3  1  0  5  9 0 0 1 1 1 0 0 1 0 0 0 0 0 1
2014   2 28  2  6 10 904920  -24.03705  -46.77959     4757  45.1  1  0  5  9 0 0 1 1 1 0 0 1 0 0 0 0 0 1
2014   2 28  2  6 11 104326  -23.21701  -47.14957     3531  50.4  1  0  6 14 0 0 1 1 0 0 0 1 0 1 0 1 0 1
2014   2 28  2  6 11 115978  -23.30774  -47.00403     3163  30.0  1  0  5 10 0 0 1 1 1 0 0 1 0 0 0 0 0 1
2014   2 28  2  6 12 482077  -25.99170  -44.37536     3351  25.7  0  0  5 10 0 0 1 1 1 0 0 1 0 0 0 0 0 1
2014   2 28  2  6 12 591186  -26.19916  -44.37724     3371  25.5  0  0  5 10 0 0 1 1 1 0 0 1 0 0 0 0 0 1
2014   2 28  2  6 12 947344  -26.20809  -44.39281     3846  27.9  0  0  5  8 0 0 1 1 1 0 0 1 0 0 0 0 0 1
2014   2 28  2  6 12 954202  -26.00219  -44.37350     3563  16.4  0  0  4  6 0 0 1 1 0 0 0 1 0 1 0 0 0 0
2014   2 28  2  6 13 156135  -22.90449 -140.82803    21950  50.6  2  0  5  9 0 0 1 1 1 0 0 1 0 0 0 1 0 0
2014   2 28  2  6 13 209034  -25.97597  -44.38787     2796  23.2  0  0  6 15 0 0 1 1 1 0 0 1 0 1 0 0 0 1
2014   2 28  2  6 15 564704    6.21587  -74.88754     7453  84.1  2  0  7 19 0 0 1 1 1 0 0 1 0 1 0 1 0 1
2014   2 28  2  6 15 809515  -17.00971 -138.50278    20458  74.1  2  0  6 14 0 0 1 1 1 0 0 1 0 0 0 1 0 1
2014   2 28  2  6 16   4411    4.17996  -72.67543    10946  57.9  2  0  5  8 0 0 0 1 1 0 0 1 0 0 0 1 0 1
2014   2 28  2  6 16 179856  -26.14558  -44.51473     3864  26.4  0  0  5  8 0 0 1 1 1 0 0 1 0 0 0 0 0 1
2014   2 28  2  6 16 230022  -26.13721  -44.53211     4046  29.6  0  0  5  8 0 0 1 1 1 0 0 1 0 0 0 0 0 1
2014   2 28  2  6 16 308554  -26.16226  -44.55489     3601  17.1  0  0  4  6 0 0 1 1 0 0 0 1 0 1 0 0 0 0
2014   2 28  2  6 16 358000  -26.13457  -44.54982     3171  28.4  0  0  6 12 0 0 1 1 1 0 0 1 0 1 0 0 0 1
2014   2 28  2  6 16 412418  -26.13232  -44.55619     3057  27.0  0  0  6 14 0 0 1 1 1 0 0 1 0 1 0 0 0 1
2014   2 28  2  6 16 478522  -26.15636  -44.56708     3604  17.2  0  0  4  6 0 0 1 1 0 0 0 1 0 1 0 0 0 0
2014   2 28  2  6 16 527402  -26.13123  -44.57717     3027  24.4  0  0  6 13 0 0 1 1 1 0 0 1 0 1 0 0 0 1
2014   2 28  2  6 16 668475  -26.05656  -44.61004     5424  65.0  2  0  6 11 0 0 1 1 1 0 0 1 0 0 0 1 0 1
2014   2 28  2  6 18 189370   -4.55759  -74.40009     8249  82.4  2  0  6 15 0 0 0 1 1 0 0 1 0 0 0 1 1 1
2014   2 28  2  6 19 616471   -5.65816  -77.08123    14123  80.0  2  0  5 10 0 0 0 1 1 0 0 1 0 0 0 1 0 1
2014   2 28  2  6 20 122877  -13.21902  157.91803     7767   4.2  0  0  4  6 0 0 1 1 0 0 0 1 0 0 0 1 0 0
2014   2 28  2  6 21 761985  -26.06067  -44.81498     4863  46.4  1  0  5  9 0 0 1 1 1 0 0 1 0 0 0 0 0 1
2014   2 28  2  6 21 790835  -12.98577  157.88300     9554  17.2  0  0  4  6 0 0 1 1 0 0 0 1 0 0 0 1 0 0
2014   2 28  2  6 22 321493  -24.70463  -45.90204     3349  15.4  0  0  5  7 0 0 1 0 1 0 0 1 0 1 0 0 0 1
2014   2 28  2  6 24 387629  -24.10094  -45.76736     2988  17.4  0  0  5 10 0 0 1 1 1 0 0 1 0 0 0 0 0 1
2014   2 28  2  6 24 448530  -24.08018  -45.79061     2909   3.6  0  0  4  6 0 0 1 1 1 0 0 0 0 1 0 0 0 0
2014   2 28  2  6 25 677446    4.01061   -8.80370    20937  19.3  0  0  5  7 0 0 1 1 1 0 0 1 0 0 0 0 0 1
2014   2 28  2  6 26 298953  -26.02411  -44.25625     3093  17.4  0  0  5 10 0 0 1 1 1 0 0 1 0 0 0 0 0 1
2014   2 28  2  6 28 426833  -12.42373  -72.92741     5208  57.2  2  0  5 10 0 0 1 1 1 0 0 0 0 1 0 1 0 0
2014   2 28  2  6 28 633434  -12.41606  -73.05062     4874  51.9  2  0  5 10 0 0 1 1 1 0 0 1 0 0 0 1 0 0
2014   2 28  2  6 29 648978    0.06101  -64.55000     4248  39.2  1  0  5 10 0 0 0 1 0 0 0 1 0 1 0 1 1 0
2014   2 28  2  6 29 764164    0.70475  -65.57201    16213  25.3  1  0  4  6 0 0 0 1 1 0 0 1 0 1 0 0 0 0
2014   2 28  2  6 29 854910    0.03242  -64.65025     6444  43.6  1  0  5  8 0 0 0 1 1 0 0 1 0 1 0 1 0 0
2014   2 28  2  6 30 216856  -19.45091  -51.29745     2894  45.5  0  0  7 21 0 0 0 1 1 0 0 1 0 1 0 1 1 1
2014   2 28  2  6 30 237738  -19.43465  -51.12410     3861  39.5  1  0  5  9 0 0 1 1 1 0 0 1 0 0 0 0 0 1
2014   2 28  2  6 30 650498  -25.17035 -117.17442    31418  71.1  2  0  6 12 0 0 1 1 1 0 0 1 0 0 0 0 1 1
2014   2 28  2  6 30 662900   30.96962 -135.27194    12805  54.1  1  0  7 21 0 0 1 0 1 0 0 1 0 1 0 1 1 1
2014   2 28  2  6 31 259403  -24.25758 -119.62584    12729  67.2  2  0  6 15 0 0 1 1 1 0 0 1 0 0 0 1 0 1
2014   2 28  2  6 31 288664   -5.64010  -74.96855     5394  50.9  2  0  5 10 0 0 1 0 1 0 0 1 0 0 0 1 0 1
2014   2 28  2  6 32 173949   -4.50476  -74.06249     5709  86.5  2  0  6 15 0 0 1 1 0 0 0 1 0 1 0 1 0 1
2014   2 28  2  6 34 559350  -25.95557  -44.63787     3703  16.1  0  0  4  6 0 0 1 1 1 0 0 1 0 0 0 0 0 0
2014   2 28  2  6 34 593082  -26.10367  -44.63252     6151  13.4  0  0  4  6 0 0 0 1 1 0 0 1 0 1 0 0 0 0
2014   2 28  2  6 35 993309    0.01947  -72.47519     6289 118.6  2  0  7 21 0 0 1 1 1 0 0 1 0 1 0 1 0 1
2014   2 28  2  6 37 114244  -11.16976  -75.84592     6036 124.3  2  0  7 21 0 0 1 1 1 0 0 1 0 0 0 1 1 1
2014   2 28  2  6 37 580609  -25.79159  -44.92377     4277  46.7  1  0  6 12 0 0 1 1 0 0 0 0 0 1 0 1 1 1
2014   2 28  2  6 37 634981  -25.89153  -44.79808     3351  44.2  1  0  6 15 0 0 1 1 1 0 0 1 0 1 0 0 0 1
2014   2 28  2  6 37 748325  -25.92103  -44.81672     3812  21.1  1  0  4  6 0 0 1 1 0 0 0 1 0 1 0 0 0 0
2014   2 28  2  6 37 806225  -25.91057  -44.81666     4486  37.9  1  0  5  8 0 0 1 1 1 0 0 1 0 0 0 0 0 1
2014   2 28  2  6 40  20151  -26.28340  -44.06159     3306  11.0  0  0  4  6 0 0 1 1 0 0 0 1 0 1 0 0 0 0
2014   2 28  2  6 40  61883  -26.26393  -44.09583     3474  14.1  0  0  5  7 0 0 1 1 1 0 0 1 0 0 0 0 0 1
2014   2 28  2  6 40 128929  -26.26446  -44.14060     3482   7.5  0  0  5  7 0 0 1 0 1 0 0 1 0 1 0 0 0 1
2014   2 28  2  6 40 552273  -26.24761  -44.11379     2972  10.8  0  0  5  8 0 0 1 1 1 0 0 0 0 1 0 0 0 1
2014   2 28  2  6 40 582374  -26.25042  -44.14160     3457  17.8  0  0  5  8 0 0 1 1 1 0 0 1 0 0 0 0 0 1
2014   2 28  2  6 40 700787  -26.24900  -44.14904     3434  17.4  0  0  5  8 0 0 1 1 1 0 0 1 0 0 0 0 0 1
2014   2 28  2  6 40 889849  -13.75906  158.17178    14406  56.9  2  0  5 10 0 0 1 1 1 0 0 1 0 0 0 1 0 0
2014   2 28  2  6 41 247933  -15.71750  -49.84175     2726  12.6  0  0  5 10 0 0 1 1 1 0 0 1 0 0 0 0 0 1
2014   2 28  2  6 41 298285  -26.03646  -44.20011     2594  22.1  0  0  7 20 0 0 1 1 1 0 0 1 0 1 0 1 0 1
2014   2 28  2  6 41 711622   -7.66711  -73.86021     5338  13.8  0  0  4  6 0 0 0 1 1 0 0 1 0 0 0 1 0 0
2014   2 28  2  6 43 279660  -26.01418  -44.28708     3752  17.5  0  0  4  6 0 0 1 1 1 0 0 1 0 0 0 0 0 0
2014   2 28  2  6 43 316196  -22.68652  -48.94113     3846  67.4  2  0  6 14 0 0 1 1 1 0 0 1 0 1 0 0 0 1
2014   2 28  2  6 43 484671  -22.75684  -48.75235     3771  30.0  1  0  5  7 0 0 1 1 1 0 0 1 0 0 0 0 0 1
2014   2 28  2  6 43 571561  -22.67958  -48.96647     3977  61.6  2  0  6 12 0 0 1 1 1 0 0 1 0 1 0 0 0 1
2014   2 28  2  6 43 762985  -24.09101  -45.85956     3660  34.1  1  0  5  9 0 0 1 1 1 0 0 1 0 0 0 0 0 1
2014   2 28  2  6 43 972512    7.91159  -73.52099     7097  45.5  1  0  5  8 0 0 1 1 0 0 0 0 0 1 0 1 0 1
2014   2 28  2  6 44 501710  -24.12445  -45.83132     3710  37.2  1  0  5 10 0 0 1 1 1 0 0 1 0 0 0 0 0 1
2014   2 28  2  6 44 987126  -22.22375  -48.97476     3914  64.8  2  0  6 13 0 0 1 1 1 0 0 1 0 1 0 0 0 1
2014   2 28  2  6 45 577693  -28.07643 -136.49686    17684  83.8  2  0  7 21 0 0 1 1 1 0 0 1 0 1 0 1 0 1
2014   2 28  2  6 45 617005  -28.04041 -135.15216    14070  50.4  1  0  6 15 0 0 1 1 1 0 0 0 0 1 0 1 0 1
2014   2 28  2  6 45 653782  -28.08651 -136.62138    20819  76.8  2  0  6 14 0 0 1 1 1 0 0 1 0 0 0 1 0 1
2014   2 28  2  6 45 707633  -26.02343  -44.41348     6034  17.3  0  0  5  8 0 0 0 1 1 0 0 1 0 1 0 0 0 1
2014   2 28  2  6 45 765034  -25.96591  -44.42916     3394  13.5  0  0  4  6 0 0 1 1 0 0 0 1 0 1 0 0 0 0
2014   2 28  2  6 45 937311  -25.93465  -44.45377     3385  23.2  0  0  5  9 0 0 1 1 1 0 0 1 0 0 0 0 0 1
2014   2 28  2  6 46 974995  -26.03588  -44.53360     2918  36.4  0  0  7 20 0 0 1 1 1 0 0 1 0 1 0 1 0 1
2014   2 28  2  6 47 179206   -4.28207  -63.47237     4088  10.8  0  0  4  6 0 0 0 1 0 0 0 0 0 1 0 1 0 1
2014   2 28  2  6 47 590273  -23.20955 -141.29556    11035  11.9  0  0  4  6 0 0 1 1 0 0 0 1 0 0 0 1 0 0
2014   2 28  2  6 48 544543    6.32648  -75.85564    11328  49.4  1  0  5 10 0 0 0 1 1 0 0 1 0 0 0 1 0 1
2014   2 28  2  6 48 665533  -25.94626  -44.56906     3520  30.0  0  0  5 10 0 0 1 1 1 0 0 1 0 0 0 0 0 1
2014   2 28  2  6 48 732838  -25.92001  -44.58961     3629  30.1  1  0  5  8 0 0 1 1 1 0 0 1 0 0 0 0 0 1
2014   2 28  2  6 49 103245    8.18301  -82.05567    38603  20.7  1  0  4  6 0 0 0 1 0 0 0 1 0 1 0 0 0 1
2014   2 28  2  6 49 329358  -23.14935  -47.43235     3532  20.2  1  0  4  6 0 0 1 1 0 0 0 1 0 1 0 0 0 0
2014   2 28  2  6 51 170764  -26.11999  -44.68521     3876  47.1  1  0  5  7 0 0 1 1 0 0 0 1 0 1 0 1 0 0
2014   2 28  2  6 51 189134  -26.09138  -44.66094     5009  38.1  1  0  5  9 0 0 1 0 1 0 0 1 0 1 0 0 0 1
2014   2 28  2  6 51 197388  -26.11187  -44.67500     3922  37.2  1  0  5  9 0 0 1 1 1 0 0 1 0 0 0 0 0 1
2014   2 28  2  6 51 271305  -26.03182  -44.69516     7617  38.8  1  0  5 10 0 0 0 1 1 0 0 1 0 1 0 0 0 1
2014   2 28  2  6 52  48721    6.36766  -76.37611    15546  70.9  2  0  5 10 0 0 0 1 1 0 0 1 0 0 0 1 0 1
2014   2 28  2  6 53 790981  -26.10837  -44.79470     4369  46.4  1  0  5  9 0 0 1 1 1 0 0 1 0 0 0 0 0 1
2014   2 28  2  6 55 562209  -11.31250  168.05682    28445 133.9  2  0  6 15 0 0 1 1 1 0 0 1 0 0 0 1 0 1
2014   2 28  2  6 56 277890  -26.02370  -44.20018     3467  20.1  0  0  5 10 0 0 0 1 1 0 0 1 0 0 1 0 0 1
2014   2 28  2  6 56 295295   -4.81941  -74.49690     4830   6.6  0  0  4  6 0 0 0 1 0 0 0 1 0 0 0 1 0 1
2014   2 28  2  6 56 305321   -4.79538  -74.46405     3012   7.7  0  0  6 15 0 0 0 1 1 0 0 1 0 0 1 1 0 1
2014   2 28  2  6 56 560749  -26.22632  -44.12553     3515  14.2  0  0  5  7 0 0 1 1 1 0 0 1 0 0 0 0 0 1
2014   2 28  2  6 56 584981  -26.21608  -44.15088     2989  20.1  0  0  6 13 0 0 1 1 1 0 0 1 0 0 1 0 0 1
2014   2 28  2  6 56 631018  -26.03885  -44.15443     3234  18.4  0  0  5 10 0 0 1 1 1 0 0 1 0 0 1 0 0 0
2014   2 28  2  6 57 147655  -19.24917   64.87433    12429   7.1  0  0  5 10 0 0 1 1 1 0 0 0 0 0 1 0 0 1
2014   2 28  2  6 57 705300   -5.28374  -53.53381     2615  15.0  0  0  6 15 0 0 0 1 1 0 0 1 0 0 1 1 0 1
2014   2 28  2  6 57 721210   -5.57459  -42.05325     3163  14.6  0  0  6 15 0 0 1 1 1 0 0 1 0 0 1 0 0 1
2014   2 28  2  6 57 999922   -5.57039  -73.68926     4652  18.2  0  0  5 10 0 0 0 1 1 0 0 0 0 0 1 1 0 1
2014   2 28  2  6 58  65228  -22.62416  -48.78335     2660  14.7  0  0  6 12 0 0 1 1 1 0 0 1 0 0 1 0 0 1
2014   2 28  2  6 58 139144  -22.45051  -49.13332     3457  63.4  1  0  7 20 0 0 1 1 1 0 0 1 0 1 1 1 0 0
2014   2 28  2  6 58 193444  -22.59080  -48.82903     2836  14.6  0  0  5  9 0 0 1 1 1 0 0 1 0 0 1 0 0 0
2014   2 28  2  6 58 226643  -22.60417  -48.81654     2832  14.3  0  0  5  9 0 0 1 1 1 0 0 1 0 0 1 0 0 0
2014   2 28  2  6 58 265672  -22.57594  -48.95106     3136  63.7  1  0  7 20 0 0 1 1 1 0 0 1 0 1 1 0 0 1
2014   2 28  2  6 58 500004  -23.03131  -48.10149     2952  32.3  0  0  6 15 0 0 1 1 0 0 0 1 0 1 1 0 0 1
2014   2 28  2  6 58 536643  -26.01691 -133.24141    18738  21.1  0  0  5  9 0 0 1 1 1 0 0 1 0 0 0 0 0 1
2014   2 28  2  6 58 665390  -25.69709 -134.25711    19166   6.7  0  0  4  6 0 0 1 1 0 0 0 1 0 0 1 0 0 0
2014   2 28  2  6 58 721574  -26.23739  -44.23995     2694  13.6  0  0  6 14 0 0 1 1 1 0 0 1 0 1 1 0 0 0
2014   2 28  2  6 58 757448  -26.21442  -44.22433     2961  22.9  0  0  6 15 0 0 1 1 1 0 0 1 0 0 1 0 0 1
2014   2 28  2  6 58 984015  -20.56049 -141.16132    14285  62.6  1  0  7 21 0 0 1 1 1 0 0 1 0 0 1 1 0 1
2014   2 28  2  6 58 984580    3.44913  -69.75375     3722  22.5  0  0  6 14 0 0 0 1 1 0 0 1 0 0 1 1 0 1
2014   2 28  2  6 59  95909    3.50663  -72.14165     3891  24.3  0  0  6 15 0 0 0 1 1 0 0 1 0 0 1 1 0 1
2014   2 28  2  6 59 174463   -5.73015  -59.03000     2904  23.5  0  0  6 15 0 0 0 1 1 0 0 1 0 0 1 1 0 1
2014   2 28  2  6 59 442419  -12.33739  -57.19484     3553  31.2  0  0  6 14 0 0 0 0 1 0 0 1 0 1 1 1 0 1
2014   2 28  2  6 59 562885  -26.01744  -44.31003     3010  25.1  0  0  6 15 0 0 1 1 1 0 0 1 0 0 1 0 0 1
2014   2 28  2  6 59 703758  -26.01648  -44.30997     3414  21.8  0  0  5 10 0 0 1 1 1 0 0 1 0 0 1 0 0 0
2014   2 28  2  6 59 833693  -26.00178  -44.35886     3428  24.9  0  0  6 15 0 0 1 0 1 0 0 1 0 1 1 0 0 1
2014   2 28  2  6 59 841763  -26.01627  -44.31747     2960  24.5  0  0  6 15 0 0 1 1 1 0 0 1 0 0 1 0 0 1
2014   2 28  2  6 59 869901  -26.01416  -44.31829     3428  22.1  0  0  5 10 0 0 1 1 1 0 0 1 0 0 1 0 0 0
2014   2 28  2  7  0 581209  -17.46362  -50.94062     2761  38.7  0  0  7 21 0 0 0 0 1 0 0 1 0 1 1 1 1 1
2014   2 28  2  7  0 628389  -17.42942  -50.90052     3021  48.1  0  0  7 21 0 0 1 1 1 0 0 1 0 0 1 1 0 1
2014   2 28  2  7  0 769044  -17.50415  -50.81652     2987  30.3  0  0  6 15 0 0 1 1 1 0 0 1 0 0 1 0 0 1
2014   2 28  2  7  0 791591  -32.95779  -42.58666     4678  32.7  1  0  5 10 0 0 1 1 1 0 0 0 0 0 1 0 0 1
2014   2 28  2  7  1  90618    6.19644  -74.97258     5562  39.4  0  0  6 15 0 0 0 1 1 0 0 1 0 0 1 1 0 1
2014   2 28  2  7  1 216644    6.37419  -75.11739     5062  52.1  1  0  7 19 0 0 1 1 1 0 0 1 0 1 1 1 0 0
2014   2 28  2  7  2  58082  -23.46738 -140.72598    17067  76.9  2  0  7 19 0 0 1 1 1 0 0 1 0 0 1 1 0 1
2014   2 28  2  7  2 193990  -25.93618  -44.40615     3273  33.2  0  0  6 15 0 0 1 1 1 0 0 1 0 0 1 0 0 1
2014   2 28  2  7  2 240599  -25.86591  -44.45930     3923  32.0  1  0  5 10 0 0 0 1 1 0 0 1 0 0 1 0 0 1
2014   2 28  2  7  2 381247  -25.92826  -44.42609     3321  30.2  0  0  6 14 0 0 1 1 1 0 0 1 0 0 1 0 0 1
2014   2 28  2  7  2 533998  -25.93496  -44.41641     3281  33.4  0  0  6 15 0 0 1 1 1 0 0 1 0 0 1 0 0 1
2014   2 28  2  7  2 683280  -25.94308  -44.45764     3344  35.3  0  0  6 15 0 0 1 1 1 0 0 1 0 0 1 0 0 1
2014   2 28  2  7  2 713204  -25.94028  -44.46267     3331  35.0  0  0  6 15 0 0 1 1 1 0 0 1 0 0 1 0 0 1
2014   2 28  2  7  3  80048  -25.77581  -44.52563     4004  34.5  1  0  5 10 0 0 0 1 1 0 0 1 0 0 1 0 0 1
2014   2 28  2  7  3 559825  -16.93279 -138.59305    14479  59.7  1  0  6 15 0 0 1 1 1 0 0 1 0 0 1 1 0 0
2014   2 28  2  7  3 568055  -18.69587 -134.92220    34186  52.4  2  0  5 10 0 0 1 1 1 0 0 1 0 0 1 0 0 0
2014   2 28  2  7  3 586306  -16.90791 -139.30009    20266  84.4  2  0  6 15 0 0 1 1 1 0 0 1 0 0 1 1 0 0
2014   2 28  2  7  3 870633  -26.11898  -44.47674     3530  36.2  0  0  6 14 0 0 1 1 1 0 0 1 0 0 1 0 0 1
2014   2 28  2  7  4 461200  -15.92806 -177.34032    12811  37.0  0  0  6 15 0 0 1 0 1 0 0 0 0 1 1 1 0 1
2014   2 28  2  7  4 621848  -14.43920  177.64917    20645  72.4  2  0  6 15 0 0 1 1 0 0 0 1 0 0 1 1 0 1
2014   2 28  2  7  6 178333  -23.18972 -141.34700    16496  23.7  1  0  4  6 0 0 1 0 0 0 0 1 0 0 1 1 0 0
2014   2 28  2  7  6 245484  -10.91479  -74.06986     3119  10.5  0  0  5  8 0 0 1 1 0 0 0 1 0 0 1 1 0 0
2014   2 28  2  7  6 280297  -25.80313  -44.62981     4555  31.9  1  0  5  8 0 0 0 1 1 0 0 1 0 0 1 0 0 1
2014   2 28  2  7  6 359482  -11.52228  -73.01849     6708  93.9  2  0  7 21 0 0 1 1 1 0 0 1 0 1 1 0 0 1
2014   2 28  2  7  6 560854  -26.21671  -44.37477     4804  21.7  1  0  4  6 0 0 1 1 0 0 0 1 0 0 1 0 0 0
2014   2 28  2  7  6 603403  -25.99481  -44.64135     4523  44.0  1  0  5 10 0 0 0 1 1 0 0 1 0 0 1 0 0 1
2014   2 28  2  7  7   6907  -25.98982  -44.66651     3671  46.4  1  0  6 15 0 0 1 1 1 0 0 0 0 1 1 0 0 1
2014   2 28  2  7  7 646205    6.40781  -75.61897     9395  99.4  2  0  7 21 0 0 0 1 1 0 0 1 0 1 1 1 0 1
2014   2 28  2  7  8 159826  -23.39911  -46.90761     4063  74.1  2  0  6 14 0 0 1 1 1 0 0 1 0 0 1 0 0 1
2014   2 28  2  7  8 193101  -25.69139  -44.81387     5315  42.8  1  0  5  8 0 0 0 1 0 0 0 1 0 1 1 0 0 1
2014   2 28  2  7  8 252783  -25.82426  -44.73571     4676  74.7  2  0  6 15 0 0 1 1 1 0 0 1 0 0 1 1 0 0
2014   2 28  2  7  8 339647  -25.91093  -44.73357     3271  22.2  0  0  5  9 0 0 1 1 1 0 0 1 0 1 0 0 0 0
2014   2 28  2  7  8 601422  -25.83112  -44.68560     3501  56.9  1  0  7 20 0 0 1 1 1 0 0 1 0 1 1 0 0 1
2014   2 28  2  7  9 516221  -25.82177  -44.85238     3960  43.4  1  0  6 14 0 0 0 1 1 0 0 1 0 1 1 0 0 1
2014   2 28  2  7  9 824730  -25.86724  -44.80304     4988  54.0  2  0  5 10 0 0 0 1 1 0 0 1 0 0 1 0 0 1
2014   2 28  2  7  9 940493   -5.81536    5.02121    37405 101.1  2  0  6 14 0 0 1 1 1 0 0 1 0 0 1 0 0 1
2014   2 28  2  7 10 101210  -26.04604  -44.68619     4694  63.6  2  0  6 14 0 0 1 1 1 0 0 1 0 0 1 0 0 1
2014   2 28  2  7 10 111474  -26.04071  -44.68806     5172  69.7  2  0  6 14 0 0 1 1 1 0 0 1 0 0 1 0 0 1
2014   2 28  2  7 10 747432  -25.60849  -44.87651     5151  46.2  1  0  5  9 0 0 0 1 1 0 0 1 0 0 1 0 0 1
2014   2 28  2  7 11  19858  -25.79957  -44.86168     5256  59.6  2  0  5 10 0 0 0 1 1 0 0 1 0 0 1 0 0 1
2014   2 28  2  7 11 398822  -23.73315  -46.31812     4623 122.9  2  0  7 21 0 0 1 1 1 0 0 1 0 1 1 0 0 1
2014   2 28  2  7 11 979527  -26.28976 -137.00592    38003 135.0  2  0  6 15 0 0 1 1 1 0 0 0 0 0 1 1 0 1
2014   2 28  2  7 12  53218  -26.95482 -136.22572     9761  13.5  0  0  6 15 0 0 0 1 1 0 0 1 0 0 1 1 0 1
2014   2 28  2  7 12 410369  -28.42478 -132.49815    11588  14.2  0  0  6 15 0 0 1 1 1 0 0 1 0 0 1 0 0 1
2014   2 28  2  7 12 463555    7.87007  -73.70385     5522  13.9  0  0  5  8 0 0 0 1 1 0 0 1 0 0 1 1 0 0
2014   2 28  2  7 12 515958  -13.71662  157.84796     9815  45.4  1  0  6 15 0 0 1 1 1 0 0 1 0 0 1 1 0 0
2014   2 28  2  7 12 590605  -12.87637  -56.93585     2432  14.9  0  0  7 21 0 0 1 1 1 0 0 1 0 0 1 1 0 1
2014   2 28  2  7 12 885226  -13.14151  -56.65418     5013  79.6  2  0  6 14 0 0 1 0 1 0 0 1 0 0 1 1 0 1
2014   2 28  2  7 12 894364  -12.99548  -56.89742     2577  15.1  0  0  7 20 0 0 0 1 1 0 0 1 0 1 1 1 0 1
2014   2 28  2  7 13  63794    6.11770  -74.71014     3661  11.7  0  0  6 14 0 0 0 1 1 0 0 1 0 0 1 1 0 1
2014   2 28  2  7 13 248986  -13.65172  157.60579     8732  27.0  0  0  5 10 0 0 0 1 1 0 0 1 0 0 1 1 0 0
2014   2 28  2  7 13 334347  -24.40789  -45.57983     3361  14.4  0  0  5 10 0 0 1 1 0 0 0 1 0 0 1 0 0 1
2014   2 28  2  7 14 214288  -20.98275  -53.63079     2865   6.7  0  0  4  6 0 0 1 1 0 0 0 0 0 1 1 0 0 0
2014   2 28  2  7 14 238616  -21.01820  -53.58731     2494  21.7  0  0  7 19 0 0 1 1 1 0 0 1 0 1 1 0 0 1
2014   2 28  2  7 14 514029  -26.02305  -44.24154     3580  22.2  0  0  5 10 0 0 0 1 1 0 0 1 0 0 1 0 0 1
2014   2 28  2  7 14 604620  -26.05355  -44.21176     3005  23.3  0  0  6 15 0 0 1 1 1 0 0 1 0 0 1 0 0 1
2014   2 28  2  7 14 616416  -26.05976  -44.22008     3130  22.2  0  0  6 13 0 0 1 1 1 0 0 1 0 0 1 0 0 1
2014   2 28  2  7 14 628685  -21.09496  -53.41204     2562  14.3  0  0  6 15 0 0 1 1 1 0 0 1 0 0 1 0 0 1
2014   2 28  2  7 14 804464    5.96351  -75.70708     4260  19.2  0  0  6 14 0 0 0 1 1 0 0 1 0 0 1 1 0 1
2014   2 28  2  7 14 836010  -21.35795  -53.33777     3455  26.7  0  0  5  8 0 0 1 1 1 0 0 0 0 1 0 0 0 1
2014   2 28  2  7 14 966032    6.08708  -75.70267     7356  37.4  0  0  6 11 0 0 1 1 1 0 0 0 0 0 1 1 0 1
2014   2 28  2  7 14 992188    5.94804  -75.71967     5645  23.2  0  0  5  7 0 0 0 1 1 0 0 1 0 0 1 1 0 0
2014   2 28  2  7 15  76286  -17.41279  -51.46857     2392  15.5  0  0  7 21 0 0 1 1 1 0 0 1 0 1 1 0 0 1
2014   2 28  2  7 15 129740  -17.33262  -51.50951     2515  23.3  0  0  7 21 0 0 1 1 1 0 0 0 0 1 1 1 0 1
2014   2 28  2  7 15 214479  -17.35739  -51.52854     2599  26.9  0  0  7 20 0 0 1 1 0 0 0 1 0 1 1 1 0 1
2014   2 28  2  7 15 288553  -17.49678  -51.38758     3235  10.1  0  0  5 10 0 0 1 1 1 0 0 0 0 0 1 0 0 1
2014   2 28  2  7 15 297128    0.45184  -72.20588     3027  17.0  0  0  6 14 0 0 1 1 0 0 0 1 0 0 1 1 0 1
2014   2 28  2  7 15 352902    0.11597  -71.88839     5259  25.3  0  0  6 14 0 0 1 1 1 0 0 1 0 1 1 0 0 0
2014   2 28  2  7 15 430654  -24.01560  -46.72252     2879  37.3  0  0  7 21 0 0 1 1 1 0 0 1 0 1 1 0 0 1
2014   2 28  2  7 15 447777    5.89812  -74.96709     4565  24.2  0  0  6 13 0 0 0 1 1 0 0 1 0 0 1 1 0 1
2014   2 28  2  7 15 531428    0.41758  -72.31740     3672  23.1  0  0  6 15 0 0 0 1 1 0 0 1 0 0 1 1 0 1
2014   2 28  2  7 15 555560  -24.03638  -46.67655     4975  42.9  1  0  5  9 0 0 0 1 1 0 0 1 0 0 1 0 0 1
2014   2 28  2  7 15 782771    5.90623  -74.97208     4675  18.4  0  0  5  9 0 0 0 1 0 0 0 1 0 0 1 1 0 1
2014   2 28  2  7 16 243462  -26.24450  -44.29171     3482  30.6  0  0  6 13 0 0 1 1 1 0 0 1 0 0 1 0 0 1
2014   2 28  2  7 16 610429  -20.75013   70.56148    26389  30.0  1  0  5 10 0 0 1 1 1 0 0 0 0 0 1 0 0 1
2014   2 28  2  7 16 853438  -26.03576  -44.37583     3388  25.5  0  0  5 10 0 0 1 1 1 0 0 1 0 0 0 0 0 1
2014   2 28  2  7 16 885417  -25.99870  -44.34256     3450  24.1  0  0  5 10 0 0 1 1 1 0 0 0 0 0 1 0 0 1
2014   2 28  2  7 16 901445  -26.03905  -44.32549     3753  28.7  0  0  5 10 0 0 1 1 1 0 0 1 0 0 1 0 0 0
2014   2 28  2  7 17 121498  -26.02553  -44.33397     3310  32.3  0  0  6 15 0 0 1 1 1 0 0 1 0 0 1 0 0 1
2014   2 28  2  7 17 132892  -12.88767  -51.83540     3688  34.5  1  0  5 10 0 0 1 1 1 0 0 1 0 0 1 0 0 0
2014   2 28  2  7 17 167656  -12.83314  -51.88534     3238  45.9  0  0  7 21 0 0 1 0 1 0 0 1 0 1 1 1 0 1
2014   2 28  2  7 17 190870  -12.89360  -51.85868     3973  34.8  1  0  5 10 0 0 0 1 1 0 0 1 0 0 1 0 0 1
2014   2 28  2  7 17 511086  -25.93304  -44.46571     3814  22.7  0  0  5  9 0 0 0 1 1 0 0 1 0 0 1 0 0 1
2014   2 28  2  7 17 676439  -25.97669  -44.43737     3840  27.9  0  0  5  9 0 0 1 1 1 0 0 0 0 0 1 0 0 1
2014   2 28  2  7 17 700169    0.54163  -72.29294     4678  40.4  1  0  6 15 0 0 0 1 1 0 0 1 0 0 1 1 0 1
2014   2 28  2  7 17 730929    0.55365  -72.30524     5410  41.8  1  0  5 10 0 0 0 1 1 0 0 1 0 0 1 1 0 0
2014   2 28  2  7 17 765776    0.60549  -72.28095     4218  12.3  0  0  4  6 0 0 0 1 0 0 0 1 0 0 1 1 0 0
2014   2 28  2  7 18 171391   -2.76905   -4.13000    53880  32.0  1  0  5 10 0 0 1 1 1 0 0 0 0 0 1 0 0 1
2014   2 28  2  7 18 454957  -20.25742  -51.26106     2995  37.0  0  0  6 13 0 0 1 1 0 0 0 1 0 1 0 1 0 1
2014   2 28  2  7 18 760266   -5.70597  -42.47648     5424  40.6  1  0  5 10 0 0 0 1 1 0 0 1 0 0 1 0 0 1
2014   2 28  2  7 18 771418   -5.43695  -42.47518     3312  39.0  0  0  7 21 0 0 1 1 1 0 0 0 0 1 1 1 0 1
2014   2 28  2  7 18 849693   -5.64618  -42.40644     5878  30.8  1  0  4  6 0 0 0 1 0 0 0 1 0 0 1 0 0 1
2014   2 28  2  7 19  50034  -21.08970 -173.31746    48897  52.7  1  0  6 15 0 0 1 1 1 0 0 1 0 0 1 0 0 1
2014   2 28  2  7 19 127467  -42.33530  -67.70751    34342  37.7  1  0  5 10 0 0 1 1 1 0 0 0 0 0 1 0 0 1
2014   2 28  2  7 19 154740  -19.38209 -176.26808    12803  40.7  1  0  6 15 0 0 1 1 0 0 0 1 0 0 1 1 0 1
2014   2 28  2  7 19 161577  -26.08664  -44.45860     3986  31.6  1  0  5 10 0 0 0 1 1 0 0 1 0 0 1 0 0 1
2014   2 28  2  7 20  17522   -5.45122    5.74306    19455  48.0  1  0  6 13 0 0 1 1 1 0 0 1 0 0 1 0 0 1
2014   2 28  2  7 20  52549   -7.38202    2.48951    51972  44.3  1  0  5 10 0 0 1 1 1 0 0 0 0 0 1 0 0 1
2014   2 28  2  7 20 291052  -25.94727  -44.49653     3324  37.6  0  0  6 15 0 0 1 1 1 0 0 1 0 1 1 0 0 0
2014   2 28  2  7 20 354120  -26.02542  -44.55433     4145  35.5  1  0  5 10 0 0 0 1 1 0 0 1 0 0 1 0 0 1
2014   2 28  2  7 20 404472  -26.00601  -44.57214     3328  32.4  0  0  6 15 0 0 0 1 1 0 0 1 0 1 1 0 0 1
2014   2 28  2  7 20 686544  -25.93270  -44.50718     4679  39.5  1  0  5  8 0 0 1 1 1 0 0 0 0 0 1 0 0 1
2014   2 28  2  7 20 969531  -25.90294  -44.48821     4330  43.2  1  0  5 10 0 0 1 1 1 0 0 0 0 0 1 0 0 1
2014   2 28  2  7 22 493470  -13.44374  178.22928    13664  31.7  1  0  5 10 0 0 1 1 0 0 0 1 0 0 1 1 0 0
2014   2 28  2  7 22 805636  -26.15705  -44.53214     4270  56.8  1  0  6 15 0 0 1 1 1 0 0 1 0 0 1 0 0 1
2014   2 28  2  7 23  45827  -13.49790  160.44746    10164  17.8  0  0  4  6 0 0 0 1 0 0 0 1 0 0 1 1 0 0
2014   2 28  2  7 23  75482  -10.62943  -76.67331     6222  31.1  1  0  5  9 0 0 0 0 0 0 0 1 0 1 0 1 1 1
2014   2 28  2  7 23 332474  -12.98112  158.74947    15822  88.9  2  0  6 15 0 0 1 1 1 0 0 1 0 0 0 1 0 1
2014   2 28  2  7 23 653674  -26.08234  -44.58668     4275  48.7  1  0  6 13 0 0 1 1 1 0 0 1 0 0 1 0 0 1
2014   2 28  2  7 24  11279   -5.14098  -74.15274    11455 104.4  2  0  6 15 0 0 1 1 0 0 0 1 0 1 1 0 0 1
2014   2 28  2  7 24  42173   -4.62027  -75.25838     8581  94.6  2  0  6 15 0 0 0 1 1 0 0 1 0 0 1 1 0 1
2014   2 28  2  7 24 340205  -15.76501  -50.01245     3848  86.7  2  0  7 20 0 0 1 1 1 0 0 1 0 1 1 0 0 1
2014   2 28  2  7 25 401657  -23.89030  -46.30794     3677  35.1  1  0  5 10 0 0 0 1 1 0 0 1 0 1 1 0 0 0
2014   2 28  2  7 25 568100  -25.71393  -44.78543     4836  49.4  1  0  5  9 0 0 0 1 1 0 0 1 0 0 1 0 0 1
2014   2 28  2  7 25 593270   -5.22351  -41.81465     3457  81.6  2  0  7 21 0 0 1 1 1 0 0 0 0 0 1 1 1 1
2014   2 28  2  7 25 660841  -25.86235  -44.66741     4555  66.4  2  0  6 15 0 0 1 1 1 0 0 1 0 0 1 0 0 1
2014   2 28  2  7 27 170710  -25.84705  -44.85984     5205  41.4  1  0  5  8 0 0 0 1 1 0 0 1 0 0 1 0 0 1
2014   2 28  2  7 27 347405   28.47943  162.75349    44328  31.9  1  0  5  9 0 0 0 1 1 0 0 1 0 0 0 1 0 1
2014   2 28  2  7 27 567234  -11.45346  -42.33850     5824  69.8  2  0  5  7 0 0 0 1 1 0 0 1 0 0 1 0 0 1
2014   2 28  2  7 27 687803  -25.80965  -44.75130     4912  76.0  2  0  6 15 0 0 1 1 1 0 0 1 0 0 1 0 0 1
2014   2 28  2  7 28  58304  -26.05682  -44.12114     2997  10.7  0  0  5  9 0 0 1 1 1 0 0 0 0 0 1 0 0 1
2014   2 28  2  7 28  93713  -23.51892  -47.27530     2623   8.4  0  0  5 10 0 0 1 1 1 0 0 1 0 0 1 0 0 0
2014   2 28  2  7 28 185279  -26.12107  -44.10592     3008  14.4  0  0  5 10 0 0 1 1 0 0 0 1 0 1 1 0 0 0
2014   2 28  2  7 28 218031   -9.92890   19.08827    33501  15.5  0  0  4  6 0 0 1 1 0 0 0 0 0 0 1 0 0 1
2014   2 28  2  7 28 293827  -26.09501  -44.13094     3734  22.5  0  0  5 10 0 0 0 1 1 0 0 1 0 0 1 0 0 1
2014   2 28  2  7 28 395714  -26.28212  -44.09741     2977  18.8  0  0  6 15 0 0 1 1 1 0 0 1 0 0 1 0 0 1
2014   2 28  2  7 28 532119  -24.28611  -45.61798     3029   6.8  0  0  5 10 0 0 1 1 0 0 0 1 0 0 1 0 0 1
2014   2 28  2  7 28 541465  -24.22561  -45.72176     3471  20.2  0  0  5  8 0 0 1 1 1 0 0 1 0 0 0 0 0 1
2014   2 28  2  7 28 563791  -24.17774  -45.73255     2679   4.8  0  0  5 10 0 0 1 1 1 0 0 0 0 0 1 0 0 1
2014   2 28  2  7 29 456851  -24.36980  -46.65736     3034   7.5  0  0  5  8 0 0 1 1 1 0 0 0 0 0 1 0 0 1
2014   2 28  2  7 29 472376  -24.41500  -46.60368     3134  23.4  0  0  6 14 0 0 1 1 1 0 0 1 0 0 1 0 0 1
2014   2 28  2  7 29 490285  -24.41278  -46.63199     4595  26.6  1  0  4  6 0 0 1 1 1 0 0 1 0 0 0 0 0 0
2014   2 28  2  7 29 514278  -24.46374  -46.56240     2604  20.2  0  0  7 21 0 0 1 1 1 0 0 1 0 1 1 0 0 1
2014   2 28  2  7 29 541870  -24.41783  -46.59259     3715  26.7  0  0  5 10 0 0 0 1 1 0 0 1 0 0 1 0 0 1
2014   2 28  2  7 29 577306   -4.25108  -53.16438     3534  16.1  0  0  5  7 0 0 0 1 1 0 0 1 0 0 1 1 0 0
2014   2 28  2  7 29 633561    6.21526  -77.45161     5057  10.1  0  0  5  8 0 0 0 1 0 0 0 1 0 0 1 1 0 1
2014   2 28  2  7 29 656383    6.36373  -75.08173     4460  21.7  0  0  6 15 0 0 0 1 1 0 0 1 0 0 1 1 0 1
2014   2 28  2  7 29 827581  -26.25650  -44.17520     2805  40.1  0  0  7 21 0 0 1 1 1 0 0 1 0 1 1 0 0 1
2014   2 28  2  7 30  76859  -26.26417  -44.15319     2939  14.7  0  0  6 13 0 0 1 1 1 0 0 1 0 0 1 0 0 1
2014   2 28  2  7 30 103230  -26.25601  -44.18932     3500  20.7  0  0  5  9 0 0 1 1 1 0 0 1 0 0 0 0 0 1
2014   2 28  2  7 30 200928  -19.77973  -50.89832     2369  14.2  0  0  7 19 0 0 1 1 1 0 0 1 0 1 1 0 0 1
2014   2 28  2  7 30 737696  -26.37534  -44.06802     3441   2.9  0  0  4  6 0 0 1 1 0 0 0 1 0 0 1 0 0 0
2014   2 28  2  7 30 982527    7.16196  -76.24287     5268  10.1  0  0  5  8 0 0 0 1 0 0 0 1 0 0 1 1 0 1
2014   2 28  2  7 31  14146    7.13755  -76.10048     5035  26.9  0  0  7 16 0 0 1 1 1 0 0 1 0 0 1 1 0 1
2014   2 28  2  7 31  91629  -26.12448  -44.28482     3055  12.5  0  0  5  9 0 0 1 1 1 0 0 0 0 0 1 0 0 1
2014   2 28  2  7 31 105948   -7.52077  -73.66907     3072  29.4  0  0  7 21 0 0 1 0 1 0 0 1 0 1 0 1 1 1
2014   2 28  2  7 31 163939  -17.43138  -50.93496     2592  30.6  0  0  7 21 0 0 0 1 1 0 0 1 0 1 1 1 0 1
2014   2 28  2  7 31 180449  -26.15281  -44.20528     2869  16.3  0  0  6 13 0 0 1 1 0 0 0 1 0 1 1 0 0 1
2014   2 28  2  7 31 195594  -17.48115  -50.86504     2810  15.0  0  0  5 10 0 0 0 1 1 0 0 1 0 0 1 0 0 1
2014   2 28  2  7 31 206058  -17.46751  -50.86406     2532  13.9  0  0  6 15 0 0 1 1 1 0 0 1 0 0 1 0 0 1
2014   2 28  2  7 31 216437  -17.48218  -50.84057     3034  14.7  0  0  5  9 0 0 1 1 1 0 0 1 0 0 1 0 0 0
2014   2 28  2  7 31 253192  -17.47525  -50.86767     2869  16.2  0  0  5 10 0 0 0 1 1 0 0 1 0 0 1 0 0 1
2014   2 28  2  7 31 521598  -24.11300  -45.82846     3694  30.9  1  0  5 10 0 0 0 1 1 0 0 1 0 0 1 0 0 1
2014   2 28  2  7 31 590576  -24.10390  -45.82724     2997  18.5  0  0  5 10 0 0 1 1 0 0 0 0 0 1 1 0 0 1
2014   2 28  2  7 31 741945  -24.14255  -45.85283     2995  16.4  0  0  5 10 0 0 1 1 0 0 0 1 0 1 1 0 0 0
2014   2 28  2  7 31 790088  -24.11781  -45.87107     3965  36.0  1  0  5  8 0 0 1 1 1 0 0 1 0 0 0 0 0 1
2014   2 28  2  7 31 887337  -26.26604  -44.23824     3110  24.4  0  0  6 15 0 0 1 1 1 0 0 1 0 0 1 0 0 1
2014   2 28  2  7 31 931049  -23.32742  -47.10493     2697  35.7  0  0  7 21 0 0 1 1 1 0 0 1 0 1 1 0 0 1
2014   2 28  2  7 32 889019   -5.67697  -42.23215     4428  27.1  0  0  5 10 0 0 0 1 1 0 0 1 0 0 1 0 0 1
2014   2 28  2  7 33  85575  -13.15677  -51.83303     3120  28.1  0  0  6 15 0 0 0 1 1 0 0 1 0 0 1 0 1 1
2014   2 28  2  7 33 188776    6.20970  -74.62418     7439  61.7  2  0  6 15 0 0 0 1 1 0 0 1 0 0 1 1 0 1
2014   2 28  2  7 33 333624  -23.49143 -140.07339    17491  40.3  1  0  5 10 0 0 1 1 1 0 0 0 0 0 1 1 0 0
2014   2 28  2  7 33 602345  -23.53505 -140.17499    18429  42.8  1  0  5 10 0 0 1 1 1 0 0 0 0 0 1 1 0 0
2014   2 28  2  7 34  65193  -23.98590  -45.88247     4207  41.8  1  0  5 10 0 0 1 0 1 0 0 1 0 0 1 0 0 1
2014   2 28  2  7 34 483238  -26.24750  -44.34901     3367  31.5  0  0  6 15 0 0 1 1 1 0 0 1 0 0 1 0 0 1
2014   2 28  2  7 34 607697  -25.90384  -44.44415     4125  30.0  1  0  5  9 0 0 0 1 1 0 0 1 0 0 1 0 0 1
2014   2 28  2  7 34 767207  -25.96844  -44.40055     4363  29.4  0  0  5  7 0 0 1 1 1 0 0 1 0 0 1 0 0 0
2014   2 28  2  7 34 844534  -25.96592  -44.39533     3449  35.6  0  0  6 15 0 0 1 1 1 0 0 1 0 0 1 0 0 1
2014   2 28  2  7 35 557839  -13.96526  179.00800    23809  63.8  2  0  5 10 0 0 1 1 0 0 0 1 0 0 0 1 0 1
2014   2 28  2  7 35 581409  -13.87440  178.92793    16467  37.6  1  0  5 10 0 0 1 1 0 0 0 1 0 0 1 1 0 0
2014   2 28  2  7 35 606069  -14.08259  179.16441    17560  70.9  2  0  7 21 0 0 1 1 1 0 0 1 0 0 1 1 0 1
2014   2 28  2  7 35 714041  -12.90194  -51.89766     5992  56.4  1  0  6 11 0 0 1 1 1 0 0 0 0 0 1 1 0 1
2014   2 28  2  7 36  47003  -26.05395  -44.48266     4424  27.8  0  0  5  8 0 0 0 1 1 0 0 1 0 0 1 0 0 1
2014   2 28  2  7 36 921104  -23.85708  -50.95470     3095  48.4  1  0  6 11 0 0 1 1 1 0 0 1 0 0 1 0 0 1
2014   2 28  2  7 37 127990  -26.16906  -44.43929     3827  45.0  1  0  6 15 0 0 1 1 1 0 0 1 0 0 1 0 0 1
2014   2 28  2  7 37 206886  -23.88698 -120.83740    10896  72.9  2  0  7 21 0 0 1 1 0 0 0 1 0 1 1 1 0 1
2014   2 28  2  7 37 248905  -23.78672 -119.58747    20444  79.2  2  0  5 10 0 0 1 1 1 0 0 0 0 0 0 1 0 1
2014   2 28  2  7 37 390192  -13.43204  -52.98114     3673  77.1  2  0  7 21 0 0 1 1 1 0 0 1 0 0 1 1 0 1
2014   2 28  2  7 37 407558  -25.93183  -44.49071     4313  39.5  1  0  5  9 0 0 1 1 1 0 0 0 0 0 1 0 0 1
2014   2 28  2  7 37 506892  -25.74842  -44.63210     3395  46.3  0  0  7 21 0 0 0 1 1 0 0 1 0 1 1 1 0 1
2014   2 28  2  7 38  86463  -25.89340  -44.61183     4342  59.4  1  0  7 19 0 0 1 0 1 0 0 1 0 1 1 1 0 1
2014   2 28  2  7 38 205972  -26.02776  -44.53767     6331  37.2  1  0  5  7 0 0 1 1 0 0 0 1 0 0 1 0 0 1
2014   2 28  2  7 38 289002  -25.87552  -44.71649     3867  61.4  1  0  7 19 0 0 1 1 1 0 0 1 0 0 1 1 0 1
2014   2 28  2  7 38 687310  -25.95485  -44.64350     4619  46.2  1  0  5 10 0 0 1 1 1 0 0 1 0 0 1 0 0 0
2014   2 28  2  7 38 903766  -25.84534  -44.63992     4482  46.1  1  0  5 10 0 0 1 1 0 0 0 1 0 1 1 0 0 0
2014   2 28  2  7 39  20268  -25.91714  -44.66454     4312  55.5  1  0  6 14 0 0 1 1 1 0 0 1 0 0 1 0 0 1
2014   2 28  2  7 39  38139  -25.68589  -44.73173     4588  32.1  1  0  5  8 0 0 0 1 1 0 0 1 0 0 1 0 0 1
2014   2 28  2  7 39 234256  -12.31011  -57.19458     5239  81.1  2  0  6 15 0 0 1 1 1 0 0 1 0 0 1 0 0 1
2014   2 28  2  7 39 288454  -19.85373  -50.97389     3536  84.9  2  0  7 21 0 0 1 1 1 0 0 1 0 1 1 0 0 1
2014   2 28  2  7 39 313185  -19.81911  -50.91338     4696  50.6  2  0  5  9 0 0 1 1 0 0 0 1 0 0 1 0 0 1
2014   2 28  2  7 39 359301  -12.20495  -57.27184     4276  86.2  2  0  7 21 0 0 1 0 1 0 0 1 0 1 1 1 0 1
2014   2 28  2  7 39 393096  -19.83025  -51.02248     4316  87.9  2  0  6 15 0 0 1 1 1 0 0 1 0 1 1 0 0 0
2014   2 28  2  7 39 443246  -19.82224  -51.01437     4517  91.0  2  0  6 14 0 0 1 1 1 0 0 1 0 1 1 0 0 0
2014   2 28  2  7 39 665634  -26.12127  -44.59529     4632  48.8  1  0  5 10 0 0 1 1 0 0 0 1 0 1 1 0 0 0
2014   2 28  2  7 39 677902  -25.92470  -44.70868     4512  43.0  1  0  5 10 0 0 0 1 1 0 0 1 0 0 1 0 0 1
2014   2 28  2  7 40   9832  -26.15895  -44.59050     5100  54.2  2  0  5 10 0 0 1 1 1 0 0 1 0 0 1 0 0 0
2014   2 28  2  7 41 432602  -25.87584  -44.64242     4386  61.8  2  0  6 15 0 0 1 1 1 0 0 1 0 0 1 0 0 1
2014   2 28  2  7 41 519018  -25.88115  -44.65390     4368  61.7  2  0  6 15 0 0 1 1 1 0 0 1 0 0 1 0 0 1
2014   2 28  2  7 41 599217  -25.52129  -44.87785     6077  48.5  1  0  5  7 0 0 0 1 1 0 0 1 0 0 1 0 0 1
2014   2 28  2  7 42 890852  -22.88903  -48.66604     4519  97.6  2  0  6 15 0 0 0 1 1 0 0 1 0 1 1 0 0 1
2014   2 28  2  7 42 902603  -23.03878  -48.35509     5173 109.1  2  0  6 15 0 0 1 1 1 0 0 1 0 0 1 0 0 1
2014   2 28  2  7 42 957938  -22.60140  -49.02793     3331  31.6  1  0  5 10 0 0 1 1 0 0 0 0 0 1 1 1 0 0
2014   2 28  2  7 43  23531  -22.61169  -48.97071     3207  16.9  0  0  4  6 0 0 1 1 0 0 0 0 0 1 1 0 0 0
2014   2 28  2  7 43  83658  -22.92089  -48.47509     5269 151.1  2  0  7 19 0 0 1 1 1 0 0 1 0 1 1 0 0 1
2014   2 28  2  7 43 118059  -22.79416  -48.80829     3583  15.6  0  0  4  6 0 0 1 1 0 0 0 1 0 0 1 0 0 0
2014   2 28  2  7 44  21871  -26.28320  -44.08187     3708   8.8  0  0  4  6 0 0 1 1 0 0 0 1 0 0 1 0 0 0
2014   2 28  2  7 44 138993  -26.30079  -44.15417     3001  16.2  0  0  6 12 0 0 1 1 1 0 0 1 0 0 1 0 0 1
2014   2 28  2  7 44 211353  -26.29292  -44.13062     2959   5.6  0  0  5  8 0 0 1 1 1 0 0 0 0 0 1 0 0 1
2014   2 28  2  7 44 627304    7.81303  -73.45499     7428  28.8  0  0  5  7 0 0 0 1 1 0 0 1 0 0 1 1 0 0
2014   2 28  2  7 44 891664  -24.22353  -45.74212     3482  26.8  0  0  5 10 0 0 0 1 1 0 0 1 0 0 1 0 0 1
2014   2 28  2  7 44 900614  -24.22134  -45.74597     3372  24.4  0  0  5 10 0 0 0 1 1 0 0 1 0 0 1 0 0 1
2014   2 28  2  7 44 997801  -24.19459  -45.72036     3490  27.0  0  0  5 10 0 0 0 1 1 0 0 1 0 0 1 0 0 1
2014   2 28  2  7 45  15362  -12.45693  -73.00408     3105  25.6  0  0  6 15 0 0 1 1 1 0 0 1 0 0 0 1 0 1
2014   2 28  2  7 45  98968  -13.73546  158.41617    11538  21.4  1  0  4  6 0 0 1 0 0 0 0 1 0 0 1 1 0 0
2014   2 28  2  7 45 375942    0.06116  -64.37675     2904   9.3  0  0  5 10 0 0 0 1 0 0 0 1 0 0 1 1 0 1
2014   2 28  2  7 45 497751   -0.24809  -71.85593     3635  16.0  0  0  7 21 0 0 1 1 1 0 0 1 0 1 1 0 0 1
2014   2 28  2  7 45 508434   -0.00672  -72.21980     3552  14.6  0  0  5 10 0 0 0 1 1 0 0 1 0 0 1 1 0 0
2014   2 28  2  7 45 810560    0.13627  -72.12319     3616   2.8  0  0  4  6 0 0 0 1 0 0 0 1 0 0 1 1 0 0
2014   2 28  2  7 45 955067   -4.73918  -74.43306     3376  24.5  0  0  6 15 0 0 1 1 1 0 0 0 0 0 1 1 0 1
2014   2 28  2  7 45 973888   -5.53598  -73.83402     8507   7.8  0  0  4  6 0 0 1 1 0 0 0 0 0 1 0 0 0 1
2014   2 28  2  7 46  19077   -4.76535  -74.59187     4674  14.8  0  0  4  6 0 0 0 0 0 0 0 1 0 0 1 1 0 1
2014   2 28  2  7 46  62285   -4.79485  -74.67458     3543  24.7  0  0  7 21 0 0 0 1 1 0 0 1 0 1 1 1 0 1
2014   2 28  2  7 46 593934  -23.12033  -47.26241     4553 136.2  2  0  7 21 0 0 1 1 1 0 0 1 0 1 1 0 0 1
2014   2 28  2  7 46 773133    2.87148  -66.86591     3608   8.8  0  0  4  6 0 0 0 1 0 0 0 1 0 0 1 1 0 0
2014   2 28  2  7 47 261012  -22.51567  -48.59551     3438  21.1  0  0  5  8 0 0 1 1 1 0 0 1 0 0 1 0 0 0
2014   2 28  2  7 47 303586  -12.59790  -73.07288     3993  45.4  1  0  6 15 0 0 1 1 1 0 0 0 0 1 1 1 0 0
2014   2 28  2  7 47 527756   -8.20839    5.96468    16565  22.3  0  0  5  7 0 0 1 1 1 0 0 1 0 0 1 0 0 0
2014   2 28  2  7 47 878839  -26.26253  -44.32637     3646  25.9  0  0  5 10 0 0 1 1 1 0 0 1 0 0 1 0 0 0
2014   2 28  2  7 48 299982   -5.28047  -53.60999     8781  38.5  1  0  5  8 0 0 0 1 1 0 0 1 0 0 1 0 0 1
2014   2 28  2  7 48 474289   -5.26360  -53.64403     4595  39.9  1  0  5 10 0 0 0 1 1 0 0 0 0 0 1 1 0 1
2014   2 28  2  7 49 247404  -23.14067  -47.67951     3026  35.0  0  0  6 15 0 0 1 1 0 0 0 1 0 1 0 1 1 0
2014   2 28  2  7 49 262723  -23.30453  -47.43485     4420  69.7  2  0  6 12 0 0 0 1 1 0 0 1 0 1 1 0 0 1
2014   2 28  2  7 49 299952  -23.11937  -47.60648     4048  57.0  1  0  6 12 0 0 1 1 0 0 0 0 0 1 1 1 0 1
2014   2 28  2  7 49 318171  -23.32369  -47.31674     3029  35.0  0  0  6 14 0 0 1 1 1 0 0 1 0 0 1 0 0 1
2014   2 28  2  7 49 327701  -23.33683  -47.33883     3953  39.9  1  0  5  7 0 0 0 1 1 0 0 1 0 0 1 0 0 1
2014   2 28  2  7 49 528561  -17.50723  -50.89187     3969  40.2  1  0  5 10 0 0 0 1 1 0 0 1 0 0 1 0 0 1
2014   2 28  2  7 49 544176  -17.50623  -50.89150     4011  41.3  1  0  5 10 0 0 0 1 1 0 0 1 0 0 1 0 0 1
2014   2 28  2  7 49 592618  -26.80691 -136.95578    13491  49.6  1  0  6 15 0 0 1 1 1 0 0 1 0 0 1 1 0 0
2014   2 28  2  7 49 601894  -26.76219 -137.05620    13636  17.1  0  0  4  6 0 0 1 0 0 0 0 1 0 0 1 1 0 0
2014   2 28  2  7 49 690790  -25.97372  -44.44105     3100  30.3  0  0  6 15 0 0 1 1 1 0 0 1 0 1 1 0 0 0
2014   2 28  2  7 50 426918   22.91610  -98.19210    31327  59.9  2  0  5  8 0 0 0 1 1 0 0 1 0 0 1 1 0 0
2014   2 28  2  7 50 711840  -26.18977  -44.43822     3679  42.8  1  0  6 15 0 0 1 1 1 0 0 1 0 0 1 0 0 1
2014   2 28  2  7 50 743023  -26.24367  -44.38279     5332  32.0  1  0  5  8 0 0 1 1 0 0 0 1 0 0 1 0 0 1
2014   2 28  2  7 50 763320  -26.14286  -44.50014     4742  36.3  1  0  5  8 0 0 0 1 1 0 0 1 0 0 1 0 0 1
2014   2 28  2  7 51 261267  -26.04022  -44.45934     5830  55.8  1  0  6 12 0 0 1 0 0 0 0 1 0 1 1 1 0 1
2014   2 28  2  7 51 312107  -26.11144  -44.48597     4233  37.6  1  0  5 10 0 0 1 1 1 0 0 1 0 0 1 0 0 0
2014   2 28  2  7 51 653542  -16.11926  -49.63625     3589  15.1  0  0  5 10 0 0 1 1 1 0 0 0 0 0 1 0 0 1
2014   2 28  2  7 52 132879  -24.45354  -45.69627     4150  62.5  2  0  6 15 0 0 1 1 1 0 0 1 0 0 1 0 0 1
2014   2 28  2  7 52 382436  -26.19258  -44.47244     3892  48.0  1  0  6 15 0 0 1 1 1 0 0 1 0 0 1 0 0 1
2014   2 28  2  7 52 511626   -5.18064  -41.00193     8428  27.9  0  0  5  8 0 0 0 0 1 0 0 1 0 0 1 1 0 1
2014   2 28  2  7 52 612439  -26.18928  -44.48221     3927  48.7  1  0  6 15 0 0 1 1 1 0 0 1 0 0 1 0 0 1
2014   2 28  2  7 52 769281  -26.07727  -44.58880     4393  38.7  1  0  5  9 0 0 0 1 1 0 0 1 0 0 1 0 0 1
2014   2 28  2  7 53 334954    0.56894  -72.51177     6921  76.0  2  0  6 15 0 0 0 1 1 0 0 1 0 0 1 1 0 1
2014   2 28  2  7 53 358322    0.58393  -71.42555    13647  51.2  2  0  5  8 0 0 0 0 1 0 0 0 0 1 1 1 0 1
2014   2 28  2  7 53 473763  -26.09760  -44.54163     3988  51.0  1  0  6 15 0 0 1 1 1 0 0 1 0 0 1 0 0 1
2014   2 28  2  7 53 555871  -26.08224  -44.58074     4017  55.0  1  0  6 15 0 0 1 1 0 0 0 1 0 1 1 0 0 1
2014   2 28  2  7 53 643369    0.56512  -72.52501     7072  78.4  2  0  6 15 0 0 0 1 1 0 0 1 0 0 1 1 0 1
2014   2 28  2  7 53 715126  -25.94038  -44.61909     6481  48.1  1  0  5  7 0 0 1 1 1 0 0 0 0 0 1 0 0 1
2014   2 28  2  7 54   9736  -21.20187   62.89660    57448  67.6  2  0  5 10 0 0 1 1 1 0 0 0 0 0 1 0 0 1
2014   2 28  2  7 54 531364  -25.99256  -44.50779     7233  44.9  1  0  5  7 0 0 1 1 0 0 0 1 0 0 1 0 0 1
2014   2 28  2  7 54 676965  -23.32049 -142.11513    18333  40.4  1  0  5  9 0 0 1 1 0 0 0 1 0 0 1 1 0 0
2014   2 28  2  7 55 731123  -32.92933   15.24799    25925  87.2  2  0  6 15 0 0 1 1 1 0 0 1 0 0 1 0 0 1
2014   2 28  2  7 55 939305  -26.08032  -44.60713     4548  64.8  2  0  6 15 0 0 1 1 1 0 0 1 0 0 1 0 0 1
2014   2 28  2  7 56 447178    9.94368  -75.18137    13731 103.6  2  0  6 14 0 0 0 1 1 0 0 1 0 0 1 1 0 1
2014   2 28  2  7 56 777152  -19.73397  -50.91605     4964  81.0  2  0  6 12 0 0 1 1 1 0 0 1 0 0 1 0 0 1
2014   2 28  2  7 56 900260  -19.64697  -51.10088     4035 101.7  2  0  7 19 0 0 1 1 1 0 0 1 0 1 1 0 0 1
2014   2 28  2  7 57 117216  -19.73858  -51.10451     3988 109.9  2  0  7 21 0 0 1 1 1 0 0 1 0 1 1 0 0 1
2014   2 28  2  7 57 241662  -25.82129 -138.59187    32792 121.8  2  0  6 14 0 0 1 1 1 0 0 1 0 0 1 1 0 0
2014   2 28  2  7 57 363589  -25.84560  -44.70121     4758  70.8  2  0  6 14 0 0 1 1 1 0 0 1 0 0 1 0 0 1
2014   2 28  2  7 57 409302  -25.76347  -44.80997     4767  76.7  2  0  6 13 0 0 1 1 1 0 0 0 0 1 1 1 0 0
2014   2 28  2  7 57 735548  -25.66073  -44.79141     5248  43.2  1  0  5  8 0 0 0 1 1 0 0 1 0 0 1 0 0 1
2014   2 28  2  7 57 777834   -5.82123  -53.13153     6266  86.6  2  0  6 15 0 0 1 0 1 0 0 0 0 1 1 1 0 1
2014   2 28  2  7 57 868366  -25.81873  -44.74809     3710  66.4  1  0  7 21 0 0 1 1 1 0 0 1 0 1 1 0 0 1
2014   2 28  2  7 58 688808  -16.24791  -49.52789     3572  15.8  0  0  4  6 0 0 1 0 0 0 0 1 0 0 1 0 0 1
2014   2 28  2  7 58 695566  -16.27041  -49.80290     5113 100.5  2  0  6 15 0 0 1 0 1 0 0 1 0 1 1 0 0 1
2014   2 28  2  7 59  80932   -2.01367  141.98000     8928  25.3  1  0  4  6 0 0 0 1 0 0 0 0 0 0 1 1 0 1
2014   2 28  2  8  0 191795  -13.13989  -51.85266     2513  14.9  0  0  7 21 0 0 1 0 1 0 0 1 0 1 1 1 0 1
2014   2 28  2  8  0 212436    2.16392  -77.64821     5318  22.3  1  0  4  6 0 0 1 1 0 0 0 0 0 0 1 1 0 0
2014   2 28  2  8  0 504310  -22.94320  -48.50360     4261  32.9  1  0  5  9 0 0 1 1 0 0 0 1 0 0 1 0 0 1
2014   2 28  2  8  0 609850  -13.15030  -51.82763     2711   9.2  0  0  5 10 0 0 0 1 1 0 0 1 0 0 1 0 0 1
2014   2 28  2  8  0 616456   -4.16476  -63.26981     2604   9.5  0  0  6 15 0 0 0 1 1 0 0 1 0 0 1 1 0 1
2014   2 28  2  8  1 424379  -21.11888  -53.49171     2723  10.2  0  0  5 10 0 0 0 1 1 0 0 1 0 0 1 0 0 1
2014   2 28  2  8  1 437752  -25.29468  -45.29264     2931  21.3  0  0  6 15 0 0 1 1 1 0 0 1 0 0 1 0 0 1
2014   2 28  2  8  2  43728  -32.96676 -122.55682     9071  21.1  0  0  7 21 0 0 0 1 1 0 0 1 0 1 1 1 0 1
2014   2 28  2  8  2 471870  -22.20182  -48.98991     3432  27.7  0  0  5 10 0 0 1 1 0 0 0 1 0 0 1 1 0 0
2014   2 28  2  8  2 484066  -22.19053  -49.01717     3111  35.5  0  0  6 13 0 0 1 1 0 0 0 1 0 1 1 0 0 1
2014   2 28  2  8  3 323430  -15.92855  -50.00677     2514  22.0  0  0  7 20 0 0 1 1 1 0 0 1 0 1 1 0 0 1
2014   2 28  2  8  3 343676  -15.92434  -50.00313     3102  21.3  0  0  5 10 0 0 0 1 1 0 0 1 0 0 1 0 0 1
2014   2 28  2  8  3 607975  -16.98807 -139.35530    19019  54.7  2  0  5 10 0 0 1 1 0 0 0 1 0 0 1 1 0 0
2014   2 28  2  8  3 621988  -17.11763 -138.06155    10646  22.6  0  0  5 10 0 0 1 1 0 0 0 0 0 0 1 1 0 1
2014   2 28  2  8  3 642416  -17.10253 -138.94658    17191  67.9  2  0  6 15 0 0 1 1 1 0 0 1 0 0 1 1 0 0
2014   2 28  2  8  3 757380   -5.63840  -75.20814     5222  34.5  0  0  6 11 0 0 0 1 1 0 0 1 0 0 1 1 0 1
2014   2 28  2  8  4 277573  -26.24267  -44.30175     2998  25.5  0  0  6 15 0 0 1 1 0 0 0 1 0 1 1 0 0 1
2014   2 28  2  8  4 420097    6.18799  -73.92920    25567  18.2  0  0  4  6 0 0 0 1 1 0 0 1 0 1 0 0 0 0
2014   2 28  2  8  4 797239  -25.96475  -44.35920     3180  29.4  0  0  6 15 0 0 1 1 1 0 0 1 0 0 1 0 0 1
2014   2 28  2  8  4 900745  -25.89331  -44.41586     3772  27.9  0  0  5 10 0 0 0 1 1 0 0 1 0 0 1 0 0 1
2014   2 28  2  8  4 912103  -25.96738  -44.36785     3105  27.0  0  0  6 15 0 0 1 1 1 0 0 1 0 0 1 0 0 1
2014   2 28  2  8  4 951818  -25.89619  -44.41367     3830  28.8  0  0  5 10 0 0 0 1 1 0 0 1 0 0 1 0 0 1
2014   2 28  2  8  5 543417  -16.57679   22.11096    32260  32.7  1  0  5 10 0 0 1 1 1 0 0 0 0 0 1 0 0 1
2014   2 28  2  8  5 598715    2.61758    4.38647    18747  55.6  1  0  7 21 0 0 1 1 1 0 0 1 0 1 1 0 0 1
2014   2 28  2  8  5 815704  -21.30179  -49.12429     3237  56.7  1  0  7 19 0 0 1 1 0 0 0 1 0 1 1 1 0 1
2014   2 28  2  8  6  78904  -19.33100  -51.31797     4001  45.1  1  0  5 10 0 0 0 1 1 0 0 1 0 0 1 0 0 1
2014   2 28  2  8  6 570289  -17.53913  -50.94824     5641  55.3  2  0  5 10 0 0 1 1 1 0 0 0 0 1 1 0 0 0
2014   2 28  2  8  6 967204  -22.63403  -49.08288     2890  17.5  0  0  5 10 0 0 1 1 0 0 0 1 0 1 1 0 0 0
2014   2 28  2  8  7 594367  -25.83249  -44.54046     4066  34.7  1  0  5 10 0 0 0 1 1 0 0 1 0 0 1 0 0 1
2014   2 28  2  8  7 637185   -4.54393  -63.41731     5127  62.3  2  0  5 10 0 0 0 1 1 0 0 1 0 0 1 1 0 0
2014   2 28  2  8  7 896343  -15.83121  -49.85179     3662  52.4  1  0  6 15 0 0 1 1 1 0 0 1 0 0 1 0 0 1
2014   2 28  2  8  8 123327  -25.94491  -44.39763     6223  46.1  1  0  5 10 0 0 1 0 1 0 0 1 0 0 1 0 0 1
2014   2 28  2  8 11 107745  -25.89749  -44.79294     3583  53.4  1  0  7 21 0 0 0 1 1 0 0 1 0 1 1 1 0 1
2014   2 28  2  8 11 326186  -23.66161  -47.34515     5058 105.6  2  0  6 15 0 0 1 1 0 0 0 1 0 1 1 0 0 1
2014   2 28  2  8 11 746748  -23.43340  -46.89771     3996  79.0  2  0  6 15 0 0 1 1 1 0 0 1 0 0 1 0 0 1
2014   2 28  2  8 11 755109  -23.43630  -46.91739     4171  80.8  2  0  6 14 0 0 1 1 1 0 0 1 0 0 1 0 0 1
2014   2 28  2  8 11 770229  -23.43130  -46.91519     3996  79.3  2  0  6 15 0 0 1 1 1 0 0 1 0 0 1 0 0 1
2014   2 28  2  8 11 880429   -5.23287  -75.79802     5250  27.7  1  0  4  6 0 0 1 0 0 0 0 1 0 0 1 1 0 0
2014   2 28  2  8 12 129881  -23.39288  -46.85994     4099  81.4  2  0  6 15 0 0 1 1 1 0 0 1 0 0 1 0 0 1
2014   2 28  2  8 12 534748  -19.72968   64.76617    25806  54.2  2  0  5 10 0 0 1 0 1 0 0 1 0 0 1 0 0 1
2014   2 28  2  8 12 940084  -25.67811  -44.81271     4730  50.3  2  0  5 10 0 0 0 1 1 0 0 1 0 0 1 0 0 1
2014   2 28  2  8 12 951773  -25.69379  -44.82228     4903  51.1  2  0  5  9 0 0 0 1 1 0 0 1 0 0 1 0 0 1
2014   2 28  2  8 12 990592  -25.85654  -44.88994     5484  39.3  1  0  5  7 0 0 0 1 0 0 0 1 0 1 1 0 0 1
2014   2 28  2  8 13 384058  -26.04923  -44.71712     5251  57.5  2  0  5 10 0 0 1 1 1 0 0 1 0 0 1 0 0 0
2014   2 28  2  8 13 712649  -24.18242  -47.16987     3392  66.5  1  0  7 21 0 0 1 1 0 0 0 1 0 1 1 1 0 1
2014   2 28  2  8 13 799980  -19.86578   63.97143    34931 107.2  2  0  6 15 0 0 1 1 1 0 0 1 0 0 1 0 0 1
2014   2 28  2  8 13 807994  -24.35261  -46.98027     4408  23.9  1  0  4  6 0 0 1 1 0 0 0 1 0 0 1 0 0 0
2014   2 28  2  8 14 369065  -13.17747  -72.89866     5485 110.5  2  0  7 21 0 0 1 0 1 0 0 1 0 1 1 1 0 1
2014   2 28  2  8 14 463899  -12.96002  -73.75873     3814  16.8  0  0  4  6 0 0 1 1 0 0 0 1 0 0 0 1 0 0
2014   2 28  2  8 14 538126   -5.03685  -53.80379     5021 103.6  2  0  6 15 0 0 0 1 1 0 0 0 0 0 1 1 1 1
2014   2 28  2  8 14 546605  -13.03956  -73.68183     5668  63.1  2  0  5 10 0 0 1 1 0 0 0 1 0 0 1 1 0 0
2014   2 28  2  8 14 586086   -4.78195  -53.04388     4715  19.7  0  0  4  6 0 0 1 0 0 0 0 0 0 0 1 1 0 1
2014   2 28  2  8 15 383006  -12.76883  -71.67580    10127 131.1  2  0  6 15 0 0 0 1 1 0 0 1 0 0 1 1 0 1
2014   2 28  2  8 16  85559    3.34848  -71.59863     6646   1.6  0  0  5 10 0 0 0 1 1 0 0 1 0 0 1 0 0 1
2014   2 28  2  8 16 214614  -12.52014  -73.11376     4285  12.5  0  0  4  6 0 0 0 1 0 0 0 1 0 0 1 1 0 0
2014   2 28  2  8 16 387583  -26.29920  -44.14688     3410  24.4  0  0  5 10 0 0 1 1 1 0 0 1 0 0 0 0 0 1
2014   2 28  2  8 16 676321  -12.50947  -73.09336     3260  18.1  0  0  7 21 0 0 0 1 1 0 0 1 0 1 1 1 0 1
2014   2 28  2  8 17  84851    6.19137  -74.85851     7830  83.0  2  0  7 19 0 0 0 1 1 0 0 1 0 0 1 1 1 1
2014   2 28  2  8 17 273152    0.61545  -71.79776     4154  12.7  0  0  5 10 0 0 0 1 1 0 0 0 0 0 1 1 0 1
2014   2 28  2  8 17 324610   -5.20328  -52.83427     9152  15.3  0  0  4  6 0 0 1 1 0 0 0 0 0 1 0 0 0 1
2014   2 28  2  8 17 391829    6.08334  -74.72157     5032  14.0  0  0  5 10 0 0 0 1 1 0 0 0 0 0 1 1 0 1
2014   2 28  2  8 17 422538  -26.02033  -44.22010     3601   7.1  0  0  4  6 0 0 1 1 0 0 0 0 0 0 1 0 0 1
2014   2 28  2  8 17 431985  -12.23343  -57.62329     2619  19.2  0  0  7 21 0 0 0 1 1 0 0 1 0 1 1 1 0 1
2014   2 28  2  8 17 473590   -7.83574   80.65357    12663  12.3  0  0  5 10 0 0 1 1 1 0 0 0 0 0 1 0 0 1
2014   2 28  2  8 17 546911  -26.10857  -44.11974     3667   8.1  0  0  4  6 0 0 1 1 0 0 0 1 0 0 1 0 0 0
2014   2 28  2  8 17 679478  -25.85563  -44.34698     3395  24.3  0  0  6 15 0 0 1 0 1 0 0 1 0 1 1 0 0 1
2014   2 28  2  8 17 823766    5.69465  143.69241     5310  15.3  0  0  5 10 0 0 0 1 1 0 0 1 0 0 0 1 0 1
2014   2 28  2  8 17 865867  -23.32645  -46.98275     2968  16.6  0  0  5 10 0 0 1 1 1 0 0 0 0 0 1 0 0 1
2014   2 28  2  8 18   5359   -7.46652  -73.69694     3181  24.5  0  0  6 15 0 0 1 1 0 0 0 1 0 0 1 1 0 1
2014   2 28  2  8 18  83734  -23.29390  -47.00003     3321  16.8  0  0  5  7 0 0 1 1 1 0 0 1 0 0 0 0 0 1
2014   2 28  2  8 18 508629  -12.72815  -56.61584     7177  24.2  0  0  6 11 0 0 0 1 1 0 0 0 0 1 1 0 1 1
2014   2 28  2  8 18 536176  -32.74401  -42.65179     3301  26.5  0  0  6 15 0 0 1 1 1 0 0 1 0 1 1 0 0 0
2014   2 28  2  8 18 705607  -32.99051  -42.52531     3797  20.6  0  0  5 10 0 0 1 1 1 0 0 0 0 0 1 0 0 1
2014   2 28  2  8 18 915368  -32.78427  -42.66879     3565  29.0  0  0  6 15 0 0 1 1 1 0 0 1 0 0 1 0 0 1
2014   2 28  2  8 19  79209  -32.79892  -42.74617     3614  30.0  0  0  6 15 0 0 1 1 1 0 0 1 0 0 1 0 0 1
2014   2 28  2  8 19  98304  -32.81699  -42.66491     5430  33.8  1  0  5  7 0 0 1 0 1 0 0 1 0 0 1 0 0 1
2014   2 28  2  8 19 176662  -16.65668  176.23581    26032  20.9  0  0  5 10 0 0 1 0 1 0 0 1 0 1 1 0 0 0
2014   2 28  2  8 19 270158  -15.02171  173.76578    32740   1.1  0  0  4  6 0 0 1 1 0 0 0 1 0 0 1 0 0 0
2014   2 28  2  8 20 102333  -26.01300  -44.31425     3210  32.1  0  0  6 15 0 0 1 1 1 0 0 1 0 0 1 0 0 1
2014   2 28  2  8 20 121596  -23.68020 -139.74815    24286  12.9  0  0  4  6 0 0 1 1 0 0 0 1 0 0 1 0 0 0
2014   2 28  2  8 20 183380  -25.96140  -44.36897     3701  88.2  2  0  7 17 0 0 0 1 1 0 0 1 0 1 1 1 0 1
2014   2 28  2  8 20 311491  -24.12840  -50.19209     2679  27.5  0  0  7 18 0 0 1 1 0 0 0 1 0 1 1 1 0 1
2014   2 28  2  8 20 328585  -26.05161  -44.30283     3362  33.4  0  0  6 14 0 0 1 1 1 0 0 1 0 0 1 0 0 1
2014   2 28  2  8 20 613130    7.14964  -76.85588    24637  13.4  0  0  4  6 0 0 0 1 0 0 0 1 0 1 0 0 0 1
2014   2 28  2  8 20 711824    4.91456  -73.27961     5460  22.7  0  0  6 13 0 0 0 0 1 0 0 1 1 1 1 0 0 1
2014   2 28  2  8 20 813806  -26.24184  -44.37851     3773  35.0  1  0  5 10 0 0 1 1 1 0 0 1 0 0 0 0 0 1
2014   2 28  2  8 20 869690  -26.20228  -44.33505     3519  25.1  0  0  5 10 0 0 1 1 1 0 0 0 0 0 1 0 0 1
2014   2 28  2  8 21  97297    3.64932    6.13767    25096  49.1  1  0  6 14 0 0 1 1 1 0 0 1 0 0 1 0 0 1
2014   2 28  2  8 21 509078  -25.92656  -44.41507     2942  24.0  0  0  6 15 0 0 1 1 1 0 0 0 0 1 1 0 0 1
2014   2 28  2  8 22 211309  -25.63611 -135.60313    13782  52.7  1  0  6 15 0 0 1 1 1 0 0 1 0 0 1 1 0 0
2014   2 28  2  8 22 502419  -26.13802  -44.39616     3669  43.7  1  0  6 15 0 0 1 1 1 0 0 1 0 0 1 0 0 1
2014   2 28  2  8 22 551121   -4.64966  -74.96396     5025  19.0  0  0  4  6 0 0 0 1 0 0 0 1 0 0 1 1 0 0
2014   2 28  2  8 23 546968  -26.16118  -44.42934     3660  43.7  1  0  6 15 0 0 1 1 1 0 0 1 0 0 1 0 0 1
2014   2 28  2  8 23 801465  -26.14059  -44.45384     4020  31.9  1  0  5  9 0 0 1 1 1 0 0 0 0 0 1 0 0 1
2014   2 28  2  8 23 872002  -26.13848  -44.42945     4737  42.0  1  0  6 13 0 0 1 0 1 0 0 1 0 1 1 0 0 1
2014   2 28  2  8 24   4816  -26.28453  -44.25401     4034  13.4  0  0  4  6 0 0 1 1 0 0 0 1 0 0 1 0 0 0
2014   2 28  2  8 24 529482  -25.89376  -44.56122     3156  45.6  0  0  7 21 0 0 1 1 1 0 0 1 0 1 1 0 0 1
2014   2 28  2  8 25 158103  -20.15641 -142.50392    22297  87.1  2  0  6 15 0 0 1 1 0 0 0 1 0 0 1 1 0 1
2014   2 28  2  8 25 627014    6.59590  -77.47367     6483  19.1  0  0  4  6 0 0 0 1 0 0 0 1 0 0 1 1 0 0
2014   2 28  2  8 25 964305   -5.28441  -53.81118     4216  74.7  2  0  6 15 0 0 0 1 1 0 0 1 0 0 1 1 0 1
2014   2 28  2  8 26 411481   -5.40017  -53.97053     3273  49.0  0  0  7 17 0 0 0 1 1 0 0 1 0 1 0 1 1 1
2014   2 28  2  8 27 538431  -25.13190 -136.97374    23771 116.4  2  0  7 20 0 0 1 1 1 0 0 1 0 0 1 1 0 1
2014   2 28  2  8 29 311243  -25.83743  -44.72036     4668  64.6  2  0  6 14 0 0 1 1 1 0 0 1 0 0 1 0 0 1
2014   2 28  2  8 29 355052  -25.83358  -44.69972     4609  69.7  2  0  6 15 0 0 1 1 1 0 0 1 0 0 1 0 0 1
2014   2 28  2  8 31 852376  -26.03962  -44.77136     5262  83.6  2  0  6 15 0 0 1 1 1 0 0 1 0 0 1 0 0 1
2014   2 28  2  8 32  69612  -24.12260  -45.78347     2542  20.5  0  0  7 21 0 0 1 1 1 0 0 1 0 1 1 0 0 1
2014   2 28  2  8 32 253326  -25.40417 -135.76118    23245  12.6  0  0  4  6 0 0 1 1 0 0 0 1 0 0 1 0 0 0
2014   2 28  2  8 32 387022    9.25609  -73.28617     6240  71.4  2  0  7 20 0 0 1 1 1 0 0 1 0 0 1 1 0 1
2014   2 28  2  8 32 950918  -14.55930 -179.72304    25735  62.9  2  0  5 10 0 0 1 1 1 0 0 1 0 0 0 1 0 0
2014   2 28  2  8 32 968144  -19.79276  -50.84675     2411   7.7  0  0  6 15 0 0 1 1 1 0 0 1 0 0 1 0 0 1
2014   2 28  2  8 33 219020  -19.78591  -50.88397     3298  14.2  0  0  5  7 0 0 1 1 0 0 0 1 0 1 1 0 0 0
2014   2 28  2  8 33 428596  -22.34385  -48.75484     2980   6.3  0  0  5  7 0 0 1 1 1 0 0 0 0 0 1 0 0 1
2014   2 28  2  8 34 281445  -28.20048 -133.99756    16064   9.0  0  0  5 10 0 0 0 0 1 0 0 0 0 1 1 1 0 1
2014   2 28  2  8 34 314100  -28.12527 -135.86862    11669  17.1  0  0  5  9 0 0 1 1 0 0 0 1 0 0 1 1 0 0
2014   2 28  2  8 34 331645  -28.16546 -135.21927    16370  26.0  0  0  5  7 0 0 1 1 1 0 0 0 0 0 0 1 0 1
2014   2 28  2  8 34 352597  -26.02114  -44.23194     2610  20.2  0  0  7 20 0 0 1 1 1 0 0 1 0 1 1 0 0 1
2014   2 28  2  8 34 358019  -28.21009 -137.43983    17917  13.2  0  0  4  6 0 0 0 1 1 0 0 1 0 0 0 1 0 0
2014   2 28  2  8 34 385119    1.59738    1.64083    16109  24.3  0  0  6 12 0 0 1 1 1 0 0 1 0 0 1 0 0 1
2014   2 28  2  8 34 487489  -26.04371  -44.22598     3317  20.7  0  0  5 10 0 0 1 1 0 0 0 1 0 1 1 0 0 0
2014   2 28  2  8 34 646678  -25.98479  -44.26524     3053  12.5  0  0  6 11 0 0 1 1 1 0 0 0 0 0 1 1 0 1
2014   2 28  2  8 34 786834  -26.00895  -44.26278     2649  23.5  0  0  7 21 0 0 1 1 1 0 0 1 0 1 1 0 0 1
2014   2 28  2  8 34 845515  -26.01046  -44.25372     3178  26.9  0  0  6 14 0 0 1 1 1 0 0 1 0 0 1 0 0 1
2014   2 28  2  8 34 896848  -26.02167  -44.26462     2848  21.6  0  0  6 15 0 0 1 1 1 0 0 1 0 1 1 0 0 0
2014   2 28  2  8 35  54591  -22.65436 -141.34460    20437  80.4  2  0  6 15 0 0 1 1 0 0 0 1 0 1 0 1 0 1
2014   2 28  2  8 35 118690  -13.97936  161.02753    10185  34.7  1  0  5  9 0 0 1 1 0 0 0 1 0 0 1 1 0 0
2014   2 28  2  8 35 122251  -24.36637 -137.10428    15538  13.8  0  0  5 10 0 0 1 1 0 0 0 1 0 0 1 0 0 1
2014   2 28  2  8 35 129144  -22.70332 -139.97777     7533  26.9  0  0  7 21 0 0 1 1 1 0 0 0 0 1 1 1 0 1
2014   2 28  2  8 35 154465  -22.63606 -142.17470    12003  23.0  0  0  6 15 0 0 0 1 1 0 0 1 0 0 1 1 0 1
2014   2 28  2  8 35 177870  -22.69833 -141.30571    17381  64.0  2  0  6 14 0 0 1 1 1 0 0 1 0 0 1 1 0 0
2014   2 28  2  8 35 317379  -33.75298  -41.07148     6395  28.6  1  0  4  6 0 0 1 0 0 0 0 1 0 1 1 0 0 0
2014   2 28  2  8 35 558720   -6.06766   42.18415    11748  33.5  1  0  5 10 0 0 1 0 1 0 0 0 0 0 1 1 0 1
2014   2 28  2  8 36 418991    5.41453  -74.31310    17671  32.7  1  0  5 10 0 0 0 1 1 0 0 1 0 0 1 0 0 1
2014   2 28  2  8 36 940563  -24.26191  -49.80278     4385  66.4  2  0  6 14 0 0 1 1 1 0 0 1 0 0 1 0 0 1
2014   2 28  2  8 37 648150    6.19605  -75.16562     5638  45.8  0  0  7 20 0 0 0 1 1 0 0 1 0 1 1 1 0 1
2014   2 28  2  8 37 715645    5.32263  -73.89673     6575  30.0  0  0  6 14 0 0 1 0 1 0 0 1 0 1 1 0 0 1
2014   2 28  2  8 37 749533    5.58504  -74.27270    23116  44.7  1  0  5 10 0 0 0 1 1 0 0 1 0 0 1 0 0 1
2014   2 28  2  8 37 760528    2.91576  -67.06086     5825  46.8  1  0  5  9 0 0 0 1 1 0 0 1 0 0 1 1 0 0
2014   2 28  2  8 37 769806    2.88374  -67.06222     4541  43.4  1  0  6 14 0 0 0 1 1 0 0 1 0 0 1 1 0 1
2014   2 28  2  8 37 801148    5.53602  -74.31478    20135  49.0  1  0  6 15 0 0 0 1 1 0 0 1 0 1 1 0 0 1
2014   2 28  2  8 38 100699    6.22168  -75.21056     5994  50.8  1  0  7 19 0 0 0 1 1 0 0 1 0 1 1 1 0 1
2014   2 28  2  8 39 224891  -25.92821  -44.45124     3586  41.6  1  0  6 15 0 0 1 1 1 0 0 1 0 0 1 0 0 1
2014   2 28  2  8 39 404099  -25.83716  -44.54901     4236  38.2  1  0  5 10 0 0 0 1 1 0 0 1 0 0 1 0 0 1
2014   2 28  2  8 39 571245  -26.17563  -44.43410     3658  42.8  1  0  6 15 0 0 1 1 1 0 0 1 0 0 1 0 0 1
2014   2 28  2  8 39 723996  -26.00414  -44.37892     5695  28.4  0  0  5  7 0 0 1 1 0 0 0 1 0 0 1 0 0 1
2014   2 28  2  8 39 972032  -15.85934  -49.94621     4639  54.3  2  0  5 10 0 0 0 1 1 0 0 1 0 0 1 0 0 1
2014   2 28  2  8 40  14162  -26.18144  -44.44210     4734  41.6  1  0  6 11 0 0 1 1 1 0 0 1 0 0 1 0 0 1
2014   2 28  2  8 40  23153  -26.07549  -44.54117     4668  41.9  1  0  5  9 0 0 0 1 1 0 0 1 0 0 1 0 0 1
2014   2 28  2  8 40 364276  -15.09052  -50.26698     5017   8.2  0  0  4  6 0 0 1 0 0 0 0 0 0 1 1 1 0 0
2014   2 28  2  8 40 980177   -5.82393  -42.51828     7007  59.1  2  0  5  9 0 0 0 1 1 0 0 1 0 0 1 0 0 1
2014   2 28  2  8 41 383624  -25.18271 -136.52025    20416  99.2  2  0  7 20 0 0 1 1 1 0 0 1 0 0 1 1 0 1
2014   2 28  2  8 41 620612  -24.01350  -47.07534     6218  87.7  2  0  6 11 0 0 1 1 1 0 0 1 0 0 1 0 0 1
2014   2 28  2  8 41 704754  -26.06869  -44.53570     3986  51.7  1  0  6 15 0 0 1 1 1 0 0 1 0 0 1 0 0 1
2014   2 28  2  8 41 743495   -4.09829  -63.51635     5838  76.6  2  0  5 10 0 0 0 1 1 0 0 1 0 0 1 1 0 0
2014   2 28  2  8 41 793586  -12.94362  -51.94564     6121  74.0  2  0  5 10 0 0 0 1 1 0 0 1 0 0 1 0 0 1
2014   2 28  2  8 42 219012  -17.47597  -51.53935     3630  81.0  2  0  7 21 0 0 1 1 1 0 0 1 0 1 1 0 0 1
2014   2 28  2  8 42 516451  -15.71160  -49.20073     4196  70.5  2  0  6 15 0 0 1 1 1 0 0 1 0 0 1 0 0 1
2014   2 28  2  8 42 637142  -13.22198  -51.88498     4259  87.7  2  0  7 21 0 0 1 0 1 0 0 1 0 1 1 1 0 1
2014   2 28  2  8 42 683150  -13.01328  -51.82767     4706  78.6  2  0  6 15 0 0 1 1 1 0 0 1 0 0 1 0 0 1
2014   2 28  2  8 42 885568  -13.03301  -52.02084     4493  78.2  2  0  6 15 0 0 0 1 1 0 0 1 0 1 1 0 0 1
2014   2 28  2  8 43 376506  -13.20065  -51.84308     4896  84.4  2  0  6 15 0 0 1 1 1 0 0 1 0 0 1 0 0 1
2014   2 28  2  8 43 447798  -25.86302  -44.64272     3371  54.1  1  0  7 21 0 0 1 1 1 0 0 1 0 1 1 0 0 1
2014   2 28  2  8 43 941272  -24.44895  -45.71086     4712  79.7  2  0  6 15 0 0 1 1 1 0 0 1 0 0 1 0 0 1
2014   2 28  2  8 44 483246  -33.13767  -42.07118     5667  86.8  2  0  7 21 0 0 1 1 1 0 0 1 0 1 1 0 0 1
2014   2 28  2  8 44 501648  -33.19016  -42.01242     6743  87.7  2  0  6 15 0 0 1 1 0 0 0 1 0 1 1 0 0 1
2014   2 28  2  8 44 642909  -25.93657  -44.76419     5181  39.9  1  0  5  8 0 0 0 1 1 0 0 1 0 0 1 0 0 1
2014   2 28  2  8 44 957155  -26.09526  -44.66392     4777  48.4  1  0  5 10 0 0 1 1 1 0 0 1 0 0 1 0 0 0
2014   2 28  2  8 45  44425   -4.63755  -74.39835     7090 104.0  2  0  6 15 0 0 1 0 0 0 0 1 0 1 1 1 0 1
2014   2 28  2  8 45 110913   -4.94041  -75.64899     5463  27.2  0  0  5 10 0 0 0 0 1 0 0 1 0 1 0 1 0 1
2014   2 28  2  8 45 169375   -5.31500  -77.73031     5023   4.5  0  0  5 10 0 0 0 1 1 0 0 0 0 1 0 1 0 1
2014   2 28  2  8 45 486660  -23.98451  -46.68018     6638 121.9  2  0  6 15 0 0 1 1 1 0 0 1 0 0 1 0 0 1
2014   2 28  2  8 45 971693   -5.33623  -77.92875     6615   6.0  0  0  4  6 0 0 0 1 1 0 0 0 0 1 0 1 0 0
2014   2 28  2  8 46 480598    5.61762  150.79732    16134 110.7  2  0  6 15 0 0 1 1 1 0 0 1 0 0 1 1 0 0
2014   2 28  2  8 46 535016    5.61354  150.79065    16171 111.1  2  0  6 15 0 0 1 1 1 0 0 1 0 0 1 1 0 0
2014   2 28  2  8 46 842500   28.15796  159.62979    54633  28.1  1  0  4  6 0 0 0 1 1 0 0 1 0 0 0 1 0 0
2014   2 28  2  8 46 870542  -25.88730  -44.79461     6236  65.8  2  0  5  8 0 0 1 1 1 0 0 0 0 0 1 0 0 1
2014   2 28  2  8 48 380185  -23.28396  -47.09587     2686   9.3  0  0  5 10 0 0 1 1 0 0 0 1 0 0 1 0 0 1
2014   2 28  2  8 48 606733  -23.26333  -47.02069     2820  12.8  0  0  5 10 0 0 1 1 1 0 0 0 0 0 1 0 0 1
2014   2 28  2  8 48 627680   -3.77790  171.05344    18023  53.6  2  0  5 10 0 0 1 1 0 0 0 1 0 0 1 1 0 0
2014   2 28  2  8 48 777025  -23.22995  -47.05906     2405  11.2  0  0  6 15 0 0 1 1 1 0 0 1 0 1 0 0 0 1
2014   2 28  2  8 48 886528  -14.84443   21.64951    16858  12.6  0  0  5 10 0 0 1 1 1 0 0 0 0 0 1 0 0 1
2014   2 28  2  8 48 894195   -8.79018  -56.39900     2350   9.4  0  0  7 21 0 0 0 1 1 0 0 1 0 1 1 1 0 1
2014   2 28  2  8 49  15007  -12.46402  -72.95162     2645  16.9  0  0  7 21 0 0 1 1 1 0 0 1 0 0 1 1 0 1
2014   2 28  2  8 49 512830    5.91671  -74.71545     4635  13.6  0  0  5  7 0 0 0 0 1 0 0 1 0 0 1 1 0 1
2014   2 28  2  8 49 700526  -26.04551  -44.17998     3446   2.3  0  0  4  6 0 0 1 1 0 0 0 0 0 0 1 0 0 1
2014   2 28  2  8 49 827783  -26.27371  -44.21844     2698  10.7  0  0  6 15 0 0 1 1 1 0 0 1 0 0 1 0 0 1
2014   2 28  2  8 50 123042  -21.08464   23.35969    12222  18.9  0  0  5 10 0 0 1 1 0 0 0 1 0 1 0 0 0 1
2014   2 28  2  8 50 413741   -4.63227  -74.52880     2984  16.6  0  0  7 21 0 0 0 0 1 0 0 1 0 1 1 1 1 1
2014   2 28  2  8 51 172064   -5.18405  -70.30456     3171  24.2  0  0  7 21 0 0 0 1 1 0 0 1 0 1 1 1 0 1
2014   2 28  2  8 51 185647   -5.14747  -70.29043     3830  11.7  0  0  4  6 0 0 0 1 0 0 0 1 0 0 1 1 0 0
2014   2 28  2  8 51 213886  -13.79056  158.15746    12561  44.8  1  0  5 10 0 0 1 1 0 0 0 1 0 0 1 1 0 0
2014   2 28  2  8 51 472877   -5.20537  -70.34511     3294  27.0  0  0  7 21 0 0 0 1 1 0 0 1 0 1 1 1 0 1
2014   2 28  2  8 51 509386  -24.27012  -45.66792     3517  22.6  0  0  5  9 0 0 0 1 1 0 0 0 0 0 1 1 0 1
2014   2 28  2  8 52 751591  -25.99085  -44.35664     2958  19.5  0  0  6 14 0 0 1 1 1 0 0 1 0 0 1 0 0 1
2014   2 28  2  8 52 827621  -25.98240  -44.35800     2916  20.2  0  0  6 15 0 0 1 1 1 0 0 1 0 0 1 0 0 1
2014   2 28  2  8 52 847427  -25.94706  -44.40993     3308  17.6  0  0  5 10 0 0 0 1 1 0 0 1 0 0 1 0 0 1
2014   2 28  2  8 53 148770  -25.97648  -44.37322     2932  20.9  0  0  6 15 0 0 1 1 1 0 0 1 0 0 1 0 0 1
2014   2 28  2  8 53 627363  -26.20474  -44.35112     3308  20.0  0  0  5 10 0 0 1 1 1 0 0 0 0 0 1 0 0 1
2014   2 28  2  8 53 637695  -15.09957  -52.41866     3379  40.3  1  0  6 15 0 0 1 1 1 0 0 1 0 0 1 0 0 1
2014   2 28  2  8 54  35802  -25.37032 -136.97060    16925  45.5  1  0  5  9 0 0 1 1 0 0 0 1 0 0 1 1 0 0
2014   2 28  2  8 54 817825    6.12045  -74.25449     4574  33.4  0  0  6 14 0 0 1 0 1 0 0 0 0 1 1 1 0 1
2014   2 28  2  8 54 887438  -26.07859  -44.45710     4004  22.9  0  0  5  8 0 0 0 1 1 0 0 1 0 0 1 0 0 1
2014   2 28  2  8 54 950121    6.22533  -75.18710    13035  56.8  2  0  5  9 0 0 0 1 1 0 0 0 0 0 1 1 0 1
2014   2 28  2  8 55  76309   -5.50266  -73.85238     4639  59.9  1  0  6 15 0 0 1 1 1 0 0 1 0 0 1 1 0 0
2014   2 28  2  8 55  89995    6.21727  -75.15815     6287  55.2  1  0  7 20 0 0 0 1 1 0 0 1 0 1 1 1 0 1
2014   2 28  2  8 55 374152  -12.22471  -57.43571     4456  46.3  1  0  5  9 0 0 0 1 0 0 0 1 0 0 1 1 0 1
2014   2 28  2  8 55 571186   -4.90738  -74.35498    11127  64.1  2  0  5 10 0 0 1 1 1 0 0 1 0 0 1 0 0 0
2014   2 28  2  8 56 238429   -5.23726  -74.18311     7529  67.1  2  0  5 10 0 0 0 1 1 0 0 1 0 0 1 1 0 0
2014   2 28  2  8 56 256653   -5.17931  -73.89393     7373  76.3  2  0  5 10 0 0 1 1 1 0 0 0 0 0 1 1 0 0
2014   2 28  2  8 56 381435  -24.03535  -45.94633     3887  57.5  1  0  6 15 0 0 1 1 1 0 0 1 0 0 1 0 0 1
2014   2 28  2  8 56 403984  -24.03462  -45.94810     3885  57.5  1  0  6 15 0 0 1 1 1 0 0 1 0 0 1 0 0 1
2014   2 28  2  8 56 865521  -17.51585  -50.99887     3563  62.1  2  0  6 15 0 0 0 1 1 0 0 1 0 1 1 0 0 1
2014   2 28  2  8 57 825382  -25.89182  -44.57900     3179  33.0  0  0  6 15 0 0 1 1 1 0 0 1 0 1 1 0 0 0
2014   2 28  2  8 57 858847  -25.91366  -44.44551     6695  87.0  2  0  6 13 0 0 0 1 1 0 0 1 0 1 1 1 0 0
2014   2 28  2  8 57 881033  -25.87686  -44.56821     4533  37.4  1  0  5  8 0 0 1 1 1 0 0 0 0 0 1 0 0 1
2014   2 28  2  8 58  61791  -25.19613 -136.72318    20009  97.9  2  0  7 21 0 0 1 1 1 0 0 1 0 0 1 1 0 1
2014   2 28  2  8 58 112817  -11.58029  168.62103    19239  83.7  2  0  6 15 0 0 1 1 1 0 0 1 0 0 1 1 0 0
2014   2 28  2  8 58 232110  -11.23129  -75.65681     4959  86.9  2  0  7 21 0 0 1 1 1 0 0 1 0 0 1 1 0 1
2014   2 28  2  8 58 277095  -11.20344  -75.62193     5141  88.4  2  0  7 19 0 0 1 1 1 0 0 1 0 0 1 1 1 0
2014   2 28  2  8 58 458313  -11.23512  167.26369    16133  69.4  2  0  6 15 0 0 0 1 1 0 0 1 0 0 1 1 0 1
2014   2 28  2  8 59  18895    6.07961  -74.88935     6980  89.6  2  0  7 19 0 0 1 1 1 0 0 1 0 0 1 1 0 1
2014   2 28  2  9  0 551921  -23.59682  -46.36810     4973  98.8  2  0  6 14 0 0 0 1 1 0 0 0 0 1 1 1 0 1
2014   2 28  2  9  0 573734  -23.76133  -46.24342     4871  93.7  2  0  6 15 0 0 1 1 1 0 0 1 0 0 1 0 0 1
2014   2 28  2  9  0 731823  -26.03197  -44.66726     4184  54.9  1  0  6 15 0 0 1 1 1 0 0 1 0 0 1 0 0 1
2014   2 28  2  9  0 849782  -23.85230  -46.19575     4918  94.0  2  0  6 15 0 0 1 1 1 0 0 1 0 0 1 0 0 1
2014   2 28  2  9  0 976826  -23.92285  -46.11097     4910  92.4  2  0  6 15 0 0 1 1 1 0 0 1 0 0 1 0 0 1
2014   2 28  2  9  0 987563  -19.80988  -50.73045     2871   3.5  0  0  4  6 0 0 1 0 0 0 0 1 0 0 1 0 0 1
2014   2 28  2  9  1 158065  -19.82075  -50.73243     2866   3.3  0  0  4  6 0 0 1 0 0 0 0 1 0 0 1 0 0 1
2014   2 28  2  9  1 206444  -19.86071  -50.99593     3955 108.4  2  0  7 21 0 0 1 1 1 0 0 1 0 1 1 0 0 1
2014   2 28  2  9  1 257457   -0.13727  -65.76560     5902  23.1  1  0  4  6 0 0 0 1 0 0 0 0 0 1 0 1 0 1
2014   2 28  2  9  1 770554    0.10951  -64.82196     5870 109.4  2  0  7 21 0 0 0 1 1 0 0 1 0 1 1 1 0 1
2014   2 28  2  9  2 154835  -21.68383  -52.18388     4570 129.4  2  0  7 20 0 0 1 1 1 0 0 1 0 1 1 0 0 1
2014   2 28  2  9  3  60473    6.08420  -75.93034    11312 124.8  2  0  7 21 0 0 0 1 1 0 0 1 0 1 1 1 0 1
2014   2 28  2  9  3 760672  -26.07182  -44.79721     5016  61.4  2  0  6 12 0 0 1 1 1 0 0 1 0 0 1 0 0 1
2014   2 28  2  9  3 792663   -4.38962  -74.70338     7645 112.1  2  0  6 15 0 0 1 0 1 0 0 1 0 1 0 1 0 1
2014   2 28  2  9  3 836855  -25.92025  -44.87911     5320  34.9  1  0  5  7 0 0 0 1 1 0 0 1 0 0 1 0 0 1
2014   2 28  2  9  4 872686  -19.74958  -51.09612     4128  46.2  1  0  5  9 0 0 1 1 1 0 0 1 0 0 0 0 0 1
2014   2 28  2  9  4 945675   -5.50845  -42.19538     3655  13.0  0  0  5 10 0 0 1 1 1 0 0 1 0 0 0 0 0 1
2014   2 28  2  9  5  73928  -26.00043  -44.21751     3114  17.1  0  0  5 10 0 0 1 1 1 0 0 1 0 0 0 0 0 1
2014   2 28  2  9  6  74286    3.19324  -69.34499     4290  13.3  0  0  6 15 0 0 1 1 1 0 0 1 0 1 0 0 0 1
2014   2 28  2  9  6 636282  -15.73922  -49.84401     2591  19.3  0  0  6 15 0 0 1 1 1 0 0 1 0 1 0 0 0 1
2014   2 28  2  9  6 986928  -33.75617  -40.91736     3971  15.8  0  0  5 10 0 0 1 1 1 0 0 1 0 0 0 0 0 1
2014   2 28  2  9  7  94165  -26.19994  -44.24263     2730  18.6  0  0  6 15 0 0 1 1 1 0 0 1 0 1 0 0 0 1
2014   2 28  2  9  7 146452  -25.62549 -134.91006    12067   6.9  0  0  5 10 0 0 1 0 1 0 0 1 0 1 0 0 0 1
2014   2 28  2  9  7 321281  -24.28329 -138.04332    23914  28.4  0  0  5  9 0 0 1 1 1 0 0 1 0 0 0 0 0 1
2014   2 28  2  9  8 114521  -26.16618  -44.31248     3271  22.6  0  0  5 10 0 0 1 1 1 0 0 1 0 0 0 0 0 1
2014   2 28  2  9 10 931775  -12.30679  -57.61390     4618  60.4  2  0  6 15 0 0 1 1 1 0 0 1 0 1 0 0 0 1
2014   2 28  2  9 11 197539  -19.65560  -48.71741     2747  17.6  0  0  6 11 0 0 1 1 1 0 0 1 0 1 0 0 0 1
2014   2 28  2  9 11 768717  -32.57326  -43.05630     3509  28.0  0  0  6 15 0 0 1 1 1 0 0 1 0 1 0 0 0 1
2014   2 28  2  9 12 763801  -26.06023  -44.59193     3044  32.4  0  0  6 15 0 0 1 1 1 0 0 1 0 1 0 0 0 1
2014   2 28  2  9 12 857109  -26.02355  -44.62584     3769  35.8  1  0  5 10 0 0 1 1 1 0 0 1 0 0 0 0 0 1
2014   2 28  2  9 13 813363   -7.88033  -73.19001     8636  89.1  2  0  6 15 0 0 1 1 1 0 0 1 0 1 0 0 0 1
2014   2 28  2  9 14 358263  -26.17161  -44.60559     3981  30.6  1  0  5  9 0 0 1 1 1 0 0 1 0 0 0 0 0 1
2014   2 28  2  9 15 218009    6.38454  -76.29984    41259  42.8  1  0  5 10 0 0 0 1 1 0 0 1 0 1 0 0 0 1
2014   2 28  2  9 16  85533   -6.87041  -76.84612    11548 110.1  2  0  6 15 0 0 1 1 1 0 0 1 0 1 0 0 0 1
2014   2 28  2  9 16 134999   -9.56516  -74.63848     7066  14.1  0  0  5 10 0 0 1 1 1 0 0 0 0 1 0 0 0 1
2014   2 28  2  9 16 173810   -4.76969  -86.40218    17451  10.3  0  0  5 10 0 0 0 1 1 0 0 1 0 1 0 0 0 1
2014   2 28  2  9 16 725156  -26.14181  -44.76008     4128  22.4  1  0  4  6 0 0 1 1 1 0 0 1 0 0 0 0 0 0
2014   2 28  2  9 18 642856  -22.31879  -50.15937     3134  12.9  0  0  4  6 0 0 1 1 1 0 0 1 0 0 0 0 0 0
2014   2 28  2  9 18 797431  -25.84939  -44.78003     3547  40.7  1  0  6 13 0 0 1 1 1 0 0 1 0 1 0 0 0 1
2014   2 28  2  9 19 165453  -26.11744  -44.85956     4214  32.8  1  0  5  7 0 0 1 1 0 0 0 1 0 1 0 0 0 1
2014   2 28  2  9 25  70068  -12.54404  -75.15907    11727  15.8  0  0  5 10 0 0 0 1 1 0 0 1 0 1 0 0 0 1
2014   2 28  2  9 25 658944    3.55540  -68.12297    13239  18.8  0  0  5 10 0 0 0 1 1 0 0 1 0 1 0 0 0 1
2014   2 28  2  9 26 214361   -7.24900  -76.76957    11995   4.3  0  0  5  9 0 0 0 1 1 0 0 1 0 1 0 0 0 1
2014   2 28  2  9 28 294243  -15.87409  -50.03123     3073  25.2  0  0  5 10 0 0 0 1 1 0 0 1 0 1 0 0 0 1
2014   2 28  2  9 29 459305    8.60717  -79.77879    31534  24.5  0  0  5 10 0 0 0 1 1 0 0 1 0 1 0 0 0 1
2014   2 28  2  9 30 276575  -26.06938  -44.64056     7773  27.9  0  0  5  8 0 0 0 1 1 0 0 1 0 1 0 0 0 1
2014   2 28  2  9 31 905956    3.17213  -76.98383    29561  25.0  1  0  4  6 0 0 0 1 1 0 0 1 0 1 0 0 0 0
2014   2 28  2  9 32 242332    9.31191  -84.86250    42981  25.7  0  0  5  9 0 0 0 1 1 0 0 1 0 1 0 0 0 1
2014   2 28  2  9 32 954685  -23.17852  -48.95462     6057  60.6  2  0  5  7 0 0 0 1 1 0 0 1 0 1 0 0 0 1
2014   2 28  2  9 34 422481  -25.82321  -44.84260     9096  51.7  2  0  5 10 0 0 0 1 1 0 0 1 0 1 0 0 0 1
