2014   2 28  6 59 30 213015  -22.47845  -45.76300     3560  17.9  0  0  5  7 0 0 1 1 0 0 0 0 0 1 1 1 0 0
2014   2 28  6 59 31 406680  -22.02946 -140.54012    12382  14.6  0  0  4  6 0 0 1 0 0 0 0 0 0 1 1 1 0 0
2014   2 28  6 59 31 414561  -21.96248 -140.92715    11472  24.2  0  0  5 10 0 0 1 1 0 0 0 0 0 1 1 1 0 0
2014   2 28  6 59 31 424813  -21.93797 -140.95729    11424  24.0  0  0  5 10 0 0 1 1 0 0 0 0 0 1 1 1 0 0
2014   2 28  6 59 31 947251  -22.02283 -140.44443    13798  18.2  0  0  4  6 0 0 1 0 0 0 0 0 0 1 1 1 0 0
2014   2 28  6 59 33  75522  -20.72414  -47.34228     3356  15.0  0  0  4  6 0 0 1 1 0 0 0 0 0 1 1 0 0 0
2014   2 28  6 59 33 938866  -18.75191 -143.47961    13596  16.0  0  0  4  6 0 0 1 1 0 0 0 0 0 0 1 1 0 0
2014   2 28  6 59 34 353572  -20.38008  -52.13728     3412  25.0  0  0  5  9 0 0 1 1 0 0 0 0 0 1 1 1 0 0
2014   2 28  6 59 35  51564    0.48871  156.26147    14148  39.2  1  0  5 10 0 0 1 1 0 0 0 0 0 1 1 1 0 0
2014   2 28  6 59 43 117148  -21.68486  -46.44461     5925  56.0  2  0  5  7 0 0 1 1 0 0 0 0 0 1 1 1 0 0
2014   2 28  6 59 44 702770  -20.81478  -47.12754     2425   5.5  0  0  6 13 0 0 1 1 1 0 0 1 0 0 1 0 0 1
2014   2 28  6 59 45 175894  -12.80547  -71.72581     3350  19.0  0  0  5 10 0 0 1 0 1 0 0 1 0 0 1 1 0 0
2014   2 28  6 59 45 198766  -21.12593  -46.80305     2363   3.1  0  0  6 15 0 0 1 1 1 0 0 1 0 0 1 0 0 1
2014   2 28  6 59 45 236384  -21.12782  -46.80500     2366   3.5  0  0  6 15 0 0 1 1 1 0 0 1 0 0 1 0 0 1
2014   2 28  6 59 45 344050  -21.12509  -46.80856     2565   3.7  0  0  5 10 0 0 1 1 1 0 0 1 0 0 0 0 0 1
2014   2 28  6 59 45 389018  -21.13335  -46.80028     2494   2.9  0  0  5 10 0 0 0 1 1 0 0 1 0 0 1 0 0 1
2014   2 28  6 59 45 729809  -29.63098  -41.94965     2723  19.1  0  0  7 21 0 0 1 1 1 0 0 1 0 1 1 0 0 1
2014   2 28  6 59 45 910537    2.72119  -84.68152     3545  24.3  0  0  7 21 0 0 1 1 1 0 0 1 0 1 1 1 0 0
2014   2 28  6 59 46 888125  -30.05637  -41.75420     5890  26.8  1  0  4  6 0 0 1 0 0 0 0 1 0 0 1 0 0 1
2014   2 28  6 59 46 967287  -30.02147  -41.90101     3032  20.0  0  0  6 15 0 0 1 1 1 0 0 1 0 1 0 0 0 1
2014   2 28  6 59 47  75922  -30.02743  -41.78674     3622  20.5  0  0  5 10 0 0 1 1 1 0 0 0 0 0 1 0 0 1
2014   2 28  6 59 47 374578  -14.42941  -43.89250     2986  26.1  0  0  6 12 0 0 1 1 1 0 0 1 0 0 0 1 0 1
2014   2 28  6 59 47 392026  -21.89203  -46.03475     2889  10.9  0  0  5 10 0 0 1 0 1 0 0 0 0 1 1 0 0 1
2014   2 28  6 59 47 535586   -7.68291    5.84630    22148  14.5  0  0  5 10 0 0 0 1 1 0 0 1 0 0 1 0 0 1
2014   2 28  6 59 49 244286  -16.37325  -51.79296     2988  43.6  0  0  7 21 0 0 1 0 1 0 0 1 0 1 1 1 0 1
2014   2 28  6 59 49 443195  -29.84854 -135.71614    10246  31.9  0  0  6 15 0 0 1 1 1 0 0 1 0 0 1 1 0 0
2014   2 28  6 59 49 461215  -29.93738 -135.08217    12316  35.4  0  0  6 15 0 0 1 0 1 0 0 1 0 0 1 1 0 1
2014   2 28  6 59 49 528975  -16.32931  -51.65964     4306  40.1  1  0  5  9 0 0 0 0 1 0 0 1 0 0 1 1 0 1
2014   2 28  6 59 49 556912  -29.67703 -135.57828    16640  34.1  1  0  5 10 0 0 1 1 1 0 0 0 0 0 1 1 0 0
2014   2 28  6 59 49 655123  -29.58374 -136.74100    19049  16.7  0  0  4  6 0 0 0 1 0 0 0 1 0 0 1 1 0 0
2014   2 28  6 59 50 118028  -21.48408  -51.01778     3360  13.2  0  0  5  7 0 0 1 0 0 0 0 1 0 1 1 0 0 1
2014   2 28  6 59 50 386230    4.32950  -73.28664     5402  50.6  1  0  7 19 0 0 0 1 1 0 0 1 0 1 1 1 0 1
2014   2 28  6 59 50 951746  -21.46436  -46.68100     2981  12.9  0  0  5  9 0 0 1 1 1 0 0 0 0 0 1 0 0 1
2014   2 28  6 59 51 252951  -20.55235  -47.46457     3094  57.1  1  0  7 21 0 0 1 1 1 0 0 1 0 1 1 0 0 1
2014   2 28  6 59 52 359576  -29.57873  -42.13473     6100  51.9  2  0  5 10 0 0 1 1 0 0 0 1 0 0 1 0 0 1
2014   2 28  6 59 52 440649  -29.23986  -42.45958     4852  28.7  0  0  5 10 0 0 0 1 1 0 0 1 0 0 1 0 0 1
2014   2 28  6 59 52 533297  -29.52965  -42.18234     4536  48.9  1  0  6 15 0 0 1 1 1 0 0 1 0 0 1 0 0 1
2014   2 28  6 59 52 619996  -29.51680  -42.29198     3805  51.2  1  0  7 21 0 0 1 1 1 0 0 1 0 1 1 0 0 1
2014   2 28  6 59 56 171202  -21.17575  -46.93732     5045 111.0  2  0  7 18 0 0 1 1 1 0 0 1 0 0 1 1 0 1
2014   2 28  6 59 56 252717  -21.23969  -46.77463     4072  69.7  2  0  6 15 0 0 1 1 1 0 0 1 0 0 1 0 0 1
2014   2 28  6 59 56 315980  -21.45347  -46.62331     2734   6.8  0  0  5 10 0 0 1 1 1 0 0 0 0 0 1 0 0 1
2014   2 28  6 59 56 358798  -21.11011  -46.95160     5502 118.5  2  0  7 16 0 0 1 1 1 0 0 1 0 0 1 1 0 1
2014   2 28  6 59 56 635101  -10.95209  -57.66685     4863  82.4  2  0  6 15 0 0 1 0 1 0 0 1 0 0 1 1 0 1
2014   2 28  6 59 57 121398  -14.38108  -44.08007     3785  66.2  2  0  6 13 0 0 1 1 1 0 0 1 0 0 1 1 0 0
2014   2 28  6 59 57 681234  -29.44605  -42.52127     4754  78.3  2  0  7 21 0 0 1 1 1 0 0 1 0 1 1 0 0 1
2014   2 28  6 59 57 702704  -29.50362  -42.38823     6066  77.6  2  0  6 15 0 0 1 1 1 0 0 1 0 0 1 0 0 1
2014   2 28  6 59 58 152318  -15.42439 -141.31355    25309 114.3  2  0  6 15 0 0 1 1 1 0 0 1 0 0 0 1 0 1
2014   2 28  6 59 58 477424    1.89975  -21.05553     9325  60.9  1  0  7 21 0 0 1 0 1 0 0 1 0 1 1 1 0 1
2014   2 28  6 59 59 342141  -22.61017  -45.60569     3914  59.0  2  0  5 10 0 0 1 0 1 0 0 1 0 0 1 0 0 1
2014   2 28  6 59 59 640126    6.70566  -77.93871     7984 104.9  2  0  7 20 0 0 1 0 1 0 0 1 0 1 1 1 0 1
2014   2 28  7  0  0 342881    2.06264  -19.48002     2987  10.5  0  0  7 18 0 0 1 1 1 0 0 1 1 0 1 0 0 1
2014   2 28  7  0  0 513733  -20.81030  -47.15396     2434   9.0  0  0  6 15 0 0 1 1 1 0 0 1 0 0 1 0 0 1
2014   2 28  7  0  0 570129  -12.20965  -73.08432     2551  13.2  0  0  7 21 0 0 1 1 1 0 0 1 0 0 1 1 0 1
2014   2 28  7  0  1  34643  -12.16479  -73.13474     3058  16.1  0  0  7 21 0 0 0 0 1 0 0 1 0 1 1 1 1 1
2014   2 28  7  0  1 104104  -12.14643  -73.10898     2870  17.8  0  0  6 15 0 0 1 1 0 0 0 1 0 1 1 1 0 0
2014   2 28  7  0  1 194175  -12.14996  -73.09937     2660  17.6  0  0  7 21 0 0 1 1 0 0 0 1 0 1 1 1 0 1
2014   2 28  7  0  1 409065  -12.04833  -73.12668     2625  17.4  0  0  7 21 0 0 1 1 1 0 0 1 0 0 1 1 0 1
2014   2 28  7  0  1 593022  -10.53397  -57.71130     2323   9.2  0  0  7 21 0 0 1 1 1 0 0 0 0 0 1 1 1 1
2014   2 28  7  0  1 647470  -12.16063  -73.21674     3705  14.5  0  0  5 10 0 0 0 1 1 0 0 1 0 0 1 1 0 0
2014   2 28  7  0  1 998849  -12.11300  -73.12080     3021   9.6  0  0  5  9 0 0 1 1 1 0 0 0 0 0 1 1 0 0
2014   2 28  7  0  2 196651  -22.03357  -45.75406     2417   9.0  0  0  6 15 0 0 1 1 1 0 0 1 0 0 1 0 0 1
2014   2 28  7  0  2 701072  -20.83433  -47.05867     2752   9.6  0  0  5  9 0 0 1 0 1 0 0 1 0 0 1 0 0 1
2014   2 28  7  0  2 828866  -22.04508  -45.73969     2842  11.0  0  0  5  9 0 0 1 1 1 0 0 0 0 0 1 0 0 1
2014   2 28  7  0  3  51378  -29.61515  -41.98098     2908  23.9  0  0  7 21 0 0 1 1 1 0 0 1 0 1 1 0 0 1
2014   2 28  7  0  3  67017  -29.63994  -41.90625     4841  22.4  1  0  4  6 0 0 1 1 0 0 0 0 0 0 1 0 0 1
2014   2 28  7  0  3 113318  -29.64313  -41.92559     3203  21.2  0  0  6 15 0 0 1 1 1 0 0 1 0 0 1 0 0 1
2014   2 28  7  0  3 514400  -29.82379  -41.98405     4367   7.9  0  0  4  6 0 0 0 1 0 0 0 0 0 1 1 0 0 1
2014   2 28  7  0  3 563612  -30.05435  -41.82339     3264  37.0  0  0  7 21 0 0 1 1 1 0 0 1 0 1 1 1 0 0
2014   2 28  7  0  3 647589  -19.06089 -143.68631     7215  25.8  0  0  7 20 0 0 1 1 1 0 0 1 0 1 0 1 0 1
2014   2 28  7  0  3 685807  -18.97722 -142.63237     6986   6.8  0  0  5 10 0 0 1 1 0 0 0 1 0 0 1 1 0 0
2014   2 28  7  0  3 725986  -19.12632 -142.00467     8134  34.1  0  0  7 21 0 0 1 1 1 0 0 1 0 1 0 1 0 1
2014   2 28  7  0  3 784781  -19.00479 -142.91806    11871  20.7  0  0  6 13 0 0 0 1 1 0 0 1 0 0 1 1 1 0
2014   2 28  7  0  3 883249   14.64537  151.96701     7321  21.5  0  0  5  8 0 0 1 0 1 0 0 0 0 0 1 1 0 1
2014   2 28  7  0  5 118951  -21.13341  -46.61853     2832  26.2  0  0  6 15 0 0 1 1 1 0 0 1 0 0 1 0 0 1
2014   2 28  7  0  5 285949  -12.79146  156.71158     9313  41.0  1  0  6 14 0 0 0 1 0 0 0 1 0 1 1 1 0 1
2014   2 28  7  0  6 294758  -31.92671 -136.10046    31297  16.2  0  0  4  6 0 0 1 1 0 0 0 1 0 0 1 0 0 0
2014   2 28  7  0  6 328938  -11.65513  -57.17501     5516  40.7  1  0  6 15 0 0 1 1 1 0 0 0 0 1 1 0 0 1
2014   2 28  7  0  7 283775  -20.76576  -47.10661     3691  60.8  2  0  6 15 0 0 1 0 1 0 0 1 0 0 1 1 0 1
2014   2 28  7  0  7 670606    7.14983  -74.23205     7752  53.2  2  0  5 10 0 0 0 1 1 0 0 1 0 0 1 1 0 0
2014   2 28  7  0  8 263313  -22.83558  -45.56672     3510   0.2  0  0  4  6 0 0 1 1 0 0 0 0 0 0 1 0 0 1
2014   2 28  7  0  8 692449  -21.13017  -46.92018     3345  71.0  2  0  7 21 0 0 1 1 1 0 0 1 0 1 1 0 0 1
2014   2 28  7  0  8 703213  -21.17652  -46.77460     3473  50.2  1  0  6 15 0 0 1 1 1 0 0 1 0 0 1 0 0 1
2014   2 28  7  0  8 725561    7.06943  -74.51167     9211  88.0  2  0  6 11 0 0 1 0 0 0 0 1 0 1 1 1 1 0
2014   2 28  7  0  8 914790  -21.14661  -46.81041     4191  46.7  1  0  5  9 0 0 1 1 0 0 0 1 0 0 1 0 0 1
2014   2 28  7  0  8 925202  -21.15586  -46.88528     3517  84.5  2  0  7 21 0 0 1 1 1 0 0 1 0 1 1 0 0 1
2014   2 28  7  0  9 183221  -13.14864  -71.30858     4304  71.3  2  0  7 19 0 0 1 1 1 0 0 1 0 0 1 1 0 1
2014   2 28  7  0  9 790542  -29.55860  -42.20538     6526  65.1  2  0  5 10 0 0 1 1 1 0 0 0 0 0 1 0 0 1
2014   2 28  7  0 10 111693  -29.54464  -42.22547     6665  67.3  2  0  5 10 0 0 1 1 1 0 0 0 0 0 1 0 0 1
2014   2 28  7  0 10 899855  -22.06652  -45.72194     3844  89.8  2  0  7 20 0 0 1 0 1 0 0 1 0 1 1 1 0 1
2014   2 28  7  0 10 918554  -22.17504  -45.77594     4614  71.6  2  0  5 10 0 0 1 0 1 0 0 1 0 1 0 0 0 1
2014   2 28  7  0 10 926609  -22.24910  -45.60515     4379  65.0  2  0  6 11 0 0 1 1 1 0 0 1 0 0 1 0 0 1
2014   2 28  7  0 10 957756  -22.25245  -45.64681     3851  60.4  2  0  6 13 0 0 1 1 1 0 0 1 0 0 1 0 0 1
2014   2 28  7  0 13 544455  -32.81314  -42.47777     7562  63.0  2  0  6 14 0 0 1 0 1 0 0 1 0 1 0 1 0 1
2014   2 28  7  0 13 559453  -33.05728  -41.78851     7896  95.0  2  0  6 15 0 0 1 1 1 0 0 1 0 0 1 0 0 1
2014   2 28  7  0 13 674868  -31.95485  -42.71068     7268  40.0  1  0  5 10 0 0 0 1 1 0 0 1 0 0 1 0 0 1
2014   2 28  7  0 13 804391  -32.85251  -42.54326     5601  21.7  1  0  4  6 0 0 1 1 1 0 0 1 0 0 0 0 0 0
2014   2 28  7  0 14  20646  -21.09012  -47.16267     4129 114.9  2  0  7 21 0 0 1 1 1 0 0 1 0 1 1 0 0 1
2014   2 28  7  0 14  29418  -21.16671  -46.95735     4488  86.7  2  0  6 15 0 0 1 1 1 0 0 1 0 0 1 0 0 1
2014   2 28  7  0 14 873747  -21.18331  -46.98978     4262 121.7  2  0  7 21 0 0 1 1 1 0 0 1 0 1 1 0 0 1
2014   2 28  7  0 15 793180    1.55530  -71.76682    13431  19.8  0  0  4  6 0 0 1 1 1 0 0 0 0 1 0 0 0 0
2014   2 28  7  0 16 754601    4.67780  -73.21855     4439  10.9  0  0  5  9 0 0 0 1 1 0 0 1 0 0 0 1 0 1
2014   2 28  7  0 17 248237  -20.76147  -47.28019     2577  16.2  0  0  6 14 0 0 1 1 1 0 0 0 0 1 1 1 0 0
2014   2 28  7  0 17 324877    2.76789  -84.61823     3206  17.8  0  0  7 21 0 0 1 1 1 0 0 0 0 1 1 1 0 1
2014   2 28  7  0 17 363307   24.52320  -86.69710    19284  12.4  0  0  5 10 0 0 0 1 1 0 0 1 0 0 0 1 0 1
2014   2 28  7  0 17 597690  -21.93880  -45.86880     2517  22.8  0  0  7 21 0 0 1 0 1 0 0 1 0 1 1 1 0 1
2014   2 28  7  0 17 606160  -21.97199  -45.83447     2621   9.6  0  0  5 10 0 0 1 1 1 0 0 1 0 0 0 0 0 1
2014   2 28  7  0 17 630993  -29.65996  -41.99446     2869  22.3  0  0  7 20 0 0 1 1 1 0 0 1 0 1 0 1 0 1
2014   2 28  7  0 17 663663   -6.27204  -74.69691     3951  21.6  0  0  6 15 0 0 0 0 1 0 0 1 0 1 1 1 0 1
2014   2 28  7  0 17 750151  -21.95098  -45.85130     2682  11.2  0  0  5  9 0 0 0 1 1 0 0 1 0 0 1 0 0 1
2014   2 28  7  0 17 961828  -29.45192  -42.07885     2909  24.9  0  0  7 21 0 0 1 1 0 0 0 1 0 1 1 1 0 1
2014   2 28  7  0 17 976928  -29.43836  -42.03504     6576  18.8  0  0  5  8 0 0 0 1 1 0 0 1 0 0 1 0 0 1
2014   2 28  7  0 18  83669  -29.43311  -42.04773     2936  23.0  0  0  7 18 0 0 1 1 1 0 0 1 0 1 1 1 0 0
2014   2 28  7  0 18  90760  -29.46455  -42.00867     3047  17.3  0  0  6 15 0 0 1 1 1 0 0 1 0 0 1 0 0 1
2014   2 28  7  0 18 357570  -29.90774  -41.91774     6120  12.4  0  0  5 10 0 0 0 1 1 0 0 1 0 1 0 0 0 1
2014   2 28  7  0 18 499746    6.92038  -74.44054     3510  26.0  0  0  7 21 0 0 1 1 1 0 0 0 0 1 1 1 0 1
2014   2 28  7  0 18 707853  -29.73383  -41.85212     3497   2.6  0  0  4  6 0 0 1 1 0 0 0 1 0 0 1 0 0 0
2014   2 28  7  0 19 777385  -29.65092  -41.99755     3493  26.3  0  0  6 15 0 0 1 1 1 0 0 1 0 0 1 0 0 1
2014   2 28  7  0 21 814281  -21.16846  -46.83833     4143  41.2  1  0  5  9 0 0 0 1 1 0 0 1 0 0 1 0 0 1
2014   2 28  7  0 21 907218  -21.05139  -46.87455     3099  55.6  1  0  7 21 0 0 1 0 1 0 0 1 0 1 1 1 0 1
2014   2 28  7  0 21 966134  -21.13241  -46.75676     3283  29.6  0  0  5 10 0 0 1 0 1 0 0 1 0 0 1 0 0 1
2014   2 28  7  0 22 221502  -24.94246  -44.81842     3266  44.6  0  0  7 20 0 0 1 1 1 0 0 1 0 1 1 0 0 1
2014   2 28  7  0 22 594787  -20.63327  -47.11910     3950  47.5  1  0  5 10 0 0 0 1 1 0 0 1 0 0 1 0 0 1
2014   2 28  7  0 23 775682  -20.50018  -47.46457     3655  82.4  2  0  7 21 0 0 1 1 1 0 0 1 0 0 1 1 0 1
2014   2 28  7  0 24 620607  -22.54619  -45.72739     3431  72.9  2  0  7 21 0 0 1 1 1 0 0 1 0 1 1 0 0 1
2014   2 28  7  0 24 652154  -18.67514 -143.53479    12891  15.8  0  0  4  6 0 0 1 0 0 0 0 1 0 0 1 1 0 0
2014   2 28  7  0 24 773422  -29.13914  -42.62120     3925  26.7  0  0  6 15 0 0 0 1 1 0 0 1 0 1 1 0 0 1
2014   2 28  7  0 24 990148  -29.57355  -42.25252     4665  54.7  1  0  6 15 0 0 1 1 0 0 0 1 0 1 1 0 0 1
2014   2 28  7  0 25   9140  -29.53607  -42.50936     3753  20.4  0  0  5 10 0 0 1 1 1 0 0 1 0 0 0 0 0 1
2014   2 28  7  0 25 648613  -21.12618  -47.04686     5507 107.0  2  0  6 13 0 0 0 1 1 0 0 1 0 0 1 1 0 1
2014   2 28  7  0 25 703995  -21.07651  -46.79239     4118  81.0  2  0  6 14 0 0 1 0 1 0 0 1 0 0 1 1 0 1
2014   2 28  7  0 26 102687    3.60357  -86.09170     7418  93.8  2  0  7 21 0 0 1 1 0 0 0 1 0 1 1 1 0 1
2014   2 28  7  0 26 124636  -29.48087  -42.31149     5438  63.4  2  0  6 15 0 0 1 1 1 0 0 1 0 0 1 0 0 1
2014   2 28  7  0 26 232228  -29.42883  -42.39218     4977  66.3  2  0  6 15 0 0 1 1 1 0 0 0 0 1 1 0 0 1
2014   2 28  7  0 26 251503  -22.87774  -45.73059     4450  80.8  2  0  6 15 0 0 1 1 1 0 0 1 0 0 1 0 0 1
2014   2 28  7  0 26 282362  -29.56848  -42.15312     6349  53.8  2  0  5 10 0 0 1 1 0 0 0 1 0 0 1 0 0 1
2014   2 28  7  0 26 356098  -29.47572  -42.32207     5482  64.3  2  0  6 15 0 0 1 1 1 0 0 1 0 0 1 0 0 1
2014   2 28  7  0 26 410447  -29.49915  -42.30445     7013  69.0  2  0  5 10 0 0 1 1 1 0 0 1 0 0 1 0 0 0
2014   2 28  7  0 26 452849  -29.43577  -42.41599     4243  63.3  1  0  7 21 0 0 1 1 1 0 0 1 0 1 1 0 0 1
2014   2 28  7  0 26 479108  -22.83169  -45.74127     4434  82.4  2  0  6 15 0 0 1 1 1 0 0 1 0 0 1 0 0 1
2014   2 28  7  0 27 287837    5.13745  149.05676    14824  80.1  2  0  5 10 0 0 1 0 1 0 0 1 0 0 1 1 0 0
2014   2 28  7  0 27 982741  -22.36520  -45.93645     4176  82.5  2  0  6 15 0 0 1 1 1 0 0 1 0 0 1 0 0 1
2014   2 28  7  0 29 199726  -20.39828  -52.12484     4095  97.3  2  0  7 19 0 0 1 1 0 0 0 1 0 1 1 1 0 1
2014   2 28  7  0 29 208208  -20.33840  -52.39639     2960  46.9  0  0  7 21 0 0 1 1 0 0 0 1 0 1 1 1 1 0
2014   2 28  7  0 29 231511  -20.41177  -52.37523     3006   5.5  0  0  4  6 0 0 1 0 0 0 0 1 0 1 1 0 0 0
2014   2 28  7  0 29 285704  -20.38750  -52.18513     4931 115.7  2  0  7 18 0 0 1 1 1 0 0 1 0 1 1 1 0 0
2014   2 28  7  0 29 294160  -21.04127  -46.88139     4455 114.9  2  0  7 19 0 0 1 0 1 0 0 1 0 1 1 1 0 1
2014   2 28  7  0 29 348325  -21.18446  -46.66806     4279  56.7  2  0  5 10 0 0 1 0 1 0 0 1 0 0 1 0 0 1
2014   2 28  7  0 29 374782  -10.81595  -57.94952     3094  20.2  0  0  5  8 0 0 1 1 0 0 0 1 0 0 1 1 0 0
2014   2 28  7  0 29 385261  -21.37133  -49.22390     5505  99.0  2  0  6 12 0 0 1 1 1 0 0 1 0 0 1 0 0 1
2014   2 28  7  0 29 408346  -21.03871  -49.66482     3545  68.7  1  0  7 18 0 0 1 1 0 0 0 1 0 1 1 1 0 1
2014   2 28  7  0 29 435675    6.95463  -77.04031     7286 111.0  2  0  7 21 0 0 1 1 1 0 0 1 0 0 1 1 0 1
2014   2 28  7  0 30 430344  -24.91790  -44.94977     7308  71.9  2  0  5 10 0 0 1 0 1 0 0 1 0 0 1 0 0 1
2014   2 28  7  0 30 648224  -11.79577  -72.96230     5642  64.2  2  0  6 11 0 0 1 0 1 0 0 1 0 1 0 1 0 1
2014   2 28  7  0 31  72232   -7.39470  172.70111    27566 106.5  2  0  6 15 0 0 1 0 1 0 0 1 0 1 0 1 0 1
2014   2 28  7  0 31 706451  -29.42585  -42.54588     7180  96.2  2  0  6 15 0 0 1 1 1 0 0 1 0 0 1 0 0 1
2014   2 28  7  0 31 728776  -29.42562  -42.53673     7196  96.5  2  0  6 15 0 0 1 1 1 0 0 1 0 0 1 0 0 1
2014   2 28  7  0 31 872614  -29.40759  -42.53121     7220  97.3  2  0  6 15 0 0 1 1 1 0 0 1 0 0 1 0 0 1
2014   2 28  7  0 32 179097    3.58665  152.91966     6605  21.5  0  0  5 10 0 0 1 1 0 0 0 1 0 0 1 1 0 0
2014   2 28  7  0 32 271473    4.04776  151.59364     6285  27.0  0  0  7 20 0 0 1 1 1 0 0 0 0 1 1 1 0 1
2014   2 28  7  0 32 702283  -24.44816  -45.31840     2886  20.6  0  0  6 15 0 0 1 1 1 0 0 1 0 0 1 0 0 1
2014   2 28  7  0 33 852022  -19.19675 -141.98151    21978  32.5  1  0  5 10 0 0 0 1 0 0 0 1 0 0 1 1 0 1
2014   2 28  7  0 33 913394  -13.63348  -43.38520     2773  28.1  0  0  6 15 0 0 0 1 1 0 0 1 0 0 1 1 0 1
2014   2 28  7  0 34 385008  -16.27525  -51.63603     2650  29.1  0  0  7 21 0 0 1 1 1 0 0 1 0 0 1 1 0 1
2014   2 28  7  0 34 457551  -16.31672  -51.65088     3314  33.3  0  0  6 11 0 0 1 1 0 0 0 1 0 1 0 1 1 0
2014   2 28  7  0 34 629226  -22.06347  -45.58897     3042  12.9  0  0  5 10 0 0 1 1 1 0 0 1 0 0 1 0 0 0
2014   2 28  7  0 34 698647  -20.42284  -47.09190     2626  16.3  0  0  6 14 0 0 1 1 1 0 0 1 0 0 1 0 0 1
2014   2 28  7  0 35 134900  -20.38658  -48.72889     3451  59.9  1  0  7 18 0 0 1 1 1 0 0 1 0 1 1 0 0 1
2014   2 28  7  0 35 363701  -25.08876 -134.98291    20820  40.0  0  0  6 15 0 0 0 1 1 0 0 1 0 0 1 1 0 1
2014   2 28  7  0 35 378276  -25.10944 -133.57393    11950  14.0  0  0  4  6 0 0 1 1 0 0 0 0 0 0 0 1 0 1
2014   2 28  7  0 35 427956    5.62849  154.05594     9752  17.7  0  0  5  8 0 0 1 1 0 0 0 1 0 0 0 1 0 1
2014   2 28  7  0 36 221036  -21.06182  -46.81448     3016  46.9  0  0  7 21 0 0 1 0 1 0 0 1 0 0 1 1 1 1
2014   2 28  7  0 37 774510    7.09390  -73.49504     4629  55.6  1  0  7 21 0 0 1 1 1 0 0 1 0 1 1 1 0 0
2014   2 28  7  0 37 915082  -14.33735  -43.64657     2868  33.1  0  0  6 15 0 0 1 1 1 0 0 1 0 0 1 0 0 1
2014   2 28  7  0 38 208704    7.15964  -73.51794     4942  59.7  1  0  7 20 0 0 1 1 1 0 0 1 0 1 1 1 0 0
2014   2 28  7  0 39 354360    4.44581  -84.99442     5675  63.7  1  0  7 21 0 0 1 1 1 0 0 1 0 0 1 1 0 1
2014   2 28  7  0 39 373354    4.44128  -84.97178    12654  70.2  2  0  6 15 0 0 0 1 1 0 0 1 0 0 1 1 0 1
2014   2 28  7  0 39 542389    4.45732  -84.99535     5766  65.2  1  0  7 21 0 0 1 1 1 0 0 1 0 0 1 1 0 1
2014   2 28  7  0 39 581007  -20.61086  -47.05399     3509  35.8  1  0  5 10 0 0 0 1 1 0 0 1 0 0 1 0 0 1
2014   2 28  7  0 40 114261  -12.57537  156.13249    26121  50.2  2  0  5  9 0 0 0 1 1 0 0 0 0 1 0 1 0 1
2014   2 28  7  0 41 320549  -20.53926  -47.07724     4065  81.2  2  0  6 15 0 0 0 1 1 0 0 1 0 1 1 0 0 1
2014   2 28  7  0 41 330371  -20.58025  -46.88127     3290  40.3  1  0  6 15 0 0 1 1 1 0 0 1 0 0 1 0 0 1
2014   2 28  7  0 42  59502    4.62724  -70.66955    16906  51.1  1  0  6 15 0 0 0 1 1 0 0 1 0 1 1 0 0 1
2014   2 28  7  0 42 116929    7.24085  -73.42680     6855  83.4  2  0  7 17 0 0 1 1 1 0 0 1 0 0 1 1 0 1
2014   2 28  7  0 42 418029  -20.93772  -46.92508     3737  92.2  2  0  7 20 0 0 0 1 1 0 0 1 0 1 1 1 0 1
2014   2 28  7  0 42 474801    2.87373  -84.09618     5071  55.7  1  0  7 21 0 0 1 1 1 0 0 0 0 1 1 1 0 1
2014   2 28  7  0 42 528449  -21.12747  -46.59659     3554  49.9  1  0  6 15 0 0 1 1 1 0 0 1 0 0 1 0 0 1
2014   2 28  7  0 42 839696  -21.13258  -46.58929     3623  52.1  1  0  6 15 0 0 1 1 1 0 0 1 0 0 1 0 0 1
2014   2 28  7  0 42 934208  -21.07056  -46.77378     3697  86.3  2  0  7 21 0 0 1 1 1 0 0 1 0 1 1 0 0 1
2014   2 28  7  0 42 961939  -21.12086  -46.62858     3738  58.2  1  0  7 16 0 0 1 1 1 0 0 1 0 0 1 1 0 1
2014   2 28  7  0 43 125667  -21.07029  -46.82381     3884  93.4  2  0  7 18 0 0 1 1 1 0 0 1 0 1 0 1 0 1
2014   2 28  7  0 43 246412  -21.15218  -46.57060     3712  48.6  1  0  6 14 0 0 1 1 1 0 0 1 0 0 1 0 0 1
2014   2 28  7  0 45 467903  -29.50763  -41.71703     9083  98.6  2  0  7 16 0 0 0 1 1 0 0 1 0 1 1 1 0 1
2014   2 28  7  0 45 612988  -29.61124  -41.37001     4096  29.6  0  0  5 10 0 0 1 1 1 0 0 0 0 0 1 0 0 1
2014   2 28  7  0 45 845658    4.40647  -72.26529     4694  66.1  1  0  7 21 0 0 1 1 1 0 0 0 0 1 1 1 0 1
2014   2 28  7  0 46   7703  -21.02727  -46.92601     4108 108.1  2  0  7 21 0 0 1 1 1 0 0 1 0 1 1 0 0 1
2014   2 28  7  0 46 782137  -32.90981  -99.50941    32024   6.7  0  0  4  6 0 0 0 1 0 0 0 1 0 0 1 0 0 1
2014   2 28  7  0 47 398949  -29.67347  -41.36034     6111  87.9  2  0  6 15 0 0 1 1 1 0 0 1 0 0 1 0 0 1
2014   2 28  7  0 47 477706  -12.56946  -72.27158     8915 104.4  2  0  6 15 0 0 1 1 1 0 0 1 0 0 1 0 0 1
2014   2 28  7  0 47 533885  -29.93506  -41.45140     5772 106.2  2  0  7 21 0 0 1 1 1 0 0 1 0 1 1 0 0 1
2014   2 28  7  0 47 642921  -29.93358  -41.45097     5808 107.5  2  0  7 21 0 0 1 1 1 0 0 1 0 1 1 0 0 1
2014   2 28  7  0 47 652745  -29.92639  -41.44847     7001 115.1  2  0  6 15 0 0 1 1 1 0 0 1 0 1 1 0 0 0
2014   2 28  7  0 47 851757  -20.74442  -47.03123     5236 136.5  2  0  7 17 0 0 1 1 1 0 0 1 0 1 1 1 0 0
2014   2 28  7  0 47 877737  -20.82088  -46.75428     4129  68.4  2  0  6 15 0 0 1 1 1 0 0 1 0 0 1 0 0 1
2014   2 28  7  0 47 898254  -20.70175  -46.59249     3766  55.9  1  0  6 12 0 0 1 1 1 0 0 1 0 0 1 0 0 1
2014   2 28  7  0 48  55936  -20.80154  -47.17690     2492  16.7  0  0  7 17 0 0 1 1 1 0 0 1 0 1 0 1 0 1
2014   2 28  7  0 48 185806  -21.17594  -46.64034     5458 113.9  2  0  6 11 0 0 0 1 1 0 0 1 0 0 1 0 1 1
2014   2 28  7  0 48 649168    3.37555  151.02710     8529  24.7  0  0  5  8 0 0 1 1 0 0 0 1 0 0 1 1 0 0
2014   2 28  7  0 49 223265  -20.97163  -46.51755     2373   2.7  0  0  6 15 0 0 1 1 1 0 0 1 0 0 1 0 0 1
2014   2 28  7  0 49 716390   33.29802 -168.59590    10504  49.0  0  0  7 21 0 0 1 1 1 0 0 1 0 1 1 1 0 0
2014   2 28  7  0 49 946490  -21.06519  -46.84585     2842   2.0  0  0  5  7 0 0 1 1 1 0 0 1 0 0 0 0 0 1
2014   2 28  7  0 50 903016  -20.80150  -49.75917     2840  29.0  0  0  6 14 0 0 1 1 1 0 0 1 0 1 1 0 0 0
2014   2 28  7  0 51 111767   -4.64580  -71.48169     3222  23.2  0  0  6 15 0 0 1 0 1 0 0 0 0 1 1 1 0 1
2014   2 28  7  0 51 172648   -4.63075  -71.55980     3418   0.4  0  0  4  6 0 0 1 0 0 0 0 0 0 0 1 1 0 1
2014   2 28  7  0 51 194317   -4.66361  -71.66670     3205  36.5  0  0  7 21 0 0 1 1 0 0 0 1 0 1 1 1 0 1
2014   2 28  7  0 52 145878    0.54194  155.63551     6603   1.7  0  0  4  6 0 0 1 0 0 0 0 1 0 0 1 1 0 0
2014   2 28  7  0 53 190997  -29.61964  -42.11650     3794   9.2  0  0  4  6 0 0 1 1 1 0 0 1 0 0 0 0 0 0
2014   2 28  7  0 53 299685  -10.53101  -57.91047     3490  43.5  1  0  6 15 0 0 0 1 0 0 0 1 0 1 1 1 0 1
2014   2 28  7  0 53 386828  -10.49990  -57.81955     4934  56.1  2  0  5 10 0 0 1 0 0 0 0 1 0 1 1 1 0 0
2014   2 28  7  0 53 776452  -18.92102 -142.54022     9379  40.4  0  0  7 21 0 0 1 1 1 0 0 1 0 0 1 1 0 1
2014   2 28  7  0 53 847911  -18.85818 -142.73412    15147  44.0  1  0  5 10 0 0 1 1 1 0 0 1 0 0 0 1 0 0
2014   2 28  7  0 53 919413  -22.39512  -45.89288     2946  49.6  0  0  7 21 0 0 1 0 1 0 0 1 0 1 1 1 0 1
2014   2 28  7  0 54   7803  -22.49812  -45.82331     3367  65.4  1  0  7 21 0 0 1 1 1 0 0 1 0 0 1 1 0 1
2014   2 28  7  0 54  51420  -22.42236  -46.02344     3069  44.3  0  0  7 20 0 0 1 1 1 0 0 1 0 1 1 1 0 0
2014   2 28  7  0 54 193802  -22.38687  -46.05408     2965  39.6  0  0  7 21 0 0 1 1 0 0 0 1 0 1 1 1 1 0
2014   2 28  7  0 54 416728  -22.59611  -45.72753     3163  40.0  1  0  6 15 0 0 1 1 1 0 0 1 0 0 1 0 0 1
2014   2 28  7  0 54 521726    4.78331  149.46379     9175  37.2  0  0  6 14 0 0 1 1 1 0 0 0 0 1 0 1 0 1
2014   2 28  7  0 55 612368  -15.89423  -51.59634     3255  62.3  1  0  7 21 0 0 1 1 1 0 0 0 0 1 1 1 0 1
2014   2 28  7  0 55 622078  -15.98485  -51.46952     3078  48.6  0  0  7 21 0 0 1 1 1 0 0 1 0 0 1 1 0 1
2014   2 28  7  0 55 639277  -15.88552  -51.56717     3442  54.4  1  0  7 17 0 0 1 1 1 0 0 1 0 0 1 1 0 1
2014   2 28  7  0 55 648218  -15.93228  -51.52374     3478  66.0  1  0  7 21 0 0 1 0 1 0 0 1 0 1 1 1 0 1
2014   2 28  7  0 55 704568  -16.01035  -51.44707     4435  38.3  1  0  5  8 0 0 1 1 1 0 0 1 0 0 0 0 0 1
2014   2 28  7  0 56 499023  -21.20325  -46.87333     3532  48.9  1  0  6 14 0 0 1 1 1 0 0 1 0 0 1 0 0 1
2014   2 28  7  0 56 532106  -21.17234  -47.01646     3269  67.6  1  0  7 21 0 0 1 1 1 0 0 1 0 1 1 0 0 1
2014   2 28  7  0 56 839247  -20.68839  -47.40882     4608  83.1  2  0  6 14 0 0 1 1 1 0 0 1 0 0 1 1 0 0
2014   2 28  7  0 57 155691    7.01211  -78.34274    12588  75.4  2  0  6 11 0 0 1 1 1 0 0 1 0 0 1 1 0 0
2014   2 28  7  0 57 529074  -29.93680  -42.12833     4107  56.4  1  0  7 21 0 0 1 1 1 0 0 1 0 1 1 0 0 1
2014   2 28  7  0 57 613033  -22.08847  -45.75169     4255  57.9  2  0  5  9 0 0 0 1 1 0 0 1 0 0 1 0 0 1
2014   2 28  7  0 57 622214  -29.92936  -42.13720     4138  57.3  1  0  7 21 0 0 1 1 1 0 0 1 0 1 1 0 0 1
2014   2 28  7  0 57 647927  -29.92806  -42.13198     4139  57.5  1  0  7 21 0 0 1 1 1 0 0 1 0 1 1 0 0 1
2014   2 28  7  0 57 717308  -29.92950  -42.15376     4161  58.0  1  0  7 21 0 0 1 1 1 0 0 1 0 1 1 0 0 1
2014   2 28  7  0 57 877434   -5.98972  -74.83192     4678  77.4  2  0  7 21 0 0 1 1 1 0 0 1 0 0 1 1 0 1
2014   2 28  7  0 57 886204   -6.03204  -74.57265     4801  76.2  2  0  7 21 0 0 1 0 1 0 0 1 0 1 1 1 0 1
2014   2 28  7  0 57 964454  -30.02903  -41.92876     6411  54.0  2  0  5 10 0 0 1 1 0 0 0 1 0 0 1 0 0 1
2014   2 28  7  0 57 982817  -29.90993  -42.40856     4040  16.3  0  0  5 10 0 0 1 0 1 0 0 1 0 1 0 0 0 1
2014   2 28  7  0 58 100180  -29.91816  -42.16124     4223  59.9  1  0  7 21 0 0 1 1 1 0 0 1 0 1 1 0 0 1
2014   2 28  7  0 58 887234   -9.56457  160.63927    18262  86.4  2  0  6 15 0 0 1 1 0 0 0 1 0 1 1 1 0 0
2014   2 28  7  0 59 315956  -32.53546  -40.69682     5817  24.0  0  0  5 10 0 0 0 1 1 0 0 0 0 1 1 0 0 1
2014   2 28  7  0 59 322666  -33.73607  -39.67424     6883  71.0  2  0  6 15 0 0 1 1 1 0 0 1 0 0 1 0 0 1
2014   2 28  7  0 59 365360  -33.85455  -39.13363     8658  55.3  2  0  5 10 0 0 1 0 1 0 0 1 0 0 1 0 0 1
2014   2 28  7  0 59 547769  -33.58706  -40.32677     4447   9.7  0  0  4  6 0 0 1 1 1 0 0 1 0 0 0 0 0 0
2014   2 28  7  1  0 604438  -21.50345  -46.66026     3284  17.4  0  0  5  9 0 0 1 1 1 0 0 0 0 0 1 0 0 1
2014   2 28  7  1  1 754736  -10.86834  -56.92517     5255 125.8  2  0  7 21 0 0 1 1 1 0 0 0 0 1 1 1 0 1
2014   2 28  7  1  2  48735  -21.77415 -142.98369    21434  87.0  2  0  6 15 0 0 1 1 0 0 0 1 0 0 1 1 0 1
2014   2 28  7  1  2 171513  -22.11778 -140.67807    25123 124.6  2  0  7 21 0 0 1 1 1 0 0 0 0 1 1 1 0 1
2014   2 28  7  1  3 289507  -29.40277  -42.86309     3798   9.7  0  0  4  6 0 0 1 1 1 0 0 1 0 0 0 0 0 0
2014   2 28  7  1  3 346792  -29.60603  -42.81245     7112   5.9  0  0  4  6 0 0 0 1 1 0 0 1 0 1 0 0 0 0
2014   2 28  7  1  3 564607  -29.34447  -42.51784     6599 114.2  2  0  7 18 0 0 1 1 1 0 0 1 0 0 1 1 0 1
2014   2 28  7  1  3 746871  -29.40049  -42.88194     3758   9.1  0  0  4  6 0 0 1 1 1 0 0 1 0 0 0 0 0 0
2014   2 28  7  1  3 784295  -29.37906  -42.61052     6609  97.2  2  0  6 15 0 0 1 1 0 0 0 1 0 1 1 0 0 1
2014   2 28  7  1  3 897678  -29.40130  -42.89164     3741   8.8  0  0  4  6 0 0 1 1 1 0 0 1 0 0 0 0 0 0
2014   2 28  7  1  3 933807  -20.93749  -47.16897     4863 100.7  2  0  6 15 0 0 1 1 1 0 0 1 0 0 1 0 0 1
2014   2 28  7  1  4   5861  -29.66779  -41.86258     2902  13.8  0  0  6 15 0 0 1 1 1 0 0 1 0 0 1 0 0 1
2014   2 28  7  1  4 683884  -27.99095  -43.15094     2577  14.8  0  0  7 21 0 0 1 1 0 0 0 1 0 1 1 1 1 0
2014   2 28  7  1  4 714569  -28.14878  -43.07704     5340  16.4  0  0  6 12 0 0 0 1 1 0 0 1 0 1 0 1 0 1
2014   2 28  7  1  4 843584  -21.16301  -49.30936     2493  17.7  0  0  7 18 0 0 1 1 1 0 0 1 0 1 1 0 0 1
2014   2 28  7  1  4 850726  -12.25629  -73.03493     2688  17.8  0  0  7 21 0 0 1 1 1 0 0 1 0 1 1 1 0 0
2014   2 28  7  1  4 970494  -12.23895  -73.04054     2679   5.5  0  0  7 21 0 0 0 1 1 0 0 0 0 1 1 1 1 1
2014   2 28  7  1  5  46594  -12.23880  -73.04153     2685   5.6  0  0  7 21 0 0 0 1 1 0 0 0 0 1 1 1 1 1
2014   2 28  7  1  5  62716  -12.24557  -73.06612     3004  17.6  0  0  6 14 0 0 1 0 0 0 0 1 0 1 1 1 0 1
2014   2 28  7  1  6 649600   29.91503 -131.21344     6390   9.6  0  0  6 15 0 0 1 1 1 0 0 0 0 0 1 1 0 1
2014   2 28  7  1  7  52578  -14.38661  -43.74751     2836  21.5  0  0  5 10 0 0 1 1 1 0 0 1 0 0 1 0 0 0
2014   2 28  7  1  7 368932  -14.24479  -43.65700     4531 105.3  2  0  7 21 0 0 1 1 1 0 0 1 0 0 1 0 1 1
2014   2 28  7  1  7 790352  -25.09673 -134.18784    16125  42.0  1  0  5 10 0 0 1 1 0 0 0 1 0 0 1 1 0 0
2014   2 28  7  1  7 853301  -21.05835  -48.79909     2794  18.8  0  0  6 13 0 0 1 1 1 0 0 1 0 0 1 0 0 1
2014   2 28  7  1  8 146557  -24.36653  -45.36117     3269  14.1  0  0  5 10 0 0 1 1 0 0 0 0 0 0 1 1 0 1
2014   2 28  7  1  8 460313   -6.61913    6.39488    17364  31.2  1  0  5  7 0 0 1 1 1 0 0 0 0 0 1 1 0 0
2014   2 28  7  1  8 665268   -8.29172    7.35308    17643  44.6  1  0  6 15 0 0 1 1 1 0 0 1 0 0 1 0 0 1
2014   2 28  7  1  8 932009    1.90563    9.39232    38079   0.9  0  0  4  6 0 0 1 1 0 0 0 0 0 0 1 0 0 1
2014   2 28  7  1  9 228397   -7.91000    8.04013    22096  40.1  1  0  5  9 0 0 1 1 1 0 0 1 0 0 1 0 0 0
2014   2 28  7  1  9 442396    3.12277  -67.77988     4187  41.7  1  0  6 15 0 0 1 0 1 0 0 1 0 1 0 1 0 1
2014   2 28  7  1  9 689312  -22.13906  -45.58783     3792  45.6  1  0  5 10 0 0 1 1 1 0 0 1 0 0 0 0 0 1
2014   2 28  7  1 10  49655  -21.16748  -46.78175     2956  20.3  0  0  5 10 0 0 1 0 1 0 0 1 0 0 1 0 0 1
2014   2 28  7  1 10 137557  -24.68470  -45.22486     4015  61.1  1  0  7 16 0 0 1 1 1 0 0 1 0 0 1 1 0 1
2014   2 28  7  1 10 183700    6.88551  -73.57401     4549  53.5  1  0  7 21 0 0 1 1 0 0 0 1 0 1 1 1 0 1
2014   2 28  7  1 11 582168  -33.75152  -38.42664     5117  53.7  1  0  6 15 0 0 1 1 1 0 0 1 0 0 1 0 0 1
2014   2 28  7  1 11 923652    4.42065  -83.43303     6042  70.1  2  0  7 21 0 0 1 0 1 0 0 1 0 1 1 1 1 0
2014   2 28  7  1 12 338307    1.93837  -83.86192     9809  43.9  1  0  5  8 0 0 1 1 0 0 0 0 0 0 1 1 0 1
2014   2 28  7  1 12 774720  -19.30665 -139.68344    14217  20.8  1  0  4  6 0 0 1 1 1 0 0 0 0 0 0 1 0 0
2014   2 28  7  1 13 334734    6.61327  -77.56000     6113  29.6  0  0  5  8 0 0 1 0 1 0 0 0 0 0 1 1 0 1
2014   2 28  7  1 13 358468    6.63413  -78.55355    11277  62.1  2  0  6 15 0 0 0 1 1 0 0 1 0 1 0 1 0 1
2014   2 28  7  1 13 486170  -22.06142  -45.86204     4096  50.0  2  0  5 10 0 0 1 1 1 0 0 0 0 0 1 0 0 1
2014   2 28  7  1 13 516207  -22.26275  -45.83982     3518  45.6  1  0  5 10 0 0 1 0 1 0 0 1 0 0 1 0 0 1
2014   2 28  7  1 13 786157  -21.05370  -46.74451     3517  76.9  2  0  7 21 0 0 1 1 1 0 0 1 0 1 1 0 0 1
2014   2 28  7  1 14  86702  -21.07067  -46.54385     3571  50.2  1  0  6 15 0 0 1 1 1 0 0 1 0 0 1 0 0 1
2014   2 28  7  1 14 212159  -29.59255  -41.74537     5330  77.9  2  0  6 15 0 0 1 1 1 0 0 1 0 1 1 0 0 0
2014   2 28  7  1 14 516246    2.89893  -86.49862     6129  12.6  0  0  5 10 0 0 0 0 1 0 0 1 0 1 0 1 0 1
2014   2 28  7  1 15 436139  -20.50733  -47.07849     4283  52.8  2  0  5 10 0 0 1 1 1 0 0 1 0 0 0 0 0 1
2014   2 28  7  1 16 376111  -31.60909 -132.93047    13336  60.9  1  0  7 21 0 0 1 1 1 0 0 0 0 1 1 1 0 1
2014   2 28  7  1 16 542763  -31.68506 -135.20389    22715 100.3  2  0  7 21 0 0 1 1 1 0 0 1 0 0 1 1 0 1
2014   2 28  7  1 16 913110  -16.36462  -51.37184     6395  47.8  1  0  5  7 0 0 1 1 1 0 0 1 0 0 0 0 0 1
2014   2 28  7  1 17 437614  -24.80497  -45.02471     5626  65.9  2  0  6 13 0 0 1 0 0 0 0 1 0 1 1 1 0 1
2014   2 28  7  1 18 488703  -21.79439  -45.70946     3990 111.8  2  0  7 20 0 0 1 1 0 0 0 1 0 1 1 1 0 1
2014   2 28  7  1 18 681866  -20.62625  -46.96619     3386  55.3  1  0  6 15 0 0 1 1 1 0 0 0 0 0 1 1 0 1
2014   2 28  7  1 20 161059  -21.08206  -46.80667     2945  10.8  0  0  4  6 0 0 0 1 0 0 0 1 0 0 1 0 0 1
2014   2 28  7  1 20 802378  -29.70939  -41.77031     3298  15.8  0  0  5 10 0 0 1 1 1 0 0 1 0 0 1 0 0 0
2014   2 28  7  1 20 852862  -20.61474  -47.23526     2477  10.6  0  0  6 15 0 0 1 1 1 0 0 1 0 0 1 0 0 1
2014   2 28  7  1 20 973093  -20.70363  -47.13612     2741  11.2  0  0  6 11 0 0 1 1 1 0 0 1 0 0 1 0 0 1
2014   2 28  7  1 21 267447  -20.53614  -47.14032     2675  21.3  0  0  6 15 0 0 1 1 1 0 0 1 0 0 0 1 0 1
2014   2 28  7  1 21 921655  -22.53055  -45.81121     2661  20.6  0  0  6 15 0 0 1 1 1 0 0 1 0 0 1 0 0 1
2014   2 28  7  1 21 948743  -22.57355  -45.72736     3889  17.5  0  0  4  6 0 0 1 1 1 0 0 1 0 0 0 0 0 0
2014   2 28  7  1 22  57626  -21.10181  -46.87782     3347  30.5  1  0  5 10 0 0 0 1 1 0 0 1 0 0 1 1 0 0
2014   2 28  7  1 22 375818  -21.12439  -46.85178     2648  18.5  0  0  6 15 0 0 1 1 1 0 0 1 0 0 1 0 0 1
2014   2 28  7  1 22 473402  -21.13326  -46.84544     2962  17.5  0  0  5  9 0 0 0 1 1 0 0 1 0 0 1 0 0 1
2014   2 28  7  1 22 741512  -21.12357  -46.84224     2684  19.9  0  0  6 15 0 0 1 1 1 0 0 1 0 0 1 0 0 1
2014   2 28  7  1 22 771142  -21.12454  -46.84365     2683  19.8  0  0  6 15 0 0 1 1 1 0 0 1 0 0 1 0 0 1
2014   2 28  7  1 22 907942    7.12381  -73.87977     3702  21.8  0  0  6 14 0 0 1 0 1 0 0 1 0 0 1 1 0 1
2014   2 28  7  1 23 227623  -22.95949  -45.80062     3426  30.3  1  0  5 10 0 0 1 1 1 0 0 1 0 0 0 0 0 1
2014   2 28  7  1 23 365320  -12.03839  -73.02353     4468  38.9  1  0  5 10 0 0 1 1 0 0 0 1 0 0 1 1 0 0
2014   2 28  7  1 24 646214    1.33683    0.39762    19477  35.0  0  0  6 13 0 0 1 1 1 0 0 1 0 0 1 0 0 1
2014   2 28  7  1 24 912815  -19.09100 -141.73079    18908  45.1  0  0  7 21 0 0 0 1 1 0 0 1 0 1 1 1 0 1
2014   2 28  7  1 25 360374  -20.57417  -46.35968     3233  45.4  1  0  6 15 0 0 1 1 0 0 0 1 0 1 1 0 0 1
2014   2 28  7  1 25 427171  -19.05473 -141.44019    21239  58.3  2  0  5 10 0 0 1 1 0 0 0 1 0 0 1 1 0 0
2014   2 28  7  1 26 179391   -7.07891    6.35172    19001  49.5  1  0  6 14 0 0 1 1 1 0 0 1 0 0 1 0 0 1
2014   2 28  7  1 26 537283  -22.42876  -45.76461     2956  54.1  1  0  7 20 0 0 1 1 0 0 0 1 0 1 1 1 0 1
2014   2 28  7  1 26 591036  -22.52149  -45.77748     3469  56.0  1  0  6 13 0 0 0 1 1 0 0 1 0 1 0 1 0 1
2014   2 28  7  1 26 606166  -22.51960  -45.69791     3381  50.1  1  0  6 15 0 0 1 1 1 0 0 1 0 0 1 0 0 1
2014   2 28  7  1 26 901795  -21.81293 -141.47987    22657  51.5  2  0  5  8 0 0 1 0 0 0 0 1 0 1 1 1 0 0
2014   2 28  7  1 26 904553  -22.60742  -45.51792     4593  44.3  1  0  5 10 0 0 1 1 1 0 0 1 0 0 1 0 0 0
2014   2 28  7  1 27 233210  -14.37666  -43.55276     3524  40.2  1  0  6 11 0 0 1 1 1 0 0 1 0 0 1 0 0 1
2014   2 28  7  1 28 105229  -29.70018  -41.53810     6761  58.6  2  0  5  9 0 0 1 1 1 0 0 1 0 0 1 0 0 0
2014   2 28  7  1 29 787412  -10.85707  -57.36234     3475  53.7  1  0  6 15 0 0 1 1 0 0 0 0 0 1 1 1 0 1
2014   2 28  7  1 31 491683   -5.84159  -73.53653     4680  22.5  0  0  5  9 0 0 0 1 1 0 0 0 0 0 1 1 0 1
2014   2 28  7  1 31 959339  -19.02016 -141.21053    21255  98.6  2  0  7 20 0 0 1 1 1 0 0 1 0 0 1 1 0 1
2014   2 28  7  1 32 126084  -15.84456  -51.33278     4720  80.4  2  0  6 14 0 0 1 0 1 0 0 1 0 0 1 1 0 1
2014   2 28  7  1 32 217985    4.58516   11.75004    23127  35.9  0  0  6 13 0 0 1 1 1 0 0 0 0 0 1 0 1 1
2014   2 28  7  1 32 481607  -19.59778 -140.89281    27004 110.1  2  0  6 15 0 0 1 1 1 0 0 1 0 0 1 1 0 0
2014   2 28  7  1 33  55307    7.00876  -74.19511     6936  98.2  2  0  7 19 0 0 1 1 1 0 0 1 0 0 1 1 0 1
2014   2 28  7  1 33 906893   30.46065 -129.43832    23606 109.9  2  0  7 19 0 0 1 1 1 0 0 1 0 0 1 1 0 1
2014   2 28  7  1 34 326618  -16.34341  -51.25816     3704  53.4  1  0  6 15 0 0 1 1 1 0 0 1 0 0 1 0 0 1
2014   2 28  7  1 34 485732  -16.34023  -51.29579     3710  53.6  1  0  6 15 0 0 1 1 1 0 0 1 0 0 1 0 0 1
2014   2 28  7  1 34 621788  -16.34389  -51.26482     3699  53.0  1  0  6 15 0 0 1 1 1 0 0 1 0 0 1 0 0 1
2014   2 28  7  1 34 872335  -29.66212  -41.40373     5956  83.5  2  0  6 15 0 0 1 1 1 0 0 1 0 0 1 0 0 1
2014   2 28  7  1 34 891164  -29.66986  -41.39325     5951  83.4  2  0  6 15 0 0 1 1 1 0 0 1 0 0 1 0 0 1
2014   2 28  7  1 34 989030  -16.06913  -51.58176     3590  82.7  2  0  7 21 0 0 1 1 1 0 0 0 0 1 1 1 0 1
2014   2 28  7  1 35 168010  -16.24817  -51.63549     4879 131.8  2  0  7 20 0 0 0 1 1 0 0 1 0 1 1 1 0 1
2014   2 28  7  1 35 271118  -15.78819  -51.72648     6550  83.3  2  0  6 15 0 0 1 1 1 0 0 0 0 1 1 0 0 1
2014   2 28  7  1 35 489238  -16.34361  -51.15695     4901  39.8  1  0  5  7 0 0 0 1 1 0 0 1 0 0 1 0 0 1
2014   2 28  7  1 35 829901  -29.46883  -41.51571     4667  70.4  2  0  7 18 0 0 1 1 1 0 0 0 0 1 1 1 0 1
2014   2 28  7  1 35 958015  -29.57610  -41.53952     7569 113.9  2  0  6 15 0 0 1 1 1 0 0 1 0 0 0 1 0 1
2014   2 28  7  1 36  11787  -21.06627  -46.82218     2831   4.6  0  0  5  8 0 0 1 1 1 0 0 0 0 0 1 0 0 1
2014   2 28  7  1 36 121631  -29.70093  -41.83103     3195  15.5  0  0  7 19 0 0 0 1 1 0 0 1 0 1 1 1 0 1
2014   2 28  7  1 36 289554    6.48078  -77.99990     8339   9.4  0  0  5 10 0 0 1 1 1 0 0 0 0 0 1 0 0 1
2014   2 28  7  1 36 380675  -30.30037  -41.56921     2811  17.8  0  0  7 20 0 0 1 1 1 0 0 1 0 0 1 1 0 1
2014   2 28  7  1 36 785409  -20.76874  -47.18396     2383  18.2  0  0  7 21 0 0 0 1 1 0 0 1 0 1 1 1 0 1
2014   2 28  7  1 36 897237  -21.10150  -46.83154     2575   7.8  0  0  5 10 0 0 1 1 0 0 0 1 0 0 1 0 0 1
2014   2 28  7  1 36 944040  -21.09788  -46.83514     2395   6.1  0  0  6 15 0 0 1 1 1 0 0 1 0 0 1 0 0 1
2014   2 28  7  1 37 167564  -21.07274  -46.88797     2684   3.6  0  0  5 10 0 0 1 1 1 0 0 0 0 0 1 0 0 1
2014   2 28  7  1 37 407997    6.33891  -73.16634     8153  13.1  0  0  6 15 0 0 0 1 1 0 0 1 0 1 1 0 0 1
2014   2 28  7  1 37 804923  -21.73725 -139.98701     5118  10.3  0  0  7 21 0 0 1 1 1 0 0 0 0 1 1 1 0 1
2014   2 28  7  1 37 848077  -21.72444 -140.41670     7123  23.2  0  0  7 21 0 0 1 1 1 0 0 1 0 0 1 1 0 1
2014   2 28  7  1 37 922585    3.17333  -84.67242     4252  20.5  0  0  7 21 0 0 0 0 1 0 0 1 0 1 1 1 1 1
2014   2 28  7  1 37 998044  -21.71127 -140.47932     9257  26.2  0  0  6 15 0 0 1 1 1 0 0 1 0 0 1 1 0 0
2014   2 28  7  1 37 998064  -20.49247  -51.94816     2414  20.3  0  0  7 21 0 0 0 0 1 0 0 1 0 1 1 1 1 1
2014   2 28  7  1 38  54028  -20.48048  -51.91751     2654  28.7  0  0  7 18 0 0 0 1 1 0 0 1 0 1 1 1 0 1
2014   2 28  7  1 38  94468  -34.43669  -37.08410     3057   9.2  0  0  6 12 0 0 1 1 1 0 0 0 0 0 1 1 0 1
2014   2 28  7  1 38 168346  -34.47707  -37.23929     5078  24.4  0  0  5  9 0 0 1 1 1 0 0 1 0 0 1 0 0 0
2014   2 28  7  1 38 284084  -20.44929  -51.97166     3218  59.2  1  0  7 18 0 0 1 1 1 0 0 1 0 1 1 0 0 1
2014   2 28  7  1 38 942476    1.86398  -84.03793     3088  16.9  0  0  7 21 0 0 1 1 1 0 0 0 0 1 1 1 0 1
2014   2 28  7  1 39 490768  -10.52302  -57.70363     2915  31.1  0  0  7 21 0 0 0 1 1 0 0 0 0 1 1 1 1 1
2014   2 28  7  1 39 520765  -10.50777  -57.63589     3370  32.8  0  0  6 14 0 0 0 1 1 0 0 1 0 0 1 1 0 1
2014   2 28  7  1 39 577485  -10.49927  -57.71983     3475  38.2  0  0  6 15 0 0 1 0 1 0 0 1 0 1 0 1 0 1
2014   2 28  7  1 39 782665    7.01412  -73.46630     3083  19.1  0  0  7 20 0 0 1 1 1 0 0 0 0 1 1 1 0 1
2014   2 28  7  1 40 387081  -13.21782  -71.01106     4380  45.6  1  0  5 10 0 0 1 1 1 0 0 1 0 0 0 1 0 0
2014   2 28  7  1 40 468205  -13.34862  -70.80961     5101  30.2  1  0  5  8 0 0 1 1 0 0 0 1 0 0 1 0 0 1
2014   2 28  7  1 40 568312    2.81353  -84.51872     4282  39.6  0  0  7 21 0 0 1 1 1 0 0 1 0 0 1 1 0 1
2014   2 28  7  1 40 726088    2.80443  -84.67598     7413  45.7  0  0  7 21 0 0 0 1 1 0 0 1 0 1 1 1 0 1
2014   2 28  7  1 40 733335    2.78623  -84.55268     5393  44.3  1  0  6 14 0 0 1 1 1 0 0 1 0 0 0 1 0 1
2014   2 28  7  1 41 198651    4.90418  -83.78796     6182  54.3  1  0  6 15 0 0 1 1 0 0 0 1 0 1 1 1 0 0
2014   2 28  7  1 41 318770    7.00357  -74.57726     3446  25.3  0  0  7 18 0 0 1 1 1 0 0 0 0 1 1 1 0 1
2014   2 28  7  1 41 381059    6.99441  -74.58578     4220  15.5  0  0  5  8 0 0 1 1 1 0 0 0 0 0 0 1 0 1
2014   2 28  7  1 41 421000    6.96603  -74.56362     3290  25.3  0  0  7 21 0 0 1 1 1 0 0 0 0 1 1 1 0 1
2014   2 28  7  1 41 717923    2.62600  -75.57282     6908  57.4  2  0  5 10 0 0 1 0 1 0 0 0 0 0 1 1 0 1
2014   2 28  7  1 42 128511    6.53440  -82.60029    36022  32.5  1  0  5 10 0 0 1 0 1 0 0 0 0 1 1 0 0 1
2014   2 28  7  1 42 590158  -21.05506  -49.39576     4144  91.8  2  0  6 15 0 0 0 1 1 0 0 1 0 1 1 0 0 1
2014   2 28  7  1 42 669171  -32.69092   18.36771    13285  25.9  0  0  5 10 0 0 1 0 1 0 0 1 0 0 1 0 0 1
2014   2 28  7  1 43 277080   21.22972 -111.45347    63508  62.6  2  0  5 10 0 0 0 1 1 0 0 1 0 0 0 1 0 1
2014   2 28  7  1 43 805885  -11.81201  -72.87506     4824  68.0  2  0  6 15 0 0 1 1 1 0 0 1 0 0 1 1 0 0
2014   2 28  7  1 43 971798  -16.18258  -51.92647     6149  42.7  1  0  5  8 0 0 0 1 1 0 0 0 0 1 1 0 0 1
2014   2 28  7  1 44  42776    3.21152  -84.88581    11072   6.6  0  0  4  6 0 0 1 1 0 0 0 0 0 0 1 0 0 1
2014   2 28  7  1 44  75280  -11.80146  -72.72795     3102  34.2  0  0  7 21 0 0 1 1 1 0 0 0 0 1 1 1 0 1
2014   2 28  7  1 44 156583  -12.08972  -72.43494     4624  50.6  1  0  7 21 0 0 1 1 1 0 0 1 0 1 1 0 0 1
2014   2 28  7  1 44 351799  -21.95249  -45.62223     3411  47.8  1  0  6 15 0 0 1 1 1 0 0 1 0 0 1 0 0 1
2014   2 28  7  1 44 579052  -17.78669  -41.32784     4127  39.4  1  0  5  9 0 0 1 1 1 0 0 1 0 0 1 0 0 0
2014   2 28  7  1 44 817017  -29.66100  -41.53812     6163  56.3  2  0  5 10 0 0 1 1 1 0 0 1 0 0 0 0 0 1
2014   2 28  7  1 44 834742  -29.74214  -41.46812     5459  48.9  1  0  5 10 0 0 1 1 0 0 0 1 0 0 1 0 0 1
2014   2 28  7  1 45  86458  -29.69868  -41.53221     6226  57.3  2  0  5 10 0 0 1 1 1 0 0 1 0 0 0 0 0 1
2014   2 28  7  1 45 258853  -12.15089  -71.09264     3194  39.4  0  0  7 21 0 0 1 1 1 0 0 0 0 1 1 1 0 1
2014   2 28  7  1 45 286017  -12.22875  -71.27169     5134  79.9  2  0  6 15 0 0 1 1 1 0 0 1 0 0 1 1 0 0
2014   2 28  7  1 45 409432  -12.64657  -69.84332     7796  26.8  0  0  5  9 0 0 0 1 1 0 0 1 0 0 1 0 0 1
2014   2 28  7  1 45 814641  -22.33596  -45.80337     3677  60.8  2  0  6 15 0 0 1 1 1 0 0 1 0 0 1 0 0 1
2014   2 28  7  1 47 375894  -11.03715  -72.78599     4965  89.1  2  0  7 20 0 0 1 1 1 0 0 1 0 1 1 1 0 0
2014   2 28  7  1 47 896338  -24.99497 -132.66873    11725  58.9  1  0  7 21 0 0 1 1 1 0 0 0 0 1 1 1 0 1
2014   2 28  7  1 48 534331   -2.93527  -71.50725     3890  56.5  1  0  7 21 0 0 1 1 1 0 0 0 0 1 1 1 0 1
2014   2 28  7  1 48 782959   18.67477 -111.85104    11988  12.2  0  0  5 10 0 0 0 1 1 0 0 0 0 0 1 1 0 1
2014   2 28  7  1 49  39980  -21.12288  -46.44159     4551  61.8  2  0  5 10 0 0 0 1 1 0 0 1 0 0 1 0 0 1
2014   2 28  7  1 49 212489  -21.15302  -46.43578     5143  59.1  2  0  5  8 0 0 0 1 1 0 0 1 0 0 1 0 0 1
2014   2 28  7  1 49 937879    7.56671  -72.98988     6892  67.8  2  0  6 12 0 0 1 0 1 0 0 0 0 1 1 1 0 1
2014   2 28  7  1 50 211033    7.03298  -74.45942    11124 111.5  2  0  7 21 0 0 0 1 1 0 0 1 0 1 1 1 0 1
2014   2 28  7  1 50 230264    3.82961  -70.47371    22626  52.2  2  0  5 10 0 0 0 1 1 0 0 1 0 0 1 0 0 1
2014   2 28  7  1 50 237476    5.83492  -73.20639    15700  91.0  2  0  6 15 0 0 1 1 1 0 0 1 0 0 1 0 0 1
2014   2 28  7  1 50 993248   10.14288  -74.38593    16578  16.2  0  0  4  6 0 0 1 1 0 0 0 0 0 0 1 0 0 1
2014   2 28  7  1 51 205579  -29.98109  -41.44404     7327 110.7  2  0  6 15 0 0 1 1 0 0 0 1 0 1 1 0 0 1
2014   2 28  7  1 51 307286  -29.95744  -41.70203     9043  67.5  2  0  5 10 0 0 1 0 1 0 0 1 0 0 1 0 0 1
2014   2 28  7  1 51 325447  -30.04875  -41.17483     5864  81.9  2  0  6 15 0 0 1 1 1 0 0 1 0 0 1 0 0 1
2014   2 28  7  1 51 426945  -29.39577  -41.76539     5084  43.7  1  0  5  9 0 0 1 1 1 0 0 0 0 1 0 1 0 0
2014   2 28  7  1 51 663841  -25.17171  -44.54517     4899 106.3  2  0  7 21 0 0 1 1 1 0 0 1 0 1 1 0 0 1
2014   2 28  7  1 51 776516  -29.43446  -41.59490     4691  70.3  2  0  7 18 0 0 1 1 1 0 0 0 0 1 1 1 0 1
2014   2 28  7  1 51 834419  -29.63356  -41.39847     5952  84.6  2  0  6 15 0 0 1 1 1 0 0 1 0 0 1 0 0 1
2014   2 28  7  1 53  93968  -22.55136  -45.73249     2865  13.6  0  0  5  8 0 0 1 1 1 0 0 1 0 0 0 0 0 1
2014   2 28  7  1 53 374552    6.93660  -73.77638     4294  21.8  0  0  6 11 0 0 1 1 1 0 0 1 0 0 1 1 0 0
2014   2 28  7  1 53 500216    6.96101  -73.77683     3898  20.5  0  0  7 16 0 0 1 1 1 0 0 1 0 0 1 1 0 1
2014   2 28  7  1 53 722502  -19.15452 -141.75896     6071  19.6  0  0  7 21 0 0 1 1 1 0 0 1 0 0 1 1 0 1
2014   2 28  7  1 53 733508  -19.60803 -140.65582    14295  13.5  0  0  5 10 0 0 1 1 1 0 0 1 0 0 0 0 0 1
2014   2 28  7  1 56  43034  -21.13183  -46.80431     3380  33.3  1  0  5 10 0 0 0 1 1 0 0 1 0 0 1 0 0 1
2014   2 28  7  1 56 256761  -16.41644  -51.67688     3046  31.1  0  0  6 15 0 0 1 1 1 0 0 1 0 0 1 0 0 1
2014   2 28  7  1 56 278501  -16.33542  -51.78954     2855  42.1  0  0  7 21 0 0 1 1 1 0 0 0 0 1 1 1 0 1
2014   2 28  7  1 56 342762  -16.41422  -51.72953     2840  38.2  0  0  7 21 0 0 1 1 1 0 0 1 0 1 1 0 0 1
2014   2 28  7  1 56 573011  -25.03708  -44.76129     2668  24.3  0  0  7 21 0 0 1 1 1 0 0 1 0 1 1 0 0 1
2014   2 28  7  1 56 587794  -22.01466  -45.77962     3333  31.5  1  0  5  9 0 0 1 1 1 0 0 1 0 0 0 0 0 1
2014   2 28  7  1 56 792120  -29.57003  -42.03165     4595  33.8  1  0  5 10 0 0 1 1 1 0 0 1 0 0 1 0 0 0
2014   2 28  7  1 57  26050    6.98148  -73.85345     3831  30.5  0  0  6 15 0 0 1 1 0 0 0 1 0 0 1 1 0 1
2014   2 28  7  1 57 234821    6.96990  -73.82593     5356  50.8  1  0  6 13 0 0 1 1 1 0 0 1 0 0 0 1 0 1
2014   2 28  7  1 57 398523  -22.74783  -45.79459     3277  56.3  1  0  7 17 0 0 1 1 0 0 0 1 0 1 1 1 0 1
2014   2 28  7  1 57 522160    5.32545  -72.75315    12565  39.2  0  0  6 15 0 0 1 1 1 0 0 0 0 1 1 0 0 1
2014   2 28  7  1 58 304845  -20.41683  -48.73244     3388  72.1  2  0  7 21 0 0 1 1 1 0 0 1 0 1 1 1 0 0
2014   2 28  7  1 58 313374  -20.53618  -48.53588     3659  49.5  1  0  6 14 0 0 1 1 1 0 0 1 0 0 1 0 0 1
2014   2 28  7  1 58 814969  -21.19753  -46.98377     3441  60.1  2  0  6 15 0 0 0 1 1 0 0 1 0 1 1 0 0 1
2014   2 28  7  1 59 245451  -29.34058  -42.21827     4502  45.3  1  0  6 15 0 0 1 1 1 0 0 1 0 0 1 0 0 1
2014   2 28  7  1 59 394949  -21.20848  -46.87056     3564  53.1  1  0  6 14 0 0 1 1 1 0 0 1 0 0 1 0 0 1
2014   2 28  7  1 59 567377  -21.20927  -46.87069     3583  53.8  1  0  6 14 0 0 1 1 1 0 0 1 0 0 1 0 0 1
2014   2 28  7  1 59 729430  -21.06903  -47.05915     3820  82.0  2  0  7 19 0 0 1 1 0 0 0 1 0 1 1 1 0 1
2014   2 28  7  1 59 955319    6.33027  -77.43176     5146  65.6  1  0  7 21 0 0 1 1 1 0 0 1 0 0 1 1 0 1
2014   2 28  7  2  0 966852  -29.58444  -42.22149     5889  84.8  2  0  6 15 0 0 1 1 1 0 0 1 0 0 1 0 0 1
2014   2 28  7  2  1  10427   -5.12005  -72.69239     5069  73.9  2  0  6 15 0 0 1 1 1 0 0 1 0 0 1 1 0 0
2014   2 28  7  2  2 249591   -1.00573  -71.69037     4809  76.2  2  0  7 21 0 0 1 0 1 0 0 1 0 1 1 1 0 1
2014   2 28  7  2  2 359460   -0.90010  -71.93156     6393  88.3  2  0  6 13 0 0 1 1 1 0 0 1 0 0 1 1 0 0
2014   2 28  7  2  2 449437  -22.31451  -45.90202     4067  77.7  2  0  6 15 0 0 1 1 1 0 0 1 0 0 1 0 0 1
2014   2 28  7  2  2 505364  -22.31614  -45.89972     4052  77.1  2  0  6 15 0 0 1 1 1 0 0 1 0 0 1 0 0 1
2014   2 28  7  2  3 460865  -31.85638   18.58875    32158 107.3  2  0  6 15 0 0 1 1 1 0 0 1 0 0 1 0 0 1
2014   2 28  7  2  3 605621  -20.99571  -46.70942     4691  98.6  2  0  6 15 0 0 1 0 1 0 0 1 0 0 1 1 0 1
2014   2 28  7  2  4 185332    2.15430  -86.97137    21629  72.0  2  0  5 10 0 0 0 1 1 0 0 1 0 0 0 1 0 1
2014   2 28  7  2  4 226358    2.15628  -84.67805     9536 112.0  2  0  6 15 0 0 1 1 1 0 0 1 0 0 0 1 0 1
2014   2 28  7  2  4 984167  -16.77011  -51.75133     7148 105.0  2  0  6 15 0 0 1 1 1 0 0 0 0 1 1 0 0 1
2014   2 28  7  2  5 193202  -20.70366  -47.41880     4412 126.8  2  0  7 21 0 0 1 1 0 0 0 1 0 1 1 1 0 1
2014   2 28  7  2  5 594167  -12.59150  156.74489    16816 113.8  2  0  7 21 0 0 0 1 1 0 0 1 0 1 1 1 0 1
2014   2 28  7  2  5 620279  -22.26970  -45.67946     4586  97.8  2  0  6 15 0 0 1 1 1 0 0 1 0 0 1 0 0 1
2014   2 28  7  2  5 764264  -12.79747  157.26201     9101  29.3  0  0  5 10 0 0 1 1 0 0 0 1 0 0 1 1 0 0
2014   2 28  7  2  6 810501  -21.80528 -140.38979    19722 100.4  2  0  7 21 0 0 1 0 1 0 0 1 0 1 1 1 0 1
2014   2 28  7  2  6 856787  -21.73405 -145.64648    38978  61.3  2  0  5 10 0 0 0 0 1 0 0 1 0 1 0 1 0 1
2014   2 28  7  2  8  84194  -32.35930 -133.53737     6824  10.2  0  0  6 15 0 0 1 0 1 0 0 1 0 0 1 1 0 1
2014   2 28  7  2  8  94352  -32.34769 -133.63841     8372   9.1  0  0  5 10 0 0 1 0 1 0 0 1 0 0 1 1 0 0
2014   2 28  7  2  8 116167  -32.63354 -132.47977    14025   4.4  0  0  5 10 0 0 1 1 0 0 0 1 0 0 1 0 0 1
2014   2 28  7  2  8 494245  -29.66188  -41.80728     2774  10.1  0  0  6 15 0 0 1 1 1 0 0 1 0 0 1 0 0 1
2014   2 28  7  2  8 525743  -29.45535  -41.96862     4426  26.4  0  0  5  8 0 0 1 1 1 0 0 0 0 0 1 0 0 1
2014   2 28  7  2  8 545407  -29.66357  -41.79581     2800  10.6  0  0  6 13 0 0 1 1 1 0 0 1 0 1 0 0 0 1
2014   2 28  7  2  9 221169  -21.10798  -46.84593     2646  12.7  0  0  5  9 0 0 0 1 0 0 0 1 0 1 1 0 0 1
2014   2 28  7  2  9 790620  -32.86741   18.95899    17076  16.3  0  0  4  6 0 0 1 1 0 0 0 1 0 0 1 0 0 0
2014   2 28  7  2 10 240727  -20.60460  -46.35616     2502  12.0  0  0  6 15 0 0 1 1 1 0 0 1 0 0 1 0 0 1
2014   2 28  7  2 10 759588  -12.16172  -72.99652     3216  27.7  0  0  6 15 0 0 1 1 0 0 0 1 0 0 1 1 0 1
2014   2 28  7  2 10 886903    6.46120  -73.97907     5950  12.5  0  0  5 10 0 0 1 0 1 0 0 1 0 1 1 0 0 0
2014   2 28  7  2 12 381199  -22.00726  -45.91702     2845  29.0  0  0  6 15 0 0 1 1 1 0 0 1 0 0 1 0 0 1
2014   2 28  7  2 12 518029  -21.13228  -46.67415     2848  16.4  0  0  5 10 0 0 1 0 1 0 0 1 0 0 1 0 0 1
2014   2 28  7  2 12 798845  -21.09740  -46.69728     3015  36.3  0  0  6 14 0 0 0 1 1 0 0 1 0 1 1 0 0 1
2014   2 28  7  2 13 176104    4.54165  -73.13610     6316  44.9  1  0  6 14 0 0 0 1 1 0 0 1 0 0 1 1 0 1
2014   2 28  7  2 13 374241  -21.04002  -46.83871     3119  47.4  1  0  6 15 0 0 0 1 0 0 0 1 0 1 1 1 0 1
2014   2 28  7  2 13 769062  -15.89334  -51.30604     2921  43.3  0  0  7 21 0 0 1 1 1 0 0 1 0 0 1 1 0 1
2014   2 28  7  2 14 241380  -15.90610  -51.36486     3166  48.9  0  0  7 20 0 0 1 0 1 0 0 1 0 1 1 1 0 1
2014   2 28  7  2 15 167297  -29.59355  -41.79663     4404  49.4  1  0  6 15 0 0 1 1 1 0 0 1 0 1 0 0 0 1
2014   2 28  7  2 15 465558  -20.60316  -47.10509     3111  45.8  0  0  7 19 0 0 1 1 1 0 0 1 0 0 1 1 0 1
2014   2 28  7  2 15 639669  -21.10821  -46.61072     3675  32.7  1  0  5  9 0 0 1 1 1 0 0 1 0 0 0 0 0 1
2014   2 28  7  2 15 712965  -21.12974  -46.68646     2741  25.6  0  0  6 15 0 0 1 1 1 0 0 1 0 0 1 0 0 1
2014   2 28  7  2 15 822061    2.71019  -84.33164     6234  58.2  1  0  6 13 0 0 1 1 1 0 0 1 0 0 0 1 0 1
2014   2 28  7  2 15 897611    2.75316  -83.46524     5433  22.0  0  0  6 15 0 0 0 1 1 0 0 0 0 1 1 1 0 1
2014   2 28  7  2 15 999581  -11.10739  -57.13094     3414  29.9  0  0  6 14 0 0 1 1 1 0 0 1 0 0 1 0 0 1
2014   2 28  7  2 16 413572    2.25590  -68.64925     4250  64.0  1  0  7 21 0 0 1 1 1 0 0 1 0 0 1 1 0 1
2014   2 28  7  2 16 500941    2.23316  -68.67577     5023  66.7  2  0  6 15 0 0 1 1 1 0 0 1 0 0 0 1 0 1
2014   2 28  7  2 16 553270    2.29931  -68.13083     3675  13.1  0  0  5 10 0 0 0 1 1 0 0 0 0 0 1 1 0 1
2014   2 28  7  2 16 740487  -30.03669  -41.56687     4969  59.0  1  0  6 15 0 0 1 1 1 0 0 1 0 1 0 0 0 1
2014   2 28  7  2 16 757489  -30.15460  -41.27525     8460 102.1  2  0  6 11 0 0 0 1 1 0 0 1 0 0 1 1 0 1
2014   2 28  7  2 16 767759  -30.04423  -41.39000     3821  17.4  0  0  5  8 0 0 1 1 1 0 0 0 0 0 1 0 0 1
2014   2 28  7  2 16 927387  -30.04471  -41.41045     4331  61.6  1  0  7 18 0 0 1 1 1 0 0 1 0 0 1 1 0 1
2014   2 28  7  2 17  71158  -29.97989  -41.44779     4059  37.8  0  0  6 13 0 0 1 1 0 0 0 0 0 1 1 1 0 1
2014   2 28  7  2 17 154091  -30.08298  -41.28735     3511   5.2  0  0  4  6 0 0 1 1 0 0 0 0 0 0 1 0 0 1
2014   2 28  7  2 18 515840  -24.28741  -45.34392     4042  76.6  2  0  7 20 0 0 1 1 0 0 0 1 0 1 1 1 0 1
2014   2 28  7  2 18 718518  -24.22795  -45.36458     3307  41.0  1  0  6 15 0 0 1 1 1 0 0 0 0 1 1 0 0 1
2014   2 28  7  2 18 778636  -14.42343  -43.49400     4076  49.9  1  0  5  8 0 0 0 1 1 0 0 1 0 0 1 0 0 1
2014   2 28  7  2 18 870937  -22.50716  -45.60540     3953  74.4  2  0  6 15 0 0 1 1 1 0 0 1 0 0 1 0 0 1
2014   2 28  7  2 19 152303  -22.90504  -45.77964     4780  90.0  2  0  6 14 0 0 0 1 1 0 0 1 0 1 1 0 0 1
2014   2 28  7  2 19 178985  -33.22059   16.80662    24826  77.5  2  0  6 15 0 0 1 1 1 0 0 1 0 0 1 0 0 1
2014   2 28  7  2 19 522980    0.29027   -4.66354    46908  53.3  2  0  5  7 0 0 1 0 1 0 0 1 0 0 1 0 0 1
2014   2 28  7  2 19 552645  -13.37083  -39.37291     6737  63.8  1  0  7 18 0 0 1 0 1 0 0 1 0 1 1 1 0 1
2014   2 28  7  2 20  12111  -20.42104  -47.22935     3851  51.9  2  0  5 10 0 0 1 1 1 0 0 0 0 1 0 0 0 1
2014   2 28  7  2 23 263951   -4.55405  -71.44101     6974 147.6  2  0  7 21 0 0 1 1 1 0 0 0 0 1 1 1 1 0
2014   2 28  7  2 23 358138   -5.81615  -68.85487    11344  43.4  1  0  5 10 0 0 0 1 1 0 0 1 0 0 1 0 0 1
2014   2 28  7  2 23 469540  -21.05293  -46.43648     4057  65.9  2  0  6 15 0 0 1 1 1 0 0 1 0 0 1 0 0 1
2014   2 28  7  2 23 489844   -4.52029  -71.35535     5701 113.3  2  0  7 21 0 0 1 1 1 0 0 1 0 0 1 1 0 1
2014   2 28  7  2 23 576239   -4.46448  -70.95439     4722  65.1  2  0  6 15 0 0 1 1 1 0 0 0 0 1 1 1 0 0
2014   2 28  7  2 23 651996   26.40306  -26.81084    22541  26.9  0  0  5  8 0 0 1 0 1 0 0 1 0 0 1 1 0 0
2014   2 28  7  2 23 706681   -4.58595  -71.52476     8873 121.3  2  0  7 21 0 0 0 1 1 0 0 1 0 1 1 1 0 1
2014   2 28  7  2 23 761747   -4.29803  -70.49414     4849  16.2  0  0  4  6 0 0 0 1 0 0 0 0 0 0 1 1 0 1
2014   2 28  7  2 23 771022   -4.44922  -70.98504     4145  64.6  1  0  7 21 0 0 1 1 1 0 0 0 0 1 1 1 0 1
2014   2 28  7  2 23 947217  -20.69855  -50.61718     4968   9.5  0  0  4  6 0 0 1 0 0 0 0 1 0 0 1 1 0 0
2014   2 28  7  2 24   5608  -20.79183  -47.18783     2396   4.8  0  0  6 14 0 0 1 1 1 0 0 1 0 0 1 0 0 1
2014   2 28  7  2 24  14239  -20.79697  -47.18435     2459   5.9  0  0  6 13 0 0 1 1 1 0 0 1 0 0 1 0 0 1
2014   2 28  7  2 24 195495   -4.55194  -64.39234     2492   7.4  0  0  7 18 0 0 1 1 1 0 0 1 0 0 1 1 0 1
2014   2 28  7  2 24 648060    7.62611  142.83531     4541  42.3  0  0  7 20 0 0 1 1 1 0 0 0 0 1 1 1 0 1
2014   2 28  7  2 24 890290   -4.60513  -64.41380     2743  11.3  0  0  7 18 0 0 0 1 1 0 0 1 0 1 1 1 0 1
2014   2 28  7  2 25 244276    7.08414  -73.68450     3709  13.7  0  0  6 15 0 0 0 1 1 0 0 1 0 0 1 1 0 1
2014   2 28  7  2 25 479565  -21.09873  -47.06848     2681  13.5  0  0  5 10 0 0 1 0 0 0 0 1 0 1 1 0 0 1
2014   2 28  7  2 26 185668  -25.13556 -134.03809     5447  13.9  0  0  7 21 0 0 1 1 1 0 0 0 0 1 1 1 0 1
2014   2 28  7  2 26 203964  -25.60850 -132.97006    24424  16.6  0  0  4  6 0 0 1 1 1 0 0 1 0 0 0 0 0 0
2014   2 28  7  2 26 364001  -19.69493 -140.31212    31049  23.2  1  0  4  6 0 0 1 1 0 0 0 1 0 0 1 0 0 0
2014   2 28  7  2 26 372203  -19.17275 -141.66037     5875  16.9  0  0  7 21 0 0 1 0 1 0 0 1 0 1 1 1 0 1
2014   2 28  7  2 26 380086  -19.71844 -140.22043    25319  18.1  0  0  4  6 0 0 1 1 1 0 0 1 0 0 0 0 0 0
2014   2 28  7  2 26 389568  -19.18295 -141.54857     6635  21.7  0  0  7 21 0 0 1 1 1 0 0 1 0 0 1 1 0 1
2014   2 28  7  2 26 514343  -19.16039 -141.57961     8798  25.6  0  0  6 15 0 0 1 1 1 0 0 1 0 0 1 1 0 0
2014   2 28  7  2 26 819478  -14.41284  -43.50330     2538   6.4  0  0  6 13 0 0 1 1 1 0 0 1 0 0 1 0 0 1
2014   2 28  7  2 27  33552    6.83759  -73.64915     3372  27.4  0  0  7 21 0 0 1 1 0 0 0 1 0 1 1 1 0 1
2014   2 28  7  2 27 645283    1.62912  -83.95810     6444  27.6  0  0  6 15 0 0 1 1 1 0 0 1 0 0 1 0 0 1
2014   2 28  7  2 28 856524  -20.97185  -46.42427     2957  25.5  0  0  6 14 0 0 1 1 1 0 0 1 0 0 1 0 0 1
2014   2 28  7  2 28 934155  -21.02020  -46.71999     3463  64.3  1  0  7 19 0 0 1 1 0 0 0 1 0 1 1 1 0 1
2014   2 28  7  2 28 942402  -21.08772  -46.51262     2816  20.6  0  0  6 14 0 0 1 1 1 0 0 1 0 0 1 0 0 1
2014   2 28  7  2 28 978143  -21.04792  -46.61827     2975  33.0  0  0  6 15 0 0 1 0 1 0 0 1 0 1 1 0 0 1
2014   2 28  7  2 28 997464  -21.05460  -46.46753     3241  23.3  0  0  5  9 0 0 0 1 1 0 0 1 0 0 1 0 0 1
2014   2 28  7  2 29 100180  -21.06977  -46.53176     2845  15.3  0  0  5 10 0 0 1 0 1 0 0 1 0 0 1 0 0 1
2014   2 28  7  2 29 141359  -21.04749  -46.47622     2836  24.3  0  0  6 15 0 0 1 1 1 0 0 1 0 0 1 0 0 1
2014   2 28  7  2 29 215997  -21.06789  -46.52931     2858  15.5  0  0  5 10 0 0 1 0 1 0 0 1 0 0 1 0 0 1
2014   2 28  7  2 29 794824  -20.97756  -46.81643     3572  30.2  1  0  5  9 0 0 1 1 1 0 0 0 0 1 1 0 0 0
2014   2 28  7  2 29 835958  -21.02539  -46.81157     2924  48.7  0  0  7 19 0 0 1 1 0 0 0 1 0 1 1 1 0 1
2014   2 28  7  2 30  83695  -20.96214  -46.83186     4012  32.7  1  0  5  8 0 0 0 1 1 0 0 0 0 1 1 0 0 1
2014   2 28  7  2 30 246946    6.55751  -77.66565     4235  29.3  0  0  6 15 0 0 1 0 1 0 0 0 0 1 1 1 0 1
2014   2 28  7  2 30 401850  -30.12108  -41.35873     3586   7.0  0  0  4  6 0 0 1 1 0 0 0 0 0 0 1 0 0 1
2014   2 28  7  2 30 468090   -7.07987    4.71471    30081  63.1  2  0  5 10 0 0 1 1 0 0 0 1 0 0 1 0 0 1
2014   2 28  7  2 30 498680  -30.19583  -41.29962     4442  32.0  1  0  5 10 0 0 1 1 0 0 0 1 0 0 1 0 0 1
2014   2 28  7  2 31  30425   -4.59884   14.82969    27714   3.6  0  0  4  6 0 0 1 1 0 0 0 0 0 0 1 0 0 1
2014   2 28  7  2 31 496332  -29.72005  -41.56912     4930  44.6  1  0  5 10 0 0 1 1 1 0 0 1 0 0 1 0 0 0
2014   2 28  7  2 31 574612  -29.68210  -41.56444     3292  15.7  0  0  5 10 0 0 1 1 1 0 0 0 0 0 1 0 0 1
2014   2 28  7  2 31 582111    5.15350  -71.94117     5445  34.6  0  0  6 14 0 0 0 1 1 0 0 0 0 1 1 1 0 1
2014   2 28  7  2 32  88383  -23.69545  -45.47419     5185  58.1  2  0  5 10 0 0 1 1 1 0 0 1 0 0 1 0 0 0
2014   2 28  7  2 32 425836  -22.01939  -45.73309     3304  34.7  1  0  5 10 0 0 1 0 1 0 0 1 0 0 1 0 0 1
2014   2 28  7  2 33 312892  -25.13248  -44.37868     4133  30.4  1  0  5 10 0 0 1 1 0 0 0 1 0 0 1 0 0 1
2014   2 28  7  2 33 448306    5.86575    6.40032    71791  22.2  0  0  5  9 0 0 1 1 1 0 0 0 0 0 1 0 0 1
2014   2 28  7  2 33 647326   30.48357 -128.63326    12281  44.6  1  0  6 15 0 0 1 0 1 0 0 0 0 1 1 1 0 1
2014   2 28  7  2 34 352378   -1.53979   14.13168    41554  12.7  0  0  4  6 0 0 1 1 0 0 0 0 0 0 1 0 0 1
2014   2 28  7  2 34 497770   30.91817 -130.23753    12753  29.5  0  0  5 10 0 0 1 0 1 0 0 0 0 0 1 1 0 1
2014   2 28  7  2 34 514451  -21.14471  -46.97897     4032  66.1  2  0  6 13 0 0 0 0 1 0 0 1 0 1 1 1 0 1
2014   2 28  7  2 34 815492  -21.13281  -46.68267     4699  44.4  1  0  5  8 0 0 1 1 1 0 0 1 0 0 0 0 0 1
2014   2 28  7  2 34 893011  -21.10671  -46.62737     3534  43.4  1  0  6 14 0 0 1 1 1 0 0 1 0 0 1 0 0 1
2014   2 28  7  2 35  94931  -21.04628  -46.80714     3672  81.9  2  0  7 20 0 0 1 1 1 0 0 1 0 1 1 0 0 1
2014   2 28  7  2 35 125989  -21.09405  -46.63545     3555  49.8  1  0  6 15 0 0 1 1 1 0 0 1 0 0 1 0 0 1
2014   2 28  7  2 35 142844  -21.10205  -46.63944     4409  43.9  1  0  5  8 0 0 1 1 0 0 0 1 0 0 1 0 0 1
2014   2 28  7  2 35 214032  -13.14046  -71.05460     7198  90.4  2  0  7 21 0 0 0 1 1 0 0 1 0 1 1 1 0 1
2014   2 28  7  2 35 230426  -13.10881  -71.06195     4392  83.5  2  0  7 21 0 0 1 1 1 0 0 1 0 0 1 1 0 1
2014   2 28  7  2 35 252680  -21.03864  -46.70680     4549  39.2  1  0  5  8 0 0 1 1 1 0 0 0 0 0 1 0 0 1
2014   2 28  7  2 35 321736  -21.09688  -46.62794     3590  50.9  1  0  6 15 0 0 1 1 1 0 0 1 0 0 1 0 0 1
2014   2 28  7  2 35 489151  -29.58096  -41.60944     4331  52.3  1  0  6 15 0 0 1 1 1 0 0 0 0 1 1 0 0 1
2014   2 28  7  2 35 544678  -21.18346  -46.41542     2825   8.8  0  0  5  9 0 0 1 1 1 0 0 1 0 0 1 0 0 0
2014   2 28  7  2 35 657034  -22.51051  -45.63657     4013  73.8  2  0  6 15 0 0 1 1 1 0 0 1 0 0 1 0 0 1
2014   2 28  7  2 35 929150  -22.29604  -45.78563     3849  56.0  2  0  5 10 0 0 0 1 1 0 0 0 0 1 1 0 0 1
2014   2 28  7  2 36  16500  -22.44475  -45.77365     4916  96.7  2  0  6 14 0 0 1 1 1 0 0 1 0 1 0 1 0 0
2014   2 28  7  2 36 103838  -13.04701  171.01620    17998  91.3  2  0  7 20 0 0 1 1 1 0 0 1 0 0 1 1 0 1
2014   2 28  7  2 36 201329  -31.30506 -147.12605   114012  25.2  0  0  5 10 0 0 0 1 1 0 0 1 0 0 1 0 0 1
2014   2 28  7  2 36 285745  -22.50763  -45.62751     4117  77.9  2  0  6 15 0 0 1 1 1 0 0 1 0 0 1 0 0 1
2014   2 28  7  2 36 423041  -22.65588 -138.22266    11088  39.4  0  0  6 15 0 0 1 1 1 0 0 0 0 1 0 1 0 1
2014   2 28  7  2 36 532285  -33.93632  -38.65934     5905  68.1  2  0  6 15 0 0 1 1 1 0 0 1 0 0 1 0 0 1
2014   2 28  7  2 36 772720  -20.63119  -46.86803     4512  57.4  2  0  5 10 0 0 1 1 1 0 0 1 0 0 0 0 0 1
2014   2 28  7  2 37 767605  -10.51505  -56.73016     3488  69.6  1  0  7 21 0 0 1 1 1 0 0 0 0 1 1 1 0 1
2014   2 28  7  2 38 163457    7.16616  -73.29916     5365  68.5  1  0  7 20 0 0 1 1 1 0 0 0 0 1 1 1 0 1
2014   2 28  7  2 38 262861  -16.54280  -51.70552     4677 113.3  2  0  7 20 0 0 1 0 1 0 0 1 0 1 1 0 1 1
2014   2 28  7  2 38 692620  -16.46263  -51.69236     4744  92.0  2  0  6 15 0 0 1 0 1 0 0 1 0 1 1 0 0 1
2014   2 28  7  2 39 692008  -21.07592  -46.44607     4185  69.4  2  0  6 15 0 0 1 1 1 0 0 1 0 0 1 0 0 1
2014   2 28  7  2 39 898430   -5.88623  -74.05267     4508  71.7  2  0  7 21 0 0 1 1 1 0 0 0 0 1 1 1 0 1
2014   2 28  7  2 39 942112   -4.80542  -74.92139    21856  72.4  2  0  5 10 0 0 1 1 0 0 0 0 0 1 1 0 0 1
2014   2 28  7  2 39 985994   -5.96674  -74.59137     7174 105.6  2  0  6 15 0 0 1 1 1 0 0 0 0 0 1 1 0 1
2014   2 28  7  2 41 301691  -29.76166  -41.85769     3718  34.7  0  0  6 14 0 0 1 1 1 0 0 1 0 0 1 0 1 0
2014   2 28  7  2 41 383602  -29.68849  -41.90609     3866  25.3  0  0  6 15 0 0 1 0 1 0 0 1 0 1 1 0 0 1
2014   2 28  7  2 41 881646  -20.87446  -47.14349     2722   8.1  0  0  5  9 0 0 1 1 1 0 0 1 0 0 0 0 0 1
2014   2 28  7  2 41 960680  -20.50224  -48.60355     3326  16.9  0  0  5  7 0 0 1 1 1 0 0 1 0 0 1 0 0 0
2014   2 28  7  2 42  45449  -19.60067 -142.37390    10070   7.5  0  0  4  6 0 0 1 0 0 0 0 1 0 0 1 1 0 0
2014   2 28  7  2 42 324980  -13.94755  -43.49452     3396  34.1  0  0  7 21 0 0 1 0 1 0 0 1 0 1 1 1 0 1
2014   2 28  7  2 42 419724  -29.70490  -42.00478     3595  30.4  0  0  6 15 0 0 1 1 1 0 0 1 0 0 1 0 0 1
2014   2 28  7  2 42 654670  -24.96791  -44.74580     3270  36.7  0  0  6 15 0 0 1 1 0 0 0 1 0 1 1 1 0 0
2014   2 28  7  2 42 700421   -9.62330  172.31680    10636  16.9  0  0  5  8 0 0 1 0 0 0 0 1 0 1 1 1 0 0
2014   2 28  7  2 42 739931   -9.70930  172.06334    27339  39.6  0  0  7 21 0 0 1 1 1 0 0 1 0 1 1 0 0 1
2014   2 28  7  2 42 787282    2.82829  -84.75568     8360  38.8  1  0  5  8 0 0 1 0 1 0 0 1 0 0 1 1 0 0
2014   2 28  7  2 42 795805    2.85474  -84.82659     4605  34.9  0  0  6 15 0 0 1 1 1 0 0 1 0 0 1 1 0 0
2014   2 28  7  2 42 917135    7.23223  -74.02016     5475  26.1  0  0  5  8 0 0 0 1 0 0 0 1 0 1 1 1 0 0
2014   2 28  7  2 42 984601    5.47307  -76.68704     4711   2.4  0  0  5 10 0 0 1 0 1 0 0 1 0 1 0 0 0 1
2014   2 28  7  2 42 996795  -10.10302  172.99698    23590  31.5  0  0  6 15 0 0 1 1 1 0 0 1 0 0 1 0 0 1
2014   2 28  7  2 43   2674    7.22260  -73.87224     6123  32.6  1  0  5  7 0 0 1 0 0 0 0 1 0 1 1 1 0 0
2014   2 28  7  2 43 414347  -29.84709  -42.19346     5922  17.5  0  0  5 10 0 0 0 0 1 0 0 1 0 1 1 0 0 1
2014   2 28  7  2 44  76714    7.06606  -74.71449     3880  40.5  0  0  7 21 0 0 1 1 0 0 0 1 0 1 1 1 0 1
2014   2 28  7  2 44 256062    7.02563  -74.72496     4622  46.3  0  0  7 19 0 0 1 1 1 0 0 1 0 1 0 1 0 1
2014   2 28  7  2 44 270574   -9.35233  159.85242     5899   4.5  0  0  5 10 0 0 1 1 0 0 0 1 0 0 1 1 0 0
2014   2 28  7  2 44 609644  -31.74595   19.26391    17350  52.9  1  0  6 15 0 0 1 1 1 0 0 1 0 0 1 0 0 1
2014   2 28  7  2 44 659488    7.09429  -74.94707     7567  43.1  1  0  5  9 0 0 0 1 1 0 0 1 0 0 1 1 0 0
2014   2 28  7  2 45  83818  -29.55836  -42.23225     8235  24.5  0  0  5 10 0 0 0 1 1 0 0 1 0 1 0 0 0 1
2014   2 28  7  2 45 250256   -7.91653    5.00017    49068  42.5  1  0  5 10 0 0 1 1 1 0 0 0 0 0 1 0 0 1
2014   2 28  7  2 45 645842   -7.27375    6.09226    14644  41.7  1  0  6 15 0 0 1 1 1 0 0 1 0 0 1 0 0 1
2014   2 28  7  2 45 948921  -12.01977  -73.07149     5711  55.6  2  0  5  9 0 0 1 0 1 0 0 1 0 1 0 1 0 0
2014   2 28  7  2 46 370026  -13.85571  -40.42639     3775  76.4  2  0  7 19 0 0 1 1 1 0 0 1 0 0 1 1 0 1
2014   2 28  7  2 46 443877  -13.87649  -39.22718     4582  42.6  1  0  6 13 0 0 1 1 1 0 0 1 0 0 1 1 0 0
2014   2 28  7  2 46 467114  -11.95220  -73.27603     4623  56.1  1  0  6 14 0 0 1 1 1 0 0 1 0 0 1 1 0 0
2014   2 28  7  2 46 505445  -13.85122  -39.46750     3806  50.8  1  0  7 18 0 0 1 1 1 0 0 0 0 1 1 1 0 1
2014   2 28  7  2 46 553388  -13.93958  -39.34443     3548  21.5  0  0  5 10 0 0 1 1 1 0 0 1 0 0 0 0 0 1
2014   2 28  7  2 46 645818  -12.83723  -71.83135     4740  71.3  2  0  6 15 0 0 1 1 1 0 0 1 0 0 0 1 0 1
2014   2 28  7  2 46 704564    3.59131  -86.63538     8131  64.2  1  0  7 21 0 0 0 1 1 0 0 1 0 1 1 1 1 0
2014   2 28  7  2 46 720648    3.02588  -85.50184    16472  58.2  2  0  5 10 0 0 1 1 1 0 0 1 0 0 1 0 0 0
2014   2 28  7  2 46 735682    3.62327  -86.12390     6700  61.2  2  0  6 15 0 0 1 1 1 0 0 1 0 0 1 1 0 0
2014   2 28  7  2 46 809924  -13.56495  -37.08099    13847  53.8  2  0  5  7 0 0 1 1 1 0 0 0 0 0 1 1 0 0
2014   2 28  7  2 46 913684    5.96102  -83.11901    14196  60.7  2  0  5 10 0 0 0 0 1 0 0 1 0 0 1 1 0 1
2014   2 28  7  2 46 940116    5.90780  -82.81702     7777  72.5  2  0  6 15 0 0 1 1 1 0 0 0 0 1 0 1 0 1
2014   2 28  7  2 47  81631    5.87700  -82.72236     5699  61.0  1  0  7 21 0 0 1 0 1 0 0 1 0 1 1 1 0 1
2014   2 28  7  2 47 177264    7.41263  -75.39308    11590 100.2  2  0  6 12 0 0 0 1 0 0 0 1 0 1 1 1 0 1
2014   2 28  7  2 47 769536  -21.08651  -49.39974     4183  83.7  2  0  7 16 0 0 1 1 1 0 0 1 0 1 1 1 0 0
2014   2 28  7  2 48  37858  -21.20634  -49.35971     4047  73.2  2  0  6 15 0 0 1 1 1 0 0 1 0 0 1 0 0 1
2014   2 28  7  2 48 537582  -29.98341  -41.88915     6226  59.5  1  0  6 15 0 0 1 0 1 0 0 1 0 1 1 0 0 1
2014   2 28  7  2 48 747672  -29.38493  -42.53670     4411  46.1  0  0  7 18 0 0 0 1 1 0 0 1 0 1 1 1 0 1
2014   2 28  7  2 48 897068  -29.94005  -42.32321     5395  30.4  1  0  5 10 0 0 1 0 1 0 0 1 0 1 0 0 0 1
2014   2 28  7  2 48 962943  -29.97066  -42.05223     5593  66.0  2  0  6 15 0 0 1 1 1 0 0 1 0 0 1 0 0 1
2014   2 28  7  2 49  48022  -20.43692 -143.45822    15052  71.4  2  0  7 21 0 0 1 0 1 0 0 1 0 1 1 1 0 1
2014   2 28  7  2 49 998063  -25.28803  -45.03045     4498  55.6  2  0  5 10 0 0 1 1 1 0 0 1 0 0 0 0 0 1
2014   2 28  7  2 50   7265  -25.24698  -44.95584     4334  65.5  2  0  6 15 0 0 1 1 1 0 0 1 0 0 1 0 0 1
2014   2 28  7  2 50 235280  -22.22686  -45.58369     3965  57.5  2  0  5 10 0 0 1 0 1 0 0 1 0 0 1 0 0 1
2014   2 28  7  2 50 632451    2.27511  -85.00267     5542  19.6  0  0  4  6 0 0 1 1 0 0 0 1 0 0 0 1 0 0
2014   2 28  7  2 51 381398  -20.79197  -47.27545     3753  95.6  2  0  7 21 0 0 1 1 1 0 0 1 0 1 1 0 0 1
2014   2 28  7  2 52  46549  -21.13582  -46.94675     5443 105.4  2  0  6 14 0 0 1 1 0 0 0 1 0 1 1 0 0 1
2014   2 28  7  2 52  76272  -16.35106  -51.82718     4386 107.6  2  0  7 20 0 0 1 0 1 0 0 1 0 1 1 1 0 1
2014   2 28  7  2 52 269383  -31.72377 -113.10225    17656 104.8  2  0  6 15 0 0 1 1 1 0 0 0 0 0 1 1 0 1
2014   2 28  7  2 52 368342  -16.76592  -51.73233     6701  97.2  2  0  6 15 0 0 1 1 1 0 0 0 0 1 1 0 0 1
2014   2 28  7  2 52 395638  -21.42896  -45.51926     4746  60.6  2  0  5 10 0 0 1 0 1 0 0 1 0 0 1 0 0 1
2014   2 28  7  2 52 544300  -21.42081  -45.38453     3659  17.1  0  0  4  6 0 0 1 0 0 0 0 1 0 0 1 0 0 1
2014   2 28  7  2 52 798165  -22.09829  -46.38815     5957 117.0  2  0  6 15 0 0 1 1 1 0 0 1 0 0 1 1 0 0
2014   2 28  7  2 52 810148  -22.31268  -45.79442     4180  67.4  2  0  5 10 0 0 1 0 1 0 0 1 0 0 1 0 0 1
2014   2 28  7  2 54 530273  -18.39660 -143.96155    22217 120.5  2  0  7 21 0 0 1 1 1 0 0 1 0 0 1 1 0 1
2014   2 28  7  2 54 550589  -18.76196 -141.91020    20078 104.9  2  0  7 21 0 0 1 0 1 0 0 1 0 1 1 1 0 1
2014   2 28  7  2 54 963515  -21.27288  -46.56255     4848  99.5  2  0  6 15 0 0 1 1 1 0 0 1 0 0 1 0 0 1
2014   2 28  7  2 55 640742  -21.18089  -47.04611     4394 130.2  2  0  7 21 0 0 1 1 1 0 0 1 0 1 1 0 0 1
2014   2 28  7  2 56  37755    4.84278  -84.04655     4220  16.2  0  0  7 21 0 0 0 1 1 0 0 1 0 1 1 1 0 1
2014   2 28  7  2 56 945120    6.81376  -73.72452     2914  15.6  0  0  7 21 0 0 1 1 1 0 0 1 0 0 1 1 0 1
2014   2 28  7  2 57 192886   -9.63565  160.17336     7278  17.9  0  0  5 10 0 0 1 0 1 0 0 1 0 0 1 1 0 0
2014   2 28  7  2 57 670227  -29.68939  -41.90055     4374  19.4  0  0  5 10 0 0 1 0 1 0 0 1 0 0 1 0 0 1
2014   2 28  7  2 57 759951    6.78299  -73.86990     3566  19.9  0  0  6 13 0 0 1 1 1 0 0 1 0 0 1 1 0 0
2014   2 28  7  2 57 854344    3.92941  -82.81472    14122   8.9  0  0  4  6 0 0 0 1 0 0 0 1 0 0 1 0 0 1
2014   2 28  7  2 57 907915    4.33509  -83.35379     3778  29.9  0  0  7 21 0 0 1 1 1 0 0 1 0 1 1 1 0 0
2014   2 28  7  2 57 944404    3.75084  -82.59273    10850  19.6  0  0  6 15 0 0 0 1 1 0 0 1 0 1 1 0 0 1
2014   2 28  7  2 58  30797    4.39229  -83.51168     4359  11.3  0  0  5  8 0 0 1 1 0 0 0 1 0 0 1 1 0 0
2014   2 28  7  2 58 448462  -15.98222  -51.40726     3121   9.6  0  0  5  7 0 0 0 1 1 0 0 1 0 0 1 0 0 1
2014   2 28  7  2 58 884764  -16.60178  -51.87307     2580  28.1  0  0  7 21 0 0 0 1 1 0 0 1 0 1 1 1 0 1
2014   2 28  7  2 59 230386  -22.61100  -45.74117     2649  20.4  0  0  6 15 0 0 1 1 1 0 0 1 0 0 1 0 0 1
2014   2 28  7  2 59 363255   -7.06767    6.04132    12203  19.2  0  0  5 10 0 0 1 1 1 0 0 1 0 0 1 0 0 0
2014   2 28  7  2 59 723666  -22.58880  -45.67051     2814  20.1  0  0  5  9 0 0 1 0 1 0 0 1 0 0 1 0 0 1
2014   2 28  7  2 59 852232  -21.27854  -46.19639     2682  20.3  0  0  6 15 0 0 1 1 1 0 0 1 0 0 1 0 0 1
2014   2 28  7  3  1 232203    7.26915  -74.26143     6455  35.8  1  0  5  8 0 0 0 1 1 0 0 1 0 0 1 1 0 0
2014   2 28  7  3  1 551799    7.04628  -73.94973     4333  53.5  1  0  7 21 0 0 1 1 0 0 0 1 0 1 1 1 0 1
2014   2 28  7  3  1 723411  -33.38052  -40.62664     5672  42.9  1  0  5 10 0 0 1 1 1 0 0 0 0 0 1 0 0 1
2014   2 28  7  3  2 658743  -25.07970  -44.75957     3418  40.0  0  0  6 15 0 0 1 1 1 0 0 1 0 0 1 0 0 1
2014   2 28  7  3  2 912354   -4.33508  -72.19189     6607  39.8  1  0  5 10 0 0 0 1 0 0 0 1 0 1 0 1 0 1
2014   2 28  7  3  3 707837    6.79698  -78.17619     5665  53.0  1  0  6 14 0 0 1 1 0 0 0 1 0 0 1 1 0 1
2014   2 28  7  3  3 731773  -24.17433 -135.67688    12110  57.5  1  0  7 20 0 0 1 1 1 0 0 1 0 0 1 1 0 1
2014   2 28  7  3  3 977461    6.64474  -78.04742     6675  77.0  2  0  7 20 0 0 1 1 1 0 0 0 0 1 1 1 0 1
2014   2 28  7  3  4  35916    6.86236  -78.38110     4801  24.7  0  0  5  9 0 0 1 1 0 0 0 1 0 0 1 1 0 0
2014   2 28  7  3  4 184275    6.67622  -78.28458    11204  48.4  1  0  5  9 0 0 0 0 1 0 0 1 0 0 1 1 0 1
2014   2 28  7  3  4 210625  -14.45628  -43.71314     3175  45.2  1  0  6 15 0 0 1 1 1 0 0 1 0 0 1 0 0 1
2014   2 28  7  3  4 960647  -29.54897  -42.34576     4562  23.9  0  0  5 10 0 0 0 1 1 0 0 1 0 0 1 0 0 1
2014   2 28  7  3  6  26349  -11.09194  -56.40245     4604  32.5  1  0  5  7 0 0 1 0 1 0 0 1 0 0 1 0 0 1
2014   2 28  7  3  6 471364  -29.57584  -42.21396     5274  61.1  2  0  6 15 0 0 1 1 1 0 0 1 0 0 1 0 0 1
2014   2 28  7  3  6 529739  -29.57707  -42.21529     5277  61.3  2  0  6 15 0 0 1 1 1 0 0 1 0 0 1 0 0 1
2014   2 28  7  3  7 109944    2.86903  -84.88895     7734  99.3  2  0  7 21 0 0 1 0 1 0 0 1 0 1 0 1 1 1
2014   2 28  7  3  7 133785    2.93904  -84.65385     8067  66.8  2  0  6 13 0 0 1 0 1 0 0 1 0 0 1 1 0 1
2014   2 28  7  3  7 168463    2.99882  -84.85886    11310  95.5  2  0  6 11 0 0 1 0 0 0 0 1 0 1 1 1 0 1
2014   2 28  7  3  7 207081    2.89207  -84.61584     6767  83.9  2  0  7 21 0 0 1 0 1 0 0 1 0 1 1 1 0 1
2014   2 28  7  3  7 251111    3.07562  -85.16973     9972 110.3  2  0  6 15 0 0 1 1 0 0 0 1 0 1 1 1 0 0
2014   2 28  7  3  8  31631  -24.61731  -45.65553     4193  73.6  2  0  6 15 0 0 1 1 1 0 0 1 0 1 0 0 0 1
2014   2 28  7  3  8 351186  -18.75413 -142.05215    21427 108.0  2  0  7 21 0 0 1 1 1 0 0 0 0 1 1 1 0 1
2014   2 28  7  3  8 474265  -24.85774  -45.60096     4942  67.7  2  0  6 13 0 0 1 1 1 0 0 1 0 0 1 0 0 1
2014   2 28  7  3  8 583881  -20.94130  -47.11026     4226  76.7  2  0  6 15 0 0 1 1 1 0 0 1 0 0 1 0 0 1
2014   2 28  7  3  8 697356  -29.50842  -41.84290     9416  65.7  2  0  5 10 0 0 1 0 1 0 0 0 0 1 1 0 0 1
2014   2 28  7  3  8 858420  -18.22808 -144.76227    13846  36.1  1  0  5 10 0 0 1 1 0 0 0 1 0 0 1 1 0 0
2014   2 28  7  3  8 944988  -18.43608 -144.08771    20625  85.4  2  0  6 15 0 0 1 1 1 0 0 1 0 0 1 1 0 0
2014   2 28  7  3  9 244177  -12.10715  -73.72308     9095 105.0  2  0  6 15 0 0 0 1 1 0 0 1 0 0 1 1 0 1
2014   2 28  7  3  9 323785  -11.96432  -73.07754     5504  82.5  2  0  6 15 0 0 1 0 1 0 0 1 0 0 1 1 0 1
2014   2 28  7  3  9 355459  -12.09626  -73.72379     9145 105.7  2  0  6 15 0 0 0 1 1 0 0 1 0 0 1 1 0 1
2014   2 28  7  3  9 380538  -12.13240  -73.63062     9122 122.8  2  0  7 20 0 0 0 1 1 0 0 1 0 1 1 1 0 1
2014   2 28  7  3  9 468481  -10.55756  -58.13641     5065 108.4  2  0  7 20 0 0 0 1 1 0 0 1 0 1 1 1 0 1
2014   2 28  7  3  9 497874  -11.87506  -57.01133     8174  75.8  2  0  6 15 0 0 1 1 1 0 0 0 0 1 1 0 0 1
2014   2 28  7  3  9 502487  -12.12732  -73.63116     9210 124.1  2  0  7 20 0 0 0 1 1 0 0 1 0 1 1 1 0 1
2014   2 28  7  3  9 732248  -12.01616  -73.18811     6168 132.5  2  0  7 20 0 0 1 1 1 0 0 1 0 1 0 1 0 1
2014   2 28  7  3 10 489998  -29.45054  -42.53138     5069  86.2  2  0  7 21 0 0 1 1 1 0 0 1 0 1 1 0 0 1
2014   2 28  7  3 10 782979    2.03381  -84.26720     7822 106.0  2  0  7 21 0 0 1 0 1 0 0 1 0 1 1 1 0 1
2014   2 28  7  3 10 826878    5.92814  -73.33382    49411 130.1  2  0  6 15 0 0 0 1 1 0 0 1 0 1 1 0 0 1
2014   2 28  7  3 11 208770  -21.34783  -51.05713     4112  75.2  2  0  6 12 0 0 1 0 1 0 0 1 0 0 1 1 0 1
2014   2 28  7  3 11 241988  -22.41368  -45.74528     3085  16.0  0  0  4  6 0 0 1 0 0 0 0 1 0 0 1 0 0 1
2014   2 28  7  3 12  27935    6.99805  -73.76144     3006  14.3  0  0  7 19 0 0 1 1 1 0 0 1 0 0 1 1 0 1
2014   2 28  7  3 12 587006  -29.65133  -42.28493     6360 100.3  2  0  7 20 0 0 1 1 1 0 0 1 0 0 1 0 1 1
2014   2 28  7  3 12 931794  -29.72022  -41.84099     2848  12.0  0  0  6 15 0 0 1 1 1 0 0 1 0 0 1 0 0 1
2014   2 28  7  3 12 978956  -32.31129 -134.28391     7441  13.8  0  0  6 15 0 0 1 1 1 0 0 1 0 0 1 1 0 0
2014   2 28  7  3 13 895520  -11.91944  -72.86414     2905  25.7  0  0  7 20 0 0 1 1 1 0 0 1 0 1 0 1 0 1
2014   2 28  7  3 14 151384  -29.56877  -41.91287     3617   6.0  0  0  4  6 0 0 1 1 0 0 0 1 0 0 1 0 0 0
2014   2 28  7  3 14 209841  -29.48775  -42.09581     2898  21.5  0  0  7 19 0 0 1 1 1 0 0 1 0 1 0 1 0 1
2014   2 28  7  3 16  18185  -22.06088  -46.02261     2587  18.3  0  0  6 15 0 0 1 1 1 0 0 1 0 0 1 0 0 1
2014   2 28  7  3 16  25224  -22.06093  -46.03855     2875  19.5  0  0  5 10 0 0 1 1 1 0 0 1 0 0 0 0 0 1
2014   2 28  7  3 16 217353  -30.03454  -41.80691     3810  20.7  0  0  5  9 0 0 1 1 1 0 0 0 0 0 1 0 0 1
2014   2 28  7  3 16 227097  -30.02997  -41.93798     3363  13.0  0  0  5 10 0 0 1 1 1 0 0 1 0 0 0 0 0 1
2014   2 28  7  3 16 258358  -30.04127  -41.93370     4208  13.9  0  0  4  6 0 0 1 1 1 0 0 1 0 0 0 0 0 0
2014   2 28  7  3 16 318950  -20.52199  -51.92609     3376  29.1  0  0  6 11 0 0 1 1 1 0 0 1 0 0 1 0 0 1
2014   2 28  7  3 16 325415  -29.88028  -41.97295     4068  14.9  0  0  5 10 0 0 0 1 1 0 0 1 0 0 1 0 0 1
2014   2 28  7  3 16 598794  -30.08138  -41.78830     3409  24.3  0  0  6 15 0 0 1 1 1 0 0 1 0 0 1 0 0 1
2014   2 28  7  3 16 735114  -10.70621  -57.12392     3306  43.3  1  0  6 13 0 0 1 1 0 0 0 1 0 1 1 1 0 0
2014   2 28  7  3 17  88554   -1.52230    4.64453    47217  26.9  0  0  5  8 0 0 0 1 1 0 0 1 0 0 1 0 0 1
2014   2 28  7  3 17 543312  -12.68483  -71.86683     3359  22.2  0  0  5 10 0 0 1 1 0 0 0 1 0 0 1 1 0 0
2014   2 28  7  3 17 782476  -12.73935  -71.69482     3972  65.2  1  0  7 21 0 0 1 1 1 0 0 1 0 1 1 1 0 0
2014   2 28  7  3 18 287651  -20.75872  -47.24509     3477  33.2  1  0  5 10 0 0 1 1 1 0 0 1 0 0 0 0 0 1
2014   2 28  7  3 18 920637  -20.75387  -46.55521     3596  35.2  1  0  5 10 0 0 1 1 1 0 0 1 0 0 0 0 0 1
2014   2 28  7  3 19 827353  -20.69289  -47.27928     3839  46.0  1  0  6 13 0 0 1 1 1 0 0 1 0 0 1 0 0 1
2014   2 28  7  3 20 494541  -16.03536  -51.78566     3366  67.8  1  0  7 20 0 0 0 1 1 0 0 1 0 1 1 1 0 1
2014   2 28  7  3 20 756769  -16.09774  -51.68325     3424  65.9  1  0  7 21 0 0 1 1 1 0 0 1 0 1 1 0 0 1
2014   2 28  7  3 20 780755  -29.53942  -42.44725     2933   9.8  0  0  5 10 0 0 1 1 1 0 0 0 0 1 0 0 0 1
2014   2 28  7  3 20 963554  -16.05571  -51.43712     3854  57.3  1  0  6 15 0 0 1 1 1 0 0 1 0 0 1 0 0 1
2014   2 28  7  3 21  24155  -29.57281  -42.18768     5663  51.9  2  0  5 10 0 0 1 1 1 0 0 0 0 0 1 0 0 1
2014   2 28  7  3 21 110672  -29.21733  -42.49721     4163  19.5  0  0  5 10 0 0 0 1 1 0 0 1 0 0 1 0 0 1
2014   2 28  7  3 21 166166  -29.53778  -42.20377     4614  47.9  1  0  6 15 0 0 1 1 1 0 0 1 0 0 1 0 0 1
2014   2 28  7  3 21 202857  -29.11549  -42.48972     4074  18.5  0  0  5 10 0 0 0 1 1 0 0 1 0 0 1 0 0 1
2014   2 28  7  3 22 290026  -20.99040  -47.43450     3872  18.1  0  0  4  6 0 0 1 0 0 0 0 1 0 1 1 0 0 0
2014   2 28  7  3 22 361085  -21.16815  -46.96150     3500  75.8  2  0  7 21 0 0 1 0 1 0 0 1 0 1 1 0 1 1
2014   2 28  7  3 22 417120  -21.18612  -47.01460     3554  83.6  2  0  7 21 0 0 1 1 1 0 0 1 0 1 1 0 0 1
2014   2 28  7  3 22 566138  -21.05329  -46.99974     4781  91.6  2  0  6 13 0 0 0 0 1 0 0 1 0 1 1 1 0 1
2014   2 28  7  3 23 742091  -22.59583  -45.67890     3782  54.8  2  0  5 10 0 0 1 0 1 0 0 1 0 0 1 0 0 1
2014   2 28  7  3 25 508259  -21.15633  -46.62123     3686  40.5  1  0  5 10 0 0 1 0 1 0 0 1 0 0 1 0 0 1
2014   2 28  7  3 25 588775    5.88454  -72.93317    11693 117.7  2  0  6 14 0 0 0 1 0 0 0 1 0 1 1 1 0 1
2014   2 28  7  3 25 618471    7.36864  -74.28391     6832 104.8  2  0  7 20 0 0 1 1 1 0 0 1 0 0 1 1 0 1
2014   2 28  7  3 25 984033  -21.18630  -46.57605     3753  42.5  1  0  5 10 0 0 1 0 1 0 0 1 0 0 1 0 0 1
2014   2 28  7  3 25 988362    7.24401  -74.14352     9270 135.2  2  0  7 21 0 0 1 1 1 0 0 0 0 1 1 1 0 1
2014   2 28  7  3 26 424060    7.39083  -74.39281     8363  97.6  2  0  6 13 0 0 1 1 0 0 0 1 0 0 1 1 0 1
2014   2 28  7  3 26 519856  -21.12094  -47.16328     4551  90.4  2  0  6 15 0 0 1 1 1 0 0 1 0 0 1 0 0 1
2014   2 28  7  3 26 643055  -21.20311  -47.04025     3991  85.2  2  0  7 17 0 0 1 1 1 0 0 1 0 0 1 1 0 1
2014   2 28  7  3 27 125705   -1.38628  -74.83421     6085   8.1  0  0  4  6 0 0 0 1 0 0 0 0 0 1 0 1 0 1
2014   2 28  7  3 27 274686  -20.94440  -47.25697     4204 117.9  2  0  7 20 0 0 1 1 1 0 0 1 0 1 1 0 0 1
2014   2 28  7  3 27 353207  -21.01988  -47.07909     4742  96.5  2  0  6 15 0 0 1 1 1 0 0 1 0 0 1 0 0 1
2014   2 28  7  3 27 559503  -21.17055  -46.97306     4813  94.0  2  0  6 14 0 0 1 1 1 0 0 1 0 0 1 0 0 1
2014   2 28  7  3 27 882735  -24.72768 -135.06683    27341 143.8  2  0  7 21 0 0 1 1 1 0 0 0 0 1 1 1 0 1
2014   2 28  7  3 28 162182    6.88162  -73.73735     3383  15.5  0  0  7 21 0 0 0 1 1 0 0 1 0 1 1 1 0 1
2014   2 28  7  3 28 648948    3.03967    0.81160     6536  42.1  0  0  7 21 0 0 1 0 1 0 0 1 1 1 1 0 0 1
2014   2 28  7  3 28 731666  -22.26331  -45.93095     2613  10.4  0  0  5 10 0 0 1 1 1 0 0 1 0 0 0 0 0 1
2014   2 28  7  3 29 340567  -30.06416  -41.76418     3640  17.7  0  0  5 10 0 0 1 1 1 0 0 1 0 0 0 0 0 1
2014   2 28  7  3 29 377369  -20.72077  -47.14129     2955  16.5  0  0  5  9 0 0 0 1 1 0 0 1 0 0 1 0 0 1
2014   2 28  7  3 29 826177  -10.95364  -57.40682     2736  13.8  0  0  6 15 0 0 1 0 1 0 0 0 0 1 1 1 0 1
2014   2 28  7  3 30 601717  -16.37887  -51.78776     2774  34.1  0  0  7 21 0 0 1 0 1 0 0 1 0 1 1 1 0 1
2014   2 28  7  3 30 614732  -16.37687  -51.80237     3294  35.6  0  0  6 13 0 0 0 1 1 0 0 1 0 0 1 1 0 1
2014   2 28  7  3 31 189579  -16.39147  -51.72565     2657  28.7  0  0  7 21 0 0 1 1 1 0 0 1 0 1 1 0 0 1
2014   2 28  7  3 31 226666    2.85311  -84.72404     5106  25.8  0  0  5 10 0 0 1 1 0 0 0 0 0 0 1 1 0 1
2014   2 28  7  3 31 437366  -29.88372  -41.88972     6613  20.4  1  0  4  6 0 0 0 1 0 0 0 1 0 0 1 0 0 1
2014   2 28  7  3 31 569127    3.74572  152.63393     7102  37.5  0  0  6 14 0 0 1 0 1 0 0 1 0 0 1 1 0 1
2014   2 28  7  3 32  54487  -24.35605  -45.50599     3086  41.6  0  0  7 21 0 0 1 1 0 0 0 1 0 1 1 1 0 1
2014   2 28  7  3 32  75397  -24.35765  -45.52205     3406  39.3  0  0  6 15 0 0 1 1 1 0 0 1 0 0 1 0 0 1
2014   2 28  7  3 32 112968  -27.32115 -134.71529     8345  35.7  0  0  7 21 0 0 1 1 0 0 0 1 0 1 1 1 0 1
2014   2 28  7  3 32 249398    4.00253  151.76324    13075  36.1  1  0  5 10 0 0 0 1 0 0 0 0 0 1 1 1 0 1
2014   2 28  7  3 32 286487    3.96825  152.38069     8014  19.4  0  0  5  9 0 0 1 1 0 0 0 1 0 0 1 1 0 0
2014   2 28  7  3 32 382288  -21.07718  -46.87957     3051  55.7  1  0  7 21 0 0 1 1 1 0 0 0 0 1 1 1 0 1
2014   2 28  7  3 32 586197  -21.99808 -140.97430     8945  39.6  0  0  7 21 0 0 1 1 0 0 0 1 0 1 1 1 0 1
2014   2 28  7  3 32 621602  -22.05408 -140.90472    35464  48.0  1  0  6 15 0 0 0 1 1 0 0 0 0 1 1 1 0 1
2014   2 28  7  3 32 643608  -22.06595 -140.70883    13456  45.2  1  0  6 15 0 0 1 0 1 0 0 1 0 0 1 1 0 1
2014   2 28  7  3 32 682892  -22.01246 -141.83846    18617  41.6  1  0  6 15 0 0 0 1 0 0 0 1 0 1 1 1 0 1
2014   2 28  7  3 32 741208  -22.40935 -140.23006    27884  34.7  1  0  5 10 0 0 1 1 0 0 0 1 0 0 1 0 0 1
2014   2 28  7  3 32 855383  -31.56506   19.29518    14944  30.2  1  0  5 10 0 0 1 0 1 0 0 1 0 0 1 0 0 1
2014   2 28  7  3 33 407359  -21.76179 -141.50294    17356  40.8  1  0  5 10 0 0 1 1 0 0 0 0 0 0 1 1 0 1
2014   2 28  7  3 33 728418  -21.14867  -46.92790     3268  48.8  1  0  6 15 0 0 1 1 0 0 0 1 0 1 1 0 0 1
2014   2 28  7  3 33 987569  -21.15366  -46.74714     3443  34.1  1  0  5 10 0 0 1 0 1 0 0 1 0 0 1 0 0 1
2014   2 28  7  3 34 363879  -21.12400  -46.98456     4611  76.7  2  0  6 13 0 0 1 1 1 0 0 1 0 0 0 1 0 1
2014   2 28  7  3 34 673092    4.33122  -73.14618     4853  56.7  1  0  7 19 0 0 1 0 1 0 0 1 0 1 1 1 0 1
2014   2 28  7  3 34 695547  -32.12707 -137.30721    25789  61.0  2  0  6 15 0 0 0 1 1 0 0 1 0 0 1 1 0 1
2014   2 28  7  3 34 792735  -19.07388 -141.62923    11899  57.0  1  0  7 21 0 0 1 0 1 0 0 1 0 1 1 1 0 1
2014   2 28  7  3 34 870153  -29.57916  -42.31103     3241  25.0  0  0  6 15 0 0 1 1 1 0 0 1 0 1 0 0 0 1
2014   2 28  7  3 35  41839  -29.54326  -42.42301     3749  21.7  0  0  5 10 0 0 1 1 1 0 0 1 0 0 0 0 0 1
2014   2 28  7  3 35 103057   -6.07611  -74.58797     4920  61.1  2  0  6 15 0 0 1 0 1 0 0 1 0 0 1 1 0 1
2014   2 28  7  3 35 383395  -12.33955  -74.04346     6386  39.6  0  0  6 15 0 0 0 1 1 0 0 1 0 1 0 1 0 1
2014   2 28  7  3 35 549794    7.10218  -74.89544     7461  58.9  1  0  6 13 0 0 1 0 0 0 0 1 0 1 1 1 0 1
2014   2 28  7  3 36 842888  -21.29808  -46.30608     3379  74.4  2  0  7 21 0 0 1 1 1 0 0 1 0 1 1 0 0 1
2014   2 28  7  3 36 875033  -21.30685  -46.19378     4360  56.9  2  0  5 10 0 0 1 1 0 0 0 1 0 0 1 0 0 1
2014   2 28  7  3 38 612010  -13.15139  -70.99225     4559  86.7  2  0  7 21 0 0 1 0 1 0 0 1 0 1 1 1 0 1
2014   2 28  7  3 40 843021   20.46713 -120.37145    50983 130.6  2  0  7 21 0 0 0 1 1 0 0 1 0 1 1 1 0 1
2014   2 28  7  3 41 343017  -20.45649  -49.37502     4041 100.1  2  0  7 18 0 0 1 1 0 0 0 1 0 1 1 1 0 1
2014   2 28  7  3 42  82883  -20.79500  -50.78319     4564   2.6  0  0  4  6 0 0 1 0 0 0 0 1 0 0 1 1 0 0
2014   2 28  7  3 42 264736  -20.84786 -138.74548    43899 130.2  2  0  7 21 0 0 1 1 1 0 0 1 0 1 1 0 0 1
2014   2 28  7  3 42 781184  -29.85881  -42.37744     5529  97.2  2  0  7 21 0 0 1 1 1 0 0 1 0 1 1 0 0 1
2014   2 28  7  3 43 853088   10.59939  141.36351    10982 156.2  2  0  7 21 0 0 1 1 1 0 0 1 0 1 1 0 0 1
2014   2 28  7  3 44  19774  -11.93665  154.38426    20951  23.5  0  0  6 14 0 0 1 1 1 0 0 0 0 0 1 1 0 1
2014   2 28  7  3 44 118291  -12.99717  156.77554    13747  35.0  1  0  5  9 0 0 1 1 0 0 0 1 0 0 1 1 0 0
2014   2 28  7  3 44 263326  -25.07069  -44.62358     2757  15.5  0  0  6 15 0 0 1 1 1 0 0 1 0 0 1 0 0 1
2014   2 28  7  3 44 457983  -34.14971  -39.27564     3068  13.6  0  0  6 15 0 0 1 1 1 0 0 1 0 0 1 0 0 1
2014   2 28  7  3 44 781273  -21.14629  -46.91859     2397   7.1  0  0  6 15 0 0 1 1 1 0 0 1 0 0 1 0 0 1
2014   2 28  7  3 44 883211  -12.32306  -73.14795     3198  17.0  0  0  5 10 0 0 1 1 0 0 0 1 0 0 1 1 0 0
2014   2 28  7  3 44 936911  -29.68802  -41.90300     3134  24.5  0  0  6 15 0 0 1 1 0 0 0 1 0 1 1 1 0 0
2014   2 28  7  3 44 951905  -29.71984  -41.84205     6081  15.0  0  0  5  8 0 0 0 1 1 0 0 1 0 0 1 0 0 1
2014   2 28  7  3 44 972953  -29.71463  -41.85680     2847  12.3  0  0  6 15 0 0 1 1 1 0 0 1 0 0 1 0 0 1
2014   2 28  7  3 45  66622  -29.69458  -41.89378     3205  24.5  0  0  6 15 0 0 1 1 1 0 0 1 0 0 1 1 0 0
2014   2 28  7  3 45 232704  -29.66113  -41.92156     4033  16.9  0  0  5 10 0 0 0 1 1 0 0 1 0 1 1 0 0 0
2014   2 28  7  3 45 264808  -29.71710  -41.85635     2872  12.9  0  0  6 15 0 0 1 1 1 0 0 1 0 0 1 0 0 1
2014   2 28  7  3 45 337599  -29.71414  -41.88451     2930  15.5  0  0  6 15 0 0 1 1 0 0 0 1 0 1 1 0 0 1
2014   2 28  7  3 45 397127  -29.71857  -41.86338     2875  13.0  0  0  6 15 0 0 1 1 1 0 0 1 0 0 1 0 0 1
2014   2 28  7  3 45 407188  -34.06155  -39.24129     2850  15.7  0  0  7 21 0 0 1 1 1 0 0 1 0 1 1 0 0 1
2014   2 28  7  3 45 597753  -34.06727  -39.23143     3216  16.3  0  0  6 15 0 0 1 1 1 0 0 1 0 0 1 0 0 1
2014   2 28  7  3 45 613027  -33.87628  -39.28196     3197  16.1  0  0  6 15 0 0 1 1 1 0 0 1 0 0 1 0 0 1
2014   2 28  7  3 46 178622  -21.43582  -50.90531     2853  38.9  0  0  7 19 0 0 0 1 0 0 0 1 0 1 1 1 1 1
2014   2 28  7  3 46 732574   -4.33977  -71.37791     3140  29.2  0  0  7 21 0 0 1 0 1 0 0 1 0 1 1 1 0 1
2014   2 28  7  3 46 977726  -27.57199 -140.55563     7835  25.6  0  0  7 21 0 0 1 1 1 0 0 1 0 0 1 1 0 1
2014   2 28  7  3 47 201885   -4.41929  -71.37950     3251  32.9  0  0  7 21 0 0 1 0 1 0 0 1 0 1 1 1 0 1
2014   2 28  7  3 47 225281   -4.41286  -71.56040     4943  24.7  0  0  5  8 0 0 0 1 1 0 0 1 0 0 1 1 0 0
2014   2 28  7  3 47 232696   -4.39993  -71.44989     2977  27.8  0  0  7 21 0 0 1 1 1 0 0 1 0 0 1 1 0 1
2014   2 28  7  3 47 273829    5.65854  -77.44413    10783  17.5  0  0  5 10 0 0 1 1 1 0 0 0 0 0 1 0 0 1
2014   2 28  7  3 47 331012  -10.52060  -67.91348     4536  48.4  1  0  5 10 0 0 1 0 1 0 0 0 0 1 0 1 0 1
2014   2 28  7  3 47 381151   30.42752 -130.48085    15374  39.5  1  0  5  9 0 0 1 1 0 0 0 0 0 0 1 1 0 1
2014   2 28  7  3 48  44507    6.20694  143.49127     7626  15.5  0  0  4  6 0 0 1 0 0 0 0 1 0 0 1 1 0 0
2014   2 28  7  3 48 144637  -21.96132  -45.77083     3238  45.3  1  0  6 15 0 0 1 0 1 0 0 1 0 0 1 1 0 1
2014   2 28  7  3 48 152783  -22.04622  -45.77228     2783  27.4  0  0  6 15 0 0 1 1 1 0 0 1 0 0 1 0 0 1
2014   2 28  7  3 48 371956   -4.74729  -71.81171     3940  13.3  0  0  4  6 0 0 1 0 1 0 0 0 0 1 0 1 0 0
2014   2 28  7  3 48 995036   -4.68629  -72.05067     3650  44.2  0  0  7 21 0 0 1 0 1 0 0 1 0 1 1 1 0 1
2014   2 28  7  3 49 414022  -21.16089  -46.84371     3967  36.0  1  0  5 10 0 0 1 1 1 0 0 1 0 0 1 0 0 0
2014   2 28  7  3 49 488951  -21.14377  -46.78557     4034  33.0  1  0  5  7 0 0 0 1 1 0 0 1 0 0 1 0 0 1
2014   2 28  7  3 49 519680  -30.21024  -41.84975     3330  34.5  0  0  7 21 0 0 1 1 1 0 0 1 0 1 1 0 0 1
2014   2 28  7  3 49 550203  -20.22615  -56.15480     2974   5.4  0  0  4  6 0 0 1 1 1 0 0 1 0 0 0 0 0 0
2014   2 28  7  3 49 635274  -21.16801  -46.80738     3058  34.4  0  0  6 14 0 0 1 1 1 0 0 1 0 0 1 0 0 1
2014   2 28  7  3 49 695193  -22.09142  -46.04692     3377  34.6  1  0  5 10 0 0 1 1 1 0 0 1 0 0 0 0 0 1
2014   2 28  7  3 49 737947  -21.17102  -46.81647     3670  38.0  1  0  5  9 0 0 0 1 1 0 0 1 0 0 1 0 0 1
2014   2 28  7  3 49 867450  -29.62189  -42.07487     3171  31.4  0  0  7 21 0 0 1 1 1 0 0 1 0 1 1 0 0 1
2014   2 28  7  3 49 897069  -29.77656  -41.88046     6128 122.1  2  0  7 21 0 0 1 1 1 0 0 1 0 0 1 1 0 1
2014   2 28  7  3 50 662557    7.24634  -73.91753     6387  56.0  1  0  6 12 0 0 1 1 1 0 0 1 0 0 1 1 0 0
2014   2 28  7  3 50 824003  -22.35372  -46.09862     4758  42.1  1  0  5  8 0 0 1 1 1 0 0 1 0 0 1 0 0 0
2014   2 28  7  3 51 125018  -12.80864  -71.83465     3882  62.5  1  0  7 21 0 0 1 1 1 0 0 1 0 0 1 1 0 1
2014   2 28  7  3 52 184075  -12.76035  -72.12103     3924  28.2  0  0  5  9 0 0 1 1 0 0 0 1 0 0 1 1 0 0
2014   2 28  7  3 53  99390  -28.32709 -104.29728     8838  36.4  1  0  5  9 0 0 1 1 0 0 0 1 0 0 1 1 0 0
2014   2 28  7  3 53 691337    7.07072  -73.94546     7710  82.5  2  0  7 17 0 0 1 1 1 0 0 1 0 0 1 1 0 1
2014   2 28  7  3 54 423118  -21.21733  -46.94060     3790  74.0  2  0  6 15 0 0 1 1 1 0 0 1 0 1 0 0 0 1
2014   2 28  7  3 54 461113  -21.09995  -46.98372     4025  53.5  1  0  6 11 0 0 1 1 1 0 0 1 0 0 1 0 0 1
2014   2 28  7  3 55 498329    5.25680  -72.37459     7345 110.1  2  0  7 21 0 0 1 1 1 0 0 0 0 1 1 1 0 1
2014   2 28  7  3 56   3465   -6.11958   -6.72267    97760  74.7  2  0  5  8 0 0 1 1 1 0 0 0 0 0 1 0 0 1
2014   2 28  7  3 56 491329   35.83843 -165.01854    24880 131.9  2  0  7 21 0 0 1 1 1 0 0 1 0 1 0 1 0 1
2014   2 28  7  3 57  61002    7.45273  -98.63197    40031   9.3  0  0  4  6 0 0 0 1 0 0 0 1 0 1 0 0 0 1
2014   2 28  7  3 57  95544    3.51091  -85.19515     8517  23.0  1  0  4  6 0 0 0 1 0 0 0 1 0 0 1 1 0 0
2014   2 28  7  4  3 810178  -22.58716  -45.76274     3150  28.3  0  0  5 10 0 0 1 1 1 0 0 1 0 0 0 0 0 1
2014   2 28  7  4  4 124913  -29.63122  -42.10122     3449  16.9  0  0  5 10 0 0 1 1 1 0 0 1 0 0 0 0 0 1
2014   2 28  7  4  4 305115  -29.60389  -42.07759     2954  15.3  0  0  6 14 0 0 1 1 1 0 0 1 0 1 0 0 0 1
2014   2 28  7  4  4 474452  -23.68447  -45.65974     4138  46.5  1  0  5 10 0 0 1 1 1 0 0 1 0 0 0 0 0 1
2014   2 28  7  4  5 215706  -29.45122  -42.20110     3487  17.8  0  0  5 10 0 0 1 1 1 0 0 1 0 0 0 0 0 1
2014   2 28  7  4  6 544037    6.04162  -76.46425    12451  49.0  1  0  5 10 0 0 1 1 1 0 0 1 0 0 0 0 0 1
2014   2 28  7  4  9 510702  -21.33389  -46.23284     4591  60.0  2  0  5 10 0 0 1 1 1 0 0 1 0 0 0 0 0 1
2014   2 28  7  4  9 864604    2.33319  -19.34012     6236  79.3  2  0  6 15 0 0 1 1 1 0 0 1 1 0 0 0 0 1
2014   2 28  7  4 11 460025  -15.25042  -69.53600     9075  17.1  0  0  4  6 0 0 1 1 0 0 0 0 0 1 0 0 0 1
2014   2 28  7  4 11 466563  -13.40459  -71.16261     7549  96.0  2  0  6 15 0 0 1 1 1 0 0 1 0 1 0 0 0 1
2014   2 28  7  4 11 887863  -29.87308  -42.51567     4122  27.8  0  0  5 10 0 0 1 1 1 0 0 1 0 0 0 0 0 1
2014   2 28  7  4 14 377407  -29.46839  -42.77794     2972  10.4  0  0  5 10 0 0 1 1 1 0 0 1 0 1 0 0 0 0
2014   2 28  7  4 17 811419  -34.70715  -37.23759     9121   8.7  0  0  5 10 0 0 0 1 1 0 0 1 0 1 0 0 0 1
2014   2 28  7  4 19 249128    7.31427  161.15776     9671  27.3  0  0  5 10 0 0 0 1 1 0 0 0 1 1 0 0 0 1
2014   2 28  7  4 20 764636   -1.84640  -29.03730     4732  55.0  2  0  5 10 0 0 0 1 1 0 0 1 1 0 0 0 0 1
2014   2 28  7  4 29 644651  -11.13676  -58.19712     9111  62.6  2  0  5  9 0 0 0 1 1 0 0 1 0 1 0 0 0 1
2014   2 28  7  4 30  26656  -28.14289  -43.07395    30801  56.5  2  0  5  7 0 0 0 1 1 0 0 1 1 0 0 0 0 1
2014   2 28  7  4 30 159000  -29.37276  -42.73685     8170  25.5  0  0  5 10 0 0 0 1 1 0 0 1 0 1 0 0 0 1
2014   2 28  7  4 30 499232  -29.64438  -42.66413     8231  11.3  0  0  4  6 0 0 0 1 1 0 0 1 0 1 0 0 0 0
2014   2 28  7  4 31 534917   26.70497  173.12860    13489  44.0  1  0  5 10 0 0 0 1 1 0 0 0 1 1 0 0 0 1
