2014   2 28  0 49 39 517455  -25.34462 -135.87810    12550  14.0  0  0  4  6 0 0 1 1 0 0 0 0 0 0 0 1 0 1
2014   2 28  0 49 39 629180  -25.36773 -135.59831    10630  23.8  0  0  5 10 0 0 1 1 0 0 0 0 0 1 0 1 0 1
2014   2 28  0 49 42 390643    2.05239  -70.46607    11662  14.5  0  0  4  6 0 0 1 1 0 0 0 0 0 1 0 0 0 1
2014   2 28  0 49 42 682816   -7.27946  -73.37518     6193  69.9  2  0  5 10 0 0 1 1 0 0 0 0 0 1 0 1 0 1
2014   2 28  0 49 43 195186   -0.24563  -55.45374     3826  43.9  1  0  5 10 0 0 1 0 0 0 0 0 0 1 0 1 1 1
2014   2 28  0 49 47  21947    0.79281  -69.82434    14224  22.7  1  0  4  6 0 0 1 1 0 0 0 0 0 1 0 0 0 1
2014   2 28  0 49 47 982682   -5.11599  -62.63144     4465  16.5  0  0  4  6 0 0 0 1 0 0 0 0 0 1 0 1 0 1
2014   2 28  0 49 52 113681  -10.43320  -75.36728     4766  21.1  0  0  5  9 0 0 0 1 1 0 0 1 0 0 1 1 0 0
2014   2 28  0 49 52 189756    2.90238  -66.47252     3054   7.5  0  0  5 10 0 0 0 0 0 0 0 1 0 1 1 1 0 1
2014   2 28  0 49 52 469411    2.49380  -66.02563     6834  10.6  0  0  5 10 0 0 0 1 1 0 0 1 0 0 1 0 0 1
2014   2 28  0 49 52 848632    4.07196  -71.63888     3776  20.2  0  0  6 15 0 0 0 1 1 0 0 1 0 0 1 1 0 1
2014   2 28  0 49 53  88806    2.85442  -66.51201     3260  19.5  0  0  6 15 0 0 0 0 1 0 0 1 0 1 1 1 0 1
2014   2 28  0 49 53 106502   -8.46691   47.79186    21317  16.6  0  0  5 10 0 0 1 1 1 0 0 0 0 0 1 0 0 1
2014   2 28  0 49 53 200008  -10.05627  -75.53987     2939  17.6  0  0  6 15 0 0 1 1 0 0 0 1 0 0 1 1 0 1
2014   2 28  0 49 53 589864  -19.28478  -50.92348     2459  15.7  0  0  7 18 0 0 1 1 1 0 0 0 0 1 1 1 0 1
2014   2 28  0 49 53 602570  -19.34860  -50.90458     2409  18.4  0  0  7 21 0 0 1 1 1 0 0 1 0 1 1 0 0 1
2014   2 28  0 49 53 613513  -19.34632  -50.90795     2503  20.1  0  0  7 19 0 0 1 1 1 0 0 1 0 1 1 0 0 1
2014   2 28  0 49 54 243693  -33.16142 -121.84817    18866   8.5  0  0  4  6 0 0 1 1 0 0 0 1 0 0 1 0 0 0
2014   2 28  0 49 54 485522  -10.58009  -75.22256     6250  28.3  0  0  5  8 0 0 1 1 1 0 0 1 0 0 1 0 0 0
2014   2 28  0 49 54 510683  -10.44593  -75.59550     4107  30.8  0  0  7 21 0 0 0 1 1 0 0 1 0 1 1 1 0 1
2014   2 28  0 49 54 698946  -25.65694  -44.79319     2734  27.4  0  0  7 21 0 0 1 1 1 0 0 1 0 1 1 0 0 1
2014   2 28  0 49 54 722816  -25.60643  -44.82668     4147  30.3  1  0  5  9 0 0 0 1 1 0 0 1 0 0 1 0 0 1
2014   2 28  0 49 54 865690    4.19177  -71.34363     3689  30.2  0  0  6 13 0 0 1 1 1 0 0 1 0 0 1 1 0 0
2014   2 28  0 49 55  23791    3.76761  -70.99424    12048  25.7  0  0  5 10 0 0 1 1 1 0 0 0 0 0 1 0 0 1
2014   2 28  0 49 55  54877   -4.08524  -75.16827     4020   7.9  0  0  4  6 0 0 0 1 0 0 0 1 0 0 1 1 0 0
2014   2 28  0 49 55 409815  -25.66291  -44.79585     3094  28.1  0  0  6 15 0 0 1 1 0 0 0 1 0 1 1 0 0 1
2014   2 28  0 49 55 462517   -4.08613  -74.98976     3446  36.0  0  0  7 21 0 0 1 0 1 0 0 1 0 1 1 1 0 1
2014   2 28  0 49 55 481939   -4.06830  -75.00401     4198  31.7  1  0  5 10 0 0 1 1 1 0 0 0 0 0 0 1 0 1
2014   2 28  0 49 55 622845  -25.63931  -44.82385     3364  33.5  0  0  6 15 0 0 1 1 1 0 0 1 0 0 1 0 0 1
2014   2 28  0 49 56 127579  -25.44434 -136.10101     9478  40.7  0  0  7 21 0 0 1 0 1 0 0 1 0 1 1 1 0 1
2014   2 28  0 49 56 129686    3.75490  -70.86647     4472  35.5  0  0  6 15 0 0 0 1 1 0 0 1 0 0 1 1 0 1
2014   2 28  0 49 56 150528  -25.14384 -136.24582     8830  37.8  0  0  7 21 0 0 1 1 1 0 0 1 0 0 1 1 0 1
2014   2 28  0 49 56 228425  -26.24120 -134.37503    14734  35.4  0  0  7 21 0 0 1 1 1 0 0 1 0 1 1 0 0 1
2014   2 28  0 49 56 249831  -15.32077   23.55299    34820  34.4  1  0  5 10 0 0 1 1 1 0 0 0 0 0 1 0 0 1
2014   2 28  0 49 56 569168  -23.58968  -45.63393     5698  46.9  1  0  5  8 0 0 0 1 1 0 0 1 0 0 1 0 0 1
2014   2 28  0 49 56 726954   -3.15849  -64.20035     3033  40.4  0  0  7 21 0 0 1 1 1 0 0 1 0 0 1 1 0 1
2014   2 28  0 49 56 734978   -3.12027  -64.24857     2606   1.1  0  0  5 10 0 0 1 1 0 0 0 1 0 0 1 1 0 0
2014   2 28  0 49 56 754905   -3.12884  -64.25789     3048   1.6  0  0  4  6 0 0 0 1 0 0 0 1 0 0 1 1 0 0
2014   2 28  0 49 56 761717   -3.12970  -64.25190     3048   1.6  0  0  4  6 0 0 0 1 0 0 0 1 0 0 1 1 0 0
2014   2 28  0 49 56 854335  -23.59995  -45.67425     4573  52.6  1  0  6 13 0 0 0 1 1 0 0 1 0 0 1 0 1 1
2014   2 28  0 49 56 955477  -22.34268  -46.40441     3306  34.1  1  0  5 10 0 0 0 1 1 0 0 1 0 0 1 0 0 1
2014   2 28  0 49 57   1132    0.67962  -71.87906     3698   5.2  0  0  4  6 0 0 0 1 0 0 0 1 0 0 1 1 0 0
2014   2 28  0 49 57  16910    0.67543  -71.85977     3614   3.0  0  0  4  6 0 0 0 1 0 0 0 1 0 0 1 1 0 0
2014   2 28  0 49 57  98688    0.67590  -71.86584     3600   2.6  0  0  4  6 0 0 0 1 0 0 0 1 0 0 1 1 0 0
2014   2 28  0 49 57 136097    0.61949  -71.90897     5538  44.1  1  0  5 10 0 0 0 1 1 0 0 1 0 0 1 1 0 0
2014   2 28  0 49 57 310876    0.60738  -71.71358     4943  42.8  1  0  5 10 0 0 1 0 1 0 0 1 0 0 0 1 0 1
2014   2 28  0 49 57 358438   -5.16390  -61.44312     8703  45.3  1  0  5 10 0 0 0 1 1 0 0 1 0 0 1 0 0 1
2014   2 28  0 49 57 499230  -25.58182  -44.94196     2985  31.2  0  0  6 15 0 0 1 1 1 0 0 1 0 1 0 0 0 1
2014   2 28  0 49 57 671564  -15.88455  -49.65012     3920  40.4  1  0  5 10 0 0 0 1 1 0 0 1 0 0 1 0 0 1
2014   2 28  0 49 57 739134  -15.86633  -49.50579     3409  23.3  0  0  5 10 0 0 1 0 1 0 0 1 0 0 1 0 0 1
2014   2 28  0 49 57 915342  -25.57872  -44.95718     4370  36.5  1  0  5 10 0 0 1 0 1 0 0 1 0 1 0 0 0 1
2014   2 28  0 49 58 968871  -18.20512 -137.41660    15029  57.5  1  0  6 15 0 0 1 1 1 0 0 0 0 0 1 1 0 1
2014   2 28  0 49 59 725521   -8.92466  -60.59715     3548  66.6  1  0  7 21 0 0 1 1 1 0 0 1 0 0 1 1 0 1
2014   2 28  0 49 59 926875   -8.80371  -60.53110     3836  78.3  2  0  7 21 0 0 1 1 1 0 0 1 0 1 1 1 0 0
2014   2 28  0 49 59 993425  -17.34886  -51.58424     3591  52.0  1  0  6 15 0 0 1 1 1 0 0 1 0 0 1 0 0 1
2014   2 28  0 50  0 183027  -17.36367  -51.57382     3737  57.3  1  0  6 15 0 0 1 1 1 0 0 1 0 0 1 0 0 1
2014   2 28  0 50  0 431201  -22.58422 -135.20811    13364  67.9  1  0  7 21 0 0 1 0 1 0 0 1 0 1 1 1 0 1
2014   2 28  0 50  1  95202    4.12493  -71.82303     6387  89.0  2  0  7 19 0 0 1 1 1 0 0 0 0 1 1 1 0 1
2014   2 28  0 50  1 110260    3.26831  -71.13929    30076  74.7  2  0  5 10 0 0 0 1 1 0 0 1 0 0 1 0 0 1
2014   2 28  0 50  1 378800  -15.88057  -49.07257     3333  68.4  1  0  7 21 0 0 1 1 1 0 0 1 0 1 1 0 0 1
2014   2 28  0 50  1 907393  -32.99504  -42.72090     6444  76.4  2  0  6 15 0 0 1 1 1 0 0 1 0 0 1 0 0 1
2014   2 28  0 50  2 196762  -32.90619  -42.86353     6041  77.6  2  0  6 15 0 0 1 1 0 0 0 1 0 1 1 0 0 1
2014   2 28  0 50  2 287158   -4.95023  -75.85979     5048  86.4  2  0  7 21 0 0 1 1 1 0 0 1 0 0 1 1 0 1
2014   2 28  0 50  2 824911  -13.48388  -56.75797     9685  70.4  2  0  5 10 0 0 1 1 1 0 0 0 0 1 1 0 0 0
2014   2 28  0 50  3 269974    0.75111  -71.94468     4919  87.8  2  0  7 21 0 0 1 1 1 0 0 1 0 0 1 1 0 1
2014   2 28  0 50  3 653428  -11.81529  -72.48908     6358 104.8  2  0  6 15 0 0 1 1 1 0 0 0 0 0 1 1 0 1
2014   2 28  0 50  4 833167  -20.97127  -52.90965     5216 120.0  2  0  7 18 0 0 1 1 1 0 0 1 0 1 1 0 0 1
2014   2 28  0 50  5 476198  -12.73183  -57.18822     6031 103.4  2  0  6 15 0 0 1 1 1 0 0 1 0 0 1 0 0 1
2014   2 28  0 50  5 707304   -4.89273  -73.95847    10005  64.1  2  0  5 10 0 0 1 0 1 0 0 1 0 0 1 0 0 1
2014   2 28  0 50  6  99763   -1.49355   42.80343    27879  46.2  1  0  5  9 0 0 1 0 1 0 0 1 0 0 1 0 0 1
2014   2 28  0 50  6 538467  -25.55458 -137.37479    24785 138.5  2  0  7 21 0 0 1 1 1 0 0 1 0 1 1 1 0 0
2014   2 28  0 50  6 565771  -25.37121 -138.79155    26524 112.1  2  0  6 15 0 0 1 1 1 0 0 1 0 0 1 1 0 0
2014   2 28  0 50  6 825724  -25.01390 -140.00327    16178  25.4  1  0  4  6 0 0 1 1 0 0 0 1 0 0 0 1 0 0
2014   2 28  0 50  7 424669  -25.39384  -45.26143     5232  85.8  2  0  6 15 0 0 1 1 1 0 0 1 0 0 1 0 0 1
2014   2 28  0 50  7 707895  -23.65990  -45.04823     6769  16.1  0  0  4  6 0 0 1 0 0 0 0 1 0 0 1 0 0 1
2014   2 28  0 50  7 889355  -25.33924  -45.30713     5312  88.4  2  0  6 15 0 0 1 1 1 0 0 1 0 0 1 0 0 1
2014   2 28  0 50  7 972724  -25.39054  -45.28144     5313  87.9  2  0  6 15 0 0 1 1 1 0 0 1 0 0 1 0 0 1
2014   2 28  0 50  8 164870  -19.10836   64.91172    13764   7.2  0  0  4  6 0 0 1 1 0 0 0 1 0 0 0 0 0 1
2014   2 28  0 50 10 111637    0.59182  -71.82476     4367  16.4  0  0  5 10 0 0 0 1 1 0 0 1 0 0 0 1 0 1
2014   2 28  0 50 10 122551    0.54526  -71.85651     4343  16.3  0  0  5 10 0 0 0 1 1 0 0 1 0 0 0 1 0 1
2014   2 28  0 50 10 973071  -25.47820  -44.73096     3163  19.1  0  0  5  9 0 0 1 1 1 0 0 1 0 0 0 0 0 1
2014   2 28  0 50 11 165637  -23.27610  -48.42657     4014  33.2  1  0  5  7 0 0 1 1 1 0 0 1 0 0 0 0 0 1
2014   2 28  0 50 11 202377  -23.19917  -48.48112     3549  26.1  1  0  4  6 0 0 1 0 1 0 0 1 0 1 0 0 0 0
2014   2 28  0 50 11 359493    4.31898  -71.80245     3965  39.7  0  0  7 19 0 0 1 1 1 0 0 1 0 1 0 1 0 1
2014   2 28  0 50 12  22209  -20.61026  -54.20003     2775  43.4  0  0  7 21 0 0 1 1 1 0 0 1 0 1 0 1 0 1
2014   2 28  0 50 12  78687  -20.64878  -54.19429     2972  39.1  0  0  6 15 0 0 1 1 1 0 0 1 0 1 0 0 0 1
2014   2 28  0 50 12 296395  -17.44108   27.39084    18417  36.3  1  0  5 10 0 0 1 1 1 0 0 1 0 0 0 0 0 1
2014   2 28  0 50 12 986475  -25.61668  -44.94650     3002   4.6  0  0  4  6 0 0 1 1 0 0 0 1 0 1 0 0 0 0
2014   2 28  0 50 13   7153  -25.59841  -44.93223     3595  30.4  1  0  5 10 0 0 1 1 1 0 0 1 0 0 0 0 0 1
2014   2 28  0 50 13 276414    3.59500  -70.64325     6744   6.5  0  0  5 10 0 0 1 1 1 0 0 0 0 1 0 0 0 1
2014   2 28  0 50 13 361973    5.79519  -72.61646     5687  29.3  0  0  6 14 0 0 0 1 1 0 0 1 0 1 0 1 0 1
2014   2 28  0 50 13 986098    0.61372  -71.83614     4280  52.2  1  0  6 15 0 0 1 1 1 0 0 1 0 0 0 1 0 1
2014   2 28  0 50 14 127931  -27.39975 -138.23370    28122  44.1  1  0  5 10 0 0 0 1 1 0 0 1 0 0 0 1 0 1
2014   2 28  0 50 14 162854  -25.88039 -137.40372    16257  47.7  1  0  5 10 0 0 1 1 1 0 0 1 0 0 0 1 0 0
2014   2 28  0 50 14 185150  -27.40050 -138.25487    28510  44.8  1  0  5 10 0 0 0 1 1 0 0 1 0 0 0 1 0 1
2014   2 28  0 50 14 205659  -25.88609 -137.42697    16435  48.3  1  0  5 10 0 0 1 1 1 0 0 1 0 0 0 1 0 0
2014   2 28  0 50 14 273112  -25.88090 -137.26331    17078  50.8  2  0  5 10 0 0 1 1 0 0 0 1 0 0 0 1 0 1
2014   2 28  0 50 14 353112    0.45456  -72.94588     4774  12.0  0  0  5 10 0 0 0 1 1 0 0 0 0 1 0 1 0 1
2014   2 28  0 50 14 582313  -22.33311  -46.43382     4338  53.9  2  0  5  9 0 0 1 1 1 0 0 1 0 0 0 0 0 1
2014   2 28  0 50 14 847855  -25.48750  -44.95065     3060  32.4  0  0  6 15 0 0 1 1 1 0 0 1 0 1 0 0 0 1
2014   2 28  0 50 14 908330  -25.48711  -44.95406     3869  37.2  1  0  5 10 0 0 1 1 1 0 0 1 0 0 0 0 0 1
2014   2 28  0 50 15 161819  -24.37275  -45.32174     5254  84.9  2  0  6 15 0 0 0 1 1 0 0 1 0 1 1 0 0 1
2014   2 28  0 50 15 509626    5.49740  -76.46363     6105  66.6  2  0  6 14 0 0 1 1 1 0 0 1 0 0 0 1 0 1
2014   2 28  0 50 15 672212  -20.65358 -136.44719    15618  66.7  2  0  6 15 0 0 1 1 1 0 0 1 0 0 0 1 0 1
2014   2 28  0 50 16 583797  -25.43553  -45.16418     3349  42.6  1  0  6 15 0 0 1 1 1 0 0 1 0 1 0 0 0 1
2014   2 28  0 50 16 594872  -25.43499  -45.16410     4366  47.5  1  0  5 10 0 0 1 1 1 0 0 1 0 0 0 0 0 1
2014   2 28  0 50 17 752781   -5.74511  -52.58322    10182  42.2  1  0  5 10 0 0 1 1 1 0 0 0 0 1 0 0 0 1
2014   2 28  0 50 18 508172    0.55235  -69.82357     9803  11.5  0  0  4  6 0 0 1 1 1 0 0 0 0 1 0 0 0 0
2014   2 28  0 50 18 895130   -4.92640  -73.18540     6388  35.4  1  0  5 10 0 0 1 0 1 0 0 1 0 1 0 0 0 1
2014   2 28  0 50 19 188419   -4.79831  -53.73564     4757  77.6  2  0  5 10 0 0 1 1 0 0 0 0 0 0 0 1 1 1
2014   2 28  0 50 19 539383  -32.07249  -43.91598     5275  38.0  1  0  5 10 0 0 1 1 1 0 0 1 0 0 0 0 0 1
2014   2 28  0 50 19 550709  -32.06689  -43.90985     5309  38.4  1  0  5 10 0 0 1 1 1 0 0 1 0 0 0 0 0 1
2014   2 28  0 50 23 401896   -7.71966  -75.22698    12825 101.7  2  0  6 15 0 0 0 1 1 0 0 1 0 1 0 1 0 1
2014   2 28  0 50 23 660216   -7.72491  -75.26823    13175 104.7  2  0  6 15 0 0 0 1 1 0 0 1 0 1 0 1 0 1
2014   2 28  0 50 24  85171  -15.10359  -53.45953     2804   2.6  0  0  5  7 0 0 1 1 1 0 0 1 0 0 0 0 0 1
2014   2 28  0 50 24 887459    4.94852  -11.54340    16615   6.8  0  0  5  8 0 0 1 1 1 0 0 1 0 0 0 0 0 1
2014   2 28  0 50 25 141011  -25.65736  -44.72691     3973  12.4  0  0  4  6 0 0 1 1 0 0 0 1 0 0 0 0 0 1
2014   2 28  0 50 25 242406  -20.98582  -53.08554     2980   8.1  0  0  4  6 0 0 1 1 1 0 0 1 0 0 0 0 0 0
2014   2 28  0 50 25 299283  -20.98623  -53.08546     2575   6.5  0  0  5 10 0 0 1 1 1 0 0 1 0 0 0 0 0 1
2014   2 28  0 50 25 333184  -20.93920  -53.11615     2565  14.3  0  0  6 13 0 0 1 1 1 0 0 0 0 1 0 1 0 1
2014   2 28  0 50 25 359323  -20.95072  -53.10931     3608  14.8  0  0  5  7 0 0 1 1 1 0 0 0 0 0 0 1 0 1
2014   2 28  0 50 25 391260    4.53714  155.56570     6908   5.6  0  0  4  6 0 0 0 0 0 0 0 1 0 1 0 1 0 1
2014   2 28  0 50 25 615090    0.54134  -71.59391     6354  11.0  0  0  4  6 0 0 1 1 1 0 0 1 0 0 0 0 0 0
2014   2 28  0 50 25 621220    0.57183  -71.78482     4740   7.3  0  0  4  6 0 0 0 1 0 0 0 1 0 0 0 1 0 1
2014   2 28  0 50 25 796855  -22.32475  -49.15591     2829   4.5  0  0  4  6 0 0 1 1 0 0 0 1 0 1 0 0 0 0
2014   2 28  0 50 26 473731   -5.26315  -41.85327     6270  57.0  1  0  6 12 0 0 1 1 1 0 0 1 0 0 0 1 0 1
2014   2 28  0 50 29 250309  -22.31958  -46.44608     3526  37.7  1  0  5 10 0 0 1 1 1 0 0 1 0 0 0 0 0 1
2014   2 28  0 50 30  25145  -20.95087   47.85408    19049  51.6  1  0  6 15 0 0 1 1 1 0 0 1 0 1 0 0 0 1
2014   2 28  0 50 30 587746   -6.89007  -76.61356    10080   6.6  0  0  5 10 0 0 0 1 1 0 0 1 0 1 0 0 0 1
2014   2 28  0 50 30 905097   -7.24226  -73.47149     6303  66.2  2  0  5  9 0 0 1 1 1 0 0 1 0 0 0 1 0 0
2014   2 28  0 50 30 945139  -24.35266  -50.03656     4064  81.0  2  0  6 13 0 0 1 1 1 0 0 0 0 1 0 1 0 1
2014   2 28  0 50 31  93854   -6.52165  -58.59409     2963   8.5  0  0  4  6 0 0 1 1 0 0 0 1 0 0 0 1 0 0
2014   2 28  0 50 31 951189    4.35546  -71.56917     9785  38.6  1  0  5  7 0 0 1 0 1 0 0 0 0 1 0 1 0 1
2014   2 28  0 50 33  52713   31.34729 -142.53461    14224   1.3  0  0  4  6 0 0 1 1 0 0 0 1 0 0 0 1 0 0
2014   2 28  0 50 33 221568  -23.55776  -45.75917     4139  70.7  2  0  6 15 0 0 1 1 1 0 0 1 0 1 0 0 0 1
2014   2 28  0 50 33 963977    0.15662  -73.51414     7932  60.5  2  0  6 15 0 0 0 1 1 0 0 1 0 1 0 1 0 1
2014   2 28  0 50 33 965392  -18.12875   15.40278    33188  80.0  2  0  5 10 0 0 1 1 1 0 0 1 0 0 0 0 0 1
2014   2 28  0 50 34 593654  -32.79546  -43.46692     4741  28.8  0  0  5 10 0 0 1 1 1 0 0 1 0 0 0 0 0 1
2014   2 28  0 50 34 807642  -13.55209  -73.23767     5026 100.4  2  0  7 21 0 0 1 1 1 0 0 1 0 0 0 1 1 1
2014   2 28  0 50 34 830681  -14.01022  -74.33325    11375  63.3  2  0  5 10 0 0 0 1 1 0 0 1 0 0 0 1 0 1
2014   2 28  0 50 35 964695  -25.30000  -45.11839     4388  50.1  2  0  5 10 0 0 1 1 1 0 0 1 0 0 0 0 0 1
2014   2 28  0 50 36 975543  -39.18292  -80.47955     8458  51.9  2  0  5  8 0 0 1 1 1 0 0 0 0 0 0 1 0 1
2014   2 28  0 50 37 169668   -4.52606  -73.91817    12533 150.6  2  0  7 16 0 0 1 1 1 0 0 1 0 1 0 1 0 1
2014   2 28  0 50 37 708998   -3.82762  -63.15020    11125 125.5  2  0  6 15 0 0 1 1 1 0 0 1 0 1 0 0 0 1
2014   2 28  0 50 37 926853   -6.00907  -67.55083     8020 120.9  2  0  6 14 0 0 1 1 1 0 0 0 0 1 0 1 0 1
2014   2 28  0 50 38  23710    0.42759  -74.58011     6048   8.9  0  0  4  6 0 0 0 1 1 0 0 0 0 1 0 1 0 0
2014   2 28  0 50 38 226453   -3.74369  -64.79005     5868  25.4  1  0  4  6 0 0 0 1 0 0 0 0 0 1 0 1 0 1
2014   2 28  0 50 38 378831   -6.37171  -61.86681     6991  23.6  0  0  5 10 0 0 1 1 1 0 0 0 0 1 0 0 0 1
2014   2 28  0 50 40 237636    0.61100  -71.58572     2894   3.0  0  0  5 10 0 0 1 1 1 0 0 0 0 0 0 1 0 1
2014   2 28  0 50 41 140437  -24.41735 -135.91098    10923  12.9  0  0  4  6 0 0 1 1 0 0 0 1 0 0 0 1 0 0
2014   2 28  0 50 41 255247    3.96835  -71.42123     6726   7.2  0  0  4  6 0 0 1 1 0 0 0 1 0 0 0 0 0 1
2014   2 28  0 50 41 548453   36.25204 -106.93449    13676  13.2  0  0  5  9 0 0 1 1 1 0 0 0 0 0 0 1 0 1
2014   2 28  0 50 41 743163    0.56026  -71.65929     3420  16.8  0  0  5 10 0 0 1 0 1 0 0 1 0 0 0 1 0 1
2014   2 28  0 50 42  23457  -22.27930  -46.42636     3188  15.8  0  0  4  6 0 0 1 1 0 0 0 1 0 0 0 0 0 1
2014   2 28  0 50 42 507455  -19.58068   64.13485    11896  18.1  0  0  5 10 0 0 1 1 1 0 0 1 0 0 0 0 0 1
2014   2 28  0 50 43 202704  -25.45642  -44.74902     3160  21.7  0  0  5 10 0 0 1 1 1 0 0 1 0 0 0 0 0 1
2014   2 28  0 50 43 218969  -25.45958  -44.73349     3557  22.8  0  0  5  7 0 0 1 1 1 0 0 1 0 0 0 0 0 1
2014   2 28  0 50 43 426637  -16.90798 -138.11014    10808  29.6  0  0  5 10 0 0 1 1 1 0 0 1 0 0 0 1 0 0
2014   2 28  0 50 43 461961  -16.88062 -138.15506    10744  29.4  0  0  5 10 0 0 1 1 1 0 0 1 0 0 0 1 0 0
2014   2 28  0 50 43 836226   -5.53710  -75.12103     4176  35.4  1  0  5 10 0 0 1 1 1 0 0 1 0 0 0 1 0 0
2014   2 28  0 50 44  58854  -19.21519 -141.40817    20227  33.8  1  0  4  6 0 0 1 1 1 0 0 0 0 0 0 1 0 0
2014   2 28  0 50 44  88381   -5.05135  -76.54000     7595  24.3  1  0  4  6 0 0 0 1 1 0 0 1 0 0 0 1 0 0
2014   2 28  0 50 44 175931  -14.93479   23.76041    37522  30.4  1  0  5  7 0 0 1 1 1 0 0 1 0 0 0 0 0 1
2014   2 28  0 50 44 240192  -23.61871  -47.13396     3350  46.8  1  0  6 14 0 0 1 1 1 0 0 1 0 1 0 0 0 1
2014   2 28  0 50 44 668656   -4.32010  -74.51587     3835  50.1  1  0  7 21 0 0 1 1 1 0 0 1 0 1 0 1 0 1
2014   2 28  0 50 44 984811  -25.55266  -45.00665     3001  37.2  0  0  7 19 0 0 1 1 1 0 0 1 0 1 0 1 0 1
2014   2 28  0 50 45  12760  -25.57334  -44.93387     3677  31.4  1  0  5  9 0 0 1 1 1 0 0 1 0 0 0 0 0 1
2014   2 28  0 50 45 775977  -14.61826  -57.16003     3838  59.5  1  0  6 15 0 0 1 1 1 0 0 1 0 0 0 1 0 1
2014   2 28  0 50 46 285370    4.18245  -72.85579     4981  10.8  0  0  5 10 0 0 0 1 1 0 0 0 0 1 0 1 0 1
2014   2 28  0 50 47 337549  -25.97256 -136.65935    13671  69.4  1  0  7 21 0 0 1 1 1 0 0 1 0 1 0 1 0 1
2014   2 28  0 50 47 374540  -25.91517 -137.26598    16480  64.4  2  0  6 15 0 0 1 1 1 0 0 1 0 0 0 1 0 1
2014   2 28  0 50 47 552961   -4.40735  -73.95514     5685  84.0  2  0  6 15 0 0 1 1 1 0 0 1 0 1 0 1 0 0
2014   2 28  0 50 48 266784    4.29414  -71.54943     5676  72.0  2  0  6 14 0 0 1 1 1 0 0 1 0 0 0 1 0 1
2014   2 28  0 50 49 324298    3.10229  -71.71424     9272  56.2  2  0  5 10 0 0 0 1 1 0 0 1 0 0 0 1 0 1
2014   2 28  0 50 49 953786   44.58580 -143.87164    91364   7.6  0  0  4  6 0 0 0 1 1 0 0 1 0 0 0 1 0 0
2014   2 28  0 50 51 199719  -13.21051  -52.61880     4939  88.5  2  0  6 15 0 0 1 1 1 0 0 1 0 1 0 0 0 1
2014   2 28  0 50 51 467405   -6.73700  -58.95807     5853  64.0  2  0  5 10 0 0 0 1 1 0 0 1 0 0 0 1 0 1
2014   2 28  0 50 51 751587  -12.69874  -57.50469     6397 104.7  2  0  6 15 0 0 1 1 1 0 0 1 0 1 0 0 0 1
2014   2 28  0 50 52 100532  -23.55550  -50.71650     4856 128.6  2  0  7 17 0 0 1 1 1 0 0 1 0 1 0 1 0 1
2014   2 28  0 50 52 798550    0.46525  -74.26351     5431  14.1  0  0  5 10 0 0 0 1 1 0 0 0 0 1 0 1 0 1
2014   2 28  0 50 52 852161    0.76096  -71.98351     7628 129.1  2  0  6 15 0 0 1 1 0 0 0 1 0 1 0 1 0 1
2014   2 28  0 50 53 399463    0.80253  -71.96189     6908 114.5  2  0  6 15 0 0 1 1 1 0 0 1 0 0 0 1 0 1
2014   2 28  0 50 54 569595  -23.38499  -46.15304     3484  12.1  0  0  4  6 0 0 1 1 1 0 0 1 0 0 0 0 0 0
2014   2 28  0 50 54 866907  -23.31440  -46.36705     3851  13.5  0  0  4  6 0 0 1 0 1 0 0 1 0 1 0 0 0 0
2014   2 28  0 50 56 622663  -20.72419  -54.09770     3575  51.8  1  0  7 16 0 0 1 1 0 0 0 1 0 0 1 1 1 1
2014   2 28  0 50 56 655003  -20.65829  -54.08373     2848   1.8  0  0  4  6 0 0 1 1 1 0 0 1 0 0 0 0 0 0
2014   2 28  0 50 56 687930  -20.61939  -54.07242     2770  41.7  0  0  7 21 0 0 1 1 1 0 0 1 0 1 1 1 0 0
2014   2 28  0 50 56 711412  -20.63240  -54.14597     2317  12.0  0  0  7 20 0 0 1 1 1 0 0 1 0 1 1 1 0 0
2014   2 28  0 50 56 873987  -20.63871  -54.14886     2314  11.7  0  0  7 21 0 0 1 1 1 0 0 1 0 1 1 0 0 1
2014   2 28  0 50 56 930446  -10.20494  -75.51858     2614  13.1  0  0  7 21 0 0 1 1 1 0 0 1 0 0 1 1 0 1
2014   2 28  0 50 56 976871  -26.09145 -136.03040     8725  15.4  0  0  5 10 0 0 1 1 1 0 0 1 0 0 0 1 0 0
2014   2 28  0 50 57 323114  -12.51937  -74.17271     3029   7.0  0  0  6 15 0 0 1 1 1 0 0 1 0 0 1 0 0 1
2014   2 28  0 50 57 343533  -10.18595  -75.47338     2863  13.6  0  0  6 15 0 0 1 1 1 0 0 0 0 1 1 1 0 0
2014   2 28  0 50 57 720873  -12.34019  -74.44247     3532  19.5  0  0  5  9 0 0 1 0 1 0 0 1 0 0 0 1 0 1
2014   2 28  0 50 57 757952  -12.32437  -74.39697     2864   6.3  0  0  5 10 0 0 1 0 1 0 0 0 0 0 1 1 0 1
2014   2 28  0 50 57 774470  -12.44950  -74.31030     3806   9.4  0  0  5  9 0 0 1 1 1 0 0 1 0 0 1 0 0 0
2014   2 28  0 50 57 955122  -12.49349  -74.30117     3241  10.7  0  0  6 14 0 0 1 1 1 0 0 1 0 0 1 0 0 1
2014   2 28  0 50 58 134928  -25.63695  -44.77814     3070  19.5  0  0  6 15 0 0 1 1 0 0 0 1 0 0 1 1 0 1
2014   2 28  0 50 58 144119  -20.57176  -54.48755     2529  16.5  0  0  6 15 0 0 0 1 1 0 0 1 0 1 1 0 0 1
2014   2 28  0 50 58 267203  -20.49739  -54.39990     2946  18.2  0  0  5  8 0 0 1 1 0 0 0 1 0 1 0 0 0 1
2014   2 28  0 50 58 563246   -5.17549  -75.77446     3675  12.8  0  0  6 15 0 0 0 1 1 0 0 1 0 1 0 1 0 1
2014   2 28  0 50 58 598198   -7.40887  -73.35300     2820  21.9  0  0  7 21 0 0 1 1 1 0 0 1 0 0 1 1 0 1
2014   2 28  0 50 58 708060  -22.27961  -46.43415     2584  18.6  0  0  6 15 0 0 1 1 1 0 0 1 0 0 1 0 0 1
2014   2 28  0 50 58 766381    4.06117  -71.61755     3298  22.2  0  0  6 14 0 0 1 1 1 0 0 1 0 0 1 1 0 0
2014   2 28  0 50 58 817929   -5.07795  -75.33041     3195  10.1  0  0  5 10 0 0 1 0 1 0 0 0 0 0 1 1 0 1
2014   2 28  0 50 58 847358    4.04718  -71.71161     3445  17.5  0  0  6 15 0 0 0 1 1 0 0 1 0 0 1 1 0 1
2014   2 28  0 50 59 337461  -32.68017 -121.30235    18792   9.0  0  0  4  6 0 0 1 1 0 0 0 1 0 0 1 0 0 0
2014   2 28  0 50 59 376131  -25.59117  -44.80392     3176  20.9  0  0  5 10 0 0 1 1 1 0 0 1 0 0 0 0 0 1
2014   2 28  0 50 59 776992    4.38862    5.88329     6678  18.2  0  0  7 18 0 0 1 0 1 0 0 1 0 1 1 1 0 1
2014   2 28  0 50 59 913217   -4.23410  -75.04987     3560  31.9  0  0  6 15 0 0 1 1 1 0 0 1 0 0 1 1 0 0
2014   2 28  0 50 59 981803    2.00077    3.18309    47393   7.0  0  0  4  6 0 0 1 1 0 0 0 0 0 0 1 0 0 1
2014   2 28  0 51  0  78221  -13.54998  -51.63091     2726  29.5  0  0  7 21 0 0 1 1 1 0 0 1 0 1 1 0 0 1
2014   2 28  0 51  0 133067  -19.32953  -50.97556     3209  29.8  0  0  5  9 0 0 1 1 0 0 0 1 0 1 0 0 0 1
2014   2 28  0 51  0 157375    1.90017    3.05747    48245   7.8  0  0  4  6 0 0 1 1 0 0 0 0 0 0 1 0 0 1
2014   2 28  0 51  0 364924    3.64589  -83.74881     3872  14.2  0  0  5 10 0 0 1 1 0 0 0 1 0 0 1 1 0 0
2014   2 28  0 51  0 604734    7.33124  -77.96266     5360  30.1  0  0  6 15 0 0 0 1 1 0 0 1 0 0 1 1 0 1
2014   2 28  0 51  0 816579  -23.34120 -140.45120    12601  14.5  0  0  4  6 0 0 1 0 0 0 0 1 0 0 1 1 0 0
2014   2 28  0 51  0 977137  -23.31482 -141.24283    13505   6.4  0  0  4  6 0 0 0 1 0 0 0 1 0 0 1 1 0 0
2014   2 28  0 51  0 987100  -23.40565 -140.23903    10840  36.7  0  0  6 15 0 0 1 1 1 0 0 1 0 0 1 1 0 0
2014   2 28  0 51  1  59752  -10.45026  -75.73943     5911  40.9  1  0  5  9 0 0 0 1 1 0 0 1 0 0 1 1 0 0
2014   2 28  0 51  1 219614  -10.27434  -75.78382     3358  28.6  0  0  6 13 0 0 1 1 1 0 0 1 0 0 1 1 0 0
2014   2 28  0 51  1 227304  -10.31681  -75.63997     4094  44.5  1  0  6 15 0 0 1 1 1 0 0 1 0 0 1 1 0 0
2014   2 28  0 51  1 412615  -15.86287  -49.66278     3039  31.6  0  0  6 15 0 0 1 1 1 0 0 1 0 0 1 0 0 1
2014   2 28  0 51  1 422733  -10.24106  -75.33885     4808  52.0  1  0  6 14 0 0 1 0 1 0 0 1 0 1 1 1 0 0
2014   2 28  0 51  1 448068  -15.85044  -49.54685     3090  15.5  0  0  5 10 0 0 1 0 1 0 0 1 0 0 1 0 0 1
2014   2 28  0 51  1 750763   -3.51006   84.73475    21596  32.7  1  0  5 10 0 0 1 1 1 0 0 0 0 0 1 0 0 1
2014   2 28  0 51  2 607583  -23.55963  -45.71307     5124  56.1  2  0  5 10 0 0 0 1 1 0 0 1 0 0 1 0 0 1
2014   2 28  0 51  2 658157  -25.54526  -44.93764     3694  34.7  0  0  6 15 0 0 1 0 1 0 0 1 0 1 1 0 0 1
2014   2 28  0 51  2 733747  -23.56013  -45.71852     5142  56.4  2  0  5 10 0 0 0 1 1 0 0 1 0 0 1 0 0 1
2014   2 28  0 51  3 389280  -23.07857  -51.03062     3293   6.1  0  0  4  6 0 0 1 1 0 0 0 1 0 0 1 0 0 0
2014   2 28  0 51  3 416564  -25.58959  -45.07032     3414  29.7  0  0  6 12 0 0 1 1 0 0 0 1 0 1 1 0 0 1
2014   2 28  0 51  3 778783  -19.06303  -51.09019     4419  40.3  1  0  5  8 0 0 0 1 1 0 0 1 0 0 1 0 0 1
2014   2 28  0 51  3 793035  -19.09733  -51.11295     4431  55.0  2  0  5 10 0 0 0 1 1 0 0 1 0 0 1 0 0 1
2014   2 28  0 51  3 851039  -18.59431  -51.11480     5380  30.7  1  0  5  9 0 0 1 0 1 0 0 0 0 1 1 0 0 1
2014   2 28  0 51  3 904971  -24.22957  -50.58236     5862  35.5  1  0  5  7 0 0 1 1 0 0 0 1 0 0 1 0 0 1
2014   2 28  0 51  4 444981  -19.12095  -51.19297     2864  36.3  0  0  7 19 0 0 1 1 0 0 0 1 0 1 1 1 1 0
2014   2 28  0 51  4 467513  -19.29033  -50.85056     4615  44.5  1  0  5  8 0 0 0 1 1 0 0 1 0 0 1 0 0 1
2014   2 28  0 51  4 501470  -19.26186  -50.73692     2916  17.4  0  0  5 10 0 0 1 0 1 0 0 1 0 0 1 0 0 1
2014   2 28  0 51  4 817775   -6.33832  -53.00026     7982  29.4  0  0  5 10 0 0 1 1 1 0 0 0 0 0 1 0 0 1
2014   2 28  0 51  5  94883  -19.30290  -50.77285     2945  15.4  0  0  5  8 0 0 1 0 1 0 0 1 0 0 1 0 0 1
2014   2 28  0 51  5 292083   -4.64981  -73.47807     8072  67.0  2  0  6 15 0 0 1 1 1 0 0 1 0 0 1 0 0 1
2014   2 28  0 51  5 394245  -25.38285  -44.94191     3531  42.2  1  0  6 15 0 0 1 1 1 0 0 1 0 0 1 0 0 1
2014   2 28  0 51  5 466173  -25.35321  -44.99508     3024  40.5  0  0  7 21 0 0 1 1 1 0 0 1 0 1 1 0 0 1
2014   2 28  0 51  5 511577  -25.43003  -44.82820     4876  37.1  1  0  5  8 0 0 1 1 0 0 0 1 0 0 1 0 0 1
2014   2 28  0 51  5 593290  -25.39470  -44.94318     4130  44.7  1  0  6 15 0 0 1 0 1 0 0 1 0 1 1 0 0 1
2014   2 28  0 51  5 684562  -25.43030  -44.95585     3923  34.8  1  0  5 10 0 0 1 1 1 0 0 1 0 0 1 0 0 0
2014   2 28  0 51  5 786665  -32.45828  -42.80430     6122  48.0  1  0  5 10 0 0 1 0 1 0 0 1 0 0 1 0 0 1
2014   2 28  0 51  5 883749  -25.28147  -45.06340     3396  37.8  0  0  6 15 0 0 0 1 1 0 0 1 0 1 1 0 0 1
2014   2 28  0 51  5 896637  -17.73329  -51.32704     4964  22.7  0  0  5  8 0 0 1 1 1 0 0 0 0 0 1 0 0 1
2014   2 28  0 51  5 944369  -32.34421  -43.19570     7473  72.3  2  0  5 10 0 0 1 1 1 0 0 0 0 0 1 0 0 1
2014   2 28  0 51  6  83745  -32.34893  -43.19936     5860  66.9  2  0  6 15 0 0 1 1 1 0 0 1 0 0 1 0 0 1
2014   2 28  0 51  6 126305  -32.45343  -42.80152     6253  49.7  1  0  5 10 0 0 1 0 1 0 0 1 0 0 1 0 0 1
2014   2 28  0 51  6 488398    4.32376  -72.06860     6027  81.6  2  0  6 14 0 0 1 1 1 0 0 1 0 0 1 1 0 0
2014   2 28  0 51  6 518415    4.28867  -72.33775     7410  77.0  2  0  6 15 0 0 0 1 1 0 0 1 0 0 1 1 0 1
2014   2 28  0 51  6 673996  -32.49141  -42.75520     6434  52.3  2  0  5  9 0 0 1 0 1 0 0 1 0 0 1 0 0 1
2014   2 28  0 51  6 702097    4.34718  -71.89484     6270  68.0  2  0  6 11 0 0 1 1 0 0 0 1 0 0 1 1 0 1
2014   2 28  0 51  8 515804    0.87888  -72.12186     4967  46.0  1  0  5 10 0 0 1 1 0 0 0 1 0 0 1 1 0 0
2014   2 28  0 51  8 594781  -25.43107  -45.32328     5814  51.1  2  0  5 10 0 0 1 0 1 0 0 1 0 1 1 0 0 0
2014   2 28  0 51 13 129807  -19.26789  -50.81062     2578   3.3  0  0  5  9 0 0 0 1 1 0 0 1 0 0 1 0 0 1
2014   2 28  0 51 13 273291  -19.33956  -50.92053     2497  15.3  0  0  6 15 0 0 1 1 1 0 0 1 0 1 1 0 0 0
2014   2 28  0 51 14  79637    0.62739  -71.83081     3683   5.0  0  0  4  6 0 0 0 1 0 0 0 1 0 0 1 1 0 0
2014   2 28  0 51 14 612077  -15.85691  -49.67483     2851  16.3  0  0  5  9 0 0 0 1 1 0 0 1 0 1 1 0 0 0
2014   2 28  0 51 14 633806  -15.86125  -49.64741     2758  12.3  0  0  5 10 0 0 0 1 1 0 0 1 0 0 1 0 0 1
2014   2 28  0 51 15 217171   34.84068 -105.20478    14651  14.3  0  0  5 10 0 0 1 1 1 0 0 1 0 0 1 0 0 0
2014   2 28  0 51 15 283595   36.28812 -107.21814    34298  29.7  0  0  5  8 0 0 1 1 0 0 0 1 0 0 1 1 0 0
2014   2 28  0 51 15 327914   37.29868 -108.19705    31849  39.8  1  0  5  7 0 0 1 1 0 0 0 1 0 0 1 1 0 0
2014   2 28  0 51 15 443178   36.43656 -107.45815    23248  29.1  0  0  5  9 0 0 1 1 0 0 0 1 0 0 1 1 0 0
2014   2 28  0 51 15 581378  -10.58475  -75.23643     5368  26.1  0  0  5 10 0 0 1 1 1 0 0 1 0 0 1 0 0 0
2014   2 28  0 51 15 675115    0.64616  -71.67876     4021  25.8  0  0  5 10 0 0 1 0 0 0 0 1 0 0 1 1 0 1
2014   2 28  0 51 16 250123  -25.58712  -44.82739     4658  30.8  1  0  5 10 0 0 1 0 1 0 0 1 0 0 1 0 0 1
2014   2 28  0 51 16 345133  -25.60500  -44.80376     4074  28.4  0  0  5 10 0 0 1 1 0 0 0 1 0 0 1 0 0 1
2014   2 28  0 51 16 356582  -25.61585  -44.78858     3810  18.0  0  0  5  8 0 0 1 1 0 0 0 1 0 0 1 0 0 1
2014   2 28  0 51 16 502758  -25.57315  -44.88319     4090  29.7  0  0  5  8 0 0 0 1 1 0 0 1 0 0 1 0 0 1
2014   2 28  0 51 16 566847  -25.58654  -44.87066     3326  29.5  0  0  6 12 0 0 1 1 1 0 0 1 0 0 1 0 0 1
2014   2 28  0 51 16 699578  -12.13431  -72.10285     3934  38.7  0  0  7 21 0 0 1 1 1 0 0 1 0 1 1 0 0 1
2014   2 28  0 51 16 767857  -11.87747  -72.49494     3583  49.2  0  0  7 21 0 0 1 1 1 0 0 1 0 0 1 1 0 1
2014   2 28  0 51 16 825027    0.51946  -72.12929     4130   5.9  0  0  4  6 0 0 0 0 0 0 0 1 0 1 0 1 0 1
2014   2 28  0 51 17 114741   -4.79604  -61.61645     4561  47.0  1  0  5 10 0 0 1 1 1 0 0 0 0 0 0 1 0 1
2014   2 28  0 51 17 235464  -23.05391  -50.92036     2979  44.2  0  0  7 16 0 0 1 1 1 0 0 1 0 1 1 0 0 1
2014   2 28  0 51 17 504253    0.69548  -71.77339     3913  42.7  1  0  6 15 0 0 1 1 1 0 0 1 0 0 1 1 0 0
2014   2 28  0 51 17 693843    0.66990  -71.93879     4199  12.5  0  0  4  6 0 0 0 1 0 0 0 1 0 0 1 1 0 0
2014   2 28  0 51 18 394175    3.03794  -71.87317     6405  46.9  1  0  5  9 0 0 0 1 1 0 0 1 0 0 1 1 0 0
2014   2 28  0 51 18 672676  -14.31272  -51.68956     4460  45.2  1  0  5 10 0 0 0 1 1 0 0 1 0 0 1 0 0 1
2014   2 28  0 51 18 683857  -14.31394  -51.69432     4531  46.8  1  0  5 10 0 0 0 1 1 0 0 1 0 0 1 0 0 1
2014   2 28  0 51 19  11745    3.31249  -14.72166    23621  24.5  0  0  5 10 0 0 1 0 1 0 0 1 0 0 1 0 0 1
2014   2 28  0 51 19 668667   -2.27278   -3.20922    64595  38.4  1  0  5 10 0 0 1 1 1 0 0 0 0 0 1 0 0 1
2014   2 28  0 51 19 883021   39.44534 -171.03717    14908  48.3  1  0  6 15 0 0 1 1 1 0 0 1 0 0 1 1 0 0
2014   2 28  0 51 20 203843    0.70906  -72.05394     5378  24.3  1  0  4  6 0 0 0 1 0 0 0 1 0 0 1 1 0 0
2014   2 28  0 51 21 303961    4.47049  -71.82318     6851  80.7  2  0  6 15 0 0 1 1 1 0 0 0 0 0 1 1 0 1
2014   2 28  0 51 21 663764   -5.97976  -74.44043     6588  36.3  1  0  5 10 0 0 1 0 1 0 0 1 0 0 1 0 0 1
2014   2 28  0 51 21 684577   -5.53418  -75.65228     8580  75.2  2  0  5 10 0 0 0 1 1 0 0 1 0 0 1 1 0 0
2014   2 28  0 51 21 934653  -12.98886  157.92078    18747  82.6  2  0  5 10 0 0 1 1 1 0 0 1 0 0 0 1 0 0
2014   2 28  0 51 22  44177  -12.97208  158.04469     7766   9.2  0  0  4  6 0 0 0 1 0 0 0 1 0 0 1 1 0 0
2014   2 28  0 51 22  91923  -13.00712  158.22017     8091  22.6  0  0  5 10 0 0 1 1 0 0 0 1 0 0 1 1 0 0
2014   2 28  0 51 22 266901    4.39831  -71.99963     7688 106.0  2  0  6 14 0 0 1 1 0 0 0 1 0 1 0 1 0 1
2014   2 28  0 51 22 346005  -23.60141  -47.48032     4516  74.2  2  0  7 16 0 0 1 1 1 0 0 1 0 0 1 1 0 1
2014   2 28  0 51 22 356160  -23.78649  -47.03231     4433  72.9  2  0  6 14 0 0 1 1 1 0 0 1 0 0 1 0 0 1
2014   2 28  0 51 22 374135  -23.57374  -47.59902     3399  28.8  0  0  5 10 0 0 1 1 0 0 0 1 0 1 1 0 0 0
2014   2 28  0 51 22 383883  -23.76428  -47.01263     4325  65.4  2  0  6 13 0 0 1 1 1 0 0 1 0 0 1 0 0 1
2014   2 28  0 51 22 645341  -23.79237  -47.03923     4500  74.8  2  0  6 14 0 0 1 1 1 0 0 1 0 0 1 0 0 1
2014   2 28  0 51 22 667561  -23.79120  -47.03938     4505  74.9  2  0  6 14 0 0 1 1 1 0 0 1 0 0 1 0 0 1
2014   2 28  0 51 22 704968  -23.63692  -47.34646     4940  90.1  2  0  6 14 0 0 1 1 0 0 0 1 0 1 1 0 0 1
2014   2 28  0 51 22 989863  -11.85402  -72.44004     4996  96.8  2  0  7 21 0 0 1 1 1 0 0 1 0 0 1 1 0 1
2014   2 28  0 51 23 251058  -22.53986 -135.01646    15815  80.9  2  0  7 21 0 0 1 0 1 0 0 1 0 1 1 1 0 1
2014   2 28  0 51 23 286247  -22.27160 -139.71695    31574  80.1  2  0  6 15 0 0 0 1 1 0 0 1 0 0 1 1 0 1
2014   2 28  0 51 23 538643  -11.83886  -72.29019     6074  99.0  2  0  6 14 0 0 1 1 1 0 0 0 0 0 1 1 0 1
2014   2 28  0 51 23 621292    0.33096  -64.00531     4237  87.8  2  0  7 21 0 0 1 1 1 0 0 1 0 0 1 1 0 1
2014   2 28  0 51 23 775756  -11.21986  -52.93257     3806  13.9  0  0  4  6 0 0 1 0 0 0 0 1 0 0 1 0 0 1
2014   2 28  0 51 23 948758   -0.33674  -63.52753     9109 100.1  2  0  7 21 0 0 1 1 1 0 0 1 0 1 1 0 0 1
2014   2 28  0 51 24  37382   -0.18811  -63.66032    12311 103.9  2  0  6 15 0 0 1 1 0 0 0 1 0 1 1 0 0 1
2014   2 28  0 51 24 278327    0.32993  -64.06538     4672 104.6  2  0  7 21 0 0 1 1 0 0 0 1 0 1 1 1 0 1
2014   2 28  0 51 24 331791  -19.34916  -50.80703     3967  68.3  2  0  6 15 0 0 1 1 0 0 0 1 0 0 1 1 0 1
2014   2 28  0 51 24 378780    3.15420  -57.29614     6026  68.6  2  0  5 10 0 0 0 0 1 0 0 1 0 0 1 1 0 1
2014   2 28  0 51 24 818455   -4.38074  -74.44903     8554  97.7  2  0  6 15 0 0 0 1 1 0 0 1 0 0 1 1 0 1
2014   2 28  0 51 24 885142   -4.23932  -74.10255     5721  84.0  2  0  6 15 0 0 1 1 0 0 0 1 0 0 1 1 0 1
2014   2 28  0 51 25 509184  -13.58285  -73.16635     6194 135.7  2  0  7 20 0 0 1 1 1 0 0 1 0 1 1 1 0 0
2014   2 28  0 51 25 687043  -25.40646  -45.26364     3595  65.1  1  0  7 21 0 0 1 1 1 0 0 1 0 1 1 0 0 1
2014   2 28  0 51 25 789472  -25.71450 -137.29364    31623 111.8  2  0  6 15 0 0 1 1 1 0 0 0 0 0 1 1 0 1
2014   2 28  0 51 25 896546  -25.68715 -138.05588    27998 118.3  2  0  6 15 0 0 1 1 1 0 0 1 0 0 0 1 0 1
2014   2 28  0 51 26 213041    3.32236  -71.03487    15252 104.8  2  0  6 15 0 0 1 1 1 0 0 1 0 0 1 0 0 1
2014   2 28  0 51 26 339045  -25.20741 -139.91608    17015  27.4  1  0  4  6 0 0 1 1 0 0 0 1 0 0 0 1 0 0
2014   2 28  0 51 26 763011   -8.85782  -76.67233     6420 124.5  2  0  7 21 0 0 1 1 1 0 0 1 0 0 1 1 0 1
2014   2 28  0 51 27 182464  -23.53677  -45.80162     5997 115.0  2  0  6 15 0 0 1 1 1 0 0 1 0 0 1 0 0 1
2014   2 28  0 51 27 190782  -23.52442  -45.78231     5976 113.5  2  0  6 15 0 0 1 1 1 0 0 1 0 0 1 0 0 1
2014   2 28  0 51 27 407411  -23.69281  -47.72012     4532  39.4  1  0  5  7 0 0 1 1 0 0 0 0 0 1 1 1 0 0
2014   2 28  0 51 27 510289  -15.89168  -49.02363     5207 103.8  2  0  6 15 0 0 1 1 1 0 0 1 0 0 1 0 0 1
2014   2 28  0 51 27 530976  -15.83229  -48.65098     3289   7.9  0  0  4  6 0 0 1 0 0 0 0 1 0 0 1 0 0 1
2014   2 28  0 51 27 663990  -15.68653  -49.41026     4507  71.8  2  0  6 11 0 0 1 1 0 0 0 1 0 1 1 1 0 0
2014   2 28  0 51 28   6028  -15.78099  -48.90870     2837  10.8  0  0  5  9 0 0 1 1 1 0 0 1 0 0 1 0 0 0
2014   2 28  0 51 28 252411   -7.38276  -73.28913     2681  12.0  0  0  7 19 0 0 1 0 1 0 0 1 0 1 1 1 0 1
2014   2 28  0 51 28 267807   -7.40248  -73.33425     3250  12.7  0  0  6 15 0 0 0 1 1 0 0 1 0 0 1 1 0 1
2014   2 28  0 51 28 317948   -7.46668  -73.16494     3163   6.3  0  0  6 15 0 0 1 1 1 0 0 1 0 1 1 0 0 0
2014   2 28  0 51 28 362154   -7.38401  -73.30358     2589  12.4  0  0  7 21 0 0 1 1 0 0 0 1 0 1 1 1 0 1
2014   2 28  0 51 28 410451   -7.39547  -73.35525     2890  10.6  0  0  7 21 0 0 0 1 1 0 0 1 0 1 1 1 0 1
2014   2 28  0 51 28 484806   -7.40897  -73.32860     2932  11.4  0  0  7 21 0 0 0 1 1 0 0 1 0 1 1 1 0 1
2014   2 28  0 51 28 536476   -7.51175  -73.07859     6422   1.7  0  0  4  6 0 0 0 1 0 0 0 1 0 0 1 0 0 1
2014   2 28  0 51 28 618688   -7.48397  -73.17867     2827   4.9  0  0  7 21 0 0 1 1 1 0 0 1 0 1 1 0 0 1
2014   2 28  0 51 29  64216  -10.90291  -42.09135     5921 104.9  2  0  6 14 0 0 1 1 1 0 0 0 0 0 1 1 0 1
2014   2 28  0 51 29 105142  -26.13125 -136.30215     7617  18.3  0  0  6 15 0 0 1 1 1 0 0 1 0 0 1 1 0 0
2014   2 28  0 51 29 827622  -12.12395  -72.20473     3776  12.7  0  0  5 10 0 0 1 1 1 0 0 1 0 0 1 0 0 0
2014   2 28  0 51 29 883368  -25.65048  -44.79416     3192  14.8  0  0  5  9 0 0 1 1 1 0 0 0 0 0 1 0 0 1
2014   2 28  0 51 29 891938  -25.69192  -44.75977     2638  24.0  0  0  7 21 0 0 1 1 1 0 0 1 0 1 1 0 0 1
2014   2 28  0 51 29 937793  -25.67886  -44.78304     3052  26.8  0  0  6 15 0 0 1 1 1 0 0 1 0 0 1 0 0 1
2014   2 28  0 51 30  20499  -23.21070  -48.58264     2926  28.9  0  0  6 15 0 0 1 1 0 0 0 1 0 0 1 1 0 1
2014   2 28  0 51 30 305010  -11.99392  -72.38224     3814  26.9  0  0  5 10 0 0 1 0 0 0 0 1 0 0 1 1 0 1
2014   2 28  0 51 30 352581  -25.62924  -44.77497     3126  28.2  0  0  6 14 0 0 1 1 1 0 0 1 0 0 1 0 0 1
2014   2 28  0 51 30 608192    0.59959  -71.66807     2888  22.1  0  0  7 21 0 0 1 1 1 0 0 1 0 0 1 1 0 1
2014   2 28  0 51 30 683617  -10.28442  -75.75505     4380  22.7  0  0  5 10 0 0 0 1 1 0 0 1 0 0 1 1 0 0
2014   2 28  0 51 30 710640  -25.70131  -44.81222     2696  27.1  0  0  7 21 0 0 1 1 1 0 0 1 0 1 1 0 0 1
2014   2 28  0 51 30 863055  -25.69636  -44.81915     2706  27.5  0  0  7 21 0 0 1 1 1 0 0 1 0 1 1 0 0 1
2014   2 28  0 51 30 959583    4.23776  -71.94085     3440  32.4  0  0  7 20 0 0 1 1 0 0 0 1 0 1 1 1 0 1
2014   2 28  0 51 31  54964  -10.21296  -75.43851     3716  33.7  0  0  6 15 0 0 1 0 1 0 0 1 0 1 1 1 0 0
2014   2 28  0 51 31 415709  -12.47507  -57.63499     2870  29.0  0  0  7 21 0 0 0 1 1 0 0 1 0 1 1 1 0 1
2014   2 28  0 51 31 529320  -25.53979  -44.78155     3324  20.4  0  0  5  9 0 0 1 1 1 0 0 0 0 0 1 0 0 1
2014   2 28  0 51 31 717341  -17.93060   26.75758    23895  22.1  0  0  5 10 0 0 1 1 1 0 0 0 0 0 1 0 0 1
2014   2 28  0 51 31 791572  -15.82891  -49.73890     3795  35.4  1  0  5 10 0 0 0 0 1 0 0 1 0 1 1 1 0 0
2014   2 28  0 51 31 903389    0.61749  -63.32458     3638  27.6  0  0  5 10 0 0 0 1 1 0 0 1 0 0 1 1 0 0
2014   2 28  0 51 33 130455  -24.24774  -50.33302     3454  54.5  1  0  7 17 0 0 1 1 1 0 0 1 0 1 1 1 0 0
2014   2 28  0 51 33 281326   -5.58991    4.21759    39255  28.1  0  0  5 10 0 0 1 1 1 0 0 0 0 0 1 0 0 1
2014   2 28  0 51 33 495523  -24.33385  -50.29440     3778  25.9  0  0  5  7 0 0 1 1 1 0 0 1 0 0 1 0 0 0
2014   2 28  0 51 34 106356    0.58742  -71.79162     4238  50.2  1  0  6 15 0 0 1 1 1 0 0 1 0 0 0 1 0 1
2014   2 28  0 51 34 129658    0.63950  -71.76638     3704  46.8  0  0  7 20 0 0 1 1 1 0 0 1 0 0 1 1 0 1
2014   2 28  0 51 34 179226    0.63865  -71.73272     4866  40.2  1  0  5 10 0 0 1 0 1 0 0 1 0 0 1 1 0 0
2014   2 28  0 51 34 193942    0.62963  -71.77304     3622  46.6  0  0  7 21 0 0 1 1 1 0 0 1 0 0 1 1 0 1
2014   2 28  0 51 34 275426    0.59741  -71.44640     3667  18.0  0  0  5 10 0 0 1 0 1 0 0 0 0 0 1 1 0 1
2014   2 28  0 51 34 305585  -20.72108  -54.04209     4067  42.8  1  0  5 10 0 0 1 1 1 0 0 1 0 0 1 0 0 0
2014   2 28  0 51 34 380051    0.62353  -71.80569     4853  50.1  2  0  5 10 0 0 1 1 1 0 0 1 0 0 0 1 0 0
2014   2 28  0 51 34 400792   -5.63290  -75.00319     4337  45.8  1  0  6 15 0 0 1 0 1 0 0 1 0 0 1 1 0 1
2014   2 28  0 51 34 461191    0.65390  -71.92448     4320  14.0  0  0  4  6 0 0 0 1 0 0 0 1 0 0 1 1 0 0
2014   2 28  0 51 34 700445    8.04345  -71.97511    22451  40.9  1  0  5  9 0 0 1 1 1 0 0 0 0 0 1 0 0 1
2014   2 28  0 51 34 781307    0.61095  -71.97897     5777  47.5  1  0  5 10 0 0 0 1 1 0 0 1 0 0 1 1 0 0
2014   2 28  0 51 34 900282    0.66316  -71.95021     4525  16.0  0  0  4  6 0 0 0 1 0 0 0 1 0 0 1 1 0 0
2014   2 28  0 51 35 671501  -22.36952  -46.40192     3244  43.2  1  0  6 15 0 0 1 1 1 0 0 1 0 0 1 0 0 1
2014   2 28  0 51 35 681758  -22.37371  -46.41304     3263  43.8  1  0  6 15 0 0 1 1 1 0 0 1 0 0 1 0 0 1
2014   2 28  0 51 35 911088    5.22481  -75.45258     6089  70.3  2  0  6 14 0 0 1 1 0 0 0 1 0 1 1 1 0 0
2014   2 28  0 51 36 638538    0.71036  -72.05628     5434  24.7  1  0  4  6 0 0 0 1 0 0 0 1 0 0 1 1 0 0
2014   2 28  0 51 36 655829  -20.09335  -49.95199     3366  73.9  2  0  7 21 0 0 1 0 1 0 0 1 0 1 1 1 0 1
2014   2 28  0 51 37 333574  -25.14142 -137.13524    23842  76.2  2  0  5 10 0 0 1 1 1 0 0 1 0 0 0 1 0 0
2014   2 28  0 51 38 226209  -22.50604  -48.97095     4120  68.4  2  0  6 12 0 0 1 1 1 0 0 1 0 0 1 0 0 1
2014   2 28  0 51 38 348670  -18.44046 -138.21754    10854  28.6  0  0  5 10 0 0 1 1 0 0 0 1 0 0 1 1 0 0
2014   2 28  0 51 38 355753  -18.36389 -138.41745    10269  12.2  0  0  4  6 0 0 1 1 0 0 0 1 0 0 0 1 0 0
2014   2 28  0 51 38 394327  -22.02077   45.58894     9139  30.9  0  0  6 15 0 0 1 0 1 0 0 1 0 1 0 1 0 1
2014   2 28  0 51 39 291340  -13.73685  -52.66729     4747  82.6  2  0  6 15 0 0 1 0 1 0 0 1 0 1 0 1 0 1
2014   2 28  0 51 40 134354   -5.17310  -76.07828     8915  95.2  2  0  6 15 0 0 0 1 1 0 0 1 0 0 1 1 0 1
2014   2 28  0 51 40 142264   -5.04781  -75.74724     5784  81.5  2  0  6 15 0 0 1 1 0 0 0 1 0 0 1 1 0 1
2014   2 28  0 51 40 190506   -5.03077  -76.17945     7187  34.0  1  0  4  6 0 0 0 1 0 0 0 1 0 0 1 1 0 0
2014   2 28  0 51 41 375252  -22.35125  -46.55501     4174 114.3  2  0  7 21 0 0 1 1 1 0 0 1 0 1 1 0 0 1
2014   2 28  0 51 41 696017   -4.91954  -53.91297     4057  94.6  2  0  7 21 0 0 0 1 1 0 0 1 0 1 1 1 0 1
2014   2 28  0 51 41 831673   -4.89906  -53.86722     4869  98.3  2  0  6 15 0 0 0 1 1 0 0 1 0 0 1 1 0 1
2014   2 28  0 51 42 151790  -25.48869  -45.24216     5159  58.4  2  0  5 10 0 0 1 1 1 0 0 1 0 0 1 0 0 0
2014   2 28  0 51 42 305139   -7.28665  -73.37745     6206  91.0  2  0  6 15 0 0 1 0 1 0 0 1 0 0 1 1 0 1
2014   2 28  0 51 42 406812    4.07071  -72.47846     7378  90.1  2  0  6 13 0 0 1 0 1 0 0 1 0 0 1 1 0 1
2014   2 28  0 51 42 523635  -10.85226  -74.79916     8785 125.1  2  0  7 21 0 0 1 1 1 0 0 1 0 1 1 0 0 1
2014   2 28  0 51 42 575409    2.18755  -17.06723    36851 109.7  2  0  6 15 0 0 1 1 1 0 0 0 0 0 1 1 0 1
2014   2 28  0 51 43 982586  -23.24920 -138.71227    17291  50.0  2  0  5 10 0 0 1 1 0 0 0 1 0 0 1 1 0 0
2014   2 28  0 51 44 116521    0.53210  -71.67683     3230   8.1  0  0  5 10 0 0 1 0 1 0 0 0 0 0 1 1 0 1
2014   2 28  0 51 44 310258  -25.62087  -44.65979     2676  10.8  0  0  6 15 0 0 1 1 1 0 0 1 0 0 1 0 0 1
2014   2 28  0 51 44 539692  -25.61179  -44.67162     3187  12.7  0  0  5  8 0 0 1 1 1 0 0 1 0 0 0 0 0 1
2014   2 28  0 51 44 556196  -25.66154  -44.66663     3027  13.0  0  0  5 10 0 0 1 1 1 0 0 1 0 0 0 0 0 1
2014   2 28  0 51 44 968548  -10.43788  -75.58453     2949  10.6  0  0  7 21 0 0 0 1 1 0 0 1 0 1 1 1 0 1
2014   2 28  0 51 45  30671  -10.40489  -75.45702     3330   6.0  0  0  4  6 0 0 1 1 0 0 0 0 0 0 1 1 0 0
2014   2 28  0 51 45 347620  -33.10544  -42.48060     2565  10.2  0  0  7 21 0 0 1 1 1 0 0 1 0 1 1 0 0 1
2014   2 28  0 51 47 585199  -13.75490   24.70040    13269  23.3  0  0  6 13 0 0 1 1 1 0 0 1 0 0 1 0 0 1
2014   2 28  0 51 47 659104  -17.35840 -137.73305    16973   5.9  0  0  4  6 0 0 1 1 0 0 0 1 0 0 1 0 0 0
2014   2 28  0 51 48 202093   -5.53503  -75.18101     3625  34.0  0  0  6 15 0 0 1 1 1 0 0 1 0 0 1 1 0 0
2014   2 28  0 51 48 472486    0.65066  -71.84632     3950   9.6  0  0  4  6 0 0 0 1 0 0 0 1 0 0 1 1 0 0
2014   2 28  0 51 48 952271  -25.69731  -44.95193     2898  17.1  0  0  6 14 0 0 0 1 1 0 0 1 0 1 1 0 0 1
2014   2 28  0 51 49  75638  -25.79222  -44.87888     3613  17.4  0  0  5  8 0 0 1 1 1 0 0 1 0 0 1 0 0 0
2014   2 28  0 51 49 386130  -23.54165  -45.70473     3512  40.1  1  0  6 15 0 0 1 1 1 0 0 1 0 0 1 0 0 1
2014   2 28  0 51 49 432160  -25.85589  -45.08552     3275  28.6  0  0  6 14 0 0 1 1 1 0 0 1 0 0 1 0 0 1
2014   2 28  0 51 49 577412  -23.52775  -45.67629     4705  47.0  1  0  5 10 0 0 0 1 1 0 0 1 0 0 1 0 0 1
2014   2 28  0 51 50  68963   39.64948 -171.84016    10159  42.7  0  0  7 21 0 0 1 1 1 0 0 1 0 0 1 1 0 1
2014   2 28  0 51 50 122268  -20.91283  -53.22141     2894   9.3  0  0  4  6 0 0 1 1 0 0 0 0 0 1 1 0 0 0
2014   2 28  0 51 50 248630   -4.37418  -73.81308     3782  46.1  0  0  7 21 0 0 1 0 1 0 0 1 0 1 1 1 0 1
2014   2 28  0 51 50 296081   -4.40590  -74.02439     7090  49.0  1  0  5 10 0 0 0 0 1 0 0 1 0 1 1 1 0 0
2014   2 28  0 51 50 309754   -4.33835  -73.96796     4528  57.1  1  0  6 15 0 0 1 1 0 0 0 1 0 1 1 1 0 0
2014   2 28  0 51 50 512816  -26.36021 -137.31857     8869  17.2  0  0  5 10 0 0 1 1 0 0 0 1 0 0 1 1 0 0
2014   2 28  0 51 50 767571  -22.63476  -46.21795     4654  47.4  1  0  5  8 0 0 0 1 1 0 0 0 0 0 1 1 0 1
2014   2 28  0 51 51 225823  -19.30744  -50.86503     3765  69.1  1  0  7 19 0 0 1 1 1 0 0 1 0 0 1 1 0 1
2014   2 28  0 51 51 346834  -25.52625  -44.94923     3638  33.8  0  0  6 15 0 0 1 0 1 0 0 1 0 1 1 0 0 1
2014   2 28  0 51 51 588092    0.76409  -71.90706     3727  25.0  0  0  5 10 0 0 1 1 0 0 0 1 0 0 1 1 0 0
2014   2 28  0 51 52 644194   -4.91313  -75.88030     4033  29.4  0  0  5 10 0 0 1 1 0 0 0 1 0 0 1 1 0 0
2014   2 28  0 51 52 786167  -10.26270  -76.11783     6779  52.4  2  0  5 10 0 0 0 1 0 0 0 1 0 0 1 1 0 1
2014   2 28  0 51 52 888704    5.56441  -75.47508     5027  65.4  1  0  7 20 0 0 1 1 1 0 0 1 0 0 1 1 0 1
2014   2 28  0 51 53 241152    4.34168  -71.72787     7023  55.8  2  0  5  7 0 0 0 1 0 0 0 1 0 0 1 1 0 1
2014   2 28  0 51 53 739013    5.00973    5.63705    47024  79.0  2  0  6 12 0 0 1 1 1 0 0 1 0 0 1 0 0 1
2014   2 28  0 51 53 817645  -17.50864  -51.68380     5402  74.5  2  0  6 15 0 0 1 1 1 0 0 0 0 1 1 0 0 1
2014   2 28  0 51 53 823908  -17.37292  -51.64640     4944  59.4  2  0  5  9 0 0 1 1 1 0 0 1 0 0 0 0 0 1
2014   2 28  0 51 55 700836  -14.27016  178.73769    11905  13.7  0  0  4  6 0 0 1 0 0 0 0 1 0 0 1 1 0 0
2014   2 28  0 51 55 781543  -32.75942 -122.12870    14864  80.6  2  0  7 21 0 0 1 0 1 0 0 1 0 1 1 1 0 1
2014   2 28  0 51 55 803146  -32.71787 -123.21822    17072  99.6  2  0  7 21 0 0 1 1 0 0 0 1 0 1 1 1 0 1
2014   2 28  0 51 55 859926  -33.31535 -121.10603    39672  90.1  2  0  6 15 0 0 1 1 1 0 0 1 0 0 1 0 0 1
2014   2 28  0 51 56 212417    4.02764  -72.58517     5582  91.9  2  0  7 20 0 0 1 1 1 0 0 1 0 0 1 1 0 1
2014   2 28  0 51 56 342947  -25.21652  -45.94204     3508  55.4  1  0  7 16 0 0 1 1 1 0 0 1 0 1 1 1 0 0
2014   2 28  0 51 56 421243  -25.24022  -45.67334     4814  70.1  2  0  6 14 0 0 1 1 1 0 0 1 0 0 1 0 0 1
2014   2 28  0 51 56 660090  -23.45410  -45.87526     4661 105.5  2  0  7 20 0 0 1 1 0 0 0 1 0 1 1 1 0 1
2014   2 28  0 51 56 674195  -23.56787  -45.75661     5064  88.2  2  0  6 15 0 0 1 1 1 0 0 1 0 0 1 0 0 1
2014   2 28  0 51 58 373293  -12.67448  -58.20711     4288  51.6  1  0  6 15 0 0 0 1 1 0 0 1 0 1 0 1 0 1
2014   2 28  0 51 58 582548  -25.41270  -45.27523     3684  65.1  1  0  7 20 0 0 1 1 1 0 0 1 0 1 1 0 0 1
2014   2 28  0 51 58 607980  -25.45152  -45.33542     4897  54.5  2  0  5  9 0 0 1 1 1 0 0 1 0 0 1 0 0 0
2014   2 28  0 51 58 638793  -32.27967  -43.32006     7704  98.7  2  0  6 15 0 0 1 1 1 0 0 1 0 0 1 0 0 1
2014   2 28  0 51 58 716647  -25.45783  -45.32660     3664  55.2  1  0  6 15 0 0 1 1 1 0 0 1 0 1 0 0 0 1
2014   2 28  0 51 58 895585  -25.50855  -45.35492     3405  56.4  1  0  7 20 0 0 1 1 1 0 0 1 0 1 0 1 0 1
2014   2 28  0 51 59  23077  -13.20418  -52.62746     4880 115.9  2  0  7 21 0 0 1 1 1 0 0 1 0 1 1 0 0 1
2014   2 28  0 51 59 250397  -16.85459 -141.56416    20194  61.8  2  0  5  9 0 0 1 1 0 0 0 1 0 0 1 1 0 0
2014   2 28  0 51 59 299222  -17.35808 -139.24800    20377 114.7  2  0  7 21 0 0 1 1 1 0 0 1 0 0 1 1 0 1
2014   2 28  0 51 59 329504  -17.85463 -135.25967     9404  10.5  0  0  4  6 0 0 1 0 1 0 0 0 0 1 0 1 0 0
2014   2 28  0 51 59 406544   -8.67461  -60.31971     4322  23.6  1  0  4  6 0 0 1 0 0 0 0 0 0 0 1 1 0 1
2014   2 28  0 51 59 661760  -15.48649  -50.85322     7197  39.0  1  0  5  8 0 0 1 1 1 0 0 0 0 0 1 0 0 1
2014   2 28  0 51 59 824053   -7.06618  -72.86930     7155 138.3  2  0  7 21 0 0 1 0 1 0 0 1 0 1 1 1 0 1
2014   2 28  0 52  0  51745   -3.11032  -48.35706     3392  36.5  0  0  7 17 0 0 0 1 1 0 0 1 0 1 1 1 0 1
2014   2 28  0 52  0 124584   -4.27354  -62.66719     3859   9.9  0  0  6 15 0 0 0 1 1 0 0 1 0 1 1 0 0 1
2014   2 28  0 52  0 168674   -3.15642  -48.48242     4960  47.9  1  0  5  9 0 0 1 1 0 0 0 1 0 0 1 1 0 0
2014   2 28  0 52  0 262492   -3.02197  -48.30722     2461  11.4  0  0  6 15 0 0 0 1 1 0 0 0 0 0 1 1 1 1
2014   2 28  0 52  0 907064  -23.07021  -50.93696     4047  56.3  1  0  6 13 0 0 1 1 1 0 0 1 0 0 1 0 0 1
2014   2 28  0 52  0 937888    3.91397  -71.52488     4585  20.5  0  0  5  7 0 0 0 1 1 0 0 1 0 0 1 1 0 0
2014   2 28  0 52  1  26797  -22.41850  -49.05622     3789  17.6  0  0  5  7 0 0 1 1 1 0 0 1 0 0 1 0 0 0
2014   2 28  0 52  1 135445    4.20608  -71.87164     6809   1.9  0  0  4  6 0 0 1 1 0 0 0 1 0 0 1 0 0 0
2014   2 28  0 52  1 951661    0.38130  -71.41873     8794  23.9  0  0  6 15 0 0 0 1 1 0 0 1 0 1 1 0 0 1
2014   2 28  0 52  1 969395    0.64414  -71.73705     2868   4.5  0  0  5 10 0 0 1 1 0 0 0 1 0 0 1 1 0 0
2014   2 28  0 52  2 113673    0.61253  -71.64272     3168  21.5  0  0  6 15 0 0 1 0 0 0 0 1 0 1 1 1 0 1
2014   2 28  0 52  2 172014    0.63373  -71.72911     3806  19.5  0  0  5 10 0 0 0 1 0 0 0 1 0 0 1 1 0 1
2014   2 28  0 52  2 195207    0.61562  -71.70763     2988  24.7  0  0  7 19 0 0 1 1 1 0 0 1 0 0 1 1 0 1
2014   2 28  0 52  2 216604    0.62593  -71.70699     3216  24.9  0  0  6 14 0 0 1 1 1 0 0 1 0 0 1 1 0 0
2014   2 28  0 52  2 287758  -15.84517  -49.66907     2506  22.8  0  0  7 21 0 0 1 1 1 0 0 1 0 1 1 0 0 1
2014   2 28  0 52  2 296638  -15.84600  -49.64082     2766  22.3  0  0  6 15 0 0 1 1 1 0 0 1 0 0 1 0 0 1
2014   2 28  0 52  2 334662    0.62686  -71.71362     3231  25.5  0  0  6 14 0 0 1 1 1 0 0 1 0 0 1 1 0 0
2014   2 28  0 52  2 556772  -20.89239  -53.87911     2589  31.6  0  0  7 21 0 0 1 1 1 0 0 1 0 1 1 0 0 1
2014   2 28  0 52  3 651588    4.18236  -71.69222     3778  38.5  0  0  7 19 0 0 1 1 1 0 0 1 0 0 1 1 0 1
2014   2 28  0 52  3 754776   -4.41171  -74.33707     4186  11.6  0  0  4  6 0 0 0 1 0 0 0 1 0 0 1 1 0 0
2014   2 28  0 52  3 784476   -4.44106  -74.25478     3712  38.3  0  0  6 15 0 0 1 1 1 0 0 1 0 0 1 1 0 0
2014   2 28  0 52  3 840693  -27.88841 -133.92674    22104  39.4  0  0  6 14 0 0 1 1 1 0 0 1 0 0 1 0 0 1
2014   2 28  0 52  3 887116  -27.42995 -135.19576    14890  36.9  1  0  5 10 0 0 1 0 1 0 0 1 0 0 1 1 0 0
2014   2 28  0 52  3 923172  -27.43166 -136.57210    57219  43.2  1  0  5 10 0 0 0 1 1 0 0 0 0 0 1 1 0 1
2014   2 28  0 52  3 954710  -29.40667 -130.71510   149070  33.5  1  0  4  6 0 0 1 1 0 0 0 0 0 0 1 0 0 1
2014   2 28  0 52  4  33576   -4.40965  -74.36177     4296  12.7  0  0  4  6 0 0 0 1 0 0 0 1 0 0 1 1 0 0
2014   2 28  0 52  4  49695  -27.74662 -134.47345    31652  39.9  1  0  5 10 0 0 1 1 1 0 0 1 0 0 1 0 0 0
2014   2 28  0 52  4  92755  -10.53116  -75.28253     5329  41.6  1  0  6 15 0 0 1 1 1 0 0 1 0 0 1 0 0 1
2014   2 28  0 52  4 234164  -10.39937  -75.53336     6136  42.8  1  0  6 15 0 0 0 0 1 0 0 1 0 1 1 1 0 1
2014   2 28  0 52  4 469396  -25.53881  -44.82770     3430  35.0  0  0  6 14 0 0 1 1 1 0 0 1 0 0 1 0 0 1
2014   2 28  0 52  4 480958  -27.39076 -135.15709    15874  40.1  1  0  5 10 0 0 1 0 1 0 0 1 0 0 1 1 0 0
2014   2 28  0 52  4 587543  -22.31061  -46.43435     3104  38.9  0  0  6 15 0 0 1 1 1 0 0 1 0 0 1 0 0 1
2014   2 28  0 52  4 688420  -22.32816  -49.08998     3883  38.5  1  0  5  9 0 0 1 1 1 0 0 1 0 0 1 0 0 0
2014   2 28  0 52  4 797452  -22.26526  -49.30301     4295  51.6  1  0  6 11 0 0 0 1 0 0 0 1 0 1 1 1 0 1
2014   2 28  0 52  5  26883  -25.84954 -137.72737     9850   7.2  0  0  4  6 0 0 1 1 0 0 0 1 0 0 0 1 0 0
2014   2 28  0 52  5  49901  -25.98384 -138.36673    19573  75.3  2  0  7 20 0 0 1 1 1 0 0 1 0 0 1 1 0 1
2014   2 28  0 52  5  76403  -26.02820 -136.90227    17166  44.0  1  0  5 10 0 0 1 0 1 0 0 1 0 0 1 1 0 0
2014   2 28  0 52  5 180549  -26.03906 -136.30443    11345  51.0  1  0  7 21 0 0 1 1 1 0 0 0 0 1 1 1 0 1
2014   2 28  0 52  5 238288  -25.95991 -137.29053    12428  46.7  1  0  6 15 0 0 1 1 1 0 0 1 0 0 1 1 0 0
2014   2 28  0 52  5 298013   -4.16146  -75.29034     4863  17.0  0  0  4  6 0 0 0 1 0 0 0 1 0 0 1 1 0 0
2014   2 28  0 52  5 484685    0.70276  -71.88229     5020  21.1  1  0  4  6 0 0 0 1 0 0 0 1 0 0 1 1 0 0
2014   2 28  0 52  5 524455    4.96509  -11.19322    34270  69.5  2  0  6 14 0 0 1 1 1 0 0 1 0 0 1 0 0 1
2014   2 28  0 52  5 734250    3.76216  -70.70577     4286  42.8  1  0  6 14 0 0 1 0 1 0 0 1 0 0 1 1 0 1
2014   2 28  0 52  5 926095    3.34230  -70.45213     4070  50.0  0  0  7 20 0 0 1 0 1 0 0 1 0 1 1 1 0 1
2014   2 28  0 52  6 597184   -5.47403  -75.41103     5467  22.1  1  0  4  6 0 0 0 1 0 0 0 1 0 0 1 1 0 0
2014   2 28  0 52  6 890926  -12.92214  -73.08453     5783  59.4  2  0  5 10 0 0 1 0 1 0 0 1 0 0 1 1 0 0
2014   2 28  0 52  7   9637  -13.16176  -72.83186     6332  65.8  2  0  6 15 0 0 1 1 1 0 0 1 0 0 1 0 0 1
2014   2 28  0 52  7 475053   -8.36789  -58.13686     9493  46.0  1  0  5 10 0 0 1 1 1 0 0 0 0 0 1 0 0 1
2014   2 28  0 52  7 697682  -13.24582  159.29240    10975  70.8  2  0  7 21 0 0 1 1 1 0 0 1 0 0 1 1 0 1
2014   2 28  0 52  7 986432    2.38767  -70.63276    22119  58.6  2  0  5 10 0 0 1 1 1 0 0 0 0 0 1 0 0 1
2014   2 28  0 52  8 346554  -20.59824   47.70234    20625  78.0  2  0  7 21 0 0 1 1 1 0 0 1 0 1 1 0 0 1
2014   2 28  0 52  8 387304  -22.02286   45.66176    58368  65.0  2  0  5 10 0 0 1 1 1 0 0 0 0 0 1 0 0 1
2014   2 28  0 52  8 444486    0.69421  -72.04283     4586  32.1  1  0  5  8 0 0 1 1 0 0 0 1 0 0 1 1 0 0
2014   2 28  0 52  8 543594  -19.35028  -50.74871     3847  52.2  1  0  6 13 0 0 1 1 1 0 0 1 0 0 1 0 0 1
2014   2 28  0 52  8 697360    0.10987  -71.45328    11005  82.2  2  0  6 15 0 0 1 1 0 0 0 1 0 1 1 0 0 1
2014   2 28  0 52  9 400596   -5.62185  -47.50977     5531  79.7  2  0  6 14 0 0 0 1 1 0 0 1 0 0 1 1 0 1
2014   2 28  0 52  9 445252   -5.70528  -47.80172     6937 101.2  2  0  6 11 0 0 0 1 1 0 0 1 0 0 1 1 0 1
2014   2 28  0 52 10  55500   -4.29831  -74.10302     5763  86.6  2  0  6 15 0 0 1 1 1 0 0 1 0 0 1 1 0 0
2014   2 28  0 52 10 472679  -20.90803  -53.01476     4202  90.1  2  0  6 15 0 0 1 1 0 0 0 1 0 1 1 0 0 1
2014   2 28  0 52 10 564598   -4.33964  -73.85641     6248 110.6  2  0  7 21 0 0 1 1 1 0 0 0 0 1 1 1 0 1
2014   2 28  0 52 10 970121  -12.90786  -57.12220     5372 100.7  2  0  7 16 0 0 1 0 1 0 0 1 0 0 1 1 1 1
2014   2 28  0 52 11 252039  -13.12540  -57.92441     4154  49.3  1  0  6 15 0 0 0 1 1 0 0 1 0 1 0 1 0 1
2014   2 28  0 52 11 403040  -12.94969  -57.67811     5518 101.2  2  0  6 15 0 0 0 1 0 0 0 1 0 1 1 1 0 1
2014   2 28  0 52 11 498015  -14.54965  -57.09995     4414  98.1  2  0  7 21 0 0 1 0 1 0 0 1 0 1 1 1 0 1
2014   2 28  0 52 11 509785  -14.55371  -57.09544     4359  95.6  2  0  7 21 0 0 1 0 1 0 0 1 0 1 1 1 0 1
2014   2 28  0 52 11 819152  -14.44173  -57.45758     3795  16.5  0  0  4  6 0 0 1 1 0 0 0 1 0 0 1 0 0 0
2014   2 28  0 52 11 954786  -20.13471   63.43750    32726  99.1  2  0  6 15 0 0 1 1 1 0 0 1 0 0 1 0 0 1
2014   2 28  0 52 12 293198  -22.98731  -51.14992     3256  66.1  1  0  7 19 0 0 1 1 1 0 0 1 0 1 1 0 0 1
2014   2 28  0 52 12 503603  -23.04201  -51.14828     4255 103.1  2  0  7 16 0 0 1 1 1 0 0 1 0 1 1 0 0 1
2014   2 28  0 52 12 657133  -23.05141  -51.11944     5907  49.5  1  0  5  8 0 0 1 1 0 0 0 1 0 0 1 0 0 1
2014   2 28  0 52 12 736072    2.91553  -70.74860    10342  73.2  2  0  6 15 0 0 1 0 1 0 0 1 0 1 1 0 0 1
2014   2 28  0 52 13 265101   -7.23425  -73.32596     7838 155.6  2  0  7 20 0 0 1 1 1 0 0 1 0 1 1 1 0 0
2014   2 28  0 52 13 611347  -25.36748  -45.30492     6615  90.5  2  0  7 16 0 0 1 1 0 0 0 1 0 0 1 1 1 1
2014   2 28  0 52 13 639083  -15.92789  -49.69183     5247 104.8  2  0  6 15 0 0 1 1 1 0 0 1 0 0 1 0 0 1
2014   2 28  0 52 13 750326  -25.43241  -45.20185     4768  78.8  2  0  6 15 0 0 1 1 0 0 0 1 0 1 1 0 0 1
2014   2 28  0 52 14 261447    6.11864  -74.59351     7645 127.0  2  0  7 20 0 0 1 1 1 0 0 1 0 0 1 1 0 1
2014   2 28  0 52 14 993914  -23.48973  -50.96380     3597  13.9  0  0  4  6 0 0 1 1 0 0 0 1 0 0 1 0 0 0
2014   2 28  0 52 15  90032  -18.85268  -51.64941     4774  45.5  1  0  5  8 0 0 1 1 0 0 0 1 0 0 1 1 0 0
2014   2 28  0 52 15 279165  -18.78525  -50.90405     4436  44.8  1  0  5  8 0 0 1 0 1 0 0 0 0 0 1 1 0 1
2014   2 28  0 52 16  94912   -7.79225  -73.61331     2569   6.5  0  0  6 15 0 0 1 1 1 0 0 1 0 0 0 1 0 1
2014   2 28  0 52 17 767001  -20.65327  -54.13680     2401  13.9  0  0  7 18 0 0 1 1 1 0 0 1 0 1 0 0 1 1
2014   2 28  0 52 17 793903  -20.63737  -54.13986     2824  15.1  0  0  5 10 0 0 1 1 1 0 0 0 0 1 0 0 0 1
2014   2 28  0 52 17 835194  -20.65442  -54.14138     2489  15.1  0  0  6 15 0 0 1 1 1 0 0 1 0 1 0 0 0 1
2014   2 28  0 52 18  70919  -20.70544  -54.14320     3095   7.1  0  0  4  6 0 0 0 1 0 0 0 1 0 1 0 0 0 1
2014   2 28  0 52 18 221138  -25.63808  -44.77544     2973  14.9  0  0  5 10 0 0 1 1 1 0 0 1 0 0 0 0 0 1
2014   2 28  0 52 18 650389   -5.05377  -61.83881     3196   9.2  0  0  5  9 0 0 0 1 1 0 0 1 0 0 0 1 0 1
2014   2 28  0 52 18 690465   -5.03495  -61.87035     2999   2.1  0  0  5 10 0 0 0 1 1 0 0 0 0 1 0 1 0 1
2014   2 28  0 52 18 797975    4.20320  -71.73680     3605  34.2  0  0  7 20 0 0 1 1 1 0 0 1 0 1 0 1 0 1
2014   2 28  0 52 18 893207    4.17022  -71.97128     3607  12.2  0  0  6 14 0 0 0 1 1 0 0 1 0 1 0 1 0 1
2014   2 28  0 52 19  28387  -24.61553  -50.43712     3284  51.3  2  0  5  7 0 0 0 0 1 0 0 1 0 1 1 0 0 1
2014   2 28  0 52 19  71341    0.58230  -71.79532     3442  21.9  0  0  5 10 0 0 1 1 1 0 0 1 0 0 0 1 0 0
2014   2 28  0 52 19 197849    4.34612  -71.86826     3751  36.8  0  0  7 20 0 0 1 1 1 0 0 1 0 1 0 1 0 1
2014   2 28  0 52 19 245009  -21.90916  -46.84935     4177  59.5  2  0  5 10 0 0 1 0 1 0 0 0 0 0 1 1 0 1
2014   2 28  0 52 19 289869    0.56180  -71.79635     3593  33.7  0  0  6 15 0 0 1 1 1 0 0 1 0 1 0 1 0 0
2014   2 28  0 52 19 359831    0.55830  -71.80034     3569  32.9  0  0  7 20 0 0 1 1 1 0 0 1 0 1 0 1 0 1
2014   2 28  0 52 19 550528    1.49193   -5.48575    13824  36.5  1  0  5  9 0 0 1 1 0 0 0 0 0 1 0 1 0 1
2014   2 28  0 52 19 686045  -25.13415 -136.52676    11035  27.6  0  0  5 10 0 0 1 1 1 0 0 1 0 0 0 1 0 0
2014   2 28  0 52 19 687413  -12.43588  -57.41039     3451  24.2  0  0  5 10 0 0 1 1 1 0 0 1 0 0 0 0 0 1
2014   2 28  0 52 21 511952   -7.32948  -73.38993     3934  58.0  1  0  7 21 0 0 1 1 1 0 0 1 0 1 0 1 0 1
2014   2 28  0 52 21 592089   -6.95717  -75.99470    10188   7.9  0  0  5 10 0 0 0 1 1 0 0 1 0 1 0 0 0 1
2014   2 28  0 52 21 795457   -7.49632  -74.02782     7161  39.2  1  0  5 10 0 0 0 1 0 0 0 1 0 1 0 1 0 1
2014   2 28  0 52 21 902814   -7.29563  -73.43622     4106  50.4  1  0  6 15 0 0 1 1 1 0 0 1 0 0 0 1 0 1
2014   2 28  0 52 21 948616    2.74846  -66.63631     5325  49.6  1  0  5  8 0 0 1 1 1 0 0 1 0 0 0 1 0 0
2014   2 28  0 52 22 260075  -14.29941  -51.69617     3987  40.6  1  0  5 10 0 0 1 1 1 0 0 1 0 0 0 0 0 1
2014   2 28  0 52 22 814159  -15.84249  -49.69003     3625  40.4  1  0  5  9 0 0 1 1 0 0 0 1 0 1 0 0 0 1
2014   2 28  0 52 22 939488  -22.23700 -136.39104    13614  55.0  1  0  6 15 0 0 1 1 1 0 0 1 0 0 0 1 0 1
2014   2 28  0 52 23 449420  -24.14190  -46.94913     3859  78.9  2  0  7 20 0 0 0 1 1 0 0 1 0 1 1 1 0 1
2014   2 28  0 52 24  53738    0.68318  -71.85448     4722  62.9  2  0  6 15 0 0 1 1 1 0 0 1 0 0 0 1 0 1
2014   2 28  0 52 24  80707  -12.97332  157.48979    10865  22.2  1  0  4  6 0 0 1 0 1 0 0 1 0 0 0 1 0 0
2014   2 28  0 52 24 159119    0.55690  -72.54567     6311  45.9  1  0  6 15 0 0 0 1 1 0 0 1 0 1 0 1 0 1
2014   2 28  0 52 24 751730  -24.12334  -46.59157     5125  77.9  2  0  5 10 0 0 1 1 0 0 0 0 0 1 1 0 0 1
2014   2 28  0 52 25 182774  -15.83095  -49.08328     4543  56.1  2  0  5 10 0 0 1 1 1 0 0 1 0 0 0 0 0 1
2014   2 28  0 52 26 739241  -22.37029  -51.83265     4811 120.6  2  0  7 16 0 0 1 1 1 0 0 1 0 1 0 1 0 1
2014   2 28  0 52 26 862978  -25.56411  -45.21010     4379  48.3  1  0  5 10 0 0 1 1 1 0 0 1 0 0 0 0 0 1
2014   2 28  0 52 28  64681   -4.26055  -73.81892     6698  71.8  2  0  5 10 0 0 1 0 1 0 0 1 0 0 0 1 0 1
2014   2 28  0 52 32 225397   -2.87230  -61.54539     2747  10.2  0  0  5 10 0 0 1 1 0 0 0 1 0 1 0 1 0 0
2014   2 28  0 52 32 953721    0.53094  -71.64503     2781   8.8  0  0  6 15 0 0 1 1 1 0 0 0 0 1 0 1 0 1
2014   2 28  0 52 33 353335  -19.32827  -50.80366     2457  12.3  0  0  6 13 0 0 1 1 1 0 0 1 0 1 0 0 0 1
2014   2 28  0 52 33 605276    0.58125  -71.85194     3317   4.2  0  0  5 10 0 0 0 1 1 0 0 1 0 1 0 1 0 0
2014   2 28  0 52 33 678675    0.58088  -71.88518     3317   3.1  0  0  5 10 0 0 0 1 0 0 0 1 0 1 0 1 0 1
2014   2 28  0 52 33 727880    0.39538  -71.49089     3831  10.9  0  0  6 15 0 0 1 1 1 0 0 1 0 1 0 0 0 1
2014   2 28  0 52 34 149888    0.57690  -71.94046     4647   6.1  0  0  4  6 0 0 0 1 0 0 0 1 0 0 0 1 0 1
2014   2 28  0 52 34 537941   -3.50704  -63.47137     3010   7.9  0  0  5 10 0 0 0 1 1 0 0 1 0 0 0 1 0 1
2014   2 28  0 52 34 575156    4.22980  -71.75534     5448  25.4  0  0  5  7 0 0 1 0 1 0 0 1 0 0 0 1 0 1
2014   2 28  0 52 34 644113  -25.67220  -44.79318     2834  19.7  0  0  6 13 0 0 1 1 1 0 0 1 0 1 0 0 0 1
2014   2 28  0 52 34 665513  -25.67855  -44.81229     2856  14.0  0  0  5 10 0 0 1 1 1 0 0 1 0 1 0 0 0 0
2014   2 28  0 52 34 683543  -25.67897  -44.81524     2888  14.8  0  0  5 10 0 0 1 1 1 0 0 1 0 1 0 0 0 0
2014   2 28  0 52 34 711911  -32.43154  -43.04890     3817  15.9  0  0  5 10 0 0 1 1 1 0 0 1 0 0 0 0 0 1
2014   2 28  0 52 34 980315  -25.66423  -44.81132     3238  23.5  0  0  5 10 0 0 1 1 1 0 0 1 0 0 0 0 0 1
2014   2 28  0 52 35   4509  -28.90674  -43.57039    16485  44.7  1  0  5  7 0 0 0 1 1 0 0 1 0 1 0 0 0 1
2014   2 28  0 52 35  36971  -25.66783  -44.81212     3217  23.0  0  0  5 10 0 0 1 1 1 0 0 1 0 0 0 0 0 1
2014   2 28  0 52 35 721782  -11.92579  -72.53056     3473  46.4  0  0  7 21 0 0 1 1 1 0 0 1 0 1 0 1 0 1
2014   2 28  0 52 35 753325  -47.63616  -67.16596    63492  29.7  0  0  5 10 0 0 1 1 1 0 0 1 0 0 0 0 0 1
2014   2 28  0 52 36 692031  -17.32033  -51.75859     2895  42.3  0  0  7 19 0 0 1 1 1 0 0 1 0 1 0 1 0 1
2014   2 28  0 52 36 699444  -17.33852  -51.62646     3481  23.0  0  0  5  8 0 0 1 1 1 0 0 1 0 0 0 0 0 1
2014   2 28  0 52 36 832520    5.55635  -74.68013     7774  34.2  0  0  6 14 0 0 1 1 1 0 0 1 0 1 0 0 0 1
2014   2 28  0 52 37 587883   -4.84547  -61.76771     3866  56.9  1  0  6 15 0 0 1 1 1 0 0 1 0 1 0 1 0 0
2014   2 28  0 52 38  20337  -19.34415  -51.02849     4261  93.3  2  0  6 14 0 0 1 1 1 0 0 1 0 1 0 0 0 1
2014   2 28  0 52 38  51667  -19.29255  -50.99294     3238  45.9  1  0  6 14 0 0 1 1 1 0 0 1 0 1 0 0 0 1
2014   2 28  0 52 38 840483  -23.46990  -45.96175     3527   8.2  0  0  4  6 0 0 1 0 1 0 0 1 0 1 0 0 0 0
2014   2 28  0 52 39 178166    3.73368  -71.55522    15920  90.6  2  0  6 13 0 0 1 1 1 0 0 1 0 0 0 0 1 1
2014   2 28  0 52 39 512761    4.84646  -76.01271    12774  53.6  2  0  5 10 0 0 1 1 1 0 0 1 0 0 0 0 0 1
2014   2 28  0 52 39 772895    0.31112  -63.87091     7047  48.2  1  0  5  8 0 0 1 0 1 0 0 1 0 0 0 1 0 1
2014   2 28  0 52 39 813542  -15.82661  -49.85777     3586  60.7  2  0  6 14 0 0 1 1 0 0 0 1 0 1 0 1 0 1
2014   2 28  0 52 39 983212    3.74316  -72.35858     5969  39.8  0  0  6 15 0 0 0 1 1 0 0 1 0 1 0 1 0 1
2014   2 28  0 52 40 374293  -25.53971  -44.97869     3988  42.0  1  0  5 10 0 0 1 1 1 0 0 1 0 0 0 0 0 1
2014   2 28  0 52 40 474573  -25.56019  -45.03504     3732  17.8  0  0  4  6 0 0 1 1 1 0 0 1 0 0 0 0 0 0
2014   2 28  0 52 40 965300  -23.06713  -50.98502     4500  94.2  2  0  6 14 0 0 1 1 1 0 0 1 0 1 0 0 0 1
2014   2 28  0 52 41 526474    0.70398  -71.88356     5820  80.6  2  0  6 14 0 0 1 1 1 0 0 1 0 0 0 1 0 1
2014   2 28  0 52 42 303387  -23.97843 -137.61287    23038  74.0  2  0  5 10 0 0 1 1 0 0 0 1 0 0 0 1 0 1
2014   2 28  0 52 42 898113  -22.34671  -46.62218     4243  92.0  2  0  6 15 0 0 1 1 1 0 0 1 0 1 0 0 0 1
2014   2 28  0 52 43 569030  -25.59244 -137.86414    23246  96.3  2  0  6 15 0 0 1 1 1 0 0 1 0 0 0 1 0 1
2014   2 28  0 52 43 598587  -25.53784 -142.77422    46337  76.3  2  0  5 10 0 0 0 1 1 0 0 1 0 0 0 1 0 1
2014   2 28  0 52 43 734732  -10.14657  -75.83922     6677 109.2  2  0  6 15 0 0 1 1 1 0 0 1 0 0 0 1 0 1
2014   2 28  0 52 44  35967   -5.00277  -54.03020     6301  60.1  2  0  5  8 0 0 0 1 1 0 0 1 0 0 0 1 0 1
2014   2 28  0 52 44 222392    3.09724  -70.97643    14190 101.5  2  0  6 15 0 0 1 1 1 0 0 1 0 1 0 0 0 1
2014   2 28  0 52 44 401374  -10.25522  -75.88226     5708 113.2  2  0  7 21 0 0 1 1 1 0 0 1 0 0 0 1 1 1
2014   2 28  0 52 44 531467    2.06327  -67.04899     5732 115.7  2  0  7 21 0 0 1 1 1 0 0 1 0 1 0 1 0 1
2014   2 28  0 52 44 974722   -4.06820  -59.47931     4774 112.8  2  0  7 21 0 0 1 1 1 0 0 1 0 1 0 1 0 1
2014   2 28  0 52 45 652736    0.84045  -71.96825     6896 114.1  2  0  6 15 0 0 1 1 1 0 0 1 0 0 0 1 0 1
2014   2 28  0 52 45 982319  -15.25126  -54.65361     6727  50.5  2  0  5 10 0 0 1 1 1 0 0 0 0 1 0 0 0 1
2014   2 28  0 52 49  32636  -17.46653   27.26238    11887   1.3  0  0  4  6 0 0 1 1 1 0 0 1 0 0 0 0 0 0
2014   2 28  0 52 49  97882   -4.50880  -74.73634     3260   5.0  0  0  6 15 0 0 1 1 1 0 0 1 0 1 0 0 0 1
2014   2 28  0 52 49 143270   -4.28299  -74.98532     3487  21.2  0  0  5 10 0 0 1 1 0 0 0 1 0 0 0 1 0 1
2014   2 28  0 52 49 356747    0.34668  -72.43600     3635   6.1  0  0  5 10 0 0 0 1 1 0 0 1 0 0 0 1 0 1
2014   2 28  0 52 49 639539  -25.65166  -44.73724     2806  24.1  0  0  6 15 0 0 1 1 1 0 0 1 0 1 0 0 0 1
2014   2 28  0 52 50  47424  -25.64904  -44.74911     2790  23.8  0  0  6 15 0 0 1 1 1 0 0 1 0 1 0 0 0 1
2014   2 28  0 52 50 107785  -25.62816  -44.75153     2818  12.2  0  0  5 10 0 0 1 1 1 0 0 0 0 1 0 0 0 1
2014   2 28  0 52 50 297182  -25.64458  -44.76173     2810  24.6  0  0  6 15 0 0 1 1 1 0 0 1 0 1 0 0 0 1
2014   2 28  0 52 50 468571  -25.64241  -44.76641     3403  28.1  0  0  5 10 0 0 1 1 1 0 0 1 0 0 0 0 0 1
2014   2 28  0 52 51 205108  -26.09104 -136.18311    11053  25.2  0  0  5 10 0 0 1 1 1 0 0 0 0 1 0 1 0 0
2014   2 28  0 52 51 541372    0.55181  -72.09306     4090  12.7  0  0  5 10 0 0 0 1 1 0 0 1 0 0 0 1 0 1
2014   2 28  0 52 53  62918  -25.42438  -44.79179     3678  35.6  1  0  5 10 0 0 1 1 1 0 0 1 0 0 0 0 0 1
2014   2 28  0 52 53 636054  -25.18959 -135.34250    36679  96.4  2  0  6 11 0 0 1 1 1 0 0 1 0 0 0 1 1 0
2014   2 28  0 52 54 384839   -7.16584  -73.51761     6229  62.4  2  0  5  9 0 0 1 1 1 0 0 1 0 0 0 1 0 0
2014   2 28  0 52 54 767735   -7.27368  -73.44177     5348  79.5  2  0  6 15 0 0 1 1 1 0 0 1 0 1 0 1 0 0
2014   2 28  0 52 55 238642  -14.25510   23.49009    25803  54.6  2  0  5 10 0 0 1 1 1 0 0 1 0 0 0 0 0 1
2014   2 28  0 52 55 937424   -5.75063  -76.05064     8019  40.8  1  0  5 10 0 0 0 1 1 0 0 1 0 0 0 1 0 1
2014   2 28  0 52 56 352878  -32.35034  -43.51569     5306  37.5  1  0  5 10 0 0 1 1 1 0 0 1 0 0 0 0 0 1
2014   2 28  0 52 56 512240  -32.32924  -43.57467     5464  39.9  1  0  5 10 0 0 1 1 1 0 0 1 0 0 0 0 0 1
2014   2 28  0 52 56 743188  -32.32128  -43.56411     5548  40.9  1  0  5 10 0 0 1 1 1 0 0 1 0 0 0 0 0 1
2014   2 28  0 52 58 401369  -12.58507  -57.41358     5877  92.0  2  0  6 15 0 0 1 1 1 0 0 1 0 1 0 0 0 1
2014   2 28  0 52 58 475720  -12.61042  -57.43009     4631 100.7  2  0  7 20 0 0 1 1 1 0 0 1 0 1 0 1 0 1
2014   2 28  0 52 58 557682  -16.00396  -48.86012     6845  72.5  2  0  5  9 0 0 1 1 1 0 0 1 0 0 0 0 0 1
2014   2 28  0 52 59 215891  -10.58012  -74.86925     9261 100.2  2  0  6 15 0 0 1 1 1 0 0 1 0 1 0 0 0 1
2014   2 28  0 53  0  85935    0.59993  -72.95539    10924  69.2  2  0  5 10 0 0 0 1 1 0 0 1 0 0 0 1 0 1
2014   2 28  0 53  0 396403   -7.08924  -73.91308     4148  21.3  1  0  4  6 0 0 1 1 0 0 0 1 0 0 0 1 0 0
2014   2 28  0 53  0 412165   -5.32263  -61.67889     3580  55.6  1  0  7 21 0 0 0 1 1 0 0 1 0 1 0 1 1 1
2014   2 28  0 53  0 621658   -5.41083  -49.38963     4306  37.5  1  0  5 10 0 0 0 1 1 0 0 1 0 1 0 0 0 1
2014   2 28  0 53  0 727089  -12.48131  -57.72239     5138 102.4  2  0  6 14 0 0 1 1 1 0 0 1 0 0 0 1 0 1
2014   2 28  0 53  2 291120  -13.41181  -52.70856     4226  70.5  2  0  6 15 0 0 0 1 1 0 0 1 0 1 0 1 0 1
2014   2 28  0 53  4 113371    0.53927  -71.58680     2772   6.9  0  0  6 13 0 0 1 1 1 0 0 1 0 0 1 1 0 0
2014   2 28  0 53  4 193000    0.53515  -71.60927     3760   6.9  0  0  4  6 0 0 0 1 0 0 0 1 0 0 1 1 0 0
2014   2 28  0 53  4 264528    0.54125  -71.61174     3198   6.9  0  0  5 10 0 0 0 1 0 0 0 1 0 0 1 1 0 1
2014   2 28  0 53  4 296790    0.53878  -71.61184     3764   6.9  0  0  4  6 0 0 0 1 0 0 0 1 0 0 1 1 0 0
2014   2 28  0 53  4 342629    0.54578  -71.59789     2686   6.3  0  0  6 14 0 0 1 1 1 0 0 1 0 0 0 1 0 1
2014   2 28  0 53  5  38228  -25.45242  -44.65248     2731   4.4  0  0  5 10 0 0 1 1 1 0 0 0 0 0 1 0 0 1
2014   2 28  0 53  5  51069  -25.61971  -44.65784     2581   6.6  0  0  6 14 0 0 1 1 1 0 0 1 0 0 1 0 0 1
2014   2 28  0 53  5  67914  -25.63248  -44.64862     3436   8.3  0  0  5  8 0 0 1 1 0 0 0 1 0 0 1 0 0 1
2014   2 28  0 53  5  99287  -25.44030  -44.66580     2718   9.6  0  0  6 13 0 0 1 1 1 0 0 1 0 0 1 0 0 1
2014   2 28  0 53  5 245949  -25.49179  -44.66388     2637  10.5  0  0  6 15 0 0 1 1 1 0 0 1 0 0 1 0 0 1
2014   2 28  0 53  5 337766  -25.60648  -44.70658     2906  11.0  0  0  5 10 0 0 1 1 1 0 0 1 0 0 0 0 0 1
2014   2 28  0 53  5 446596  -23.09067  -51.00645     3737  48.1  1  0  6 14 0 0 1 1 1 0 0 1 0 0 1 0 0 1
2014   2 28  0 53  6  75078    4.26284  -71.67828     4402  17.3  0  0  5  7 0 0 1 0 0 0 0 1 0 0 1 1 0 1
2014   2 28  0 53  6 130184  -26.01372 -135.98541    10283   1.0  0  0  4  6 0 0 1 1 0 0 0 0 0 0 1 1 0 0
2014   2 28  0 53  6 146171   -4.04009  -58.95121     2617  15.3  0  0  6 15 0 0 1 1 1 0 0 1 0 0 0 1 0 1
2014   2 28  0 53  6 313950  -14.25153  -51.63292     2600  14.0  0  0  6 15 0 0 1 1 1 0 0 1 0 0 1 0 0 1
2014   2 28  0 53  6 954965  -13.11636  -52.40630     2798  19.9  0  0  6 15 0 0 1 1 1 0 0 1 0 0 1 0 0 1
2014   2 28  0 53  7  84990  -25.78736  -44.93744     3576  11.7  0  0  5  8 0 0 1 0 1 0 0 1 0 1 0 0 0 1
2014   2 28  0 53  7 974082  -25.66389  -44.91002     3600  17.2  0  0  5 10 0 0 1 0 1 0 0 1 0 1 1 0 0 0
2014   2 28  0 53  8  57614  -25.66734  -44.87933     2704  17.3  0  0  6 15 0 0 1 1 1 0 0 1 0 1 1 0 0 0
2014   2 28  0 53  8 775972  -20.43918  -54.44552     3809  44.0  1  0  5 10 0 0 1 0 1 0 0 1 0 1 1 0 0 0
2014   2 28  0 53  8 841632  -20.42766  -54.34608     5022  71.3  2  0  6 12 0 0 0 1 1 0 0 1 0 0 1 0 1 1
2014   2 28  0 53  9 101822  -24.27558  -50.29670     3495  44.9  1  0  6 11 0 0 0 1 1 0 0 1 0 1 1 0 0 1
2014   2 28  0 53  9 345809  -15.75735  -49.15439     3122  40.5  1  0  6 15 0 0 1 1 1 0 0 1 0 1 1 0 0 0
2014   2 28  0 53  9 422712   -5.40361  -73.67458     4533  15.9  0  0  4  6 0 0 0 1 0 0 0 1 0 0 1 1 0 0
2014   2 28  0 53  9 570273  -15.83597  -49.02157     3634  34.7  1  0  5 10 0 0 0 1 1 0 0 1 0 0 1 0 0 1
2014   2 28  0 53  9 584088  -15.77115  -48.96611     3423  36.6  0  0  6 14 0 0 1 1 1 0 0 1 0 0 1 0 0 1
2014   2 28  0 53 10 517313  -23.44309  -45.71362     3914  51.2  1  0  6 15 0 0 1 1 1 0 0 1 0 0 1 0 0 1
2014   2 28  0 53 10 586932  -23.46011  -45.71188     5132  55.9  2  0  5 10 0 0 0 1 1 0 0 1 0 0 1 0 0 1
2014   2 28  0 53 10 706553  -26.91195 -134.90186    10669  49.0  0  0  7 21 0 0 1 1 1 0 0 1 0 0 1 1 0 1
2014   2 28  0 53 10 797501  -26.89061 -134.81421    10546  48.7  0  0  7 21 0 0 1 1 1 0 0 1 0 0 1 1 0 1
2014   2 28  0 53 10 866938  -26.75550 -135.59570    15155  18.7  0  0  4  6 0 0 1 1 0 0 0 0 0 0 1 1 0 0
2014   2 28  0 53 10 945048  -25.38999  -44.89180     3340  26.6  0  0  5 10 0 0 1 1 1 0 0 1 0 0 0 0 0 1
2014   2 28  0 53 11 629738    4.18875  -71.88290     7743  57.7  2  0  5  8 0 0 0 1 1 0 0 1 0 0 1 1 0 0
2014   2 28  0 53 11 703415  -20.68408  -54.03400     3556  52.2  1  0  6 15 0 0 1 1 1 0 0 1 0 0 1 0 0 1
2014   2 28  0 53 11 906380    3.71268  -71.32142     9921  57.3  1  0  6 14 0 0 1 1 1 0 0 1 0 0 1 0 0 1
2014   2 28  0 53 12  30921    4.25165  -71.96159     6065  58.3  1  0  6 15 0 0 0 1 1 0 0 1 0 0 1 1 0 1
2014   2 28  0 53 12  50151    0.68508  -71.60146     4262  58.3  1  0  7 21 0 0 1 0 1 0 0 1 0 1 1 1 0 1
2014   2 28  0 53 12 162931   -9.06739  -60.21936     4779  71.1  2  0  7 21 0 0 1 1 1 0 0 1 0 1 1 0 0 1
2014   2 28  0 53 12 216396    0.51071  -72.35863     8043  47.6  1  0  5 10 0 0 0 1 1 0 0 1 0 0 0 1 0 1
2014   2 28  0 53 12 239107    0.68059  -71.94403     6037  30.4  1  0  4  6 0 0 0 1 0 0 0 1 0 0 1 1 0 0
2014   2 28  0 53 12 541307  -19.42523  -50.77229     4652  53.7  2  0  5  9 0 0 0 1 1 0 0 1 0 0 1 0 0 1
2014   2 28  0 53 13 309700  -25.36666  -45.09912     3711  28.6  0  0  6 11 0 0 0 1 1 0 0 1 0 1 1 0 0 1
2014   2 28  0 53 13 337433  -25.43068  -45.06928     4233  44.5  1  0  5 10 0 0 1 1 0 0 0 0 0 1 1 0 0 1
2014   2 28  0 53 13 351473  -25.47816  -45.00577     3699  44.5  1  0  6 15 0 0 1 1 1 0 0 1 0 0 1 0 0 1
2014   2 28  0 53 13 362387  -25.37745  -45.07032     4036  37.2  1  0  5 10 0 0 0 1 1 0 0 1 0 0 1 0 0 1
2014   2 28  0 53 13 373408  -25.47475  -45.01286     3662  43.9  1  0  6 15 0 0 1 1 1 0 0 1 0 0 1 0 0 1
2014   2 28  0 53 13 428058  -25.36470  -45.07281     3297  34.6  0  0  6 15 0 0 0 1 1 0 0 1 0 1 1 0 0 1
2014   2 28  0 53 13 757758  -25.47676  -44.97588     3726  45.7  1  0  6 15 0 0 1 1 1 0 0 1 0 0 1 0 0 1
2014   2 28  0 53 13 890352    0.63625  -72.17417     6322  81.9  2  0  7 21 0 0 0 1 1 0 0 1 0 1 1 1 0 1
2014   2 28  0 53 15 193375   -4.35757  -75.08139     7686  98.0  2  0  7 21 0 0 0 1 1 0 0 1 0 1 1 1 0 1
2014   2 28  0 53 15 272586   -4.20676  -74.71581     5907  86.9  2  0  6 15 0 0 1 1 1 0 0 1 0 0 1 1 0 0
2014   2 28  0 53 15 283937   -6.04255  -74.35014    10058  65.6  2  0  5 10 0 0 1 0 0 0 0 1 0 1 1 0 0 1
2014   2 28  0 53 15 292709   -5.53547  -75.64420     8165  86.9  2  0  6 15 0 0 0 1 1 0 0 1 0 0 1 1 0 1
2014   2 28  0 53 15 968287    4.31539  -72.16544     8190  88.9  2  0  6 15 0 0 0 1 1 0 0 1 0 0 1 1 0 1
2014   2 28  0 53 16 991573  -15.89205  -49.14471     3867  95.2  2  0  7 21 0 0 1 1 1 0 0 1 0 1 1 0 0 1
2014   2 28  0 53 17  16114  -15.69287  -50.10310     3339  60.8  1  0  7 20 0 0 1 1 0 0 0 1 0 1 1 1 1 0
2014   2 28  0 53 17  82676  -15.88575  -49.02454     4714  87.8  2  0  6 15 0 0 1 1 1 0 0 1 0 0 1 0 0 1
2014   2 28  0 53 17 553083  -15.88647  -49.66480     4937  94.2  2  0  6 15 0 0 1 1 1 0 0 1 0 0 1 0 0 1
2014   2 28  0 53 17 789594   -4.86346  -73.16217     9198  53.9  2  0  5  9 0 0 1 0 1 0 0 1 0 0 1 0 0 1
2014   2 28  0 53 17 797620   -4.31205  -74.54209     9084 105.4  2  0  6 15 0 0 0 1 1 0 0 1 0 0 1 1 0 1
2014   2 28  0 53 18 971030  -21.92290 -143.43283    17182  46.8  1  0  5 10 0 0 1 1 0 0 0 1 0 0 1 1 0 0
2014   2 28  0 53 19  84114   -0.67631  -68.91493    10243  14.5  0  0  4  6 0 0 1 1 1 0 0 0 0 1 0 0 0 0
2014   2 28  0 53 19 143239    4.49741  -71.75418     7484  93.9  2  0  6 14 0 0 1 0 1 0 0 1 0 0 1 1 0 1
2014   2 28  0 53 19 204625  -32.23024  -43.34177     7952 102.9  2  0  6 15 0 0 1 1 1 0 0 1 0 0 1 0 0 1
2014   2 28  0 53 19 390468  -31.04717  -44.19279     7683  46.9  1  0  5 10 0 0 0 1 1 0 0 1 0 0 1 0 0 1
2014   2 28  0 53 19 541730  -30.82087  -44.36782     3940  13.2  0  0  5 10 0 0 0 1 1 0 0 0 0 1 1 0 0 1
2014   2 28  0 53 19 598131  -31.03453  -44.16863     7591  46.8  1  0  5 10 0 0 0 1 1 0 0 1 0 0 1 0 0 1
2014   2 28  0 53 19 765743  -32.22754  -43.35466     8147 106.6  2  0  6 15 0 0 1 1 1 0 0 1 0 0 1 0 0 1
2014   2 28  0 53 20 506051  -25.66525  -44.67273     2440  12.6  0  0  7 21 0 0 1 1 1 0 0 1 0 1 1 0 0 1
2014   2 28  0 53 21 500512  -15.76939  -48.95387     2568   6.1  0  0  5 10 0 0 0 1 1 0 0 1 0 0 1 0 0 1
2014   2 28  0 53 21 778299  -15.79139  -48.96372     2575   6.1  0  0  5 10 0 0 0 1 1 0 0 1 0 0 1 0 0 1
2014   2 28  0 53 21 803627  -15.76504  -48.93554     2755  11.9  0  0  5 10 0 0 1 1 1 0 0 1 0 0 0 0 0 1
2014   2 28  0 53 22 178558  -19.26748  -50.87014     2627  25.9  0  0  7 18 0 0 1 0 1 0 0 1 0 1 1 1 0 1
2014   2 28  0 53 22 217953  -11.95080  -72.41408     5291  18.4  0  0  4  6 0 0 0 1 0 0 0 0 0 0 1 1 0 1
2014   2 28  0 53 22 234419  -11.93717  -72.38490     3005  22.1  0  0  6 15 0 0 1 1 0 0 0 1 0 0 1 1 0 1
2014   2 28  0 53 22 362826  -19.30131  -50.82779     2363  10.7  0  0  7 21 0 0 1 1 1 0 0 1 0 0 1 0 1 1
2014   2 28  0 53 22 415280  -19.20836  -50.92702     4611  22.7  0  0  5  7 0 0 1 1 0 0 0 0 0 1 1 0 0 1
2014   2 28  0 53 22 489161  -12.12131  -72.09606     3403  17.3  0  0  6 15 0 0 1 1 1 0 0 1 0 0 1 0 0 1
2014   2 28  0 53 22 746262  -19.29505  -50.87830     2517  24.0  0  0  7 20 0 0 1 1 1 0 0 1 0 1 1 0 0 1
2014   2 28  0 53 22 901217    4.60821  -12.19497    16137  21.6  0  0  6 15 0 0 1 1 1 0 0 1 0 0 1 0 0 1
2014   2 28  0 53 23 296063    3.05314  -70.92694     3699  23.2  0  0  6 15 0 0 0 1 1 0 0 1 0 0 1 1 0 1
2014   2 28  0 53 24 100120    0.62211  -71.44759     3277   9.8  0  0  5 10 0 0 1 0 1 0 0 0 0 0 1 1 0 1
2014   2 28  0 53 24 150705   -9.03208  -60.33819     3557  28.1  0  0  6 15 0 0 1 1 1 0 0 1 0 0 1 0 0 1
2014   2 28  0 53 24 663723  -25.57167  -44.78436     3300  20.6  0  0  5 10 0 0 1 1 1 0 0 1 0 0 1 0 0 0
2014   2 28  0 53 24 970276  -25.56645  -44.80960     3214  18.8  0  0  5 10 0 0 1 1 1 0 0 1 0 0 1 0 0 0
2014   2 28  0 53 26 113383    0.18609  -71.20432     5508  20.1  0  0  5 10 0 0 1 0 1 0 0 1 0 0 1 0 0 1
2014   2 28  0 53 26 115338  -25.40960  -44.88916     3030  14.4  0  0  5 10 0 0 0 1 1 0 0 0 0 1 1 0 0 1
2014   2 28  0 53 26 238956    0.67389  -71.88712     4581  16.8  0  0  4  6 0 0 0 1 0 0 0 1 0 0 1 1 0 0
2014   2 28  0 53 26 415219    0.68764  -71.91721     4640  17.4  0  0  4  6 0 0 0 1 0 0 0 1 0 0 1 1 0 0
2014   2 28  0 53 26 550780  -23.58689  -45.64483     3891  51.5  1  0  6 15 0 0 1 1 1 0 0 1 0 0 1 0 0 1
2014   2 28  0 53 27 200310  -22.94136  -51.10644     2593  28.5  0  0  7 17 0 0 1 0 1 0 0 1 0 1 1 1 0 1
2014   2 28  0 53 27 345924  -22.40483 -135.93477    18832  60.8  2  0  5 10 0 0 1 1 1 0 0 1 0 0 0 1 0 0
2014   2 28  0 53 27 353553  -22.28118 -136.39304     8653  18.6  0  0  5 10 0 0 1 1 0 0 0 1 0 0 1 1 0 0
2014   2 28  0 53 27 427951  -12.55206  -57.44865     3677  68.6  1  0  7 20 0 0 1 1 0 0 0 1 0 1 1 1 0 1
2014   2 28  0 53 27 887630   -5.22303  -72.66312    12345  34.1  1  0  5 10 0 0 0 0 1 0 0 1 0 1 1 0 0 1
2014   2 28  0 53 29  87190  -25.32603  -44.98140     3051  42.6  0  0  7 21 0 0 1 1 1 0 0 1 0 1 1 0 0 1
2014   2 28  0 53 29 165169  -25.44876  -44.99652     3731  46.8  1  0  6 15 0 0 1 1 1 0 0 1 0 0 1 0 0 1
2014   2 28  0 53 29 186224  -25.35916  -45.05358     4701  45.8  1  0  5  9 0 0 0 1 1 0 0 1 0 0 1 0 0 1
2014   2 28  0 53 29 434626  -24.18193  -50.44252     3941  85.5  2  0  7 16 0 0 1 0 1 0 0 1 0 1 1 1 0 1
2014   2 28  0 53 29 452492  -25.46974  -45.02248     3954  34.8  1  0  5 10 0 0 1 1 1 0 0 1 0 0 1 0 0 0
2014   2 28  0 53 29 555100  -25.32604  -44.93959     3757  46.2  1  0  6 14 0 0 1 1 1 0 0 1 0 0 1 0 0 1
2014   2 28  0 53 29 599274  -25.35718  -44.91142     5589  51.2  2  0  5 10 0 0 1 1 0 0 0 1 0 0 1 0 0 1
2014   2 28  0 53 29 728417  -13.58957  -72.80994     4391  76.3  2  0  7 21 0 0 1 0 1 0 0 1 0 1 1 1 0 1
2014   2 28  0 53 29 798357    0.67626  -71.81253     4544  74.9  2  0  7 21 0 0 1 1 1 0 0 1 0 0 1 1 0 1
2014   2 28  0 53 30 810820    4.11241  -71.02647     5465  72.6  2  0  6 14 0 0 1 1 0 0 0 1 0 0 1 1 0 1
2014   2 28  0 53 30 921819   43.46391 -124.48517    51887   1.0  0  0  4  6 0 0 0 1 0 0 0 1 0 0 1 1 0 0
2014   2 28  0 53 32 316768  -23.37539 -137.70760     9284  18.4  0  0  5 10 0 0 1 0 1 0 0 0 0 1 0 1 0 1
2014   2 28  0 53 32 357509  -26.87574 -119.78456    35736  17.7  0  0  5 10 0 0 0 0 1 0 0 1 0 1 1 0 0 1
2014   2 28  0 53 32 401002  -18.99074 -143.95096    41827  73.7  2  0  5 10 0 0 0 0 1 0 0 1 0 0 1 1 0 1
2014   2 28  0 53 33 369258  -13.92342  -16.80594     9397  22.1  0  0  5 10 0 0 0 1 1 0 0 0 0 0 1 1 0 1
2014   2 28  0 53 33 495214    0.76736  -71.90838     5516 104.1  2  0  7 21 0 0 1 1 1 0 0 1 0 0 1 1 0 1
2014   2 28  0 53 33 742602    0.70816  -71.97449     9893  79.8  2  0  5 10 0 0 0 0 1 0 0 1 0 0 1 1 0 1
2014   2 28  0 53 33 779025    4.47807  -72.00710     6013  53.3  2  0  5  7 0 0 1 1 0 0 0 1 0 0 1 1 0 0
2014   2 28  0 53 33 894644   -2.63196  -61.87719     4478 106.4  2  0  7 21 0 0 1 1 1 0 0 1 0 0 1 1 0 1
2014   2 28  0 53 33 925650    3.25569  -70.70157    11068  51.9  2  0  5 10 0 0 1 0 1 0 0 1 0 0 1 0 0 1
2014   2 28  0 53 35 114373  -17.35718  -51.60630     5122 109.8  2  0  6 15 0 0 1 0 1 0 0 1 0 1 1 0 0 1
2014   2 28  0 53 35 651026    5.37981  -73.30069     7563 125.9  2  0  7 19 0 0 1 1 1 0 0 1 0 0 1 1 0 1
2014   2 28  0 53 35 991857    4.40691  -72.41728    10597 122.0  2  0  6 15 0 0 0 1 1 0 0 1 0 0 1 1 0 1
2014   2 28  0 53 36 115380    9.93239  -73.78746     3538  11.3  0  0  7 16 0 0 1 1 1 0 0 0 0 1 1 1 0 1
2014   2 28  0 53 37  81912  -26.29195 -135.47252    14301  10.4  0  0  5 10 0 0 1 1 1 0 0 1 0 0 1 0 0 0
2014   2 28  0 53 37 431136  -25.92884 -136.26065    10898   7.5  0  0  4  6 0 0 1 1 0 0 0 0 0 0 0 1 0 1
2014   2 28  0 53 37 662650  -25.88762 -136.63333     7292   8.0  0  0  5 10 0 0 1 1 0 0 0 1 0 0 1 1 0 0
2014   2 28  0 53 37 733093  -26.31382 -135.58575    11865  14.7  0  0  6 15 0 0 1 1 1 0 0 1 0 0 1 0 0 1
2014   2 28  0 53 37 788418  -19.30023  -50.83466     2387   8.7  0  0  6 15 0 0 1 1 0 0 0 1 0 1 1 0 0 1
2014   2 28  0 53 37 902969  -23.61209  -45.61415     2956  23.1  0  0  6 15 0 0 1 1 1 0 0 1 0 0 1 0 0 1
2014   2 28  0 53 38 272435    0.54615  -71.83037     3056   9.1  0  0  5  9 0 0 1 1 0 0 0 1 0 0 1 1 0 0
2014   2 28  0 53 38 354408    0.55070  -71.83805     3055   9.0  0  0  5  9 0 0 1 1 0 0 0 1 0 0 1 1 0 0
2014   2 28  0 53 38 613876  -32.99545  -42.41704     3148  20.1  0  0  6 15 0 0 1 1 1 0 0 1 0 1 0 0 1 0
2014   2 28  0 53 38 635310  -32.74051  -42.52118     5039  14.8  0  0  5 10 0 0 0 1 1 0 0 1 0 0 1 0 0 1
2014   2 28  0 53 38 750613    0.56180  -71.88946     3992  10.2  0  0  4  6 0 0 0 1 0 0 0 1 0 0 1 1 0 0
2014   2 28  0 53 38 860637   -4.31456  -74.75674     3009  26.6  0  0  7 21 0 0 1 1 1 0 0 1 0 0 1 1 0 1
2014   2 28  0 53 38 947171    0.54098  -71.93872     5505  26.0  0  0  5 10 0 0 0 1 1 0 0 0 0 0 1 1 0 1
2014   2 28  0 53 38 976201    0.54888  -71.92266     4232  25.7  0  0  5 10 0 0 0 1 1 0 0 1 0 0 1 1 0 0
2014   2 28  0 53 39  26390  -33.11962  -42.56585     3650  26.2  0  0  6 15 0 0 1 1 1 0 0 1 0 0 1 0 0 1
2014   2 28  0 53 39  34105  -33.09132  -42.61262     3098  25.3  0  0  7 21 0 0 1 1 1 0 0 1 0 1 1 0 0 1
2014   2 28  0 53 39 445853  -25.71422  -44.82991     3895  24.6  0  0  5 10 0 0 1 1 0 0 0 1 0 0 1 0 0 1
2014   2 28  0 53 39 515172  -23.77752  -47.08911     3726  38.0  1  0  5 10 0 0 1 1 1 0 0 1 0 0 0 0 0 1
2014   2 28  0 53 39 726839  -23.55238  -45.57635     2828  33.2  0  0  7 21 0 0 1 1 1 0 0 1 0 1 1 0 0 1
2014   2 28  0 53 39 765727  -23.56490  -45.55494     3318  34.4  0  0  6 15 0 0 1 1 1 0 0 1 0 0 1 0 0 1
2014   2 28  0 53 39 939608  -25.60713  -44.77124     6298  31.5  1  0  5  8 0 0 1 0 1 0 0 1 0 0 1 0 0 1
2014   2 28  0 53 40  42596  -25.64729  -44.91073     3179  28.3  0  0  6 15 0 0 1 1 1 0 0 1 0 0 1 0 0 1
2014   2 28  0 53 40 305081  -25.66236  -44.94588     3858  12.3  0  0  4  6 0 0 1 1 0 0 0 1 0 0 1 0 0 0
2014   2 28  0 53 40 317372  -25.62346  -45.04168     3237  20.9  0  0  5  9 0 0 1 1 0 0 0 1 0 1 1 0 0 0
2014   2 28  0 53 40 435404  -23.21564  -50.81210     5174  69.9  2  0  6 11 0 0 1 1 1 0 0 1 0 0 1 0 0 1
2014   2 28  0 53 40 449328  -23.06981  -50.84438     3196  46.6  1  0  6 15 0 0 1 1 1 0 0 0 0 1 1 0 0 1
2014   2 28  0 53 40 786450  -19.35747  -50.90965     3590  26.5  0  0  5  8 0 0 0 1 1 0 0 1 0 0 1 0 0 1
2014   2 28  0 53 40 796191  -19.37513  -50.90408     3004  33.5  0  0  6 15 0 0 1 1 1 0 0 1 0 0 1 0 0 1
2014   2 28  0 53 40 998106  -19.31886  -50.94807     3054  29.3  0  0  6 13 0 0 1 1 1 0 0 1 0 0 1 0 0 1
2014   2 28  0 53 41 328651  -19.22442  -50.82387     3150  39.2  0  0  6 15 0 0 1 1 1 0 0 1 0 0 1 0 0 1
2014   2 28  0 53 41 362378  -19.23043  -50.84032     3656  39.6  1  0  5 10 0 0 1 1 1 0 0 1 0 0 0 0 0 1
2014   2 28  0 53 41 490252  -19.34662  -50.91395     3892  32.4  1  0  5  8 0 0 0 1 1 0 0 1 0 0 1 0 0 1
2014   2 28  0 53 42 680387    3.76604    0.44392   126498  54.2  2  0  5  7 0 0 0 1 1 0 0 1 0 0 1 0 0 1
2014   2 28  0 53 42 970878    0.74128  -72.03808     5949  29.3  1  0  4  6 0 0 0 1 0 0 0 1 0 0 1 1 0 0
2014   2 28  0 53 43 847870  -10.21012  -75.86890     4414  34.9  1  0  5  9 0 0 1 1 0 0 0 1 0 0 1 1 0 0
2014   2 28  0 53 43 866532   -7.67994  -72.99982     6237  73.3  2  0  7 21 0 0 1 1 1 0 0 1 0 1 1 0 0 1
2014   2 28  0 53 43 941216   -7.61911  -73.11168     9921  72.7  2  0  5 10 0 0 1 1 1 0 0 1 0 0 0 0 0 1
2014   2 28  0 53 44  11334   -7.32293  -73.28426     4251  63.5  1  0  7 21 0 0 1 0 1 0 0 1 0 1 1 1 0 1
2014   2 28  0 53 44  82219   -7.31367  -73.35402     5519  56.7  2  0  5 10 0 0 1 0 1 0 0 1 0 0 0 1 0 1
2014   2 28  0 53 44 220226   -7.19449  -73.42805     5347  77.8  2  0  7 18 0 0 1 0 1 0 0 1 0 1 1 1 0 1
2014   2 28  0 53 44 419866   -7.68929  -72.99972     8740  85.3  2  0  6 15 0 0 1 1 1 0 0 1 0 1 1 0 0 0
2014   2 28  0 53 44 450277   -7.25423  -73.58926     4478  57.1  1  0  6 15 0 0 1 1 0 0 0 1 0 0 1 1 0 1
2014   2 28  0 53 44 872470  -13.62306   14.76267    52717  55.0  2  0  5 10 0 0 1 1 1 0 0 0 0 0 1 0 0 1
2014   2 28  0 53 44 930842  -13.77510  -52.61233     4287  66.6  2  0  6 15 0 0 1 1 1 0 0 1 0 0 1 0 0 1
2014   2 28  0 53 45  57594   -7.60923  -24.43902    73108  46.1  1  0  5 10 0 0 1 1 1 0 0 0 0 0 1 0 0 1
2014   2 28  0 53 45 112696    0.99522  -71.37094     4574  66.7  1  0  7 21 0 0 1 0 1 0 0 1 0 1 1 1 0 1
2014   2 28  0 53 45 745874   -4.32986  -74.04794     6365  86.4  2  0  6 15 0 0 1 1 1 0 0 0 0 0 1 1 0 1
2014   2 28  0 53 46  25959  -16.26810  -49.49354     4514  16.9  0  0  4  6 0 0 1 1 0 0 0 0 0 0 1 0 0 1
2014   2 28  0 53 46  76767  -16.37188  -49.41766     4245  25.6  0  0  5 10 0 0 1 1 1 0 0 0 0 0 1 0 0 1
2014   2 28  0 53 46 103953  -10.16548  -75.73296     6160  90.7  2  0  7 16 0 0 1 1 1 0 0 1 0 0 1 1 0 1
2014   2 28  0 53 46 153370    4.39927  -71.83231     6683  45.6  1  0  5  7 0 0 1 0 0 0 0 1 0 0 1 1 0 1
2014   2 28  0 53 46 218288    1.93441  -70.40557    22619  61.3  2  0  5 10 0 0 1 1 1 0 0 0 0 0 1 0 0 1
2014   2 28  0 53 46 291126  -23.47093  -45.78872     4903  82.2  2  0  6 15 0 0 1 1 1 0 0 1 0 0 1 0 0 1
2014   2 28  0 53 46 333663  -23.42813  -45.84745     4842  68.8  2  0  6 13 0 0 1 1 1 0 0 1 0 0 1 0 0 1
2014   2 28  0 53 46 346726  -25.49901  -45.10790     4145  56.2  1  0  6 15 0 0 1 1 1 0 0 1 0 0 1 0 0 1
2014   2 28  0 53 46 389083  -25.38528  -45.33881     4490  78.1  2  0  7 19 0 0 0 1 1 0 0 1 0 1 1 0 1 1
2014   2 28  0 53 46 613928  -20.44000 -137.37721    19567  84.6  2  0  6 15 0 0 1 1 1 0 0 1 0 0 1 1 0 0
2014   2 28  0 53 46 907670  -29.55813  -71.17582     7151  23.5  0  0  5 10 0 0 1 1 1 0 0 0 0 0 1 0 0 1
2014   2 28  0 53 47 303642  -20.83622 -137.60316    20847  90.5  2  0  6 15 0 0 1 1 1 0 0 1 0 0 1 1 0 0
2014   2 28  0 53 47 993476  -25.31234  -45.19074     4688  50.7  2  0  5 10 0 0 0 1 1 0 0 1 0 0 1 0 0 1
2014   2 28  0 53 48   5546    0.65981  -71.69673     5350  87.5  2  0  7 21 0 0 1 0 1 0 0 1 0 1 1 1 0 1
2014   2 28  0 53 50 920430  -14.35656  -51.73658     5619 110.0  2  0  6 15 0 0 1 1 1 0 0 1 0 0 1 0 0 1
2014   2 28  0 53 51 439442    0.56342  -72.89275     5482  31.0  1  0  5 10 0 0 0 0 1 0 0 1 0 1 0 1 0 1
2014   2 28  0 53 51 493739    0.76779  -71.91953     8522 154.0  2  0  7 21 0 0 1 1 1 0 0 0 0 1 1 1 0 1
2014   2 28  0 53 51 528389  -25.17900  -45.46119     4012  37.4  1  0  5 10 0 0 0 1 1 0 0 1 0 1 1 0 0 0
2014   2 28  0 53 51 556221    0.74795  -72.07442     7258 153.5  2  0  7 21 0 0 1 1 1 0 0 1 0 1 1 1 0 0
2014   2 28  0 53 51 598300    0.76316  -71.34248     5897  50.5  2  0  5 10 0 0 1 0 1 0 0 0 0 0 1 1 0 1
2014   2 28  0 53 51 644168    0.68632  -71.70886     6566 114.0  2  0  7 20 0 0 1 0 1 0 0 1 0 1 1 1 0 1
2014   2 28  0 53 51 699561    0.69053  -71.69978     6322 113.2  2  0  7 21 0 0 1 0 1 0 0 1 0 1 1 1 0 1
2014   2 28  0 53 51 759111    0.93730  -72.28455     6120  63.4  2  0  5 10 0 0 1 1 0 0 0 1 0 0 1 1 0 0
2014   2 28  0 53 51 821017  -25.30417  -45.39782     3928  77.7  2  0  7 21 0 0 1 1 1 0 0 1 0 1 1 0 0 1
2014   2 28  0 53 52 130515    0.53770  -71.67726     2988   9.0  0  0  5 10 0 0 1 1 0 0 0 1 0 1 0 1 0 0
2014   2 28  0 53 52 203520  -25.59527  -44.75661     3452  20.2  0  0  5  8 0 0 1 1 1 0 0 1 0 0 0 0 0 1
2014   2 28  0 53 52 288326  -32.62672  -42.84905     3879  14.8  0  0  5 10 0 0 1 1 1 0 0 1 0 0 0 0 0 1
2014   2 28  0 53 53 417024    0.63306  -71.69643     2998  18.5  0  0  6 15 0 0 1 1 1 0 0 1 0 0 0 1 0 1
2014   2 28  0 53 53 491929    4.98592  -71.24029     7645   6.1  0  0  5  9 0 0 1 1 1 0 0 0 0 1 0 0 0 1
2014   2 28  0 53 54 473310  -24.28521  -50.30018     3899  45.7  1  0  5 10 0 0 1 1 1 0 0 1 0 0 0 1 0 0
2014   2 28  0 53 54 896894    3.87137  -70.79313     5188  34.4  1  0  5  7 0 0 1 1 1 0 0 1 0 0 0 1 0 0
2014   2 28  0 53 54 967550  -25.61095  -44.80308     3318  25.2  0  0  5 10 0 0 1 1 1 0 0 1 0 0 0 0 0 1
2014   2 28  0 53 55 203109   -3.47006  -63.48529     2982  33.4  0  0  7 21 0 0 1 1 1 0 0 1 0 1 0 1 0 1
2014   2 28  0 53 55 292907  -10.40254  -75.34749     3085  12.7  0  0  5 10 0 0 1 0 1 0 0 0 0 1 0 1 0 1
2014   2 28  0 53 56 229351  -20.74066   48.39506    19129  34.3  1  0  5 10 0 0 1 1 1 0 0 1 0 0 0 0 0 1
2014   2 28  0 53 56 961926   26.79911  -88.33804    24207   9.7  0  0  5  9 0 0 0 1 1 0 0 1 0 0 0 1 0 1
2014   2 28  0 53 58  22270    4.18416  -71.80936     4704  61.5  1  0  7 20 0 0 1 1 1 0 0 1 0 1 0 1 0 1
2014   2 28  0 53 58 381547  -25.19524 -136.84837    26032  62.3  2  0  5  9 0 0 1 1 1 0 0 1 0 0 0 1 0 0
2014   2 28  0 53 59 362615  -14.33627  -51.71781     4640  55.3  2  0  5 10 0 0 1 1 1 0 0 1 0 0 0 0 0 1
2014   2 28  0 53 59 498230  -14.64059  -51.61115     5535  45.7  1  0  5 10 0 0 1 1 1 0 0 0 0 1 0 0 0 1
2014   2 28  0 54  0 672554  -25.37049  -45.00485     4041  44.1  1  0  5 10 0 0 1 1 1 0 0 1 0 0 0 0 0 1
2014   2 28  0 54  0 997115  -25.31261  -45.03133     7941  44.6  1  0  5 10 0 0 0 1 1 0 0 1 0 1 0 0 0 1
2014   2 28  0 54  1 126369   -4.09749  -59.28626     4501  69.6  2  0  6 15 0 0 1 0 1 0 0 1 0 1 0 1 0 1
2014   2 28  0 54  1 517658   -4.18968  -59.71594     6265  59.5  2  0  5  9 0 0 0 1 1 0 0 1 0 0 0 1 0 1
2014   2 28  0 54  2   9882    0.72114  -71.73396     6583  67.5  2  0  5 10 0 0 1 0 1 0 0 1 0 0 0 1 0 1
2014   2 28  0 54  4 510610  -19.13038   13.99512    18031  14.2  0  0  5  9 0 0 1 1 1 0 0 0 0 1 0 0 0 1
2014   2 28  0 54  4 556859    4.25551  -71.20888     7544  56.4  2  0  5  8 0 0 1 0 1 0 0 0 0 1 0 1 0 1
2014   2 28  0 54  5 200383   -4.23525  -74.08672     7161 121.5  2  0  6 15 0 0 1 1 1 0 0 1 0 0 0 1 0 1
2014   2 28  0 54  5 583875  -22.88682  -51.28415     4741  90.6  2  0  6 12 0 0 1 1 0 0 0 1 0 1 0 1 0 1
2014   2 28  0 54  5 822876   -8.86522  -60.88646     5512 134.0  2  0  7 21 0 0 1 1 1 0 0 1 0 1 0 1 0 1
2014   2 28  0 54  6 262677  -25.38748  -45.30170     4374  53.5  2  0  5 10 0 0 1 1 1 0 0 0 0 1 0 0 0 1
2014   2 28  0 54  6 580858    4.28426  -74.89950     8720  26.3  0  0  5  9 0 0 0 1 1 0 0 0 0 1 0 1 0 1
2014   2 28  0 54  6 669166    4.29352  -72.09293     8237 144.3  2  0  7 20 0 0 1 1 1 0 0 1 0 1 0 1 0 1
2014   2 28  0 54  7 701598  -12.92977  -57.67300     5906 153.2  2  0  7 21 0 0 1 1 1 0 0 1 0 1 0 1 0 1
2014   2 28  0 54  8 589525    3.92189  -71.46538     4409  12.4  0  0  6 15 0 0 1 1 1 0 0 1 0 1 0 0 0 1
2014   2 28  0 54  8 677087    3.80690  -71.36714     6251   4.0  0  0  4  6 0 0 1 1 1 0 0 1 0 0 0 0 0 0
2014   2 28  0 54  8 738221    3.90920  -71.45515     5612  13.3  0  0  5 10 0 0 1 1 1 0 0 1 0 0 0 0 0 1
2014   2 28  0 54  8 933797    5.30178  -73.80379     4594  12.0  0  0  6 15 0 0 1 1 1 0 0 1 0 1 0 0 0 1
2014   2 28  0 54  9  45776    5.25482  -73.81432     6325  14.0  0  0  5  9 0 0 1 1 1 0 0 1 0 0 0 0 0 1
2014   2 28  0 54  9 587873  -19.28268  -50.88358     2821  12.8  0  0  5  8 0 0 1 1 1 0 0 1 0 0 0 0 0 1
2014   2 28  0 54  9 993428  -13.14740  -52.47447     2780  11.3  0  0  5  9 0 0 1 1 0 0 0 1 0 1 0 0 0 1
2014   2 28  0 54 10 118062   -0.15305  -71.57649     4359  18.5  0  0  6 15 0 0 1 1 1 0 0 1 0 1 0 0 0 1
2014   2 28  0 54 10 299762   -0.17814  -71.55312     4676  20.4  0  0  6 14 0 0 1 1 1 0 0 1 0 1 0 0 0 1
2014   2 28  0 54 11 140680  -20.43977   48.09067    15304  26.5  0  0  5 10 0 0 1 1 1 0 0 1 0 1 0 0 0 0
2014   2 28  0 54 11 456219  -25.72991  -44.86501     3480  15.7  0  0  4  6 0 0 1 1 0 0 0 1 0 1 0 0 0 0
2014   2 28  0 54 11 525435  -25.71940  -44.85615     2747  14.6  0  0  6 13 0 0 1 1 1 0 0 1 0 1 0 0 0 1
2014   2 28  0 54 11 624715  -25.74865  -44.85991     6144  23.8  0  0  5  9 0 0 0 1 1 0 0 1 0 1 0 0 0 1
2014   2 28  0 54 11 932781  -25.71415  -44.89412     3645  27.4  0  0  5  9 0 0 1 1 1 0 0 1 0 0 0 0 0 1
2014   2 28  0 54 11 958233  -25.61796  -44.97559     3631  27.7  0  0  5  8 0 0 1 1 1 0 0 1 0 0 0 0 0 1
2014   2 28  0 54 12 365993  -12.98536  -71.44671     7188  18.2  0  0  5  9 0 0 1 1 1 0 0 0 0 1 0 0 0 1
2014   2 28  0 54 12 416327  -25.39909  -44.86486     3709  27.5  0  0  5  8 0 0 1 1 1 0 0 1 0 0 0 0 0 1
2014   2 28  0 54 12 626358   -9.04153  -60.28918     4667  38.1  1  0  5 10 0 0 1 1 1 0 0 1 0 0 0 0 0 1
2014   2 28  0 54 13 316726  -22.33391  -46.56014     3106  44.5  1  0  6 15 0 0 1 1 1 0 0 1 0 1 0 0 0 1
2014   2 28  0 54 13 451528  -32.43748  -43.30046     4870  28.1  0  0  5 10 0 0 1 1 1 0 0 1 0 0 0 0 0 1
2014   2 28  0 54 14 239100  -20.68907  -54.15910     3474  58.2  1  0  6 15 0 0 1 1 1 0 0 1 0 1 0 0 0 1
2014   2 28  0 54 15 198006  -32.68599  -43.09602     5083  30.5  1  0  5 10 0 0 1 1 1 0 0 1 0 0 0 0 0 1
2014   2 28  0 54 15 659340  -22.98826  -51.08348     3196  20.9  0  0  5  8 0 0 1 1 0 0 0 1 0 1 0 0 0 1
2014   2 28  0 54 15 916060  -15.83781  -49.05392     4259  51.2  2  0  5 10 0 0 1 1 1 0 0 1 0 0 0 0 0 1
2014   2 28  0 54 16 302981  -15.87495  -49.07544     4377  53.7  2  0  5 10 0 0 1 1 1 0 0 1 0 0 0 0 0 1
2014   2 28  0 54 17 868814    7.87976  -76.07844    32748  32.0  1  0  5 10 0 0 0 1 1 0 0 1 0 1 0 0 0 1
2014   2 28  0 54 18  81019   -7.86930  -72.82877     8900  93.3  2  0  6 15 0 0 1 1 1 0 0 1 0 1 0 0 0 1
2014   2 28  0 54 18 230901   -7.87305  -72.81644     8929  93.7  2  0  6 15 0 0 1 1 1 0 0 1 0 1 0 0 0 1
2014   2 28  0 54 18 483970    2.44242  -76.32282    22340  16.5  0  0  4  6 0 0 0 1 0 0 0 1 0 1 0 0 0 1
2014   2 28  0 54 19 183465  -32.83723  -43.47701     4485  38.8  1  0  5 10 0 0 1 1 1 0 0 1 0 1 0 0 0 0
2014   2 28  0 54 23 694673  -11.09680  -74.36649     7822  58.1  2  0  5 10 0 0 1 0 1 0 0 1 0 1 0 0 0 1
2014   2 28  0 54 23 825561   18.86077  137.74727     3298   7.4  0  0  4  6 0 0 1 1 1 0 0 1 0 0 0 0 0 0
