2014   2 28  7 49 36 579227  -30.50992  -41.33497     3686   8.1  0  0  4  6 0 0 1 1 0 0 0 0 0 0 1 0 0 1
2014   2 28  7 49 36 588459  -30.52443  -41.30608     2934   8.0  0  0  5 10 0 0 1 1 0 0 0 0 0 1 1 0 0 1
2014   2 28  7 49 36 790733  -24.85095 -174.58224    21332  22.3  0  0  5  8 0 0 1 0 0 0 0 0 0 1 1 1 0 1
2014   2 28  7 49 36 798768  -30.51000  -41.34232     3867  10.8  0  0  4  6 0 0 1 1 0 0 0 0 0 0 1 0 0 1
2014   2 28  7 49 36 938520  -24.98015 -174.09087    19362  16.5  0  0  5 10 0 0 1 1 0 0 0 0 0 0 1 1 0 1
2014   2 28  7 49 37   9227  -34.12611  -37.80670     7194 116.5  2  0  7 21 0 0 1 1 0 0 0 0 0 1 1 1 1 1
2014   2 28  7 49 37 220394   -0.40373  151.32402     8147  30.9  0  0  6 15 0 0 1 1 0 0 0 0 0 1 1 1 0 1
2014   2 28  7 49 40 356258  -35.45298 -161.62907    36110  19.1  0  0  4  6 0 0 1 1 0 0 0 0 0 0 1 1 0 0
2014   2 28  7 49 40 982824  -33.06113  -40.16127     6382  46.8  1  0  5  9 0 0 1 1 0 0 0 0 0 0 1 1 0 1
2014   2 28  7 49 43 469075  -30.14717  -41.73386     7437  66.3  2  0  5  8 0 0 1 1 0 0 0 0 0 0 1 1 0 1
2014   2 28  7 49 44 851943  -13.37177  158.38135    27699  59.9  2  0  5 10 0 0 1 0 0 0 0 0 0 1 1 1 0 1
2014   2 28  7 49 45 122900    4.65163  151.75204    29070  69.5  2  0  5 10 0 0 1 1 0 0 0 0 0 0 1 1 0 1
2014   2 28  7 49 47 682036  -30.11686  -41.34060     7763  32.3  1  0  4  6 0 0 1 0 0 0 0 0 0 1 1 1 0 0
2014   2 28  7 49 48  16404    2.66389  -84.07997     7853  56.0  2  0  5 10 0 0 1 0 0 0 0 0 0 1 1 1 0 1
2014   2 28  7 49 48 752425  -30.14197  -42.46180     6929 105.7  2  0  6 15 0 0 1 1 0 0 0 0 0 1 1 1 0 1
2014   2 28  7 49 50 251070   -4.39187  -71.33731     6101  62.4  2  0  5 10 0 0 1 0 0 0 0 0 0 1 1 1 0 1
2014   2 28  7 49 51  25611  -21.13024  -45.67516     3475  12.0  0  0  4  6 0 0 1 0 0 0 0 0 0 0 1 1 0 1
2014   2 28  7 49 51 441518   -1.08901  -67.84838     4264  12.1  0  0  4  6 0 0 0 1 0 0 0 0 0 0 1 1 0 1
2014   2 28  7 49 52  23348  -12.64569  156.78506    24797  24.4  0  0  6 15 0 0 1 0 1 0 0 1 0 1 1 0 0 1
2014   2 28  7 49 52 228243   23.72576  -85.53329     8552   9.2  0  0  6 15 0 0 0 1 1 0 0 1 0 0 1 1 0 1
2014   2 28  7 49 52 367314  -13.30659  157.45067     5639  24.8  0  0  7 21 0 0 1 1 1 0 0 1 0 0 1 1 0 1
2014   2 28  7 49 52 796951   -1.03221   11.21280     7756  23.7  0  0  6 15 0 0 1 1 0 0 0 1 0 0 1 1 0 1
2014   2 28  7 49 52 875908  -32.37173 -133.72658     6726  17.5  0  0  7 21 0 0 1 1 1 0 0 1 0 0 1 1 0 1
2014   2 28  7 49 52 945679  -32.61026 -132.74855    25308  11.0  0  0  4  6 0 0 1 1 0 0 0 1 0 0 1 0 0 0
2014   2 28  7 49 53   4884  -32.34058 -133.73259     8091  19.0  0  0  6 15 0 0 1 1 1 0 0 1 0 0 0 1 0 1
2014   2 28  7 49 53 182258  -21.25778  -46.38972     2529  15.9  0  0  6 15 0 0 1 1 1 0 0 1 0 0 1 0 0 1
2014   2 28  7 49 54 405975   -8.16023    6.85235    23510  16.4  0  0  5 10 0 0 1 1 1 0 0 0 0 0 1 0 0 1
2014   2 28  7 49 54 872306  -30.22966  -41.59926     3633  23.7  0  0  7 17 0 0 1 0 1 0 0 1 0 1 1 1 0 1
2014   2 28  7 49 54 917956  -30.23308  -41.52394     3959  13.7  0  0  5 10 0 0 1 0 1 0 0 0 0 1 1 0 0 1
2014   2 28  7 49 54 939691  -30.22706  -41.65828     3246  20.9  0  0  6 15 0 0 1 1 1 0 0 1 0 0 1 0 0 1
2014   2 28  7 49 54 980494  -30.30651  -41.72527     5453  93.9  2  0  7 16 0 0 1 1 1 0 0 1 0 0 1 0 1 1
2014   2 28  7 49 55  43193  -30.22467  -41.66621     2787  19.4  0  0  7 21 0 0 1 1 1 0 0 1 0 1 1 0 0 1
2014   2 28  7 49 55  51652    7.33189  -79.14679     4895  29.4  0  0  7 20 0 0 0 1 1 0 0 1 0 1 1 1 0 1
2014   2 28  7 49 55  88681  -30.03398  -41.82528     5764  27.3  0  0  5  8 0 0 0 1 1 0 0 1 0 0 1 1 0 0
2014   2 28  7 49 55 116991  -30.08721  -41.77764     3486  15.4  0  0  6 15 0 0 0 1 1 0 0 1 0 1 1 0 0 1
2014   2 28  7 49 55 257956  -30.22367  -41.66584     3345  22.7  0  0  6 15 0 0 1 1 1 0 0 1 0 0 1 0 0 1
2014   2 28  7 49 55 482737  -30.22110  -41.67311     3384  23.5  0  0  6 15 0 0 1 1 1 0 0 1 0 0 1 0 0 1
2014   2 28  7 49 55 767971  -30.19778  -41.81062     3521  15.0  0  0  5 10 0 0 1 1 1 0 0 1 0 0 0 0 0 1
2014   2 28  7 49 56 770536  -19.27002 -141.58849    10628  51.1  1  0  7 21 0 0 1 1 1 0 0 1 0 1 1 1 0 0
2014   2 28  7 49 56 797332  -19.34370 -140.64211    12937  17.0  0  0  4  6 0 0 1 0 0 0 0 0 0 1 1 1 0 0
2014   2 28  7 49 56 866234  -19.02808 -142.45821     9438  21.0  0  0  5 10 0 0 1 1 0 0 0 1 0 0 1 1 0 0
2014   2 28  7 49 57 128650  -19.16982 -142.13210    33144  24.7  1  0  4  6 0 0 1 1 0 0 0 1 0 0 1 0 0 0
2014   2 28  7 49 58 121180  -23.60528  -45.64397     2800   9.7  0  0  5 10 0 0 1 0 0 0 0 0 0 1 1 1 0 1
2014   2 28  7 49 58 137341  -23.66563  -45.63288     4799  48.8  1  0  5 10 0 0 1 0 1 0 0 1 0 0 1 0 0 1
2014   2 28  7 49 58 396269    7.60484  -73.80552     6054  48.4  1  0  6 13 0 0 1 1 0 0 0 1 0 0 1 1 0 1
2014   2 28  7 49 58 758739  -30.39230  -41.67840     3563  41.1  0  0  7 21 0 0 1 1 1 0 0 1 0 1 1 0 0 1
2014   2 28  7 49 58 787308  -30.42522  -41.62616     5508  45.7  1  0  5 10 0 0 1 1 1 0 0 1 0 0 1 0 0 0
2014   2 28  7 49 58 904818  -30.37088  -41.90817     3645  17.0  0  0  5 10 0 0 1 1 1 0 0 1 0 0 0 0 0 1
2014   2 28  7 49 59 545023  -25.12720  -44.74694     3289  36.4  0  0  6 15 0 0 1 1 0 0 0 1 0 1 1 0 0 1
2014   2 28  7 49 59 556278  -25.15402  -44.72417     4866  35.4  1  0  5  9 0 0 1 1 0 0 0 1 0 0 1 0 0 1
2014   2 28  7 49 59 627301  -25.10386  -44.80941     3514  39.6  0  0  6 14 0 0 1 1 1 0 0 1 0 0 1 0 0 1
2014   2 28  7 49 59 646700  -25.09664  -44.83035     3041  42.9  0  0  7 21 0 0 1 1 1 0 0 1 0 1 1 1 0 0
2014   2 28  7 49 59 675388  -25.13129  -44.82185     3616  33.2  1  0  5  9 0 0 1 1 1 0 0 1 0 0 0 0 0 1
2014   2 28  7 49 59 728453  -25.12556  -44.73777     5356  41.9  1  0  5 10 0 0 1 0 1 0 0 1 0 0 1 0 0 1
2014   2 28  7 49 59 998825  -25.10592  -44.82075     3420  39.9  0  0  6 15 0 0 1 1 1 0 0 1 0 0 1 0 0 1
2014   2 28  7 50  0 199533  -12.21659  -71.46092     3998  33.5  1  0  5 10 0 0 1 0 1 0 0 0 0 0 1 1 0 1
2014   2 28  7 50  0 287349  -12.29827  -71.75557     5441  91.3  2  0  6 15 0 0 1 1 1 0 0 1 0 0 0 1 0 1
2014   2 28  7 50  0 353498  -12.29177  -71.77974     4515  83.9  2  0  7 21 0 0 1 1 1 0 0 1 0 0 1 1 0 1
2014   2 28  7 50  1 384538   -7.85519   12.96809    19875  87.0  2  0  6 15 0 0 1 1 1 0 0 0 0 0 1 1 0 1
2014   2 28  7 50  1 819588  -11.00592  -56.93558     4173  82.8  2  0  7 21 0 0 0 1 1 0 0 1 0 1 1 1 0 1
2014   2 28  7 50  1 928777  -20.28479 -143.84639    26670  92.5  2  0  6 15 0 0 1 1 1 0 0 0 0 0 1 1 0 1
2014   2 28  7 50  2  93757  -19.62518 -140.65218    15773  72.2  2  0  7 20 0 0 1 0 1 0 0 1 0 1 1 1 0 1
2014   2 28  7 50  2 135417  -19.46814 -141.20952    19288  96.9  2  0  7 21 0 0 1 1 1 0 0 0 0 1 1 1 0 1
2014   2 28  7 50  2 197191  -19.35021 -142.44722    17445  90.5  2  0  7 21 0 0 1 1 1 0 0 1 0 0 1 1 0 1
2014   2 28  7 50  2 309830  -19.33810 -142.44844    17533  90.9  2  0  7 21 0 0 1 1 1 0 0 1 0 0 1 1 0 1
2014   2 28  7 50  2 415600  -19.51668 -141.61655    19750  86.7  2  0  7 16 0 0 1 1 1 0 0 1 0 0 1 1 0 1
2014   2 28  7 50  2 764874  -24.56148  -45.36217     4056  60.8  2  0  6 15 0 0 1 1 1 0 0 1 0 0 1 0 0 1
2014   2 28  7 50  2 873452  -19.61878 -141.89178    19671 109.5  2  0  7 21 0 0 1 1 1 0 0 1 0 1 0 1 0 1
2014   2 28  7 50  2 908698  -19.31515 -143.06726    18410  74.0  2  0  6 15 0 0 1 1 0 0 0 1 0 0 1 1 0 1
2014   2 28  7 50  2 947662  -19.27040 -147.41055    52320  84.6  2  0  5 10 0 0 0 1 1 0 0 1 0 0 0 1 0 1
2014   2 28  7 50  2 977049  -19.29565 -142.96971    14672  20.2  1  0  4  6 0 0 1 0 0 0 0 1 0 0 1 1 0 0
2014   2 28  7 50  3 875050  -24.36759  -45.40180     3977  68.5  1  0  7 19 0 0 1 0 1 0 0 1 0 1 1 1 0 1
2014   2 28  7 50  3 883407  -24.39987  -45.47355     4302  68.9  2  0  6 15 0 0 1 1 1 0 0 1 0 0 1 0 0 1
2014   2 28  7 50  3 891943  -24.40494  -45.47865     4345  69.9  2  0  6 15 0 0 1 1 1 0 0 1 0 0 1 0 0 1
2014   2 28  7 50  4 201752  -20.80914  -47.63405     4163 121.9  2  0  7 21 0 0 0 1 1 0 0 1 0 1 1 1 0 1
2014   2 28  7 50  4 359809    4.92956  -84.85693    10613 112.4  2  0  6 15 0 0 1 1 1 0 0 1 0 0 1 1 0 0
2014   2 28  7 50  4 395680  -20.85287  -47.57448     6170 125.0  2  0  7 16 0 0 1 1 1 0 0 1 0 0 1 1 0 1
2014   2 28  7 50  5 653128    3.21010  -72.29021    12987 117.8  2  0  7 21 0 0 1 1 1 0 0 1 0 1 1 0 0 1
2014   2 28  7 50  6  41015  -21.28487  -47.42764     4203 122.4  2  0  7 21 0 0 1 1 1 0 0 1 0 1 1 0 0 1
2014   2 28  7 50  6 307552  -21.29316  -47.42566     4250 125.3  2  0  7 21 0 0 1 1 1 0 0 1 0 1 1 0 0 1
2014   2 28  7 50  7  30671  -20.70114  -46.53643     4213 118.8  2  0  7 21 0 0 1 1 1 0 0 1 0 1 1 0 0 1
2014   2 28  7 50  7 297247  -32.64660  -41.43628     4527  64.2  1  0  7 20 0 0 1 1 1 0 0 1 0 1 0 1 0 1
2014   2 28  7 50  7 306507  -32.84828  -40.76653     8900 107.7  2  0  6 15 0 0 1 1 1 0 0 1 0 0 1 0 0 1
2014   2 28  7 50  7 554619  -32.63069  -41.63692     5789  24.0  1  0  4  6 0 0 1 1 1 0 0 1 0 0 0 0 0 0
2014   2 28  7 50  8 629899  -20.74471  -47.32559     2817  10.1  0  0  5  9 0 0 1 0 1 0 0 1 0 0 1 0 0 1
2014   2 28  7 50  8 834202  -20.67467  -47.38503     3189  14.2  0  0  5  8 0 0 1 1 0 0 0 0 0 1 1 1 0 0
2014   2 28  7 50  8 857573  -20.74690  -47.31703     3081  12.0  0  0  5  8 0 0 0 1 1 0 0 1 0 0 1 0 0 1
2014   2 28  7 50  9 176861    7.13878  -77.62749     3074  16.1  0  0  7 20 0 0 1 1 1 0 0 1 0 0 1 1 0 1
2014   2 28  7 50  9 413475  -10.07117  160.60489     5240  19.5  0  0  7 20 0 0 1 1 1 0 0 1 0 0 1 1 0 1
2014   2 28  7 50  9 895269    6.35434  -78.07826     3323  14.5  0  0  6 14 0 0 1 1 1 0 0 1 0 0 1 1 0 0
2014   2 28  7 50 10 271964  -10.63227  154.55971    41963  23.4  0  0  6 15 0 0 1 1 1 0 0 1 0 0 1 0 0 1
2014   2 28  7 50 10 287545  -21.45008  -46.08957     2766  12.9  0  0  5 10 0 0 1 0 1 0 0 1 0 0 1 0 0 1
2014   2 28  7 50 10 396914   -0.77273   -8.33562     3625  20.0  0  0  7 21 0 0 1 1 0 0 0 1 1 1 1 0 0 1
2014   2 28  7 50 10 573663  -21.45607  -46.15328     2525  23.5  0  0  7 20 0 0 1 1 1 0 0 1 0 1 1 0 0 1
2014   2 28  7 50 10 694243  -30.27888  -41.65201     3427  14.5  0  0  5 10 0 0 1 1 1 0 0 1 0 0 0 0 0 1
2014   2 28  7 50 10 974101  -30.31765  -41.49670     3981  23.6  0  0  5 10 0 0 1 1 1 0 0 1 0 0 1 0 0 0
2014   2 28  7 50 10 998008  -30.08337  -41.69539     4063  14.9  0  0  5 10 0 0 0 1 1 0 0 1 0 0 1 0 0 1
2014   2 28  7 50 11  25150  -23.42993  -45.63345     4672 108.6  2  0  7 21 0 0 1 1 1 0 0 1 0 1 1 0 0 1
2014   2 28  7 50 11 108511  -23.40410  -45.71501     3531  41.0  1  0  6 15 0 0 1 1 1 0 0 1 0 0 1 0 0 1
2014   2 28  7 50 11 119307  -23.40347  -45.72497     3525  40.4  1  0  6 15 0 0 1 1 1 0 0 1 0 0 1 0 0 1
2014   2 28  7 50 11 196986  -23.39066  -45.70901     3263  39.0  0  0  6 15 0 0 1 1 0 0 0 1 0 1 1 0 0 1
2014   2 28  7 50 11 220541  -23.35612  -45.76122     3002  42.4  0  0  7 21 0 0 1 1 0 0 0 1 0 1 1 1 0 1
2014   2 28  7 50 11 761462  -25.42282  -44.48228     4995  34.2  1  0  5 10 0 0 1 0 1 0 0 1 0 0 1 0 0 1
2014   2 28  7 50 11 771990  -25.46928  -44.48262     3881  70.0  2  0  7 21 0 0 1 1 1 0 0 1 0 1 1 1 0 0
2014   2 28  7 50 11 795936  -25.39501  -44.60987     3248  33.1  0  0  6 15 0 0 1 1 1 0 0 1 0 0 1 0 0 1
2014   2 28  7 50 11 847878  -25.43340  -44.57115     3246  33.7  0  0  6 15 0 0 1 1 0 0 0 1 0 1 1 0 0 1
2014   2 28  7 50 12 130888  -21.51740  -48.87278     3126  50.2  1  0  7 17 0 0 1 1 1 0 0 1 0 0 1 1 0 1
2014   2 28  7 50 12 295910   -6.84187    9.34736    11133  39.5  0  0  6 13 0 0 1 0 1 0 0 1 0 0 1 1 0 1
2014   2 28  7 50 12 459854  -21.34895  -46.75931     4089  36.6  1  0  5  8 0 0 0 1 1 0 0 1 0 0 1 0 0 1
2014   2 28  7 50 13 139286  -32.20346 -134.87202    13205  45.6  1  0  6 15 0 0 1 1 1 0 0 1 0 0 0 1 0 1
2014   2 28  7 50 13 368922  -32.20042 -134.56996    22938  51.3  2  0  5 10 0 0 1 1 1 0 0 0 0 0 0 1 0 1
2014   2 28  7 50 14 263504  -22.68112  -46.08899     3424  15.1  0  0  4  6 0 0 0 1 0 0 0 1 0 1 1 0 0 0
2014   2 28  7 50 14 296256  -11.93921  -73.02805     3922  60.6  1  0  7 20 0 0 1 1 0 0 0 1 0 1 1 1 0 1
2014   2 28  7 50 14 631029  -22.90220  -45.81345     4437  56.4  2  0  5 10 0 0 1 1 1 0 0 1 0 0 0 0 0 1
2014   2 28  7 50 15 831963  -22.82312  -45.67889     3894  65.9  2  0  6 15 0 0 0 1 1 0 0 1 0 1 1 0 0 1
2014   2 28  7 50 15 966311  -31.03971 -132.84061    26710  64.3  2  0  5 10 0 0 1 1 1 0 0 0 0 0 1 1 0 0
2014   2 28  7 50 16  47489  -30.96441 -133.96104    17678  21.9  1  0  4  6 0 0 1 1 0 0 0 0 0 0 1 1 0 0
2014   2 28  7 50 16 644816  -12.95702  157.48982    13458  64.9  2  0  6 15 0 0 1 1 1 0 0 1 0 1 0 1 0 0
2014   2 28  7 50 16 661129    8.16588  -72.66119    42427  77.3  2  0  5 10 0 0 0 1 1 0 0 1 0 0 1 0 0 1
2014   2 28  7 50 16 662722   -3.67194  146.95343    38013  30.6  1  0  5 10 0 0 1 0 1 0 0 1 0 0 1 0 0 1
2014   2 28  7 50 17 190997    2.72708  -68.64680     4269  62.5  1  0  7 21 0 0 1 0 1 0 0 1 0 1 1 1 0 1
2014   2 28  7 50 18 456896  -21.35110  -46.38074     4111  71.4  2  0  6 15 0 0 1 1 1 0 0 1 0 0 1 0 0 1
2014   2 28  7 50 19 207004  -31.71699  -42.71295     5326  10.2  0  0  4  6 0 0 0 1 0 0 0 0 0 1 1 0 0 1
2014   2 28  7 50 21 951353    5.38997  -73.48399    11822 119.1  2  0  6 12 0 0 0 1 1 0 0 1 0 0 1 1 0 1
2014   2 28  7 50 22 542342  -10.72626  -57.49339     5286 119.6  2  0  7 20 0 0 0 1 1 0 0 1 0 1 1 1 0 1
2014   2 28  7 50 22 928951    0.65172   -6.03738    24700 102.9  2  0  6 12 0 0 1 1 1 0 0 1 0 0 1 1 0 0
2014   2 28  7 50 24 293824  -11.93919  -72.86026     3133   8.4  0  0  6 13 0 0 1 1 1 0 0 1 0 1 1 0 0 0
2014   2 28  7 50 24 517771    9.25205  -73.40870     3283   4.8  0  0  5 10 0 0 1 1 0 0 0 1 0 0 0 1 0 1
2014   2 28  7 50 24 622651    9.26608  -73.09544     6722  97.9  2  0  7 18 0 0 1 1 1 0 0 1 0 0 0 1 1 1
2014   2 28  7 50 24 822861  -13.37973  -71.23885     2889  13.6  0  0  7 21 0 0 0 1 1 0 0 1 0 1 1 1 0 1
2014   2 28  7 50 24 972384  -13.36049  -71.13875     3308   9.2  0  0  4  6 0 0 1 0 1 0 0 0 0 1 0 1 0 0
2014   2 28  7 50 25  23043  -30.25664  -41.50249     2816  11.7  0  0  6 15 0 0 1 1 0 0 0 1 0 1 1 0 0 1
2014   2 28  7 50 25  55055  -30.29012  -41.49973     2593  11.0  0  0  7 21 0 0 1 1 1 0 0 1 0 1 1 0 0 1
2014   2 28  7 50 25  99099  -30.23306  -41.62079     4108   4.3  0  0  4  6 0 0 1 0 0 0 0 1 0 1 0 0 0 1
2014   2 28  7 50 25 159315  -30.27339  -41.47474     2790   9.0  0  0  6 15 0 0 1 1 1 0 0 1 0 0 1 0 0 1
2014   2 28  7 50 25 231729  -13.29210  -71.06201     3637  16.6  0  0  6 15 0 0 0 1 1 0 0 0 0 1 1 1 0 1
2014   2 28  7 50 25 489145  -14.67192  161.23132    35442  13.4  0  0  5 10 0 0 1 1 1 0 0 0 0 0 1 1 0 0
2014   2 28  7 50 25 507684  -14.18442  160.59398     6868  13.0  0  0  6 14 0 0 1 1 1 0 0 1 0 0 0 1 0 1
2014   2 28  7 50 25 511104  -30.24029  -41.52359     2805  20.4  0  0  7 21 0 0 1 1 1 0 0 1 0 1 1 1 0 0
2014   2 28  7 50 25 974292  -21.25100  -47.16942     2594  26.3  0  0  7 20 0 0 1 1 0 0 0 1 0 1 1 1 0 1
2014   2 28  7 50 25 997692  -23.08325 -133.96231    18585  10.3  0  0  4  6 0 0 1 0 1 0 0 1 0 1 0 0 0 0
2014   2 28  7 50 26 747019  -16.40961  -51.91591     3624  20.4  0  0  5  8 0 0 0 0 1 0 0 1 0 0 1 1 0 1
2014   2 28  7 50 26 832879  -16.54491  -51.87659     3240  15.0  0  0  5  8 0 0 0 1 1 0 0 1 0 0 1 0 0 1
2014   2 28  7 50 27  42920  -16.48140  -51.96616     2606  26.7  0  0  7 21 0 0 1 1 1 0 0 1 0 0 1 1 0 1
2014   2 28  7 50 27 121140    6.49248  -78.23106     3715  21.3  0  0  6 14 0 0 1 1 1 0 0 1 0 0 1 1 0 0
2014   2 28  7 50 27 217339  -21.90659 -141.09154     9059  29.3  0  0  6 15 0 0 1 1 0 0 0 1 0 1 1 1 0 0
2014   2 28  7 50 27 252818  -21.93029 -141.04732     7401  29.3  0  0  7 21 0 0 1 1 0 0 0 1 0 1 1 1 0 1
2014   2 28  7 50 27 291984  -22.30437 -139.97919    15714  14.4  0  0  5 10 0 0 1 0 1 0 0 1 0 0 1 0 0 1
2014   2 28  7 50 27 337989  -25.84479  -44.30910     2976  22.5  0  0  6 15 0 0 1 1 1 0 0 1 0 0 1 0 0 1
2014   2 28  7 50 27 820954  -12.35734  -71.88767     4421  29.6  0  0  5 10 0 0 0 1 0 0 0 1 0 0 1 1 0 1
2014   2 28  7 50 27 894020  -12.32228  -71.73972     4107  32.0  1  0  5  9 0 0 1 1 1 0 0 0 0 0 0 1 0 1
2014   2 28  7 50 27 931633  -12.34850  -71.70694     4997  33.6  0  0  6 14 0 0 0 0 1 0 0 1 0 1 1 1 0 1
2014   2 28  7 50 27 961195  -12.33548  -71.76730     3051  34.0  0  0  7 21 0 0 1 1 1 0 0 1 0 0 1 1 0 1
2014   2 28  7 50 27 997570  -12.33573  -71.65395     3067  30.9  0  0  7 20 0 0 1 0 1 0 0 1 0 1 1 1 0 1
2014   2 28  7 50 28  68039  -12.34878  -71.87698     5408  29.6  0  0  5  8 0 0 0 1 1 0 0 1 0 0 1 1 0 0
2014   2 28  7 50 28 116431  -12.31081  -71.78965     4383  25.3  0  0  5  7 0 0 1 1 0 0 0 1 0 0 0 1 0 1
2014   2 28  7 50 28 318325  -12.33661  -71.77093     3549  39.8  0  0  6 15 0 0 1 1 1 0 0 1 0 0 0 1 0 1
2014   2 28  7 50 28 344573  -12.33782  -71.74918     3946  48.2  1  0  6 14 0 0 1 1 1 0 0 1 0 1 0 1 0 0
2014   2 28  7 50 28 439651  -12.32890  -71.65511     3164  34.0  0  0  7 20 0 0 1 0 1 0 0 1 0 1 1 1 0 1
2014   2 28  7 50 28 505777  -12.45163  -71.57634     5246  46.2  1  0  6 14 0 0 1 1 1 0 0 1 0 1 1 0 0 0
2014   2 28  7 50 28 617910  -12.29730  -71.73996     3693  40.0  1  0  6 15 0 0 1 1 1 0 0 0 0 0 1 1 0 1
2014   2 28  7 50 28 959229   -2.42999  150.51471     7853  25.8  1  0  4  6 0 0 0 1 1 0 0 1 0 0 0 1 0 0
2014   2 28  7 50 29 417702  -13.41142  -39.01575     4270  24.5  0  0  6 15 0 0 1 0 1 0 0 0 0 1 1 1 0 1
2014   2 28  7 50 29 579507  -21.29235  -46.40986     4185  41.8  1  0  5  9 0 0 0 1 1 0 0 1 0 0 1 0 0 1
2014   2 28  7 50 29 832898  -21.29572  -46.41624     3782  42.6  1  0  5 10 0 0 0 1 1 0 0 1 0 0 1 0 0 1
2014   2 28  7 50 29 918310    5.70497  144.06866     6056  51.1  1  0  7 21 0 0 1 0 1 0 0 1 0 1 1 1 0 1
2014   2 28  7 50 30 237912    2.51947  150.15170     5840   3.4  0  0  4  6 0 0 0 1 0 0 0 1 0 0 1 1 0 0
2014   2 28  7 50 30 417401    2.59417  149.61838    22053   7.4  0  0  4  6 0 0 1 1 0 0 0 0 0 0 1 1 0 0
2014   2 28  7 50 30 790664  -30.11392  -41.84688     3873  11.9  0  0  5 10 0 0 0 1 1 0 0 1 0 0 1 0 0 1
2014   2 28  7 50 31 799753  -33.06019  -40.29256     5538  53.3  1  0  6 15 0 0 1 1 1 0 0 1 0 0 1 0 0 1
2014   2 28  7 50 32 133127  -24.50342  -45.27298     3766  50.9  1  0  6 15 0 0 1 1 1 0 0 1 0 0 1 0 0 1
2014   2 28  7 50 32 140859  -24.53594  -45.29080     4187  48.0  1  0  5 10 0 0 1 1 1 0 0 1 0 0 0 0 0 1
2014   2 28  7 50 32 458586  -32.97036  -40.78077     5370  14.0  0  0  4  6 0 0 1 1 0 0 0 1 0 0 0 0 0 1
2014   2 28  7 50 32 605534  -23.45894  -45.81448     3788  61.2  2  0  6 15 0 0 1 0 0 0 0 1 0 1 1 1 0 1
2014   2 28  7 50 32 782922  -23.41809  -46.03855     3088   3.1  0  0  4  6 0 0 1 1 1 0 0 1 0 0 0 0 0 0
2014   2 28  7 50 34 553181  -21.31495  -46.55165     4558  90.4  2  0  6 15 0 0 1 1 1 0 0 0 0 1 1 0 0 1
2014   2 28  7 50 37 972164  -15.68963  170.14627    29346 125.9  2  0  7 20 0 0 1 1 1 0 0 1 0 0 1 1 0 1
2014   2 28  7 50 38 548864   23.27655 -124.95678    75723  63.6  2  0  5 10 0 0 0 1 1 0 0 1 0 0 0 1 0 1
2014   2 28  7 50 39 453947  -13.09031  157.87787    24566 125.7  2  0  6 15 0 0 1 1 1 0 0 1 0 1 0 1 0 0
2014   2 28  7 50 39 854902  -12.79390  156.97765    14802  96.1  2  0  7 21 0 0 1 0 1 0 0 1 0 1 1 1 0 1
2014   2 28  7 50 41   2586  -20.75160  -47.32650     3096   9.4  0  0  5  7 0 0 0 1 1 0 0 1 0 0 1 0 0 1
2014   2 28  7 50 41  62960   -8.01396  -59.51427     2584   3.9  0  0  6 15 0 0 1 0 1 0 0 0 0 1 1 1 0 1
2014   2 28  7 50 41 624447   32.22174 -127.85877    18659  13.2  0  0  4  6 0 0 1 1 0 0 0 1 0 0 1 0 0 0
2014   2 28  7 50 41 673393   31.36118 -126.93497    14836   5.9  0  0  4  6 0 0 1 1 0 0 0 1 0 0 1 0 0 0
2014   2 28  7 50 41 763785   30.99068 -126.21378    21928  12.0  0  0  4  6 0 0 1 1 0 0 0 0 0 0 1 0 0 1
2014   2 28  7 50 42  78558  -21.46443  -46.14079     2838  17.4  0  0  5 10 0 0 0 1 1 0 0 1 0 0 1 0 0 1
2014   2 28  7 50 42 104275  -21.47404  -46.13787     3100  19.3  0  0  5  9 0 0 0 1 1 0 0 1 0 0 1 0 0 1
2014   2 28  7 50 42 134747    4.57546  -73.60764     4693  21.5  0  0  5  7 0 0 1 1 0 0 0 0 0 1 1 1 0 0
2014   2 28  7 50 42 241816  -21.46073  -46.13689     2624  17.5  0  0  6 15 0 0 1 1 1 0 0 1 0 0 1 0 0 1
2014   2 28  7 50 43 702279  -21.28818  -46.39643     2838  25.0  0  0  6 14 0 0 1 1 1 0 0 1 0 0 1 0 0 1
2014   2 28  7 50 43 710804  -21.29656  -46.44164     3580  27.3  0  0  5  9 0 0 1 1 1 0 0 1 0 0 0 0 0 1
2014   2 28  7 50 43 962130  -20.50746 -143.72530     8309  33.4  0  0  7 21 0 0 1 1 1 0 0 1 0 0 1 1 0 1
2014   2 28  7 50 44 298107    4.63824  -83.81168     5557  42.6  1  0  6 15 0 0 1 1 0 0 0 0 0 1 1 1 0 1
2014   2 28  7 50 44 509972   -6.02548    8.89248     8880  43.1  0  0  7 21 0 0 1 1 1 0 0 1 0 0 1 1 0 1
2014   2 28  7 50 44 593376   -7.93389    5.29810    35049  28.4  0  0  5 10 0 0 1 1 1 0 0 0 0 0 1 0 0 1
2014   2 28  7 50 44 808760    4.83601  -72.43330    21180  43.7  1  0  5 10 0 0 0 1 1 0 0 1 0 0 1 0 0 1
2014   2 28  7 50 45 396860  -22.37525 -140.88373    15322  44.5  1  0  5 10 0 0 1 1 0 0 0 1 0 0 0 1 0 1
2014   2 28  7 50 45 521748  -22.39133 -140.81297    11878  45.6  0  0  7 20 0 0 1 1 1 0 0 1 0 0 1 1 0 1
2014   2 28  7 50 45 681405  -30.18467  -41.71775     3343  34.6  0  0  7 21 0 0 1 1 1 0 0 1 0 1 1 0 0 1
2014   2 28  7 50 45 696366  -30.19880  -41.69484     4206  38.3  0  0  6 15 0 0 1 1 1 0 0 1 0 0 1 0 0 1
2014   2 28  7 50 46  45430  -22.49424 -140.90527    13861  52.8  1  0  6 15 0 0 1 1 1 0 0 1 0 0 0 1 0 1
2014   2 28  7 50 46 746686    4.30142    4.11072    83759  51.5  2  0  5 10 0 0 0 1 1 0 0 1 0 0 1 0 0 1
2014   2 28  7 50 47 367580  -11.31209  172.84398    40334  58.1  2  0  5  8 0 0 1 1 0 0 0 0 0 0 1 1 0 1
2014   2 28  7 50 47 730441  -31.29696 -131.92310    47926  60.4  2  0  5 10 0 0 1 1 0 0 0 1 0 0 1 0 0 1
2014   2 28  7 50 47 760563  -31.16105 -132.28195    13060  62.7  1  0  7 21 0 0 1 1 1 0 0 1 0 0 1 1 0 1
2014   2 28  7 50 47 810735  -31.17109 -133.78690    31483  59.5  2  0  5 10 0 0 0 1 0 0 0 1 0 0 1 1 0 1
2014   2 28  7 50 49 414223   -8.01385  -61.91025     4715  84.6  2  0  6 15 0 0 1 1 0 0 0 1 0 1 0 1 0 1
2014   2 28  7 50 49 475264  -22.87487  -45.79182     4493  79.5  2  0  6 15 0 0 1 1 1 0 0 1 0 0 1 0 0 1
2014   2 28  7 50 49 642927  -22.88559  -45.75145     4542  80.5  2  0  6 15 0 0 1 1 1 0 0 1 0 0 1 0 0 1
2014   2 28  7 50 50  54436   -5.63599  -62.64075     9088 122.0  2  0  6 15 0 0 0 1 1 0 0 0 0 1 1 1 0 1
2014   2 28  7 50 50 325382   -4.74359  145.15381     5706   0.5  0  0  4  6 0 0 1 0 0 0 0 1 0 0 1 1 0 0
2014   2 28  7 50 52 417622  -12.01078  -71.68952     4573  84.7  2  0  7 21 0 0 1 0 1 0 0 1 0 1 1 1 0 1
2014   2 28  7 50 52 443972  -11.95486  -72.11646     5747  93.8  2  0  6 15 0 0 1 1 0 0 0 1 0 0 1 1 0 1
2014   2 28  7 50 52 480551  -31.47318  -41.91269    10243  42.6  1  0  5  8 0 0 0 0 1 0 0 1 0 1 1 1 0 0
2014   2 28  7 50 52 615768  -12.01418  -71.70595     4644  87.1  2  0  7 21 0 0 1 0 1 0 0 1 0 1 1 1 0 1
2014   2 28  7 50 52 693512  -12.40137  -71.19359     5828  63.7  2  0  6 15 0 0 1 0 1 0 0 1 0 1 1 0 0 1
2014   2 28  7 50 52 710100  -31.81580  -41.49754     5512  24.5  0  0  5 10 0 0 0 1 1 0 0 1 0 0 1 0 0 1
2014   2 28  7 50 52 818485  -11.99916  -71.99000     5572 120.8  2  0  7 21 0 0 1 1 0 0 0 1 0 1 1 1 0 1
2014   2 28  7 50 52 877710  -12.01177  -71.71117     4679  88.2  2  0  7 21 0 0 1 0 1 0 0 1 0 1 1 1 0 1
2014   2 28  7 50 54 284266  -21.60132  -46.15120     4824  98.0  2  0  6 15 0 0 1 1 1 0 0 1 0 0 1 0 0 1
2014   2 28  7 50 54 427227    4.12619  150.26462    10411  48.7  1  0  5 10 0 0 1 1 0 0 0 1 0 0 1 1 0 0
2014   2 28  7 50 54 672265   -2.56745 -102.51580    11910 122.4  2  0  7 21 0 0 1 1 1 0 0 1 0 0 1 1 0 1
2014   2 28  7 50 54 868442   -2.68995 -109.00907    34775  66.1  2  0  5 10 0 0 0 1 1 0 0 1 0 0 0 1 0 1
2014   2 28  7 50 55 571553    0.99152  -14.89088     3924  10.9  0  0  5 10 0 0 1 0 0 0 0 0 1 1 0 1 0 1
2014   2 28  7 50 55 730415  -12.92181  157.80867    19014 121.2  2  0  7 21 0 0 1 1 1 0 0 1 0 1 1 1 0 0
2014   2 28  7 50 55 735065  -33.02070   18.18395    36968 123.8  2  0  6 15 0 0 1 1 1 0 0 1 0 0 1 0 0 1
2014   2 28  7 50 55 797801  -12.63357  156.79710    14243  95.0  2  0  7 21 0 0 1 0 1 0 0 1 0 1 1 1 0 1
2014   2 28  7 50 56 261110  -13.32212  157.64119     6199  19.1  0  0  6 15 0 0 1 1 1 0 0 1 0 0 1 1 0 0
2014   2 28  7 50 56 606652  -21.30685  -46.80379     2313   9.4  0  0  7 19 0 0 0 1 1 0 0 1 0 1 1 1 0 1
2014   2 28  7 50 56 704508   -8.60703  152.58301    48034  13.7  0  0  5 10 0 0 1 1 1 0 0 1 0 0 0 0 0 1
2014   2 28  7 50 56 980346  -21.32059  -46.78293     2383   2.8  0  0  6 14 0 0 1 1 1 0 0 1 0 0 1 0 0 1
2014   2 28  7 50 57     98  -21.32071  -46.79224     2394   8.6  0  0  7 17 0 0 1 1 1 0 0 1 0 1 1 0 0 1
2014   2 28  7 50 57  64069  -21.30935  -46.78450     2520  12.1  0  0  6 15 0 0 1 0 1 0 0 1 0 0 1 1 0 1
2014   2 28  7 50 57 165384    6.79686  151.14381     5285   3.2  0  0  5 10 0 0 0 1 1 0 0 1 0 0 0 1 0 1
2014   2 28  7 50 57 271026  -21.27431  -46.52842     3863  43.9  1  0  5 10 0 0 0 1 1 0 0 1 0 0 1 0 0 1
2014   2 28  7 50 57 373585  -21.23152  -46.43354     2409   6.4  0  0  6 15 0 0 1 1 1 0 0 1 0 0 1 0 0 1
2014   2 28  7 50 57 522961  -12.42599  -71.56211     3453  17.9  0  0  6 14 0 0 1 1 1 0 0 1 0 1 0 0 0 1
2014   2 28  7 50 57 643484  -30.55393  -41.82698     2716  15.5  0  0  7 20 0 0 1 1 1 0 0 1 0 0 1 1 0 1
2014   2 28  7 50 57 799669  -12.38426  -71.74458     3110  18.9  0  0  7 20 0 0 0 1 1 0 0 1 0 1 1 1 0 1
2014   2 28  7 50 58  65610  -12.39749  -71.78635     3271  23.0  0  0  7 21 0 0 0 1 1 0 0 1 0 1 1 1 0 1
2014   2 28  7 50 58 190134  -12.33633  -71.66978     2902  18.3  0  0  6 15 0 0 1 1 1 0 0 0 0 0 1 1 0 1
2014   2 28  7 50 58 264703  -12.34709  -71.62264     2739  18.9  0  0  7 20 0 0 1 0 1 0 0 1 0 1 1 1 0 1
2014   2 28  7 50 58 299832  -12.33126  -71.68682     3302  16.7  0  0  5  9 0 0 1 1 0 0 0 0 0 0 1 1 0 1
2014   2 28  7 50 58 314040  -30.56907  -41.98448     2627  12.3  0  0  7 21 0 0 1 1 1 0 0 1 0 1 1 0 0 1
2014   2 28  7 50 58 434936  -12.32523  -71.67872     3570  15.4  0  0  5  8 0 0 1 1 1 0 0 0 0 0 1 1 0 0
2014   2 28  7 50 58 512188  -12.41804  -71.58353     3455  18.5  0  0  6 15 0 0 1 1 1 0 0 1 0 0 1 0 0 1
2014   2 28  7 50 58 631155   31.45594 -126.79827     6797  21.5  0  0  7 21 0 0 1 0 1 0 0 1 0 1 1 1 0 1
2014   2 28  7 50 58 769727  -19.68570 -141.64609     6754  15.9  0  0  6 15 0 0 1 1 0 0 0 1 0 0 1 1 0 1
2014   2 28  7 50 58 809001  -19.73350 -141.41533     8261  26.9  0  0  6 15 0 0 1 1 1 0 0 1 0 1 0 1 0 0
2014   2 28  7 50 58 837979  -19.64415 -142.11537    14484   9.8  0  0  4  6 0 0 0 1 0 0 0 1 0 0 1 1 0 0
2014   2 28  7 50 58 887155  -19.73527 -141.25806     9039  26.2  0  0  6 15 0 0 1 1 0 0 0 0 0 1 1 1 0 1
2014   2 28  7 50 58 920106  -19.65638 -142.26569    12248  16.1  0  0  5 10 0 0 0 1 0 0 0 1 0 0 1 1 0 1
2014   2 28  7 50 58 975682  -19.77506 -141.16183     7569  20.1  0  0  6 15 0 0 1 0 1 0 0 1 0 1 0 1 0 1
2014   2 28  7 51  2 840714  -30.48058  -41.54565     5111  41.6  1  0  5 10 0 0 1 1 1 0 0 0 0 0 1 0 0 1
2014   2 28  7 51  2 855202  -30.48168  -41.54198     4229  37.4  0  0  6 15 0 0 1 1 1 0 0 1 0 0 1 0 0 1
2014   2 28  7 51  2 984043   -0.39916   -8.30536    15616  44.4  1  0  5  8 0 0 1 1 0 0 0 1 0 0 0 1 0 1
2014   2 28  7 51  3  29966  -30.52090  -41.48848     5284  38.2  1  0  5 10 0 0 1 1 0 0 0 1 0 0 1 0 0 1
2014   2 28  7 51  3  47763  -30.47745  -41.55517     5202  42.8  1  0  5 10 0 0 1 1 1 0 0 0 0 0 1 0 0 1
2014   2 28  7 51  3 234324    8.75762  -72.79769     8571  24.0  0  0  5 10 0 0 1 0 1 0 0 1 0 0 1 0 0 1
2014   2 28  7 51  4 143910  -10.80348  -57.78116     5371  64.3  2  0  6 11 0 0 0 1 1 0 0 1 0 0 1 1 0 1
2014   2 28  7 51  4 736861    6.95868  -77.42009     6906  63.2  2  0  6 13 0 0 1 0 1 0 0 1 0 1 1 1 0 0
2014   2 28  7 51  6  55063  -10.09681    4.17642    54519  53.7  2  0  5 10 0 0 1 1 1 0 0 0 0 0 1 0 0 1
2014   2 28  7 51  6 801524   13.33372 -125.75974    16399  48.5  1  0  5 10 0 0 1 1 0 0 0 1 0 0 1 1 0 0
2014   2 28  7 51  7 625858   -4.47360  -71.75153     4635  76.2  2  0  7 21 0 0 1 0 1 0 0 1 0 1 1 1 0 1
2014   2 28  7 51  7 945335   -4.41513  -72.03478     4841  89.8  2  0  7 21 0 0 1 1 1 0 0 1 0 0 1 1 0 1
2014   2 28  7 51 11 188818  -30.08114  -42.07636     7011  89.1  2  0  6 15 0 0 1 1 1 0 0 1 0 0 1 0 0 1
2014   2 28  7 51 11 362446   10.97988  -65.57995     4823  26.1  0  0  5 10 0 0 1 0 1 0 0 0 0 0 1 1 0 1
2014   2 28  7 51 11 911074  -21.66638  167.15717   100986 112.0  2  0  7 21 0 0 1 1 1 0 0 1 0 1 1 0 0 1
2014   2 28  7 51 11 987631  -12.63253  157.02451    16787  96.7  2  0  6 15 0 0 1 1 0 0 0 1 0 0 1 1 0 1
2014   2 28  7 51 12  71699  -10.83998  -57.16808     5246   5.8  0  0  4  6 0 0 1 1 0 0 0 0 0 0 1 0 0 1
2014   2 28  7 51 12 389665  -23.45046  -45.70314     2837  20.4  0  0  6 15 0 0 0 1 0 0 0 1 0 1 1 1 0 1
2014   2 28  7 51 12 495023  -13.34871  157.53563    10827  22.7  0  0  5  9 0 0 1 1 0 0 0 1 0 0 1 1 0 0
2014   2 28  7 51 12 579362  -23.45112  -45.70842     2873  20.2  0  0  6 14 0 0 0 1 0 0 0 1 0 1 1 1 0 1
2014   2 28  7 51 12 626741   -0.30204  150.98697     4424  22.7  0  0  7 21 0 0 1 1 1 0 0 1 0 1 1 1 0 0
2014   2 28  7 51 12 861707   -0.81369  153.23172    20386  17.4  0  0  5 10 0 0 1 1 1 0 0 0 0 0 1 1 0 0
2014   2 28  7 51 14 294768    4.60454  -73.42362     3236  23.4  0  0  7 19 0 0 1 1 1 0 0 1 0 0 1 1 0 1
2014   2 28  7 51 14 572871  -31.34265 -132.54008    11118  19.7  0  0  6 15 0 0 0 1 1 0 0 1 0 0 1 1 0 1
2014   2 28  7 51 14 580045  -31.27033 -131.55760     7993  21.8  0  0  6 15 0 0 1 1 0 0 0 1 0 0 1 1 0 1
2014   2 28  7 51 15  37106    5.87737  -73.41708     9662  15.2  0  0  5 10 0 0 1 1 1 0 0 0 0 0 1 0 0 1
2014   2 28  7 51 15  82329    9.60100  -64.47794     8343 107.2  2  0  6 12 0 0 0 0 1 0 0 1 0 1 1 1 0 1
2014   2 28  7 51 15 494736   -3.50096  -71.55232     3533  35.8  0  0  6 15 0 0 1 1 0 0 0 1 0 1 0 1 0 1
2014   2 28  7 51 15 508641   -3.52383  -71.59911     4036  19.1  0  0  5 10 0 0 0 0 1 0 0 1 0 0 1 1 0 1
2014   2 28  7 51 15 657856   -3.46203  -71.58134     3130  32.7  0  0  7 21 0 0 1 1 1 0 0 1 0 0 1 1 0 1
2014   2 28  7 51 15 999244  -27.55232 -143.64134    55124  27.6  1  0  4  6 0 0 0 1 0 0 0 0 0 0 1 1 0 1
2014   2 28  7 51 16  32713  -27.65949 -140.55682    16725  32.7  1  0  5 10 0 0 1 1 0 0 0 0 0 0 1 1 0 1
2014   2 28  7 51 17 218736  -20.67525  -48.42092     3735  42.7  1  0  6 12 0 0 1 1 1 0 0 1 0 0 1 0 0 1
2014   2 28  7 51 17 556177   -4.80777  145.36803     7703  66.3  1  0  7 18 0 0 1 1 1 0 0 1 0 0 1 1 0 1
2014   2 28  7 51 18 678480    5.20630  -73.10690     6599  55.4  1  0  6 14 0 0 0 1 1 0 0 1 0 0 1 1 0 1
2014   2 28  7 51 19 226365    7.03396  -73.91985     4653  60.1  1  0  7 21 0 0 1 1 1 0 0 1 0 0 1 1 0 1
2014   2 28  7 51 19 655500  -20.83593  -47.40802     5382  63.1  2  0  5  9 0 0 0 1 1 0 0 1 0 0 1 0 0 1
2014   2 28  7 51 19 734548  -20.85248  -47.55995     6474  57.2  2  0  5  7 0 0 0 1 1 0 0 1 0 0 1 0 0 1
2014   2 28  7 51 21 368247    7.49275  149.59630     7435   8.8  0  0  4  6 0 0 1 1 0 0 0 1 0 0 0 1 0 0
2014   2 28  7 51 21 797244  -33.73040  -38.83431     5137  63.4  1  0  7 21 0 0 1 1 1 0 0 1 0 1 1 0 0 1
2014   2 28  7 51 21 936183  -33.85987  -38.57008     8057  61.4  2  0  5 10 0 0 1 1 0 0 0 1 0 0 1 0 0 1
2014   2 28  7 51 22 213189  -32.62840  -39.76372     5350  45.3  0  0  7 20 0 0 0 1 1 0 0 1 0 1 1 1 0 1
2014   2 28  7 51 22 255066  -33.74622  -38.87415     5237  65.5  1  0  7 21 0 0 1 1 1 0 0 1 0 1 1 0 0 1
2014   2 28  7 51 22 292144  -33.80073  -38.34497     7021  73.4  2  0  7 21 0 0 1 0 1 0 0 1 0 1 1 1 0 1
2014   2 28  7 51 22 425685  -33.77361  -39.21254     4077   1.0  0  0  4  6 0 0 1 1 1 0 0 1 0 0 0 0 0 0
2014   2 28  7 51 22 467812  -33.95093  -38.62182     8891  76.1  2  0  5 10 0 0 1 1 1 0 0 0 0 0 1 0 0 1
2014   2 28  7 51 22 499695  -33.04355  -39.66138     7084  55.2  1  0  6 15 0 0 1 0 1 0 0 0 0 1 1 1 0 1
2014   2 28  7 51 22 531333  -32.98129  -40.49420     6623  70.5  2  0  6 15 0 0 1 1 1 0 0 1 0 0 1 0 0 1
2014   2 28  7 51 22 568182  -31.97155  -41.34196     5691  22.9  0  0  5 10 0 0 0 1 0 0 0 1 0 1 1 0 0 1
2014   2 28  7 51 22 743559  -32.96846  -40.49928     6706  72.0  2  0  6 15 0 0 1 1 1 0 0 1 0 0 1 0 0 1
2014   2 28  7 51 22 754487  -32.97333  -40.50871     6749  72.6  2  0  6 15 0 0 1 1 1 0 0 1 0 0 1 0 0 1
2014   2 28  7 51 22 784192  -32.98222  -40.49852     6751  72.4  2  0  6 15 0 0 1 1 1 0 0 1 0 0 1 0 0 1
2014   2 28  7 51 23  66630  -24.87110  -45.18560     5534  51.4  2  0  5  8 0 0 1 1 1 0 0 1 0 0 0 0 0 1
2014   2 28  7 51 23 370285  -24.92544  -45.04000     5809  52.1  2  0  5 10 0 0 1 0 1 0 0 1 0 0 1 0 0 1
2014   2 28  7 51 23 510915   -8.24398  159.90103   116498  94.2  2  0  6 15 0 0 1 1 1 0 0 1 0 0 1 0 0 1
2014   2 28  7 51 23 749107   -7.04695    7.72287    30186  90.9  2  0  6 15 0 0 1 1 1 0 0 1 0 0 1 0 0 1
2014   2 28  7 51 23 889596   -0.72327  -16.31084     5768  58.3  1  0  6 15 0 0 1 0 1 0 0 1 1 0 1 0 0 1
2014   2 28  7 51 24 611454  -29.83544  -42.14365     7083 107.0  2  0  6 14 0 0 1 1 0 0 0 0 0 1 1 1 0 1
2014   2 28  7 51 24 674813  -29.87136  -42.45606     4029  60.3  1  0  7 21 0 0 1 1 1 0 0 1 0 1 0 1 0 1
2014   2 28  7 51 24 714036  -29.18539  -42.85366     5570  18.8  0  0  5 10 0 0 0 0 1 0 0 1 0 1 1 0 0 1
2014   2 28  7 51 24 768227  -29.18137  -42.69891     4526  52.4  1  0  7 21 0 0 0 1 1 0 0 1 0 1 1 1 0 1
2014   2 28  7 51 24 837788  -29.44184  -42.55391    10738  33.0  0  0  6 11 0 0 0 1 1 0 0 1 0 1 0 1 0 1
2014   2 28  7 51 24 877914  -29.98022  -41.24378     7332  65.1  2  0  6 15 0 0 1 0 1 0 0 0 0 1 1 1 0 1
2014   2 28  7 51 25 694208  -33.29531   19.97866    26051 128.7  2  0  7 20 0 0 1 1 1 0 0 1 0 0 1 1 0 1
2014   2 28  7 51 27 465360  -24.31113  -45.60077     4665 102.4  2  0  7 21 0 0 1 1 1 0 0 1 0 0 1 1 0 1
2014   2 28  7 51 28 508709  -12.39985  156.18959    29934  16.2  0  0  5 10 0 0 1 0 1 0 0 0 0 0 1 1 0 1
2014   2 28  7 51 28 620788  -13.20725  157.52316     5522  16.1  0  0  6 15 0 0 0 1 1 0 0 1 0 0 1 1 0 1
2014   2 28  7 51 29 441246  -31.79228  -41.41590     2941  14.7  0  0  6 15 0 0 1 1 1 0 0 1 0 1 1 0 0 0
2014   2 28  7 51 30 111455  -22.78793  -45.82652     2704  20.5  0  0  6 15 0 0 1 1 1 0 0 1 0 0 1 0 0 1
2014   2 28  7 51 30 862057   -6.32846    8.14854     8642  16.4  0  0  6 15 0 0 1 1 1 0 0 1 0 0 1 0 0 1
2014   2 28  7 51 31 343360    2.90370  -69.38489     2877  24.7  0  0  7 21 0 0 1 1 1 0 0 0 0 0 1 1 1 1
2014   2 28  7 51 31 626714  -13.24198  157.41357     5799  27.2  0  0  7 21 0 0 1 1 1 0 0 1 0 0 1 1 0 1
2014   2 28  7 51 32  45382  -20.76504  -47.42700     3690  33.2  1  0  5 10 0 0 1 1 1 0 0 1 0 0 1 0 0 0
2014   2 28  7 51 32 341517  -16.49948  -52.01203     3333  41.6  0  0  7 16 0 0 0 1 1 0 0 1 0 1 1 1 0 1
2014   2 28  7 51 32 378248  -21.17372  -47.39724     2927  44.7  0  0  7 19 0 0 1 1 1 0 0 1 0 1 0 1 0 1
2014   2 28  7 51 32 430265  -21.17856  -47.29686     3688  25.4  0  0  5  7 0 0 1 1 1 0 0 1 0 0 0 0 0 1
2014   2 28  7 51 32 467838  -16.49125  -51.96731     2936  41.1  0  0  7 20 0 0 1 1 1 0 0 1 0 0 1 1 0 1
2014   2 28  7 51 32 488321  -16.51785  -52.03965     3526  39.4  0  0  6 11 0 0 0 1 0 0 0 1 0 1 1 1 0 1
2014   2 28  7 51 32 551578  -21.16376  -47.41216     3432  54.8  1  0  6 14 0 0 0 1 0 0 0 1 0 1 1 1 0 1
2014   2 28  7 51 32 985144  -21.25196  -47.35742     4533  35.4  1  0  5  8 0 0 1 1 1 0 0 1 0 0 0 0 0 1
2014   2 28  7 51 34 920351    5.78038  -83.14860     6928  49.9  1  0  5 10 0 0 1 1 0 0 0 1 0 0 0 1 0 1
2014   2 28  7 51 34 929574    5.72315  -83.05993     6186  58.7  1  0  6 15 0 0 1 1 1 0 0 1 0 0 0 1 0 1
2014   2 28  7 51 35  34685    5.53211  -82.26620     6121  65.6  1  0  7 21 0 0 1 0 1 0 0 1 0 1 1 1 0 1
2014   2 28  7 51 35  80864    5.77982  -83.47539    16840  62.6  2  0  5 10 0 0 0 1 1 0 0 0 0 0 1 1 0 1
2014   2 28  7 51 35  87742    5.65131  -83.02897     6063  71.5  2  0  7 21 0 0 1 1 1 0 0 1 0 1 0 1 0 1
2014   2 28  7 51 35 269024  -29.83103  -42.46566     3444  15.3  0  0  6 15 0 0 0 1 1 0 0 1 0 1 1 0 0 1
2014   2 28  7 51 35 814940    0.44580    0.47768    23702  56.6  1  0  6 15 0 0 1 1 1 0 0 1 0 0 1 0 0 1
2014   2 28  7 51 35 883082    0.35063    0.34060    34232  62.7  2  0  5 10 0 0 1 1 1 0 0 1 0 0 0 0 0 1
2014   2 28  7 51 35 953866    0.41720    0.42649    24144  57.8  1  0  6 15 0 0 1 1 1 0 0 1 0 0 1 0 0 1
2014   2 28  7 51 36  16249  -12.28114  -71.62482     3863  61.7  1  0  7 21 0 0 1 0 1 0 0 1 0 1 1 1 0 1
2014   2 28  7 51 36 117389  -12.24733  -71.76097     5449  86.2  2  0  6 15 0 0 1 1 0 0 0 0 0 1 1 1 0 1
2014   2 28  7 51 36 153010  -12.37162  -72.04195     6275  81.0  2  0  7 21 0 0 0 1 1 0 0 1 0 1 1 1 0 1
2014   2 28  7 51 36 195851  -12.56844  -72.56365     8637  50.1  2  0  5 10 0 0 0 1 1 0 0 1 0 0 0 1 0 1
2014   2 28  7 51 36 242828  -13.21989  -70.82561    13019  70.6  2  0  6 15 0 0 1 1 1 0 0 0 0 1 1 0 0 1
2014   2 28  7 51 36 275486  -12.23713  -71.80473     4993  73.4  2  0  6 15 0 0 1 1 1 0 0 0 0 0 1 1 0 1
2014   2 28  7 51 36 497373    2.62919  -96.81767    14899  68.1  2  0  6 15 0 0 0 1 1 0 0 1 0 0 1 1 0 1
2014   2 28  7 51 36 881076  -12.19087  -71.80690     4230  75.1  2  0  7 21 0 0 1 1 1 0 0 1 0 0 1 1 0 1
2014   2 28  7 51 36 934981  -12.36583  -71.72153     6775  64.5  2  0  6 14 0 0 1 1 1 0 0 1 0 0 1 0 0 1
2014   2 28  7 51 37 142374  -12.26745  -71.61802     4058  68.4  1  0  7 21 0 0 1 0 1 0 0 1 0 1 1 1 0 1
2014   2 28  7 51 37 218345  -12.32909  -72.11388     6939  78.1  2  0  6 15 0 0 0 1 1 0 0 1 0 0 1 1 0 1
2014   2 28  7 51 37 632562  -25.79412  -44.30603     6097  43.3  1  0  5 10 0 0 1 0 1 0 0 1 0 0 1 0 0 1
2014   2 28  7 51 37 669567  -14.24458  -69.97919     8038  27.5  0  0  5 10 0 0 1 1 1 0 0 0 0 1 0 0 0 1
2014   2 28  7 51 37 928708  -11.79829  -71.09464     7229  39.1  1  0  5 10 0 0 0 0 1 0 0 0 0 1 1 1 0 1
2014   2 28  7 51 37 982121  -11.96162  -71.70589     4124  36.9  1  0  5 10 0 0 1 0 1 0 0 0 0 0 1 1 0 1
2014   2 28  7 51 38  11672  -12.03962  -71.99208     4897  98.4  2  0  7 21 0 0 1 1 0 0 0 1 0 1 1 1 0 1
2014   2 28  7 51 38  53818  -12.07101  -71.97874     6239 111.2  2  0  6 15 0 0 1 1 1 0 0 1 0 1 0 1 0 0
2014   2 28  7 51 38  86757  -30.07513  -42.18678     3539   1.0  0  0  4  6 0 0 1 1 1 0 0 1 0 0 0 0 0 0
2014   2 28  7 51 38 402573  -25.13042  -44.81968     6839  33.5  1  0  5  9 0 0 0 1 1 0 0 1 0 1 0 0 0 1
2014   2 28  7 51 38 461165  -12.04370  -71.76830     4316  76.8  2  0  7 21 0 0 1 0 1 0 0 1 0 1 1 1 0 1
2014   2 28  7 51 38 624380  -25.27765  -44.79060     3838  36.2  1  0  5 10 0 0 1 1 1 0 0 1 0 0 0 0 0 1
2014   2 28  7 51 38 632403  -25.27942  -44.60393     5889  43.7  1  0  5  9 0 0 1 0 1 0 0 1 0 0 1 0 0 1
2014   2 28  7 51 39 404669  -23.14119 -138.28909    36532 102.0  2  0  7 21 0 0 1 1 1 0 0 1 0 1 1 0 0 1
2014   2 28  7 51 39 414236  -22.73663 -139.77524    44747  89.8  2  0  6 15 0 0 1 1 1 0 0 1 0 0 1 0 0 1
2014   2 28  7 51 39 503208  -30.44663  -41.66968     7525  72.6  2  0  5 10 0 0 1 1 1 0 0 1 0 0 1 0 0 0
2014   2 28  7 51 39 557826  -16.35819  -52.00791     3926  89.4  2  0  7 21 0 0 1 0 1 0 0 1 0 1 1 1 0 1
2014   2 28  7 51 39 596658  -21.79923 -142.56215    15157  38.1  1  0  5 10 0 0 1 1 0 0 0 1 0 0 1 1 0 0
2014   2 28  7 51 40 940138  -32.42646  -40.75261     4624  12.9  0  0  5 10 0 0 0 1 1 0 0 1 0 0 1 0 0 1
2014   2 28  7 51 40 968441  -33.52472  -40.43967     3688  10.7  0  0  5 10 0 0 1 1 1 0 0 1 0 0 0 0 0 1
2014   2 28  7 51 42  57655  -21.35868  -46.37934     4644 137.2  2  0  7 21 0 0 1 1 1 0 0 0 0 1 1 1 0 1
2014   2 28  7 51 42 667153  -21.43171  -46.41106     4693 141.8  2  0  7 20 0 0 0 1 1 0 0 1 0 1 1 1 0 1
2014   2 28  7 51 42 716375  -20.73709  -47.54755     4780 146.0  2  0  7 20 0 0 0 1 1 0 0 1 0 1 1 1 0 1
2014   2 28  7 51 44 622681    6.07669  -77.46140     6612  13.9  0  0  5  7 0 0 0 1 0 0 0 1 0 0 1 1 0 1
2014   2 28  7 51 45  72092    3.41281  145.18320     8477  39.1  1  0  5 10 0 0 0 1 1 0 0 0 0 1 0 1 0 1
2014   2 28  7 51 45 161566  -13.16312  157.24532     6598  24.0  0  0  6 15 0 0 1 1 0 0 0 1 0 0 1 1 0 1
2014   2 28  7 51 45 213727  -13.17820  157.32712     7741  19.9  0  0  5 10 0 0 1 1 0 0 0 1 0 0 1 1 0 0
2014   2 28  7 51 45 265800  -12.75747  156.79680     5442  23.5  0  0  7 20 0 0 1 1 1 0 0 1 0 1 0 1 0 1
2014   2 28  7 51 45 306679  -13.17556  157.22090     6485  24.9  0  0  6 15 0 0 1 1 1 0 0 1 0 0 0 1 0 1
2014   2 28  7 51 45 547099   -9.54251  153.24263    64938  26.7  0  0  5 10 0 0 1 0 1 0 0 1 0 0 1 0 0 1
2014   2 28  7 51 45 563969    7.24806  -77.22476     3474  25.1  0  0  7 21 0 0 1 1 0 0 0 1 0 1 1 1 0 1
2014   2 28  7 51 46  86556    5.86496  -72.44091     4894  23.7  0  0  5  8 0 0 0 1 1 0 0 1 0 0 1 1 0 0
2014   2 28  7 51 46 258140  -22.88862  -45.77703     3348  44.2  1  0  6 14 0 0 1 1 1 0 0 1 0 0 1 0 0 1
2014   2 28  7 51 46 285484  -22.82006  -45.77068     2846  25.6  0  0  6 14 0 0 1 1 1 0 0 1 0 0 1 0 0 1
2014   2 28  7 51 46 485419  -33.09023  -40.23296     5515  20.5  1  0  4  6 0 0 1 1 1 0 0 1 0 0 0 0 0 0
2014   2 28  7 51 46 534063  -30.26987  -41.53233     4808  34.8  0  0  6 15 0 0 1 0 1 0 0 1 0 0 1 1 0 1
2014   2 28  7 51 46 936042  -23.59208  -45.76403     4250  35.2  1  0  5  8 0 0 1 1 1 0 0 1 0 0 0 0 0 1
2014   2 28  7 51 47 353014  -23.38289  -45.84100     4888  42.0  1  0  5  9 0 0 1 1 1 0 0 0 0 0 1 0 0 1
2014   2 28  7 51 47 547384   -3.90109  -71.48977     5430  36.8  1  0  5  9 0 0 1 1 1 0 0 0 0 0 1 1 0 0
2014   2 28  7 51 47 637589  -21.31158  -46.38353     3573  26.6  0  0  5  8 0 0 0 1 1 0 0 1 0 0 1 0 0 1
2014   2 28  7 51 47 906065   -4.10584  -71.92342     3802  18.3  0  0  6 15 0 0 0 1 1 0 0 1 0 1 0 1 0 1
2014   2 28  7 51 47 913819    3.68834  -89.45578     5047  44.4  0  0  7 20 0 0 1 1 0 0 0 1 0 1 1 1 0 1
2014   2 28  7 51 47 971410    2.96057    0.87807    14513  27.2  0  0  5  7 0 0 1 1 0 0 0 0 0 0 1 1 0 1
2014   2 28  7 51 48  30713    2.31909   -0.19731    15909  31.7  0  0  6 15 0 0 1 1 1 0 0 1 0 0 1 0 0 1
2014   2 28  7 51 48 348944   -4.13073  -71.32294     3795  46.4  0  0  7 21 0 0 1 1 1 0 0 0 0 1 1 1 0 1
2014   2 28  7 51 48 375253   -4.05466  -71.57417     4392  43.6  1  0  6 13 0 0 1 1 1 0 0 1 0 0 1 1 0 0
2014   2 28  7 51 49 262226    2.85980    3.98868    23524  50.3  2  0  5  8 0 0 1 0 1 0 0 1 0 0 1 1 0 0
2014   2 28  7 51 49 773304  -21.34907  -46.06909     3266  37.5  0  0  6 12 0 0 1 1 1 0 0 0 0 1 1 0 0 1
2014   2 28  7 51 49 813248    3.25576  -85.02305     9010  42.7  1  0  5  8 0 0 1 0 0 0 0 1 0 0 1 1 0 1
2014   2 28  7 51 49 962284  -21.42240  -46.17924     3438  67.7  1  0  7 21 0 0 1 1 1 0 0 1 0 0 1 1 0 1
2014   2 28  7 51 50  26640  -19.56439 -141.83771    12034  60.0  1  0  7 21 0 0 1 1 1 0 0 1 0 1 1 1 0 0
2014   2 28  7 51 50  69355  -19.53649 -142.11748    15013  58.9  1  0  6 15 0 0 1 1 1 0 0 1 0 0 0 1 0 1
2014   2 28  7 51 50 726051  -32.07870   17.90661    17493  53.6  1  0  6 15 0 0 1 1 1 0 0 1 0 0 1 0 0 1
2014   2 28  7 51 50 860413  -19.41586 -142.49725    14604  56.9  1  0  6 15 0 0 1 1 1 0 0 1 0 0 1 1 0 0
2014   2 28  7 51 50 934704   -4.62246  -71.70852     4106  57.6  1  0  7 21 0 0 1 0 1 0 0 1 0 1 1 1 0 1
2014   2 28  7 51 50 951587   -4.58417  -71.86227     3995  62.4  1  0  7 21 0 0 1 1 1 0 0 1 0 0 1 1 0 1
2014   2 28  7 51 50 993134  -20.84276  -47.36399     3389  48.4  1  0  6 15 0 0 1 1 1 0 0 1 0 0 1 0 0 1
2014   2 28  7 51 51  69863  -19.50530 -141.78156    25429  69.1  2  0  5 10 0 0 1 1 1 0 0 0 0 0 0 1 0 1
2014   2 28  7 51 51 147811    7.58964  -74.06458     6307  55.5  1  0  6 11 0 0 1 1 0 0 0 1 0 0 1 1 0 1
2014   2 28  7 51 51 218754    7.55644  -73.97695     5685  67.7  1  0  7 17 0 0 1 1 1 0 0 1 0 0 1 1 0 1
2014   2 28  7 51 51 648471  -21.26025  -46.48065     3660  63.4  2  0  6 15 0 0 1 1 0 0 0 1 0 1 1 0 0 1
2014   2 28  7 51 51 827312    6.49261  -77.91440     5420  60.9  1  0  7 21 0 0 1 0 1 0 0 1 0 1 1 1 0 1
2014   2 28  7 51 52  10451    6.60921  -78.17775     5524  70.3  2  0  7 21 0 0 1 1 1 0 0 1 0 0 1 1 0 1
2014   2 28  7 51 53 597663    4.31305  -73.31832     5433  71.8  2  0  7 20 0 0 1 0 1 0 0 1 0 1 1 1 0 1
2014   2 28  7 51 53 835231    4.43370  -73.39714     7446  93.6  2  0  6 13 0 0 1 1 1 0 0 1 0 0 0 1 0 1
2014   2 28  7 51 54 211533   36.23341 -162.09653    63703  83.9  2  0  6 14 0 0 0 0 1 0 0 1 0 1 1 1 0 1
2014   2 28  7 51 55 826553  -31.77545 -136.50235    21035  80.2  2  0  6 15 0 0 1 1 0 0 0 1 0 0 1 1 0 1
2014   2 28  7 51 55 884873  -31.79120 -136.50589    20999  80.2  2  0  6 15 0 0 1 1 0 0 0 1 0 0 1 1 0 1
2014   2 28  7 51 55 932930  -31.91086 -136.03036    20117  96.7  2  0  7 21 0 0 1 1 1 0 0 1 0 0 1 1 0 1
2014   2 28  7 51 56 502914  -21.40976 -146.81920    40152 100.3  2  0  6 15 0 0 0 1 1 0 0 1 0 1 0 1 0 1
2014   2 28  7 51 56 522539  -21.72675 -139.72981    21900  57.1  2  0  5 10 0 0 1 0 1 0 0 0 0 0 1 1 0 1
2014   2 28  7 51 56 534322  -21.53411 -141.94186    29854  81.5  2  0  5 10 0 0 1 0 1 0 0 1 0 0 1 1 0 0
2014   2 28  7 51 56 639508  -21.31268 -142.98871    23374  97.1  2  0  6 15 0 0 1 1 1 0 0 1 0 0 1 1 0 0
2014   2 28  7 51 56 763890  -30.69300 -134.56253    16349  42.7  1  0  5 10 0 0 1 1 0 0 0 1 0 0 1 1 0 0
2014   2 28  7 51 57 821431  -33.99480  -38.37426     8777  94.2  2  0  6 15 0 0 1 1 1 0 0 1 0 0 1 0 0 1
2014   2 28  7 51 58  29910  -33.95279  -38.31773     8445 116.8  2  0  7 20 0 0 1 1 1 0 0 1 0 0 1 1 0 1
2014   2 28  7 51 58 167662  -33.76504  -39.19023     4456   8.8  0  0  4  6 0 0 1 1 1 0 0 1 0 0 0 0 0 0
2014   2 28  7 51 58 184480  -33.76213  -39.18974     4441   8.6  0  0  4  6 0 0 1 1 1 0 0 1 0 0 0 0 0 0
2014   2 28  7 51 58 367334  -11.65559  -72.71522     5141  54.6  2  0  5 10 0 0 1 0 1 0 0 0 0 0 1 1 0 1
2014   2 28  7 51 58 396603  -11.78203  -72.88014     5223 101.5  2  0  7 21 0 0 1 0 1 0 0 1 0 1 1 1 0 1
2014   2 28  7 51 58 407027  -11.88940  -80.92408    20088  23.2  0  0  5  9 0 0 0 1 1 0 0 1 0 1 0 0 0 1
2014   2 28  7 51 58 497250  -11.77778  -73.22141     5964 128.2  2  0  7 21 0 0 1 1 1 0 0 1 0 0 1 1 0 1
2014   2 28  7 51 58 512231  -11.78049  -73.21813     5966 128.3  2  0  7 21 0 0 1 1 1 0 0 1 0 0 1 1 0 1
2014   2 28  7 51 59 328207  -11.79969  -73.30579     5994 125.2  2  0  7 21 0 0 1 0 0 0 0 1 0 1 1 1 1 1
2014   2 28  7 52  0 488417  -32.64396 -132.71373    14157   4.9  0  0  5 10 0 0 1 1 1 0 0 1 0 0 1 0 0 0
2014   2 28  7 52  0 771055  -32.40573 -134.42442    42300   3.6  0  0  5 10 0 0 0 1 1 0 0 1 0 0 1 0 0 1
2014   2 28  7 52  0 792814  -32.29993 -134.02963     6259  13.7  0  0  7 21 0 0 1 1 1 0 0 1 0 0 1 1 0 1
2014   2 28  7 52  0 896142  -22.64933 -140.84996     8692  10.0  0  0  6 15 0 0 0 1 1 0 0 1 0 1 1 1 0 0
2014   2 28  7 52  0 954058  -22.67012 -140.10260     5903  14.7  0  0  7 21 0 0 1 1 1 0 0 1 0 0 1 1 0 1
2014   2 28  7 52  0 997621  -22.64998 -140.53424    21414   1.3  0  0  4  6 0 0 0 1 0 0 0 0 0 0 1 1 0 1
2014   2 28  7 52  1 105962    1.76585  -84.24932     3218  18.1  0  0  7 21 0 0 1 1 1 0 0 1 0 0 1 1 0 1
2014   2 28  7 52  1 511384   -4.17173  -71.77264     2870  22.8  0  0  7 21 0 0 1 1 1 0 0 1 0 1 0 1 0 1
2014   2 28  7 52  1 561383   -4.15091  -71.68103     3077   8.4  0  0  5 10 0 0 1 0 1 0 0 0 0 0 1 1 0 1
2014   2 28  7 52  2 110363  -21.27930  -47.31102     2614  19.5  0  0  6 13 0 0 0 1 1 0 0 1 0 1 1 0 0 1
2014   2 28  7 52  2 148590  -21.20869  -47.30187     2552  25.5  0  0  7 20 0 0 1 1 1 0 0 0 0 1 1 1 0 1
2014   2 28  7 52  2 235374   20.81471 -113.91970    20604   3.6  0  0  4  6 0 0 0 1 1 0 0 1 0 0 0 1 0 0
2014   2 28  7 52  2 392352  -21.26050  -47.28651     2845  33.5  0  0  7 19 0 0 1 1 1 0 0 1 0 0 1 1 0 1
2014   2 28  7 52  2 587690  -20.99679 -138.61673    59800   9.9  0  0  4  6 0 0 1 1 0 0 0 0 0 0 1 0 0 1
2014   2 28  7 52  2 794970  -19.30845 -143.48206    18144  13.2  0  0  4  6 0 0 0 1 1 0 0 1 0 0 0 1 0 0
2014   2 28  7 52  2 922739    5.22362  -72.76109     3399  14.1  0  0  5  9 0 0 1 1 0 0 0 1 0 0 1 1 0 0
2014   2 28  7 52  3 692595   -1.01893  -72.06880     6037  25.7  0  0  5 10 0 0 1 1 1 0 0 1 0 0 0 0 0 1
2014   2 28  7 52  5 121635    4.46911  152.38455     8043  31.9  1  0  5 10 0 0 1 1 0 0 0 1 0 0 0 1 0 1
2014   2 28  7 52  5 209208   -8.22432    7.08957    37575  17.3  0  0  4  6 0 0 1 1 0 0 0 0 0 0 1 0 0 1
2014   2 28  7 52  5 749558  -33.05230  -40.31352     3665  36.6  0  0  7 21 0 0 1 1 1 0 0 1 0 1 1 0 0 1
2014   2 28  7 52  5 776850  -32.60376  -40.66191    14043  21.4  0  0  5  7 0 0 0 1 1 0 0 1 0 0 1 0 0 1
2014   2 28  7 52  6 206195   -5.92737    8.91121    10823  53.5  1  0  7 20 0 0 1 1 1 0 0 1 0 0 1 1 0 1
2014   2 28  7 52  6 405439   -6.49219    7.77608    18497  32.6  1  0  5 10 0 0 1 1 0 0 0 1 0 0 1 0 0 1
2014   2 28  7 52  6 646642  -20.81075  -47.31490     3191  40.8  1  0  6 15 0 0 1 1 1 0 0 1 0 0 1 0 0 1
2014   2 28  7 52  6 703073  -20.80606  -47.33450     3326  42.0  1  0  6 14 0 0 1 1 1 0 0 1 0 0 1 0 0 1
2014   2 28  7 52  6 748187  -20.71964  -47.42775     3487  72.9  2  0  7 21 0 0 1 1 1 0 0 1 0 0 1 1 0 1
2014   2 28  7 52  6 793966  -20.74277  -47.48755     4411  65.7  2  0  6 13 0 0 1 1 1 0 0 1 0 0 1 1 0 0
2014   2 28  7 52  6 825651  -20.77956  -47.42152     3051  56.6  1  0  7 21 0 0 1 1 1 0 0 1 0 1 1 0 0 1
2014   2 28  7 52  6 899838  -20.81503  -47.31527     3244  42.8  1  0  6 15 0 0 1 1 1 0 0 1 0 0 1 0 0 1
2014   2 28  7 52  6 932786  -20.82288  -47.40043     5227  44.7  1  0  5  8 0 0 1 1 1 0 0 1 0 0 0 0 0 1
2014   2 28  7 52  6 985767  -30.05945  -42.11089     5113  79.2  2  0  7 20 0 0 1 1 0 0 0 1 0 1 1 1 0 1
2014   2 28  7 52  7  12728  -30.16071  -41.75120     4187  38.4  0  0  6 15 0 0 1 1 1 0 0 1 0 0 1 0 0 1
2014   2 28  7 52  7  91870  -30.11641  -41.95250     2778  12.3  0  0  6 15 0 0 1 1 1 0 0 1 0 1 0 0 0 1
2014   2 28  7 52  7 195175  -20.82472  -47.40372     5399  47.2  1  0  5  8 0 0 1 1 1 0 0 1 0 0 0 0 0 1
2014   2 28  7 52  7 448825  -30.09654  -41.99351     3265   3.7  0  0  4  6 0 0 1 1 0 0 0 0 0 1 0 0 0 1
2014   2 28  7 52  7 503417  -30.13828  -41.77483     4314  40.7  1  0  6 15 0 0 1 1 1 0 0 1 0 0 1 0 0 1
2014   2 28  7 52  8  84874  -21.05563  -46.02337     3855  10.1  0  0  4  6 0 0 1 0 0 0 0 0 0 1 1 0 0 1
2014   2 28  7 52  8 239912  -21.66451  -46.04813     3891  27.1  0  0  5  7 0 0 1 1 1 0 0 0 0 0 1 0 0 1
2014   2 28  7 52  8 941576  -13.02557  157.62534    14455  65.4  1  0  7 18 0 0 1 1 0 0 0 1 0 1 1 1 0 1
2014   2 28  7 52  8 958148  -12.33294  156.83130     7887  21.6  0  0  5  9 0 0 1 1 0 0 0 1 0 0 1 1 0 0
2014   2 28  7 52  8 990509  -12.72059  156.93037     9504  62.5  1  0  7 21 0 0 1 1 1 0 0 1 0 0 1 1 0 1
2014   2 28  7 52  9  42126    2.62940  -84.54705     6030  69.7  1  0  7 21 0 0 1 0 1 0 0 1 0 1 1 1 0 1
2014   2 28  7 52  9 172889  -17.89124  162.41896    70711  45.8  1  0  5 10 0 0 1 0 1 0 0 1 0 1 0 0 0 1
2014   2 28  7 52  9 956224   -6.90801  -74.58601     5675  98.8  2  0  7 21 0 0 1 1 1 0 0 0 0 1 1 1 0 1
2014   2 28  7 52 11 604468  -12.25917  -71.82130     6935  80.0  2  0  5 10 0 0 1 0 1 0 0 1 0 0 1 1 0 0
2014   2 28  7 52 12 727986  -21.43449  -48.96606     4321 108.3  2  0  7 18 0 0 1 0 1 0 0 1 0 1 1 1 0 1
2014   2 28  7 52 13 492015    0.92251    8.41497    40816 101.5  2  0  6 15 0 0 1 1 1 0 0 1 0 0 1 0 0 1
2014   2 28  7 52 14 580756  -22.68333  -45.91349     4121 109.2  2  0  7 19 0 0 1 0 1 0 0 1 0 1 1 1 0 1
2014   2 28  7 52 14 679345  -30.26713  -42.31689     3513   9.5  0  0  4  6 0 0 1 1 0 0 0 1 0 1 0 0 0 0
2014   2 28  7 52 14 733161  -22.90158  -45.80235     5473 110.8  2  0  6 15 0 0 1 1 1 0 0 1 0 0 1 0 0 1
2014   2 28  7 52 14 800138  -22.68727  -46.41656     3612  31.1  1  0  5  7 0 0 1 1 0 0 0 1 0 1 1 0 0 0
2014   2 28  7 52 14 907689  -22.67353  -45.88650     5197 114.6  2  0  6 12 0 0 1 0 0 0 0 1 0 1 1 1 0 1
2014   2 28  7 52 14 947846    7.04240  -78.64560     9472 143.5  2  0  7 21 0 0 1 1 1 0 0 1 0 1 1 1 0 0
2014   2 28  7 52 16 343529   -4.88400  -72.26918     2706   8.7  0  0  7 21 0 0 0 1 1 0 0 1 0 1 1 1 0 1
2014   2 28  7 52 16 493622  -14.65693  161.08727     7237  23.0  0  0  6 15 0 0 1 1 1 0 0 1 0 0 1 1 0 0
2014   2 28  7 52 16 849072   -5.22198  -71.84200     5507   7.3  0  0  5 10 0 0 1 1 1 0 0 0 0 0 1 0 0 1
2014   2 28  7 52 16 894069  -21.81104 -141.23759     9061  16.5  0  0  5 10 0 0 1 1 0 0 0 1 0 0 1 1 0 0
2014   2 28  7 52 17 219632  -33.83570  -38.39798     6021  18.0  0  0  5 10 0 0 0 1 1 0 0 1 0 0 1 0 0 1
2014   2 28  7 52 17 479205   -4.55845  -71.76883     3356  17.4  0  0  5 10 0 0 1 1 0 0 0 0 0 0 1 1 0 1
2014   2 28  7 52 17 772029    6.22613  -77.33703     3495  22.3  0  0  7 21 0 0 1 1 1 0 0 0 0 1 1 1 0 1
2014   2 28  7 52 18 220165  -33.73476  -38.51329     5741  16.4  0  0  5 10 0 0 0 1 1 0 0 1 0 0 1 0 0 1
2014   2 28  7 52 18 280702  -33.96290  -38.28345     5180  22.5  0  0  5 10 0 0 1 0 1 0 0 1 0 0 1 0 0 1
2014   2 28  7 52 18 397017  -34.02451  -38.31948     4128  21.6  0  0  5 10 0 0 1 1 1 0 0 1 0 0 1 0 0 0
2014   2 28  7 52 18 723893  -30.78201 -138.20726    15283  18.7  0  0  4  6 0 0 1 0 0 0 0 1 0 0 1 1 0 0
2014   2 28  7 52 18 827560   -6.49820  -37.83165    20046  76.7  2  0  5  9 0 0 1 1 1 0 0 1 0 0 0 0 0 1
2014   2 28  7 52 19 367997  -21.29335  -46.47840     2755  29.5  0  0  6 15 0 0 1 1 1 0 0 1 0 1 0 0 0 1
2014   2 28  7 52 19 863188  -14.51640  160.50217     6608  30.1  0  0  7 21 0 0 0 1 1 0 0 1 0 1 1 1 0 1
2014   2 28  7 52 20 117329  -21.26230  -47.30162     4004  38.4  1  0  5  8 0 0 1 1 1 0 0 0 0 1 1 0 0 0
2014   2 28  7 52 20 294892  -21.32927  -47.22845     2991  29.6  0  0  6 13 0 0 1 1 1 0 0 1 0 0 1 0 0 1
2014   2 28  7 52 20 505436  -21.32324  -47.34598     3045  49.5  0  0  7 17 0 0 1 1 1 0 0 1 0 1 0 1 0 1
2014   2 28  7 52 20 544139  -21.33524  -47.23179     3162  33.0  0  0  6 13 0 0 1 1 1 0 0 1 0 0 1 0 0 1
2014   2 28  7 52 20 859432  -21.31561  -47.23068     4565  33.2  1  0  5  8 0 0 1 1 1 0 0 1 0 0 1 0 0 0
2014   2 28  7 52 21 910517    6.19710  -82.88172     5823  65.4  1  0  7 21 0 0 1 1 1 0 0 1 0 1 0 1 0 1
2014   2 28  7 52 22 972392    6.95167  -77.47839     7022  73.2  2  0  7 18 0 0 1 1 1 0 0 0 0 1 1 1 0 1
2014   2 28  7 52 23 244156    7.03109  -74.48930     6318  58.8  2  0  5 10 0 0 1 1 0 0 0 1 0 0 0 1 0 1
2014   2 28  7 52 23 526574  -30.16196  -41.79408     4466  43.8  1  0  6 15 0 0 1 1 1 0 0 1 0 0 1 0 0 1
2014   2 28  7 52 23 645507    7.66837  -64.73767     4874  30.0  1  0  5 10 0 0 1 0 1 0 0 0 0 0 1 1 0 1
2014   2 28  7 52 23 883531  -14.66657  -43.94130     3506  60.2  2  0  6 15 0 0 1 1 1 0 0 1 0 0 1 0 0 1
2014   2 28  7 52 24 781863  -31.86539 -136.22032    13905  33.7  1  0  5 10 0 0 1 1 0 0 0 1 0 0 1 1 0 0
2014   2 28  7 52 27 174968   -8.45294  -65.84851     4401  37.2  1  0  5  7 0 0 1 1 0 0 0 1 0 0 1 1 0 0
2014   2 28  7 52 27 290881   -8.94460  -65.19532     6328  98.9  2  0  7 21 0 0 1 1 1 0 0 1 0 1 1 0 0 1
2014   2 28  7 52 27 387257  -24.37490  -45.43047     5246  66.7  2  0  5 10 0 0 0 1 1 0 0 1 0 0 1 0 0 1
2014   2 28  7 52 27 413382   -8.79038  -65.59081    15378 106.9  2  0  6 15 0 0 0 1 1 0 0 1 0 1 1 0 0 1
2014   2 28  7 52 28 112956  -23.25407  -45.95974     4439 112.7  2  0  7 21 0 0 1 1 0 0 0 1 0 1 1 1 0 1
2014   2 28  7 52 28 133848  -23.33432  -45.92466     4400 101.8  2  0  7 21 0 0 1 1 1 0 0 1 0 1 1 0 0 1
2014   2 28  7 52 28 599607   -0.38679    7.39729    18861 105.5  2  0  7 21 0 0 1 1 1 0 0 1 0 0 1 1 0 1
2014   2 28  7 52 28 677674   -0.19879    7.90369    19510  85.0  2  0  6 15 0 0 1 1 0 0 0 1 0 0 1 1 0 1
2014   2 28  7 52 30 690189    1.35525  -83.44560    15150 127.9  2  0  7 21 0 0 1 1 1 0 0 1 0 1 1 0 0 1
2014   2 28  7 52 32 140708  -22.21297  -46.09338     2396   8.1  0  0  6 15 0 0 1 1 1 0 0 1 0 0 1 0 0 1
2014   2 28  7 52 32 153837  -22.21026  -46.09497     2532   7.0  0  0  5 10 0 0 0 1 1 0 0 1 0 0 1 0 0 1
2014   2 28  7 52 32 490155  -24.75110  -44.88942     3024   3.1  0  0  5 10 0 0 1 0 0 0 0 0 0 1 1 1 0 1
2014   2 28  7 52 32 864731  -24.78934  -44.97934     3291  21.3  0  0  5  8 0 0 1 1 1 0 0 1 0 0 0 0 0 1
2014   2 28  7 52 33 289508    5.05094  -72.80370     4022  19.8  0  0  6 14 0 0 0 1 1 0 0 1 0 0 1 1 0 1
2014   2 28  7 52 33 476794  -13.34222  -38.54688     9912  17.5  0  0  6 15 0 0 1 0 1 0 0 1 0 0 1 1 0 1
2014   2 28  7 52 33 577021    5.07444  -72.81745     4395  17.2  0  0  5  8 0 0 0 1 1 0 0 1 0 0 1 1 0 0
2014   2 28  7 52 33 934863   -4.64889  -71.71857     3010  28.7  0  0  7 21 0 0 1 1 1 0 0 1 0 1 1 1 0 0
2014   2 28  7 52 34  89782  -30.12202  -41.65743     4245  17.1  0  0  5 10 0 0 0 1 1 0 0 1 0 0 1 0 0 1
2014   2 28  7 52 34 172077  -30.20560  -41.55952     2818  20.6  0  0  7 21 0 0 1 1 1 0 0 1 0 1 1 0 0 1
2014   2 28  7 52 35 451724  -20.50624 -143.71005     9201  28.9  0  0  6 15 0 0 1 1 1 0 0 1 0 0 1 1 0 0
2014   2 28  7 52 35 560771  -20.48259 -144.15688    18144  40.2  1  0  6 15 0 0 0 1 0 0 0 1 0 1 1 1 0 1
2014   2 28  7 52 35 915493  -18.73044 -143.36293    21759  34.3  1  0  5 10 0 0 0 0 1 0 0 1 0 0 1 1 0 1
2014   2 28  7 52 36  40510  -32.92306   19.42820    19198  23.0  1  0  4  6 0 0 1 0 0 0 0 1 0 0 1 0 0 1
2014   2 28  7 52 36 629345   -8.39355    6.43867    42777  34.2  1  0  5  9 0 0 1 1 1 0 0 0 0 0 1 0 0 1
2014   2 28  7 52 37 448814   -0.66814   -9.10956     5967  12.4  0  0  4  6 0 0 0 1 0 0 0 1 1 0 1 0 0 0
2014   2 28  7 52 37 561809  -31.19192 -131.82333    11068  50.3  1  0  7 21 0 0 1 1 1 0 0 1 0 0 1 1 0 1
2014   2 28  7 52 37 584129  -31.09762 -132.83408    18321  16.0  0  0  4  6 0 0 0 1 0 0 0 1 0 0 1 1 0 0
2014   2 28  7 52 37 877199  -21.37403  -46.35527     3275  43.1  1  0  6 15 0 0 1 1 1 0 0 1 0 0 1 0 0 1
2014   2 28  7 52 37 922169  -21.35368  -46.82391     3123  59.1  1  0  7 21 0 0 1 1 1 0 0 1 0 1 1 0 0 1
2014   2 28  7 52 37 981399  -21.27205  -46.45537     3535  72.1  2  0  7 21 0 0 1 1 1 0 0 1 0 0 1 1 0 1
2014   2 28  7 52 38 211706  -21.34007  -46.49290     3327  53.1  1  0  6 15 0 0 1 1 1 0 0 1 0 1 0 0 0 1
2014   2 28  7 52 39 157166  -21.84096 -140.45554    12712  58.2  1  0  7 21 0 0 1 0 1 0 0 1 0 1 1 1 0 1
2014   2 28  7 52 39 164074  -21.40462 -142.45338    30375  20.2  1  0  4  6 0 0 1 1 0 0 0 1 0 0 1 0 0 0
2014   2 28  7 52 39 182439  -21.62463 -141.43202    16913  67.4  2  0  6 15 0 0 1 1 0 0 0 1 0 1 1 1 0 0
2014   2 28  7 52 39 200828  -22.09708 -140.47221    44644  60.2  2  0  5 10 0 0 1 1 1 0 0 1 0 0 1 0 0 0
2014   2 28  7 52 39 252669  -21.70413 -141.09631    26767  70.9  2  0  5 10 0 0 1 1 1 0 0 0 0 0 0 1 0 1
2014   2 28  7 52 39 259776  -21.27115  -46.64749     4037  61.1  2  0  6 11 0 0 0 1 1 0 0 1 0 1 0 1 0 1
2014   2 28  7 52 39 378339  -30.24593  -42.09452     4888  52.3  1  0  6 15 0 0 1 1 1 0 0 1 0 0 1 0 0 1
2014   2 28  7 52 39 525791  -29.78923  -42.44707     4609  23.7  0  0  5 10 0 0 0 1 1 0 0 1 0 0 1 0 0 1
2014   2 28  7 52 39 961675  -29.81813  -42.60508     7272  28.8  1  0  4  6 0 0 0 1 0 0 0 1 0 1 1 0 0 0
2014   2 28  7 52 40 444672  -12.81880  157.07408    11255  59.4  1  0  6 15 0 0 1 1 0 0 0 1 0 0 1 1 0 1
2014   2 28  7 52 41 165107  -21.65999  -46.88290     2967   8.8  0  0  5  8 0 0 1 1 1 0 0 0 0 0 1 0 0 1
2014   2 28  7 52 41 496068  -21.41890  -47.03682     4183  66.5  2  0  6 13 0 0 1 1 1 0 0 1 0 0 1 0 0 1
2014   2 28  7 52 41 824144   -9.63143  159.97537   139527  77.7  2  0  5 10 0 0 1 1 1 0 0 1 0 0 1 0 0 0
2014   2 28  7 52 41 987426   -3.54831  -71.69031     7044  85.3  2  0  6 15 0 0 0 1 1 0 0 1 0 0 1 1 0 1
2014   2 28  7 52 42 129207   -4.00388  147.95653     7402  77.0  2  0  7 21 0 0 1 1 1 0 0 1 0 0 1 1 0 1
2014   2 28  7 52 42 942410    5.20924  -73.18236     9077  93.5  2  0  6 15 0 0 0 1 1 0 0 1 0 0 1 1 0 1
2014   2 28  7 52 43 283759    5.30360  -84.81865     6604  80.7  2  0  7 21 0 0 1 1 0 0 0 1 0 0 1 1 1 1
2014   2 28  7 52 43 308918  -18.43775 -143.79689    20267  84.5  2  0  6 15 0 0 1 1 1 0 0 1 0 0 1 1 0 0
2014   2 28  7 52 44 370947  -12.51937  156.89214    15013  84.2  2  0  6 14 0 0 1 1 0 0 0 1 0 0 1 1 0 1
2014   2 28  7 52 44 507765  -39.76205   37.69880    38584  99.8  2  0  6 15 0 0 1 1 1 0 0 1 0 0 1 0 0 1
2014   2 28  7 52 44 614804  -12.17687  156.40497    13220 101.0  2  0  7 21 0 0 1 1 1 0 0 1 0 0 1 1 0 1
2014   2 28  7 52 44 637562  -12.55591  157.31216    15706  38.0  1  0  5  7 0 0 1 1 0 0 0 1 0 0 1 1 0 0
2014   2 28  7 52 45  79386  -14.67723  -43.85375     6666  95.1  2  0  7 17 0 0 1 0 1 0 0 1 0 1 1 1 0 1
2014   2 28  7 52 46 876038  -22.90082  -45.78246     5839 122.2  2  0  6 15 0 0 1 1 1 0 0 1 0 0 1 0 0 1
2014   2 28  7 52 47 155141   -0.29485  -78.42607     8897  14.3  0  0  5 10 0 0 1 1 1 0 0 0 0 1 0 0 0 1
2014   2 28  7 52 48 320241    3.68986  -91.32135    10205   2.6  0  0  5 10 0 0 0 1 1 0 0 1 0 0 1 0 0 1
2014   2 28  7 52 48 670825   -7.21397    8.61743     9474   9.1  0  0  5 10 0 0 1 1 0 0 0 1 0 0 1 0 0 1
2014   2 28  7 52 48 809490  -25.47330  -44.34380     3245  13.4  0  0  5  7 0 0 1 1 1 0 0 1 0 0 0 0 0 1
2014   2 28  7 52 49 108468   -2.77610  -72.40012     2883   6.9  0  0  6 15 0 0 0 1 1 0 0 1 0 0 1 1 0 1
2014   2 28  7 52 51 135255  -21.26644  -46.41973     2964  20.6  0  0  5 10 0 0 0 1 1 0 0 1 0 0 1 0 0 1
2014   2 28  7 52 52  34196  -12.35952  -71.84472     3340  32.2  0  0  6 15 0 0 1 1 0 0 0 1 0 0 1 1 0 1
2014   2 28  7 52 54  33608  -21.38373  -46.15525     3186  54.0  1  0  7 20 0 0 1 0 1 0 0 1 0 1 1 1 0 1
2014   2 28  7 52 54 114500   -7.04141   12.13074    10257  50.0  1  0  7 20 0 0 1 1 1 0 0 1 0 0 1 1 0 1
2014   2 28  7 52 54 118150  -21.46853  -46.20778     2953  47.6  0  0  7 21 0 0 1 1 1 0 0 1 0 1 1 0 0 1
2014   2 28  7 52 54 407389  -21.35587  -46.08297     3085  57.4  1  0  7 21 0 0 1 1 1 0 0 1 0 1 0 1 0 1
2014   2 28  7 52 54 957270  -12.57389  -72.53852     7830  35.4  1  0  5  8 0 0 0 1 1 0 0 1 0 0 0 1 0 1
2014   2 28  7 52 54 994995  -12.32600  -71.82339     4892  75.8  2  0  6 15 0 0 1 1 1 0 0 1 0 1 0 1 0 0
2014   2 28  7 52 55  39460  -12.29855  -71.85136     3789  59.8  1  0  7 21 0 0 1 1 1 0 0 1 0 0 1 1 0 1
2014   2 28  7 52 55 154656  -12.38685  -72.07677     5705  68.9  1  0  7 21 0 0 0 1 1 0 0 1 0 1 1 1 0 1
2014   2 28  7 52 55 232522  -12.29580  -71.76125     4842  72.6  2  0  6 15 0 0 1 1 1 0 0 0 0 1 0 1 0 1
2014   2 28  7 52 55 457943  -23.52864  -45.77832     4920  65.2  2  0  5 10 0 0 1 1 1 0 0 1 0 0 0 0 0 1
2014   2 28  7 52 56  18669  -12.26657  -71.92290     4666  60.5  2  0  6 14 0 0 1 1 0 0 0 1 0 0 1 1 0 1
2014   2 28  7 52 56 463368  -21.69513   61.40592    47010  54.0  2  0  5 10 0 0 1 1 1 0 0 0 0 0 1 0 0 1
2014   2 28  7 52 56 526163   21.05479 -125.04892    54012  34.2  1  0  4  6 0 0 0 1 1 0 0 1 0 0 0 1 0 0
2014   2 28  7 52 56 816600  -20.49002  -46.34940     3248  63.6  1  0  7 21 0 0 1 1 1 0 0 1 0 1 1 0 0 1
2014   2 28  7 52 57 680877  -29.02760  -42.89035     6962  22.2  0  0  5 10 0 0 0 1 1 0 0 1 0 1 0 0 0 1
2014   2 28  7 52 57 714961  -30.16352  -41.79333     5407  60.1  2  0  6 15 0 0 1 1 1 0 0 1 0 0 1 0 0 1
2014   2 28  7 52 57 851472  -29.61067  -42.23386     4190  18.7  0  0  5 10 0 0 0 1 1 0 0 1 0 0 1 0 0 1
2014   2 28  7 52 58 173719  -20.64968  -46.20195     3586  31.5  1  0  5 10 0 0 1 0 1 0 0 1 0 0 1 0 0 1
2014   2 28  7 52 58 213145  -20.71245  -46.38379     4016  65.3  2  0  6 15 0 0 1 1 1 0 0 1 0 0 1 0 0 1
2014   2 28  7 52 58 700890    7.17477  -76.13128     6173  51.9  1  0  7 21 0 0 0 1 1 0 0 1 0 1 0 1 1 1
2014   2 28  7 52 58 853899    7.14285  -75.21613    10479  86.1  2  0  6 14 0 0 0 1 1 0 0 1 0 0 1 1 0 1
2014   2 28  7 52 59 599898  -13.90858  159.43726    25554  75.9  2  0  6 14 0 0 1 1 1 0 0 0 0 1 0 1 0 1
2014   2 28  7 52 59 672659  -12.33465  156.43263    21491  91.5  2  0  6 13 0 0 1 1 1 0 0 1 0 0 0 1 0 1
2014   2 28  7 52 59 741902  -20.96836   24.67476    32923 105.1  2  0  6 15 0 0 1 1 1 0 0 1 0 0 1 0 0 1
2014   2 28  7 52 59 755906   -3.35174  146.45642    39925  35.4  1  0  5 10 0 0 1 0 1 0 0 1 0 0 1 0 0 1
2014   2 28  7 53  0 355825    9.37149  -73.36971     6196  81.0  2  0  7 21 0 0 1 0 1 0 0 1 0 1 1 1 0 1
2014   2 28  7 53  0 477892  -12.07265  155.94489    19329  56.8  2  0  5  9 0 0 1 0 0 0 0 1 0 0 1 1 0 1
2014   2 28  7 53  1 776302  -24.54865  -45.48491     5486  84.3  2  0  6 13 0 0 1 1 1 0 0 1 0 0 1 0 0 1
2014   2 28  7 53  2 846665  -21.90833 -141.88039    33354 119.1  2  0  6 15 0 0 1 1 1 0 0 0 0 0 1 1 0 1
2014   2 28  7 53  2 876748  -21.69957 -142.79300    10203   6.6  0  0  4  6 0 0 1 0 0 0 0 1 0 0 1 1 0 0
2014   2 28  7 53  3 469665  -21.34074  -46.99976     4014  42.0  1  0  5  9 0 0 1 0 1 0 0 1 0 0 1 0 0 1
2014   2 28  7 53  3 547740  -21.08675  -47.81562     4399  37.7  1  0  5  8 0 0 1 1 0 0 0 1 0 1 1 0 0 0
2014   2 28  7 53  3 557259   -4.85617  -72.78424     4520  21.3  0  0  5 10 0 0 0 0 1 0 0 1 0 1 0 1 0 1
2014   2 28  7 53  3 705916  -21.38804  -47.17249     5386 103.5  2  0  6 13 0 0 1 1 1 0 0 1 0 0 1 0 0 1
2014   2 28  7 53  3 742567  -21.22461  -47.26458     4569 115.6  2  0  7 17 0 0 1 0 1 0 0 1 0 1 1 1 0 1
2014   2 28  7 53  3 790653  -21.31653  -46.97276     4141  43.8  1  0  5  9 0 0 1 0 1 0 0 1 0 0 1 0 0 1
2014   2 28  7 53  3 964741  -21.40513  -46.39655     5007 104.2  2  0  6 15 0 0 1 1 1 0 0 1 0 0 1 0 0 1
2014   2 28  7 53  4  38527  -21.24639  -46.40441     2381   4.6  0  0  6 15 0 0 1 1 1 0 0 1 0 0 1 0 0 1
2014   2 28  7 53  4  51351  -21.24228  -47.28085     2403  12.9  0  0  7 18 0 0 1 1 1 0 0 1 0 1 1 1 0 0
2014   2 28  7 53  4  59551  -21.24451  -46.40134     2366   2.2  0  0  6 15 0 0 1 1 1 0 0 1 0 0 1 0 0 1
2014   2 28  7 53  4 234221  -21.23192  -47.29691     3164  17.8  0  0  5  9 0 0 1 1 0 0 0 1 0 0 1 1 0 0
2014   2 28  7 53  5  23440    2.30653  -95.80235     8005  13.6  0  0  5 10 0 0 0 1 1 0 0 0 0 0 1 1 0 1
2014   2 28  7 53  5 765882  -10.38877  178.25592     9637  17.9  0  0  6 15 0 0 1 1 1 0 0 0 0 0 1 1 0 1
2014   2 28  7 53  5 920802  -27.86130 -134.39178     7134   6.6  0  0  5 10 0 0 1 1 0 0 0 1 0 0 1 1 0 0
2014   2 28  7 53  5 971691    6.49606  -76.95938     3494  23.9  0  0  7 21 0 0 1 0 1 0 0 1 0 1 1 1 0 1
2014   2 28  7 53  9 185153  -21.34723  -46.37612     3093  36.1  0  0  6 15 0 0 1 1 1 0 0 1 0 0 1 0 0 1
2014   2 28  7 53  9 768126  -22.92664  -45.81546     4561  79.3  2  0  7 16 0 0 1 1 1 0 0 1 0 0 1 0 1 1
2014   2 28  7 53  9 796607  -22.74453  -46.09655     3018  32.7  0  0  6 15 0 0 1 1 1 0 0 1 0 1 1 0 0 0
2014   2 28  7 53 10  89773  -33.43946   15.02436    24254  32.3  1  0  5  8 0 0 1 1 1 0 0 0 0 0 1 0 0 1
2014   2 28  7 53 10 121719  -32.59704   19.97421    24916  51.6  2  0  5 10 0 0 1 1 1 0 0 1 0 0 1 0 0 0
2014   2 28  7 53 10 130895  -32.69410   19.48848    16678  49.7  1  0  6 15 0 0 1 1 1 0 0 1 0 0 1 0 0 1
2014   2 28  7 53 10 766589   -0.87028  -71.72916     3996  53.2  1  0  7 21 0 0 1 0 1 0 0 1 0 1 1 1 0 1
2014   2 28  7 53 11  68978  -22.24537  -46.05571     3312  64.8  1  0  7 19 0 0 1 1 1 0 0 1 0 0 1 0 1 1
2014   2 28  7 53 11 135149  -22.32145  -46.10039     4420  58.0  2  0  5  9 0 0 0 1 1 0 0 1 0 0 1 0 0 1
2014   2 28  7 53 11 251314   -0.88677  -71.90166     3967  59.7  1  0  7 21 0 0 1 1 1 0 0 1 0 0 1 1 0 1
2014   2 28  7 53 11 634184    1.73642    4.24180    36832  64.5  2  0  5 10 0 0 1 1 1 0 0 1 0 0 0 0 0 1
2014   2 28  7 53 11 834249  -13.19187  158.10526    46633  17.7  0  0  4  6 0 0 1 1 0 0 0 0 0 0 1 1 0 0
2014   2 28  7 53 12 458824  -24.76148  -45.19104     4415  47.8  1  0  5 10 0 0 0 1 1 0 0 1 0 0 1 0 0 1
2014   2 28  7 53 13 286575  -24.91332  -45.16519     4708  61.5  2  0  6 13 0 0 1 1 1 0 0 1 0 0 1 0 0 1
2014   2 28  7 53 13 329396  -24.75694  -45.31962     3719  49.6  1  0  6 15 0 0 0 1 1 0 0 1 0 1 1 0 0 1
2014   2 28  7 53 14 200617  -21.29930  -46.24634     3583  37.6  1  0  5 10 0 0 1 0 1 0 0 1 0 0 1 0 0 1
2014   2 28  7 53 14 373333   -0.94562  -72.45167     8043  95.8  2  0  6 15 0 0 0 1 0 0 0 1 0 1 1 1 0 1
2014   2 28  7 53 15 195017  -22.48816  -45.81779     4035  31.2  1  0  5  8 0 0 1 0 1 0 0 0 0 1 1 0 0 1
2014   2 28  7 53 15 213611  -22.88638  -45.61566     5108  95.7  2  0  6 14 0 0 1 1 1 0 0 1 0 0 1 0 0 1
2014   2 28  7 53 15 235812  -22.89033  -45.62350     4980  93.4  2  0  6 15 0 0 1 1 1 0 0 1 0 0 1 0 0 1
2014   2 28  7 53 16 265034  -29.51912  -42.53136     6026  58.2  1  0  6 14 0 0 0 1 0 0 0 1 0 1 1 1 0 1
2014   2 28  7 53 16 276223  -29.41599  -42.82065     7759  21.0  1  0  4  6 0 0 0 0 0 0 0 1 0 1 1 0 0 1
2014   2 28  7 53 17 656457  -20.53106  -48.81063     2995  41.6  0  0  7 19 0 0 1 1 1 0 0 1 0 1 1 0 1 0
2014   2 28  7 53 19 668065  -21.41462  -46.38400     5066 106.1  2  0  6 15 0 0 1 1 1 0 0 1 0 0 1 0 0 1
2014   2 28  7 53 20 770485  -33.19372  -40.01411     3049  11.0  0  0  7 19 0 0 1 0 1 0 0 1 0 1 1 1 0 1
2014   2 28  7 53 20 777829  -33.17333  -39.98388     3583  11.8  0  0  7 20 0 0 0 1 1 0 0 1 0 1 1 1 0 1
2014   2 28  7 53 20 794030  -33.17876  -39.99454     3130   8.0  0  0  5 10 0 0 1 1 1 0 0 1 0 0 1 0 0 0
2014   2 28  7 53 20 805861  -33.20048  -39.99161     2788   6.3  0  0  6 15 0 0 1 1 1 0 0 1 0 0 1 0 0 1
2014   2 28  7 53 20 891967  -33.17453  -39.98731     2572   7.1  0  0  7 21 0 0 1 1 1 0 0 1 0 1 1 0 0 1
2014   2 28  7 53 20 903608  -33.15960  -40.00647     2796   6.8  0  0  6 15 0 0 1 1 1 0 0 1 0 0 1 0 0 1
2014   2 28  7 53 20 957718  -20.75952  -47.42350     2492   2.7  0  0  5 10 0 0 0 1 1 0 0 1 0 0 1 0 0 1
2014   2 28  7 53 20 973676    7.42922  -73.72086     3158   2.6  0  0  6 15 0 0 0 1 1 0 0 1 0 0 1 1 0 1
2014   2 28  7 53 21 688976   -6.46094    9.64424     9125  13.4  0  0  6 15 0 0 0 1 1 0 0 1 0 0 1 1 0 1
2014   2 28  7 53 21 745134   -4.47352  148.29103     6423  25.9  0  0  5 10 0 0 1 0 1 0 0 1 0 1 0 1 0 0
2014   2 28  7 53 23 181993    4.93307  -85.20643     9063  27.3  0  0  5  8 0 0 0 1 1 0 0 1 0 0 1 1 0 0
2014   2 28  7 53 23 196434    4.62043  -85.01836     9356  15.0  0  0  4  6 0 0 0 1 1 0 0 1 0 0 0 1 0 0
2014   2 28  7 53 23 995026    2.47619  -84.61284     4129  24.9  0  0  6 15 0 0 1 0 0 0 0 1 0 1 1 1 0 1
2014   2 28  7 53 24  13090    2.56516  -84.85970     3932  14.2  0  0  5 10 0 0 1 1 0 0 0 1 0 0 1 1 0 0
2014   2 28  7 53 24  44013    2.52095  -84.79573     4116  26.6  0  0  6 15 0 0 1 1 0 0 0 1 0 0 1 1 0 1
2014   2 28  7 53 25 500415  -10.81431  -57.11009     5708  24.7  0  0  5  8 0 0 0 0 1 0 0 1 0 1 1 0 0 1
2014   2 28  7 53 25 938615  -21.26085  -46.52557     3662  37.2  1  0  5 10 0 0 1 1 1 0 0 0 0 1 1 0 0 0
2014   2 28  7 53 26 197440  -13.06876  157.56714    47416  42.8  1  0  6 15 0 0 1 1 1 0 0 0 0 0 1 1 0 1
2014   2 28  7 53 26 771554    7.00440  -73.95039     4412  26.1  0  0  5 10 0 0 1 1 0 0 0 1 0 0 1 1 0 0
2014   2 28  7 53 26 945815  -21.19778  -46.59810     2611  32.0  0  0  7 20 0 0 1 1 0 0 0 1 0 1 1 1 0 1
2014   2 28  7 53 27  18476  -21.34043  -46.43026     2901  46.1  0  0  7 21 0 0 1 1 1 0 0 1 0 1 1 0 0 1
2014   2 28  7 53 27 359293    3.17087  -84.81127     4677  44.3  0  0  7 21 0 0 1 0 1 0 0 1 0 1 1 1 0 1
2014   2 28  7 53 27 426193   -9.57351  165.57838   241321  61.8  2  0  5 10 0 0 1 1 1 0 0 0 0 1 0 0 0 1
2014   2 28  7 53 27 466858  -21.32544  -46.45146     3522  63.2  1  0  7 19 0 0 1 1 1 0 0 1 0 0 1 1 0 1
2014   2 28  7 53 27 710680  -32.54869 -108.07214    25326  55.3  2  0  5 10 0 0 1 1 1 0 0 1 0 0 1 0 0 0
2014   2 28  7 53 28  53568  -20.82180  -47.30569     4341  56.7  2  0  5 10 0 0 0 1 1 0 0 1 0 0 1 0 0 1
2014   2 28  7 53 28 443746  -21.25815  -47.39693     3881  76.4  2  0  6 15 0 0 1 1 0 0 0 1 0 1 0 1 0 1
2014   2 28  7 53 28 728009   -6.31439   12.85292    28628  60.7  2  0  6 14 0 0 0 1 1 0 0 1 0 0 1 1 0 1
2014   2 28  7 53 28 860379   -7.45097    7.92015    17934  33.6  1  0  5  9 0 0 1 0 1 0 0 1 0 0 1 0 0 1
2014   2 28  7 53 29 568782    3.23963  -73.38551    10737  61.1  2  0  5 10 0 0 0 1 1 0 0 1 0 0 0 1 0 1
2014   2 28  7 53 29 773331    4.42063  149.82742    33935  70.5  2  0  6 15 0 0 1 1 1 0 0 0 0 0 1 1 0 1
2014   2 28  7 53 30 239581  -23.25014  -45.75695     5544 114.8  2  0  7 17 0 0 1 0 1 0 0 1 0 1 1 1 0 1
2014   2 28  7 53 30 270133  -23.30220  -45.91407     4238  88.6  2  0  7 21 0 0 1 1 1 0 0 1 0 0 1 1 0 1
2014   2 28  7 53 30 321990  -23.21807  -45.93943     4675  89.5  2  0  6 15 0 0 0 1 1 0 0 0 0 1 1 1 0 1
2014   2 28  7 53 30 704177  -13.58952  159.14310    21049  63.9  2  0  6 15 0 0 1 1 0 0 0 0 0 1 1 1 0 1
2014   2 28  7 53 31 523270  -16.21967  -51.68748     3338  25.1  0  0  5 10 0 0 1 0 1 0 0 0 0 0 1 1 0 1
2014   2 28  7 53 31 631159  -14.71740  -44.02910     3818  72.3  2  0  6 15 0 0 1 1 1 0 0 1 0 0 1 0 0 1
2014   2 28  7 53 31 972468  -30.14968  -41.93787     7413  75.9  2  0  5 10 0 0 1 1 1 0 0 0 0 0 1 0 0 1
2014   2 28  7 53 32 234000  -29.93968  -42.31457     5226  62.2  2  0  6 14 0 0 1 1 0 0 0 1 0 1 0 1 0 1
2014   2 28  7 53 32 248974  -30.03105  -41.93155     5893  69.4  2  0  6 15 0 0 1 1 1 0 0 1 0 0 1 0 0 1
2014   2 28  7 53 32 420719  -29.51170  -42.42524     4290  18.0  0  0  5  9 0 0 0 1 1 0 0 1 0 0 1 0 0 1
2014   2 28  7 53 32 456837  -21.36669  -47.00603     3974 106.5  2  0  7 20 0 0 1 1 1 0 0 1 0 1 0 1 0 1
2014   2 28  7 53 33 148531  -20.61540  -46.59678     4155 114.9  2  0  7 20 0 0 0 1 1 0 0 1 0 1 1 1 0 1
2014   2 28  7 53 34 940185  -30.90731 -133.54204    28462 119.8  2  0  6 15 0 0 1 1 1 0 0 1 0 0 0 1 0 1
2014   2 28  7 53 34 967214  -11.74886  -73.27947     6450 125.5  2  0  7 20 0 0 1 1 1 0 0 0 0 1 1 1 0 1
2014   2 28  7 53 35 606721  -11.82096  -73.43710     7052 121.7  2  0  6 15 0 0 1 1 1 0 0 1 0 0 1 1 0 0
2014   2 28  7 53 35 664426  -11.93904  -73.06680     5079  96.9  2  0  7 21 0 0 1 0 1 0 0 1 0 1 1 1 0 1
2014   2 28  7 53 35 678844  -11.79082  -73.16424     6572 142.1  2  0  7 21 0 0 1 1 1 0 0 0 0 1 1 1 0 1
2014   2 28  7 53 35 797905  -11.93854  -73.09440     4907  50.1  2  0  5 10 0 0 1 0 1 0 0 0 0 0 1 1 0 1
2014   2 28  7 53 35 931096  -11.90787  -73.43079     6299 138.7  2  0  7 21 0 0 1 1 0 0 0 1 0 1 1 1 0 1
2014   2 28  7 53 36  72196  -29.27334 -133.58232    14145   8.9  0  0  5 10 0 0 1 1 1 0 0 1 0 0 1 0 0 0
2014   2 28  7 53 38 118429    4.44584    3.12490    13314  12.1  0  0  5 10 0 0 1 1 0 0 0 1 0 0 1 0 0 1
2014   2 28  7 53 38 687920  -12.33777  -71.66193     3272  28.4  0  0  6 14 0 0 1 1 0 0 0 0 0 1 1 1 0 1
2014   2 28  7 53 39 383662  -21.27517  -46.39523     2859  28.3  0  0  6 15 0 0 1 1 1 0 0 1 0 0 1 0 0 1
2014   2 28  7 53 39 518086  -21.27119  -46.40179     3446  32.9  1  0  5  9 0 0 0 1 1 0 0 1 0 0 1 0 0 1
2014   2 28  7 53 40 269579  -12.72967  -71.32168     8621  39.6  0  0  6 15 0 0 1 1 1 0 0 0 0 1 1 0 0 1
2014   2 28  7 53 40 334068  -24.59045  -45.18980     3261  35.3  0  0  6 15 0 0 1 1 1 0 0 1 0 0 1 0 0 1
2014   2 28  7 53 40 457094  -12.26316  -71.82439     3327  44.7  0  0  7 21 0 0 1 1 1 0 0 1 0 0 1 1 0 1
2014   2 28  7 53 40 526466  -12.10144  -71.78155     3582  38.3  0  0  6 15 0 0 1 0 0 0 0 1 0 1 1 1 0 1
2014   2 28  7 53 40 604668  -12.31877  -71.49110     3413   6.4  0  0  5  9 0 0 1 0 1 0 0 1 0 1 0 0 0 1
2014   2 28  7 53 40 687408  -12.12648  -71.89757     6950  51.2  1  0  6 15 0 0 0 1 1 0 0 0 0 1 1 1 0 1
2014   2 28  7 53 40 719093  -24.60163  -45.24082     3740  34.1  1  0  5  9 0 0 1 1 1 0 0 1 0 0 0 0 0 1
2014   2 28  7 53 40 895701  -12.08381  -71.79784     3565  50.4  1  0  7 21 0 0 1 1 1 0 0 0 0 1 1 1 0 1
2014   2 28  7 53 41 172954  -33.30527  -38.96857     5115  12.3  0  0  5 10 0 0 0 1 0 0 0 1 0 1 1 0 0 1
2014   2 28  7 53 41 265986  -33.89436  -38.46486     3995  39.7  0  0  7 21 0 0 1 1 1 0 0 1 0 1 1 0 0 1
2014   2 28  7 53 41 572677  -21.28835  -47.20044     3351  55.6  1  0  7 18 0 0 1 1 0 0 0 1 0 1 1 1 0 1
2014   2 28  7 53 41 709049  -22.80967  -45.90863     3137  54.4  1  0  7 21 0 0 1 1 1 0 0 1 0 1 1 0 0 1
2014   2 28  7 53 41 880672  -22.70897  -46.01124     2906  34.3  0  0  6 15 0 0 1 0 1 0 0 1 0 1 1 0 0 1
2014   2 28  7 53 42  19299  -22.76359  -46.08871     4303  41.7  1  0  5  9 0 0 1 1 1 0 0 1 0 0 1 0 0 0
2014   2 28  7 53 42  76727  -22.85268  -45.84203     3833  58.2  1  0  6 14 0 0 1 1 1 0 0 1 0 0 1 0 0 1
2014   2 28  7 53 42 351396   12.03647  141.95186     7098  68.0  2  0  6 15 0 0 1 1 0 0 0 1 0 1 1 0 0 1
2014   2 28  7 53 42 985238  -22.16067 -141.44321     9387  18.1  0  0  5 10 0 0 1 1 0 0 0 1 0 0 1 1 0 0
2014   2 28  7 53 43 713092    0.83974  -13.95976     4870  38.2  0  0  6 14 0 0 1 0 1 0 0 0 1 0 1 1 0 1
2014   2 28  7 53 44 651434    4.45458  -76.73750    27537  62.9  2  0  5 10 0 0 1 1 1 0 0 0 0 0 1 0 0 1
2014   2 28  7 53 44 769424    9.13255  -73.28373     5532  62.5  1  0  7 19 0 0 1 0 1 0 0 1 0 1 1 1 0 1
2014   2 28  7 53 45 973925   -4.52690  -71.42111     4185  47.1  1  0  6 15 0 0 1 0 1 0 0 0 0 1 1 1 0 1
2014   2 28  7 53 46 371723  -11.75272  -72.91565     5215 101.6  2  0  7 21 0 0 1 1 1 0 0 0 0 1 1 1 0 1
2014   2 28  7 53 46 422594  -11.74470  -73.14129     5622  88.7  2  0  6 15 0 0 1 1 1 0 0 1 0 0 1 1 0 0
2014   2 28  7 53 46 533329  -12.08168  -72.55440     7069  95.3  2  0  7 20 0 0 1 1 1 0 0 1 0 1 1 0 0 1
2014   2 28  7 53 47 229940  -12.91962  157.21123    14984  75.0  2  0  6 15 0 0 1 0 1 0 0 1 0 1 1 1 0 0
2014   2 28  7 53 47 410606  -18.33522  163.40489    78752  78.2  2  0  6 15 0 0 1 1 1 0 0 1 0 1 1 0 0 0
2014   2 28  7 53 47 585105    6.54922  145.70776    45274  99.7  2  0  6 15 0 0 1 1 1 0 0 0 0 0 1 1 0 1
2014   2 28  7 53 48 292703  -21.41712  -46.64628     3936  50.0  1  0  5  9 0 0 0 1 1 0 0 1 0 1 0 0 0 1
2014   2 28  7 53 48 538385   -8.63533    6.06037    38237 142.7  2  0  7 19 0 0 1 1 1 0 0 1 0 0 1 0 1 1
2014   2 28  7 53 48 752915    7.77030  148.74866    14247  13.1  0  0  4  6 0 0 1 1 0 0 0 1 0 0 1 0 0 0
2014   2 28  7 53 49 808820  -21.30160  -47.47230     4962 110.1  2  0  6 15 0 0 1 1 1 0 0 1 0 1 1 0 0 0
2014   2 28  7 53 50  79170  -21.42362  -47.15648     4799 101.0  2  0  6 15 0 0 1 1 1 0 0 1 0 0 1 0 0 1
2014   2 28  7 53 50 697142    2.34871  -70.96223     8669   4.6  0  0  4  6 0 0 1 1 1 0 0 0 0 1 0 0 0 0
2014   2 28  7 53 51 443676    4.95072  -84.86499    10459 145.9  2  0  7 21 0 0 1 1 1 0 0 1 0 1 1 1 0 0
2014   2 28  7 53 51 681074    4.73447  -84.13139     8529 106.0  2  0  7 20 0 0 1 0 1 0 0 1 0 1 1 1 0 1
2014   2 28  7 53 52 349879   -7.05186  -74.56980     4571   3.3  0  0  4  6 0 0 0 1 0 0 0 1 0 0 0 1 0 1
2014   2 28  7 53 52 667752    6.82076  -74.27623     3770  14.0  0  0  5  9 0 0 1 0 0 0 0 1 0 1 0 1 0 1
2014   2 28  7 53 53  55022    6.85248  -74.46471     3436   5.3  0  0  6 15 0 0 0 1 1 0 0 1 0 1 0 1 0 1
2014   2 28  7 53 53 173159  -30.32306  -41.46886     3077   4.1  0  0  5 10 0 0 1 1 1 0 0 1 0 0 0 0 0 1
2014   2 28  7 53 53 409518  -25.87833 -133.72433    53276  12.8  0  0  5 10 0 0 0 1 1 0 0 1 0 1 0 0 0 1
2014   2 28  7 53 54  98377   -7.89489  -39.35881     5005  14.9  0  0  5  7 0 0 1 1 1 0 0 1 0 0 0 1 0 0
2014   2 28  7 53 54 544404  -21.23657  -46.45269     3318  19.7  0  0  4  6 0 0 1 0 0 0 0 1 0 1 0 0 0 1
2014   2 28  7 53 56 775781  -30.00002  -41.88028     7752  25.0  0  0  6 13 0 0 0 1 1 0 0 1 0 1 0 1 0 1
2014   2 28  7 53 58 317047  -21.29533  -47.13163     3072  56.2  1  0  7 20 0 0 1 1 1 0 0 1 0 1 0 1 0 1
2014   2 28  7 54  0 326190  -18.52854 -143.07767    17975  67.0  2  0  6 14 0 0 1 1 1 0 0 1 0 0 0 1 0 1
2014   2 28  7 54  0 533370  -30.42972  -41.87893     3191   8.2  0  0  5 10 0 0 1 1 1 0 0 1 0 0 0 0 0 1
2014   2 28  7 54  1  93495  -19.17224 -174.08501    31581  66.6  2  0  5 10 0 0 0 1 1 0 0 1 0 0 0 1 0 1
2014   2 28  7 54  2 490998  -14.17655  -45.14420     3513  46.2  1  0  5 10 0 0 1 1 0 0 0 1 0 1 0 0 0 1
2014   2 28  7 54  3 226415    5.06532  -71.21424     7668   9.7  0  0  5 10 0 0 1 1 1 0 0 0 0 1 0 0 0 1
2014   2 28  7 54  3 317798   -8.62358  -40.02393    16397  50.3  2  0  5 10 0 0 1 1 1 0 0 0 0 1 0 0 0 1
2014   2 28  7 54  3 932378    6.66569  -78.48028     8864 101.8  2  0  6 14 0 0 1 1 1 0 0 1 0 0 0 1 0 1
2014   2 28  7 54  4 934131    6.79163  -78.26350     8151  83.7  2  0  6 15 0 0 1 0 1 0 0 1 0 1 0 1 0 1
2014   2 28  7 54  5 161958    5.89879  -84.93370     8022  22.9  0  0  5 10 0 0 0 0 1 0 0 1 0 1 0 1 0 1
2014   2 28  7 54  8 153490  -31.98993  -48.54298     4369   8.1  0  0  4  6 0 0 1 1 0 0 0 1 0 0 0 0 0 1
2014   2 28  7 54 11 145879   -4.99056  -70.97161     5447   5.7  0  0  5 10 0 0 1 1 1 0 0 0 0 1 0 0 0 1
2014   2 28  7 54 11 446366   -3.84216  -72.74156    12121   8.5  0  0  4  6 0 0 0 1 0 0 0 1 0 1 0 0 0 1
2014   2 28  7 54 11 690756   -4.32728  -71.33591     4867  33.0  0  0  6 15 0 0 1 1 1 0 0 1 0 1 0 0 0 1
2014   2 28  7 54 13 391339  -31.71953  -41.73380     5372  15.8  0  0  4  6 0 0 1 0 1 0 0 1 0 1 0 0 0 0
2014   2 28  7 54 14 446840  -21.28189  -46.44085     3975  46.2  1  0  5 10 0 0 1 1 1 0 0 1 0 0 0 0 0 1
2014   2 28  7 54 14 930441  -10.03089  162.33446   116200  63.0  2  0  5 10 0 0 1 1 1 0 0 1 0 0 0 0 0 1
2014   2 28  7 54 15 438006  -21.28967  -47.26685     4966  57.4  2  0  5  9 0 0 1 1 1 0 0 1 0 0 0 0 0 1
2014   2 28  7 54 16  34734  -32.90891  -40.70482     3269  17.7  0  0  6 15 0 0 1 1 1 0 0 1 0 1 0 0 0 1
2014   2 28  7 54 16  43272  -32.86255  -40.82226     3582  12.3  0  0  5 10 0 0 1 1 1 0 0 1 0 0 0 0 0 1
2014   2 28  7 54 16 352619  -32.97156  -40.75686     3516  10.5  0  0  5 10 0 0 1 1 1 0 0 1 0 0 0 0 0 1
2014   2 28  7 54 16 410841  -32.98785  -40.72533     3555  11.1  0  0  5 10 0 0 1 1 1 0 0 1 0 0 0 0 0 1
2014   2 28  7 54 17 721295  -30.08807  -42.19116     3327  12.7  0  0  5 10 0 0 1 1 1 0 0 1 0 0 0 0 0 1
2014   2 28  7 54 18 136290  -30.08378  -42.22522     3359  13.4  0  0  5 10 0 0 1 1 1 0 0 1 0 0 0 0 0 1
2014   2 28  7 54 18 358824  -30.11085  -42.14413     3043  17.6  0  0  6 15 0 0 1 1 1 0 0 1 0 1 0 0 0 1
2014   2 28  7 54 18 375296  -30.07530  -42.24990     4907  15.1  0  0  4  6 0 0 1 1 0 0 0 1 0 0 0 0 0 1
2014   2 28  7 54 18 553926  -23.52529 -136.23898    16074  17.5  0  0  5 10 0 0 1 0 1 0 0 1 0 1 0 0 0 1
2014   2 28  7 54 19 797408  -21.43398  -47.21124     4187  81.8  2  0  6 13 0 0 1 1 1 0 0 1 0 1 0 0 0 1
2014   2 28  7 54 20 164377  -25.36655  -44.92388     3392  44.0  1  0  6 15 0 0 1 1 1 0 0 1 0 1 0 0 0 1
